15992 16141 17842
15703 17384 16247
17567 16233 16612
17531 16073 16653
15978 17255 17125
17529 16097 16653
16127 17367 16366
17078 16953 16287
16035 17284 17042
16313 16388 17761
16956 17047 16322
17450 16486 16411
17199 16820 16442
16294 16434 17796
17495 16149 16866
16063 17312 16937
16228 16198 17806
17366 16355 16828
16596 17186 16394
16607 17178 16315
17255 16169 17045
17389 16569 16463
16280 17323 16761
17381 16254 16941
16182 16471 17744
16220 17360 16633
17397 16497 16556
17506 16411 16587
16199 17339 16757
16224 16384 17821
16400 16235 17663
17518 16283 16503
16820 17117 16480
17467 16271 16713
17167 16852 16567
16156 16578 17669
16932 17012 16377
17180 16372 17067
16415 17280 16938
16806 17063 16775
16298 16941 17465
17480 16295 16659
17124 16206 17214
16150 17227 17106
16109 17303 17016
16207 16340 17832
16322 17267 16956
17370 16601 16544
16508 17258 16492
17040 17004 16518
17082 16931 16807
17305 16648 16699
16251 17366 16576
17515 16288 16647
16336 16351 17724
16504 16972 17266
16257 17337 16874
16347 16985 17355
17199 16178 17107
16557 17201 16819
16465 17096 17263
16090 16704 17627
17025 16808 16919
17416 16321 16803
17410 16466 16536
16425 16801 17501
17521 16182 16732
17210 16764 16637
17452 16309 16595
16508 17256 16629
17312 16468 16741
17207 16752 16689
16435 17237 17088
16237 16494 17715
17275 16504 16842
17270 16737 16530
16214 16687 17594
17232 16754 16615
16141 16498 17743
16295 17313 16735
16697 16945 17130
16463 16817 17480
16870 16340 17365
16122 17033 17394
17440 16412 16515
16592 17105 16962
16220 17165 17276
16401 17293 16876
16947 16261 17308
16338 17133 17218
16374 17126 17202
17487 16286 16654
16965 16481 17244
16759 16349 17541
16286 17159 17220
16267 17138 17249
16365 16587 17611
16689 16669 17389
17387 16331 16910
16851 16873 16979
16564 16444 17605
17371 16266 16928
17061 16938 16647
17457 16295 16678
17029 16217 17214
16328 16190 17741
16422 16858 17441
17320 16304 16955
16511 17052 17201
16083 16527 17706
16081 16589 17663
16090 16517 17711
17433 16438 16647
16991 16513 17241
17110 16761 16850
17224 16224 17038
16671 16658 17424
16546 16682 17491
17093 16510 17113
17326 16210 17039
17174 16624 16904
17324 16647 16475
16246 17185 17175
16682 16388 17576
16437 16721 17566
16478 16603 17546
16094 16690 17567
16712 17089 17058
16241 16884 17518
17231 16780 16581
16254 17148 17306
16172 17115 17316
16588 17019 17139
16145 16578 17673
16955 16888 16858
16327 16990 17413
16897 16677 17133
16420 17300 16607
16104 17286 17021
16623 16561 17447
16119 17301 17020
16405 17248 17054
17156 16320 17082
16896 16787 17011
17343 16194 16947
17016 16489 17207
17403 16399 16794
17380 16589 16729
16305 16994 17385
16273 17068 17328
16762 16501 17456
16372 17207 17169
16818 16571 17340
17020 16535 17145
16778 16463 17401
17187 16731 16712
17336 16278 16992
17440 16310 16605
16554 17026 17148
16455 16635 17557
16358 16921 17471
17406 16381 16747
17382 16344 16895
16586 16684 17371
16334 17310 16912
16789 16227 17454
16830 16655 17238
16912 16782 16999
16447 17189 17013
16197 16961 17452
17107 16830 16826
16101 16533 17694
16216 16473 17733
17117 16795 16812
16506 17240 16859
16218 17082 17368
16827 16919 16975
16500 16894 17375
16494 16759 17497
16981 16971 16707
16726 16564 17379
16815 17038 16977
17266 16493 16846
16638 16502 17527
16595 16301 17577
16566 16927 17293
16200 16540 17689
16570 16726 17377
17346 16324 16923
16684 16909 17297
17323 16711 16598
16457 16991 17282
17149 16900 16670
16734 16528 17508
16590 16395 17576
17008 16373 17262
16290 16602 17645
16767 16691 17286
16442 17195 17053
16262 16590 17660
16519 17173 16996
16399 17142 17196
16749 16377 17480
17096 16768 16882
17088 16521 17093
16877 16864 17007
16958 16642 17143
16482 16771 17422
16528 17210 16931
16368 17089 17318
16243 16468 17697
17247 16720 16668
16408 17159 17190
17164 16757 16721
17260 16420 16959
17443 16291 16889
17066 16293 17183
17216 16581 16887
17352 16439 16849
17359 16382 16877
16282 16628 17593
16486 16660 17525
16844 16634 17297
17243 16402 16964
17104 16617 17025
16393 17219 17090
17205 16792 16665
16717 16667 17412
16538 17170 16943
16930 16948 16928
16618 16744 17322
17224 16749 16682
16190 16554 17691
17303 16448 16794
16515 16740 17434
16863 16823 17033
16366 16543 17682
16257 17212 17153
17139 16612 17022
16784 16618 17319
16315 16968 17448
17283 16611 16707
16809 16762 17227
17142 16772 16805
16867 17029 16891
16838 16832 17180
16765 16607 17334
16173 16840 17552
16603 16401 17538
16467 16493 17573
17149 16187 17115
16362 17110 17306
17068 16550 17089
17394 16417 16752
17241 16640 16756
17049 16826 16892
16535 17027 17119
16890 16280 17331
16253 16679 17637
16720 16568 17359
16446 16902 17391
16909 16213 17334
17033 16435 17188
16740 16424 17475
16886 16922 16952
16382 16231 17707
16379 16445 17672
16351 16679 17581
16566 16596 17535
16635 16674 17352
16908 16831 16981
16333 17226 17119
16618 17041 17070
16659 16699 17346
17128 16802 16804
17268 16483 16880
16472 16912 17382
17159 16746 16801
16925 16870 16958
16355 16589 17607
16837 16416 17362
17166 16437 17080
16546 16747 17407
16651 16502 17510
16549 16914 17347
16632 17000 17091
16458 16756 17510
17077 16673 17062
16305 16548 17643
16968 16967 16750
16773 16418 17436
16233 16543 17686
17205 16277 17086
16748 16735 17290
16666 16733 17314
16760 16692 17270
16479 17070 17256
16516 17076 17118
16492 17146 17100
16416 16646 17586
16629 16555 17529
16972 16621 17167
17286 16487 16770
16572 17142 17073
17145 16476 17116
16385 17198 17155
16605 17014 17242
16800 16409 17397
17195 16630 16861
16390 16899 17452
16560 17160 16869
16935 16695 17093
17034 16957 16785
17192 16717 16733
17300 16329 16927
16277 16554 17651
16395 17262 16999
17209 16525 16932
16941 16807 16977
16403 17114 17260
16608 17111 16903
16804 16664 17316
16739 17050 17008
16381 16854 17484
16205 16647 17638
16607 17044 17064
16821 16671 17257
16953 16523 17304
16526 17023 17161
16488 17180 16989
17386 16408 16813
17295 16430 16861
16888 16455 17325
16821 16939 16971
16579 17159 16982
17280 16441 16886
16729 17168 16864
17413 16353 16867
17463 16294 16763
17000 16554 17198
16764 16707 17229
16296 17361 16614
17338 16424 16888
17438 16425 16611
16856 16882 16957
16931 16576 17235
17214 16282 17055
16578 16693 17374
17235 16387 17029
16440 17216 17041
16483 16452 17618
16858 16825 17224
16344 16964 17358
16699 16621 17425
17218 16714 16708
17202 16712 16783
16864 16805 17009
17307 16316 16950
17057 16778 16910
16263 16635 17587
17310 16610 16764
17240 16644 16791
16548 17143 17006
17051 16939 16712
16874 16676 17220
16662 16999 17230
16657 16576 17430
16252 17251 17052
16893 16615 17171
17091 16457 17157
16885 16687 17164
16792 16845 17097
17013 16879 16816
16967 16879 16899
16347 17338 16717
16091 16610 17653
16615 16705 17349
17050 16866 16863
17293 16397 16980
16568 16292 17616
16431 16822 17474
16668 16715 17310
16373 16453 17620
16174 17226 17123
16977 16460 17292
16704 16545 17447
17242 16347 17029
17270 16682 16677
16491 17077 17106
16225 16506 17691
16938 16549 17206
16791 17082 16945
17165 16662 16915
16958 17011 16810
17222 16623 16843
17178 16599 16882
16520 16847 17376
17164 16652 16948
16460 16987 17344
17012 16553 17136
16573 16548 17556
17146 16341 17146
17011 16698 17044
17255 16286 17015
16936 16530 17233
16948 16909 16871
16842 16315 17392
16275 17218 17122
16999 16404 17252
16917 16676 17161
16996 16777 16949
16724 16767 17255
17037 16559 17126
17163 16892 16770
16840 16883 16986
16950 16751 17070
16466 17182 17099
16826 16532 17307
16732 16912 17224
16388 16820 17484
16932 17007 16826
16841 16379 17450
16475 16844 17397
16611 17006 17200
16627 16615 17432
17197 16405 17051
17289 16460 16788
17119 16503 17040
16261 17265 16999
16706 16458 17520
16893 16542 17267
16242 17267 17049
16880 16770 17060
16920 17011 16869
17321 16454 16778
16994 16793 16944
16441 16439 17656
17246 16474 16917
16453 17130 17154
16594 16494 17533
16748 16557 17343
16709 16795 17251
16207 16502 17735
16797 16838 17062
16538 16850 17356
16464 17259 16994
16765 16428 17439
17198 16843 16666
16454 16891 17438
17133 16713 17001
16268 16440 17690
16430 17052 17344
17362 16419 16763
16567 16681 17498
16781 16453 17429
17134 16502 17036
17044 16376 17202
17181 16553 16924
17176 16547 16995
16351 16870 17536
16592 16835 17316
16996 16736 17085
16816 17013 17025
16707 16717 17302
16384 16914 17427
17273 16442 16958
17059 16746 16925
16833 16901 16960
17161 16735 16787
16883 16459 17361
16818 16998 16959
17015 16711 17002
16492 17283 16929
17238 16622 16860
16794 16529 17391
17224 16328 17036
17091 16515 17061
16651 16840 17308
16523 17128 17089
16452 16956 17385
16559 17022 17126
16966 16955 16789
16765 16877 17153
16483 16780 17410
16447 17005 17300
16423 16964 17356
16807 16385 17384
16797 16462 17383
16281 16475 17685
16842 17069 16610
16844 16467 17312
16345 17128 17255
16833 16893 16988
17306 16441 16780
17028 16683 17014
16614 16429 17537
16881 16737 17127
17044 16628 17118
16507 16855 17377
16706 16325 17566
