34239 33621 34400 34230
34250 34143 34208 34334
34086 34189 34092 34314
34563 34487 33982 33816
33470 34415 34592 33917
34091 33966 34488 34298
33914 34299 34616 33649
34388 33999 34256 33439
33890 34430 34497 33486
33680 34723 33803 33880
33908 34555 33822 34517
33920 34256 34342 34336
34024 34149 34197 34507
34191 34334 34210 33976
33795 34788 33878 33546
34303 34561 33787 33927
33954 34223 33938 34766
34057 34350 34421 33571
34544 34075 34055 34242
34233 34536 33923 33844
33628 34708 33901 33978
33682 34491 34119 34294
34215 34569 34039 33734
34203 34607 34012 34021
33888 34688 33914 34121
33990 34606 33815 34368
34017 34511 34025 34512
34177 34126 34257 34270
33704 34408 34230 34432
33886 34572 34370 34252
34006 34314 34430 34263
34187 34277 34301 34068
34256 34413 34198 33797
34026 34411 34426 34243
34064 34633 33626 34091
34206 34300 34274 34019
34065 34632 34157 34010
34008 34131 34228 34473
33918 34398 34321 34592
34326 34512 33930 34293
34355 33995 34404 33762
34047 34356 34377 34215
33460 34256 34399 34360
34329 34272 34114 34201
34028 34247 34017 34507
34111 34105 34435 34009
34050 34329 34437 34047
34180 34469 34180 34198
34305 34353 34017 34125
34113 34289 34157 34253
33833 33866 34423 34399
33802 34193 34456 34222
34333 33989 34208 34098
34035 34286 34439 33802
34309 34300 34342 33936
34043 34365 34258 34196
34285 34006 34333 34181
34089 33967 34502 33891
34437 33794 34132 34171
33581 34352 34383 34418
34471 34184 33956 34236
34338 33916 34141 34512
33548 34205 34353 34494
33852 34206 34160 34595
34277 33827 34276 34205
34168 34532 34061 33858
34076 34559 34409 33996
34492 33948 34212 34043
34013 34225 34068 34471
33907 34484 34294 34222
34214 34282 34009 34255
34103 34213 34038 34735
34325 34246 34433 34047
33917 34454 34495 34054
34124 34222 34104 34307
34007 34598 34065 34325
33967 34194 34706 34213
34132 34230 33969 34338
33745 34025 34566 34297
34379 34256 34137 34227
34057 34262 34355 34287
34065 34356 34285 34468
34149 34120 34366 34517
34114 34051 34378 34441
34156 34399 34250 34064
33683 34153 34563 34553
34079 34498 34272 33984
34177 34531 34245 34252
34549 34304 34254 33901
34024 34218 34336 34360
34209 34197 33970 34269
33558 34666 33916 34075
33989 34657 34447 34189
34006 34098 34463 34131
34221 34546 33956 33953
34081 34543 34123 34247
33704 34274 34562 34008
34365 34065 34182 34017
34153 33897 34482 34237
33826 34355 34613 33998
34261 34103 34380 34299
34096 34481 34379 33909
34193 34604 34017 34004
34199 34512 34127 33984
33930 34277 34560 34149
33773 34051 34420 34429
34076 34156 34545 33996
34259 34459 33898 34506
33820 34533 34270 34265
33953 34421 34437 34311
34298 34058 34172 34121
34470 34478 34143 33945
34274 34251 34483 33939
34064 33988 34332 34533
34010 34443 34213 34451
33820 34025 34499 34272
33804 33953 34517 34214
34133 34028 34462 34391
34102 34566 33917 34410
34070 34249 34421 34151
33976 34286 34310 34296
33927 34394 34452 33922
34295 34187 34111 34473
34413 34026 34236 34029
34040 34114 34679 34104
33697 34124 34522 34234
34054 34195 34514 33877
33972 34035 34689 33649
34301 34045 34233 34245
34302 34295 34286 33999
34402 33835 34579 33937
34142 33906 34457 34122
