32204 33243 31298
32255 33241 31248
32211 33253 31266
32181 33282 31283
32202 33257 31358
32105 33328 31186
32092 33313 31274
32064 33337 31297
32208 32952 31646
32253 33074 31605
32151 33129 31623
32300 33010 31600
32138 33137 31642
32142 33184 31570
32124 33192 31549
32269 33124 31592
32187 33202 31546
32235 33156 31555
32233 33099 31594
32216 33116 31621
32276 33122 31578
32219 33167 31570
32197 33169 31619
32150 33097 31634
32123 33205 31561
32120 33172 31589
32216 33242 31394
32274 33067 31591
32224 33236 31442
32198 33200 31548
32165 33210 31542
32318 32975 31620
32256 32978 31605
32333 33016 31528
32266 33146 31571
32291 33150 31537
32278 33157 31539
32248 33097 31613
32325 33042 31541
32319 33112 31590
32250 33058 31614
32223 33144 31573
32163 32995 31635
32298 33058 31593
32227 33071 31632
32249 33211 31467
32179 33293 31354
32240 33220 31453
32303 33161 31505
32167 33178 31585
32224 33191 31544
32196 33247 31462
32146 33279 31452
32214 33177 31559
32046 33297 31453
32281 33226 31383
32149 33216 31544
32064 33296 31387
32193 33234 31533
32165 33227 31541
32132 33273 31455
32126 33223 31546
32095 33176 31653
32268 33219 31408
32196 33236 31516
32126 33247 31502
32225 33235 31394
32271 33178 31532
32212 33150 31585
32336 33141 31470
32303 33201 31481
32117 33249 31504
32241 33215 31439
32189 33250 31371
32277 33230 31403
32208 33241 31508
32410 33083 31519
32305 33138 31544
32272 33204 31428
32164 33251 31415
32276 33130 31559
32154 33190 31561
32112 33156 31638
32122 33018 31701
32109 33238 31607
32107 33178 31609
32079 33196 31674
32001 33134 31675
32366 33210 31369
32325 33005 31590
32296 33198 31530
32348 33104 31507
32333 33199 31428
32328 33179 31451
32280 33212 31417
32171 33171 31579
32423 33142 31414
32391 33136 31496
32378 33144 31447
32323 33236 31336
32315 33223 31362
32266 33240 31297
32447 33130 31424
32429 33170 31376
32422 33142 31469
32397 33216 31342
32379 33158 31411
32056 33118 31695
32163 33246 31541
32441 33089 31492
32407 33138 31472
32402 33177 31373
32376 33171 31413
32358 33193 31370
32295 33233 31363
32119 33188 31566
32058 33058 31676
32375 33184 31438
32116 33265 31534
32157 33286 31438
32147 33248 31497
32123 33258 31495
32098 33188 31614
32081 33246 31568
32344 33178 31465
32170 33141 31621
32118 33149 31634
32001 33078 31719
32469 33134 31416
32423 33094 31474
32059 33292 31500
32067 33304 31374
32397 33168 31402
32374 33189 31394
32345 33229 31327
32166 33183 31582
32148 32994 31685
