0 0.156783 14 14 13 14 14
1 0.3486 11 8 10 9 8
2 0.538629 8 7 8 8 8
3 0.730219 7 8 9 9 9
4 0.927417 7 7 9 8 9
6 1.34864 8 7 7 9 8
8 1.76381 7 8 6 9 7
11 2.3638 8 7 6 7 8
15 3.13649 8 8 9 8 8
19 3.95077 9 7 8 9 8
24 4.98731 7 7 7 8 7
30 6.36384 8 7 8 8 8
37 8.03376 7 8 8 7 6
45 9.97362 8 7 7 7 7
55 12.4597 8 7 7 8 7
67 15.5642 8 7 8 9 6
81 19.2434 11 8 7 10 8
99 23.9929 8 9 6 7 6
120 29.6517 9 8 7 9 9
146 36.7363 8 10 7 7 8
169 45.5071 7 9 7 9 7
196 56.2746 8 8 10 8 6
228 69.6127 7 8 9 8 7
267 86.2006 8 8 8 11 7
316 106.301 7 7 9 7 7
379 131.097 7 8 9 9 9
454 161.545 7 10 9 8 7
547 199.008 9 6 9 11 7
661 244.957 9 9 9 9 8
791 300.013 8 10 9 9 10
