0 0.0402281 18 19 20 20 21
1 0.0790471 12 15 14 13 13
2 0.11708 12 13 14 15 13
4 0.194269 13 12 15 11 15
6 0.273857 12 12 10 11 11
9 0.396617 10 10 11 12 12
13 0.557288 11 10 11 11 10
18 0.748751 9 10 8 9 8
26 0.998955 8 9 8 8 8
37 1.338 9 7 9 8 10
50 1.78795 9 8 7 7 8
64 2.34578 10 10 7 8 10
81 3.10042 8 8 8 9 9
101 4.06788 10 8 9 8 10
127 5.35212 9 9 10 11 8
161 7.03022 10 10 9 10 10
206 9.22721 11 9 9 12 10
265 12.1014 11 9 10 13 10
342 15.8435 11 9 13 12 9
443 20.7176 10 10 13 10 8
577 27.1113 12 12 12 9 9
754 35.4207 13 11 16 10 11
1005 46.3131 9 12 11 11 10
1349 60.5229 11 13 13 14 11
1838 79.0782 12 14 14 13 11
2558 103.269 14 11 13 9 10
3531 134.833 10 10 12 11 12
4874 176.033 14 14 18 14 15
6736 229.831 14 12 12 15 13
9115 300.023 15 16 13 11 14
