0,0.0142237,0.249193
3,0.0208873,0.249193
7,0.0302172,0.242613
13,0.0448833,0.242613
23,0.0636504,0.236882
36,0.0900592,0.217473
54,0.127503,0.207663
79,0.18065,0.207571
110,0.25389,0.207127
159,0.355716,0.201919
227,0.500266,0.197324
321,0.701162,0.195859
441,0.982693,0.195859
612,1.37597,0.182665
872,1.92761,0.172147
1217,2.69899,0.172098
1692,3.77899,0.171847
2502,5.29148,0.15581
4450,7.40861,0.123217
6897,10.3722,0.109115
10546,14.5222,0.0852602
15531,20.3313,0.0653092
23008,28.4643,0.0627845
32939,39.8496,0.0541786
46792,55.7887,0.0488373
67570,78.1029,0.0411764
94482,109.341,0.0343331
132245,153.073,0.0305215
184565,214.296,0.0266325
253333,300.001,0.0239914
