0,0.0273188,0.188309
1,0.0714089,0.187266
2,0.111798,0.185526
3,0.151684,0.176718
5,0.233254,0.172302
7,0.313734,0.166037
10,0.433926,0.153012
14,0.5933,0.140732
19,0.794242,0.126588
26,1.07479,0.108342
35,1.43444,0.0902813
47,1.91935,0.0726104
63,2.57124,0.0573862
84,3.43905,0.0452569
111,4.57548,0.0352302
144,6.08119,0.0286079
180,8.09467,0.0246022
223,10.7152,0.0213119
275,14.1779,0.0195667
346,18.7612,0.0175821
437,24.7625,0.0158167
559,32.6824,0.0144967
719,43.146,0.0131116
918,56.99,0.0124297
1184,75.1979,0.0118584
1548,99.2105,0.0109145
2040,130.85,0.0105557
2818,172.569,0.00990187
4094,227.564,0.00967103
5685,300.016,0.00939536
