0,0.0424495,0.189085
1,0.135229,0.177744
2,0.204088,0.177508
3,0.273071,0.175923
5,0.408494,0.173822
7,0.543521,0.172903
10,0.744857,0.166126
14,1.01103,0.159925
19,1.34182,0.158644
26,1.80274,0.154641
35,2.39281,0.149197
46,3.12657,0.140487
60,4.06244,0.131364
78,5.25193,0.124582
101,6.77817,0.116673
131,8.77278,0.110201
170,11.3612,0.104747
219,14.6401,0.101828
263,18.8605,0.0986364
320,24.3163,0.096095
393,31.3123,0.0942633
487,40.3439,0.0919981
607,51.893,0.0908416
761,66.7227,0.089937
959,85.7698,0.0875859
1215,110.275,0.0852282
1541,141.713,0.0809912
1956,182.02,0.077748
2486,233.756,0.0756088
3166,300.083,0.0727451
