0,0.0189917,0.148202
1,0.0439185,0.145928
2,0.0688045,0.145876
4,0.122023,0.120576
6,0.201497,0.10604
8,0.281951,0.0868243
11,0.403204,0.0775985
15,0.56579,0.0591212
20,0.769971,0.0431394
27,1.05408,0.0262383
36,1.41036,0.01519
48,1.8786,0.00915261
64,2.49273,0.00674577
86,3.33744,0.00499525
115,4.45464,0.00390717
153,5.93255,0.00308668
203,7.87719,0.00243218
269,10.4642,0.00187921
356,13.8743,0.00171845
444,19.3218,0.00160268
605,25.5768,0.000993783
812,33.6578,0.00091102
1032,44.2485,0.000582235
1336,58.1671,0.000312019
1773,77.2369,0.000173858
2348,101.562,7.38284e-05
3102,134.752,6.61617e-05
4076,176.665,4.70375e-05
5317,230.96,2.48955e-05
6932,300.027,2.48955e-05
