0,0.0278727,0.133763
1,0.0686051,0.13333
2,0.109061,0.133307
3,0.149519,0.128038
5,0.230455,0.113922
7,0.311034,0.10405
10,0.43256,0.0830428
14,0.594623,0.0669775
19,0.79848,0.0485111
26,1.08217,0.0353056
35,1.43949,0.0217388
47,1.91046,0.01341
63,2.5344,0.00808975
85,3.38025,0.00506493
114,4.51193,0.00452612
152,5.98097,0.00383245
203,7.94087,0.00244558
269,10.5151,0.00177951
357,13.9273,0.00147513
444,19.341,0.00141683
605,25.5904,0.00122581
814,33.6676,0.000349972
1035,44.2971,0.000172963
1341,58.2277,8.48152e-05
1773,77.0086,6.94817e-05
2347,101.206,6.94817e-05
3102,134.488,5.93531e-05
4085,176.489,5.93531e-05
5319,230.634,5.59245e-05
6951,300.033,5.59245e-05
