0 0.0246495
2447 3286 2514 2738
2483 3245 2377 2938
2577 3088 2998 3012
2684 3057 2950 2555
2773 2524 2816 2611
3004 2641 2542 2580
2600 2762 2913 2699
2875 2828 2711 2826
2906 3207 2775 2761
2822 2934 2786 2838
2657 2792 2668 2914
2713 2910 2458 2849
2707 2705 2860 2682
2918 2710 2600 2821
2724 2888 2853 2640
2462 3126 2532 2796
2726 2981 2524 2801
2630 2941 2614 2854
2713 2739 2746 2947
2649 2869 2825 2722
2704 2820 2601 2982
2665 2878 2628 2885
2674 3012 2581 2853
2649 3038 2740 2782
2695 2773 2605 2885
2645 2822 2859 2604
2690 3088 2537 2767
2665 3003 2741 2787
2232 2977 2769 2757
2404 2789 2619 2996
2418 2739 2991 2770
2507 2585 2921 2730
2591 2916 2778 2441
2633 3156 2741 2687
2796 2853 2357 2717
2873 2664 2631 2762
2623 2727 2453 2896
2709 2884 2828 2472
2333 3068 2688 2804
2737 3105 2533 2670
2787 3048 2611 2562
2554 2699 2930 2608
2573 2615 2596 2842
2475 2988 2764 2871
2434 3041 2803 2724
2516 2884 2901 2972
2528 2918 2539 2968
2745 2666 2731 2591
2386 2880 2913 2766
2503 2971 2848 2743
2635 3014 2729 2633
2614 3121 2685 2718
2692 2960 2405 2799
2684 2984 2743 2664
2499 2920 2711 2837
2662 2836 2553 2855
2563 2825 2671 2780
2627 2938 2447 2827
2604 2964 2388 2822
2822 2752 2693 2818
2774 2904 2725 2751
2818 2850 2592 2705
2592 2766 2758 2709
2553 3077 2633 2838
2562 2685 2829 2755
2714 2842 2653 2796
2766 2940 2649 2691
2837 2694 2539 2811
2789 3036 2540 2612
2796 2776 2657 2563
2583 2864 2585 2816
2668 2865 2621 2814
2642 3052 2647 2730
2651 2995 2612 2753
2858 2664 2541 2777
2538 2964 2653 2784
2564 2907 2659 2735
2634 2913 2569 2809
2574 2776 2636 2830
2655 3022 2653 2690
2697 2976 2544 2712
2392 2976 2766 2725
2503 2949 2635 2809
2742 2737 2635 2824
2210 2913 2472 2793
2307 2530 2903 2305
2442 3151 2509 2668
2447 2778 2545 2942
2635 2871 2253 2701
2815 2609 2552 2542
2495 2646 2806 2473
2730 2897 2320 2388
2729 3096 2294 2564
2417 3057 2637 2711
2469 2813 2875 2819
2267 3040 2410 2715
2439 2750 2799 2865
2665 2799 2361 2793
2758 2809 2717 2593
2530 2938 2434 2767
2487 2739 2782 2612
2814 2684 2667 2785
2516 2566 2747 2651
2601 3038 2611 2423
2688 3073 2401 2648
2801 2687 2553 2757
2649 2805 2574 2750
2717 2835 2631 2487
2598 2697 2666 2738
2565 2758 2736 2617
2657 2719 2460 2758
2423 2987 2748 2771
2686 2859 2476 2584
2629 3006 2630 2686
2636 2980 2414 2519
2809 2793 2495 2702
2538 2980 2610 2754
2617 3034 2613 2671
2517 3077 2534 2698
2433 2832 2703 2829
2512 2730 2640 2765
2642 2955 2616 2698
2735 2761 2657 2628
2441 2805 2508 2848
2548 2767 2424 2800
2498 2782 2694 2737
2664 2892 2516 2673
2478 2845 2797 2803
2462 3049 2717 2613
2678 2888 2723 2700
2601 2908 2464 2772
2706 2757 2634 2637
2675 2846 2636 2735
2517 3005 2729 2663
2739 2761 2620 2670
2697 2768 2510 2692
2603 2818 2540 2794
2700 2844 2409 2657
2439 2853 2708 2740
2465 2975 2636 2672
2501 2855 2699 2714
2495 2821 2422 2794
2485 2832 2747 2634
2653 2977 2741 2612
2171 2953 2735 2682
2305 2604 2823 2622
2357 3045 2589 2596
2413 2824 2653 2822
2598 2990 2372 2396
2642 2527 2646 2600
2669 2726 2283 2675
2764 2694 2344 2605
2222 2757 2662 2813
2539 2935 2642 2431
2505 3011 2490 2691
2525 2745 2523 2788
2729 2622 2712 2560
2607 2958 2587 2526
2431 2758 2796 2586
2344 2999 2686 2612
2681 2807 2437 2467
2570 2840 2722 2501
2629 2558 2630 2654
2622 2652 2552 2743
2682 2704 2560 2453
2389 2530 2766 2641
2751 2682 2669 2592
2749 2646 2578 2739
2705 2758 2469 2572
2390 2900 2728 2552
2469 2751 2762 2761
2624 2867 2408 2666
2577 2952 2321 2675
2552 2786 2580 2725
2477 2955 2518 2707
2446 2616 2606 2767
2489 2975 2607 2627
2491 2910 2368 2700
2652 2921 2468 2575
2762 2574 2605 2606
2673 2861 2691 2541
2544 3002 2588 2470
2418 2702 2569 2782
2452 2883 2578 2752
2578 2828 2703 2661
2522 2878 2565 2715
2377 2842 2654 2694
2615 2735 2421 2744
2659 2689 2304 2666
2468 2791 2570 2697
2649 2928 2480 2582
2626 2588 2668 2625
2658 2839 2619 2641
2584 2760 2658 2681
2676 2812 2345 2606
2570 2986 2430 2685
2538 2778 2715 2668
2563 2769 2617 2682
2500 2896 2423 2714
2673 2713 2557 2609
2652 2855 2591 2642
2548 2870 2610 2669
2568 2886 2626 2577
2646 2693 2628 2653
2545 2852 2686 2676
2572 2891 2616 2584
2615 2819 2709 2666
2493 2688 2669 2708
2619 2708 2714 2697
2577 2855 2653 2597
2543 2860 2723 2654
2173 2829 2630 2676
2324 3018 2472 2353
2342 2819 2286 2786
2364 2387 2671 2736
2370 2779 2439 2815
2386 2514 2772 2529
2724 2617 2491 2574
2535 2916 2516 2484
2293 2940 2480 2580
2226 2758 2591 2713
2539 2481 2407 2722
2472 2542 2316 2741
2460 2686 2704 2554
2461 2961 2564 2552
2663 2693 2467 2522
2406 2866 2347 2746
2515 2908 2400 2650
2490 2902 2456 2624
2716 2594 2516 2550
2333 2768 2472 2775
2518 2683 2375 2735
2557 2511 2683 2519
2650 2723 2494 2489
2426 2709 2521 2665
2333 2917 2377 2577
2626 2658 2640 2516
2656 2593 2515 2599
2575 2647 2442 2705
2550 2858 2321 2544
2401 2784 2348 2719
2637 2677 2562 2603
2384 2654 2408 2802
2569 2770 2511 2639
2327 2815 2541 2691
2600 2709 2627 2606
2529 2853 2653 2563
2630 2632 2338 2605
2584 2786 2515 2619
2485 2799 2669 2568
2603 2848 2621 2512
2586 2631 2442 2695
2613 2695 2656 2682
2351 2638 2683 2716
2642 2595 2530 2625
2547 2848 2420 2662
2543 2685 2302 2689
2622 2829 2534 2572
2608 2727 2617 2657
2449 2654 2494 2739
2494 2826 2624 2659
2343 2856 2661 2533
2405 2741 2577 2721
2563 2846 2593 2591
2415 2780 2527 2746
2484 2862 2601 2655
2403 2811 2701 2599
2640 2811 2603 2588
2530 2752 2674 2597
2541 2725 2408 2669
2562 2644 2671 2633
2533 2746 2584 2598
2605 2853 2499 2601
2386 2812 2683 2663
2566 2679 2563 2686
2142 2659 2471 2736
2197 2927 2324 2343
2215 2393 2699 2582
2440 2615 2699 2491
2514 2748 2627 2120
2606 2650 2166 2585
2631 2620 2354 2424
2468 2535 2168 2677
2372 2443 2463 2685
2287 2855 2512 2490
2460 2903 2244 2428
2340 2601 2352 2707
2620 2502 2504 2590
2146 2808 2391 2613
2499 2888 2320 2449
2575 2620 2610 2468
2515 2686 2600 2382
2390 2906 2563 2381
2314 2777 2679 2652
2528 2826 2264 2531
2439 2877 2439 2373
2536 2718 2476 2553
2480 2807 2411 2626
2326 2764 2501 2734
2580 2834 2530 2506
2406 2761 2650 2559
2415 2586 2444 2735
2369 2781 2639 2660
2438 2739 2576 2593
2368 2796 2670 2523
2610 2648 2483 2550
2627 2743 2381 2504
2491 2888 2259 2627
2451 2868 2506 2482
2425 2846 2390 2536
2450 2835 2359 2598
2593 2716 2504 2641
2470 2608 2454 2643
2594 2591 2486 2572
2583 2662 2649 2432
2526 2795 2489 2542
2414 2672 2674 2590
2380 2746 2519 2680
2608 2611 2622 2449
2582 2811 2595 2495
2336 2602 2689 2562
2587 2817 2504 2470
2485 2824 2475 2520
2419 2764 2469 2599
2520 2656 2609 2486
2432 2615 2670 2562
2389 2746 2692 2530
2604 2822 2443 2581
2576 2803 2446 2580
2498 2797 2597 2586
2523 2739 2446 2596
2462 2807 2476 2550
2145 2747 2412 2707
2328 2528 2407 2719
2375 2371 2409 2691
2396 2663 2667 2333
2425 2725 2523 2218
2425 2866 2207 2470
2620 2735 2254 2342
2297 2730 2535 2643
2597 2490 2433 2557
2604 2707 2318 2532
2338 2693 2641 2494
2501 2820 2421 2543
2602 2806 2281 2581
2461 2613 2545 2536
2435 2666 2394 2629
2344 2804 2360 2593
2368 2795 2469 2397
2579 2759 2351 2519
2543 2694 2492 2366
2527 2652 2532 2436
2473 2588 2523 2513
2494 2559 2569 2561
2323 2538 2598 2576
2573 2567 2523 2464
2466 2769 2452 2574
2352 2712 2254 2612
2516 2642 2542 2469
2442 2722 2511 2399
2403 2734 2615 2465
2303 2752 2582 2521
2354 2806 2562 2420
2567 2656 2405 2587
2320 2723 2614 2505
2299 2717 2660 2624
2471 2651 2559 2500
2446 2682 2565 2572
2542 2701 2456 2620
2546 2664 2418 2577
2421 2673 2543 2590
2510 2749 2458 2517
2449 2702 2519 2560
2322 2702 2484 2563
2422 2794 2581 2538
2502 2710 2489 2541
2300 2659 2581 2590
2175 2419 2391 2650
2194 2709 2635 2543
2242 2560 2605 2231
2406 2375 2401 2602
2495 2818 2292 2501
2577 2734 2319 2359
2480 2515 2560 2309
2565 2602 2340 2382
2421 2759 2483 2376
2286 2708 2579 2369
2531 2485 2488 2383
2261 2725 2381 2606
2462 2536 2453 2506
2202 2655 2527 2531
2460 2570 2455 2469
2540 2695 2296 2608
2442 2802 2403 2537
2496 2592 2437 2407
2446 2656 2540 2321
2354 2623 2517 2590
2256 2729 2437 2611
2366 2599 2592 2387
2525 2574 2429 2583
2498 2392 2433 2482
2411 2730 2433 2444
2377 2682 2548 2526
2501 2665 2418 2554
2310 2729 2487 2491
2425 2643 2518 2543
2341 2671 2498 2555
2487 2715 2423 2445
2453 2692 2413 2578
2323 2678 2588 2477
2431 2657 2509 2378
2349 2583 2534 2588
2387 2710 2405 2522
2448 2685 2490 2558
2393 2673 2492 2518
2325 2733 2511 2490
2531 2591 2390 2546
2366 2689 2421 2510
2487 2689 2382 2517
2453 2585 2516 2376
2167 2496 2513 2581
2263 2615 2574 2468
2286 2690 2540 2321
2370 2777 2325 2480
2449 2704 2199 2488
2483 2647 2261 2600
2550 2454 2332 2378
2234 2717 2406 2365
2332 2674 2491 2434
2398 2534 2513 2507
2353 2608 2444 2544
2505 2661 2209 2533
2281 2590 2523 2462
2496 2493 2385 2510
2438 2647 2356 2567
2474 2622 2285 2593
2442 2764 2326 2523
2256 2669 2412 2533
2429 2661 2464 2467
2383 2770 2370 2460
2497 2637 2309 2468
2410 2765 2270 2491
2377 2656 2527 2443
2476 2620 2398 2496
2434 2679 2301 2525
2445 2671 2292 2448
2118 2662 2242 2481
2172 2665 2444 2283
2216 2488 2565 2427
2256 2344 2339 2473
2300 2768 2283 2478
2447 2406 2269 2590
2457 2483 2299 2443
2186 2584 2349 2484
2382 2653 2390 2397
2411 2629 2441 2385
2142 2409 2466 2480
2312 2595 2331 2469
2409 2436 2426 2454
2426 2550 2463 2451
2026 2613 2245 2433
2276 2266 2355 2434
2300 2739 2247 2363
2304 2574 2248 2461
2332 2648 2310 2253
2424 2512 2311 2310
2123 2487 2154 2418
2247 2618 2205 2298
2466 2704 2829 3063
2572 2363 2904 2800
2616 2822 3057 2793
2621 3246 2366 2706
2915 2877 2490 2361
2917 2768 2205 2779
2840 2892 2783 2581
2730 2825 2568 2932
2590 2881 2526 3025
2642 2746 2995 2728
2864 2961 2745 2845
2579 3105 2669 2681
2511 2747 2772 2890
2692 3096 2491 2615
2622 3202 2612 2744
2673 2980 2950 2771
2808 2875 2748 2911
2475 3018 2850 2856
2775 3076 2705 2844
2656 3241 2702 2670
2538 3060 2760 2736
2767 2851 2865 2709
2703 2864 2760 3057
2757 2934 2609 2871
2682 3082 2753 2663
2564 2905 2667 2906
2545 2767 2805 2871
2755 3081 2648 2823
2755 3015 2856 2865
2567 2991 2917 2777
2471 3210 2765 2749
2346 2842 2849 2833
2502 3095 2554 2546
2623 2644 2908 2621
2670 2744 2588 2984
2702 2543 2800 2642
2717 2981 2374 2679
2835 2842 2408 2299
2848 2725 2489 2565
2750 2822 2631 2433
2690 2547 2726 2773
2378 2748 2815 2748
2755 2786 2798 2474
2679 2776 2538 2933
2585 2826 2418 2862
2417 2876 2606 2893
2703 2846 2680 2696
2772 2800 2622 2830
2671 2689 2653 2788
2723 2943 2523 2769
2512 2999 2847 2726
2716 3065 2470 2591
2537 2787 2889 2738
2521 2823 2580 2940
2565 2976 2670 2562
2520 2995 2513 2670
2543 3058 2461 2825
2353 2914 2640 2848
2661 2894 2862 2743
2830 2793 2703 2717
2669 3028 2483 2812
2470 2962 2737 2815
2441 2870 2718 2822
2643 2791 2771 2776
2815 2868 2603 2718
2427 2922 2480 2870
2396 2788 2763 2794
2554 2733 2649 2879
2599 2901 2654 2856
2661 3040 2550 2596
2804 2745 2550 2745
2497 2830 2493 2936
2819 2914 2626 2630
2545 2972 2661 2655
2482 3050 2544 2796
2611 2843 2725 2751
2701 2938 2796 2744
2703 2661 2630 2882
2510 3054 2567 2779
2510 2656 2709 2830
2752 2891 2467 2660
2475 2963 2751 2736
2493 2786 2583 2890
2617 2937 2848 2573
2438 3061 2487 2680
2622 2949 2768 2727
2476 2930 2758 2815
2511 2876 2740 2802
2649 2973 2641 2832
2702 2795 2489 2856
2380 2884 2480 2841
2474 3047 2287 2594
2494 2742 2423 2935
2615 2408 2823 2712
2657 2945 2239 2535
2830 2687 2459 2339
2713 2670 2575 2728
2540 2944 2333 2607
2501 2523 2567 2852
2819 2513 2569 2676
2586 2945 2486 2436
2427 2983 2610 2531
2733 2866 2450 2556
2574 2731 2563 2878
2401 2971 2721 2704
2467 2978 2401 2797
2769 2751 2617 2658
2784 2805 2538 2487
2448 2955 2434 2463
2814 2798 2566 2639
2700 2764 2795 2703
2566 2942 2509 2484
2641 2897 2576 2511
2483 2953 2305 2728
2583 2704 2739 2750
2684 2820 2619 2623
2655 2886 2799 2542
2523 2722 2640 2751
2475 2904 2559 2828
2600 2862 2593 2810
2433 2834 2670 2762
2575 2936 2541 2680
2666 2889 2704 2622
2673 2898 2623 2509
2613 2702 2407 2845
2436 2956 2492 2728
2479 2934 2439 2784
2719 2787 2659 2666
2620 2806 2523 2762
2585 2793 2760 2718
2630 2942 2420 2731
2507 2926 2633 2700
2778 2744 2591 2650
2534 2805 2608 2801
2471 2912 2759 2743
2618 2875 2590 2758
2459 2935 2506 2794
2455 2766 2688 2797
2499 2865 2519 2855
2694 2929 2487 2767
2514 2906 2630 2770
2714 2854 2516 2721
2614 2937 2461 2671
2589 2900 2450 2854
2584 2825 2685 2741
2663 2856 2628 2735
2489 2791 2707 2723
2451 2953 2648 2667
2613 2922 2728 2661
2455 2881 2612 2838
2719 2692 2674 2700
2495 2941 2713 2546
2599 2917 2713 2719
2718 2782 2508 2798
2516 2925 2507 2807
2717 2722 2574 2809
2600 2801 2620 2742
2177 2899 2486 2724
2240 2678 2409 2883
2368 2740 2792 2555
2528 2295 2706 2734
2589 2930 2419 2580
2642 2872 2181 2702
2807 2623 2500 2368
2259 2415 2601 2775
2769 2598 2392 2566
2696 2626 2272 2643
2650 2520 2425 2707
2664 2466 2602 2636
2416 2913 2711 2658
2714 2714 2526 2492
2311 2824 2470 2823
2231 2681 2747 2658
2784 2514 2490 2552
2481 2904 2352 2752
2331 2909 2300 2667
2471 2760 2642 2729
2597 2908 2388 2381
2359 2693 2446 2845
2524 2859 2714 2460
2517 2622 2769 2653
2596 2926 2382 2433
2695 2777 2538 2478
2567 2820 2588 2796
2639 2661 2442 2738
2688 2926 2376 2508
2277 2843 2413 2699
2544 2669 2471 2876
2711 2839 2324 2557
2621 2740 2786 2629
2562 2916 2475 2435
2346 2854 2661 2694
2502 2904 2687 2602
2616 2827 2474 2518
2580 2875 2662 2591
2550 2913 2625 2544
2693 2654 2517 2695
2520 2790 2737 2716
2568 2602 2469 2729
2661 2767 2606 2572
2603 2796 2683 2660
2359 2780 2572 2806
2627 2779 2629 2612
2538 2703 2651 2698
2610 2646 2616 2710
2568 2909 2679 2609
2538 2901 2561 2685
2566 2868 2336 2684
2614 2634 2634 2664
2690 2747 2335 2590
2685 2690 2576 2545
2592 2886 2493 2669
2602 2722 2616 2675
2641 2837 2451 2551
2477 2907 2702 2641
2688 2781 2562 2598
2558 2729 2737 2658
2626 2845 2594 2466
2675 2711 2593 2572
2489 2874 2385 2803
2625 2696 2596 2651
2584 2836 2333 2802
2674 2765 2578 2516
2518 2885 2622 2635
2612 2791 2530 2715
2238 2844 2642 2724
2673 2675 2389 2642
2566 2722 2446 2800
2649 2678 2703 2662
2553 2822 2679 2666
2543 2900 2492 2685
2108 2827 2391 2715
2390 2925 2390 2545
2426 2699 2778 2629
2445 2664 2397 2846
2491 2288 2604 2728
2562 2711 2655 2352
2573 2626 2224 2776
2662 2745 2503 2423
2458 2481 2465 2836
2638 2403 2550 2470
2198 2761 2320 2781
2589 2588 2692 2489
2332 2826 2274 2695
2237 2900 2300 2672
2602 2352 2402 2731
2379 2857 2604 2413
2458 2703 2729 2698
2637 2596 2515 2537
2426 2880 2479 2505
2576 2788 2382 2435
2286 2795 2589 2572
2640 2611 2430 2618
2541 2730 2498 2749
2491 2724 2581 2795
2271 2910 2456 2557
2515 2754 2710 2555
2364 2765 2662 2585
2601 2806 2324 2486
2661 2652 2339 2587
2508 2689 2682 2636
2576 2816 2342 2592
2608 2728 2480 2611
2530 2847 2457 2665
2374 2885 2439 2582
2436 2720 2675 2560
2617 2751 2248 2566
2552 2831 2407 2568
2469 2879 2391 2653
2494 2772 2429 2685
2554 2638 2582 2757
2478 2785 2633 2429
2487 2739 2591 2671
2274 2781 2573 2714
2530 2683 2640 2649
2537 2593 2563 2764
2565 2772 2363 2582
2620 2720 2565 2627
2559 2786 2628 2572
2567 2759 2452 2684
2634 2746 2509 2433
2588 2643 2604 2643
2455 2901 2368 2573
2615 2723 2240 2615
2525 2742 2369 2712
2465 2773 2560 2687
2528 2810 2558 2676
2489 2712 2638 2711
2539 2865 2579 2585
2602 2765 2650 2616
2614 2684 2603 2570
2548 2820 2581 2674
2514 2793 2604 2542
2263 2559 2702 2578
2361 2665 2461 2787
2380 2397 2579 2742
2511 2851 2338 2482
2575 2717 2180 2607
2583 2692 2453 2354
2620 2665 2501 2452
2573 2504 2219 2656
2528 2498 2629 2555
2307 2754 2616 2578
2411 2706 2632 2489
2397 2598 2683 2473
2440 2682 2539 2709
2454 2678 2702 2423
2457 2626 2665 2690
2534 2700 2633 2525
2558 2741 2377 2581
2347 2705 2694 2538
2493 2788 2338 2657
2379 2849 2413 2425
2589 2642 2630 2460
2502 2831 2529 2583
2606 2612 2453 2626
2469 2775 2349 2662
2453 2590 2694 2668
2321 2812 2403 2593
2335 2727 2388 2679
2606 2715 2443 2619
2442 2638 2628 2691
2517 2766 2453 2648
2340 2804 2563 2608
2616 2701 2405 2445
2474 2773 2542 2655
2365 2830 2530 2576
2504 2660 2553 2624
2524 2731 2576 2597
2535 2847 2534 2567
2543 2758 2476 2656
2600 2728 2413 2560
2540 2738 2492 2626
2537 2817 2569 2559
2552 2740 2476 2594
2503 2780 2392 2617
2568 2720 2535 2559
2506 2687 2546 2668
2338 2688 2398 2663
2519 2715 2546 2659
2157 2658 2402 2663
2237 2561 2485 2699
2368 2843 2394 2516
2389 2791 2376 2168
2392 2574 2692 2563
2415 2349 2670 2606
2466 2733 2141 2656
2615 2594 2162 2364
2560 2595 2517 2289
2541 2758 2261 2456
2530 2476 2424 2565
2284 2711 2429 2612
2369 2817 2337 2428
2465 2430 2420 2595
2522 2396 2610 2398
2395 2609 2576 2657
2519 2409 2616 2553
2537 2541 2306 2491
2358 2763 2551 2505
2446 2551 2657 2629
2416 2592 2284 2685
2534 2516 2344 2619
2413 2724 2543 2393
2317 2683 2597 2393
2489 2521 2411 2642
2550 2650 2440 2417
2461 2692 2569 2435
2335 2655 2430 2631
2325 2796 2297 2550
2425 2582 2395 2667
2523 2642 2521 2510
2506 2799 2375 2483
2309 2698 2520 2585
2535 2753 2350 2458
2421 2729 2532 2500
2450 2787 2476 2565
2471 2693 2370 2655
2528 2668 2501 2487
2465 2719 2457 2574
2527 2715 2379 2642
2475 2701 2510 2397
2468 2753 2508 2507
2446 2580 2573 2528
2504 2653 2452 2579
2509 2780 2424 2536
2439 2712 2575 2584
2375 2643 2430 2607
2467 2699 2494 2537
2496 2649 2500 2504
2514 2647 2511 2562
2511 2651 2406 2604
2445 2784 2483 2579
2516 2690 2429 2577
2507 2780 2497 2514
2471 2753 2404 2551
2268 2702 2508 2465
2289 2610 2357 2654
2320 2777 2288 2571
2362 2393 2662 2371
2383 2778 2486 2493
2513 2624 2480 2250
2437 2504 2476 2529
2396 2600 2560 2535
2341 2660 2318 2621
2464 2636 2368 2635
2475 2742 2424 2477
2338 2541 2460 2594
2507 2627 2480 2443
2494 2635 2493 2396
2411 2594 2551 2537
2427 2771 2469 2561
2390 2505 2536 2645
2494 2614 2419 2491
2426 2531 2544 2514
2481 2674 2364 2511
2490 2534 2294 2542
2365 2626 2519 2481
2435 2557 2554 2493
2435 2662 2436 2581
2435 2693 2495 2575
2051 2610 2246 2643
2266 2763 2284 2538
2307 2414 2496 2490
2352 2665 2395 2232
2364 2339 2479 2378
2378 2743 2236 2257
2493 2607 2379 2446
2257 2624 2308 2552
2107 2730 2431 2422
2421 2722 2348 2263
2318 2735 2416 2310
2278 2367 2337 2642
2412 2519 2325 2588
2275 2463 2391 2606
2488 2559 2269 2486
2444 2535 2457 2431
2366 2503 2473 2567
2481 2447 2461 2385
2268 2641 2393 2321
2424 2666 2331 2513
2351 2574 2428 2545
2435 2638 2369 2513
2472 2629 2334 2448
2423 2587 2380 2496
2384 2607 2434 2412
2356 2630 2486 2536
2421 2560 2434 2425
2188 2627 2343 2308
2215 2482 2213 2569
2246 2594 2463 2509
2318 2706 2210 2309
2363 2323 2411 2301
2367 2406 2425 2245
2402 2480 2186 2385
2450 2433 2216 2367
2332 2529 2337 2412
2261 2609 2281 2527
2316 2561 2287 2292
2300 2467 2456 2501
2268 2598 2199 2453
2406 2377 2379 2345
2431 2365 2328 2378
2301 2591 2375 2374
2127 2458 2305 2491
2137 2402 2337 2324
2264 2474 1931 2277
2328 2483 2238 2186
2124 2376 2175 2406
2407 3137 2634 2763
2521 2822 2547 3170
2593 2917 2943 2817
2723 3180 2379 2587
2790 2619 2627 2935
2978 2844 2414 2822
2530 2637 2454 3005
2631 2826 2801 2904
2683 3178 2423 2690
2867 2858 2585 2852
2558 2768 2685 2942
2710 3038 2908 2800
2945 3085 2610 2789
2417 3100 2510 2802
2714 3175 2742 2662
2692 2786 2856 2842
2562 2889 2874 2857
2754 2981 2652 2747
2461 2845 2739 2865
2548 3139 2695 2744
2882 2774 2672 2747
2602 2922 2522 2944
2736 2962 2544 2874
2500 3093 2593 2777
2544 3057 2696 2987
2771 2635 2785 2746
2784 2801 2718 2631
2542 3114 2704 2759
2619 2848 2595 2919
2763 2918 2657 2626
2621 2958 2718 2834
2764 2820 2674 2953
2750 3055 2713 2869
2787 2879 2677 2769
2776 2807 2613 2774
2172 3105 2673 2564
2292 2810 2417 2944
2313 2928 2816 2347
2645 2406 2697 2825
2662 2857 2905 2724
2689 2660 2395 2765
2883 2762 2568 2633
2647 2646 2575 2873
2377 3040 2622 2466
2428 2657 2890 2797
2618 2663 2713 2748
2828 2962 2472 2687
2791 3084 2541 2429
2710 2944 2649 2382
2562 2866 2819 2813
2459 3046 2514 2837
2669 2974 2765 2632
2776 2845 2658 2609
2640 2834 2690 2847
2735 3083 2528 2577
2724 2894 2519 2696
2584 2998 2592 2817
2754 2951 2618 2621
2419 2817 2637 2906
2562 2786 2506 2926
2609 2707 2773 2765
2801 2751 2626 2680
2523 3027 2631 2672
2467 2792 2793 2888
2859 3083 2523 2655
2549 3015 2641 2618
2684 2741 2653 2798
2534 2905 2548 2830
2498 2793 2768 2864
2654 2903 2572 2772
2483 2870 2808 2639
2304 2846 2579 2877
2686 2697 2701 2805
2709 2781 2691 2712
2694 2873 2805 2626
2568 2998 2521 2859
2550 2912 2416 2892
2603 3029 2514 2662
2674 2932 2406 2804
2582 2935 2779 2755
2662 3023 2577 2580
2398 2813 2654 2884
2406 2844 2515 2895
2669 2767 2562 2755
2649 2949 2499 2809
2647 2658 2475 2867
2644 2984 2707 2758
2703 2949 2565 2649
2758 2946 2527 2654
2795 2870 2502 2720
2665 2997 2705 2767
2694 2905 2710 2572
2426 2801 2709 2872
2420 2904 2623 2810
2257 2890 2698 2734
2275 3037 2311 2679
2325 2721 2589 2885
2382 2516 2902 2640
2458 2990 2662 2343
2805 2332 2349 2577
2481 2495 2799 2669
2478 2863 2814 2434
2502 2627 2790 2612
2362 2670 2410 2844
2661 2815 2375 2740
2435 2904 2756 2589
2593 2705 2858 2474
2554 2992 2625 2656
2486 2806 2872 2567
2764 2768 2502 2674
2717 2990 2470 2513
2357 2630 2747 2834
2780 2744 2451 2581
2416 2914 2726 2711
2563 2998 2567 2775
2672 2666 2584 2803
2455 2953 2453 2827
2748 2695 2652 2549
2371 2852 2893 2470
2630 2965 2575 2491
2689 2951 2410 2524
2688 2797 2335 2594
2518 3027 2432 2624
2435 3022 2452 2695
2474 2763 2671 2820
2563 2737 2597 2816
2602 2946 2569 2693
2653 2684 2684 2607
2435 2927 2750 2452
2397 2829 2669 2717
2721 2697 2628 2470
2583 2720 2557 2842
2404 2770 2635 2804
2500 2845 2829 2538
2706 2844 2650 2535
2492 2917 2349 2837
2681 2787 2700 2508
2527 2951 2701 2710
2339 2977 2657 2541
2260 2826 2671 2752
2683 2971 2518 2594
2739 2796 2563 2610
2505 2686 2531 2843
2624 2832 2635 2790
2638 2745 2661 2760
2353 2790 2724 2771
2594 2686 2813 2482
2544 2841 2696 2674
2648 2977 2552 2757
2771 2669 2560 2626
2497 2947 2714 2626
2510 2840 2655 2793
2535 2974 2662 2512
2657 2723 2595 2614
2636 2729 2587 2800
2519 2967 2634 2742
2502 2994 2547 2817
2614 2807 2662 2769
2650 2925 2753 2623
2614 2895 2597 2669
2637 2848 2644 2738
2168 2977 2486 2356
2442 2596 2480 2816
2460 2458 2765 2653
2538 2993 2188 2637
2611 2449 2389 2792
2652 2970 2186 2554
2691 2803 2557 2356
2768 2537 2518 2582
2667 2590 2375 2671
2290 2818 2616 2685
2675 2782 2569 2382
2705 2662 2625 2471
2665 2800 2446 2434
2734 2722 2441 2560
2756 2620 2479 2484
2627 2660 2540 2706
2414 2721 2635 2761
2697 2762 2514 2445
2374 2854 2417 2815
2357 2718 2751 2523
2687 2794 2398 2364
2330 2955 2629 2614
2554 2840 2472 2753
2367 2698 2687 2640
2529 2740 2703 2567
2563 2914 2639 2539
2633 2687 2660 2506
2440 2830 2539 2811
2486 2772 2605 2792
2673 2736 2447 2598
2602 2809 2552 2783
2756 2613 2507 2521
2449 2933 2563 2714
2608 2941 2467 2682
2531 2789 2660 2735
2300 2920 2743 2513
2418 2808 2623 2677
2538 2613 2639 2595
2314 2860 2696 2607
2468 2955 2430 2717
2311 2592 2719 2727
2640 2764 2527 2603
2593 2888 2484 2672
2589 2785 2702 2583
2656 2856 2490 2530
2612 2878 2499 2724
2516 2862 2574 2668
2489 2810 2736 2588
2643 2788 2447 2690
2523 2884 2599 2638
2442 2715 2551 2799
2607 2947 2545 2655
2533 2874 2575 2618
2614 2910 2686 2580
2501 2846 2741 2537
2619 2975 2536 2647
2641 2753 2642 2580
2445 2824 2696 2624
2590 2688 2478 2800
2635 2752 2583 2669
2618 2817 2610 2744
2660 2815 2432 2555
2451 2903 2698 2582
2472 2971 2487 2667
2689 2827 2419 2363
2523 2751 2612 2760
2470 2920 2648 2660
2452 2851 2649 2670
2464 2722 2725 2620
2617 2802 2628 2498
2623 2660 2696 2491
2492 2841 2614 2661
2503 2917 2553 2637
2462 2909 2613 2729
2491 2792 2617 2728
2046 2544 2711 2575
2434 2764 2734 2569
2435 2862 2549 2293
2504 2956 2275 2607
2520 2668 2385 2787
2710 2527 2450 2540
2161 2709 2651 2620
2310 2665 2633 2642
2623 2752 2312 2580
2608 2765 2589 2353
2599 2745 2524 2410
2476 2937 2465 2426
2489 2737 2683 2322
2370 2787 2505 2723
2322 2889 2549 2500
2525 2864 2495 2615
2668 2560 2586 2436
2583 2637 2395 2775
2635 2721 2342 2682
2634 2606 2589 2466
2634 2729 2434 2673
2394 2647 2550 2737
2574 2809 2472 2757
2397 2914 2527 2650
2638 2654 2362 2637
2490 2696 2668 2535
2594 2946 2451 2454
2386 2917 2383 2665
2642 2786 2402 2567
2513 2755 2479 2709
2449 2571 2603 2623
2418 2565 2682 2589
2581 2730 2564 2516
2584 2640 2684 2543
2345 2861 2611 2681
2458 2716 2717 2508
2450 2691 2722 2494
2329 2597 2580 2727
2464 2843 2645 2599
2667 2729 2440 2552
2550 2794 2546 2689
2648 2645 2519 2439
2598 2590 2520 2698
2539 2827 2535 2548
2642 2598 2475 2490
2610 2682 2593 2588
2578 2644 2651 2471
2581 2919 2444 2593
2330 2685 2613 2703
2645 2782 2363 2545
2472 2854 2546 2608
2518 2662 2391 2781
2558 2778 2660 2502
2446 2841 2654 2540
2570 2784 2655 2444
2429 2776 2623 2645
2592 2801 2530 2701
2620 2740 2521 2519
2539 2725 2619 2546
2432 2815 2609 2618
2617 2673 2600 2682
2597 2850 2397 2686
2559 2699 2533 2779
2462 2768 2646 2539
2562 2864 2476 2653
2616 2760 2468 2644
2634 2546 2521 2653
2600 2562 2607 2575
2582 2857 2447 2669
2432 2828 2548 2699
2574 2775 2601 2592
2523 2753 2581 2702
2270 2768 2591 2657
2390 2714 2687 2508
2527 2396 2559 2561
2533 2733 2321 2745
2542 2934 2408 2450
2585 2700 2517 2289
2594 2691 2278 2683
2641 2607 2442 2365
2533 2523 2568 2542
2587 2758 2307 2332
2315 2560 2524 2712
2363 2827 2360 2661
2492 2544 2667 2497
2292 2848 2605 2535
2446 2863 2419 2647
2500 2625 2608 2442
2575 2630 2529 2684
2515 2831 2473 2511
2423 2816 2514 2699
2353 2854 2546 2571
2627 2720 2389 2584
2539 2609 2612 2463
2273 2786 2589 2621
2553 2797 2434 2743
2500 2806 2479 2475
2447 2794 2641 2591
2445 2800 2491 2550
2500 2687 2536 2642
2629 2601 2583 2443
2396 2818 2570 2570
2489 2811 2458 2601
2525 2702 2583 2580
2477 2721 2442 2735
2475 2810 2389 2680
2472 2721 2550 2663
2453 2783 2529 2697
2435 2793 2527 2594
2473 2784 2453 2726
2540 2782 2457 2641
2580 2609 2551 2558
2533 2794 2527 2566
2588 2688 2521 2571
2137 2778 2579 2478
2347 2573 2658 2503
2376 2824 2078 2538
2488 2470 2497 2631
2517 2661 2423 2734
2522 2885 2229 2269
2583 2716 2379 2485
2259 2838 2316 2502
2503 2780 2459 2429
2503 2514 2469 2526
2328 2618 2444 2712
2335 2823 2333 2598
2431 2767 2631 2569
2553 2623 2527 2514
2416 2811 2460 2690
2529 2602 2428 2674
2536 2685 2384 2655
2395 2620 2497 2637
2513 2655 2441 2486
2515 2738 2376 2664
2371 2803 2506 2553
2464 2755 2449 2560
2537 2786 2319 2582
2452 2579 2504 2532
2514 2700 2556 2480
2365 2748 2485 2692
2436 2695 2415 2732
2446 2793 2527 2561
2432 2832 2390 2508
2355 2656 2504 2675
2505 2697 2409 2665
2444 2744 2534 2588
2437 2739 2449 2698
2446 2774 2541 2503
2432 2766 2540 2525
2139 2791 2348 2537
2283 2617 2596 2360
2312 2565 2631 2515
2318 2806 2365 2399
2324 2524 2422 2707
2455 2425 2240 2621
2509 2645 2209 2506
2540 2601 2518 2489
2283 2531 2605 2555
2442 2585 2321 2628
2398 2491 2596 2407
2445 2765 2392 2449
2501 2753 2451 2412
2432 2784 2459 2377
2422 2667 2402 2596
2496 2579 2542 2396
2342 2539 2548 2511
2332 2680 2545 2540
2425 2513 2578 2499
2358 2639 2532 2586
2450 2524 2421 2658
2442 2664 2498 2581
2367 2575 2621 2494
2382 2657 2574 2476
2409 2733 2489 2533
2414 2788 2455 2634
2288 2717 2528 2505
2340 2712 2481 2679
2384 2725 2219 2676
2450 2656 2537 2474
2338 2539 2395 2695
2408 2730 2379 2674
2436 2706 2236 2583
2437 2710 2234 2628
2398 2531 2520 2492
2450 2531 2375 2535
2143 2707 2505 2373
2305 2530 2556 2341
2334 2786 2397 2588
2375 2515 2287 2617
2510 2532 2301 2261
2512 2350 2238 2415
2477 2471 2513 2418
2278 2599 2460 2592
2316 2647 2408 2448
2417 2586 2359 2276
2463 2578 2302 2488
2319 2603 2541 2536
2389 2702 2328 2503
2367 2531 2455 2563
2420 2521 2427 2494
2401 2628 2368 2507
2400 2546 2465 2356
2490 2704 2290 2376
2340 2562 2363 2606
2381 2702 2397 2602
2161 2406 2477 2521
2191 2506 2512 2286
2305 2737 2310 2463
2373 2645 2350 2589
2377 2647 2157 2567
2382 2688 2233 2420
2239 2674 2390 2354
2321 2519 2395 2337
2345 2498 2450 2464
2327 2426 2432 2514
2286 2593 2502 2401
2176 2560 2434 2504
2379 2636 2286 2400
2246 2639 2363 2539
2305 2610 2370 2544
2342 2590 2383 2491
2379 2592 2377 2570
2220 2623 2231 2286
2276 2591 2426 2350
2289 2529 2374 2389
2310 2583 2235 2531
2367 2544 2370 2283
2333 2582 2267 2479
2366 2595 2329 2416
2287 2572 2332 2329
2133 2361 2371 2074
2361 2225 2221 2380
2243 3011 2848 2756
2444 2640 2817 2885
2570 2738 2985 2648
2642 3226 2711 2528
2761 2933 2531 3043
2803 2849 2490 2928
2927 2709 2601 2643
2729 2805 2932 2865
2472 3017 2892 2539
2353 3163 2822 2868
2421 3197 2548 2780
2502 2868 2839 2823
2672 3120 2787 2973
2805 2682 2776 2834
2844 2973 2763 2680
2776 3143 2657 2849
2748 3082 2604 2908
2445 2906 2893 2764
2704 2808 2682 2796
2858 2997 2698 2747
2673 3101 2729 2667
2652 3045 2650 3020
2403 3002 2866 2727
2611 3014 2804 2705
2408 3220 2753 2737
2703 3173 2635 2876
2555 2907 2683 3018
2750 2954 2804 2726
2431 3037 2880 2671
2613 3126 2691 2834
2677 2860 2641 2917
2711 2924 2652 2900
2545 2921 2840 2744
2550 2990 2818 2773
2687 2807 2790 2882
2698 3016 2760 2857
2430 2920 2789 2925
2274 2657 2885 2586
2412 3128 2509 2627
2469 2759 2817 2466
2569 2624 2807 2657
2585 2958 2650 3002
2761 2916 2188 2659
2853 2965 2632 2629
2838 2793 2395 2667
2299 2968 2608 2995
2778 2736 2454 2819
2697 2689 2844 2511
2673 2643 2475 2967
2380 3091 2722 2711
2636 2964 2704 2897
2427 3088 2728 2641
2656 2874 2735 2541
2546 3092 2550 2736
2458 2796 2870 2571
2612 2890 2768 2764
2705 2855 2754 2552
2696 2828 2662 2680
2394 2708 2826 2621
2733 3043 2476 2626
2516 3013 2777 2853
2531 2911 2747 2609
2728 3001 2537 2796
2519 2977 2644 2832
2723 2801 2683 2812
2620 3117 2458 2872
2630 3036 2717 2693
2717 3104 2539 2731
2743 3123 2515 2575
2757 2948 2491 2805
2532 2663 2785 2732
2512 2831 2799 2625
2641 2940 2653 2781
2609 2841 2705 2834
2666 2926 2729 2793
2776 2772 2502 2668
2687 3091 2615 2868
2619 2835 2633 2978
2602 3031 2743 2765
2551 2943 2797 2550
2760 2773 2620 2639
2542 3027 2690 2782
2720 2699 2742 2782
2615 2706 2746 2620
2331 2894 2744 2655
2468 2478 2780 2704
2493 2474 2599 2858
2508 2930 2524 2933
2525 3091 2596 2665
2720 2989 2484 2361
2833 2938 2208 2557
2735 2875 2272 2739
2653 2541 2745 2538
2766 2651 2474 2567
2419 3012 2439 2758
2703 2804 2358 2784
2614 2959 2591 2511
2583 2951 2596 2429
2390 2478 2703 2857
2632 2612 2713 2688
2820 2873 2514 2411
2346 2778 2636 2812
2711 2732 2591 2587
2811 2936 2549 2534
2695 2693 2453 2654
2610 2819 2383 2884
2715 3049 2363 2687
2686 2655 2618 2748
2621 2651 2401 2882
2742 2962 2551 2615
2457 2919 2728 2669
2472 2893 2759 2643
2578 2755 2553 2844
2460 3029 2708 2718
2707 2689 2525 2780
2634 2840 2726 2601
2516 3082 2580 2714
2517 2630 2581 2831
2569 3009 2657 2735
2591 2850 2645 2805
2332 2931 2689 2832
2645 2995 2443 2812
2674 2877 2401 2817
2611 2765 2628 2792
2484 3008 2516 2814
2528 3017 2680 2676
2548 2881 2746 2558
2663 2817 2595 2768
2716 2618 2496 2769
2531 2870 2571 2817
2558 2867 2668 2771
2656 2899 2573 2565
2703 2836 2523 2620
2650 2792 2604 2702
2596 2884 2609 2806
2605 2930 2703 2761
2562 3017 2562 2673
2525 2826 2668 2780
2494 2959 2662 2805
2609 2847 2506 2808
2516 2834 2774 2781
2608 2916 2586 2693
2610 2838 2752 2532
2515 2950 2567 2883
2580 2794 2727 2771
2690 2768 2599 2565
2655 2894 2647 2693
2467 2883 2751 2666
2529 2932 2476 2771
2608 2838 2601 2788
2169 2918 2640 2714
2282 2794 2768 2446
2393 3070 2486 2509
2466 3018 2445 2414
2559 2742 2481 2829
2626 2487 2608 2509
2640 2916 2337 2751
2769 2583 2511 2465
2713 2672 2529 2599
2251 2994 2339 2692
2605 2966 2409 2567
2344 2613 2756 2770
2523 3033 2442 2460
2631 2527 2610 2469
2662 2544 2480 2710
2430 2855 2699 2601
2536 2584 2514 2799
2403 2939 2704 2554
2493 2862 2695 2497
2517 2793 2681 2679
2452 2797 2723 2719
2539 2946 2388 2700
2385 3029 2659 2631
2673 2698 2446 2589
2463 3068 2590 2650
2667 2747 2551 2538
2495 2806 2530 2828
2326 2829 2695 2729
2686 2938 2400 2584
2686 2777 2373 2599
2360 2609 2757 2455
2496 2880 2667 2545
2591 2644 2720 2579
2566 2894 2494 2620
2683 2655 2483 2650
2579 2898 2634 2533
2650 2924 2351 2587
2362 2881 2460 2791
2597 2830 2610 2666
2475 2815 2642 2550
2586 2721 2571 2722
2592 2536 2601 2728
2598 2884 2623 2630
2252 2918 2630 2682
2543 2835 2502 2753
2457 2879 2694 2528
2517 2932 2544 2576
2532 2706 2722 2764
2484 2992 2509 2640
2534 2731 2629 2731
2642 2988 2345 2714
2610 2776 2587 2674
2355 2882 2632 2784
2655 2798 2566 2718
2527 2871 2661 2515
2346 2808 2660 2609
2363 2733 2633 2790
2470 2965 2520 2711
2643 2771 2579 2695
2674 2761 2588 2521
2618 2814 2628 2637
2466 2838 2512 2755
2478 2919 2576 2621
2586 2800 2716 2587
2529 2956 2483 2519
2339 2808 2722 2576
2563 2916 2609 2729
2645 2884 2487 2523
2174 2695 2720 2465
2291 3022 2517 2426
2419 2630 2500 2768
2606 2759 2422 2287
2633 2777 2246 2713
2729 2360 2331 2438
2657 2464 2489 2335
2196 2712 2717 2543
2599 2875 2318 2661
2501 2457 2549 2717
2285 2815 2685 2719
2374 2925 2641 2370
2413 2943 2586 2630
2679 2584 2334 2562
2404 3018 2556 2577
2648 2696 2352 2543
2688 2657 2377 2513
2579 2822 2481 2296
2704 2581 2454 2413
2518 2526 2674 2592
2542 2683 2664 2495
2362 2729 2596 2762
2566 2620 2568 2657
2345 2861 2432 2714
2309 2573 2691 2763
2553 2507 2586 2636
2555 2742 2557 2557
2537 2824 2458 2738
2623 2792 2409 2634
2510 2927 2420 2520
2530 2784 2575 2599
2443 2638 2556 2711
2478 2561 2637 2720
2485 2627 2695 2610
2477 2764 2664 2633
2336 2889 2381 2711
2390 2804 2597 2722
2550 2718 2680 2494
2521 2830 2385 2715
2442 2881 2442 2651
2428 2843 2471 2642
2400 2655 2700 2637
2556 2763 2523 2471
2550 2909 2477 2397
2436 2920 2479 2538
2600 2635 2625 2593
2582 2662 2514 2446
2587 2703 2605 2382
2609 2668 2534 2445
2351 2671 2685 2694
2513 2653 2676 2582
2574 2720 2509 2621
2383 2849 2606 2685
2557 2701 2524 2528
2623 2704 2451 2671
2190 2907 2588 2695
2590 2710 2590 2406
2535 2901 2492 2624
2414 2841 2615 2618
2378 2904 2533 2701
2541 2890 2544 2590
2440 2838 2596 2588
2496 2774 2693 2572
2410 2896 2609 2668
2531 2709 2636 2542
2379 2876 2602 2680
2562 2811 2410 2705
2301 2926 2422 2665
2593 2805 2449 2637
2526 2725 2617 2706
2567 2762 2460 2684
2599 2663 2481 2568
2294 2725 2587 2763
2562 2827 2463 2570
2524 2768 2517 2668
2563 2678 2475 2659
2527 2581 2664 2656
2585 2680 2478 2640
2557 2826 2474 2704
2526 2774 2608 2559
2538 2668 2601 2571
2235 2730 2468 2718
2312 2958 2214 2544
2323 2681 2429 2740
2409 2678 2689 2509
2520 2882 2347 2305
2570 2784 2148 2630
2589 2441 2166 2488
2699 2442 2434 2357
2622 2785 2349 2431
2434 2777 2544 2415
2277 2451 2597 2622
2388 2502 2590 2661
2266 2554 2625 2645
2483 2787 2268 2697
2530 2643 2645 2463
2604 2525 2159 2642
2364 2938 2561 2544
2447 2855 2308 2556
2563 2858 2268 2450
2303 2864 2423 2636
2472 2887 2460 2486
2539 2736 2467 2682
2509 2799 2475 2624
2558 2634 2588 2496
2390 2597 2629 2562
2525 2809 2449 2470
2530 2569 2382 2702
2599 2615 2613 2459
2336 2688 2637 2570
2452 2757 2622 2514
2410 2883 2182 2490
2446 2851 2387 2592
2491 2833 2412 2562
2315 2692 2640 2484
2564 2568 2535 2608
2358 2734 2635 2589
2522 2739 2564 2536
2407 2611 2614 2608
2415 2675 2579 2659
2506 2817 2331 2505
2536 2715 2505 2552
2496 2673 2589 2650
2369 2862 2512 2579
2467 2604 2636 2551
2504 2718 2507 2650
2376 2762 2550 2715
2493 2712 2474 2702
2329 2714 2571 2640
2470 2817 2513 2514
2526 2638 2398 2712
2320 2765 2580 2542
2492 2746 2617 2562
2474 2762 2549 2604
2452 2741 2332 2648
2410 2821 2394 2660
2479 2638 2547 2706
2361 2772 2426 2704
2131 2663 2572 2561
2253 2669 2228 2682
2328 2926 2496 2532
2387 2669 2663 2423
2519 2715 2487 2266
2533 2508 2529 2537
2578 2595 2470 2456
2447 2781 2503 2370
2538 2804 2261 2447
2233 2900 2559 2417
2225 2711 2560 2591
2337 2861 2443 2462
2541 2575 2373 2489
2421 2570 2599 2511
2379 2822 2457 2478
2261 2740 2551 2448
2513 2675 2352 2673
2304 2652 2586 2613
2414 2689 2327 2639
2314 2773 2500 2579
2529 2657 2315 2642
2518 2564 2397 2468
2399 2754 2472 2504
2229 2522 2431 2643
2347 2540 2542 2553
2534 2611 2363 2591
2473 2722 2466 2613
2491 2517 2460 2587
2229 2634 2557 2624
2393 2819 2412 2557
2445 2635 2538 2544
2531 2700 2232 2541
2432 2718 2478 2524
2421 2547 2580 2540
2475 2694 2318 2617
2405 2778 2411 2473
2463 2697 2495 2589
2512 2523 2490 2524
2523 2537 2463 2462
2509 2653 2558 2531
2386 2713 2585 2550
2169 2628 2543 2424
2216 2836 2292 2501
2327 2348 2579 2415
2334 2647 2662 2316
2389 2689 2451 2607
2425 2671 2067 2375
2434 2653 2431 2263
2578 2455 2383 2328
2556 2550 2396 2294
2488 2447 2236 2457
2233 2564 2555 2479
2393 2671 2206 2578
2512 2670 2321 2429
2365 2610 2530 2521
2309 2724 2413 2441
2169 2762 2354 2445
2382 2494 2502 2529
2387 2782 2227 2528
2422 2463 2461 2537
2251 2752 2305 2446
2258 2640 2523 2579
2445 2501 2448 2582
2485 2587 2518 2498
2324 2731 2268 2500
2460 2450 2333 2600
2335 2709 2410 2591
2392 2729 2405 2356
2484 2499 2526 2512
2407 2702 2370 2577
2455 2645 2414 2557
2455 2457 2445 2541
2423 2699 2374 2571
2009 2626 2333 2566
2185 2623 2513 2558
2230 2509 2346 2601
2359 2684 2445 2271
2380 2696 2294 2390
2504 2321 2175 2319
2401 2402 2418 2393
2485 2519 2187 2335
2266 2498 2325 2577
2434 2583 2412 2541
2198 2695 2353 2483
2434 2619 2230 2510
2331 2670 2431 2555
2425 2619 2345 2279
2420 2670 2366 2550
2006 2669 2400 2402
2088 2589 2340 2550
2148 2577 2427 2511
2321 2670 2307 2501
2334 2637 2390 2210
2355 2552 2219 2526
2415 2323 2339 2444
2429 2570 2284 2364
2382 2469 2392 2319
2425 2382 2318 2507
2279 2585 2422 2529
2417 2477 2389 2411
2380 2624 2353 2489
2379 2666 2366 2523
2370 2582 2405 2498
2073 2592 2348 2509
2166 2579 2306 2510
2230 2562 2422 2356
2312 2465 2327 2261
2352 2650 2285 2434
2399 2496 2215 2308
2159 2634 2319 2431
2162 2314 2214 2273
2261 2396 2118 2226
2311 2791 2482 3048
2613 2778 3062 2636
2837 2664 2911 2593
2851 3237 2611 2977
2852 2826 2764 2478
2950 2927 2704 2930
2496 3105 2943 2871
2446 2991 2689 2903
2657 2822 2597 3043
2784 3035 2833 2553
2534 3227 2696 2794
2874 3049 2642 2793
2572 2829 2762 2882
2518 2946 2724 2833
2781 2763 2911 2694
2720 2940 2873 2621
2812 2902 2813 2868
2759 2986 2834 2768
2774 2710 2916 2593
2646 2884 2928 2777
2691 3091 2716 2726
2730 3067 2789 2745
2529 2907 2885 2845
2751 3005 2710 2641
2677 2667 2711 2957
2642 3096 2641 2735
2669 2820 2776 2926
2575 2722 2673 2967
2579 2901 2941 2758
2578 3073 2683 2802
2647 3005 2672 2776
2529 2936 2775 2944
2643 2932 2695 2774
2333 2809 2632 2919
2422 2624 2689 2928
2427 3210 2579 2782
2574 2815 2939 2706
2682 3067 2181 2667
2715 2985 2717 2496
2752 2549 2517 2884
2859 2610 2681 2643
2552 2636 2336 2910
2400 2657 2860 2862
2463 3100 2460 2814
2659 2969 2742 2540
2800 2908 2438 2655
2442 3203 2646 2658
2526 2591 2546 2881
2844 2871 2701 2611
2487 2717 2815 2860
2666 3001 2568 2635
2595 2745 2781 2792
2637 2982 2629 2594
2742 2935 2750 2740
2407 2762 2604 2885
2616 2888 2707 2832
2502 2970 2806 2725
2586 3054 2490 2715
2645 3034 2531 2760
2780 2759 2558 2784
2606 3046 2587 2848
2629 2986 2656 2651
2564 2944 2764 2762
2611 2785 2794 2756
2549 2636 2520 2893
2493 3094 2820 2839
2662 2943 2612 2688
2438 2818 2439 2906
2712 2677 2558 2853
2858 2749 2517 2621
2650 2922 2533 2789
2705 2841 2494 2755
2513 2948 2820 2681
2640 2691 2627 2840
2420 2977 2692 2864
2712 2871 2830 2748
2696 2814 2516 2903
2799 2816 2473 2662
2459 2852 2828 2760
2434 2863 2693 2840
2746 2968 2571 2616
2784 2817 2481 2753
2594 2900 2730 2768
2539 2950 2728 2596
2546 2901 2629 2816
2537 2974 2728 2605
2626 2782 2629 2815
2653 3058 2517 2670
2746 2895 2642 2742
2520 3046 2512 2862
2664 2848 2497 2777
2632 2908 2681 2776
2663 3064 2620 2603
2617 2812 2561 2862
2499 2983 2683 2740
2184 2741 2804 2609
2386 2521 2575 2848
2414 2669 2425 2855
2492 3052 2370 2639
2557 2595 2850 2614
2570 2856 2704 2382
2722 2835 2275 2678
2774 2654 2537 2740
2319 2884 2819 2511
2415 2631 2719 2763
2449 2921 2702 2452
2581 2727 2332 2835
2691 2776 2746 2641
2703 2877 2477 2738
2446 2985 2424 2835
2720 2577 2691 2675
2615 2879 2626 2815
2484 3039 2590 2537
2412 2923 2674 2789
2669 2912 2661 2489
2481 3023 2548 2684
2393 2905 2787 2489
2461 2652 2827 2495
2617 2998 2609 2510
2771 2744 2669 2588
2454 2712 2790 2651
2735 2825 2655 2578
2487 2977 2502 2565
2638 2945 2507 2732
2656 3051 2534 2549
2511 2837 2680 2718
2708 2960 2498 2610
2473 2951 2611 2834
2541 2891 2636 2667
2597 2924 2686 2665
2638 2843 2669 2648
2580 2856 2637 2701
2501 2779 2742 2752
2589 2946 2529 2584
2663 2682 2788 2722
2492 2815 2735 2622
2569 2803 2821 2594
2543 2739 2701 2757
2700 2896 2533 2518
2735 2816 2568 2589
2567 2950 2653 2597
2504 2929 2574 2620
2502 2697 2821 2684
2461 2896 2662 2691
2500 2822 2682 2706
2581 2883 2581 2673
2707 2812 2743 2726
2413 2997 2692 2673
2222 2904 2330 2696
2255 2785 2594 2825
2344 3021 2487 2386
2430 2593 2816 2364
2600 2542 2710 2556
2683 2767 2270 2522
2714 2685 2472 2400
2436 2571 2362 2817
2423 2963 2436 2645
2378 2583 2761 2665
2698 2648 2608 2491
2449 2948 2396 2449
2404 2965 2477 2630
2325 2744 2673 2776
2554 2793 2811 2569
2389 2932 2534 2423
2536 2922 2577 2441
2271 2867 2665 2593
2679 2865 2377 2728
2659 2675 2666 2688
2500 2661 2619 2734
2474 2625 2730 2714
2508 2866 2686 2512
2596 2721 2669 2552
2457 2746 2724 2740
2519 2695 2511 2806
2448 2911 2529 2588
2620 2828 2544 2416
2432 2911 2597 2458
2699 2818 2514 2509
2428 2617 2612 2792
2702 2756 2503 2570
2464 2884 2524 2772
2387 2869 2640 2561
2367 2896 2595 2637
2631 2826 2572 2541
2475 2857 2564 2753
2654 2781 2584 2570
2545 2676 2599 2654
2254 2805 2710 2692
2529 2633 2608 2733
2562 2798 2716 2635
2435 2953 2506 2377
2635 2710 2570 2616
2614 2834 2482 2697
2569 2894 2555 2530
2384 2883 2650 2612
2681 2601 2674 2689
2524 2891 2565 2667
2686 2625 2654 2392
2682 2615 2709 2624
2634 2735 2617 2651
2555 2847 2591 2725
2641 2703 2592 2692
2408 2808 2554 2762
2482 2808 2672 2721
2688 2583 2663 2722
2488 2906 2583 2598
2618 2875 2479 2600
2523 2698 2711 2709
2569 2616 2704 2557
2269 2892 2536 2722
2499 2776 2553 2813
2328 2830 2571 2726
2580 2837 2587 2642
2602 2775 2566 2711
2377 2958 2481 2641
2550 2738 2597 2754
2584 2881 2668 2558
2578 2879 2554 2760
2496 2867 2574 2711
2236 2714 2552 2747
2352 2933 2466 2452
2368 2714 2392 2793
2405 2832 2130 2690
2444 2710 2746 2415
2553 2394 2686 2628
2564 2766 2557 2325
2683 2618 2467 2451
2638 2538 2648 2546
2543 2752 2170 2740
2276 2880 2478 2602
2500 2864 2620 2386
2377 2593 2740 2521
2592 2841 2318 2648
2512 2787 2388 2690
2419 2559 2730 2567
2498 2660 2235 2746
2645 2701 2424 2441
2327 2602 2630 2705
2683 2779 2275 2505
2262 2745 2680 2655
2627 2744 2583 2498
2446 2892 2243 2557
2441 2900 2570 2539
2668 2573 2531 2697
2642 2814 2301 2633
2440 2671 2544 2773
2679 2729 2407 2552
2398 2723 2513 2729
2610 2605 2595 2644
2371 2799 2646 2592
2459 2779 2713 2466
2435 2847 2503 2675
2643 2639 2641 2541
2523 2877 2531 2353
2598 2816 2537 2477
2414 2705 2711 2596
2582 2550 2658 2706
2491 2816 2496 2754
2593 2743 2441 2557
2490 2843 2623 2362
2432 2719 2631 2609
2489 2875 2664 2357
2407 2714 2397 2788
2456 2775 2629 2717
2594 2694 2457 2607
2648 2659 2547 2666
2329 2743 2649 2667
2438 2586 2685 2700
2569 2870 2492 2669
2600 2659 2630 2629
2473 2796 2524 2629
2531 2871 2550 2615
2529 2806 2520 2686
2525 2665 2608 2621
2615 2713 2573 2563
2359 2683 2516 2789
2578 2677 2602 2597
2528 2628 2648 2502
2571 2610 2618 2653
2402 2806 2565 2631
2476 2682 2656 2552
2520 2695 2604 2693
2457 2820 2536 2661
2586 2722 2510 2617
2368 2728 2671 2567
2576 2776 2533 2722
2558 2784 2512 2619
2524 2777 2721 2549
2435 2793 2558 2649
2441 2771 2714 2562
2526 2684 2616 2567
2527 2844 2575 2545
2554 2818 2535 2593
2457 2711 2655 2694
2595 2694 2555 2592
2212 2763 2484 2737
2296 2621 2474 2761
2365 2648 2717 2376
2377 2873 2257 2484
2527 2820 2177 2655
2569 2726 2409 2152
2655 2443 2340 2539
2664 2502 2362 2479
2446 2760 2583 2329
2300 2546 2681 2396
2344 2462 2682 2483
2237 2846 2450 2624
2564 2837 2340 2434
2295 2757 2557 2680
2585 2675 2470 2455
2412 2849 2376 2666
2563 2574 2538 2581
2401 2703 2657 2536
2431 2742 2663 2519
2305 2713 2409 2707
2635 2622 2443 2631
2465 2789 2515 2575
2455 2697 2628 2703
2397 2870 2496 2580
2625 2691 2543 2447
2492 2637 2587 2516
2605 2571 2458 2610
2471 2804 2422 2637
2539 2755 2479 2422
2569 2761 2388 2699
2538 2592 2602 2483
2333 2753 2559 2632
2529 2656 2451 2573
2479 2582 2421 2708
2485 2834 2492 2529
2367 2599 2452 2722
2358 2754 2526 2647
2609 2557 2481 2478
2464 2858 2398 2655
2530 2585 2578 2552
2594 2572 2624 2581
2507 2607 2549 2620
2433 2445 2703 2504
2421 2723 2456 2654
2522 2695 2525 2684
2613 2448 2473 2626
2514 2842 2496 2497
2486 2564 2573 2613
2568 2752 2433 2485
2505 2682 2563 2517
2564 2782 2467 2484
2567 2601 2579 2409
2433 2809 2541 2516
2493 2766 2481 2619
2534 2859 2474 2507
2497 2758 2443 2706
2120 2591 2606 2588
2228 2870 2383 2558
2237 2498 2402 2727
2438 2643 2615 2322
2499 2761 2188 2675
2519 2414 2530 2460
2585 2657 2244 2257
2592 2578 2230 2446
2273 2691 2529 2625
2357 2810 2446 2572
2552 2610 2474 2364
2480 2843 2374 2309
2488 2775 2302 2492
2387 2449 2554 2682
2591 2521 2421 2527
2562 2622 2357 2409
2456 2530 2585 2409
2363 2681 2478 2699
2486 2589 2496 2633
2423 2727 2588 2417
2452 2669 2549 2548
2569 2619 2424 2499
2426 2858 2267 2582
2381 2808 2395 2597
2442 2751 2289 2671
2508 2777 2365 2426
2439 2559 2603 2649
2389 2790 2378 2647
2445 2687 2571 2664
2569 2660 2259 2584
2557 2568 2446 2564
2382 2637 2595 2581
2379 2701 2486 2562
2393 2762 2474 2587
2525 2529 2603 2459
2516 2738 2388 2629
2490 2681 2470 2451
2463 2658 2556 2449
2482 2707 2365 2674
2452 2694 2576 2448
2424 2754 2481 2565
2560 2731 2368 2587
2447 2692 2529 2452
2114 2722 2337 2588
2230 2801 2265 2580
2326 2786 2305 2273
2361 2581 2584 2571
2393 2490 2344 2672
2432 2373 2573 2605
2532 2590 2314 2506
2270 2737 2365 2404
2485 2389 2436 2542
2521 2507 2318 2432
2421 2677 2536 2422
2308 2614 2519 2628
2470 2583 2484 2474
2485 2577 2474 2514
2499 2696 2301 2559
2361 2747 2281 2498
2414 2646 2515 2549
2344 2616 2424 2611
2334 2604 2574 2455
2288 2642 2401 2572
2393 2678 2473 2496
2448 2495 2406 2558
2481 2670 2325 2600
2373 2739 2359 2504
2477 2678 2378 2480
2415 2730 2427 2518
2319 2692 2395 2571
2329 2689 2433 2407
2365 2589 2371 2590
2474 2737 2321 2626
2529 2495 2435 2551
2191 2580 2562 2569
2200 2395 2255 2645
2311 2436 2569 2340
2320 2729 2242 2522
2334 2651 2044 2487
2379 2649 2436 2257
2527 2468 2370 2420
2367 2695 2395 2395
2222 2727 2216 2620
2396 2632 2129 2623
2438 2455 2315 2577
2477 2631 2174 2413
2259 2612 2454 2475
2407 2633 2323 2287
2411 2545 2314 2553
2352 2610 2515 2325
2414 2554 2511 2547
2483 2569 2418 2499
2245 2652 2367 2460
2326 2670 2280 2491
2351 2577 2465 2430
2425 2570 2423 2505
2322 2706 2409 2404
2247 2659 2307 2460
2408 2621 2298 2555
2230 2728 2269 2330
2340 2570 2471 2413
2352 2638 2446 2406
2166 2446 2426 2495
2188 2493 2506 2322
2319 2710 2229 2293
2395 2414 2460 2304
2413 2487 2098 2218
2452 2462 2384 2435
2216 2684 2345 2379
2356 2568 2413 2460
2328 2624 2422 2380
2410 2475 2159 2302
2206 2452 2495 2386
2447 2440 2392 2384
2209 2217 2314 2452
2284 2479 2328 2299
2315 2591 2321 2367
