94 22.1661
13601 14729 15100 15914
14705 15116 16429 14964
14814 15062 13684 15848
14928 14920 14170 16312
15035 15929 14194 14691
15397 13505 14900 15718
16285 14436 14789 13200
16421 14300 14721 13376
15011 14933 13824 15964
16347 14411 14624 13438
15292 13587 14619 15654
14102 15616 15191 14634
15995 13788 15327 15082
14439 14969 14044 16251
14349 15315 14586 15502
15307 14032 15533 15177
16290 14357 14677 13425
13726 14667 15274 15855
16319 14286 14561 13569
16220 14571 14750 13310
15774 14279 15345 15129
16247 14554 15088 14065
14935 14953 13909 15895
15333 13653 14880 15644
15023 14831 14366 16020
15558 14075 15592 14891
14268 15475 15389 14427
15945 13928 15672 14576
15817 14170 15584 14816
15899 14242 15583 14952
16004 13689 14988 14753
15318 15414 14865 13638
14522 14906 16074 15333
15683 15221 14740 14004
15260 14716 15601 14322
15419 15005 15711 14170
15448 14792 14982 14232
14578 15582 14562 14353
14701 15731 14472 14388
14386 15533 15383 14488
16014 13949 15631 14621
13763 14634 15237 15977
15359 14444 14098 15774
16290 14471 14784 13207
15719 14330 15498 14912
15488 13754 14896 15596
14478 14920 16122 15374
14243 15223 14422 15740
15631 14708 15513 13731
13791 14618 15275 16012
16045 13968 15594 14579
14563 14971 16216 15287
16115 13845 15384 14722
15133 15003 15754 15558
14215 15161 14487 15671
14420 15394 15326 14446
15939 13894 15710 14631
14623 15486 14766 14196
15373 14111 15443 15215
14768 15045 14092 16076
16176 14575 14819 13518
15752 14217 15443 15003
14683 14787 16025 15336
16269 14213 14836 13467
16277 14481 14798 13370
14563 14971 16216 15287
15047 15017 15716 15449
15515 14887 15803 13945
16058 14726 14927 13628
13812 14631 15231 15881
13756 14632 15404 16040
15397 13505 14900 15718
16324 14510 14764 13272
15187 15253 14981 13841
14004 15821 15116 14535
14635 14783 16086 15327
14760 15304 16307 15187
16257 14544 14713 13447
15359 15343 14937 13692
15409 14107 15472 15201
16266 14320 14582 13602
14245 15365 14261 16188
13937 15766 15192 14627
14192 15406 15086 14882
14864 14974 14226 16214
14899 14937 14255 16085
15327 14508 15540 14469
13905 15852 15148 14546
14377 15269 14433 15733
15810 14175 15337 15084
14687 15102 14152 16120
15042 15133 15764 15421
14839 15915 14458 14364
14413 15024 15922 15399
15215 14244 14836 15532
15102 14852 15928 14881
16115 13845 15384 14722
14029 15649 15277 14526
16176 14575 14819 13518
14835 15193 16381 15242
15730 15104 14690 13810
15579 14724 15466 13783
15150 15680 14297 14558
16144 14739 14888 13716
14198 15487 15044 14862
15479 14682 15849 13921
15059 15197 15067 13907
15193 14166 14984 15535
14488 14981 16091 15343
14847 15017 14263 16138
14746 14738 15989 15290
13969 14663 15049 16097
14062 15700 15085 14572
14731 15592 14486 14288
14760 15304 16307 15187
15170 15297 15015 13978
15093 14820 13938 15785
15199 14234 14911 15701
13864 15786 15059 14697
15338 14771 15569 14180
15922 13959 15350 14742
15107 15162 15839 15390
13878 14696 15209 16082
15368 14892 15803 14037
15069 15083 15856 15260
15390 14884 15858 13861
15123 15028 15697 15483
15220 15186 14883 13936
15010 14969 15973 14572
14790 15619 14462 14296
14499 15048 13984 16224
14846 14932 14313 16110
15375 14971 15861 13915
15002 15160 15767 15401
16260 14509 14812 13266
15488 13754 14896 15596
14059 15656 15158 14540
15151 14300 14978 15802
14496 15455 15140 14516
14375 15111 14280 15875
14835 15193 16381 15242
15607 14929 15369 13687
15208 15173 15060 13952
15095 14803 13949 15869
15159 14182 15009 15535
14818 15034 14206 16197
13989 15789 15131 14575
14240 15401 15096 14861
15173 14746 15536 14305
14234 15309 15000 14863
15132 14668 13956 15889
15295 14764 15685 14289
14499 15048 13984 16224
14478 14920 16122 15374
15064 14944 16002 14761
15345 15299 14785 13745
15383 14859 15756 13977
13868 15839 15152 14581
15726 15084 14730 13772
15166 14238 14957 15654
15366 15378 14919 13725
15086 14871 16002 14786
14385 15458 15422 14512
13983 15657 15058 14596
14027 15658 15200 14521
13991 14622 15363 15912
14414 15487 15085 14420
15752 14217 15443 15003
15121 15208 14798 14534
14019 15642 15048 14615
14960 14923 14309 16096
14214 15555 15354 14615
14802 14974 14156 16217
14923 15086 15790 15401
15706 14719 15504 13799
14214 15555 15354 14615
15607 14929 15369 13687
14695 14781 16013 15362
14814 14978 14209 16191
13875 15777 15154 14567
15086 14871 16002 14786
13919 14666 15047 16078
14839 15915 14458 14364
14923 15086 15790 15401
14960 14923 14309 16096
15293 15412 14974 13722
14731 15592 14486 14288
15092 14969 15773 15395
13905 15852 15148 14546
15706 14719 15504 13799
14695 14781 16013 15362
15036 15191 14881 14562
14385 15458 15422 14512
14385 15458 15422 14512
13512 14650 15118 15866
13853 15790 15096 14388
14573 14704 15988 15268
14737 14798 14192 16196
14925 14948 13732 15745
15314 13434 14748 15709
16239 14386 14660 13231
16279 14258 14662 13343
15896 13872 15649 14500
14281 14958 14000 16112
15797 14041 15431 14927
15456 13717 14838 15456
15344 14057 15408 15121
14299 15176 14373 15617
15065 14816 13879 15756
14927 15126 15761 15349
15760 14249 15226 15047
14653 14786 15928 15314
15136 14185 14964 15525
13700 14647 15182 15809
15278 13502 14852 15659
15799 13668 15238 15067
14795 14747 14248 15935
15848 14522 14545 13391
14824 14827 14298 15798
14925 14948 13732 15745
16060 14520 14772 13490
14753 15495 14370 14188
14950 14997 15726 15428
14192 15384 15037 14761
15622 14650 15416 13601
14405 15044 13932 16058
15205 15184 14764 13779
15383 14797 15634 13942
16123 14508 14839 13416
15655 15043 14720 13889
14348 14791 15958 15226
14321 15211 14330 15636
15130 15259 14917 13905
16234 14309 14725 13576
14889 14856 15942 14706
14334 15470 15297 14334
14977 14800 15986 14753
15340 14909 15521 14096
14546 15045 13918 15495
15285 14894 15538 13993
15119 14762 15702 14299
15091 14847 15601 14250
15608 15072 14604 13688
15709 15038 14627 13730
14131 15499 15230 14352
14052 15644 15158 14437
15523 15117 14605 13711
15165 14095 14807 15471
15568 14704 15459 13723
14067 15537 14992 14538
16258 14372 14745 13262
14579 14721 15960 15240
16002 14513 14822 13537
14001 15413 15042 14601
15155 15103 14904 13858
13871 15681 15015 14563
15714 13562 15178 15081
15252 14871 15617 14011
14323 15334 15037 14453
13908 15716 15082 14517
13933 15743 15059 14534
14489 14975 13897 16046
15091 14771 15668 14210
16249 14358 14546 13363
14872 14794 14217 15988
13859 15481 14990 14654
15292 14922 15483 14000
14653 14786 15928 15314
14235 15468 15273 14338
15893 14133 15524 14859
14455 15411 15137 14414
16196 14469 14778 13347
14147 15355 15098 14492
15837 14123 15513 14893
15714 13562 15178 15081
16159 14378 14788 13377
16010 14530 14876 13373
16200 14433 14775 13235
15148 14289 14952 15683
13715 14693 15064 15874
13769 14561 15195 15816
14477 15016 13982 15634
14050 15586 15076 14479
16240 14418 14582 13534
14004 15570 15252 14417
15325 14822 15522 14017
13811 14555 15170 15910
14932 14907 15759 15314
15852 14548 14598 13390
13703 14578 15271 15845
15893 14133 15524 14859
13742 14494 15240 15976
13731 14608 15280 15815
14284 14979 13963 15918
14226 15392 15004 14629
13740 14504 14887 15994
15291 15250 14810 13699
14041 15575 15130 14586
15158 14728 15631 14250
13844 14585 15172 15885
14956 15143 14579 14539
14478 15069 13970 15691
15129 15145 15047 13778
14213 15398 15053 14612
14963 15104 14645 14534
13746 15732 14965 14555
13702 14590 15251 16035
13877 15740 15075 14485
15084 15156 14782 14430
13753 14594 15292 15815
15109 14251 14906 15747
16241 14287 14766 13373
15837 14123 15513 14893
13786 14516 15227 15917
15080 15070 14824 14531
14333 15399 15101 14432
13851 15580 15128 14552
13765 14558 15136 15989
15714 13562 15178 15081
13491 14616 14941 15846
13671 15624 14913 14384
14510 14699 15902 15251
14609 14787 14071 16034
14819 14906 13713 15736
15156 13283 14444 15332
16155 14403 14594 13161
16215 14363 14728 13179
15839 13926 15278 14720
15344 14022 15333 15046
14003 15498 15141 14372
14294 14993 14349 15415
14779 14691 14140 15924
14976 15104 14769 13892
15701 13525 15156 15068
15726 13563 15141 15018
14622 14668 15877 15212
15278 14665 15600 13746
15539 15031 14588 13608
15759 14083 15496 14880
15632 14242 15188 14971
15825 14112 15495 14811
15949 14480 14781 13377
14064 15358 14956 14694
14127 15253 15019 14687
14403 14897 13944 15596
13711 15538 15026 14572
14813 14990 15705 15422
14891 14779 13772 15735
15865 14524 14620 13271
15092 15256 14854 13842
15171 15211 14725 13529
14383 14932 13923 15565
15017 15036 14709 14470
16195 14309 14618 13548
14853 14840 15657 15237
13937 15573 15071 14524
16061 14439 14799 13213
15064 14214 14751 15653
15600 14899 14411 13676
16034 14454 14755 13458
15124 14120 14896 15523
14956 14809 13743 15713
13708 14556 15124 15937
13851 15600 14991 14522
13597 14589 14877 15778
15119 15110 14827 13720
13959 15505 15093 14386
15105 14164 14926 15597
13829 14580 14947 15833
14902 14964 14945 13509
16146 14392 14758 13208
15572 15015 14703 13704
15550 14992 14663 13728
13540 14591 14981 15791
14052 15553 15007 14379
14857 14791 13717 15803
14988 14222 14952 15553
14901 15009 15700 15218
13837 14510 15009 15747
14383 14932 13923 15565
13841 14468 15097 15723
13533 14582 14928 15800
13451 14493 14744 15826
13844 15535 15047 14442
14296 14673 15876 15159
14342 14800 13762 15461
14577 14598 14118 15875
14902 13390 14906 15222
16152 14278 14686 13080
16189 14251 14473 13519
13900 15521 15022 14440
15009 15120 14811 13743
14789 14970 15664 15276
15738 13940 15386 14642
15660 13987 15404 14743
14902 13390 14906 15222
15079 13986 14857 15487
15473 14205 14593 14681
14382 14648 15782 15096
14335 14855 13791 15408
13785 15253 14480 14472
13482 14470 14929 15682
16187 14179 14529 13414
14971 13996 14806 15391
13686 14463 15090 15868
14509 14595 15777 15213
15885 14397 14729 13312
15684 13948 15299 14702
15934 14429 14638 13307
15951 14439 14627 13366
13745 15070 14474 14625
13703 14457 15082 15788
13772 15113 14912 14553
15729 13941 15342 14675
13614 14456 15055 15817
13746 15469 14963 14434
14530 14672 13838 14700
14854 13383 14649 15195
15648 13816 15211 14543
15663 13848 15175 14601
13672 14850 14645 14912
14746 13409 14852 15333
13669 15062 14867 14480
13619 14339 15153 14615
14837 13485 14684 15189
14748 13456 14963 15181
14853 13405 14824 15279
13606 15034 14866 14459
14700 13408 14889 15158
15392 13566 14797 14335
13613 14889 14834 14468
13545 14915 14610 14355
13587 14872 14831 14337
13597 14854 14792 14366
13407 14797 14709 14353
13579 14801 14733 14327
13757 14537 15277 15888
14705 15116 16429 14964
14814 15062 13684 15848
14928 14920 14170 16312
15035 15929 14194 14691
15397 13505 14900 15718
16403 14365 14751 13089
16415 14317 14706 13346
14920 13804 14958 15829
15645 14895 15936 13960
15514 14918 15782 14090
15646 14810 15841 13979
16047 14650 15118 13837
14439 14969 14044 16251
16161 14616 14854 13222
14518 15062 13903 16123
15127 13523 14932 15762
14019 14857 15204 16016
14245 15365 14261 16188
16052 13961 15441 14731
15317 13616 14975 15702
14563 14971 16216 15287
14192 15384 15037 14761
14978 14778 13740 15903
16290 14357 14677 13425
15090 15103 15617 15514
14933 14821 13905 15941
15201 15537 14370 14407
14052 15644 15158 14437
15361 14948 15722 14231
14371 15509 15380 14485
14478 14920 16122 15374
13845 15692 14955 14594
14697 15201 15977 15533
15033 15264 15667 15790
15496 14995 15315 13614
14664 15249 16383 15122
14744 14696 16167 15273
14412 15456 15450 14596
16267 14292 14800 13446
16122 14045 15436 14763
16026 14096 15518 14712
15930 14104 15551 14807
15901 14160 15553 14956
14499 15048 13984 16224
14218 15461 15318 14654
15871 13998 15569 14870
15253 15896 14348 14814
15663 13727 15202 15087
15581 14987 15590 14196
16269 14213 14836 13467
16207 14402 14910 13293
14635 14783 16086 15327
15439 14395 14123 15743
15423 14459 14136 15671
14666 15276 16362 15175
14507 14956 16025 15418
15786 13702 15258 15097
16249 14338 14729 13643
15488 13754 14896 15596
14839 15915 14458 14364
14533 15191 16049 15311
14463 15027 16026 15397
13822 15811 15117 14834
15086 14871 16002 14786
15173 13687 14872 15696
15607 14929 15369 13687
14972 15335 14721 14358
16324 14510 14764 13272
15758 14269 15439 15034
14661 15778 14495 14375
14679 14763 16170 15263
14588 15753 14534 14276
15436 14958 15716 14174
14336 15680 14545 14923
16083 14103 15494 14616
14634 15803 14519 14308
14314 15155 14425 15884
15670 13969 15624 15008
13905 15682 15004 14573
15378 15572 14315 14454
15817 14170 15584 14816
15326 15518 14282 14458
14129 15140 14358 15969
14538 14974 13882 15991
14589 14807 16029 15240
15971 14069 15565 14828
14262 15311 14230 15906
15293 15580 14336 14487
15102 14812 13839 15830
15281 15275 14601 14104
15148 14743 13864 15861
16176 14575 14819 13518
14994 14879 15984 14844
15706 14719 15504 13799
14762 14786 16064 15242
15742 14373 15464 15063
15109 14251 14906 15747
15446 14955 14303 14473
13938 15632 15065 14661
15752 14217 15443 15003
13905 15852 15148 14546
14422 15146 14392 15872
13992 15602 15099 14468
16229 14499 14854 13398
14743 15240 16428 15188
16176 14575 14819 13518
14286 15139 14172 15888
14760 15304 16307 15187
16348 14368 14746 13321
15270 15817 14218 14697
15719 14544 14843 14952
15499 14491 14171 15667
14499 15048 13984 16224
15869 14487 14831 14899
15706 14719 15504 13799
15277 15626 14423 14321
13757 14537 15277 15888
14311 15634 14571 15005
14784 15334 16314 15089
16415 14317 14706 13346
14142 14589 15210 15908
14097 14756 15232 15940
16144 14739 14888 13716
15164 15727 14373 14730
14785 15236 16340 15219
15325 15310 14520 14104
15154 15852 14411 14811
15488 13754 14896 15596
15391 14979 15698 14245
15607 14929 15369 13687
16363 14330 14813 13425
16218 14541 14830 13352
15949 14080 15563 14722
15793 13666 15240 15188
15267 14065 15002 15575
15793 13666 15240 15188
15293 14996 15502 14200
15842 14324 14855 14858
13989 15679 15083 14648
16324 14510 14764 13272
15820 14081 15638 14856
13921 15683 14980 14531
16150 14557 14916 13312
14142 14589 15210 15908
14385 15458 15422 14512
16035 14055 15476 14801
16144 14739 14888 13716
14386 15607 15470 14465
15158 14728 15631 14250
14792 15797 14472 14195
14097 14756 15232 15940
13953 15654 15029 14740
15436 15053 15681 14195
13953 15654 15029 14740
14839 15915 14458 14364
14760 15304 16307 15187
13919 15685 15018 14544
15423 14459 14136 15671
15833 14384 14916 14869
15254 15766 14220 14782
15102 14812 13839 15830
15829 14541 15051 14918
16241 14376 14600 13518
14785 15236 16340 15219
14215 15636 14530 14953
13989 15679 15083 14648
15288 15572 14219 14619
16235 14577 14903 13300
15828 14054 15567 14889
14701 15731 14472 14388
15397 13505 14900 15718
14973 14972 15984 14780
14701 15731 14472 14388
14385 15458 15422 14512
16363 14330 14813 13425
15267 14065 15002 15575
13905 15852 15148 14546
15397 13505 14900 15718
16176 14575 14819 13518
16324 14510 14764 13272
13774 15617 14960 14716
14412 14876 13891 16067
14628 15175 16302 15023
14727 15903 14389 14100
14964 14718 13711 15873
15251 13385 14937 15480
16272 14495 14697 13216
16307 14202 14636 13267
15292 13587 14619 15654
16122 13905 14878 14356
14502 14830 16057 15210
14096 14607 15200 15866
15098 14774 13808 15825
15524 14904 15365 13665
14754 15290 16215 15147
15601 14876 15771 13806
15893 14133 15524 14859
14601 15762 14471 14290
15729 14193 15459 15062
14439 14958 13947 15923
14525 14958 15950 15302
15515 14887 15803 13945
14264 15417 15305 14541
14554 15035 15949 15470
15404 14373 14077 15626
15570 14867 15734 13956
15806 14350 14852 14795
14340 15396 15386 14555
15310 13525 14739 15589
14204 15245 14249 15919
15380 14367 14072 15665
16207 14290 14662 13558
15692 14195 15312 14956
13793 15492 14961 14673
16059 14529 14840 13434
15573 14799 15891 13866
15627 14653 15909 13909
15691 14244 15426 14972
14520 14793 16032 15269
14451 15082 14246 15750
14665 15259 16259 15095
14340 14966 13963 16064
14916 14859 13779 15885
15923 13992 15376 14820
15252 14398 13969 15646
14042 14583 15309 15777
15286 13444 14772 15701
15994 14018 15410 14800
15881 14095 15548 14855
15897 14675 14833 13529
15345 14420 14123 15567
14605 14792 15980 15172
15906 14047 15414 14597
14022 15574 15128 14417
14299 15331 15417 14475
14239 15483 15390 14403
14038 15538 15094 14348
16154 14423 14726 13330
16241 14287 14766 13373
15894 14519 14882 13408
14013 15590 15147 14397
16139 14612 14832 13609
15348 14944 15599 14083
16021 13910 15454 14769
15211 15650 14199 14544
15261 15287 14405 14036
13848 15775 15040 14523
13842 15717 15082 14503
14803 15798 14260 14232
15008 15146 14805 14405
15241 15572 14291 14393
13915 15676 15058 14617
14807 15806 14272 14160
16229 14453 14829 13325
15213 15632 14132 14473
15172 15741 14340 14643
16180 14275 14677 13580
15768 14108 15557 14800
16293 14227 14684 13222
16144 14491 14817 13306
15185 14264 14107 15637
14586 15198 16242 15150
15852 13978 15561 14818
14851 15734 14353 14115
15322 14983 15676 14062
13959 15529 15024 14547
14701 15171 16288 15161
15163 15755 14148 14615
14284 15514 14452 14962
16236 14274 14687 13458
15352 13469 14805 15612
14724 15726 14412 14305
14325 15061 14226 15867
15620 14859 15793 13875
14841 15833 14386 14154
14882 14864 15846 14754
15357 14723 15635 14143
15346 14959 15561 14218
14622 15238 16262 15137
14878 14951 15927 14778
15272 13401 14804 15651
16031 14014 15422 14716
15623 14661 15847 13903
14944 15132 15633 15653
15152 15789 14302 14691
14894 15851 14392 14094
15328 14973 15691 14141
13936 15623 15058 14507
14729 15148 16227 15039
13976 15485 15052 14482
14967 15696 14401 14057
15137 15797 14265 14687
14259 15188 14390 15787
15260 15130 14459 14094
14909 15181 15651 15680
14824 15667 14398 14067
14288 15056 14244 15753
14983 15161 15650 15595
14554 15035 15949 15470
16058 13960 15367 14690
14721 15843 14343 14139
13958 15597 15036 14615
14724 15165 16235 15134
14997 15180 14788 14476
13780 15675 15049 14696
14643 15179 16259 15149
16058 13960 15367 14690
13666 15501 14919 14676
14284 14943 13849 15927
14653 15165 16218 15092
14701 15795 14255 14125
14898 14655 13772 15790
15288 13523 14710 15442
16155 14473 14687 13160
16214 14450 14770 13304
15470 14432 15741 13811
15635 13793 15232 15040
14463 14818 15835 15322
15667 13615 15136 14951
14546 14794 16016 15128
16013 14609 14743 13557
14134 15334 15251 14241
14747 15244 16201 15080
14398 14801 16054 15189
16192 14218 14586 13308
14241 15076 14380 15745
14626 14700 13922 15679
13915 15625 15058 14604
16115 14212 14637 13507
15163 14382 14053 15475
15000 15029 14695 14280
15848 13970 15450 14718
15357 14371 13991 15589
15945 13926 15342 14667
13833 15668 15065 14477
15639 13696 15259 14982
15420 14832 15721 13894
15708 14042 15487 14841
13983 15519 15063 14405
15334 14317 13997 15533
14119 15217 14227 15840
15099 15555 14283 14198
14827 15790 14178 14489
16172 14238 14643 13408
14198 15512 14352 14869
13750 14570 14977 15845
16106 14495 14831 13408
14623 14617 15933 15100
14797 15780 14286 14214
15648 14531 14773 13239
15269 14875 15617 14125
15872 13955 15320 14709
14315 15014 14202 15851
14381 15158 14257 15680
13739 15574 14958 14632
15246 14885 15586 14131
15986 13940 15390 14657
14435 14967 15913 15455
15144 15503 14241 14402
14888 15163 14731 14515
16120 14413 14812 13281
14249 14982 14289 15517
15728 14030 15515 14821
14696 15668 14369 13988
15709 14011 15531 14776
13875 14451 14952 15718
13838 14594 14880 15798
15267 14907 15505 14080
15440 14812 15734 13882
14922 15005 15513 15464
15336 14814 15577 14053
13858 14501 14863 15766
14219 15039 14370 15767
15721 13943 15545 14815
15278 14892 15511 13991
13737 14491 14966 15701
13999 15077 14162 15776
14531 15785 14207 13790
14702 15155 16199 15069
15208 14197 13880 15356
15641 13527 15087 14877
16114 14346 14797 13161
16212 14208 14578 13226
15967 13899 15382 14620
14150 15497 14339 14782
14336 14918 15675 15253
14718 14850 15793 14685
15535 13641 15152 15018
15105 14355 14016 15412
14863 14923 15469 15392
13829 14549 14858 15774
13942 15406 14917 14277
15185 14885 15528 13982
14727 15721 14183 14161
14590 14496 15968 15083
13762 15356 15011 14455
13863 15609 14969 14455
15927 14369 14705 13382
15870 14412 14673 13373
14559 15016 16042 15078
15628 13620 15191 15004
14709 15179 16190 14980
15177 14235 13984 15408
16065 14220 14574 13375
16196 14331 14706 13267
15554 13626 15187 14976
15964 14486 14743 13369
16064 14342 14771 13177
16125 14347 14736 13227
16203 14434 14696 13174
15938 14368 14764 13263
13726 14436 14846 15727
14699 15134 16145 15040
15593 13516 15093 14907
16113 14259 14557 13074
16168 14208 14626 13120
15936 13863 15245 14586
15931 14449 14742 13349
15523 13639 15097 14884
15588 13586 15120 14912
15529 13546 15095 14932
13669 15062 14867 14480
13704 15025 14815 14432
13705 14365 14813 15619
13745 15070 14474 14625
14608 14922 16008 14958
15502 13448 15025 14832
15504 13490 14999 14794
14488 14946 15972 15002
15335 13558 14983 14754
13618 15020 14828 14429
14416 14931 15851 14967
14588 14868 15910 14906
13626 14943 14849 14455
13558 14923 14797 14236
13702 14590 15251 16035
14811 15237 16509 15129
14814 15062 13684 15848
14928 14920 14170 16312
15035 15929 14194 14691
15403 13409 14847 15608
16212 14446 14786 13231
16415 14317 14706 13346
14413 15024 15922 15399
15267 14065 15002 15575
14568 14790 16026 15425
13763 14634 15237 15977
13830 14554 15282 16120
14349 15315 14586 15502
16047 14650 15118 13837
13905 15852 15148 14546
15680 14015 15736 14950
15144 15019 14841 13644
14542 15110 13982 16255
14245 15365 14261 16188
14020 15591 15105 14469
15569 14076 15706 15022
15401 14837 15775 14208
14072 15524 15213 14964
16241 14287 14766 13373
15649 14098 15228 15106
13878 14696 15209 16082
15271 14869 15767 14037
16387 14229 14503 13505
14273 15200 14366 16011
16269 14213 14836 13467
16324 14510 14764 13272
16176 14575 14819 13518
15059 14777 13889 15808
15686 13605 15154 15201
13983 15681 15160 14474
15040 14989 16190 14754
16101 13839 15389 14632
15995 13788 15327 15082
15817 14170 15584 14816
15438 14812 15551 14136
14348 15228 14227 15758
15363 15403 14525 14514
16203 14372 14849 13232
14634 15803 14519 14308
15286 13545 14682 15648
13702 14590 15251 16035
15688 13916 15657 14913
15124 14844 15688 14292
14789 15143 16429 15301
15377 13427 14931 15606
15308 13770 14786 15475
15947 14168 15534 14831
14888 14931 13750 15719
14976 15809 14331 14217
14097 15396 15049 14855
14839 15915 14458 14364
16272 14408 14769 13343
14552 14966 13887 16150
13953 15654 15029 14740
15868 14069 15535 14787
15926 14196 15288 14974
15688 13916 15657 14913
15380 13952 14782 15609
15061 14878 16116 14736
14624 14797 16054 15365
15803 13750 15222 15190
14701 15731 14472 14388
14385 15458 15422 14512
14895 15748 14405 14138
16285 14288 14564 13594
16358 14504 14678 13571
14885 15143 16353 15234
14133 15279 14290 15961
14749 15184 16391 15356
14999 15079 16301 15183
14499 15048 13984 16224
16115 13845 15384 14722
15344 13536 14745 15718
14515 15158 14036 16110
14837 15263 16281 15273
15893 14133 15524 14859
14855 15253 16276 15180
14222 15201 14330 15926
16252 14387 14699 13752
15498 14903 15485 13905
16058 14726 14927 13628
15680 14481 15145 13951
14135 15479 15084 14813
15102 14812 13839 15830
15109 14251 14906 15747
14407 15074 14081 15968
14439 14969 14044 16251
15793 13666 15240 15188
15810 14516 15090 14244
14679 14979 14236 15825
14478 14920 16122 15374
16354 14388 14691 13550
14019 14857 15204 16016
14258 15173 14433 15877
15462 15461 14571 14496
14360 15213 14305 15886
15726 13784 15182 15177
15385 14483 14057 15695
14617 15125 14422 15936
14122 15665 15092 14462
14874 15716 14340 14177
15771 14745 15076 14147
15036 15191 14881 14562
15516 13803 14949 15446
15706 15165 14634 13683
14646 14989 14305 15852
13894 14559 15251 16064
15709 14317 15429 15045
15397 13505 14900 15718
14194 15354 15016 14724
15022 15016 16167 14816
15539 14931 15448 13906
14201 15397 14862 14666
15757 15162 14622 13826
15488 13754 14896 15596
15810 14175 15337 15084
15025 15229 14868 14629
14380 15196 14116 15816
15547 14190 15314 15099
15435 14435 14046 15620
15448 14792 14982 14232
14052 15644 15158 14437
14871 13785 14962 15791
15716 15224 14551 13607
15544 14939 15511 13893
15297 14998 15747 14207
15683 15221 14740 14004
14193 15484 15071 14814
14925 14948 13732 15745
16332 14218 14713 13344
15706 14719 15504 13799
14822 15253 16391 15342
15102 14812 13839 15830
14863 15222 16417 15327
14880 15130 16403 15219
15793 13666 15240 15188
15567 14944 15454 13902
15419 15005 15711 14170
14874 15231 16374 15152
15084 15221 14858 14504
15423 14459 14136 15671
14052 15644 15158 14437
14701 15731 14472 14388
14992 15182 15727 15710
15784 14097 15539 14818
15757 13776 15236 15145
16131 13794 15297 14754
15893 14133 15524 14859
16144 14739 14888 13716
16110 14842 14649 14140
15412 14982 15731 13980
15423 14459 14136 15671
16144 14739 14888 13716
14839 15915 14458 14364
14618 14982 14394 15816
15516 13803 14949 15446
14789 15143 16429 15301
14499 15048 13984 16224
15541 14779 15516 13804
15815 15148 14518 13790
16115 13845 15384 14722
14521 15095 14412 15947
14925 14948 13732 15745
15022 15018 16128 14856
16056 13783 15429 14750
14193 15484 15071 14814
14521 15095 14412 15947
15397 13505 14900 15718
15689 14587 15534 13795
15105 15129 14883 14437
15432 14959 15732 14186
16415 14317 14706 13346
15432 14959 15732 14186
15815 15148 14518 13790
13485 14366 15009 16063
14511 15031 13884 16140
14797 15780 14286 14214
14806 15141 16507 15127
14870 14644 13713 15717
15134 13399 14848 15605
16114 14395 14754 13208
16324 14231 14546 13506
14803 14678 15980 15322
16290 14357 14677 13425
15640 15218 14451 13751
13688 14700 15163 15838
16205 14192 14577 13512
15981 13831 15227 14645
15284 14956 15716 14089
14170 15334 14246 15846
15178 13597 14711 15355
15508 13962 15532 14971
15408 14909 15426 14059
15094 14755 15634 14250
14948 14877 16171 14834
15649 14454 15124 13898
16004 13689 14988 14753
15163 13682 14524 15403
14733 15198 16405 15088
13963 15431 15109 14567
14865 14636 13817 15710
16165 14147 14698 13290
13859 14446 15115 16034
15284 14373 14118 15558
15859 14118 15376 14775
15157 13566 14792 15472
15590 13750 15127 15165
15591 13886 15646 14873
14359 15072 14392 15842
15271 13544 14885 15591
15959 14657 14805 13479
14491 15027 13984 16080
13767 14559 15120 15932
14744 15182 16414 15151
14607 14931 14269 15892
15634 13838 15566 14738
15264 14797 15701 14102
14204 15245 14249 15919
14592 15637 14261 14305
14811 15221 16278 15168
14087 15615 15022 14425
14024 15521 15010 14512
14919 15701 14151 14144
13945 15467 15058 14425
14543 14925 16070 15343
15484 13995 15538 14946
16223 14388 14735 13276
15629 14192 15315 15019
13746 14507 15150 16053
15829 14080 15489 14792
14263 15114 13930 15934
15733 14481 15030 13824
15394 14400 13958 15617
14049 15646 15020 14396
15272 14374 14018 15622
14876 15024 16213 15010
14981 14976 16149 14781
16180 14226 14548 13426
15546 14164 15231 15035
14554 15552 14344 14134
13945 15446 15011 14439
14014 15391 15019 14452
15026 15155 14862 14517
15698 14024 15401 15013
14375 15111 14280 15875
15292 13516 14642 15632
15217 13421 14818 15625
14835 15193 16381 15242
15641 14522 15045 13877
15338 13500 14794 15597
14891 14932 13760 15706
15811 14127 15416 14740
15237 15389 14501 14268
15023 15177 14674 14599
14865 14668 13731 15775
14184 15157 14240 15979
15462 14076 15603 14898
16313 14162 14590 13222
16077 14149 14689 13277
14051 15595 15115 14408
14806 15758 14221 14149
15529 14659 15472 13802
15240 14719 15695 14107
14852 15134 16316 15115
15268 13468 14792 15655
14917 15776 14194 14188
14207 15210 14125 15964
14991 14971 16177 14804
14842 15689 14294 14179
13821 14692 15118 15791
14192 15384 15037 14761
14851 15103 16334 15255
15563 14227 15264 14879
14801 15051 16390 15194
16026 14454 14801 13228
15698 14134 15347 14936
15251 15407 14422 14407
15558 14075 15592 14891
14800 15136 16344 15276
14508 15040 14337 15808
16110 14366 14854 13242
15220 13417 14749 15668
15565 14022 15646 14918
14571 14942 14221 15693
15166 13471 14664 15704
15526 14906 15436 13810
13801 14699 15036 15833
14562 14922 16096 15306
15533 14672 15358 13838
14522 15000 14263 15870
15723 15152 14513 13823
15405 14948 15668 14117
15321 14399 13965 15648
15297 14919 15622 14126
14228 15122 14412 15835
15239 14897 15592 14172
14040 15180 14202 16039
14492 15115 13922 16045
14844 15771 14319 14132
14516 14945 13928 16100
14226 15183 14258 15878
15308 14903 15653 14143
15289 14958 15578 14139
14548 15021 14320 15869
14369 15054 14288 15867
14999 15157 14806 14407
14562 14922 16096 15306
14518 15062 13903 16123
15635 14125 15360 14925
14518 15062 13903 16123
14245 15197 14261 15833
13612 14557 15095 15804
14393 14951 13896 16062
14527 15620 14255 14232
14806 15058 16328 15110
14874 14838 13684 15667
15263 13397 14761 15654
15995 14379 14783 13057
16270 14204 14608 13260
16208 14107 14587 13402
15931 13654 15064 14396
15509 13834 15636 14850
15454 14443 14905 13859
14947 14961 16069 14757
15525 14031 15272 14851
14650 15564 14207 14031
13918 15387 14929 14425
15539 14016 15576 14918
14073 15118 14394 15761
14498 15014 13833 16047
14444 14889 14144 15810
15717 14324 14960 13696
13729 14475 14991 15909
15093 15203 14230 14337
15286 14692 15428 14104
15606 13776 15445 14685
15560 13896 15487 14637
14180 15310 14993 14525
13997 15463 14970 14350
15131 13504 14801 15391
14558 15510 14183 14151
15616 15069 14432 13732
14730 15170 16185 15157
15214 14291 13854 15431
15136 14285 13890 15548
14187 15165 14161 15812
14981 14914 16089 14747
15248 13511 14710 15393
13793 14379 15067 15562
15327 13422 14742 15588
14902 14964 14945 13509
15573 13834 15477 14775
15011 15171 14662 14488
15524 14733 15435 13779
14810 15133 16293 15222
13657 14695 15030 15833
14845 14560 16304 15188
14889 14967 15004 13598
13646 14540 15085 15730
14840 14902 13685 15656
15686 14237 14931 13734
14162 15043 14191 15686
14799 15161 16275 15215
15272 13437 14633 15593
14846 15044 16209 15135
15643 14394 15018 13821
15283 14845 15496 14135
15115 14902 14729 13578
13617 14541 15050 15894
15290 14839 15602 14051
15217 13424 14704 15603
14971 15155 14664 14489
15646 14332 14934 13761
15555 14355 15021 13800
15255 14841 15546 14049
14511 14960 14242 15689
14819 15124 16313 15209
13925 15078 14069 15788
14154 15234 14827 14519
14671 14944 16271 15105
14685 14800 13615 15595
15131 13312 14620 15490
16264 14080 14597 13205
15498 13846 15531 14809
15635 14314 14859 13699
14981 14666 15617 14143
15237 14806 15441 14057
15537 15025 14350 13695
15573 14215 14973 13703
14476 14738 15785 15190
15490 14240 14866 13775
14906 14926 16050 14700
14429 14822 15841 15178
14786 14690 13629 15615
14838 15017 16204 14984
14793 15102 16172 15043
14759 15149 16241 15102
14461 14820 16013 15165
14977 14699 15455 14120
14786 15116 16251 15103
13572 15088 14832 14414
13665 15103 14554 14715
14414 14693 15897 15164
14418 14714 15954 15129
14812 14927 14870 13379
15302 13781 15353 14772
15554 14160 14942 13683
14856 14857 14966 13547
15498 14247 14784 13679
13818 14815 14688 14279
13861 15077 14659 14636
14825 14952 14835 13451
13777 15039 14563 14660
13724 15077 14764 14371
13616 15087 14916 14312
13669 15062 14867 14480
13634 14838 14595 14657
13591 15075 14797 14458
13856 15098 14595 14646
13669 15062 14867 14480
13570 15000 14830 14389
13745 15070 14474 14625
13825 15023 14520 14639
14670 14841 14902 13487
13632 14918 14805 14322
13585 14964 14814 14392
13603 15031 14807 14428
13603 15031 14807 14428
13577 14909 14287 14624
13598 14987 14386 14490
13637 14680 15343 16001
14705 15116 16429 14964
14814 15062 13684 15848
14928 14920 14170 16312
15035 15929 14194 14691
15397 13505 14900 15718
16324 14510 14764 13272
16415 14317 14706 13346
15661 13914 15632 14938
16058 14726 14927 13628
13759 15559 15180 14637
16047 14650 15118 13837
15288 13993 14808 15481
15515 14887 15803 13945
14413 15024 15922 15399
13905 15852 15148 14546
16352 14370 14808 13449
15292 13587 14619 15654
14835 15193 16381 15242
13788 14623 15331 16051
15346 14072 14810 15419
15220 14122 14750 15429
16310 14381 14698 13521
15242 15400 14647 14608
15926 14196 15288 14974
15116 14926 16026 14784
14439 14969 14044 16251
14142 14589 15210 15908
14478 15064 14056 16144
15658 13796 15658 14819
16004 13689 14988 14753
15383 14272 15513 15116
15848 15147 14760 14003
15464 14452 15478 14832
15010 15136 16150 15089
15071 14880 16058 14687
16010 14481 15053 14104
14925 14948 13732 15745
15374 13564 15010 15704
15286 13664 14871 15601
13840 14664 15261 16040
16257 14489 15083 14061
14530 14865 16115 15304
15729 13706 15235 15164
14802 15323 16261 15202
14221 15571 15022 14436
15169 15135 15582 15337
16115 13845 15384 14722
15488 13754 14896 15596
13878 14696 15209 16082
14252 15280 14127 15933
14385 15458 15422 14512
16115 13845 15384 14722
13980 15641 14995 14571
15448 14336 15003 15053
15872 13792 15174 15087
16265 14417 14787 13329
16144 14739 14888 13716
14595 15806 14576 14257
16176 14575 14819 13518
14387 15123 14253 15784
14647 15778 14557 14153
14111 15651 15137 14421
15148 14743 13864 15861
13856 15480 14925 14600
15817 13712 15192 15206
14563 14971 16216 15287
14992 15182 15727 15710
15305 15523 14385 14457
15320 14162 15539 15031
15579 14847 15856 13894
16269 14213 14836 13467
14760 15304 16307 15187
14245 15365 14261 16188
14879 15901 14345 14232
14497 15093 14375 15956
14307 15255 14169 15923
14489 14956 14029 16030
14662 15824 14475 14188
16411 14435 14643 13335
15579 14847 15856 13894
14312 15113 14405 15975
14716 15770 14601 14332
16415 14317 14706 13346
14494 15050 13912 16071
16144 14739 14888 13716
14499 15048 13984 16224
16260 14564 15030 14076
14787 14779 14320 16078
15654 14823 15889 13944
14367 15021 14432 15892
13983 15681 15160 14474
15765 13682 15195 15160
15314 13941 14908 15447
15778 14225 15397 15025
15384 15013 15710 14208
15257 15367 14442 14558
16190 14567 15082 14067
14835 14990 13757 15768
15044 14781 13810 15852
14879 15901 14345 14232
14069 15709 15039 14420
15476 13964 14880 15467
15195 14199 14871 15679
15328 15243 14683 14558
14034 15539 15088 14527
15810 14175 15337 15084
14563 14971 16216 15287
14929 14841 13799 15858
16287 14442 14582 13465
15294 15608 14286 14416
15752 14217 15443 15003
15751 14738 15552 13868
14760 15304 16307 15187
15374 14851 15755 14344
15964 15121 14724 13961
14634 15803 14519 14308
15176 14867 15745 14296
13998 15470 15123 14462
15401 14354 15069 15024
14248 15213 14428 15857
15093 14912 16044 14788
15109 14251 14906 15747
15380 13952 14782 15609
16324 14510 14764 13272
14698 14996 13767 15774
15793 13666 15240 15188
14499 15048 13984 16224
14518 15062 13903 16123
14275 15357 14124 16049
14762 15700 14404 14391
15849 14270 15474 14965
15102 14812 13839 15830
14671 15008 13859 15812
14375 15111 14280 15875
14586 15780 14513 14334
15059 14814 13799 15829
15944 15176 14698 13910
14839 15915 14458 14364
15654 14823 15889 13944
15948 15135 14671 13856
15397 13505 14900 15718
14133 15585 15179 14331
15488 13754 14896 15596
15340 15330 14565 14490
15127 14848 16033 14736
15386 14904 15747 13913
14478 14920 16122 15374
15393 15476 14502 14534
14039 15623 15058 14517
14775 15033 13695 15913
14279 15187 14331 15860
15484 13953 14802 15386
14682 15733 14475 14353
15745 14203 15476 15001
14668 15749 14467 14390
14519 14869 16043 15330
14066 15604 15064 14498
14701 15731 14472 14388
15964 15121 14724 13961
15419 15005 15711 14170
14634 15803 14519 14308
14025 15582 15061 14558
14052 15644 15158 14437
14478 14920 16122 15374
14372 15348 14126 16075
14518 15062 13903 16123
14839 15915 14458 14364
14775 15033 13695 15913
14053 15582 15080 14493
15464 14452 15478 14832
14275 15357 14124 16049
15419 15005 15711 14170
15102 14812 13839 15830
15036 15191 14881 14562
15036 15191 14881 14562
15419 15005 15711 14170
15397 13505 14900 15718
16415 14317 14706 13346
13578 14677 14928 15847
13702 14590 15251 16035
14539 15804 14437 14050
14628 14913 13616 15587
14746 15302 16275 15079
15364 13520 14981 15688
16185 14449 14842 13202
16320 14195 14613 13293
15885 14975 14627 13773
15297 14391 15324 14710
15452 13842 15506 14771
16086 14464 15000 13987
14941 14704 13816 15813
15169 14024 14779 15429
14204 15245 14249 15919
14448 15052 13945 15914
13934 15608 14984 14527
15532 14756 15852 13867
13972 15514 15068 14444
15385 15393 14455 14380
14154 15236 14121 15944
13807 14583 15224 15990
16280 14294 14677 13481
15553 13748 15612 14823
14352 14968 14310 15734
14305 15021 14062 15767
14066 15597 15016 14439
15959 14657 14805 13479
14553 15719 14574 14309
16317 14258 14591 13289
14856 15160 14729 14488
14433 14889 16058 15317
15086 14871 16002 14786
15759 14136 15382 14949
15639 14753 15847 13923
16031 14290 14875 14044
14296 15306 14119 15976
14775 14882 13745 15740
15372 13646 14787 15472
13958 15465 14939 14503
16258 14435 14980 14002
15006 15093 15450 15230
14716 15212 16273 15120
15576 14837 15793 13854
13763 14634 15237 15977
13836 15651 15092 14507
15337 13611 14800 15457
15706 14719 15504 13799
15234 14815 15748 14241
15306 13535 14875 15667
14267 15070 14289 15647
14659 15677 14493 14249
15348 15005 15683 14159
15839 15047 14739 13925
15271 14198 15422 14994
13639 14597 15196 16009
15114 14665 15587 14289
14797 15780 14286 14214
14854 14726 13770 15774
15309 13743 14856 15586
15080 15029 15507 15334
14631 15726 14406 14258
15302 14040 14765 15373
16295 14326 14658 13425
14033 15612 15110 14433
15311 14100 15481 14968
15797 15119 14674 13979
15158 14728 15631 14250
15594 13674 15158 15017
14794 15150 16233 15107
15447 14316 14967 15039
15893 15032 14625 13893
14470 14789 16153 15237
15338 14299 15029 14924
15382 14905 15599 14136
14178 15097 14342 15737
14449 14854 16147 15216
15763 13833 15112 15038
15738 13696 15154 15138
13948 15631 15035 14398
14589 15802 14474 14165
14678 15647 14374 14384
13646 14667 15193 15939
16286 14373 14695 13395
14625 15699 14463 14284
14539 15774 14488 14232
15350 14079 15412 15076
14516 14930 16089 15242
15799 13705 15117 15147
14489 14934 16195 15165
14511 14829 16088 15288
15396 14853 15613 14151
15773 13709 15097 15088
15719 14115 15408 14928
14514 14865 16003 15260
15051 15054 14848 14393
14940 14197 14852 15653
15351 14443 15284 14782
15291 14031 14798 15407
14762 15227 16184 15103
15253 14861 15605 14177
15226 14839 15590 14287
15715 13666 15256 15024
16290 14357 14677 13425
16286 14373 14695 13395
14271 15053 14389 15760
14502 14854 16191 15175
15364 13520 14981 15688
14490 14918 16187 15165
16280 14294 14677 13481
13531 14632 15120 15889
13649 14526 15129 15959
14475 14827 16154 15156
14538 15756 14435 14203
14682 14853 13689 15704
15311 13402 14896 15686
16244 14392 14748 13156
16292 14117 14567 13417
14519 15654 14215 14297
15736 13730 15027 15026
13998 15592 15074 14427
14867 14815 15962 14671
14218 15040 14262 15628
15254 14094 15366 14975
14657 15493 14269 14103
15523 13512 15143 14850
14698 15110 16076 15010
16094 14430 14550 13579
15624 13633 15034 14971
15477 14748 15746 13906
14030 15500 14986 14324
15565 14710 15432 13731
15040 14828 15889 14650
14021 15480 15099 14398
13765 14510 15174 15957
15301 13551 14814 15371
15190 14778 15554 14199
14415 14741 15956 15259
14963 14966 15404 15272
15334 13453 14965 15617
15584 14637 15348 13828
15165 15282 14455 14294
13681 14575 15196 15758
15880 15011 14568 13793
15252 14371 15079 14588
15761 14941 14576 13792
14635 15260 14881 13541
15071 14981 15500 15220
15270 13691 14846 15488
16280 14329 14675 13332
13661 14561 15213 15907
15545 14738 15750 13871
14573 15139 16142 14974
14657 15125 16129 15071
13717 14463 15206 15953
15862 14972 14505 13859
15291 13458 14782 15538
16128 14319 14721 13483
15268 14827 15672 13858
15126 14749 15524 14235
14510 15691 14470 14206
14553 15714 14465 14274
15122 14808 15693 14203
16251 14203 14593 13460
15181 13706 14735 15571
15309 13403 14844 15655
16213 14235 14813 13395
16170 14212 14634 13470
16233 14251 14601 13521
16241 14287 14766 13373
16231 14415 14582 13546
16189 14324 14617 13578
16286 14286 14671 13388
16178 14275 14765 13459
16277 14280 14562 13448
16179 14389 14622 13433
16229 14355 14673 13421
16225 14367 14742 13437
16151 14368 14674 13449
13487 14515 15126 15678
13497 14475 15112 15800
14344 15615 14332 13962
14424 14698 15862 15140
15288 13396 14860 15581
16183 14249 14699 13260
16271 14286 14646 13365
15251 13640 14836 15448
15226 14594 15628 13745
14795 14799 15217 15171
16218 14225 14541 13494
16167 14309 14667 13430
15153 15229 14392 14281
14969 14774 15510 14251
13759 15074 14499 14711
14847 14842 15441 14909
13915 15521 14971 14418
13842 15478 14800 14423
15250 13428 14720 15601
14894 14958 15359 15126
14905 14907 15436 15072
13612 15134 14755 14444
14902 14964 14945 13509
13756 14990 14872 14534
14935 14938 14754 14538
13850 15545 14927 14384
13537 14425 15130 15765
13522 14483 15035 15689
15037 14866 15438 15122
13699 14437 15125 15693
16226 14297 14631 13390
13561 14551 14977 15766
16180 14361 14716 13400
13591 15067 14825 14436
13587 14539 14922 15789
16184 14314 14647 13415
13452 14413 15024 15694
13464 14401 14987 15758
13745 15070 14474 14625
15144 13324 14653 15580
16209 14297 14593 13075
14769 14837 14825 13546
16084 14106 14481 13428
14853 13405 14824 15279
13584 15025 14705 14379
14947 13366 14649 15095
15974 14258 14480 13371
14935 13362 14844 15306
13618 14919 14506 14601
16171 14204 14609 13201
14857 14944 14982 13483
13525 14936 14726 14507
13669 15005 14923 14415
16138 14239 14571 13390
14856 14919 14905 13544
13702 14983 14764 14491
16084 14242 14619 13293
13679 14955 14800 14393
13622 14989 14774 14461
14853 14905 14915 13521
13516 14405 14823 15744
16108 14258 14571 13332
16113 14250 14612 13416
13675 14984 14838 14401
13536 14947 14812 14254
13697 15018 14392 14623
14841 13248 14695 15113
14844 14901 14865 13485
14932 13357 14664 15143
16034 14161 14616 13272
13613 14906 14719 14321
13444 14709 14400 14197
14719 14852 14825 13467
14751 13214 14618 15043
14795 14844 14797 13475
13493 14782 14671 14156
13367 14706 14619 14075
13380 14634 14612 14044
13702 14590 15251 16035
14705 15116 16429 14964
14814 15062 13684 15848
14928 14920 14170 16312
14938 13329 15030 15651
15035 15929 14194 14691
16279 14335 14771 13262
16415 14317 14706 13346
14843 15156 16272 15207
14051 15454 15300 14832
14173 15684 14967 14454
16058 14726 14927 13628
15292 13587 14619 15654
16307 14372 14753 13533
14245 15365 14261 16188
14099 15554 14953 14473
15133 15003 15754 15558
14439 14969 14044 16251
16110 14842 14649 14140
15969 15082 14847 13890
13878 14696 15209 16082
13814 15796 15077 14740
15249 13399 14918 15622
15847 14302 15455 14977
15710 14234 15324 15047
16176 14575 14819 13518
15917 15014 14665 14037
15515 14887 15803 13945
15548 13877 15655 14827
15102 14812 13839 15830
15607 14929 15369 13687
15558 14075 15592 14891
14634 15815 14346 14260
16308 14157 14823 13396
16378 14305 14778 13476
15397 13505 14900 15718
15767 14095 15389 15086
14731 14660 14395 15890
15294 15608 14286 14416
15781 14182 15406 15059
15567 13978 15579 14932
16253 14415 15004 13309
14478 14920 16122 15374
14916 13424 15133 15681
13991 15759 15168 14508
14452 15058 13930 16212
14365 15286 14248 16001
15007 14954 13892 15754
14800 15216 16316 15309
16050 15216 14813 13781
14732 15108 16384 15338
15822 14476 15162 14312
14339 15230 15939 15252
16000 15075 14816 13730
15312 13523 14872 15747
15148 14743 13864 15861
13763 14634 15237 15977
15192 14868 15844 14662
14377 15220 14096 15883
14248 15379 14145 15905
13759 15559 15180 14637
15670 13969 15624 15008
14750 14644 14453 15962
14721 15757 14558 14229
14088 15614 15183 14519
15679 14146 15482 15041
15242 14787 14012 15137
15747 14132 15377 15122
15078 14717 13980 15825
14413 15024 15922 15399
14116 15425 15192 14662
15654 14151 15571 14926
14451 15249 15884 15368
15557 14801 15795 14016
14631 15791 14477 14398
15790 14336 15442 15034
14970 14996 15760 15456
16045 13799 15346 14750
15488 13754 14896 15596
16047 14650 15118 13837
14315 15291 14103 16018
14533 15191 16049 15311
14358 15243 15963 15212
15307 14032 15533 15177
14835 15193 16381 15242
16269 14213 14836 13467
15625 13949 15643 14865
13905 15852 15148 14546
15930 15033 14713 14035
14996 14927 16076 14750
14760 15304 16307 15187
14871 13785 14962 15791
15419 15005 15711 14170
16115 13845 15384 14722
14967 14906 16120 14708
15375 13569 14869 15799
15747 14520 15084 14338
15793 13666 15240 15188
14787 14779 14320 16078
16023 13849 15315 14626
14085 15706 15180 14573
16004 13689 14988 14753
13945 15318 15357 14672
15086 14871 16002 14786
15215 14709 15628 14363
14263 15429 14320 15778
15893 14133 15524 14859
16171 14576 15169 14191
15375 13926 14990 15379
14665 15768 14469 14276
16324 14510 14764 13272
14266 15355 14311 15943
14499 15048 13984 16224
14583 15218 15954 15388
16274 14390 14638 13316
14269 15325 14262 15916
15206 14833 15682 14284
15616 14891 15767 13850
14893 14978 15798 15401
13927 14683 15211 16023
14898 14887 15849 14772
13880 15845 15146 14713
15624 14427 15178 14396
15810 14516 15090 14244
15488 13754 14896 15596
14571 15754 14508 14325
14671 15008 13859 15812
15466 14965 15669 14193
16269 14220 14793 13294
16415 14317 14706 13346
15364 13445 14902 15649
15102 14812 13839 15830
13943 14755 15226 15983
14881 13571 15010 15615
15609 14802 15891 13934
15307 14032 15533 15177
15448 14792 14982 14232
15842 15042 14633 14141
14533 15191 16049 15311
14491 14991 14003 15952
14573 15705 14504 14324
14277 15228 13991 16020
13911 15357 15356 14611
15341 15021 15572 14034
15086 14871 16002 14786
14701 15731 14472 14388
14970 14996 15760 15456
15364 13445 14902 15649
15373 14902 15713 14230
14275 15357 14124 16049
13908 15806 15029 14650
15139 14959 15689 14335
15402 14891 15629 14205
14701 15731 14472 14388
16324 14510 14764 13272
14142 14589 15210 15908
14634 15803 14519 14308
15896 14335 15005 14219
15037 14956 13862 15830
15036 15191 14881 14562
13905 15852 15148 14546
14478 14920 16122 15374
15793 13666 15240 15188
13941 15764 15086 14622
15347 15006 15688 14236
14275 15357 14124 16049
15893 14133 15524 14859
14634 15803 14519 14308
14835 15193 16381 15242
16269 14213 14836 13467
16004 13689 14988 14753
16115 13845 15384 14722
15401 14898 15636 14231
14142 14589 15210 15908
15609 14802 15891 13934
13905 15852 15148 14546
13619 14459 15047 15982
13802 15845 15047 14653
14517 14916 13972 16110
14622 15077 16348 15332
14925 14948 13732 15745
14943 13364 14904 15580
16219 14405 14723 13166
16367 14256 14737 13309
15791 14222 15338 14862
15616 13983 15421 14809
14653 15187 16157 15161
14443 15086 15934 15349
14865 13508 14949 15503
14790 15123 16177 15163
15311 14799 15656 13657
15442 13878 15529 14766
16096 14483 14628 13225
15997 13680 15204 14585
14470 15607 14509 14110
15071 14709 13793 15678
15527 14778 15797 13901
15541 14056 15517 14831
14305 15021 14062 15767
13700 14684 15177 15960
14663 14555 14372 15836
14579 15762 14452 14281
16043 14430 15153 14042
14954 14646 13886 15701
14063 15462 15144 14392
14137 15354 14155 15896
15993 14586 14783 13480
14337 15008 13893 15573
15175 14848 15591 14260
14712 15129 16269 15302
15743 14260 15360 14999
15544 14751 15826 13837
16174 14389 14589 13286
15978 15086 14800 13727
15879 13712 14936 14751
14430 14930 13983 16091
15874 13690 14996 14677
15114 14742 15652 14321
15939 15140 14703 13699
15281 13373 14816 15487
14819 15098 16298 15132
14562 15813 14318 14197
14675 14613 14327 15797
16147 14342 14849 13185
15761 14175 15293 15051
16037 13794 15267 14584
14028 15532 15133 14468
16002 13817 15223 14572
15274 14902 15700 13854
14902 13443 14957 15496
13950 15304 15266 14644
15773 14080 15408 15015
15190 14727 15543 14230
13785 15738 15073 14708
13813 14536 15192 15959
14914 14885 15875 14743
14974 14902 15655 15446
14268 15256 14011 16020
14980 14863 15651 15244
15357 13472 14813 15669
14506 15154 15904 15286
15373 14951 15562 14148
14706 15155 16274 15229
16290 14120 14710 13386
14248 15311 14149 15629
14819 13466 14922 15549
15699 14442 15148 14307
14313 14853 14123 16039
15016 14795 13784 15795
14439 14963 13945 16039
14181 15287 14259 16018
14191 15244 14264 15931
15578 13990 15418 14800
13756 15744 15117 14484
16290 14357 14677 13425
15463 14809 15552 14117
14034 15443 15001 14498
16284 14199 14695 13462
14233 15269 13907 15830
13943 15584 15131 14508
14161 15313 13981 15891
15749 14179 15222 15058
13877 15791 15065 14662
14052 15644 15158 14437
15181 14809 15709 14290
15420 14865 15589 14146
16051 14301 14768 13273
13999 15688 15095 14540
15585 14779 15764 13867
15721 14379 15010 14224
14642 15081 16306 15146
14451 14935 13945 16000
14950 14868 13780 15729
13914 15670 15126 14550
15730 14254 15354 15027
13995 15588 15058 14567
13851 15768 15079 14579
15708 14324 15093 14213
14474 15129 15925 15320
16241 14287 14766 13373
14091 15443 14937 14465
13999 15630 15113 14495
15569 14765 15810 13881
14186 15255 14197 15892
14214 15174 14308 15763
16329 14260 14688 13405
15556 14746 15753 13892
16251 14298 14687 13253
16202 14296 14781 13230
16297 14266 14735 13286
16128 14352 14693 13407
15995 14584 14844 13479
15311 13505 14729 15579
14149 15312 14283 15920
14227 15251 14177 15916
14084 15667 15134 14442
14893 14930 15759 15345
16241 14287 14766 13373
13862 14746 15156 15907
14205 15252 14308 15735
13999 15677 15149 14448
13660 14464 15136 15880
13753 15797 15031 14636
14341 14850 13920 15977
14622 15017 16293 15214
14895 13344 14873 15475
14933 14863 13780 15722
16230 14199 14741 13191
16349 14235 14651 13282
14402 15508 14330 14135
15443 14756 15683 13842
15628 13620 15191 15004
14428 15069 15864 15246
14706 14968 16188 15169
16159 14352 14620 13250
14500 15084 15781 15187
14990 14650 13781 15762
15156 14808 15643 14276
15337 13453 14802 15590
14871 14557 13841 15587
15528 13891 15440 14773
15680 14341 14846 14101
13941 15475 15106 14432
15716 14136 15332 14947
14171 15281 14187 15751
15890 14958 14764 13622
14724 14722 15611 14664
15160 14783 15573 14229
15769 14566 14730 13693
14887 13413 14930 15410
15525 13862 15508 14724
15883 13732 15134 14369
14184 15146 15485 14847
15725 14067 15360 14985
16252 14232 14657 13403
16071 14126 14683 13396
15781 13689 15048 14700
15469 14713 15659 13771
14692 15070 16268 15113
15997 14331 14774 13221
15447 14009 15482 14768
15275 13406 14731 15648
13895 15152 15242 14783
13996 15600 15064 14398
14642 14970 16265 15242
15956 13805 15131 14518
14129 15151 14194 15807
15958 14417 14819 13357
14475 14910 13937 15962
13801 15239 15124 14457
14121 15059 14135 15922
14239 14948 13954 15638
14383 14932 13923 15565
14881 14466 13804 15595
14300 15014 14007 15603
14117 15180 14115 15940
13696 14382 14976 15832
13703 14711 14892 15727
14053 15183 14004 15872
16289 14238 14664 13282
16126 14064 14753 13339
16199 14283 14663 13245
13904 15534 14815 14528
13872 15768 14964 14600
14292 15070 15864 15186
16151 14027 14711 13331
15448 14368 14915 14199
15937 13693 15149 14395
14210 14936 14064 15734
14142 15192 14069 15792
15922 13730 15229 14520
15675 14299 14924 14213
14074 15642 15075 14396
15303 13412 14698 15623
14362 14962 13920 15649
13864 15706 15012 14448
16241 14226 14706 13291
13846 15763 15019 14582
14006 15477 15080 14435
14155 15255 14005 15792
13760 15751 15066 14530
13782 15667 15037 14547
13854 15692 14986 14579
13781 15686 15040 14531
13787 15701 15032 14569
13897 15480 15072 14455
13796 15744 15002 14561
14122 14908 13912 15700
14569 14977 16270 15142
14777 13284 14903 15393
14779 14665 13700 15663
16086 14114 14635 13096
16115 14169 14520 13344
15328 14721 15584 13760
15504 13806 15348 14763
15089 14668 15531 14216
14641 14828 16153 15076
13992 15556 15026 14390
14162 15015 13861 15680
15821 13640 15172 14500
14672 14754 14191 15123
14886 14507 13730 15558
15787 13664 14861 14423
15804 14344 14698 13258
16009 13979 14645 13140
15911 13705 15008 14336
14269 14957 13909 15565
15226 13411 14722 15539
13957 15577 15010 14365
16015 14044 14563 13190
14202 14948 13983 15591
15282 13438 14698 15475
14794 14762 13750 15641
15281 13430 14747 15486
14598 14971 16207 15141
14800 14848 13725 15563
14159 14939 13949 15687
13741 15694 14912 14555
14121 14723 13780 15599
14750 14703 13683 15552
15271 13368 14715 15465
15168 13369 14689 15391
14196 14913 13955 15544
14159 14976 13788 15579
13598 15011 14751 14485
13661 14950 14876 14434
13669 15062 14867 14480
13688 15006 14861 14439
13498 14990 14687 14463
13514 15028 14632 14328
13572 14994 14866 14416
13648 14963 14825 14304
13628 15022 14807 14462
13570 15000 14830 14389
13609 14973 14724 14414
13541 14850 14675 14234
