2134 72.8267
19357 18547
18188 19757
19765 17620
18655 19432
17159 20143
19555 18294
18843 19261
19186 18833
18459 19581
17782 19934
18995 19048
18834 19262
18490 19560
19614 18081
19705 17818
17303 20099
18681 19411
18214 19740
18980 19083
19382 18485
17838 19918
19105 18918
18980 19083
17966 19830
18214 19740
18493 19533
19152 18906
19354 18568
19732 17673
18673 19414
19561 18219
17380 20083
18794 19293
17241 20137
19292 18686
19052 19021
18794 19293
18685 19399
18320 19664
18214 19740
19681 17880
19608 18088
17728 19955
19186 18833
17241 20137
17856 19911
18320 19664
18232 19722
18685 19399
18881 19216
19443 18436
19052 19021
19152 18906
19748 17664
19449 18405
18193 19745
17241 20137
18490 19560
19585 18126
19152 18906
18980 19083
18794 19293
17920 19852
19671 17925
19357 18547
18655 19432
19614 18081
17301 20100
18685 19399
19084 18957
18240 19704
19354 18568
18794 19293
19681 17880
17838 19918
19152 18906
18342 19647
17996 19828
18794 19293
17650 20001
18320 19664
18655 19432
19152 18906
19354 18568
19052 19021
19557 18232
17471 20068
19671 17925
18214 19740
19152 18906
18685 19399
19443 18436
18342 19647
19705 17818
17843 19914
18980 19083
19561 18219
18775 19314
17241 20137
19065 18975
17380 20083
18834 19262
17966 19830
19709 17799
17996 19828
18673 19414
18320 19664
19354 18568
19630 18002
19152 18906
18320 19664
17380 20083
18711 19371
18193 19745
18834 19262
19530 18317
19681 17880
17856 19911
19391 18466
19096 18944
19031 19043
18685 19399
18320 19664
18125 19781
17251 20131
19705 17818
17856 19911
19105 18918
18952 19089
19490 18337
19378 18501
18794 19293
17307 20097
19559 18226
18493 19533
18843 19261
18232 19722
17816 19929
18685 19399
19096 18944
19391 18466
19765 17620
18952 19089
18342 19647
19152 18906
17843 19914
18794 19293
18673 19414
17502 20037
19681 17880
19388 18479
19052 19021
19630 18002
18193 19745
18834 19262
17816 19929
17241 20137
19152 18906
18598 19468
19062 18977
19671 17925
19607 18119
19354 18568
18193 19745
18493 19533
18673 19414
19301 18680
17996 19828
18342 19647
17935 19850
19052 19021
17389 20075
19152 18906
18834 19262
19765 17620
19575 18212
19292 18686
18564 19502
19608 18088
17713 19998
18193 19745
17380 20083
18834 19262
19765 17620
18320 19664
19052 19021
19096 18944
19681 17880
19152 18906
17389 20075
19354 18568
17831 19928
19037 19040
18655 19432
18320 19664
18214 19740
18775 19314
19557 18232
18240 19704
19681 17880
18794 19293
19052 19021
19152 18906
17935 19850
18342 19647
17471 20068
18655 19432
19443 18436
19575 18212
19052 19021
19235 18790
19765 17620
17904 19870
18459 19581
18240 19704
17471 20068
19354 18568
19530 18317
18794 19293
18673 19414
18363 19630
19096 18944
18685 19399
19052 19021
19630 18002
18834 19262
19307 18569
17389 20075
19681 17880
17838 19918
18214 19740
19705 17818
18232 19722
18655 19432
19235 18790
19065 18975
19459 18377
19354 18568
18775 19314
18342 19647
17856 19911
17241 20137
18564 19502
19575 18212
18794 19293
19728 17715
18923 19097
19152 18906
17922 19851
17502 20037
19373 18538
18320 19664
18214 19740
18320 19664
19765 17620
19561 18219
18673 19414
19096 18944
19052 19021
17838 19918
18794 19293
19443 18436
18214 19740
17159 20143
18193 19745
19555 18294
19391 18466
17292 20121
17816 19929
18655 19432
19052 19021
19152 18906
18493 19533
18794 19293
19671 17925
18214 19740
17241 20137
19395 18462
19152 18906
19555 18294
17816 19929
18685 19399
19745 17666
18834 19262
18320 19664
19052 19021
17241 20137
17816 19929
18232 19722
19052 19021
19354 18568
19555 18294
18320 19664
18794 19293
19152 18906
19709 17799
18685 19399
19152 18906
18794 19293
18214 19740
19721 17756
19062 18977
19443 18436
17241 20137
18564 19502
19630 18002
17966 19830
18320 19664
18564 19502
18834 19262
17869 19908
19709 17799
19096 18944
18459 19581
19617 18043
19354 18568
17602 20031
18193 19745
19052 19021
18673 19414
18193 19745
19152 18906
18980 19083
19304 18601
19630 18002
17471 20068
18320 19664
19681 17880
18834 19262
17898 19882
18232 19722
18493 19533
19152 18906
18794 19293
17838 19918
17471 20068
18685 19399
19443 18436
19682 17841
19062 18977
19617 18043
19052 19021
17307 20097
19765 17620
18214 19740
18834 19262
18655 19432
18320 19664
17838 19918
19152 18906
19354 18568
19456 18401
18363 19630
19765 17620
19096 18944
18794 19293
19031 19043
18655 19432
19449 18405
17838 19918
17502 20037
19357 18547
18214 19740
18112 19791
19705 17818
18794 19293
18320 19664
17856 19911
17241 20137
19052 19021
18685 19399
19152 18906
19354 18568
19456 18401
19373 18538
19052 19021
18794 19293
18342 19647
19152 18906
19705 17818
17497 20050
17816 19929
18685 19399
17996 19828
19555 18294
18214 19740
18681 19411
19096 18944
19616 18046
17856 19911
19709 17799
18459 19581
18834 19262
17389 20075
19357 18547
19354 18568
19152 18906
17241 20137
19681 17880
18673 19414
17996 19828
18775 19314
17856 19911
19484 18370
18320 19664
18673 19414
18342 19647
19395 18462
19152 18906
18878 19224
19681 17880
17838 19918
