12 0.519199
7632 7705
7587 7639
7624 7809
7196 7556
7893 7154
7206 7215
7354 7207
6998 6985
7207 7287
7544 7379
6994 7832
7609 7586
7428 7051
7118 7430
6934 7624
7452 7797
6804 7812
7605 7525
7409 7650
7456 7411
7490 8253
7581 7599
7071 7432
7545 7601
7646 7760
7370 7376
7319 7417
7440 7442
7238 7725
7197 7143
7679 7633
7506 7596
7195 7263
6917 6829
7001 7199
7480 7317
7339 7748
7328 7496
6740 7544
7085 6809
7207 7331
6628 7693
7402 6805
7502 7859
7567 7563
7699 7499
7370 7375
7179 6620
7728 7397
7494 6877
7378 7571
7361 7670
7349 7366
7449 7986
7340 7882
7498 7641
7498 6678
7600 7495
7279 7813
7442 7518
6869 7413
7379 7217
7575 7534
7069 7100
6979 7340
7506 7346
6915 7173
7175 7089
6720 7156
7541 7975
7582 7587
7766 7351
7550 7160
7645 7569
7322 6858
7337 7363
7595 7373
7112 7554
7158 7516
7055 8086
6927 7345
6917 7368
7091 7469
7726 7642
7553 7993
7015 7276
7472 7717
7693 7668
7806 7504
7239 7753
7212 7563
7565 7355
7286 7677
6871 6862
7082 8108
7223 7969
7667 7657
7136 7258
7399 7448
7595 7643
7428 7817
7570 6855
7429 7399
7013 7764
7876 7749
7097 7533
7266 7072
7543 7632
7329 7637
6838 7648
7000 7179
7705 7947
7360 7532
7069 7487
7654 7105
7396 7941
7563 7418
7287 7060
7219 7187
7228 7274
7370 7549
7199 7116
7562 7865
7519 7400
7468 7489
7245 7768
7415 7851
6905 7432
7237 7767
7546 7740
7628 7863
7509 7554
7594 7319
7266 7313
7076 7708
7086 7276
6808 7020
7789 7783
7547 7680
7399 7537
7359 7321
7114 7103
7665 7453
7290 7854
7568 7180
7374 7251
7397 6799
7266 7591
6895 6848
6984 7151
7539 7388
7524 7617
7318 7669
7012 7224
7395 7304
6883 7198
7461 7616
6943 6978
7873 7533
7274 7875
7271 6970
7411 7578
7709 7429
6957 7160
7480 7605
7025 6627
7673 7771
7010 7241
7011 7367
7295 7524
7546 7618
6990 7195
7381 7511
7332 7235
7436 7444
7442 7488
7663 7999
7765 7546
7292 7153
7323 7342
7720 7408
7140 7199
7136 7289
7327 7216
7040 7552
7306 7305
7270 7510
7734 7692
7856 7476
7016 7521
7347 6881
7156 7962
7305 7035
6984 7021
7454 7750
6922 7066
7093 7042
7317 7570
7666 7492
7338 7506
7364 7680
7625 8029
7768 7919
7464 7372
7535 7513
7612 7617
7113 7874
7555 7567
7446 8087
7511 7960
6708 7770
7209 6767
6872 7888
6834 7306
7659 7272
7551 7432
7412 7273
7348 7763
7877 7601
7378 7207
7293 7260
7196 7222
7292 7292
7522 7753
7221 7462
7688 7614
7576 7766
7456 7872
7439 7731
7378 7152
7443 7348
7393 7950
7483 7669
7000 7238
7097 7577
7141 7530
7338 7383
7540 7555
7262 7747
7398 7323
7359 7520
7501 7371
7617 7469
7515 7663
7018 6912
7537 7628
7133 7769
7670 7687
6926 7004
7400 7207
7339 7437
7760 7609
7487 7112
7249 7821
7568 7264
7594 7903
7099 7434
7127 7562
7247 7653
7822 7851
7475 7140
7381 7499
7327 7840
7304 7963
7259 7350
7646 7564
7491 7638
7732 7727
7366 7370
7416 7637
6976 7691
7540 7166
7292 7397
7927 7852
7390 7881
7412 7308
6691 7849
7003 7902
7522 7537
7288 7310
7378 7448
7135 7350
7080 7315
7569 7722
7189 6991
7478 7322
7375 7610
7037 7247
6852 7144
7369 7669
7252 7105
7448 7756
7450 7493
6972 7272
6998 6926
7246 6931
7416 7373
7588 7640
6456 7817
7406 7826
7381 7557
7358 7489
6703 7500
7659 7608
7384 7786
7403 7767
7620 7415
7049 7266
7436 7497
7141 7658
7320 7174
7185 7779
7326 7803
7087 7064
7671 7599
7352 7429
7360 7393
6985 7053
7406 7952
7229 7029
7100 7099
7594 7844
7551 7759
7566 7372
7104 6995
6921 7236
7349 7068
7111 7031
7154 7609
7444 7586
7705 6927
7125 7576
7207 7063
7581 7906
7773 7505
7381 7477
6741 7626
7087 7409
7022 6973
7740 7548
7543 7582
7341 7804
6870 6805
7718 7753
7340 7748
7203 7346
7467 8123
7485 7357
7330 7576
7801 7630
7191 7656
7110 7413
7481 7489
7335 7149
7269 7526
7315 7238
7166 6876
7222 7208
7432 7149
7208 7126
6853 7431
6967 7708
7554 7294
7157 7619
6884 7713
6996 6931
7474 7081
7108 7057
7423 7747
7448 7578
7552 7041
7089 7214
7601 7722
7501 7539
7029 7569
7539 7761
7266 7578
7118 7654
7659 7688
7465 7381
7439 7653
7502 7233
7906 7859
7424 7666
7314 7506
7797 7724
7432 7969
7343 7272
7207 7144
7261 7386
7010 7574
6957 7136
7521 7536
7422 7661
7039 7233
7399 6537
7463 7136
7208 7846
7640 7243
7059 7310
7537 7513
7345 7686
7409 7525
7485 8245
7150 7271
6966 7577
7065 7254
7287 7912
7486 7732
7253 7093
7191 7751
7503 7100
6571 7146
7477 7282
7283 7693
7387 7671
7577 7498
7097 7210
6985 7563
7645 7671
7709 7466
7341 7244
7462 7154
7339 6890
7703 7503
7228 7438
7493 7491
7744 7238
7250 7577
7268 7111
7751 7444
6908 7359
7402 8131
7116 6749
7292 7745
6618 7670
6990 6920
7503 7617
7534 7866
7676 7679
7509 7773
7509 7672
7033 7092
7292 7291
7350 7553
7743 7773
7005 7830
7076 7682
7629 7646
6929 7592
7503 7699
7154 7313
