479 0.29611
3517 3554
3650 3443
3517 3554
3589 3520
3556 3525
3650 3443
3517 3554
3556 3525
3556 3525
3630 3459
3604 3463
3604 3463
3604 3463
3604 3463
3604 3463
3604 3463
3556 3525
3604 3463
3556 3525
3604 3463
3517 3554
3556 3525
3604 3463
3604 3463
3604 3463
3556 3525
3604 3463
3556 3525
3517 3554
3604 3463
3604 3463
3604 3463
3604 3463
3604 3463
3604 3463
3604 3463
3604 3463
3604 3463
3604 3463
3604 3463
3604 3463
3604 3463
3604 3463
3556 3525
3604 3463
3604 3463
3604 3463
3556 3525
3517 3554
3604 3463
3556 3525
3604 3463
3604 3463
3604 3463
3604 3463
3604 3463
3604 3463
3630 3459
3556 3525
3517 3554
3650 3443
3556 3525
3589 3520
3604 3463
3604 3463
3604 3463
3604 3463
3604 3463
3604 3463
3604 3463
3604 3463
3604 3463
3604 3463
3604 3463
3604 3463
3604 3463
3517 3554
3556 3525
3604 3463
3599 3504
3604 3463
3604 3463
3604 3463
3517 3554
3604 3463
3604 3463
3604 3463
3604 3463
3604 3463
3604 3463
3604 3463
3556 3525
3604 3463
3556 3525
3604 3463
3556 3525
3604 3463
3604 3463
3604 3463
3604 3463
3604 3463
3604 3463
3604 3463
3604 3463
3556 3525
3517 3554
3556 3525
3604 3463
3604 3463
3604 3463
3630 3459
3556 3525
3604 3463
3604 3463
3604 3463
3604 3463
3556 3525
3604 3463
3604 3463
3604 3463
3604 3463
3604 3463
3556 3525
3517 3554
3556 3525
3604 3463
3604 3463
3604 3463
3604 3463
3604 3463
3604 3463
3604 3463
3556 3525
3556 3525
3604 3463
3604 3463
