622 24.4884
3615 3199
3811 3269
3951 3457
3490 3148
3641 3332
3655 3365
3964 3672
3878 3275
3919 3601
3889 3577
3469 3707
3527 3321
3779 3328
3692 3211
3964 3672
3797 3750
3975 3591
3964 3672
3340 2857
3654 3057
3389 3423
3881 3451
3919 3636
3897 3575
3670 3845
3970 3565
3489 3613
3794 3290
3538 3767
3758 3343
3719 3151
3839 3697
3652 2998
3612 3432
3744 3577
3609 3186
3799 3782
3783 3535
3738 3705
3893 3621
3747 3757
3799 3607
3911 3458
3685 3450
3931 3530
3986 3406
3493 3156
3572 3841
3738 3772
3796 3515
3390 3582
3839 3725
3863 3394
3624 3841
3649 3684
3827 3216
3780 3621
3964 3672
3997 3561
3793 3674
3635 3848
3734 3653
3906 3635
3751 3738
3896 3617
3737 3668
3778 3682
3820 3374
3781 3256
3532 3012
3734 3779
3813 3271
3705 3472
3372 2834
3585 3210
3899 3477
3862 3495
3919 3601
3634 3865
3521 3708
3604 3743
3540 3662
3097 3431
3743 3720
3873 3520
3477 3306
3827 3717
3603 3100
3815 3513
3660 3853
3931 3530
3710 3540
3689 3035
3544 3765
3796 3423
3299 3615
3955 3464
3434 3743
3767 3405
3655 3199
3928 3608
3848 3338
3718 3783
3911 3507
3927 3601
3654 3715
3640 3416
3647 3846
3068 3357
3886 3441
3220 3720
3712 3718
3632 3345
3907 3365
3913 3602
3911 3507
3964 3672
3527 3596
3465 3674
3916 3377
3787 3599
3652 3376
3942 3560
3473 3503
3508 3761
3698 3783
3663 3842
3428 3218
3601 3250
3899 3553
3750 3415
3616 3757
3769 3730
3746 3517
3654 3792
3813 3331
3772 3529
3846 3731
3768 3489
3328 2890
3758 3323
3853 3470
3843 3477
3965 3414
3678 3722
3489 3744
3488 3427
3936 3518
3171 3407
3906 3558
3975 3591
3634 3050
3723 3761
3720 3773
3997 3561
3787 3451
3691 3661
3975 3591
3882 3640
3858 3633
3635 3329
3991 3570
3704 3168
3789 3474
3574 3716
3328 3752
3675 3611
3794 3278
3711 3417
3975 3591
3964 3672
3658 3140
3997 3561
3730 3681
3953 3564
3625 3495
3663 3211
3453 2965
3806 3196
3422 3133
3868 3737
3444 2905
3685 3293
3862 3579
3494 3415
3257 3379
3051 3580
3691 3393
3731 3496
3781 3277
3964 3672
3947 3583
3923 3664
3654 3343
3761 3510
3268 3492
3964 3672
3940 3564
3609 3353
3964 3672
3797 3673
3850 3707
3850 3707
3483 3279
3284 3681
3605 3676
3749 3379
3704 3342
3520 2976
3347 3232
3575 3684
3460 3541
3634 3865
3862 3591
3518 3255
3975 3591
3764 3213
3984 3640
3873 3520
3900 3460
3664 3252
3718 3783
3706 3504
3911 3568
3888 3616
3769 3416
3743 3623
3686 3528
3644 3857
3679 3289
3562 3787
3894 3609
3876 3544
3687 3532
3650 3219
3852 3409
3884 3587
3681 3428
3530 3101
2863 3139
3350 3600
3965 3573
3739 3690
3865 3705
3856 3492
3470 3770
3315 3486
3602 3024
3497 3201
3669 3295
3391 3575
3738 3346
3425 3444
3634 3865
3893 3603
3675 3823
3467 3036
3964 3672
3491 3731
3997 3561
3639 3357
3997 3561
3667 3234
3822 3728
3369 2980
3776 3381
3647 3846
3503 3762
3600 3649
2814 3198
3549 3797
3351 3452
3690 3168
3644 3857
3850 3707
3568 3883
3647 3846
3798 3713
3684 3742
3264 3339
3619 3103
3964 3672
3389 3632
3380 3506
3777 3721
3816 3597
3565 3491
3364 3034
3975 3591
3964 3672
3548 3632
3384 2956
3644 3857
3723 3761
3663 3712
3816 3334
3660 3786
3581 3012
3513 3248
3797 3431
3882 3640
3623 3320
3488 3805
3341 3629
3644 3857
3858 3633
3746 3719
3567 3737
3920 3412
3718 3783
3688 3719
3799 3700
3682 3595
3809 3682
3850 3547
3644 3857
3706 3597
3847 3577
2906 2979
3975 3591
3363 3780
3084 3421
3711 3648
3997 3561
3684 3580
3406 3448
3793 3621
3577 3585
3596 3772
3516 3634
3911 3568
3758 3343
3696 3254
3730 3666
3909 3574
3818 3459
3894 3650
3225 3683
3991 3570
3467 3685
3803 3399
3075 3359
3718 3783
3432 2982
3309 3308
3798 3464
3769 3707
3847 3687
3512 2896
3458 3750
3927 3487
3568 3883
3723 3758
3644 3857
3797 3673
3731 3122
3709 3046
3412 3600
3964 3672
3964 3672
3282 3111
3484 3615
3787 3400
3991 3570
3853 3668
3683 3826
3877 3677
3348 3490
3591 3683
3548 3126
3964 3672
3790 3724
3634 3692
3694 3791
3470 3044
3813 3664
3718 3186
3521 3094
3496 3796
3335 3589
3557 3581
3913 3602
3044 3276
3501 3759
3964 3672
3839 3725
3658 3570
3649 3304
3916 3377
3817 3736
3930 3555
3532 3746
3736 3303
3215 3228
3903 3392
3734 3692
3197 3437
3529 3522
3644 3857
3671 3537
3400 3582
3380 3726
3594 3306
3503 2973
3977 3593
3601 3618
3905 3591
3907 3656
3978 3439
3790 3231
3807 3683
3802 3678
3858 3633
3621 3151
3694 3746
3755 3290
3876 3391
3105 3363
3850 3707
3772 3668
3767 3591
3730 3761
3743 3436
3819 3673
3779 3742
3816 3709
3168 3303
3734 3712
3777 3636
3613 3237
3919 3619
3919 3636
3723 3761
3822 3437
3734 3712
3984 3640
3683 3377
3537 3183
3758 3343
3357 3525
3504 3379
3723 3628
3903 3605
3738 3709
3694 3748
3736 3590
3965 3573
3435 3718
3519 3409
3507 3714
3757 3580
3770 3682
