231 6.23176
2476 3589 3116 3192
2687 3131 3555 2867
2761 3761 2767 3126
2803 3281 2764 3551
2991 2700 3059 3302
3064 3079 3137 2525
3087 3313 2368 3104
3454 2985 2814 3022
3126 3289 2455 3141
3087 3313 2368 3104
2720 3104 3549 2804
2907 3675 2997 2961
3381 2970 2952 2908
2887 3211 3476 2790
3425 3028 2794 2799
3446 3068 2771 2738
3054 3094 3139 2568
2819 3071 3466 2861
3270 3118 2921 2897
3374 3073 2961 2817
3109 3181 3115 2694
3219 2999 3130 2890
2947 3651 2588 3087
2862 3145 3429 2842
2523 3495 3265 3135
2879 3715 2735 3110
3092 3192 2532 3317
2705 3137 3523 2883
2823 3735 2734 3167
2479 3659 3024 3114
3409 3069 2939 3023
2813 3577 2720 3438
2868 3655 2866 3235
2656 3355 3241 3061
3090 3310 2498 3138
2741 3697 2950 3153
3346 3051 3050 2922
3030 2727 3069 3291
2835 3426 2711 3506
2969 3430 2662 3365
3099 3312 2483 3165
3002 3387 2696 3345
2704 3172 3494 3062
2929 3250 2757 3521
3252 3138 3100 2578
2633 3255 3363 3075
2970 3265 2545 3420
2818 3634 2748 3399
2923 3365 2895 3354
2942 3507 2675 3320
2751 3235 3432 2986
3306 3144 2869 2801
3016 3403 2612 3334
2549 3384 3277 3187
2893 3457 2645 3410
2642 3329 3231 3133
3147 3207 2458 3140
3072 3235 2917 2677
2500 3403 3145 3255
3180 2891 3183 2981
3149 3212 2984 2632
2679 3319 3346 3143
3245 3066 3056 3109
2891 3509 2790 3463
3045 2882 3273 3014
3177 3046 3138 2640
2731 3602 2942 3187
2740 3308 3377 2941
2593 3626 3132 3151
2648 3105 3415 3108
3094 3171 3107 2728
2841 3518 2904 3169
2691 3097 3512 2969
3259 3123 2954 2915
2628 3369 3294 3191
2984 2755 3109 3299
3074 2899 3257 2916
3187 3154 3126 3041
2529 3350 3174 3252
3161 2823 3245 2865
2814 3561 2971 3225
3026 2725 3076 3299
2768 3228 3357 3015
2777 3421 2787 3477
2982 3088 3139 2650
2570 3605 3190 3177
2795 3447 3015 3213
3032 3270 3039 2763
2995 3378 2620 3389
2975 3174 2716 3428
2708 3299 3203 3007
2971 2938 3220 3096
2970 3284 2959 2764
2984 2755 3109 3299
2955 3278 2877 3306
3288 3082 2989 2988
2692 3208 3386 2997
3079 2843 3051 3267
3073 2787 3090 3267
3119 2979 3144 3014
3010 3111 3142 2601
2498 3619 3082 3164
3143 3223 3125 2673
3124 2960 3243 2870
3035 3396 2594 3315
2900 3216 3307 2972
2855 3300 3148 2967
2860 3300 2841 3452
2934 3521 2623 3238
3010 3111 3142 2601
2923 3527 2604 3266
2744 3345 2795 3402
2734 3437 3091 3209
2781 3134 3399 2867
3041 3240 2967 2623
3081 3018 3044 3136
2826 3165 3147 3049
3213 2991 3138 2969
2586 3580 3176 3127
3006 3273 2970 2661
2700 3318 3333 3101
2787 3545 3007 3251
2929 3250 2757 3521
2797 3539 2932 3251
2561 3348 3336 3167
2996 3422 2676 3357
2993 3170 2796 3448
3328 3094 3041 2973
3166 3015 3129 2641
2881 3179 3326 3035
3161 3159 3116 2735
2843 3536 2736 3420
2751 3279 3281 3121
2818 3477 2937 3242
2776 3268 3403 2982
3069 2912 3213 3027
3060 2913 3007 3248
2758 3287 3426 2982
2958 2950 3198 3044
2934 3310 2801 3384
2929 3295 2844 3352
2617 3445 3253 3143
2897 3151 3379 2948
3302 3033 3079 2925
2821 3465 2812 3279
3105 2858 2933 3199
3302 3033 3079 2925
2602 3459 3256 3047
3110 2869 3252 2873
3046 2856 3060 3181
2969 3530 2568 3184
3009 2820 3061 3223
2747 3260 3314 3071
3008 2911 3016 3194
2904 3282 2819 3432
3050 3389 2615 3271
2966 3396 2729 3302
3235 3193 3097 3041
2620 3408 3169 3074
3203 3195 2934 3039
2581 3423 3291 3146
3013 3295 2630 3280
2942 3450 2675 3350
2478 3586 3101 3195
3288 3082 2989 2988
2912 3186 3332 2982
2572 3581 3164 3154
3046 2809 3032 3356
2806 3231 3207 3025
3003 3051 3248 2988
2841 3183 3315 3002
2582 3391 3286 3146
2803 3453 2775 3507
2850 3422 2941 3206
3034 2813 3023 3280
2679 3319 3346 3143
2969 3530 2568 3184
2777 3421 2787 3477
3063 2920 3202 3089
2805 3419 2815 3356
3166 3015 3129 2641
3155 2817 3235 2902
2986 3291 2707 3383
3343 3132 2970 2871
2910 3401 2746 3266
3143 3223 3125 2673
3041 3240 2967 2623
2814 3561 2971 3225
2915 3180 3228 2950
2707 3312 3382 2954
3000 2812 3067 3185
2603 3549 3209 3178
2951 3478 2637 3199
2651 3489 3138 3081
2572 3581 3164 3154
3328 3094 3041 2973
2984 2867 3068 3304
3203 3195 2934 3039
2959 3229 3218 3035
2980 2927 3284 2988
2651 3489 3138 3081
2859 3285 3118 2997
2883 3436 2876 3286
3255 2930 3058 2968
2833 3271 3170 3015
2498 3619 3082 3164
3110 2869 3252 2873
2843 3139 3381 3019
2842 3481 2960 3236
2953 3334 2837 3377
2866 3197 3237 3002
2785 3400 2833 3305
3235 3193 3097 3041
2913 2946 3263 3054
2847 3514 2933 3157
3374 3073 2961 2817
2979 3409 2620 3362
2796 3194 3336 3056
3079 2843 3051 3267
2568 3467 3243 3149
2818 3512 2783 3420
3003 2936 3207 2996
3006 2988 3241 2951
2609 3453 3219 3180
2883 3436 2876 3286
2953 3334 2837 3377
2953 3334 2837 3377
2620 3398 3185 3071
3073 2787 3090 3267
3155 2817 3235 2902
3041 3240 2967 2623
2986 3291 2707 3383
2742 3382 3031 3169
2842 3221 3300 2943
2917 3277 2844 3413
3050 2947 3255 2932
2603 3549 3209 3178
2842 3221 3300 2943
2747 3531 3016 3137
3007 2935 3032 3247
2917 3277 2844 3413
3029 2797 3082 3265
2904 3282 2819 3432
3073 2932 3141 3015
2568 3467 3243 3149
3094 3171 3107 2728
3149 2947 3193 2988
2951 3478 2637 3199
3019 2810 3040 3277
3029 2797 3082 3265
3029 2797 3082 3265
3019 2810 3040 3277
3027 2818 3028 3286
2996 2819 3085 3280
3050 2947 3255 2932
2866 3197 3237 3002
2979 3409 2620 3362
3063 2920 3202 3089
3328 3094 3041 2973
2785 3400 2833 3305
2863 3467 2956 3168
2528 3424 3275 3158
2913 2946 3263 3054
2528 3424 3275 3158
2803 3453 2775 3507
2691 3389 3196 3072
2966 3396 2729 3302
2609 3453 3219 3180
3343 3132 2970 2871
2848 3260 3197 2990
2848 3260 3197 2990
3374 3073 2961 2817
2959 3229 3218 3035
3026 2725 3076 3299
2929 3250 2757 3521
3032 3270 3039 2763
3029 2797 3082 3265
2796 3194 3336 3056
3094 3171 3107 2728
2969 3530 2568 3184
2984 2755 3109 3299
2848 3260 3197 2990
2984 2755 3109 3299
3094 3171 3107 2728
3073 2787 3090 3267
2572 3581 3164 3154
2848 3260 3197 2990
2866 3197 3237 3002
2929 3250 2757 3521
2951 3478 2637 3199
2984 2755 3109 3299
2984 2755 3109 3299
3073 2787 3090 3267
3094 3171 3107 2728
3203 3195 2934 3039
3328 3094 3041 2973
2508 3571 3180 3152
2541 3104 3373 2937
2923 3225 2637 3449
2988 3392 2592 3241
3021 2671 3028 3216
3081 3218 2887 2549
3336 3042 2954 2877
3262 3082 2889 2798
2994 2914 3129 2811
2765 3450 2745 3425
3045 3113 3081 2708
3214 3122 2871 3011
2719 3131 3303 3060
2601 3277 3262 3083
3000 2763 2942 3225
2518 3529 3074 3069
3175 3186 2947 2643
2891 3305 2810 3332
2943 2787 3049 3190
2911 3325 2805 3361
3126 2952 2950 3073
2833 3259 3156 2960
3057 2817 3217 2888
3296 3035 2993 2944
3153 3046 3054 3007
2844 3387 2764 3341
2749 3229 3299 2979
2877 3367 2640 3269
2853 3265 2697 3388
2803 3358 2843 3169
2926 3423 2619 3343
3052 2887 3215 2913
2679 3321 2747 3368
2949 2695 3015 3265
3312 3020 2958 2890
3029 2965 3123 2969
2750 3502 2948 3234
2954 3275 2856 3286
3115 3063 2975 2698
3002 2707 3068 3210
3058 3129 2951 2588
2766 3389 2733 3394
2869 3401 2716 3221
2648 3331 3163 3028
2839 3269 2844 3329
2576 3067 3366 2949
3062 2835 3040 3188
3092 3155 2852 2654
3015 3182 2891 2686
3037 3208 2960 2613
2770 3146 3328 3029
2656 3294 3172 3039
3016 3224 2925 2636
2862 3148 3340 2900
2995 3361 2676 3274
2805 3171 3203 2983
2823 3424 2904 3138
3117 2992 2968 3021
2771 3406 2680 3357
2972 2857 3007 3283
2567 3515 2943 3000
3075 3007 2929 3117
3002 2983 3082 2944
2675 3289 3339 2990
3038 2825 3029 3203
2754 3166 3282 2928
2621 3381 3194 3048
2790 3422 2897 3248
2955 3055 3112 2656
2570 3434 3191 3159
2793 3386 2995 3170
2606 3284 3292 3053
2820 3123 3190 3011
2972 2857 3007 3283
2760 3209 3265 2878
2558 3363 3265 3162
3023 2889 2955 3057
3075 3007 2929 3117
2956 3119 2679 3353
2650 3225 3356 2950
2617 3303 3197 3043
2785 3277 3099 2953
2756 3160 3289 2926
3058 2821 3094 2799
2784 3385 2958 3187
2790 3379 2929 3235
2758 3203 3163 3024
3015 3264 2975 2661
2679 3321 2747 3368
2823 3424 2904 3138
3002 2707 3068 3210
2649 3289 3195 3067
2998 2700 2974 3246
2998 2700 2974 3246
2972 2857 3007 3283
2972 2857 3007 3283
2422 3536 2977 3113
2637 3266 3331 2911
2922 3171 2552 3338
3014 3188 2923 2600
3036 2703 3180 2815
3332 3039 2953 2829
2851 3321 2754 3289
3211 2888 2942 2834
3119 2918 2881 2956
2685 3105 3307 2878
2977 2961 3080 2754
2866 3367 2596 3129
2458 3207 3230 3078
2922 3077 3019 2668
2843 3258 2775 3237
2508 3440 3156 3084
2717 3359 2912 3186
2802 3283 2794 2995
3027 2865 3102 2652
3009 2841 3160 2871
2985 2770 2822 3103
2778 3287 2864 3134
2576 3301 3077 2907
2880 3223 2575 3221
2941 2720 3036 3168
2620 3485 2911 2990
2599 3451 2831 2991
2658 3214 2764 3331
2555 3413 2894 3042
3002 3092 3014 2642
2984 2740 3164 2764
2526 3332 3202 3062
2974 2716 2984 3117
2553 3355 3040 3113
2527 3419 3188 3099
2647 3272 3156 3030
3063 3182 2923 2624
2887 3291 2566 3142
3068 3165 2945 2625
3014 3188 2923 2600
2643 3187 3229 2916
2922 3366 2593 3050
3068 3165 2945 2625
3010 2759 2970 3132
2619 3261 3216 2978
3026 2705 3039 3145
2866 2739 2977 3127
2921 3187 2570 3132
2619 3261 3216 2978
2369 3503 2972 3083
2609 3214 3135 2904
2801 3232 2706 3258
2961 3163 2940 2563
2970 2650 2965 3103
3267 2962 2937 2793
2506 3320 2859 2925
3065 3101 2821 2615
2924 2772 2995 2790
3209 3021 2787 2802
2557 3183 3092 3004
2887 2717 2964 3071
2613 3139 3030 2832
3001 2761 3025 2814
2757 3262 2710 3006
2973 2771 3042 2818
2757 3262 2710 3006
2757 3262 2710 3006
2956 2712 3020 2698
