19 6.91809
27434 29048 29355
28912 30014 27104
29215 28484 28997
29680 29493 26880
29926 29049 28438
29140 29664 27927
29004 29900 27158
28664 28975 28844
28109 29677 28616
29407 29608 28145
29485 29550 28021
29618 29392 28541
28985 29929 28360
29201 28562 29101
29859 29183 28407
29166 29626 26960
29085 28702 28976
27496 29038 29325
29432 28767 28769
29772 29266 28656
28975 28499 29145
29074 28860 29088
29801 28930 28517
29173 28669 29004
27513 29353 29215
27995 29442 29016
27543 29979 28788
29278 29743 26924
27616 29157 29269
29858 29452 28423
29050 29670 27993
28884 29750 28489
27689 29122 29140
28763 29077 28831
28821 29893 28363
27571 29081 29322
28093 29404 28836
28932 29807 28379
27527 29168 29163
27648 29054 29261
28664 28975 28844
28057 29649 28986
27941 29735 28741
29016 28913 28920
29738 29309 28654
27595 29936 28800
28009 29767 28628
29230 28818 28744
29265 28619 28788
29672 29328 28696
27879 29826 28812
27758 29901 28514
27694 29838 28887
27728 29712 28962
27723 28885 29212
29790 29043 28596
29131 29714 26937
27648 28776 29262
29265 28619 28788
27881 29876 28782
29720 29285 28664
28721 28882 28934
27993 29780 28675
27565 29684 28980
27588 29854 28936
28857 29660 28696
29230 28818 28744
27969 29610 29089
28031 29722 28677
29686 29278 28737
27722 29864 28858
27800 29877 28694
29075 29933 27148
27818 29816 28855
29694 29320 28656
28921 29808 28441
29023 29117 28763
27632 29835 28920
27743 29744 28872
28721 28882 28934
29732 29283 28702
29023 29117 28763
27590 29877 28827
29278 29743 26924
27993 29815 28603
27981 29723 28695
27753 29679 28984
27818 29816 28855
27756 29808 28857
27758 29817 28842
29732 29283 28702
27981 29723 28695
27758 29817 28842
27590 29877 28827
27249 28753 29284
27831 29876 28587
29088 28389 29048
29319 29579 26645
29716 29024 28418
29036 29863 27136
29248 29579 27935
28166 29035 28816
27461 29221 29108
29351 29489 28024
29628 29420 26736
28402 29658 28551
29601 29386 26901
27295 29027 29268
29423 28698 28703
29495 29319 28457
28486 28900 28830
28680 28836 28949
27537 29106 29264
27978 29439 28679
27511 29121 29238
29078 28472 29062
28599 28854 28818
29081 28598 28958
27563 28790 29174
28761 29724 28387
27910 29347 29025
29162 28546 28904
29159 29603 26995
28936 28942 28757
28754 29811 28355
27756 29804 28795
29575 29174 28675
28441 29401 28596
27592 28932 29070
29691 29213 28662
27691 29664 28883
28968 28885 28737
29227 28577 28752
29034 28500 29029
27828 29854 28761
28092 29388 28801
29634 29244 28376
28880 29650 28470
29627 29154 28698
29417 29494 26667
27901 29532 28936
27565 29284 29088
29338 29561 28096
28577 29042 28784
28402 29658 28551
29638 29215 28650
28994 28774 28978
28577 29042 28784
27655 29611 28982
28938 29792 28178
29251 28716 28723
29055 29563 27978
27969 29509 28705
28052 29386 28887
28818 29756 28297
29480 29407 28226
28773 29836 28263
27470 29293 29086
27637 29832 28860
27855 29570 29007
29044 28825 28959
29582 29377 28383
29080 29659 26961
29064 28720 28986
29338 29561 28096
28852 29777 28252
27695 29820 28816
29187 28753 28754
27493 29174 29154
29133 28591 28830
28799 29822 28290
27888 29514 29069
28921 29828 28204
28846 29645 28594
28893 28829 28836
29063 29766 27062
29063 29766 27062
27977 29751 28669
28944 29408 28221
29135 28493 29043
28068 29402 28657
29170 28704 28758
28836 29809 28210
29417 29494 26667
29060 28776 28716
28759 29790 28414
27647 29772 28877
27844 29762 28784
27493 29174 29154
27899 29492 29057
27646 29797 28885
27847 29754 28468
29135 28493 29043
28759 29790 28414
27472 29115 29236
27511 29060 29242
29026 29835 27018
29067 28316 29006
29450 29398 26576
29714 28825 28240
28659 28918 28724
28006 29378 28735
28843 29600 27888
28867 29740 27221
29460 29350 26761
29581 29204 28500
29053 28437 28832
27860 29507 29042
28952 29311 28276
28771 29679 28152
29321 29463 26600
28902 28837 28690
27886 29641 28550
28676 28723 28896
29273 29428 28070
29024 28520 28982
29317 29558 28036
27726 29796 28768
28727 29719 28338
29673 29179 28517
29181 28675 28626
28789 29625 28392
29680 28946 28538
29626 29046 28600
29014 29593 27112
29117 28566 28805
29010 28701 28954
28810 29818 28033
27529 29073 29176
27557 29764 28863
29044 28811 28797
28963 29736 27088
28821 29470 28097
27623 29634 28788
27792 29803 28658
27517 29000 29219
29363 28565 28643
29050 28626 28963
29225 29406 28178
29130 28652 28729
29424 28556 28698
27527 29018 29215
27617 29746 28885
29591 29068 28574
27744 29821 28698
28703 29756 28365
29039 29365 28183
28676 29805 28227
29213 28640 28665
29337 29194 28549
29011 29079 28673
28955 28546 28966
28860 28829 28771
27550 29828 28785
28715 28822 28893
27538 29800 28799
28816 29609 28509
28726 29753 28179
28816 29609 28509
27257 28857 29221
27619 29768 28643
28891 29602 26762
29107 28365 28693
29575 29172 28344
28825 29685 27126
28000 29229 28624
29180 29546 27822
28530 29490 28330
27870 29287 28685
28848 29617 26904
28912 28599 28945
28945 28477 28856
27505 28946 29051
29349 28643 28574
29040 28416 28924
27379 29139 29034
29137 29391 28125
29523 29048 28437
29566 28922 28523
29490 28988 28454
29250 29420 28010
28979 28687 28771
28731 28773 28787
27491 28926 29159
28633 29730 28292
29189 29225 28086
27602 29716 28846
29450 29129 28440
27723 29696 28741
27823 29429 29000
28776 28855 28628
27436 29198 29004
27464 29098 29175
27825 29517 28406
28569 28808 28747
28699 29667 28135
28748 29525 28208
28667 28777 28830
29506 29126 28350
29195 29465 28002
29060 28630 28647
27682 29649 28747
28587 28798 28814
29159 29535 27847
27461 29106 29194
28994 28632 28647
27779 29600 28445
27747 29579 28474
29130 29508 27913
27635 29659 28755
28947 28654 28820
29159 29475 27931
29241 29469 28000
28984 28674 28800
28862 29534 27964
28726 29573 28134
27754 29507 28887
28896 28802 28620
27608 29638 28849
29124 29498 27968
27758 29500 28859
28705 29543 28269
28701 29581 28326
28751 29427 28305
28701 29657 28227
27605 29194 29004
28761 29470 28272
28750 29472 28246
27374 29101 29021
27377 29760 28641
27402 28965 29181
28873 28340 28895
29197 29210 26489
29511 28874 28284
28810 29588 26879
28484 28767 28806
29041 29527 27808
27812 29189 28545
28557 28625 28826
28984 28428 28748
27680 29660 28696
29371 29158 28320
27686 29311 28975
27521 29715 28775
29238 29015 28397
29095 29372 28121
29451 28821 28341
29128 28398 28555
28953 28672 28646
29223 28633 28513
27433 29007 29157
28664 29542 28084
29158 29355 27991
27791 29326 28864
27594 28876 28987
29094 29453 27901
27604 29621 28747
29377 28971 28394
27552 29759 28594
28622 29589 28180
29195 28676 28522
27455 28856 29063
28734 29466 28214
27487 29119 28999
28526 29546 28300
27405 29018 29074
27703 29620 28636
29185 29330 27987
29480 29081 28260
28999 29454 27910
29111 29480 27863
28596 29619 28206
29065 28423 28541
29237 29042 28344
29462 29047 28295
28995 29504 27830
28703 29534 28246
27571 29537 28766
28975 29502 27906
28705 29478 28205
27388 29089 29001
27219 28968 29073
27381 29694 28495
27404 28730 29155
29187 29210 26454
29200 28590 28451
28977 29526 26862
27683 29196 28696
28491 29430 27951
29166 29314 27825
27451 29069 28927
28526 28600 28576
28755 29145 27987
27519 28777 28792
28699 29311 28234
28900 29461 27870
27491 29007 28875
29131 29341 27918
29017 28973 28352
27327 28911 29107
28877 28865 28358
27599 29589 28696
27576 29618 28744
27367 29673 28576
28719 29402 28012
27654 29613 28645
27385 28837 29123
28631 29390 28208
28652 29398 28189
27334 28879 29132
28657 29420 27977
28709 29382 28195
27141 29414 28421
27270 28845 29016
29069 29178 26406
29154 28539 28353
29159 29100 26410
28820 29341 27632
27471 29380 28560
28920 29383 26783
28931 28675 27799
29054 29339 26511
27401 28692 28849
27405 28643 28698
27302 28960 28886
27288 28984 28868
27245 28558 28801
27352 29306 28554
28936 28141 28291
29050 29136 26388
28302 29174 26475
27261 28677 28727
27294 28536 28701
29039 29270 26402
28817 28030 28166
29023 29041 26352
27196 30484 26323
27442 30437 26297
27603 28587 29374
28785 28428 29006
29724 29583 27216
27229 30420 26432
29370 29643 27069
27735 28831 29195
28098 30392 28164
29040 30036 27893
29348 29816 28024
29694 29384 27557
29479 29463 27446
29132 29584 28116
27655 28554 29326
29647 29594 27281
29080 28641 28319
28375 29791 28777
27928 28917 29004
28267 30265 28041
29451 29488 27372
27900 29960 28497
28411 29650 28781
27825 28899 29084
28564 28928 28833
29531 29616 27219
28617 29114 28735
28859 29281 28528
28474 30177 27985
29514 29421 27372
28846 29222 28565
28946 29173 28429
28046 29986 28436
28862 29026 28584
29458 28974 27628
28772 28709 28852
28707 28776 29308
28754 28731 29055
28876 28873 28630
28054 29864 28337
28406 30237 28077
27906 30005 28375
28971 29858 27940
28706 28897 28744
29094 30117 27685
28811 28509 28891
28361 29545 28840
28057 30154 28215
28815 28430 28901
28855 30099 27763
27215 30431 26370
28855 30099 27763
29651 29391 27560
27199 30475 26431
28191 30183 28196
29361 29079 27645
28416 30164 28002
28729 28816 29111
28906 28769 28573
28717 29110 28643
28191 30183 28196
28988 29141 28454
29124 28485 28213
29370 29133 27601
28227 30149 28204
28960 30133 27660
28361 29545 28840
29070 29089 28530
28903 29092 28504
28373 30247 28052
28267 30265 28041
28588 30146 28021
28788 28449 28900
28734 29963 28210
28988 29141 28454
29108 29608 28134
28729 28816 29111
29108 29608 28134
28730 30145 28334
28788 28449 28900
28717 29110 28643
27152 30452 26288
27365 30420 26226
27646 28439 29305
28758 28379 28738
29623 29157 27252
29606 29355 27526
27282 30312 26603
29121 29816 27021
27184 30373 26378
27496 30289 26487
28119 30115 28115
29510 29553 27180
28018 29912 28394
29234 29790 27124
28173 29492 28533
28355 28797 28776
29403 29577 27205
28520 28937 28677
28736 28516 28854
27409 30350 26487
28348 30179 27880
28871 29827 27831
29392 29421 27330
29081 29369 28069
28616 28555 29016
28532 29085 28403
28970 30011 27680
27960 29983 28349
28277 30236 28058
29261 29534 28011
29322 29704 28004
29334 29449 27376
27419 30317 26316
28318 30241 27867
29121 29816 27021
27715 28779 29094
29456 28967 27549
28859 29040 28360
27916 28796 28911
27681 28738 29245
29249 29782 27958
28637 28654 28838
27785 28771 28984
28751 28806 28597
27871 30238 28053
27736 28680 29299
27282 30312 26603
29036 29970 27701
28976 30091 27601
28833 30042 27757
28575 29011 28653
28566 28708 28980
28725 28607 29006
29334 29449 27376
28937 29504 28052
29437 28953 27612
29031 29577 28051
29623 29157 27252
28538 28867 28762
27975 30078 28210
28159 29729 28494
27994 30220 28061
29169 29740 27974
28887 29941 27725
28887 29933 27790
27457 30301 26558
28824 29001 28385
27692 28751 29128
28601 28828 28727
28611 28681 28927
28558 28896 28660
27775 28744 29186
27656 28793 29154
29322 29704 28004
28339 30060 28279
28346 30081 28172
28804 28882 28485
28683 30050 28206
27457 30301 26558
29169 29740 27974
28974 28885 28481
28676 28819 28489
28717 28749 28724
28339 30060 28279
28638 30105 28062
28620 28967 28516
29428 29408 27356
29397 29122 27549
29428 29408 27356
29432 29501 27249
27780 28624 29211
27780 28624 29211
29248 29738 27993
28638 28890 28693
29397 29122 27549
28520 28937 28677
28887 29941 27725
27130 30361 26201
27247 30385 26137
27719 28622 29243
28689 28378 28881
29605 29239 27507
27317 30278 26459
29036 29777 27049
28162 30113 27824
29309 29020 27583
27399 30335 26342
28933 29741 27695
27601 28737 29010
28941 29560 27973
28718 28467 28824
28318 30048 28190
27403 30299 26145
28570 28998 28597
29496 29498 27120
28031 30199 28035
28112 29420 28395
28860 29821 27796
29237 29347 27300
28587 28846 28654
27848 28783 28876
29217 29560 27921
29399 29242 27391
28799 29989 27575
28057 29463 28533
28919 28812 28448
27934 29861 28313
27909 30081 28107
29153 29755 27273
29340 29270 27237
27713 28667 29086
27764 28669 28897
27949 29999 28260
27653 28722 29209
29493 29425 27177
28451 28596 28803
28544 28845 28673
29388 29242 27467
28059 30062 28170
28004 28606 28750
28651 28742 28624
28406 30104 28045
27776 28581 29207
27678 28732 29166
29392 29307 27178
28685 28522 28884
28614 28563 28708
29009 29934 27609
29259 29274 27278
28675 30039 27623
28992 29965 27663
28486 30089 28047
27968 30089 28063
27689 28640 29234
28872 29971 27593
27946 28668 28962
28920 29887 27665
28969 29906 27664
29185 29759 27151
28967 30049 27488
28573 28628 28721
28617 30095 28042
29185 29759 27151
27115 30360 26122
27297 30258 26118
27677 28618 29241
28711 28360 28804
29587 29199 27257
29048 29682 26938
28306 30036 28180
27293 30198 26464
27573 28687 29021
27381 30170 26452
28182 30047 28105
27819 28720 28848
28089 30087 27963
29406 29443 27052
29568 29224 27392
28032 30081 28021
29037 29600 27099
28986 29414 27879
28775 29812 27655
28446 29995 28039
29448 29005 27404
28663 28440 28715
29295 29077 27504
28706 28786 28384
29162 29318 27243
27745 28762 28688
27659 28668 29156
27213 30233 26354
29234 29143 27499
28653 28503 28875
29005 29761 27157
28536 28902 28534
28477 28501 28880
29386 28866 27507
28490 28927 28578
28919 29941 27431
28594 28802 28409
28907 29784 27600
28858 29905 27610
29183 29292 27406
29427 29380 27167
27375 30174 26348
28588 28659 28618
27133 30311 26276
27237 30282 26200
27257 30263 26305
27630 28697 28853
28739 28684 28432
29048 29644 27073
27236 30316 26233
29211 29393 27219
29357 29415 27093
28554 30022 28007
28889 29852 27636
28753 29819 27644
28462 28719 28668
28558 28714 28557
27226 30292 26272
29423 29205 27493
28877 29897 27632
29439 29215 27434
29185 29428 27220
28557 28877 28596
28738 29871 27637
29443 29408 27079
28722 29903 27641
27105 30272 26257
27146 30287 26115
27226 30240 26096
27520 28453 29229
28601 28376 28871
29570 29164 27257
29000 29624 26916
29196 29111 27447
28912 29334 27870
27301 30046 26480
28252 29970 27977
28164 29860 28161
28943 29489 26925
27670 28541 29022
28772 29716 27578
28424 29810 27957
29399 29431 27016
27892 28492 28731
28014 28601 28602
28695 29823 27597
27321 30144 26329
28091 29889 28095
29446 28971 27360
28479 28731 28530
28670 28541 28428
29332 29176 27312
29434 29221 27305
27465 28587 29073
29381 29354 27106
27847 30003 28091
28937 29734 27141
27647 28667 29030
27223 30232 26170
28211 30003 28085
28645 28481 28795
28568 28637 28585
29387 28796 27403
27427 28619 29036
28449 28909 28469
29461 28895 27379
27656 28523 29183
28683 29837 27577
27268 30160 26428
27157 30179 26402
27293 30181 26353
28429 28866 28519
28425 28850 28585
27648 28491 29227
27014 30189 26167
27050 30180 25963
27431 28451 29200
28590 28134 28815
29507 29030 27191
28835 29728 26856
28230 29960 27915
29267 29403 26937
29174 28950 27434
27213 30147 26393
28895 29700 27047
28003 29566 28161
28157 29969 28067
28451 28669 28483
27606 28204 29127
27242 30125 26334
27721 29817 28131
29462 29089 27137
27604 28315 29161
27289 30136 26140
29148 29057 27297
29384 28838 27309
27606 28622 28944
29162 29214 27225
28041 28481 28541
27973 28563 28516
27876 29860 28124
29372 28906 27317
28402 28401 28686
29248 29207 27204
27822 29605 28127
27807 28463 28608
28442 28370 28721
29423 28894 27280
27898 28637 28570
28521 28343 28683
27235 30126 26174
28546 28404 28501
28466 28330 28684
28534 28322 28685
27149 30110 26201
27352 28401 29000
28503 28280 28540
29480 29008 27068
29195 29177 27003
28123 29450 27705
27307 29947 26320
28205 28635 28440
27865 29732 28090
28262 28314 28643
27977 29388 27720
27717 28528 28556
27965 29913 28064
27874 29778 28067
27888 28472 28550
27876 28494 28523
26998 30074 26106
27720 29672 28066
28052 28489 28066
29308 28816 26849
29246 28765 26906
27926 29219 27606
27025 29874 26253
27138 30041 26132
27660 29866 28050
27778 29846 27957
27905 29701 28036
27914 29767 27981
27762 29788 27959
27778 29773 28047
27651 29546 28036
27846 29634 27989
27883 29446 27466
27903 28276 27928
27512 29380 28002
27512 29382 27988
27788 29458 27662
27821 29364 27689
28054 28972 29118
28191 28752 29582
28671 30180 27745
28753 28342 28974
28982 29902 27453
30063 28869 27554
30032 29339 28204
29071 29816 27512
29468 29192 28606
28653 28416 29029
29435 29715 28130
28913 28616 28823
28811 30082 27873
28820 29934 27635
29421 29720 27955
29677 29423 28469
29889 29471 28251
28912 29231 28742
29187 29649 28259
28254 28656 29445
29623 29722 27854
29689 29405 28351
29115 29419 28650
28699 29626 28514
29821 29127 28290
29298 29402 28570
28238 28758 29386
28705 30130 27785
28429 28899 28951
28939 28626 28773
28983 29501 28261
28093 28903 29187
29336 29566 28251
29640 29675 27827
28745 30104 27680
29751 29635 27706
28191 28752 29582
29312 29781 27947
28715 29504 28657
28334 28680 29417
28608 29037 28861
28289 28695 29166
28195 28863 29287
28360 28888 29159
29800 29288 28332
29800 29288 28332
28474 28995 28936
28880 28736 28920
28189 28777 29323
28493 29120 28883
28681 29534 28816
29327 29743 27834
28828 29471 28745
28078 29062 29105
28748 29139 28764
29432 29394 28588
28856 29522 28583
28636 28992 28858
28139 28922 29108
28553 28795 29068
30063 28869 27554
28579 28777 29149
29336 29566 28251
28813 29905 27640
29739 29507 27904
28503 28934 28920
28549 28823 29130
28692 28380 28936
28544 28679 29155
28643 28655 29043
29635 29726 27757
28057 29085 29080
28647 28393 29083
28186 28838 29435
28202 28787 29162
28100 28943 29076
28295 28889 29069
28488 29037 28924
29447 29660 27925
28195 28863 29287
28186 28838 29435
29447 29660 27925
29739 29507 27904
28061 28915 29109
28106 28900 29110
29298 29402 28570
28105 28926 29069
28503 28934 28920
28106 28900 29110
28106 28900 29110
27918 28657 29522
28107 28582 29552
28561 30106 27694
28723 28320 28887
29087 29755 27304
29985 28850 27664
28964 29826 27396
29679 29340 28289
29830 29414 27969
29917 29065 27935
29334 29303 28538
29065 29764 27454
29428 29644 28029
28705 28464 28868
28757 29196 28715
28390 28805 29015
28694 29922 27829
29291 29629 28120
28609 30081 27567
28181 28733 29483
28598 29026 28852
28279 28657 29182
28870 28597 28782
29209 29557 28174
28462 28953 28894
28344 28815 29102
28723 28320 28887
28545 28637 29050
28484 28706 29071
28884 29844 27424
29054 29639 28164
29878 29338 28100
29938 29120 27761
29628 29677 27631
28682 28518 28819
28739 29970 27608
29178 29486 28179
29581 29371 28365
29357 29453 28035
28799 29894 27751
28911 29394 28599
28685 30039 27816
28618 28542 28960
28015 28662 29517
28182 28676 29384
28642 28469 28931
28176 28848 29248
28216 28719 29307
28629 29612 28339
28205 28674 29403
29548 29577 27711
29347 29154 28424
29601 29341 28219
28252 28864 29010
29589 29716 27709
28111 28900 28939
28170 28713 29509
27982 28886 28958
28835 29191 28645
28230 28671 29136
29480 29679 27779
28660 29571 28485
28006 28916 28953
29546 29452 28204
28802 29420 28669
29497 29473 27803
28458 28809 28946
28746 29964 27669
29357 29135 28562
28845 29397 28514
28191 28832 29018
29887 29175 27963
29346 29682 27960
28687 30069 27686
29985 28850 27664
28729 29511 28432
28236 28639 29286
28801 29486 28453
28682 29442 28623
28705 29508 28496
27986 28645 29524
28782 29473 28551
28636 28869 28842
29607 29357 28109
29588 29397 28317
28731 29468 28605
28757 29196 28715
28730 29361 28682
29488 29478 27760
28184 28814 29299
28730 29361 28682
28729 29511 28432
27871 28635 29509
28543 29975 27644
28759 28180 28706
29120 29714 27438
29878 29221 27953
28958 29726 27440
29860 29296 28068
29613 29172 28184
29406 29582 27966
29480 29343 28240
28690 28478 28765
27964 28925 28856
28273 28557 29174
29327 29681 27874
28592 28319 28866
28799 29318 28649
28324 28814 28940
28511 28951 28803
28409 29511 28350
28059 28890 28883
29592 29658 27578
28110 28698 29425
28614 29832 27774
28554 29825 27810
28171 28767 29110
29346 29657 27815
28416 28680 28984
28199 28627 29350
29231 29589 27962
29573 28942 28331
29356 28978 28540
29279 29037 28543
28580 28394 28886
29190 29440 28147
29257 29236 28448
28723 29894 27706
28649 29905 27738
28567 28413 28956
28766 29871 27645
29270 29130 28465
29514 29318 28358
28699 28340 28820
28790 29389 28569
28280 28723 28976
28166 28658 29507
28744 29914 27615
28160 28813 29260
29576 29028 28199
28228 28814 29052
28064 28711 29401
28112 28822 29163
29601 29085 28194
28179 28587 29377
28768 29477 28421
28124 28846 28995
28193 28634 29238
29535 29697 27607
28063 28718 29268
28714 29308 28670
29548 29229 28153
28537 28401 29008
28771 29460 28498
28214 28597 29068
28748 29386 28654
29271 29105 28432
28529 28915 28819
29191 29588 28109
28699 29408 28627
28670 29416 28628
28558 29497 28341
28187 28651 29105
28591 29431 28535
28191 28850 28977
28738 29405 28643
28210 28718 29079
29582 29665 27607
29191 29588 28109
28767 29414 28511
28721 29467 28503
27879 28512 29501
28473 29877 27531
28587 28141 28783
28801 29688 27039
29878 29072 27856
28905 28158 28473
28678 29666 27469
29591 29634 27525
29142 29191 28296
29247 29562 27797
28633 29833 27648
29856 29186 28036
29764 29200 28066
28381 28937 28738
28302 28874 28776
29706 29252 28049
29268 29292 27701
28024 28767 29244
29342 29151 28345
28458 29006 28660
28735 29334 28605
28127 28630 29316
29412 29239 28222
28604 29411 28549
29459 29283 28197
28217 28365 28992
28397 28528 28917
28660 28231 28715
28095 28629 29430
28676 29471 28372
28584 29744 27679
28546 28299 28828
29446 29291 28195
29195 29041 28352
28157 28656 29088
28098 28796 29014
28656 29149 28628
28180 28582 29156
28761 29452 28444
28574 28466 28732
28508 28433 28802
28781 29581 28060
28661 29388 28502
28079 28837 28857
28144 28610 29478
28516 28403 28951
28668 29732 27475
29175 29063 28448
28691 28306 28662
28266 28769 28847
28529 28341 28862
28097 28745 29231
28133 28781 29179
29455 29221 28286
28766 29224 28394
28184 28686 29067
28142 28720 29151
28129 28673 29248
28186 28701 28899
28509 29360 28641
28577 28312 28709
28131 28835 28884
28519 28412 28844
28133 28718 29238
27915 28769 28934
27968 28587 29469
28508 28243 28743
28614 29760 27549
28922 29623 27401
29756 28994 27589
29193 28949 28221
29450 29547 27404
28569 28429 28715
28365 28946 28617
29625 29033 27819
29719 28949 27845
28217 28502 28732
28456 29469 28356
29207 29317 27667
28109 28821 28795
28043 28658 29176
29666 29250 27758
29708 29096 27666
28633 29661 27607
28116 28608 29405
28860 29455 27572
28676 29191 28530
28753 29410 28360
28011 28724 29095
28140 28579 29413
28742 29371 28397
28652 29410 28442
28175 28777 28640
28694 29166 28564
28698 29446 28379
28594 29307 28592
28126 28775 28858
28176 28637 28916
28647 29271 28569
28131 28635 29116
28662 29355 28428
28035 28728 29030
28603 29320 28549
28071 28584 29444
28173 28644 28985
28094 28686 29104
28097 28729 29023
28690 29250 28415
28117 28664 29015
28111 28681 28983
28078 28681 29106
28175 28606 29020
27929 28681 29055
28126 28533 29393
28516 28236 28686
28572 29742 27536
28607 29674 27227
29667 28947 27648
29169 29267 27615
28562 29420 28270
28583 29051 28523
28945 29540 27276
28448 29395 28287
28859 29623 27371
28098 28678 28957
28702 29316 28344
28891 29480 27323
28456 29269 28529
28016 28638 29155
28056 28575 29215
27987 28657 29080
28738 29335 28307
28912 29606 27233
28042 28597 29322
28119 28538 29303
28731 29354 27617
28632 29336 28276
28047 28556 29385
27974 28609 29100
28064 28444 29311
28489 28207 28673
28520 29570 27473
28577 29270 28343
28312 29337 27778
28478 29334 28299
27988 28627 28938
28355 28236 28598
28124 28509 29234
28089 28582 28921
28065 28328 29279
27992 28606 29139
28034 28591 29282
28102 28530 29024
28110 28524 29018
28042 28588 29076
27945 28542 29250
28337 29552 27438
28429 28199 28662
28485 29260 28127
28118 28422 28983
28444 29187 28216
28460 29512 27445
28017 28532 29032
28430 29251 28310
28096 28507 28999
27934 28539 29242
28056 28478 28899
28068 28286 28920
27953 28420 28991
27990 28341 28945
28060 28298 28969
27812 28443 29198
27944 28443 28896
27749 28358 28646
27936 28205 28747
28629 29203 29505
28910 29099 29649
29744 30343 28577
29995 29838 28967
28707 29124 29314
29094 29690 29306
29351 30042 29139
29376 30126 28757
29851 29810 28993
29536 29397 29116
29948 29738 29054
29506 30093 28601
29169 30296 28827
29673 29973 28861
29993 29615 29028
29371 30245 28695
29185 30326 28667
29207 30287 28973
29572 29863 28862
29717 29439 29063
29572 29863 28862
29651 29580 29058
29712 29512 29102
29674 30179 28580
29355 30203 28983
29655 30093 28591
29712 29512 29102
29602 29586 29082
29545 30189 28583
29599 29430 29110
29602 29586 29082
29207 30287 28973
29599 29430 29110
29602 29586 29082
28290 29023 29534
28388 28850 29647
29095 30307 28517
29609 30125 28335
29980 29791 28937
28862 29471 29264
28698 29151 29283
29271 30095 28637
29553 29276 29104
29093 29569 29214
28591 29073 29359
29547 29337 29063
28741 29122 29273
29431 29683 29034
28664 28892 29423
29639 29911 28715
28479 29083 29459
28612 28996 29475
28956 30274 28582
29816 29699 28958
28996 29765 29101
29270 30201 28695
29091 30107 28874
29251 30066 28789
28576 29079 29498
29524 29518 29082
28452 29143 29439
29593 30134 28405
29742 30041 28366
29167 29909 28990
29957 29596 29014
29662 29629 29050
29669 29870 28584
28346 29015 29519
29923 29818 28831
29204 30258 28824
29240 29886 28849
29493 29799 28898
29464 29286 29095
29802 29723 28996
29622 29993 28418
29916 29679 28995
28590 28923 29524
29587 30044 28447
29750 29730 28940
29571 30204 28554
29498 30234 28496
28652 28920 29520
29498 30239 28464
29500 30013 28564
29517 30214 28513
29549 29904 28803
29670 29968 28582
29465 30025 28557
29538 29677 29025
29697 29743 28940
29611 30080 28413
29697 29743 28940
29677 29797 28954
29670 29968 28582
29538 29677 29025
29677 29797 28954
29538 29677 29025
28118 28957 29452
28465 28933 29497
28506 28795 29448
28950 30247 28491
29955 28808 26780
29567 30013 28226
29920 28939 26909
28959 29482 29197
28698 29099 29233
28250 28948 29442
29923 29218 26888
29020 29495 29102
28931 30036 28850
28591 29105 29270
28642 28809 29346
28548 28886 29412
29937 29063 26820
29477 29902 28661
29127 29842 28740
29632 29609 29048
29923 29218 26888
29841 29731 28585
29543 30073 28422
29345 30048 28550
29655 29973 28344
29111 30184 28670
28598 28958 29311
28508 29003 29389
29082 30227 28685
29528 29661 28983
29802 29766 28791
29761 29704 28871
29069 30149 28694
29183 30134 28683
29257 30138 28531
29728 29745 28873
29456 30056 28510
29915 29666 28965
29467 30120 28459
28539 28980 29428
29028 29988 28745
29567 29962 28576
29634 29817 28597
29409 29971 28559
29558 30045 28352
29385 30030 28523
29930 29000 26879
29576 29621 29003
29791 29792 28788
29497 30125 28425
29220 30162 28636
29677 29803 28784
29620 29836 28456
29220 30162 28636
29707 29673 28900
29674 29734 28915
29583 29618 29017
29704 29797 28816
29572 29611 29049
29701 29697 28946
28511 28800 29434
29253 30035 28590
28490 28935 29433
29471 29992 28552
29955 28808 26780
29596 29681 28962
29566 30025 28535
29575 29967 28442
29596 29681 28962
29701 29697 28946
29632 29609 29048
29632 29609 29048
28212 28961 29403
28273 28896 29491
28565 28665 29292
28929 30211 28558
29936 29063 26748
29936 29063 26748
29905 29118 27007
29469 30032 28353
28635 29172 29105
29898 29220 26839
29197 30046 28504
29140 29916 28677
29369 30013 28503
29556 29375 29045
29083 30173 28652
28423 29047 29198
29807 29597 28846
29934 28704 26803
28323 28792 29485
29512 29803 28765
29392 30114 28433
28520 28950 29320
29656 29425 28952
29885 29652 28845
29757 29748 28754
29667 29725 28848
29702 29663 28884
28258 28992 29344
29623 29393 29033
28373 29004 29241
28350 28852 29481
29696 29493 28886
28589 28972 29209
29482 29757 28784
29414 29981 28539
29516 29622 28906
29631 29506 28977
28537 28875 29399
29534 29934 28448
28417 28931 29424
29416 29987 28462
29607 29518 28943
29095 30080 28631
29533 29553 28898
29717 29738 28809
29091 30092 28629
28330 29006 29229
29558 29736 28832
29684 29755 28718
29654 29535 28942
29085 30166 28549
29551 29801 28776
28306 28943 29363
28556 28686 29215
28313 28904 29456
29456 30042 28379
29448 30081 28370
28284 28853 29471
28272 28923 29491
28278 28957 29405
28273 28896 29491
28198 28860 29442
28439 28691 29235
29040 30170 28500
29926 28972 26542
29803 29112 27113
29426 30007 28293
28688 29095 29023
28934 30151 28507
28512 28822 29234
29193 29795 28493
29854 29251 26691
29579 29372 28989
29162 29913 28488
29624 29453 28947
29777 29285 26942
28947 30080 28572
29095 30041 28535
29771 29207 27065
29882 28881 26849
28416 28792 29369
29281 30072 28432
28208 28914 29299
29541 29734 28666
29049 30106 28522
29296 30019 28411
28236 28875 29394
28312 28869 29358
29344 29990 28413
29852 29093 26878
28495 28966 29136
29815 29209 26980
28387 29036 29085
29450 29509 28891
29881 28899 27011
29742 29662 28747
29642 29639 28796
29765 29582 28781
28475 29011 29050
28338 29061 29046
29461 29978 28298
29490 29234 28991
29178 29946 28477
29446 29933 28335
29510 29718 28836
28323 29010 29165
28386 28869 29289
29569 29621 28855
29496 29533 28885
28397 28994 29147
29495 29775 28760
28314 28835 29407
29681 29679 28761
29630 29267 28809
29715 29693 28712
29559 29735 28563
29376 29511 28888
28492 29069 29042
29711 29678 28724
29402 29925 28462
28411 28797 29379
29610 29704 28522
29404 30013 28314
29623 29589 28836
29592 29691 28719
29436 29917 28437
29568 29521 28882
29559 29680 28844
29565 29586 28884
28072 28871 29392
28162 28845 29400
28370 28588 29305
28684 30158 28263
29741 29125 26678
29877 28880 26738
29737 28779 26968
28941 30111 28499
29386 29312 28976
28471 28798 29114
29235 30024 28403
29080 30032 28386
29319 29792 28370
28300 28737 29397
29354 29906 28353
29725 29641 28599
29796 29055 26787
29480 29719 28665
28197 29007 29004
29555 29395 28892
29819 28939 26682
29033 29999 28416
29533 29587 28820
29344 29489 28862
29017 30121 28456
28416 28903 29111
28446 28780 29177
29794 29011 26887
29534 29418 28874
29293 29919 28459
28243 28829 29336
28144 28861 29343
29660 29508 28745
29025 30055 28480
29426 29907 28278
29420 29945 28265
29608 29531 28758
29401 29759 28743
28303 28857 29241
29557 29531 28764
28260 28913 29038
29516 29682 28618
28340 28908 29115
29812 28757 26929
29798 28932 26874
28080 28907 29271
29649 29558 28709
29641 29653 28656
29638 29559 28736
29875 28840 26748
29549 29685 28615
28262 28776 29291
28364 28770 29279
29814 28788 26760
29802 28904 26755
28035 28874 29218
28087 28779 29387
28423 28500 29137
28970 30037 28329
29778 29016 26541
29792 28923 26592
29701 29245 26959
29426 29904 28253
28934 29967 28465
28246 28644 29141
29183 29949 28389
28148 28776 29314
29655 29506 28678
29712 29068 26689
28357 28895 28945
29543 29394 28793
29202 29773 28289
29370 29322 28877
29481 29577 28818
29264 29748 28462
28406 28864 29104
28357 28545 29203
29545 29683 28594
29774 29042 26725
29612 29629 28258
28196 28819 29194
29504 29335 28874
29416 29687 28456
28228 28830 29163
29635 29608 28653
29773 29050 26695
29524 29613 28603
29389 29749 28458
28028 28756 29014
28218 28457 29188
29005 29949 28344
29712 28780 26702
29699 29234 26715
29408 29723 28186
28846 29820 28458
28343 28666 28991
29376 29141 28835
29186 29740 28360
29240 29715 28207
29454 29364 28766
29332 29606 28646
29435 29453 28768
29562 29583 28617
28272 28673 28946
29624 29366 28597
28161 28526 29165
29363 29202 28828
28114 28659 29015
28267 28655 29083
28233 28478 29147
28171 28592 29161
28285 28464 29110
29396 29604 28534
28273 28596 29091
29621 29592 28572
29596 29591 28616
28189 28629 28938
28227 28573 29077
28880 29897 28271
29607 28750 26700
29104 29583 28190
28731 29864 28314
28236 28906 28765
29505 29543 28582
29247 29190 28738
29039 29672 28278
29317 29079 28726
29366 29095 28626
29422 29570 28609
29353 29579 28248
28079 28519 29024
28148 28496 28931
28784 29806 28204
29298 28986 28590
29238 28953 28653
29274 29046 28649
28977 29030 28613
29164 28907 28606
27861 29065 29458
27886 29002 29488
28348 30091 28182
29087 29109 27489
29372 28191 28185
29527 28535 27758
28056 28852 29118
28208 29342 28787
28536 30076 28509
28592 29923 28240
27961 28633 29132
29238 28328 28635
28317 29367 28715
28881 29750 28411
28124 29419 28738
28780 29897 28164
29372 28191 28185
28665 29556 28696
29269 28716 27974
27916 28959 29361
28946 28400 28651
29292 28748 27891
29403 28491 27820
28208 29342 28787
29192 28680 28023
29450 28539 27794
28950 29852 28360
27888 28984 29284
28709 29488 28670
28209 29499 28710
29326 28605 28261
28938 29535 28515
29493 28624 27738
27935 28945 29235
28833 28647 28732
28952 29733 28511
28967 29446 28545
29104 28878 28302
27946 28998 29231
29376 28524 28023
28855 29603 28602
28622 29633 28581
28106 29633 28618
28771 29501 28623
29075 28563 28595
27956 28912 29353
29009 28476 28634
29204 28771 27907
29337 28558 28084
29114 29008 27576
28571 29648 28575
29361 28781 27783
29109 29082 27580
28835 29813 28570
29149 28874 28126
29141 28974 27533
29317 28730 27913
29089 28900 27683
29160 28341 28526
29395 28617 27948
29029 28907 27720
29400 28495 28091
28720 29828 28391
29024 28885 28123
29042 28993 27672
28720 29828 28391
28553 29051 28709
29160 28341 28526
28977 29420 28626
29026 29059 27616
29131 28998 27630
28870 29777 28396
29361 28781 27783
28561 28736 28715
28870 29777 28396
29110 29058 27650
28875 28625 28692
29121 28994 27667
28571 29648 28575
28987 28987 27938
28987 28987 27938
29139 29003 27518
29028 28883 27765
29080 28978 27676
28840 29621 28516
29009 28476 28634
28840 29621 28516
29112 28731 28539
28553 29051 28709
29139 29003 27518
29337 28558 28084
27956 28912 29353
27737 28992 29173
27868 28814 29407
28265 30076 28270
29126 28894 27384
29318 28213 28090
29463 28499 27684
28118 29385 28733
27928 28576 29112
28306 29311 28701
28496 30056 28314
28456 29981 28492
28955 29149 27608
28814 29851 28346
28623 28518 28643
28052 29393 28723
29236 28467 27883
28206 29435 28609
28869 29572 28499
29296 28747 27722
28358 29986 28439
29413 28463 27792
29150 28530 28068
28883 29833 28302
28963 28783 28192
27885 28956 29265
29045 29033 27645
29200 28470 27972
28761 29746 28553
29120 28982 27523
29055 28747 28125
28933 29679 28310
28782 29688 28470
27904 28663 29353
29010 28411 28541
28381 29983 28341
28792 29600 28494
27925 28705 29175
29043 28761 28241
29122 28810 27421
28238 29418 28679
28828 29754 28432
28096 29450 28637
28984 28573 28391
28086 29523 28638
29364 28254 28081
27916 28870 29313
28929 28607 28597
29090 29078 27567
29317 28580 27814
29388 28558 27847
28820 28372 28612
29071 28954 27599
28886 29592 28408
29100 28640 28107
29023 29108 27478
29113 28924 27639
29318 28447 27861
28673 29498 28562
28061 29427 28666
27868 28814 29407
29066 28811 27949
28971 28879 28019
29346 28434 28083
28377 29082 28588
29013 28341 28563
27909 28914 29316
29061 28832 28014
28835 29687 28476
29023 29108 27478
28955 28680 28408
27878 28918 29268
28646 28566 28617
28715 28420 28688
28976 29074 27837
29223 28602 27834
29137 28791 28095
29040 28288 28574
28823 28717 28545
29218 28312 28564
28807 28517 28629
29082 28286 28571
28677 28697 28569
29385 28246 27990
28973 29118 27749
28660 29512 28568
28702 29425 28565
28970 28453 28442
28973 29118 27749
29385 28246 27990
28975 28849 28091
29213 28653 27952
28269 29396 28687
28963 28520 28429
29114 28667 28103
28739 29593 28561
28269 29396 28687
28739 29593 28561
29092 28529 28312
29219 28428 28106
28929 28607 28597
29213 28653 27952
29213 28653 27952
27761 28671 29293
28467 30046 28200
28929 29158 27515
29316 28179 27948
29383 28558 27674
27889 28845 29031
28024 29273 28711
28692 29658 28515
27855 28545 29172
28328 29883 28210
28582 28376 28581
28859 29573 28341
28548 29499 28568
28054 29379 28620
28067 29365 28694
29127 28672 27875
29280 28412 27822
29202 28640 27753
29213 28594 27745
28959 29078 27563
28334 28475 28625
28741 29809 28274
28378 29868 28325
28983 28321 28474
27825 28752 29257
29018 28279 28410
28244 29277 28698
28766 29770 28167
28263 29842 28332
28166 29296 28612
28543 29729 28460
28757 29520 28550
29052 28234 28440
27854 28794 29236
29235 28284 27972
29067 28971 27562
28097 29305 28621
27829 28897 29241
28957 28834 27617
28850 29678 28233
29315 28444 27795
28890 28801 28106
28717 29837 28154
28148 29371 28611
29246 28485 27762
29103 28908 27535
28793 29568 28447
28821 29710 28282
29104 28611 27893
29027 29027 27595
29002 28771 28085
29126 28502 28048
28151 29320 28614
29001 28512 28292
29233 28396 28018
28706 29833 28314
28896 29047 27785
28905 29015 27799
29048 28747 28013
28933 28991 27811
29057 29059 27537
28367 29871 28207
28937 28704 28228
29224 28416 28065
28786 29743 28284
29098 28682 27920
29042 28794 27650
28878 28357 28558
29031 28731 28097
28813 29739 28419
28945 28351 28414
28928 28502 28430
28846 28483 28461
29098 28682 27920
28989 28618 28219
29069 28663 28065
28574 29569 28551
28942 29021 27659
28991 28734 28103
28959 28365 28318
29069 28663 28065
27835 28642 29144
28377 29956 28101
28989 28867 27337
29014 28193 28327
29243 28547 27438
27881 28706 28988
28031 29357 28694
28161 29160 28632
29217 28373 27898
28549 29582 28512
29146 28591 27700
28689 29832 28152
28227 29708 28299
28323 29806 28198
28898 28929 27603
28127 29320 28608
29075 28523 27804
28919 28327 28398
29101 28800 27429
29183 28464 27729
28299 29684 28288
28114 29426 28556
29035 28659 28011
28553 29625 28457
28972 28397 28135
28313 29927 28142
28723 29735 28283
28849 29009 27761
28639 29503 28453
28830 29073 27754
28769 29468 28361
28601 29576 28383
28939 28478 28258
28052 29339 28624
28839 29050 27457
28945 28612 28094
28828 28769 28012
28712 29422 28440
29200 28340 28065
28985 28956 27519
28777 28518 28424
28741 29690 28221
28581 29584 28340
28795 28789 28316
28894 28741 28059
28980 29015 27559
28051 29351 28643
28136 29353 28589
28751 28678 28523
29003 28834 27513
29049 28793 27492
28888 28756 28100
28703 29502 28537
28986 28875 27506
28985 28803 27552
28569 29533 28544
28567 29543 28522
29042 28854 27499
28914 28868 27709
28845 28328 28521
27898 29260 28671
28154 29947 27998
28873 27956 28264
29025 28766 27314
29047 28462 27530
28310 29829 28103
29046 28383 27665
28785 28121 28438
28606 29628 27914
28947 28650 27903
28461 29581 28399
28883 28471 28154
28041 29088 28609
28825 29057 27447
28883 28284 28222
28094 29342 28565
28016 29317 28620
28558 29525 28462
28956 28849 27549
29008 28746 27345
28690 29462 28486
28382 29310 28510
28835 28997 27575
28945 28596 28067
28813 28725 28029
28385 29528 28409
28593 29473 28381
28741 28590 28487
28869 28638 27971
28724 28782 27598
28024 29382 28550
28979 29005 27540
28593 29402 28493
28848 28769 27618
28713 29490 28227
27843 29220 28645
28149 29936 27956
28685 28517 28473
28952 28954 27408
28973 28679 27464
28448 29431 28395
28217 29638 28055
27946 29240 28595
28708 29062 27562
28701 28910 27757
28013 29378 28549
28168 29768 27944
28488 29089 28454
28667 29401 28430
28193 29640 27852
28064 29134 28514
28878 28833 27530
28799 28592 27925
28757 28565 28005
28869 28639 27881
28114 29196 28442
28886 28535 28052
28954 28928 27527
27912 29307 28512
28085 29720 27822
28871 28452 28029
28969 28594 27341
28413 29397 28307
28166 29625 27930
28672 28809 27686
27926 29216 28445
28393 28697 28454
28618 29393 28430
28667 28936 27745
28913 28864 27518
28953 28921 27476
27716 29168 28471
28422 29393 28236
28643 28727 27702
28925 28771 27360
28926 28759 27453
28265 29129 28420
28624 28894 27641
27876 29186 28468
27817 29273 28441
28567 29366 28396
28821 28760 27495
28405 29390 28401
28896 28816 27487
28910 28821 27466
28413 29347 28414
27687 29180 28337
28269 29377 27789
28713 28585 27431
28716 28780 27081
28912 28766 27215
28493 29363 28332
28691 28790 27433
28535 28731 27592
28896 28722 27265
28822 28741 27330
28754 28745 27425
28310 28979 27935
28663 28656 27271
28682 28613 27342
28481 28773 27660
