5 0.540373
28469 27949 26857
27286 28961 26119
27771 27359 28046
28030 29008 27125
28030 29008 27125
28046 28211 27749
27394 27799 27849
28338 28644 27455
28464 28584 27432
27810 28401 27538
27833 27866 27958
28042 27555 27115
28214 28074 28017
27926 28197 27836
28105 28626 27382
27194 29010 26719
27643 28296 28128
28322 29025 26775
27016 27590 27803
27871 28503 27862
27726 28571 27599
27402 28421 27570
27601 28849 27282
28009 27259 26616
27405 27583 27762
27714 26883 27454
27322 28785 26446
26577 28600 26678
27677 27678 27742
27977 26957 27241
27297 28393 27186
27727 28093 27692
27703 28894 27182
27349 28845 27303
28464 28584 27432
28130 28368 26289
27790 27604 27423
27369 28671 27846
27702 28241 27111
27940 28698 26800
26866 28581 27306
28223 27723 27735
26900 27258 27802
28039 28219 27001
26941 28798 27410
27424 29477 27504
27125 28498 27757
28060 27346 26902
27060 27527 27663
27951 26858 27368
27641 28246 26965
27595 28226 27641
27572 28510 27169
28202 28264 27717
27836 28203 27804
28198 28104 26931
26941 28798 27410
27777 28517 27229
27338 27546 28413
28119 28024 27248
27341 28152 27731
28321 27799 26780
27609 28341 26545
26733 28889 26866
27632 27948 27910
27987 27948 26935
27018 28161 28050
27727 27829 27908
26854 28656 26825
27759 28095 27588
28176 27698 28037
28259 28194 26915
27436 27480 28253
28353 27899 27336
27829 28153 26928
26738 28810 27201
28101 28488 27514
27981 28480 27239
27123 28865 27526
28024 28348 26657
27672 28720 26777
27422 29206 27675
27347 27250 27922
28104 28432 27435
27927 28114 27517
27527 27900 27250
27708 28287 27677
28250 28672 26373
26975 28626 27425
28485 27796 27034
27321 27978 27633
27437 28734 27027
27076 28672 27571
27218 28870 27454
28205 27813 27220
27952 27335 27385
27235 29379 27906
28253 27782 27134
28415 28726 27319
27726 28571 27599
27211 28344 27486
28088 27530 27415
26784 28847 28256
27526 28561 27332
27444 28520 27099
28474 28500 27184
29066 28494 27579
28063 27346 27062
27727 29322 27828
28485 28338 27585
28019 27854 26712
27233 28973 26006
27530 28587 27607
27316 28885 27180
27501 27323 28548
27795 28628 26771
27674 28726 27526
27455 28839 26966
27356 28043 27752
27839 28532 27175
27029 27781 27578
27446 27765 27494
28069 28474 27509
27296 28495 26334
27203 27987 27719
27723 28443 26183
27619 28378 28076
27777 28517 27229
27051 28593 26904
27506 27649 27632
26835 27780 28196
27885 27990 26784
27862 28945 27317
27922 27884 27462
27567 28342 26658
27680 28712 27443
27388 28481 27674
28603 27214 26809
26954 27880 27733
27618 28221 27826
27590 28790 27515
27998 28710 27764
27941 28788 26820
27882 27634 26294
27402 27865 27497
27303 28584 27717
27732 28454 28313
27194 29010 26719
27556 28567 27319
28344 27797 26973
27212 28337 27674
27645 29403 26530
28309 28439 27633
27408 28491 27074
28086 28296 27688
28327 26569 26526
28070 27993 28171
28028 27369 27286
27542 28367 27939
27859 28984 26935
27645 29403 26530
28015 28485 27452
26945 28451 27346
27500 28618 26306
27658 29078 27779
26876 28940 26667
27654 27702 27490
28042 27869 26570
26960 28115 27897
28355 28637 27448
27834 28356 27102
27035 29425 26888
28353 27899 27336
27719 27032 27495
27732 28454 28313
28334 27970 27381
27137 29227 26527
27416 28513 27928
27953 28581 28039
28109 27390 25981
27618 28895 27390
28398 28438 27174
27483 28691 28038
26829 28715 25725
27675 28635 27754
27926 28982 27348
27574 27098 27685
27897 28637 27282
27397 28456 26886
28219 28601 28138
28170 28226 27357
27698 28612 26009
26924 27995 27541
27791 28139 27110
27605 27996 27607
28239 28497 27255
27498 27989 27884
28201 28070 27785
27521 27574 28049
27331 28572 27333
28383 28927 28574
27847 28209 27635
27435 27454 27669
28349 27833 27493
27585 28037 28268
28355 28637 27448
27878 28238 27573
27218 28762 27083
26835 27780 28196
28337 28037 26796
27670 28360 27551
28465 28319 27189
28014 28563 27948
27953 28581 28039
28195 28161 27499
28174 26959 26783
26364 27443 27473
27472 28119 27788
28195 28161 27499
27344 28562 26618
27611 28641 27836
28250 27473 27934
27805 28024 28314
28032 28422 27631
27172 28629 26419
27960 28604 27779
27633 28312 27230
27913 27925 27150
27735 27313 27637
28012 28028 27986
27844 28378 27510
28023 28137 27577
27239 29645 26678
28382 27774 27174
27714 28178 27943
28471 27884 27034
27604 28376 27517
27357 28541 28082
28465 28319 27189
27867 27672 26968
27393 27846 27466
27933 28304 27628
28415 28726 27319
27167 29245 26885
27907 27987 27583
28866 28157 27493
27506 27649 27632
27719 28304 27465
27357 28541 28082
27611 28641 27836
27602 28180 27328
28403 28724 26430
28105 28626 27382
28163 27828 27465
28044 28031 26825
27399 28552 26511
27998 28710 27764
27866 28451 27721
27666 27131 27482
27889 28198 27396
27415 28508 26232
28383 28927 28574
27344 26871 27502
28485 27796 27034
27208 27764 27934
27951 28454 26955
27628 28400 26691
27548 28342 27231
27647 28517 27464
28315 29049 27759
27647 28517 27464
27207 28665 26750
26526 28901 26773
26454 28067 28023
27833 27866 27958
28025 27380 27165
27730 28466 27486
27762 27172 27420
27437 28987 26205
26869 28867 27715
27184 28273 27348
28225 27983 27284
27098 27948 27563
27693 28680 27190
27095 28846 27381
27606 28172 28011
28264 27312 27410
28085 27557 26773
27208 27764 27934
27893 27711 27446
28116 28862 27639
27390 28865 26594
27906 28314 27256
28315 29049 27759
28082 27873 27435
27776 28613 26387
27359 28914 26540
26926 28411 27289
27245 28434 27726
28088 27530 27415
27049 26889 27942
28485 28338 27585
28130 28368 26289
27433 28442 26572
27034 28200 27314
28082 27873 27435
26990 28297 27507
27650 28222 26942
27605 28590 26651
27882 28355 27590
27473 27533 27432
27973 27460 26833
27016 27590 27803
27821 27519 27413
28035 28273 26976
26252 28649 27034
28015 28485 27452
28515 28101 27389
27939 28219 27542
27706 28481 27714
27431 28784 26817
28866 28157 27493
27786 28603 27560
28034 28226 26730
27624 28100 27746
27806 28865 27465
27741 28357 26999
26720 28611 26829
27314 28491 28042
27645 28239 27231
27313 27276 27818
27860 28698 26680
27095 28846 27381
27691 28742 27148
27328 27815 27879
28016 28148 26920
27782 28329 27882
28201 28278 27910
27540 28321 26812
27129 29066 26441
27721 28572 27877
28344 27797 26973
27694 28519 27176
27727 29322 27828
28098 28376 27164
27983 28354 27856
28028 27905 27383
28338 28644 27455
28372 27948 28129
28250 27473 27934
27744 28438 26840
27262 28699 26952
27755 28603 27385
28085 28192 27331
27782 28329 27882
28318 28716 26784
27601 28984 27414
28015 28650 26655
28122 28349 26921
28226 27172 26253
26540 27676 27528
28179 28821 26367
27887 28271 26976
27894 28432 27379
28104 28432 27435
27979 27858 26786
28003 28878 27599
28202 27798 26047
27587 28742 27125
28076 27917 27511
27907 27552 27622
28441 28011 26732
26908 27841 27859
29066 28494 27579
27253 28857 27032
27674 28726 27526
26633 28990 27542
27620 28568 27142
27360 28170 27398
27994 28360 27278
27266 28614 27312
27665 28579 26808
27832 26992 27724
27938 27784 27048
26540 27816 27646
27798 28381 27407
27741 28733 26386
27911 28492 27106
27242 28434 28128
28040 27721 27127
27830 28950 27214
27704 28183 27251
27035 29425 26888
27472 28119 27788
27695 28662 27510
28124 28168 27492
27356 27175 27594
28229 27591 27019
27740 28277 27812
27067 29329 25926
28050 27994 27584
27971 28491 26791
27442 27488 27541
27705 28389 27432
27257 28548 26041
26611 28392 27294
27715 27766 27816
27858 28198 27277
27346 28001 28075
27701 27635 27649
27721 28356 27356
28471 28265 27353
27672 28720 26777
28201 28278 27910
26742 27846 27813
27730 28466 27486
27691 28742 27148
27960 28604 27779
27129 27921 27884
28240 28561 27037
27684 27347 27697
28390 28061 27557
28372 27948 28129
27253 28857 27032
26803 29138 27146
27853 28145 26932
27423 27983 27779
28322 29025 26775
27084 28553 27403
27707 28545 27135
27268 28597 28370
28063 27346 27062
28144 27207 27935
27585 28037 28268
27847 28239 27272
26569 28614 26841
27424 29477 27504
27817 28779 27267
27661 28127 27951
27547 28799 27527
27235 29379 27906
27316 28885 27180
27625 27622 27521
27885 27854 27065
27484 27487 27806
27763 28476 28316
27844 28378 27510
28101 28488 27514
26811 28263 27370
27650 28877 26467
26879 28346 27569
27350 28377 27075
27658 29078 27779
26633 28990 27542
27283 28308 27938
28349 27833 27493
