548 102.376
17451 19670
17451 19670
18601 18863
18552 18943
18540 19033
17637 19582
17790 19578
18578 18909
18194 19362
17929 19494
18259 19286
18308 19221
17588 19604
17483 19640
18332 19203
18215 19316
17815 19570
18360 19179
18007 19481
17821 19528
17877 19511
18162 19384
18601 18863
18283 19248
17549 19625
17543 19634
18033 19464
18219 19302
18388 19130
17613 19591
17832 19516
18467 19111
18280 19263
17906 19503
18094 19444
18481 19085
17458 19653
18439 19118
18414 19124
18528 19072
18528 19072
18383 19162
18135 19390
18111 19410
18053 19452
18475 19088
18007 19481
18375 19164
18105 19435
18111 19410
18053 19452
18139 19387
18105 19435
18105 19435
18105 19435
18111 19410
18528 19072
17343 19548
18502 18937
17473 19497
17996 19449
18337 19133
18202 19315
18382 19073
18454 19006
18162 19354
17374 19519
18110 19392
18489 18955
18078 19409
18061 19438
18051 19443
17368 19500
18429 18969
18160 19278
17870 19436
17395 19441
18291 19086
18014 19423
18096 19322
18059 19385
18095 19356
18371 19028
18334 19055
18303 19056
18377 19002
18401 18995
18403 18971
17323 19468
18425 18932
17772 19429
17370 19433
18220 19073
18137 19244
17957 19397
18082 19344
18088 19252
18401 18994
18321 19048
18356 19001
18289 19066
18028 19353
17989 19380
17997 19361
17959 19389
17289 19420
18398 18937
18310 19047
18085 19221
17588 19409
17912 19383
18391 18988
18059 19329
18075 19235
17417 19419
17489 19411
18021 19341
17936 19367
17965 19350
17954 19352
17304 19407
18393 18928
18054 19225
18268 19046
18387 18986
17628 19375
18308 19034
18037 19294
17780 19372
17502 19403
17334 19406
17533 19378
17849 19348
17914 19343
17841 19369
17949 19337
18014 19334
18036 19323
17532 19399
17372 19400
18386 18940
18031 19228
18195 19044
18258 19016
17891 19341
17623 19371
18348 18975
17733 19355
18029 19309
18026 19322
17802 19353
17512 19372
17461 19380
17386 19388
18369 18960
17304 19382
18384 18797
18020 19236
18205 19015
17797 19333
18382 18936
17574 19348
17442 19372
17966 19322
17551 19361
17356 19377
18337 18961
18326 18971
17982 19291
18258 18982
18219 18995
18009 19273
18019 19268
17973 19315
18242 18983
17320 19378
17552 19355
17303 19375
18376 18870
17966 19306
18202 19014
17618 19317
17518 19353
18226 18967
18371 18935
17572 19330
18304 18962
18322 18942
17197 19362
18350 18907
18095 18986
17957 19174
17754 19300
17488 19307
17926 19276
17383 19353
18252 18945
17443 19327
17220 19357
17938 19224
18325 18932
17949 19215
18256 18933
17210 19354
18313 18877
17930 18968
17923 19171
17848 19254
17581 19291
18075 18966
18247 18944
17357 19351
17437 19326
18271 18922
17864 19194
17496 19296
17468 19301
17907 19185
17321 19348
18306 18839
17915 19077
18221 18944
17736 19236
17912 19115
17844 19191
17580 19248
18271 18864
18246 18928
17785 19197
17518 19285
17446 19298
17538 19261
17351 19329
17398 19326
17407 19307
17421 19306
17310 19326
18256 18811
17871 19073
17914 19001
17612 19126
18092 18939
17575 19247
17476 19282
18240 18916
18244 18830
17592 19175
17404 19304
17359 19310
17595 19155
18140 18937
18192 18932
18183 18936
17145 19325
18240 18897
17724 19030
17906 18967
17591 19112
18078 18934
17506 19224
17520 19162
17315 19308
18183 18903
17227 19322
17571 19153
18093 18926
17401 19298
17451 19238
17443 19272
17412 19280
17450 19249
17244 19304
18210 18750
17566 19075
17803 18959
17845 18922
18090 18917
17559 19150
18205 18872
17494 19206
17437 19256
17449 19222
18116 18890
17397 19286
17303 19303
17313 19293
18158 18887
17365 19292
18181 18883
18196 18882
17372 19287
17336 19289
18198 18777
17752 18954
17538 19114
18086 18908
17465 19136
18153 18880
18194 18783
17425 19210
18130 18881
17349 19256
17413 19238
17368 19247
17340 19287
17391 19239
17423 19216
17230 19288
18147 18744
17445 19132
17892 18899
18051 18894
17331 19286
18143 18852
17364 19235
17911 18896
18135 18869
17421 19153
17393 19214
17415 19197
17415 19197
17095 19286
18141 18621
17425 19007
17767 18871
18132 18762
17412 19184
18128 18854
17971 18868
17305 19283
18019 18867
17330 19240
17322 19280
17341 19211
17365 19195
17331 19217
17400 19190
17368 19191
17201 19281
18131 18739
17811 18858
17398 19139
18027 18848
18110 18787
17314 19239
17305 19275
17351 19185
17386 19181
17390 19151
17024 19272
18115 18561
17384 19117
17903 18839
18104 18787
17209 19267
17921 18838
17301 19261
17332 19179
17369 19170
17200 19259
18051 18759
17867 18834
17365 19164
17296 19254
17298 19169
17212 19254
18050 18690
17365 19033
17995 18736
17293 19243
17360 19150
17336 19161
18032 18730
17227 19250
17179 19253
17971 18735
17350 19141
17259 19192
17250 19227
17332 19159
17042 19226
17919 18666
17334 18948
17773 18717
17323 19121
17872 18697
17114 19216
17260 19153
17240 19214
17242 19188
17110 19209
17910 18659
17317 19007
17277 19109
17283 19068
17239 19175
17202 19185
17117 19188
17054 19201
17880 18572
17704 18640
17293 18926
17272 19005
17239 19154
17255 19094
17258 19052
17163 19155
17128 19162
17076 19170
17066 19178
16956 19178
17262 18983
16993 19158
17249 19069
17202 19145
17239 19142
16951 19151
17249 18866
17040 19132
17247 19042
17198 19120
17223 19108
17042 19119
17245 18945
17220 19070
17185 19105
17043 19109
17198 19084
16895 19109
17217 18950
17110 19092
17202 19047
17181 19085
17193 19057
16902 19090
17210 18853
17176 19085
17199 18879
17182 19043
17178 19069
17036 19072
17163 18841
17133 18874
17128 19031
17097 19035
17060 19068
17055 19069
17054 19029
17120 18955
17098 18987
17056 18993
16923 18996
17094 18898
17067 18967
17048 18952
17089 18844
17059 18920
16943 18945
17023 18730
17012 18938
16922 18899
16995 18675
16987 18825
16952 18842
16852 18799
16856 18628
16807 18722
16777 18568
17504 19577
18520 18967
17815 19468
17729 19540
17594 19544
17729 19540
18379 19098
18434 19033
18421 19080
18326 19158
18362 19138
17913 19397
17999 19347
18030 19338
17843 19437
18377 19128
18499 18997
18070 19309
17836 19448
18484 19016
18152 19280
18140 19291
17881 19423
18227 19252
18276 19196
18314 19175
17966 19386
18514 18985
18110 19300
17973 19361
18186 19272
17881 19423
17541 19574
17574 19557
18099 19304
18263 19220
18276 19196
17913 19397
18191 19266
18246 19234
17968 19366
18428 19055
18484 19016
18054 19325
18054 19325
18428 19055
17541 19574
17574 19557
18246 19234
18263 19220
18314 19175
17504 19577
18520 18967
17966 19386
18205 19254
18205 19254
17504 19577
17504 19577
18205 19254
18246 19234
18263 19220
18520 18967
17559 19543
18473 18834
17914 19344
18298 19084
18429 19025
17769 19455
18269 19191
18447 18944
18190 19236
17729 19505
18469 18880
18078 19273
17973 19304
17638 19519
18028 19276
18131 19250
17633 19524
17744 19465
17991 19298
18148 19242
17499 19536
18441 18918
18353 19023
17704 19343
18248 19140
17687 19426
17881 19324
18137 19210
18045 19259
18408 19015
17962 19289
18416 18956
17676 19485
18039 19273
18202 19162
18171 19179
17926 19300
17621 19505
17656 19495
18437 18934
17884 19301
18159 19199
18247 19161
17547 19530
17549 19522
17593 19517
17599 19514
17535 19527
18437 18867
18241 19156
18350 19014
18154 19195
18376 18987
17658 19470
18035 19226
17678 19372
17755 19324
17886 19293
17958 19264
17679 19356
17823 19314
18033 19249
17929 19279
17592 19515
17613 19491
17783 19315
17604 19499
17460 19521
18433 18825
18234 19135
17644 19462
18279 18956
17672 19324
18049 19190
18372 18925
17886 19283
17803 19313
17965 19218
17575 19503
18116 19155
18342 18926
18165 19149
18280 18950
17747 19321
17924 19257
17713 19322
17524 19511
17951 19243
17551 19506
18145 19150
17484 19514
17934 19249
17482 19515
17434 19511
18370 18870
18318 18900
18215 19130
17652 19308
17638 19437
17765 19281
17627 19461
17563 19496
17534 19503
17872 19264
17949 19178
17846 19280
17935 19239
18107 19155
18035 19158
18003 19171
17948 19228
18149 19136
18147 19147
17517 19498
18367 18865
18243 18893
17638 19436
17704 19265
18208 19066
17956 19159
18049 19153
18340 18870
17778 19256
18100 19144
17572 19451
17942 19225
17870 19247
17933 19234
18141 19118
18188 19109
17559 19493
17829 19252
17561 19474
18153 19117
18194 19088
17843 19250
18204 19077
17480 19496
18349 18842
18204 18946
17842 19249
17632 19277
18303 18869
18182 19089
18021 19133
17941 19205
17617 19387
18151 19115
17622 19308
17595 19435
17527 19491
18067 19125
17547 19457
17885 19230
17562 19439
18050 19128
17919 19214
17916 19228
17524 19481
18340 18810
17622 19294
17820 19237
18204 18922
18010 19121
17935 19198
18277 18868
18171 18991
17534 19423
17590 19400
17598 19357
18063 19116
18119 19110
17617 19312
18306 18832
17838 19230
17888 19218
17525 19473
18137 19080
18168 19033
17900 19209
18139 19061
18157 19043
18326 18829
17342 19471
18311 18813
17676 19234
17577 19399
18166 18974
17919 19142
18115 19110
18180 18840
18136 19074
17809 19228
17428 19470
18271 18835
17510 19468
17518 19416
17917 19194
17886 19218
17834 19224
17353 19470
18269 18827
17579 19228
18138 18875
18129 19034
17742 19210
17575 19385
18246 18831
17966 19110
17813 19192
18077 19108
17912 19126
17421 19447
18104 19072
17909 19162
17509 19407
17494 19444
17862 19179
17373 19451
18096 19100
17866 19166
17507 19443
17565 19391
17369 19466
17532 19396
17535 19395
17373 19442
18232 18823
17566 19277
17698 19194
18104 18969
17552 19382
18131 18870
18085 19070
18108 18885
17489 19434
17766 19178
17912 19125
17502 19394
17400 19436
18062 19103
17868 19131
17856 19169
17829 19177
17979 19106
17973 19108
18074 19088
17298 19437
18211 18699
17545 19328
17802 19162
18089 18854
18068 19062
17906 19119
18204 18787
17519 19363
17423 19415
18043 19103
17441 19409
18207 18768
17848 19144
18059 19102
17844 19146
17205 19428
18207 18738
17748 19154
18082 18779
17544 19322
18066 19055
17398 19411
17486 19339
18157 18773
18055 19087
17953 19089
17876 19100
17906 19094
17793 19135
17509 19329
17824 19105
17814 19123
17799 19127
17816 19112
17356 19403
18178 18632
18057 19034
17677 19154
18118 18771
17522 19295
17941 19073
17863 19093
18147 18743
17431 19334
18044 19062
17395 19398
17734 19135
17800 19113
17783 19126
17478 19327
18132 18759
17499 19320
17512 19310
17318 19384
18143 18741
18057 18880
17684 19126
17517 19163
17455 19321
17510 19233
18075 18767
17762 19103
18044 18997
17935 19055
17394 19362
18021 19045
17845 19083
17876 19070
17362 19373
18038 19018
17863 19081
17328 19356
18091 18701
17495 19188
17847 19079
18019 18910
18042 18796
17956 19039
17425 19299
17449 19284
18044 18723
18010 19014
18005 19017
17404 19291
18091 18698
17464 19078
17808 19062
18034 18795
17431 19263
18004 18946
17947 19033
18084 18701
17989 19004
17171 19163
18025 18697
17400 19118
17981 19000
17734 19051
17906 19019
17777 19035
17959 19003
17747 19050
17331 19110
17996 18682
17980 18946
17765 19033
17605 19037
17444 19050
17922 19001
17393 19095
17956 18978
17963 18953
17278 19054
17979 18883
17442 18991
17942 18974
17722 18989
17885 18987
17442 18991
17278 19037
17975 18714
17445 18983
17938 18927
17823 18978
17887 18936
17813 18967
17919 18843
17800 18966
17885 18671
17611 18952
17791 18522
17696 18946
17540 18952
17724 18519
17561 18793
17401 18940
17516 18764
17497 18929
17303 18931
17492 18904
17265 18921
17461 18765
17380 18899
17411 18843
17416 18774
17362 18848
17418 18542
17404 18812
17311 18840
17404 18792
17356 18814
17386 18793
17214 18798
17385 18661
17313 18722
17332 18707
17265 18702
17227 18640
17322 19688
17322 19688
18489 18612
18451 18898
18479 18670
18425 19004
17570 19639
17436 19667
17759 19591
18451 18898
17847 19566
18336 19123
18399 19051
17668 19613
18344 19073
18169 19322
18124 19393
17589 19625
17961 19505
18030 19461
18179 19291
18291 19149
18217 19262
17668 19613
18364 19055
17899 19525
18045 19434
18250 19224
17786 19580
18108 19398
18293 19136
18479 18670
18489 18612
17989 19475
17863 19533
18158 19359
18072 19415
18214 19286
18264 19186
17340 19684
17397 19680
17997 19472
18264 19186
17397 19680
17436 19667
18231 19226
17939 19513
18158 19359
18063 19421
17878 19529
17786 19580
17589 19625
17939 19513
17668 19613
17340 19684
18231 19226
17322 19688
17322 19688
17397 19680
17589 19625
17786 19580
18158 19359
17235 19671
18372 18859
18165 19099
18150 19235
17382 19612
17530 19578
17818 19566
18113 19326
17685 19574
17840 19499
18056 19339
17592 19575
17975 19380
17334 19664
17893 19415
17886 19451
18000 19377
17381 19661
17891 19433
17181 19654
18294 18780
18140 18832
18125 19193
17371 19580
17682 19567
17857 19386
18266 18819
18123 19232
17974 19332
18067 19307
17797 19440
17310 19643
17736 19497
17712 19552
17777 19467
18039 19317
17352 19616
17987 19331
17348 19642
17328 19641
18269 18770
18104 19190
18219 18813
18066 19306
17687 19530
17947 19313
17338 19574
17811 19321
17761 19460
17510 19567
17796 19409
17578 19545
18221 18807
17523 19555
17250 19641
18263 18661
18088 19160
17925 19310
17786 19348
17442 19524
17604 19518
18064 19198
17354 19552
17323 19631
17687 19487
18055 19280
17612 19495
17749 19360
17709 19457
18003 19306
17291 19634
17741 19412
17412 19534
17377 19537
18029 19284
17732 19430
18015 19302
17735 19426
17196 19632
18086 18782
18045 19277
18057 18798
17349 19539
17739 19364
17922 19309
17570 19518
17683 19470
17730 19427
17617 19481
17297 19628
17973 19298
17315 19582
17582 19517
17954 19299
17303 19608
17310 19587
17311 19585
17269 19626
18052 18637
18038 19227
17576 19516
17922 19300
17323 19534
17730 19366
18017 19275
17655 19457
17727 19400
17676 19442
17289 19597
17310 19558
17291 19570
17664 19451
17303 19567
17212 19609
18037 18890
18035 19202
17384 19515
17568 19514
17711 19344
17817 19298
17672 19404
18003 19238
17306 19528
17578 19451
17956 19263
17841 19278
17627 19446
17916 19276
17664 19417
17268 19606
18031 19219
17278 19562
17271 19595
17607 19450
17825 19283
17925 19267
17303 19551
17293 19561
17298 19553
17924 19269
17265 19592
18034 19100
17479 19507
17790 19272
17322 19513
17560 19476
17687 19304
18010 19213
17919 19266
18017 19141
17661 19372
17911 19268
17624 19403
17683 19332
17564 19429
18011 19199
17289 19543
17604 19422
17292 19541
17228 19592
18009 18609
18008 19190
17865 19250
17717 19260
17426 19503
17351 19506
17280 19529
17500 19461
17613 19380
17588 19400
17651 19316
17536 19428
17925 19211
17257 19574
17917 19213
17679 19289
17522 19457
17672 19311
17223 19587
18007 19017
17860 19241
17698 19258
17397 19501
17498 19456
17992 19073
17601 19336
17975 19160
17279 19522
17906 19190
17325 19503
17256 19572
17649 19280
17575 19372
17517 19421
17533 19375
17529 19400
17659 19274
17951 19181
17936 19184
17236 19564
17989 18882
17854 19236
17960 19021
17646 19237
17484 19452
17939 19162
17982 18971
17496 19392
17566 19367
17306 19503
17381 19483
17870 19189
17244 19554
17606 19275
17933 19183
17572 19315
17628 19247
17575 19293
17337 19499
17363 19489
17378 19487
17237 19556
17185 19556
17985 18808
17938 19076
17635 19237
17371 19483
17522 19351
17916 19183
17450 19450
17578 19273
17568 19305
17932 19141
17750 19228
17480 19383
17836 19202
17300 19501
17833 19223
17476 19433
17240 19516
17226 19546
17758 19226
17280 19503
17134 19554
17918 18974
17725 19213
17562 19288
17910 19150
17779 19188
17289 19499
17909 19178
17508 19292
17443 19358
17211 19514
17198 19531
17365 19481
17503 19351
17438 19424
17385 19440
17371 19465
17436 19434
17477 19352
17084 19536
17904 19081
17890 19174
17669 19181
17195 19504
17368 19397
17632 19203
17555 19257
17432 19359
17511 19272
17353 19461
17502 19312
17280 19498
17497 19336
17445 19343
17349 19468
17293 19480
17285 19484
17132 19504
17886 19133
17393 19328
17499 19300
17340 19438
17515 19213
17267 19488
17669 19179
17758 19166
17533 19180
17439 19321
17305 19458
17836 19146
17338 19446
17856 19138
17868 19137
17017 19503
17850 19045
17331 19416
17438 19312
17668 19171
17746 19105
17461 19227
17170 19488
17459 19300
17275 19438
17494 19187
17778 19093
17808 19050
17585 19173
17541 19178
17267 19476
17248 19484
17183 19486
17002 19484
17819 19019
17363 19305
17719 19062
17484 19154
17112 19481
17665 19121
17455 19251
17597 19133
17307 19371
17458 19223
17247 19476
17276 19406
17266 19474
17279 19393
17252 19474
17750 19012
17576 19108
17449 19201
17297 19328
17409 19246
17425 19225
17293 19370
17261 19388
17254 19422
17274 19372
17256 19420
17240 19472
17668 18879
17529 19105
17660 19012
17327 19202
17434 19192
17290 19336
17409 19195
17246 19393
17260 19351
17244 19459
17247 19363
17242 19469
17204 19469
17639 18936
17331 19195
17474 19051
17230 19362
17427 19153
17470 19105
17226 19428
17228 19381
17220 19467
17203 19468
17461 19016
17417 19137
17298 19157
17258 19189
17227 19330
17448 19046
17217 19401
17205 19429
17459 19021
17208 19402
17037 19451
17358 19096
17248 19133
17121 19450
17300 19110
17217 19215
17214 19243
17198 19430
17202 19336
17212 19334
17190 19441
17183 19438
17331 19068
17207 19300
17321 19082
17184 19355
17182 19421
17241 18988
17196 19196
17076 19403
17178 19309
17160 19394
17140 19382
17075 19305
17115 19189
17064 19284
17061 19258
16935 19194
17043 19140
17010 19043
16913 19011
17252 19604
17252 19604
18644 18738
17780 19577
17283 19596
18273 19228
18029 19446
18383 19069
18558 18845
18531 18863
18047 19406
18114 19334
17918 19474
18638 18787
18412 19006
18318 19143
18359 19104
17874 19500
18290 19187
18318 19143
18107 19385
18619 18797
18504 18889
18455 18974
18419 18989
17954 19458
17807 19542
18057 19387
18225 19246
18212 19276
18110 19359
17887 19491
18644 18738
18492 18899
17794 19555
18290 19187
18488 18931
18359 19104
18467 18959
18176 19325
18589 18817
17830 19519
18410 19050
18474 18938
18176 19325
18185 19290
18589 18817
17954 19458
18216 19249
17830 19519
18410 19050
18191 19289
17283 19596
18029 19446
18185 19290
17954 19458
18290 19187
18359 19104
18410 19050
18410 19050
18589 18817
17272 19528
18546 18776
17913 19430
18380 18884
18357 19091
18370 18972
18285 19177
18257 19227
18120 19245
18014 19387
18100 19289
18097 19347
18066 19370
18043 19384
18056 19372
17212 19505
18545 18660
17882 19420
17278 19429
18356 19020
18512 18750
17990 19374
18276 19079
18094 19284
17255 19493
18118 19240
18516 18732
18350 19041
18221 19186
18053 19325
18267 19135
18240 19137
18157 19208
18173 19201
18033 19359
18044 19348
17153 19472
18525 18653
17849 19368
17266 19422
18411 18713
18345 18976
18264 19062
18043 19269
17999 19321
18249 19132
17177 19442
17991 19354
18163 19195
18486 18686
18110 19225
18219 19148
18171 19167
18322 19034
17244 19425
18076 19244
17905 19361
18319 19039
18505 18685
17898 19362
18098 19238
17199 19412
18493 18598
17265 19405
17802 19363
18327 18914
18337 18698
18319 19032
18401 18668
18042 19262
18102 19225
18157 19186
18241 19092
17998 19314
18190 19142
17941 19342
17987 19340
17888 19353
17872 19360
18223 19130
17807 19361
18233 19116
18232 19120
17117 19403
18484 18597
18310 19022
17251 19386
17885 19351
18237 19082
17996 19295
17204 19400
18035 19225
18024 19262
18091 19208
17986 19340
18184 19135
18231 19114
17922 19342
18119 19183
18157 19160
18126 19174
18138 19164
18142 19161
17237 19366
18440 18566
17369 19337
18326 18597
17928 19329
18310 18955
18221 19098
18279 19015
17980 19328
18154 19156
18008 19244
18381 18582
18283 18988
18091 19193
18027 19210
18299 18965
18019 19237
18113 19172
18122 19169
18051 19206
18075 19202
18066 19204
17144 19347
18299 18918
17936 19323
18264 19009
18283 18959
18220 19040
17970 19316
18139 19110
18136 19150
18016 19236
17973 19260
18143 19080
18021 19204
18295 18929
18203 19070
18057 19201
18089 19187
17979 19254
18182 19071
18105 19165
18090 19177
18096 19166
17976 19256
17117 19332
18270 18920
17903 19319
18249 19005
18177 19061
18004 19234
17968 19295
18256 18930
18135 19133
18137 19075
18096 19150
18014 19214
17937 19306
18051 19157
18025 19188
18040 19174
18142 19074
18031 19181
17843 19312
18264 18645
18241 18990
18159 19056
18260 18848
17863 19294
17952 19292
18055 19146
17961 19282
18249 18916
17993 19209
18087 19114
18028 19169
18257 18868
18007 19172
18134 19057
18131 19084
18002 19206
18112 19085
18105 19107
18109 19103
17087 19295
18245 18916
17862 19286
18200 18989
18148 19044
18087 19104
18055 19145
18026 19161
18210 18956
17981 19196
17893 19266
17956 19211
18221 18921
18129 19063
17934 19237
18109 19085
17925 19248
18122 19080
17929 19244
17678 19286
18236 18728
17784 19278
17877 19245
18213 18898
18194 18982
17975 19184
18235 18780
18014 19156
17916 19209
18128 19016
18168 18989
18228 18845
18078 19075
17926 19193
18048 19102
18227 18862
18039 19129
18112 19034
18096 19063
18108 19056
18044 19119
17135 19277
18215 18747
17845 19236
18206 18894
18213 18760
17998 19153
18126 19006
18146 18938
18031 19086
18101 19047
18185 18920
17858 19222
17902 19198
17949 19181
18069 19062
18063 19073
17916 19189
17941 19182
17793 19225
18198 18806
17991 19151
17934 19171
18187 18875
17878 19182
17815 19188
18115 18982
18151 18918
17997 19080
18127 18930
18097 19025
18043 19049
18190 18813
18078 19042
18004 19052
17766 19210
18197 18729
17851 19177
18181 18848
18187 18737
18138 18904
18086 19014
18051 19037
17996 19044
17896 19162
18169 18865
17951 19140
17969 19089
18107 18931
18099 18957
17970 19077
17934 19155
18102 18948
17935 19144
17150 19187
18196 18656
17689 19185
18179 18836
18077 18966
18155 18860
17738 19173
17866 19158
17944 19115
17994 19042
17948 19067
18025 19034
18035 18991
17966 19066
18026 18999
17893 19138
18159 18850
17937 19126
17912 19134
17797 19149
18180 18643
18070 18959
18157 18813
18174 18737
17959 19039
18024 19012
17838 19146
17932 19084
17996 19029
17869 19128
17908 19109
17876 19120
17919 19102
18018 19026
18021 19021
17755 19149
18141 18795
18046 18939
17836 19109
18014 19012
17973 19026
18057 18845
17776 19139
17897 19093
18049 18849
17928 19080
17924 19084
17723 19116
18137 18582
18135 18791
17997 18953
17825 19104
17896 19078
17924 19036
17957 19017
17832 19079
17985 18982
17801 19104
18130 18486
18083 18728
18016 18773
17977 18969
17818 19096
17884 19058
17926 19017
17922 19033
17895 19056
17749 19085
18108 18400
17897 18791
18055 18724
18075 18554
17783 19079
17889 19033
17883 19050
16987 19077
18015 18494
17947 18719
17763 19076
17863 19046
17770 19068
17848 19049
17702 19059
17862 19005
17838 19026
17791 19049
17768 19054
17780 19047
17825 19009
17790 19039
17615 19038
17785 18929
17778 19020
17679 19008
17780 18886
17741 18989
17764 18944
17059 18993
17779 18874
17605 18985
17762 18938
17717 18969
17698 18946
17755 18917
17630 18942
17753 18628
17728 18803
17708 18915
17717 18852
17599 18904
17713 18817
17673 18884
17637 18863
17688 18772
17643 18839
17629 18858
17547 18837
17628 18739
17590 18826
17622 18742
17590 18732
17613 18667
17594 18670
17504 18720
17605 18624
17537 18700
17506 19509
18725 18165
18441 18819
18067 19315
17674 19479
18424 18955
18709 18302
17853 19414
18002 19381
18584 18561
18557 18648
18725 18165
18315 19143
18002 19381
18358 19067
18515 18707
18117 19289
18260 19180
18672 18477
18403 19023
18505 18784
18119 19250
18290 19145
18184 19229
18360 19055
18160 19237
18505 18784
18690 18418
18702 18345
18640 18498
18221 19210
18690 18418
18596 18518
18230 19199
18520 18669
17740 19451
17791 19444
18527 18654
17816 19430
17853 19414
18642 18484
18591 18521
18420 19005
17674 19479
17714 19470
18702 18345
17714 19470
17740 19451
17791 19444
17816 19430
18420 19005
17674 19479
17816 19430
18420 19005
18725 18165
17790 19415
18628 18140
18411 18266
18388 19010
17894 19374
18565 18250
17985 19318
18297 19046
18257 19102
18112 19225
18040 19228
18368 19020
18182 19162
18606 18146
18158 19222
18228 19129
18038 19295
18226 19160
18586 18190
18175 19212
18578 18200
18038 19295
17652 19407
18608 18130
18557 18225
18375 19009
17819 19360
17885 19333
17757 19387
18215 19119
18560 18151
18060 19220
18286 19033
18128 19205
18162 19149
17949 19314
18336 19010
18034 19236
18238 19085
18243 19040
17700 19392
18138 19170
18008 19281
17981 19308
17682 19402
18004 19295
17706 19383
18595 18065
18341 18850
18394 18223
18535 18118
18442 18163
17747 19375
18326 18952
17928 19268
18264 18999
18220 19017
17793 19331
18001 19263
18312 18984
18403 18220
18196 19065
17913 19302
18068 19205
17845 19317
17820 19324
18158 19133
18034 19220
18093 19167
18127 19149
18004 19240
17875 19309
18122 19157
18033 19236
18162 19113
17886 19305
18178 19099
18085 19199
18184 19088
18088 19184
18182 19089
17586 19378
18590 18037
18335 18252
18303 18840
17773 19310
17662 19357
18411 18161
17885 19290
18509 18106
18436 18124
18522 18038
18205 19002
18284 18984
17978 19256
18297 18944
17911 19260
18187 19024
18103 19150
18125 19130
18039 19177
18132 19100
18159 19098
18162 19038
18075 19175
18000 19240
17896 19263
18160 19060
18087 19170
18289 18952
18016 19192
18011 19223
18027 19189
18005 19226
17525 19371
18445 17919
18400 18088
18281 18794
17750 19294
17987 19238
17655 19317
18027 19179
17609 19350
18245 18876
17882 19284
17877 19290
18231 18966
18096 19140
18185 18993
18149 19086
18162 19023
18120 19100
18114 19118
18159 19073
18160 19042
17512 19332
18336 17863
18233 18862
18267 18120
17632 19317
17713 19285
18291 18078
18316 17912
17841 19262
17821 19282
17951 19236
18058 19124
18224 18954
18113 19115
18169 18957
18014 19148
17965 19185
18005 19172
18135 19078
18149 19075
18158 19014
18156 19019
17952 19214
17617 19308
18289 17753
18234 17910
18230 18767
18148 19069
17677 19275
17841 19259
17753 19271
18272 17839
17929 19230
18047 19115
18082 19104
17802 19262
18173 18945
17983 19144
18224 18894
17941 19227
17980 19166
18210 18908
18176 18926
18072 19110
17593 19304
18279 17728
18218 18088
18211 18873
17651 19255
17815 19249
18169 18889
18132 19059
17959 19162
18023 19098
17838 19239
17882 19210
17924 19185
18049 19084
17620 19261
18102 19065
17902 19195
17608 19293
18080 19082
18082 19071
17542 19246
18204 18857
17771 19238
17899 19119
18124 18984
18140 18880
18008 19087
18120 19033
17832 19229
17884 19180
18084 19061
18067 19081
17857 19201
18182 18869
17882 19193
17687 19224
18204 18716
18202 18851
17977 19076
18122 18911
18084 19018
17871 19110
18059 19072
18126 18878
17777 19199
18080 19033
17787 19184
17834 19178
17852 19130
17847 19170
17865 19117
17486 19222
18191 18788
17881 19075
17502 19201
17735 19199
18178 18836
18043 19070
18084 18939
17842 19128
18077 19025
18116 18903
17797 19153
18052 19045
17736 19177
17766 19154
18102 18907
17416 19215
18190 18741
17830 19124
17635 19196
17711 19189
18064 19013
17955 19070
18073 18905
18128 18793
18172 18779
18098 18901
18106 18838
18104 18847
18005 19056
18041 19045
17971 19065
18033 19050
18034 19046
17536 19175
18185 17849
18102 18840
17765 19120
17633 19154
18028 19040
17923 19046
17846 19066
17798 19067
17626 19163
18076 18891
17913 19062
18062 18991
18055 18998
18096 18854
17581 19157
18180 17827
18087 18807
17892 19048
17718 19103
17665 19112
17939 19038
18052 18931
18080 18839
17994 19036
17690 19111
18041 18974
18001 18998
18028 18997
17999 19019
18037 18994
17437 19154
18150 17814
18052 18872
17781 19036
17702 19091
17963 19029
17567 19120
17518 19143
18022 18958
17994 18988
17552 19122
17981 19007
17382 19153
18074 17565
18049 18836
17652 19091
17916 19003
17512 19108
17807 19025
17672 19033
17497 19112
17823 19007
17975 18979
18043 18852
18021 18943
18000 18952
17671 19080
18010 18947
17504 19098
18012 18922
17641 19079
17755 18979
17871 18971
17704 19022
17975 18963
17736 19021
17986 18949
17423 19080
18011 17564
17567 19072
18008 18769
17913 18955
17959 18920
18005 18857
17923 18948
17982 18896
17984 18883
17448 19072
17991 18715
17559 19049
17896 18954
17988 18847
17940 18914
17922 18942
17974 18885
17959 18889
17556 19038
17981 18651
17685 18944
17927 18899
17977 18847
17959 18882
17973 18854
17931 18886
17474 19035
17972 18718
17550 19023
17956 18856
17960 18842
17537 19000
17937 18707
17862 18852
17928 18818
17927 18851
17523 18980
17923 18832
17769 18843
17505 18972
17921 18754
17750 18836
17876 18826
17893 18788
17877 18791
17430 18940
17917 18731
17556 18835
17815 18812
17873 18777
17874 18762
17384 18916
17846 18776
17752 18801
17764 18779
17757 18799
17362 18903
17808 18539
17381 18793
17646 18785
17801 18737
17763 18767
17747 18751
17784 18720
17774 18712
17596 18670
17700 18658
17537 18638
17656 18464
17593 18556
17526 18619
17591 18293
17556 18500
17551 18530
17479 18445
17512 18354
17510 18411
17477 18434
17464 18426
17434 18394
