3249 226.299
3647 3046 2628 2960
2836 4028 2847 2929
2725 3007 3737 2870
2663 2943 2814 3757
2789 3567 3448 3094
2788 3990 2899 3044
2819 2792 2945 3724
3339 3364 3356 2890
2743 3990 2969 2959
2740 3927 3078 3022
2722 3369 2862 3676
3090 3879 2922 2900
2729 3110 3176 3639
3465 3310 2626 3253
3406 3677 2812 2858
2802 3203 3705 2909
2747 3652 3039 3480
3388 3279 3342 2826
2653 3156 3606 3288
3406 3677 2812 2858
2761 3075 3679 3126
2859 3344 3331 3423
3449 3198 2646 3307
3630 3233 2678 2972
2838 3240 3692 2874
2727 3899 2807 3311
3007 3272 3633 2899
2691 3539 3516 3045
2969 3175 3315 3449
3618 3044 2721 3101
2733 3170 3343 3526
3007 3272 3633 2899
2747 3753 3315 3023
2986 3675 2890 3410
3282 3442 3347 2922
2836 4028 2847 2929
2621 3047 3034 3724
3518 3274 2875 3164
3358 3493 2795 3221
2836 4028 2847 2929
2624 2886 3493 3470
3424 3511 3061 2983
3054 3104 2983 3571
3575 3237 2857 3079
2862 4025 2820 2885
2662 2993 3627 3297
3217 3014 2601 3557
3577 3328 2902 2928
2646 3177 3682 3129
3388 3279 3342 2826
2754 3254 3691 2964
3004 3141 3649 2971
2922 3558 3113 3420
3460 3348 3198 2831
2747 3753 3315 3023
2817 3366 3633 2917
2653 3156 3606 3288
2795 3703 2903 3485
3518 3274 2875 3164
3644 3143 2609 2969
2780 3173 2870 3711
3290 3616 2909 3167
3221 3197 3531 2865
2849 3979 2987 2893
2691 3539 3516 3045
2778 3766 3087 3304
2780 3173 2870 3711
3525 3062 2939 3170
2836 4028 2847 2929
3282 3442 3347 2922
2863 3416 3231 3467
3406 3677 2812 2858
2624 2886 3493 3470
3512 3248 2938 3138
3118 3842 3042 2751
2646 3177 3682 3129
2911 3079 3286 3500
3424 3511 3061 2983
3175 3231 2938 3476
3593 3335 2844 2888
2725 3007 3737 2870
2747 3652 3039 3480
3059 3027 2745 3651
3618 3044 2721 3101
2713 3141 3706 3016
2750 3732 2965 3448
3309 3209 3404 2981
2908 3402 3573 3027
2727 3899 2807 3311
3600 3342 2658 2949
2621 3047 3034 3724
3071 3136 3627 2936
2986 3675 2890 3410
2745 3981 2785 3126
3221 3197 3531 2865
2836 4028 2847 2929
2722 3369 2862 3676
3572 2984 2677 3230
3026 3947 2925 2788
2836 4028 2847 2929
2720 3198 3173 3638
2874 3877 2803 3245
2796 3475 2881 3625
3470 3347 3149 2921
2836 4028 2847 2929
2793 3481 3211 3466
2912 3215 3311 3464
3407 3671 2839 2827
2653 3156 3606 3288
3424 3511 3061 2983
2750 3732 2965 3448
2838 3240 3692 2874
2737 3777 2867 3434
3575 3237 2857 3079
3004 3141 3649 2971
2860 3943 2985 3020
3007 3272 3633 2899
2727 3899 2807 3311
3293 3141 3373 3085
3609 3311 2685 2973
2663 2943 2814 3757
3518 3274 2875 3164
3424 3511 3061 2983
2836 4028 2847 2929
3282 3442 3347 2922
2836 4028 2847 2929
2720 3198 3173 3638
3221 3197 3531 2865
2674 3941 2820 3238
2983 3623 3249 3142
2769 3331 3208 3551
2890 3996 2914 2901
2796 3475 2881 3625
3572 2984 2677 3230
3407 3671 2839 2827
2634 3049 3725 3007
2722 3369 2862 3676
3559 3070 2734 3222
2859 3344 3331 3423
3412 3662 2810 2884
2761 3075 3679 3126
2904 3093 3550 3242
3559 3070 2734 3222
3609 3311 2685 2973
2725 3007 3737 2870
2796 3475 2881 3625
3293 3141 3373 3085
2838 3852 2977 3234
2763 3756 3079 3338
3593 3335 2844 2888
2666 3518 2839 3619
2978 3821 3139 2923
2817 3366 3633 2917
2727 3899 2807 3311
3309 3209 3404 2981
2836 4028 2847 2929
2822 2967 2764 3730
3518 3274 2875 3164
3470 3347 3149 2921
3026 3947 2925 2788
2563 2905 3643 3299
3174 3233 3556 2867
2747 3652 3039 3480
3290 3616 2909 3167
2890 3996 2914 2901
2662 2993 3627 3297
3059 3027 2745 3651
3577 3328 2902 2928
2653 3156 3606 3288
3388 3279 3342 2826
3007 3272 3633 2899
2691 3539 3516 3045
2849 3349 3147 3551
3618 3044 2721 3101
3007 3272 3633 2899
2747 3753 3315 3023
2646 3177 3682 3129
3053 3184 2793 3612
3154 3629 2611 3342
3634 3088 2710 3000
2724 2868 2981 3739
2912 3215 3311 3464
3316 3075 3324 3116
2878 3942 3040 2882
2747 3753 3315 3023
2740 3927 3078 3022
3059 3027 2745 3651
3548 3305 3009 2924
3118 3842 3042 2751
2836 4028 2847 2929
2796 3475 2881 3625
3370 3552 3151 2852
2674 3085 3464 3454
3525 3062 2939 3170
3026 3947 2925 2788
2761 3075 3679 3126
2747 3652 3039 3480
3548 3305 3009 2924
2691 3539 3516 3045
3406 3677 2812 2858
2563 2905 3643 3299
2733 3170 3343 3526
3059 3027 2745 3651
3609 3311 2685 2973
3004 3141 3649 2971
2727 3899 2807 3311
3007 3272 3633 2899
2773 3502 3539 2951
2763 3756 3079 3338
3577 3328 2902 2928
2637 3127 2928 3734
3371 3476 3074 3106
2908 3402 3573 3027
3154 3629 2611 3342
3404 3386 3267 2841
2836 4028 2847 2929
2621 3047 3034 3724
3380 3299 2608 3341
3290 3616 2909 3167
2836 4028 2847 2929
2729 3110 3176 3639
3367 3667 2814 2977
2986 3675 2890 3410
3577 3328 2902 2928
2836 4028 2847 2929
2624 2886 3493 3470
2842 2929 2876 3720
3510 3370 2720 3122
2662 2993 3627 3297
3575 3237 2857 3079
2691 3539 3516 3045
3071 3136 3627 2936
2750 3732 2965 3448
3491 3219 3174 2836
2855 3354 3616 3016
2767 3614 3432 3056
3004 3141 3649 2971
3014 3638 3074 3312
3518 3274 2875 3164
3647 3046 2628 2960
2621 3047 3034 3724
3518 3274 2875 3164
3174 3233 3556 2867
2836 4028 2847 2929
3007 3272 3633 2899
2727 3899 2807 3311
2796 3475 2881 3625
3399 3351 3297 2827
2836 4028 2847 2929
2892 3825 3214 2854
2750 3732 2965 3448
2836 4028 2847 2929
2722 3369 2862 3676
3371 3476 3074 3106
3575 3237 2857 3079
2660 3218 3721 2886
2678 3433 3134 3543
3309 3209 3404 2981
2804 2978 3408 3463
3609 3270 2714 3016
2725 3007 3737 2870
2703 3217 3421 3447
3251 3006 2665 3543
3614 3229 2762 2996
2660 3218 3721 2886
2795 3703 2903 3485
3071 3136 3627 2936
3282 3442 3347 2922
2727 3899 2807 3311
3609 3311 2685 2973
2720 3198 3173 3638
3071 3136 3627 2936
2727 3899 2807 3311
2838 3852 2977 3234
3174 3233 3556 2867
2745 3981 2785 3126
2822 2967 2764 3730
3518 3274 2875 3164
3404 3386 3267 2841
2836 4028 2847 2929
2621 3047 3034 3724
2986 3675 2890 3410
2796 3475 2881 3625
3548 3305 3009 2924
2836 4028 2847 2929
2653 3156 3606 3288
3175 3231 2938 3476
3406 3677 2812 2858
2563 2905 3643 3299
3309 3209 3404 2981
2775 3243 3591 3207
2925 3241 3619 3061
2795 3703 2903 3485
3614 3229 2762 2996
3071 3136 3627 2936
2849 3979 2987 2893
2842 3279 3675 2903
2727 3899 2807 3311
3293 3141 3373 3085
3593 3335 2844 2888
2637 3127 2928 3734
2922 3558 3113 3420
3293 3141 3373 3085
3282 3442 3347 2922
2740 3927 3078 3022
2747 3753 3315 3023
2722 3369 2862 3676
3309 3209 3404 2981
2727 3899 2807 3311
2890 3996 2914 2901
2795 3703 2903 3485
3026 3947 2925 2788
2798 3340 3092 3599
3572 2984 2677 3230
3051 3941 2873 2744
2634 3049 3725 3007
2934 3183 2859 3662
3609 3270 2714 3016
3014 3638 3074 3312
3458 3617 2791 2823
2660 3218 3721 2886
3059 3027 2745 3651
2986 3675 2890 3410
3571 3270 2978 2787
2660 3218 3721 2886
2747 3652 3039 3480
2859 3344 3331 3423
2908 3402 3573 3027
2750 3732 2965 3448
3609 3270 2714 3016
2637 3127 2928 3734
3282 3442 3347 2922
2908 3402 3573 3027
2674 3941 2820 3238
3221 3197 3531 2865
2849 3979 2987 2893
2637 3127 2928 3734
3572 2984 2677 3230
3090 3879 2922 2900
3026 3947 2925 2788
2624 2886 3493 3470
3370 3552 3151 2852
2795 3703 2903 3485
3424 3511 3061 2983
2836 4028 2847 2929
2714 2921 3554 3367
3198 2981 2788 3551
3609 3311 2685 2973
3004 3141 3649 2971
3571 3270 2978 2787
2652 3538 3529 2982
2660 3218 3721 2886
2701 3557 2878 3591
3559 3070 2734 3222
2754 3254 3691 2964
2747 3753 3315 3023
2925 3241 3619 3061
2955 3489 3039 3484
3518 3274 2875 3164
3644 3143 2609 2969
2663 2943 2814 3757
3054 3104 2983 3571
3371 3476 3074 3106
2836 4028 2847 2929
2908 3402 3573 3027
2836 4028 2847 2929
3059 3027 2745 3651
3388 3279 3342 2826
2836 4028 2847 2929
2747 3753 3315 3023
2780 3173 2870 3711
3367 3667 2814 2977
2624 2886 3493 3470
3575 3237 2857 3079
3407 3671 2839 2827
2660 3218 3721 2886
2653 3156 3606 3288
3339 3364 3356 2890
2747 3652 3039 3480
3406 3677 2812 2858
2653 3156 3606 3288
2761 3075 3679 3126
3217 3014 2601 3557
3586 3307 2896 2918
2646 3177 3682 3129
2737 3777 2867 3434
2965 3106 3674 2914
2763 3756 3079 3338
2793 3481 3211 3466
3586 3307 2896 2918
2724 2868 2981 3739
3339 3364 3356 2890
2740 3927 3078 3022
3290 3616 2909 3167
3282 3442 3347 2922
2836 4028 2847 2929
2680 3036 2968 3734
3518 3274 2875 3164
3500 3452 2716 3029
2862 4025 2820 2885
2602 2926 3616 3330
3282 3442 3347 2922
3059 3027 2745 3651
3618 3044 2721 3101
2836 4028 2847 2929
2563 2905 3643 3299
3059 3027 2745 3651
3424 3511 3061 2983
2662 2993 3627 3297
3470 3347 3149 2921
2908 3402 3573 3027
3004 3141 3649 2971
2863 3602 2897 3522
3593 3205 2887 2956
2747 3753 3315 3023
2842 3279 3675 2903
2745 3564 3338 3269
2849 3711 2845 3462
3371 3476 3074 3106
3634 3088 2710 3000
2724 2868 2981 3739
3453 3336 2693 3242
3339 3364 3356 2890
2836 4028 2847 2929
2817 3366 3633 2917
2713 3921 2902 3228
2819 2792 2945 3724
3309 3209 3404 2981
2860 3943 2985 3020
3290 3616 2909 3167
2750 3732 2965 3448
2862 4025 2820 2885
2624 2886 3493 3470
3518 3274 2875 3164
3090 3879 2922 2900
2761 3075 3679 3126
2720 3198 3173 3638
3575 3237 2857 3079
2863 3416 3231 3467
3458 3617 2791 2823
2760 3016 3731 2879
2747 3652 3039 3480
3198 2981 2788 3551
3618 3044 2721 3101
2821 3174 3708 2863
2854 3635 3101 3405
3309 3209 3404 2981
3282 3442 3347 2922
2725 3930 2911 3206
3406 3677 2812 2858
2621 3047 3034 3724
2908 3402 3573 3027
2804 3528 3427 3173
2849 3711 2845 3462
3339 3364 3356 2890
2836 4028 2847 2929
