150 3.85143
8336 8709 8415
8607 8645 8140
8527 8543 8273
8162 8518 8517
8316 8752 8312
8485 8555 8199
8343 8681 8374
8353 8729 8267
8366 8717 8277
8338 8778 8286
8060 8507 8532
8096 8930 8097
8607 8645 8140
8318 8708 8395
8336 8709 8415
8336 8709 8415
8336 8709 8415
8336 8709 8415
8318 8708 8395
8336 8709 8415
8330 8626 8346
8330 8626 8346
8330 8626 8346
8359 8758 8306
8336 8709 8415
8327 8737 8296
8313 8696 8353
8318 8708 8395
8313 8696 8353
8313 8696 8353
8336 8709 8415
8318 8708 8395
8318 8708 8395
8336 8709 8415
8318 8708 8395
8327 8737 8296
8305 8661 8435
8318 8708 8395
8327 8737 8296
8313 8696 8353
8313 8696 8353
8336 8709 8415
8318 8708 8395
8318 8708 8395
8313 8696 8353
8330 8626 8346
8313 8696 8353
8336 8709 8415
8330 8626 8346
8327 8737 8296
8359 8758 8306
8336 8709 8415
8336 8709 8415
8385 8711 8343
8330 8626 8346
8330 8626 8346
8336 8709 8415
8318 8708 8395
8318 8708 8395
8330 8626 8346
8318 8708 8395
8330 8626 8346
8336 8709 8415
8336 8709 8415
8336 8709 8415
8318 8708 8395
8336 8709 8415
8352 8654 8344
8313 8696 8353
8385 8711 8343
8330 8626 8346
8336 8709 8415
8327 8737 8296
8305 8661 8435
8336 8709 8415
8336 8709 8415
8336 8709 8415
8318 8708 8395
8327 8737 8296
8327 8737 8296
8336 8709 8415
8385 8711 8343
8336 8709 8415
8318 8708 8395
8336 8709 8415
8318 8708 8395
8305 8661 8435
8278 8692 8366
8336 8709 8415
8278 8692 8366
8336 8709 8415
8318 8708 8395
8305 8661 8435
8336 8709 8415
8330 8626 8346
8305 8661 8435
8336 8709 8415
8336 8709 8415
8318 8708 8395
8330 8626 8346
8318 8708 8395
8330 8626 8346
8336 8709 8415
8336 8709 8415
8318 8708 8395
8336 8709 8415
8330 8626 8346
8318 8708 8395
8336 8709 8415
8336 8709 8415
8313 8696 8353
8336 8709 8415
8305 8661 8435
8318 8708 8395
8305 8661 8435
8385 8711 8343
8330 8626 8346
8318 8708 8395
8305 8661 8435
8336 8709 8415
8330 8626 8346
8347 8790 8314
8336 8709 8415
8327 8737 8296
8336 8709 8415
8336 8709 8415
8330 8626 8346
8330 8626 8346
8327 8737 8296
8313 8696 8353
8336 8709 8415
8336 8709 8415
8305 8661 8435
8336 8709 8415
8336 8709 8415
8336 8709 8415
8313 8696 8353
8318 8708 8395
8336 8709 8415
8330 8626 8346
8336 8709 8415
8385 8711 8343
8336 8709 8415
8330 8626 8346
8305 8661 8435
8313 8696 8353
8318 8708 8395
8336 8709 8415
8336 8709 8415
8305 8661 8435
8336 8709 8415
8305 8661 8435
8336 8709 8415
8330 8626 8346
8336 8709 8415
8318 8708 8395
8318 8708 8395
8359 8758 8306
8327 8737 8296
8336 8709 8415
8318 8708 8395
8330 8626 8346
8305 8661 8435
8336 8709 8415
8313 8696 8353
8330 8626 8346
8336 8709 8415
8330 8626 8346
8313 8696 8353
8305 8661 8435
8336 8709 8415
8336 8709 8415
8318 8708 8395
8336 8709 8415
8352 8654 8344
8336 8709 8415
8385 8711 8343
8327 8737 8296
8318 8708 8395
8336 8709 8415
8318 8708 8395
8330 8626 8346
8336 8709 8415
8330 8626 8346
8330 8626 8346
8336 8709 8415
8327 8737 8296
8327 8737 8296
8336 8709 8415
8330 8626 8346
8336 8709 8415
8305 8661 8435
8278 8692 8366
8330 8626 8346
8305 8661 8435
8336 8709 8415
8318 8708 8395
8330 8626 8346
8345 8773 8297
8336 8709 8415
8330 8626 8346
8330 8626 8346
8336 8709 8415
8318 8708 8395
8336 8709 8415
8330 8626 8346
8359 8758 8306
8336 8709 8415
8336 8709 8415
8336 8709 8415
8330 8626 8346
8318 8708 8395
8336 8709 8415
8305 8661 8435
8336 8709 8415
8318 8708 8395
8330 8626 8346
8330 8626 8346
8385 8711 8343
8336 8709 8415
8318 8708 8395
8318 8708 8395
8336 8709 8415
8336 8709 8415
8336 8709 8415
8385 8711 8343
8318 8708 8395
8336 8709 8415
8336 8709 8415
8336 8709 8415
8318 8708 8395
8336 8709 8415
8330 8626 8346
8330 8626 8346
8336 8709 8415
8278 8692 8366
8336 8709 8415
8330 8626 8346
8336 8709 8415
8305 8661 8435
8318 8708 8395
8330 8626 8346
8330 8626 8346
8330 8626 8346
8336 8709 8415
8330 8626 8346
8330 8626 8346
8313 8696 8353
8336 8709 8415
8336 8709 8415
8318 8708 8395
8327 8737 8296
8336 8709 8415
8313 8696 8353
8336 8709 8415
8318 8708 8395
8330 8626 8346
8359 8758 8306
8313 8696 8353
8318 8708 8395
8318 8708 8395
8336 8709 8415
8318 8708 8395
8305 8661 8435
8336 8709 8415
8305 8661 8435
8330 8626 8346
8305 8661 8435
8336 8709 8415
8385 8711 8343
8336 8709 8415
8330 8626 8346
8336 8709 8415
8336 8709 8415
8336 8709 8415
8318 8708 8395
8330 8626 8346
8318 8708 8395
8336 8709 8415
8336 8709 8415
8318 8708 8395
8336 8709 8415
8336 8709 8415
8313 8696 8353
8336 8709 8415
8336 8709 8415
8385 8711 8343
8336 8709 8415
8313 8696 8353
8336 8709 8415
8336 8709 8415
8336 8709 8415
8327 8737 8296
8336 8709 8415
8313 8696 8353
8305 8661 8435
8318 8708 8395
8318 8708 8395
8318 8708 8395
8336 8709 8415
8336 8709 8415
8385 8711 8343
8330 8626 8346
8336 8709 8415
8336 8709 8415
8336 8709 8415
8318 8708 8395
8318 8708 8395
8330 8626 8346
8327 8737 8296
8327 8737 8296
8385 8711 8343
8330 8626 8346
8345 8773 8297
8359 8758 8306
8318 8708 8395
8336 8709 8415
8330 8626 8346
8336 8709 8415
8327 8737 8296
8336 8709 8415
8336 8709 8415
8336 8709 8415
8336 8709 8415
8327 8737 8296
8336 8709 8415
8330 8626 8346
8327 8737 8296
8313 8696 8353
8336 8709 8415
8330 8626 8346
8336 8709 8415
8336 8709 8415
8336 8709 8415
8385 8711 8343
8336 8709 8415
8330 8626 8346
8305 8661 8435
8385 8711 8343
8313 8696 8353
8318 8708 8395
8336 8709 8415
8352 8654 8344
8305 8661 8435
8318 8708 8395
8336 8709 8415
8305 8661 8435
8313 8696 8353
8330 8626 8346
8305 8661 8435
8336 8709 8415
8336 8709 8415
8330 8626 8346
8336 8709 8415
8336 8709 8415
8336 8709 8415
8330 8626 8346
8313 8696 8353
8336 8709 8415
8330 8626 8346
8385 8711 8343
8313 8696 8353
8336 8709 8415
8336 8709 8415
8385 8711 8343
8330 8626 8346
8330 8626 8346
8336 8709 8415
8336 8709 8415
8318 8708 8395
8305 8661 8435
8336 8709 8415
8385 8711 8343
8330 8626 8346
8305 8661 8435
8330 8626 8346
8313 8696 8353
8305 8661 8435
8327 8737 8296
8313 8696 8353
8330 8626 8346
8330 8626 8346
8318 8708 8395
8336 8709 8415
8336 8709 8415
8336 8709 8415
8336 8709 8415
8336 8709 8415
8305 8661 8435
8318 8708 8395
8327 8737 8296
8330 8626 8346
8327 8737 8296
8345 8773 8297
8327 8737 8296
8327 8737 8296
8330 8626 8346
8336 8709 8415
8305 8661 8435
8336 8709 8415
8336 8709 8415
8330 8626 8346
8336 8709 8415
8305 8661 8435
8305 8661 8435
8330 8626 8346
8330 8626 8346
8313 8696 8353
8336 8709 8415
8336 8709 8415
8336 8709 8415
8336 8709 8415
8318 8708 8395
8327 8737 8296
8330 8626 8346
8336 8709 8415
8336 8709 8415
8336 8709 8415
8336 8709 8415
8336 8709 8415
8336 8709 8415
8318 8708 8395
8327 8737 8296
8366 8717 8277
8305 8661 8435
8318 8708 8395
8305 8661 8435
8318 8708 8395
8336 8709 8415
8305 8661 8435
8305 8661 8435
8359 8758 8306
8385 8711 8343
8330 8626 8346
8336 8709 8415
8305 8661 8435
8330 8626 8346
8330 8626 8346
8330 8626 8346
8336 8709 8415
8305 8661 8435
8336 8709 8415
8330 8626 8346
8313 8696 8353
8327 8737 8296
8336 8709 8415
8352 8654 8344
8336 8709 8415
8336 8709 8415
8336 8709 8415
8336 8709 8415
8336 8709 8415
8318 8708 8395
8336 8709 8415
8336 8709 8415
8305 8661 8435
8318 8708 8395
8330 8626 8346
8385 8711 8343
8336 8709 8415
8318 8708 8395
8330 8626 8346
8327 8737 8296
8336 8709 8415
8336 8709 8415
8305 8661 8435
8336 8709 8415
8336 8709 8415
8305 8661 8435
8336 8709 8415
8305 8661 8435
8305 8661 8435
