496 13.4544
3125 3523 3169 3130
3006 3630 2953 3191
2952 3596 3256 3117
2928 3500 3268 3214
2914 3686 3104 3056
2910 3467 3339 3070
3031 3423 3083 3289
3193 3486 3008 3157
3117 3470 3045 3256
2778 3378 3054 3459
2867 3197 3466 3100
2842 3849 2726 2873
3393 3244 2795 2932
3140 3460 3035 3086
3095 3560 2980 3205
3102 3431 3096 3147
3080 3471 3017 3006
3054 3372 3056 2989
3139 3505 3124 3076
3077 3402 3057 3069
3102 3431 3096 3147
3042 3540 3092 3187
3023 3396 3120 3063
3114 3368 3075 3070
3140 3460 3035 3086
3039 3473 3101 3073
3060 3478 3095 3204
3048 3440 3134 3041
3081 3488 3138 3171
3059 3506 2977 3062
3061 3491 3152 3112
3141 3387 2933 3044
3084 3482 2992 3124
2935 3267 3075 2967
3143 3448 3061 3101
3140 3425 3138 3089
3143 3448 3061 3101
3125 3523 3169 3130
3067 3375 3009 3083
3076 3432 3105 3071
3078 3331 3006 3082
2950 3387 3056 3098
3155 3385 3040 3024
3150 3577 3079 3077
3101 3438 2980 3028
3102 3431 3096 3147
3116 3461 3095 3083
2986 3492 2957 3025
3084 3474 3023 2992
3001 3470 3047 3063
3090 3421 3074 3020
3129 3451 3156 3063
3019 3330 3016 2995
3134 3403 2997 3133
3097 3488 3000 3074
3137 3441 3063 3106
3029 3384 2984 3008
3084 3493 3093 3130
3036 3443 3085 3110
3051 3388 3091 3093
3040 3414 3040 3119
3144 3495 3173 3098
3101 3407 3051 3114
3141 3497 3077 3062
3192 3449 2972 3098
3129 3451 3156 3063
3125 3523 3169 3130
3053 3417 3113 3102
3038 3446 2979 3112
3016 3378 2996 3063
3128 3440 2917 3104
3096 3471 3120 3203
3071 3550 3050 3205
2992 3425 2983 3095
3009 3503 3074 3077
3051 3380 2951 3066
3047 3515 3040 3111
3070 3539 3032 3160
3127 3492 3020 3097
3076 3487 3019 3057
3080 3469 3048 3183
2999 3462 3026 3121
2956 3476 3080 3083
3050 3366 2980 3089
3044 3440 3031 3073
3101 3407 3051 3114
3125 3523 3169 3130
3110 3462 3093 3126
3095 3444 2971 3085
3142 3417 3002 3065
3139 3505 3124 3076
2999 3414 2957 3012
3011 3344 2995 2976
3124 3550 2989 3106
3022 3492 3059 3078
3055 3512 2986 3074
3048 3434 3022 3061
3143 3448 3061 3101
3047 3504 3098 3052
3101 3400 3037 3111
3031 3493 3033 3177
3094 3306 2991 3180
3019 3376 3038 3111
3023 3411 3078 3039
3080 3469 3048 3183
3199 3380 3106 3060
3198 3401 3032 3080
3002 3476 3097 3148
2973 3478 3076 3033
3120 3423 2950 3011
3117 3368 2962 3103
3227 3365 2982 3052
3031 3385 2998 3127
3138 3299 3014 3128
3068 3425 2975 3040
3097 3416 2897 3039
3125 3523 3169 3130
3038 3422 3041 3153
3080 3550 3156 3105
3057 3465 3097 3125
3031 3365 3032 3066
3090 3421 3074 3020
3114 3440 3101 3063
3057 3465 3097 3125
3167 3395 3069 3005
3073 3416 2980 3161
3093 3344 3045 3074
2982 3456 3074 3066
3023 3454 3100 3109
3139 3505 3124 3076
3071 3516 3036 3076
3084 3493 3093 3130
3057 3465 3097 3125
2984 3437 2953 3180
3110 3457 2985 3067
3181 3377 3017 3097
3139 3505 3124 3076
3010 3444 3094 3034
3161 3444 3136 3061
3056 3434 3038 3089
3073 3384 3007 3116
3100 3485 2999 3099
3012 3438 3091 3065
3091 3388 3080 3111
3052 3469 3043 2988
3101 3400 3037 3111
3103 3280 2968 3035
3001 3470 3047 3063
3040 3430 3062 3095
3077 3456 3102 3141
3048 3434 3022 3061
2994 3383 3006 3032
3123 3386 2952 3023
3139 3505 3124 3076
2972 3434 3030 3116
3127 3378 2961 3031
3001 3470 3047 3063
3065 3453 3043 3128
3125 3523 3169 3130
3075 3436 2959 3137
3067 3465 3072 3103
3047 3515 3040 3111
3082 3396 3021 2997
3000 3501 3015 3077
3038 3422 3041 3153
3114 3480 3080 3028
3042 3454 2939 3085
3169 3456 3087 3110
2971 3470 3055 3091
3076 3432 3105 3071
3095 3339 3044 3060
3028 3415 2994 3051
3064 3477 3085 3013
2999 3462 3026 3121
3045 3551 3059 3129
3001 3470 3047 3063
3036 3443 3085 3110
3111 3530 3055 3013
3088 3409 3097 2973
3056 3372 2976 3083
3052 3357 3012 3007
3102 3431 3096 3147
3108 3412 3085 3079
3084 3419 3062 3090
3080 3416 2968 3013
3113 3425 3025 3078
2972 3434 3030 3116
3037 3294 3124 3046
3127 3492 3020 3097
3056 3304 2922 3047
3008 3451 3114 3080
3087 3530 3090 3079
3080 3416 2968 3013
3173 3490 3128 3133
2967 3366 3001 3052
3090 3414 3060 3017
3020 3425 3048 3084
3043 3500 3127 3046
3056 3500 2964 3092
3125 3523 3169 3130
3099 3496 3079 3159
3137 3440 3023 3004
3040 3408 3010 3046
3139 3505 3124 3076
3045 3350 3028 3000
3076 3432 3105 3071
3101 3400 3037 3111
3055 3409 3112 3068
3111 3489 3094 3081
3032 3433 3044 3004
3029 3487 3014 3019
3052 3424 2997 2983
3070 3428 3089 3167
3077 3352 2941 3063
3041 3385 3051 3001
3071 3550 3050 3205
3042 3540 3092 3187
3073 3457 3003 3094
3071 3393 3059 3036
3125 3523 3169 3130
3099 3450 3123 3060
3084 3414 2954 3031
3064 3458 3018 2980
3149 3491 2986 3190
3124 3417 3011 3059
3047 3504 3098 3052
3169 3367 2988 3105
3034 3479 3104 3128
3101 3424 3036 2981
3039 3389 2958 3093
3034 3526 3080 3075
3114 3368 3075 3070
2964 3419 3061 3088
3071 3550 3050 3205
3114 3405 3030 3151
3092 3424 2930 3081
3025 3485 3034 3005
3064 3326 3086 3018
3071 3497 2970 3035
3004 3333 3063 3046
3065 3438 2878 2975
3058 3413 2994 3132
3005 3482 2966 3029
3125 3523 3169 3130
3139 3505 3124 3076
3142 3417 3002 3065
2960 3463 3018 3036
3001 3470 3047 3063
3102 3431 3096 3147
3036 3443 3085 3110
3065 3283 2952 3112
3084 3355 2957 3115
3005 3509 3083 3089
3062 3426 3072 3010
3001 3470 3047 3063
3084 3493 3093 3130
3084 3493 3093 3130
3086 3568 3024 3083
3143 3448 3061 3101
3068 3473 3063 2957
3055 3471 3038 3118
3060 3478 3095 3204
3011 3517 3076 3043
3105 3506 3033 3057
3080 3550 3156 3105
3158 3428 3011 3151
3101 3407 3051 3114
3001 3470 3047 3063
3114 3321 2994 3122
3101 3455 3086 3104
3114 3368 3075 3070
3019 3462 2990 3121
3101 3407 3051 3114
3049 3296 3000 3094
3125 3523 3169 3130
3042 3540 3092 3187
3084 3355 2957 3115
3012 3470 3001 3059
2890 3343 3104 2991
3021 3451 3062 3082
3034 3447 2941 2976
3045 3503 3063 3064
3150 3504 3146 3121
3122 3422 3049 3126
3098 3472 3137 3146
3118 3378 3044 3048
3074 3372 3041 3106
3114 3368 3075 3070
3103 3414 3156 3127
3103 3363 3045 3133
3043 3471 3060 3250
3113 3478 3034 3105
3125 3523 3169 3130
3048 3434 3022 3061
3032 3423 3087 3121
3190 3351 3064 3068
3056 3434 3038 3089
3136 3496 3021 3103
3004 3385 3002 2974
3081 3447 3027 3049
3110 3429 3079 3103
3138 3414 2955 3095
3060 3478 3095 3204
3099 3333 2984 3102
2985 3364 3001 2993
2941 3369 3064 3083
3101 3407 3051 3114
3121 3481 3169 3061
3081 3443 3079 3126
3101 3407 3051 3114
3101 3407 3051 3114
3115 3382 2992 3057
2999 3462 3026 3121
3118 3450 3142 3010
3042 3422 3089 2978
2999 3462 3026 3121
3102 3406 3041 3009
2979 3384 3024 3165
3071 3550 3050 3205
3071 3497 2970 3035
3052 3404 2996 3099
3056 3372 3068 3144
3054 3495 3085 3172
3080 3469 3048 3183
3101 3438 2980 3028
3102 3450 3010 3093
3019 3398 3005 3114
3068 3425 2975 3040
3125 3523 3169 3130
3145 3435 2983 3010
3026 3389 3117 3097
3101 3400 3037 3111
3046 3420 3024 3109
2972 3434 3030 3116
3123 3469 3136 3113
3064 3403 3030 3101
3082 3369 2987 3069
3096 3471 3120 3203
3088 3383 2975 3077
3098 3488 3159 3122
3060 3478 3095 3204
3042 3454 2939 3085
3082 3369 3005 3113
3004 3422 3110 3110
3068 3394 3050 3095
3125 3523 3169 3130
3066 3489 3062 3060
3122 3372 3035 3036
3119 3380 2978 3075
3001 3470 3047 3063
3032 3433 3044 3004
3142 3417 3002 3065
3036 3443 3085 3110
3097 3348 3044 3068
3002 3541 3075 3060
3035 3487 3024 3165
3121 3329 3020 3145
3080 3469 3108 2977
3098 3488 3159 3122
3101 3400 3037 3111
3163 3439 3014 3080
3093 3479 3075 3122
3042 3540 3092 3187
3125 3523 3169 3130
2978 3392 3014 3009
3073 3416 2980 3161
3142 3389 3041 3020
3016 3464 3146 3052
3035 3368 3038 3052
3095 3508 3020 3038
3099 3430 2959 3086
3132 3363 3034 3052
2986 3492 2957 3025
3101 3407 3051 3114
3126 3423 3090 3080
3140 3460 3035 3086
2988 3355 3035 2997
3079 3426 2934 3059
3010 3363 2986 3112
3056 3434 3038 3089
3142 3417 3002 3065
3151 3391 3049 3036
3094 3434 3078 3056
3117 3353 3118 3027
3080 3412 3020 3090
3075 3496 3069 3082
3066 3482 3048 3057
3163 3439 3014 3080
3095 3436 2968 3098
3166 3367 3101 3072
3080 3416 2968 3013
3180 3401 3007 3054
3051 3507 3125 3155
3088 3465 3169 3152
3073 3408 3066 3081
3085 3444 2996 3107
3073 3497 3088 3083
3054 3364 3029 3158
3007 3428 2969 3124
3143 3448 3061 3101
3032 3433 3044 3004
3068 3425 2975 3040
3036 3443 3085 3110
3003 3433 3055 3085
3039 3399 3003 3059
3056 3434 3038 3089
3081 3447 3027 3049
3101 3438 2980 3028
3098 3488 3159 3122
3050 3311 3024 3011
3053 3417 3113 3102
3101 3407 3051 3114
3036 3443 3085 3110
3033 3469 2962 3110
3071 3418 2955 3027
3125 3523 3169 3130
3125 3523 3169 3130
3049 3504 3044 3031
3040 3430 3062 3095
3042 3540 3092 3187
3086 3400 3124 3122
3115 3382 2992 3057
3098 3488 3159 3122
3056 3494 2931 3012
3060 3478 3095 3204
3051 3507 3125 3155
3042 3540 3092 3187
3081 3447 3027 3049
3146 3459 3028 3043
3096 3471 3120 3203
2960 3462 3100 3152
3062 3373 3047 3095
3082 3506 3048 3126
3002 3476 3097 3148
3038 3412 2964 3042
3114 3368 3075 3070
3047 3403 2963 3025
3053 3455 3056 3019
3139 3505 3124 3076
3012 3438 3091 3065
3115 3418 3048 3052
3116 3293 3040 3130
3101 3402 2925 3023
3160 3413 2996 2990
3155 3451 2984 3165
3113 3453 3025 3154
3073 3413 3155 3103
3052 3515 3045 3192
3155 3385 3040 3024
3053 3393 3054 3137
3034 3526 3080 3075
3026 3417 3103 3131
3093 3460 3126 3098
3115 3382 2992 3057
3099 3333 2984 3102
3090 3421 3074 3020
3067 3465 3072 3103
3057 3465 3097 3125
3042 3454 2939 3085
3067 3461 3039 3090
3143 3448 3061 3101
3172 3435 2983 3140
3040 3430 3062 3095
3025 3544 3077 2994
3074 3372 3041 3106
3040 3490 3104 3228
3037 3398 2996 3120
3024 3472 3112 3062
3101 3424 3036 2981
3066 3489 3062 3060
3209 3369 3076 3082
3098 3475 3048 3076
