1470 142.851
7690 8795 9119
7915 8211 9414
7975 9631 8131
8032 8047 9290
9152 9034 7664
9321 8831 7937
9140 9016 7681
8898 9177 7834
9220 8917 7864
9163 8996 7900
8525 9372 8383
8025 8107 9310
8495 9497 8292
8107 9457 8405
8212 8064 9250
7889 8430 9266
9192 8769 8340
8288 9609 8015
8761 9257 8438
7804 8605 9218
8373 9469 8323
8890 8503 8854
7722 8730 9135
9256 8155 8162
8053 8087 9272
7938 8293 9367
8234 9009 8884
7986 9534 8307
8434 9272 8528
7968 8194 9357
8999 9172 8001
8320 9581 8047
8611 8656 8917
8660 8464 8940
8907 8399 8843
8354 9339 8533
8197 8416 9203
9288 8224 8148
7823 8305 9380
8167 8476 9201
9213 8900 7886
8679 9301 8338
7876 8568 9283
8097 9556 8186
9270 8782 8086
9038 8851 8593
8563 9425 8217
7992 8320 9338
7711 8667 9226
8275 9399 8470
7911 9571 8225
9010 9158 8053
8390 8451 9143
8570 8257 9046
8396 8383 9123
7932 9595 8165
7786 8699 9167
8147 8140 9270
7756 8677 9171
9177 8972 7948
8953 9086 8201
8472 8528 9060
8596 8169 9044
9107 9068 8037
8741 9349 8233
8716 9017 8564
8296 9167 8734
8183 9240 8606
8647 9096 8628
7947 8719 9086
8459 9391 8322
9134 8971 7965
7857 8668 9144
8161 8124 9251
9088 9050 8273
8046 9405 8417
8554 9510 8123
8070 8819 9028
9095 9108 8110
7849 8246 9395
8727 9240 8486
8780 8540 8775
7764 8780 9113
8508 9227 8578
8693 9147 8504
8363 8855 8831
9297 8249 8077
7841 8536 9304
9056 8737 8658
8823 9204 8262
7793 8332 9361
8877 9134 8432
8449 9360 8492
9116 9034 8119
8471 8366 9100
8527 9193 8659
8416 9543 8176
8931 9106 8257
8127 8716 9116
8087 8750 9075
8344 8934 8901
8789 8980 8584
9256 8238 8142
8002 8629 9178
8969 8745 8640
8982 8879 8546
9107 8942 8448
8865 8566 8770
8794 8846 8730
8549 8350 9041
7962 8131 9378
8627 8322 9024
9317 8313 7964
8737 9115 8550
9072 8360 8563
8585 9298 8517
8107 8593 9191
8676 8550 8802
9303 8647 8007
7915 8211 9414
8668 9062 8612
8801 9214 8502
8856 9225 8243
9017 8663 8677
8419 8943 8822
8407 8795 8977
9134 9054 7834
8646 8624 9006
8333 8636 8994
8209 8885 8958
9084 8930 8517
8854 9029 8534
8929 8587 8703
8875 8965 8651
9207 8916 8214
8926 8958 8555
8809 8911 8679
8970 9140 8199
8519 8547 9029
8843 8765 8753
8473 8878 8746
8254 8637 9014
8836 8869 8709
8483 8698 8947
8691 8679 8761
8001 9412 8433
8585 8869 8791
8919 8761 8691
8673 9085 8559
8566 8802 8818
8440 8755 8985
8816 8791 8715
8546 8791 8878
8264 8711 8999
8635 8637 8793
8581 8811 8793
8442 8641 8954
8466 8588 9077
8919 8786 8687
8553 8708 8905
8255 9012 8760
8592 8758 8852
8271 8696 9002
8534 8800 8865
8567 8790 8867
8593 8627 8962
8573 8663 8909
8894 8793 8713
8534 8800 8865
8573 8663 8909
8271 8696 9002
8593 8627 8962
8691 8679 8761
7875 8461 9123
8583 9150 8087
8724 8991 8016
8904 8734 8615
8219 8842 8748
8744 8801 8704
8839 8881 8633
8664 9111 8107
8503 8939 8501
8507 8935 8277
8468 8977 8579
8719 9043 8019
8321 8555 9049
8416 8500 9025
8340 9063 8413
8488 9017 8342
8630 8588 8856
8269 9112 8288
8429 9076 8341
8872 8481 8680
8259 8651 8996
8567 8547 9002
8313 8612 8946
8291 8756 8734
8387 8905 8589
8378 8924 8675
8414 9052 8391
8659 8636 8738
8343 8603 8932
8405 8717 8817
8482 8700 8781
8623 8722 8730
8553 8646 8909
8444 8667 8901
8386 9109 8287
8413 8752 8767
8469 8711 8877
8889 8712 8665
8516 8677 8791
8529 8671 8795
8307 8753 8893
8886 8725 8627
8432 8731 8801
8329 8720 8932
8564 8676 8788
8565 8647 8856
8438 8720 8781
7710 8449 9116
8307 8367 8955
8383 9096 8239
8633 9088 8027
8818 8482 8531
8215 8720 8803
8392 8933 8430
8716 8697 8225
8604 9020 8075
8329 9018 8360
8407 9063 8321
8244 8583 8985
8670 8856 8452
8793 8599 8542
8345 8417 8921
8246 8735 8726
8629 9035 8030
8449 8878 8498
8615 8799 8535
8444 8881 8620
8487 8495 8902
8712 8756 8331
8393 8382 8940
8687 8518 8639
8585 8569 8790
8265 8677 8896
8685 8620 8678
8622 8529 8758
8523 8457 8918
8664 8786 8568
8322 8443 8933
8682 8623 8585
8654 8725 8647
8469 8858 8566
8229 8755 8668
8424 8678 8776
8324 8702 8832
8475 8789 8610
8535 8533 8886
8453 8592 8865
8614 8552 8846
8542 8620 8800
8442 8647 8875
8227 8642 8977
8329 8693 8841
8425 8656 8835
8516 8645 8790
8389 8665 8794
8519 8637 8852
8540 8558 8858
7934 8614 8862
8239 8558 8944
8269 9068 8206
8593 9056 7992
8718 8394 8475
8735 8424 8461
8037 8574 8864
8401 9018 8132
8203 8936 8327
8211 8874 8409
8190 8711 8755
8658 8479 8557
8572 8502 8670
8599 8764 8522
8439 8833 8615
8584 8778 8433
8328 9043 8301
8364 8653 8819
8629 8447 8582
8297 9062 8259
8407 8671 8709
8366 9034 8291
8455 8679 8635
8528 8736 8525
8436 8453 8908
8554 8546 8830
8390 8641 8736
8645 8687 8572
8470 8533 8850
8265 8542 8884
8511 8532 8886
8501 8596 8799
8563 8469 8718
8489 8624 8787
8558 8723 8615
8427 8634 8793
8302 8672 8726
8495 8584 8807
8516 8615 8757
8450 8436 8898
8395 9057 8236
8392 9022 8239
8447 8735 8530
8641 8728 8436
8196 8733 8617
8494 8425 8896
8640 8618 8578
8486 8617 8796
8401 8615 8860
7827 8417 8944
8272 9037 8005
8550 8379 8712
8631 8477 8306
8234 8942 8234
8198 8869 8399
7926 8630 8770
8398 8774 8108
8395 8964 8174
8269 8819 8409
8340 9016 8167
8376 9025 8066
8606 8690 8393
8444 8749 8335
8317 8732 8596
8105 8686 8617
8101 8578 8846
7992 8614 8790
8517 8527 8659
8623 8566 8503
8264 8495 8886
8347 8455 8869
8348 8761 8536
8053 8603 8805
8583 8636 8436
8494 8722 8581
8574 8767 8304
8626 8501 8471
8537 8594 8558
8468 8419 8858
8418 8677 8606
8026 8607 8804
8552 8403 8620
8482 8637 8614
8342 8668 8700
8273 8724 8608
8256 8614 8745
8563 8397 8709
8490 8545 8780
8619 8621 8315
8541 8521 8749
8460 8615 8674
8210 8612 8784
8386 8480 8855
8509 8510 8785
8487 8511 8816
8389 8607 8698
8453 8595 8792
8388 8594 8825
8341 8769 8333
8458 8600 8777
7890 8496 8834
8033 8978 8092
8329 8355 8867
8520 8341 8697
8587 8657 8383
7979 8882 8132
8124 8857 8236
8452 8562 8471
8550 8735 8296
8252 8613 8722
8226 8795 8366
7909 8580 8763
8048 8680 8607
8171 8486 8802
8134 8860 8182
8007 8869 8139
8163 8836 8258
8502 8662 8357
8466 8381 8812
8415 8578 8516
8301 8420 8838
8363 8370 8856
8308 8751 8508
8205 8682 8582
8239 8516 8778
8144 8697 8569
8284 8583 8648
8127 8451 8865
8411 8543 8660
8379 8707 8552
8274 8603 8561
8513 8352 8678
8553 8509 8498
8372 8543 8772
8280 8592 8616
8392 8590 8601
8320 8712 8502
8304 8831 8138
8484 8436 8811
8480 8497 8584
8505 8515 8495
8323 8559 8611
8386 8441 8837
8382 8881 8136
7993 8471 8698
8081 8826 8045
8306 8350 8847
8446 8311 8792
8086 8762 8257
8165 8644 8561
8343 8700 8420
8228 8550 8672
8439 8414 8731
8373 8556 8327
8399 8331 8779
8257 8748 8444
8039 8581 8677
8236 8435 8835
8127 8691 8532
8362 8672 8483
8114 8600 8596
8120 8500 8695
8442 8425 8604
8299 8687 8475
8283 8573 8576
8281 8553 8590
7873 8759 8041
8039 8761 7970
8066 8742 7915
8342 8319 8759
8431 8268 8626
7973 8515 8673
8216 8732 8299
8034 8411 8671
8239 8707 8406
8068 8644 8527
8145 8545 8653
8275 8556 8473
8143 8581 8472
8337 8681 8300
8310 8616 8462
8068 8688 8469
8341 8639 7979
8318 8640 8451
7999 8666 8254
8043 8535 8625
8076 8426 8610
8179 8715 8241
8330 8522 8091
8122 8453 8591
8213 8537 8470
8285 8609 8418
8295 8615 8267
8226 8621 8365
8173 8625 8377
8247 8613 8446
8154 8610 8455
7912 8524 8612
7964 8694 7754
8238 8469 8426
8280 8563 8015
8107 8660 8212
8104 8576 8351
8062 8680 7788
8232 8539 8382
8091 8675 7821
8157 8575 8370
8075 8571 8426
7954 8675 7807
7968 8618 7746
8084 8369 8399
8226 8491 8362
8131 8565 8231
8035 8510 8283
7959 8617 7688
7976 8543 7563
8037 8523 7849
8079 8534 7777
7690 8795 9119
7915 8211 9414
7975 9631 8131
8032 8047 9290
9152 9034 7664
9321 8831 7937
9140 9016 7681
9134 9054 7834
9234 8955 7843
9048 8492 8631
8097 9556 8186
8107 9457 8405
7711 8667 9226
7932 9595 8165
8547 9313 8417
8067 9518 8283
9288 8224 8148
9207 8572 8499
8212 8064 9250
8495 9497 8292
8275 9399 8470
7762 8468 9329
8999 9172 8001
7911 9571 8225
7823 8305 9380
7968 8194 9357
8147 8140 9270
8915 8512 8800
8288 9609 8015
9163 8996 7900
7793 8332 9361
7938 8293 9367
9095 9108 8110
7849 8246 9395
8691 8752 8870
7756 8677 9171
8001 9412 8433
8135 9350 8583
8080 9274 8642
8596 8169 9044
7876 8540 9286
9256 8238 8142
8301 8737 9081
9177 8972 7948
8375 9434 8349
8025 8107 9310
7992 8320 9338
8430 8607 9094
8970 9140 8199
8173 9567 8084
8773 9241 8032
8679 9301 8338
9010 9158 8053
8856 9225 8243
7860 9512 8357
8142 8582 9235
8161 8124 9251
8845 9084 8461
9253 8619 8270
8758 9008 8667
8127 8716 9116
7702 8561 9257
8823 9204 8262
8396 8383 9123
7786 8699 9167
8256 8695 9137
8801 9214 8502
8015 8757 9075
9072 8360 8563
8197 8637 9153
8237 8438 9175
7827 8413 9311
8549 8350 9041
7901 8423 9278
9313 8272 8071
8931 9106 8257
9107 8942 8448
8753 9287 8373
8438 9381 8367
8672 9136 8516
8782 8692 8821
8525 9372 8383
8918 9034 8315
8827 9090 8452
7957 8447 9255
8191 8463 9189
8875 8965 8651
8573 8814 8933
8949 9040 8254
8455 8910 8882
8534 9183 8574
7960 8401 9293
8505 9049 8715
8885 8862 8696
8731 8983 8706
8851 9029 8484
9303 8647 8007
9163 8996 7900
8702 9364 8059
8359 8996 8838
8443 8658 9058
9127 9043 8024
8637 8375 8998
8344 9186 8613
7888 8718 9139
8643 8923 8784
8584 9087 8684
9022 8826 8555
8863 8975 8403
9134 8971 7965
8053 8087 9272
8490 8791 8965
8891 8903 8542
8002 8629 9178
8982 8879 8546
8734 8707 8898
8570 8257 9046
8694 8546 8926
9007 9122 8070
8197 8416 9203
8407 8727 8990
8183 9240 8606
8318 8937 8980
8654 8967 8736
8595 8979 8745
8907 9045 8327
9084 8930 8517
8630 9057 8598
8462 9256 8560
8053 8087 9272
8473 8872 8969
8418 8776 8972
9317 8313 7964
7915 8211 9414
8518 9262 8527
8744 8825 8767
9297 8249 8077
8381 8944 8911
8379 8393 9197
8502 9189 8528
8449 9360 8492
8320 8997 8914
9063 8983 8290
8227 8785 9031
8987 8657 8604
8693 9147 8504
8638 9064 8555
8406 8783 9007
8609 8843 8906
8358 8825 9014
8370 8676 9013
8617 8927 8804
8899 8775 8738
8960 8723 8737
8609 8929 8761
8527 8848 8941
8737 8602 8826
8485 8895 8939
8340 8846 9020
8651 8921 8806
8515 8865 8929
8639 9010 8592
8641 8767 8817
8332 8864 8978
8500 8875 8905
8565 8829 8931
8485 8895 8939
8452 9115 8687
8527 8848 8941
8461 8960 8829
8329 9211 8580
8715 9045 8550
8228 8918 9028
8715 9045 8550
8228 8918 9028
8641 8767 8817
8329 9211 8580
8452 9115 8687
8737 8602 8826
8496 8959 8831
8565 8829 8931
8496 8959 8831
8654 8967 8736
8715 9045 8550
7942 8602 9018
8060 8485 9079
8366 9226 8469
8688 9096 8322
8913 8701 8603
8199 8667 9013
8396 9165 8453
8019 8587 9029
8682 8675 8705
8755 8962 8357
8635 8867 8760
8437 8789 8877
8475 8733 8960
8046 8546 9026
8863 8598 8607
8724 8963 8624
8330 9123 8554
8535 9091 8498
8251 8914 8943
8281 8928 8856
8691 9043 8371
8622 8936 8730
8310 8929 8824
8611 8893 8797
8706 9023 8413
8640 8709 8769
8705 9061 8336
8430 8895 8917
8571 8988 8527
8727 8749 8604
8468 9010 8570
8562 8724 8801
8550 8780 8904
8451 9110 8466
8725 8997 8421
8437 8779 8936
8629 8985 8610
8542 9005 8505
8435 9118 8567
8688 8987 8520
7867 8572 9027
7945 8343 9003
8322 9108 8359
8748 8942 8269
8253 8915 8643
7973 8455 8980
8030 8476 8979
8523 9080 8415
8059 8680 8910
8573 8891 8588
8281 8624 8934
8354 9013 8479
8622 8733 8738
8660 8957 8500
8656 8931 8531
8175 8604 8970
8167 8611 8973
8345 9107 8344
8271 8819 8892
8472 8993 8461
8449 8732 8831
7901 8598 8985
8433 8849 8632
8633 8656 8640
8406 8789 8769
8513 8696 8866
8581 8603 8776
8583 8596 8755
8480 8952 8610
8618 8941 8505
8341 8873 8861
8356 8868 8615
8333 8720 8880
8389 8685 8883
8449 8781 8632
8517 8754 8625
8448 9085 8435
8400 9093 8430
8475 8975 8505
8325 8748 8908
8626 8614 8752
8325 8924 8611
7850 8558 8988
8004 8251 8967
8452 8964 8491
8621 8939 8437
8642 8846 8458
8090 8291 8913
8269 8841 8714
8025 8392 8942
7997 8518 8970
7857 8585 8930
8483 8529 8735
8317 8948 8585
8423 8660 8811
8585 8501 8666
8358 8574 8859
8416 8428 8839
8521 8299 8680
8339 8906 8564
8465 8634 8692
8441 8736 8624
8590 8811 8489
8413 8937 8507
8371 8692 8729
8013 8426 8930
8537 8875 8496
8495 8676 8663
8525 8922 8447
8338 8823 8823
8346 8696 8697
8623 8602 8631
8329 8600 8832
8611 8657 8655
8517 8855 8516
8567 8729 8546
8604 8712 8521
8566 8773 8534
8432 8864 8541
8607 8758 8496
8345 8749 8681
8598 8792 8518
8626 8568 8627
8552 8781 8519
8571 8718 8533
8365 8577 8815
8445 8720 8650
8520 8518 8723
8518 8559 8676
8524 8719 8643
8490 8784 8541
7667 8458 8958
8075 8179 8862
8426 8958 8473
8603 8925 8380
8606 8717 8475
7949 8307 8852
7857 8472 8922
8302 8354 8815
8153 8907 8508
8353 8287 8792
8295 8688 8807
8168 8806 8694
8604 8432 8615
7801 8536 8937
8572 8809 8446
7751 8490 8945
7999 8780 8736
8435 8781 8516
8522 8830 8451
8517 8670 8636
8576 8488 8580
8453 8690 8623
8318 8566 8754
8409 8496 8709
8362 8623 8726
8386 8523 8688
8530 8647 8650
8314 8554 8784
8583 8778 8508
8341 8642 8672
8593 8593 8496
8376 8580 8655
8588 8477 8590
8517 8821 8493
8311 8799 8732
8449 8495 8671
7787 8510 8933
8402 8953 8321
8572 8320 8341
8088 8682 8802
8230 8794 8695
8499 8436 8627
8466 8819 8463
8327 8555 8707
8522 8884 8372
8288 8687 8784
8278 8914 8362
8392 8951 8330
8444 8448 8642
8296 8773 8539
8431 8559 8574
8405 8623 8639
8529 8474 8554
8531 8798 8394
8434 8544 8606
8555 8747 8497
8536 8749 8442
8561 8626 8443
8315 8788 8490
8296 8720 8705
8464 8545 8574
7779 8447 8891
8118 8912 8288
8261 8267 8782
8380 8863 7891
8554 8426 8482
8059 8868 8306
8124 8875 8152
8504 8809 8010
8432 8391 8593
8167 8818 8270
8276 8856 8266
8450 8776 8413
8360 8667 8433
8260 8680 8759
8329 8605 8530
8274 8578 8665
8457 8543 8370
8290 8720 8588
8473 8790 8333
8236 8711 8591
8401 8499 8551
8486 8464 8417
8318 8488 8641
8350 8812 8459
8326 8521 8606
8463 8436 8530
8396 8596 8565
8239 8696 8622
8367 8393 8621
8280 8574 8591
8498 8410 8582
8278 8689 8658
8494 8418 8571
8288 8538 8768
8290 8491 8636
8452 8428 8577
8288 8538 8768
7664 8368 8832
7922 8887 8088
8285 8239 8684
8423 8739 8397
7854 8457 8768
8049 8835 8206
8145 8799 8207
8407 8756 8348
8356 8330 8575
8001 8682 8575
8403 8776 8374
8281 8277 8749
8231 8595 8725
8257 8640 8640
7902 8394 8758
8345 8555 8555
8278 8686 8501
8269 8409 8674
8285 8493 8652
8152 8473 8755
8353 8653 8419
8317 8479 8590
8349 8479 8473
8219 8649 8753
8243 8533 8691
8266 8605 8513
8317 8516 8588
8233 8665 8524
8245 8645 8541
8282 8548 8583
7888 8593 8721
8111 8763 8256
8336 8426 8460
8396 8639 8192
8144 8730 8298
8102 8548 8696
8330 8472 8488
8244 8571 8631
8371 8573 8353
8287 8519 8534
8138 8589 8567
8270 8603 8416
8283 8618 8395
8184 8578 8635
8193 8544 8679
8304 8489 8466
8140 8494 8685
8287 8586 8400
8193 8544 8679
8273 8578 8470
8193 8544 8679
8111 8685 8242
8178 8637 7784
8188 8432 8667
8231 8395 8611
8330 8417 8477
8289 8457 8427
8207 8606 8357
8179 8537 8630
8247 8563 8445
8180 8562 8514
8193 8577 8431
8320 8452 8413
8307 8454 8415
8067 8358 8533
8197 8343 8526
8198 8541 8233
8294 8398 8378
8221 8498 8433
8189 8523 8374
8190 8467 8427
8275 8229 8371
8137 8463 8353
8192 8105 8280
8096 8137 8314
7690 8795 9119
7915 8211 9414
7975 9631 8131
8032 8047 9290
9152 9034 7664
9321 8831 7937
9140 9016 7681
9134 9054 7834
8107 9457 8405
9072 8360 8563
8001 9412 8433
7968 8194 9357
8025 8107 9310
8156 8253 9240
7962 8131 9378
9048 8492 8631
8533 8145 9069
8999 9172 8001
8695 9266 8456
7877 9570 8226
9163 8996 7900
7793 8332 9361
9288 8224 8148
7762 8468 9329
8197 8416 9203
7717 8608 9218
8679 9301 8338
8212 8064 9250
7932 9595 8165
8416 9543 8176
8456 9083 8643
9234 8955 7843
9022 8826 8555
8495 9497 8292
8945 9077 8216
7860 9512 8357
8191 8463 9189
7992 8320 9338
8753 9287 8373
7938 8293 9367
8396 8383 9123
8121 8889 9024
9220 8917 7864
8989 8437 8819
7819 8787 9146
7786 8699 9167
8508 9227 8578
8628 8999 8668
8262 8612 9102
7849 8246 9395
8288 9609 8015
8474 8523 9063
8354 9339 8533
9177 8972 7948
8805 9245 8253
7702 8561 9257
8373 9469 8323
9192 8769 8340
8663 9327 8395
8067 9518 8283
8315 8556 9078
8525 9372 8383
9084 8930 8517
8275 9399 8470
9127 9043 8024
8574 9104 8603
9317 8313 7964
8071 9487 8369
8449 9360 8492
8097 9556 8186
9213 8900 7886
7905 8678 9138
8241 8817 9035
9107 8942 8448
9303 8647 8007
8907 8399 8843
8823 9204 8262
9095 9108 8110
8702 9364 8059
8622 8682 8951
9209 8634 8319
9010 9158 8053
8146 8987 8904
8344 9186 8613
7711 8667 9226
9116 9034 8119
8932 9058 8271
9256 8238 8142
8776 9011 8526
8801 9214 8502
8308 8925 8880
8438 9381 8367
8981 8536 8685
8970 9140 8199
8919 8762 8728
8828 8540 8822
7841 8536 9304
8256 8695 9137
8877 9134 8432
8053 8087 9272
8171 8949 9019
8536 8482 9002
8741 9349 8233
7915 8211 9414
8183 9240 8606
7765 8746 9154
8970 8748 8696
8095 8964 8935
9134 8971 7965
8560 8874 8795
8925 8581 8784
8608 8619 8982
8714 8510 8920
8856 9225 8243
8880 9195 8041
8362 8846 8947
9270 8782 8086
8293 9150 8744
8320 9581 8047
8588 8852 8873
9270 8782 8086
8662 8470 9041
8221 8914 8911
9097 8703 8472
8432 8853 8812
8790 8580 8902
8602 8742 8818
8767 8489 8911
8710 9018 8623
8053 8087 9272
8745 8593 8837
8851 8605 8750
8068 8050 9282
8055 8983 8913
9253 8619 8270
7938 8293 9367
8901 9128 8399
8379 8393 9197
8644 8658 8902
9207 8916 8214
8322 8744 8999
8864 8641 8734
8383 9118 8620
8636 8812 8743
8492 8731 8972
8568 8788 8893
8896 8884 8691
8660 8802 8754
8434 8808 8983
8734 8681 8824
8727 8967 8588
8661 8600 8972
8885 8779 8704
8473 8881 8769
8547 8724 8927
8385 8835 8937
8885 8779 8704
8334 8871 8864
8278 8855 8895
8867 8602 8792
8391 8861 8870
8795 8514 8871
8551 8793 8922
8413 8854 8855
8645 8724 8765
8464 8799 8936
8880 8591 8758
8411 8713 9015
8380 8905 8695
8673 8759 8749
8334 8871 8864
8547 8724 8927
8411 8713 9015
8391 8821 8942
8492 8731 8972
8673 8759 8749
8713 8708 8731
8727 8967 8588
8391 8821 8942
8727 8967 8588
8713 8708 8731
8411 8713 9015
8473 8881 8769
8547 8724 8927
7905 8687 9010
7940 8482 9042
8659 9127 8153
8765 9024 7989
8906 8644 8630
8333 8609 8982
8353 9100 8379
8213 8645 9035
8161 8785 8868
8082 8970 8809
8754 8907 8466
8702 8994 8613
8764 8944 8262
7987 8665 9017
8762 8542 8848
8646 8997 8551
8666 9079 8159
8758 9020 8024
8438 9055 8416
8839 8949 8131
8100 8923 8717
8384 8638 8958
8803 8880 8402
8738 8769 8677
8529 8693 8910
8826 8997 8214
8586 8839 8742
8434 8825 8816
8623 8657 8750
8859 8590 8741
8499 8867 8701
8519 8806 8820
8797 9003 8134
8515 8818 8785
8445 8865 8751
8379 8719 8847
8783 9022 8005
8863 8740 8716
8881 8665 8714
8843 8809 8653
8660 9124 8231
8373 8701 8946
8563 8718 8772
8567 8674 8944
8859 8911 8233
8484 8858 8733
8340 8753 8928
8857 8756 8642
8557 8767 8779
8341 8748 8944
8366 8763 8851
8475 8807 8812
8481 8854 8747
8654 8780 8749
8334 8761 8969
8838 8594 8778
8838 8594 8778
7823 8610 8989
8091 8476 9011
8589 9044 8228
8761 8446 8797
8798 8919 7973
8869 8635 8660
7926 8600 9003
8704 8950 8113
8455 8810 8783
8806 8892 7994
8466 8839 8678
8369 8656 8909
8632 8753 8536
8190 8674 8931
8594 8901 8411
8589 8990 8596
8613 8975 8334
8248 8684 8805
8571 8522 8819
8537 8657 8891
8281 8564 8965
8746 8907 8227
8615 8757 8382
8809 8711 8654
8293 8595 8957
8552 8730 8749
8753 8940 8145
8658 8915 8366
8841 8540 8688
8813 8589 8738
8837 8667 8594
8464 8663 8832
8652 8964 8378
8611 8614 8716
8842 8621 8663
8460 8748 8794
8753 8940 8145
8547 8616 8783
7738 8606 8912
7983 8394 9011
8573 8961 8530
8746 8908 7911
8851 8593 8617
8590 8744 8322
8094 8468 8920
8686 8948 8040
8585 8923 8180
8214 8414 8949
7861 8487 8983
7883 8515 8954
8783 8881 7970
8326 8814 8620
8657 8913 8280
8289 8640 8845
8146 8651 8789
7934 8568 8887
8757 8709 8596
8790 8565 8726
8171 8803 8775
8617 8643 8647
8485 8596 8791
8789 8773 7958
8806 8729 7968
8588 8887 8535
8455 8761 8697
8424 8684 8759
8537 8583 8674
8394 8688 8766
8541 8942 8531
8530 8592 8749
8475 8605 8877
8414 8697 8752
8665 8618 8612
8342 8768 8738
8353 8642 8777
8802 8633 8600
8422 8622 8849
8421 8809 8688
8462 8628 8763
7670 8548 8856
7857 8474 8957
7929 8320 8938
8492 8921 8272
8729 8804 7966
8850 8586 8539
7980 8426 8872
8301 8687 8749
8593 8908 8097
7853 8484 8880
7922 8399 8913
8618 8839 8234
8388 8769 8681
7929 8320 8938
8431 8517 8716
8558 8896 8303
8647 8721 8240
8665 8674 7993
7964 8547 8834
8818 8562 8575
8561 8894 8349
8436 8873 8373
8492 8921 8272
8477 8714 8492
8726 8689 7988
8799 8624 8438
8453 8867 8396
8358 8565 8805
8358 8673 8764
8571 8707 8473
8676 8635 8439
8665 8670 8596
8676 8862 7968
8412 8608 8759
7963 8403 8874
8563 8795 8487
8394 8612 8608
8454 8609 8656
8581 8842 8259
8662 8555 8708
8567 8854 8445
8391 8613 8798
8765 8476 8675
8743 8622 8599
8570 8838 8272
8774 8564 8661
8570 8838 8272
7684 8462 8905
7829 8392 8949
7977 8378 8863
8392 8854 8176
8611 8827 7923
8727 8511 8492
8055 8447 8794
8604 8817 8017
8178 8608 8758
7787 8402 8920
7932 8385 8842
8720 8704 7940
8643 8496 8578
8523 8846 8257
8486 8772 8451
8562 8640 8379
8655 8601 8345
8261 8740 8672
7805 8432 8908
8507 8747 8274
8427 8659 8513
8708 8604 8324
8288 8538 8768
8312 8551 8728
8376 8802 8438
8550 8732 8439
8267 8684 8635
8347 8688 8544
8381 8572 8712
8722 8462 8671
8412 8789 8369
8630 8649 8358
8301 8671 8753
8333 8660 8709
8578 8602 8555
8492 8785 8274
8334 8643 8657
8361 8679 8577
8550 8685 8479
8263 8566 8788
8374 8818 8262
8288 8676 8711
8263 8566 8788
8263 8566 8788
7784 8385 8868
7946 8332 8841
8429 8836 8203
8620 8682 7900
8679 8586 8179
8603 8788 7927
8385 8512 8527
8162 8676 8599
8192 8561 8765
8542 8578 8423
8445 8755 8193
8672 8363 8371
8511 8611 8459
8489 8710 8313
8237 8735 8311
8312 8810 8252
8496 8337 8600
8434 8644 8362
8342 8528 8709
8626 8601 8302
8320 8797 8265
8271 8667 8743
8238 8703 8387
8245 8552 8746
8278 8620 8690
8311 8604 8551
8282 8530 8762
8317 8587 8648
8272 8649 8668
8377 8614 8428
8350 8595 8544
7545 8347 8825
7937 8292 8784
8314 8785 8120
8595 8592 7944
8285 8471 8656
8152 8644 8709
7901 8321 8762
8531 8541 8369
8338 8725 8178
7938 8318 8753
8413 8693 8294
8309 8586 8566
8431 8585 8448
8452 8574 8345
8315 8760 8250
8264 8601 8710
8265 8640 8652
8333 8611 8312
8427 8757 8138
8549 8595 8128
8101 8581 8606
8239 8578 8651
8284 8421 8437
8407 8721 8087
8465 8425 7829
8168 8622 8333
8240 8457 8541
8298 8644 8150
8452 8520 8206
8406 8536 8385
8308 8626 8113
8427 8578 7956
8412 8492 8385
8410 8560 8357
8181 8519 8601
8186 8398 8619
8245 8368 8338
8290 8718 8084
8452 8476 7844
8346 8533 8291
8231 8600 8114
8193 8506 8419
8191 8558 8398
8214 8650 8067
8313 8517 8201
8145 8537 7996
7690 8795 9119
7915 8211 9414
7975 9631 8131
8032 8047 9290
9152 9034 7664
9321 8831 7937
9140 9016 7681
9134 9054 7834
7932 9595 8165
7823 8305 9380
7860 9512 8357
8107 9457 8405
9072 8360 8563
8999 9172 8001
7849 8246 9395
7992 8320 9338
9313 8272 8071
8025 8107 9310
9095 9108 8110
7793 8332 9361
9270 8782 8086
8416 9543 8176
9048 8492 8631
9220 8917 7864
8294 8986 8901
7756 8677 9171
8147 8140 9270
8572 9422 8285
9163 8996 7900
9010 9158 8053
9107 9068 8037
8268 8513 9145
8071 9487 8369
7953 8182 9375
9297 8249 8077
7889 8430 9266
9247 8907 7856
9213 8900 7886
8741 8777 8766
7722 8730 9135
7915 8211 9414
8053 8087 9272
9253 8619 8270
9134 8971 7965
9303 8647 8007
8603 9257 8467
8585 9298 8517
7911 9571 8225
9192 8769 8340
8373 9469 8323
8764 8863 8697
8434 9272 8528
8723 8948 8511
7968 8194 9357
8525 9372 8383
8596 8169 9044
8900 9018 8443
8459 9391 8322
8564 8352 9189
8637 8375 8998
8161 8124 9251
7877 9570 8226
8212 8064 9250
8199 8468 9213
8354 9339 8533
9177 8972 7948
8801 9214 8502
8312 8719 9031
8344 9186 8613
8856 9225 8243
8097 9556 8186
7702 8561 9257
8928 9193 8306
8204 8591 9203
8122 8784 9103
8404 9239 8587
8871 9091 8392
7804 8605 9218
8168 8807 9045
8211 8448 9236
8960 8761 8600
8773 9241 8032
8184 8699 9090
7771 8542 9261
8046 9405 8417
8495 9497 8292
8823 9204 8262
8241 8827 8942
8135 9350 8583
8816 8824 8688
7841 8536 9304
9032 8978 8209
8449 9360 8492
8254 8486 9155
8679 9301 8338
8695 9266 8456
8884 9112 8363
8975 9008 8431
8663 9327 8395
8907 8399 8843
8001 9412 8433
8486 8943 8867
8472 9141 8640
8667 8964 8789
8547 9313 8417
8320 8930 8932
8772 8795 8738
8096 8853 9017
8259 8574 9130
8374 9119 8705
8617 8774 8852
8688 8977 8658
8539 8754 8963
8508 9227 8578
8987 8979 8198
8353 8934 8872
7711 8667 9226
8840 8997 8482
8911 8606 8723
8014 8630 9179
8782 8715 8829
8333 8418 9161
8379 8393 9197
8501 8994 8780
8068 8050 9282
8515 8891 8819
8947 9070 8250
8438 9106 8724
8353 8683 9059
8655 9046 8667
8712 8760 8797
9022 8826 8555
8702 9364 8059
8478 8640 8981
9317 8313 7964
8952 8897 8624
8654 8528 8929
8574 8710 8919
8281 8750 8986
8284 8700 9086
8550 9039 8714
8614 9002 8679
8388 8460 9066
8530 9137 8695
8382 9074 8815
8231 8459 9163
8533 9054 8640
8932 9070 8301
8847 8742 8822
8740 8744 8833
8982 8879 8546
8335 8709 9048
8831 8774 8676
8803 8750 8733
7963 8546 9230
8220 8635 9124
8706 8834 8790
8458 8911 8922
8634 8663 8972
8634 8663 8972
8233 8633 9097
8529 9088 8737
8379 8630 9043
8538 8877 8824
8096 8853 9017
8646 8784 8811
8459 8487 9003
8351 8988 8826
8555 8879 8808
8262 8533 9089
8331 8731 9023
8388 8460 9066
8555 8879 8808
8061 8794 9120
8069 8702 9125
8331 8731 9023
8421 8971 8837
7963 8546 9230
8061 8794 9120
8421 8971 8837
8706 8834 8790
8533 9054 8640
7858 9104 8211
7933 9255 8205
8010 8712 9115
8305 8353 8972
8770 9074 8088
8824 9039 8191
8810 8774 8462
8421 9076 8337
8377 8993 8695
8438 9066 8344
8227 8698 9048
8777 8734 8519
8513 8866 8628
8353 8940 8769
8081 8794 8999
8129 8781 9004
8265 8608 9054
8707 8840 8495
8576 8640 8882
8303 8559 9033
8328 8530 8954
8399 8931 8760
8160 8743 8915
8304 8383 8965
8615 8483 8871
8540 8433 8913
8662 8811 8502
8638 8435 8858
8037 8722 9098
8451 8908 8902
8494 8486 8917
8695 8633 8832
8745 8526 8823
8558 8812 8727
8743 8704 8805
8466 8874 8700
8047 8752 9075
8622 8586 8851
8388 8596 8938
8579 8612 8895
8486 8852 8713
8630 8823 8641
8633 8739 8653
8054 8766 9048
8597 8767 8725
8525 8709 8842
8469 8560 8940
8636 8737 8787
8479 8744 8796
8475 8756 8822
8457 8759 8914
8472 8770 8793
7863 9023 8140
7930 9066 8130
8010 8707 9085
8261 8444 9035
8785 9013 8142
8671 8768 8293
8261 8931 8511
8774 8644 8439
8319 8878 8683
8640 8569 8812
8474 8847 8707
8577 8717 8389
8742 8675 8756
8084 8502 9053
8281 8510 8993
8511 8725 8622
8785 9013 8142
8370 8913 8569
8587 8757 8342
8073 8595 9048
8162 8579 8979
7905 8712 9011
8124 8656 8987
8064 8830 8769
8595 8671 8800
8491 8760 8572
8517 8573 8865
8650 8694 8539
8384 8767 8846
8448 8743 8792
8407 8807 8768
8214 8575 8940
8428 8790 8762
8027 8751 8969
8102 8682 9009
8040 8748 8948
8418 8731 8874
8425 8582 8904
8215 8764 8872
8300 8800 8868
8355 8570 8928
8337 8796 8867
8059 8739 8929
8653 8593 8797
8113 8693 8981
8377 8759 8910
7724 8874 8200
7779 8569 9066
8314 8467 8915
8605 8585 8772
8587 8645 8371
8408 8818 8531
8151 8536 8971
7903 8694 9054
8360 8869 8566
8420 8489 8889
7981 8480 9027
8373 8674 8799
8480 8664 8672
8572 8640 8752
8255 8778 8668
7947 8633 9062
8269 8801 8622
8033 8569 8998
8361 8611 8863
8328 8810 8586
8079 8785 8706
8120 8562 8954
8436 8723 8690
8422 8577 8847
7916 8665 9015
8117 8597 8948
8389 8711 8792
8129 8755 8744
8238 8734 8792
8279 8741 8777
8449 8656 8753
8193 8752 8767
8201 8749 8907
8347 8794 8605
8066 8758 8861
8471 8704 8677
8049 8637 8939
7979 8687 8952
7972 8702 9001
8098 8781 8684
8355 8792 8570
8348 8582 8876
8067 8641 8937
8093 8751 8904
8425 8651 8777
8275 8701 8857
8245 8703 8860
7843 8619 9036
7858 8607 9043
8082 8806 8262
8325 8367 8861
8562 8421 8724
8127 8794 8430
8173 8768 8566
8227 8800 8326
8502 8469 8667
7913 8411 9001
8389 8527 8750
8423 8477 8775
8341 8501 8755
7934 8559 8953
8074 8715 8836
7904 8582 8922
8146 8433 8878
8051 8667 8876
8011 8624 8905
8546 8427 8597
8200 8767 8587
7986 8750 8629
7963 8671 8896
7888 8594 9022
8456 8657 8632
8425 8645 8652
8274 8700 8692
8332 8500 8855
8108 8638 8879
8466 8644 8613
8412 8658 8611
7963 8544 8961
8216 8688 8710
8179 8721 8717
8289 8477 8877
7886 8626 9030
8129 8528 8963
8279 8734 8639
8093 8542 8917
8270 8645 8722
8223 8756 8600
7857 8644 8990
7938 8729 8896
8094 8748 8737
8131 8744 8674
8136 8708 8864
7890 8633 8897
8329 8634 8707
8272 8643 8845
8278 8689 8668
8137 8744 8657
7646 8549 9014
8178 8755 8168
8325 8299 8739
8386 8618 8646
8074 8749 8222
8240 8717 8564
8286 8329 8778
8284 8427 8866
7763 8473 9007
7940 8534 8940
7968 8506 8899
7825 8596 8966
7764 8674 8888
8034 8500 8950
8224 8654 8691
8273 8650 8622
8354 8636 8632
7871 8502 8994
8305 8523 8740
8179 8687 8661
7844 8611 8914
8257 8607 8817
8168 8691 8567
8050 8487 8896
8144 8568 8842
8089 8702 8724
8225 8558 8831
8077 8583 8875
8092 8630 8864
8128 8500 8862
7867 8588 8996
8320 8601 8706
8135 8698 8844
8301 8632 8707
8172 8688 8659
7745 8540 8967
7837 8478 8988
8167 8696 8240
8203 8641 8173
8261 8352 8859
8295 8630 8638
7856 8462 8944
8171 8664 8375
8102 8615 8706
8188 8654 8491
8165 8595 8787
8089 8654 8575
8062 8629 8817
8179 8567 8725
8012 8489 8826
7759 8511 8904
8256 8554 8800
7788 8554 8899
7962 8643 8637
7872 8494 8930
7984 8502 8857
7920 8551 8856
7897 8566 8850
7898 8527 8900
7939 8602 8826
7942 8533 8874
7972 8480 8881
7708 8487 8943
7958 8631 8629
7994 8250 8799
8206 8574 8514
8247 8261 8763
7874 8453 8889
7970 8304 8850
7832 8609 8767
8195 8627 8631
8223 8538 8609
8211 8369 8697
8115 8338 8732
8076 8582 8696
7843 8500 8888
7911 8537 8842
7852 8492 8903
8094 8536 8735
8115 8584 8680
7938 8480 8798
7981 8539 8773
7933 8599 8747
8213 8488 8679
7983 8587 8697
7701 8412 8915
7744 8198 8896
8145 8626 8614
8191 8621 8589
8207 8364 8669
7779 8224 8862
7866 8411 8797
8027 8409 8734
8084 8497 8674
7978 8537 8645
7927 8521 8714
7837 8498 8857
8103 8522 8626
8019 8532 8652
7902 8515 8686
7963 8621 8592
8013 8567 8555
8018 8407 8703
8153 8329 8626
8081 8434 8604
7951 8543 8609
7878 8547 8488
7896 8416 8667
7975 8386 8643
7975 8542 8156
7690 8795 9119
7915 8211 9414
7975 9631 8131
8032 8047 9290
9152 9034 7664
9321 8831 7937
9140 9016 7681
9134 9054 7834
8107 9457 8405
9220 8917 7864
8416 9543 8176
7938 8293 9367
8025 8107 9310
8525 9372 8383
8053 8087 9272
7722 8730 9135
8071 9487 8369
7932 9595 8165
9270 8782 8086
7968 8194 9357
9288 8224 8148
7992 8320 9338
8823 9204 8262
9063 8983 8290
9234 8955 7843
8212 8064 9250
9313 8272 8071
9134 8971 7965
8970 9140 8199
7762 8468 9329
9256 8238 8142
9206 8937 7899
8773 9241 8032
7880 9616 8208
7962 8131 9378
8596 8169 9044
8430 8454 9099
8731 9046 8503
8999 9172 8001
8495 9497 8292
8856 9225 8243
8916 8530 8720
7786 8699 9167
8001 9412 8433
9044 9057 8312
8135 9350 8583
8340 9457 8366
7849 8246 9395
9163 8996 7900
9177 8972 7948
9303 8647 8007
7833 8739 9079
8694 8546 8926
8147 8140 9270
7877 9570 8226
8989 8437 8819
8847 8764 8784
9022 8826 8555
8396 8383 9123
8637 8375 8998
9107 8942 8448
9010 9158 8053
7756 8677 9171
9116 9034 8119
8275 9399 8470
8459 9391 8322
7860 9512 8357
9084 8930 8517
8379 8393 9197
8564 8315 9017
8890 8503 8854
9192 8769 8340
7711 8667 9226
8508 9227 8578
8663 9327 8395
8258 8638 8979
8085 8629 9061
8661 8744 8813
8228 8695 8983
9095 9108 8110
8320 9581 8047
8197 8416 9203
8300 9003 8825
7804 8605 9218
8949 9182 8063
8354 9339 8533
7889 8430 9266
8566 8343 9008
8710 9018 8623
7901 8885 8947
8549 8350 9041
8706 9068 8643
8410 9044 8736
8679 9301 8338
7915 8211 9414
8804 9088 8475
8449 9360 8492
8202 8513 9143
8361 9278 8557
8649 8603 8907
8607 8815 8885
8615 9102 8603
8161 8124 9251
8175 8494 9150
8585 9298 8517
8834 8950 8566
8002 8629 9178
7803 8654 9188
8897 8882 8638
8046 9405 8417
8877 9134 8432
8813 8896 8601
8156 8253 9240
8869 9175 8105
8248 8472 9164
7841 8536 9304
8368 8487 9067
8289 8616 9070
8761 9257 8438
8932 8775 8662
8595 9126 8615
8788 8557 8832
8477 8610 9029
8572 8716 8889
8762 9073 8480
9088 9050 8273
7702 8561 9257
8922 8660 8671
8547 9313 8417
8183 9240 8606
8968 8843 8539
8761 8809 8755
8578 9165 8542
8246 8799 8964
8484 8865 8724
7911 9571 8225
8751 8845 8700
8570 8257 9046
8328 8585 9116
7860 9512 8357
8674 8567 8962
8312 8410 9146
8555 8964 8667
8083 9085 8777
8937 8810 8585
8444 8898 8873
8854 8899 8527
8316 8874 8920
8434 9272 8528
8199 8594 9093
8541 8749 8891
8465 8886 8840
8542 9194 8570
9048 8492 8631
8639 8758 8833
8871 8585 8693
8469 8399 9116
8632 8855 8773
8671 8855 8685
8781 8682 8838
8542 8865 8683
8457 8680 8896
8856 8694 8701
8709 8542 8853
8441 8996 8747
8451 8688 8921
8632 8855 8773
8933 8641 8630
8548 8608 8956
8949 8607 8614
8281 8599 9076
8441 8996 8747
8469 8399 9116
8753 8898 8611
8281 8599 9076
8246 8799 8964
8753 8898 8611
8161 8571 9105
8446 9123 8500
8574 8262 8903
8804 8877 8355
8877 8716 8631
8366 8482 9014
8252 8409 9017
8818 8541 8706
8771 8646 8800
8556 9061 8451
8440 8332 8902
8511 8757 8872
8708 8727 8721
8608 8788 8749
8312 8651 8875
8687 8669 8819
8685 9022 8414
8779 8827 8629
8230 8585 8941
8222 8720 8906
8429 8430 8940
8644 8989 8523
8513 8968 8530
8701 8764 8682
8593 8437 8878
8548 8954 8571
8596 9028 8492
8778 8599 8648
8666 8941 8431
8437 8899 8657
8612 8926 8610
8689 8884 8561
8599 8953 8596
8439 8588 8935
8627 8936 8528
8654 8932 8598
7971 8470 9044
8011 9108 8276
8155 8469 9059
8211 8390 8958
8845 8649 8602
8537 9013 8454
8618 9017 8371
8640 8906 8570
8706 8512 8795
8391 8568 8874
8606 8523 8756
8342 8646 8871
8214 8730 8857
8750 8808 8493
8673 8816 8592
8432 9095 8470
8491 8866 8580
8777 8674 8614
8415 8751 8732
8767 8579 8747
8720 8635 8686
8775 8663 8628
8466 8772 8603
8395 8635 8869
8484 8711 8853
8435 8875 8612
8431 8761 8687
8484 8711 8853
8771 8803 8602
7997 8548 8850
8067 8445 9023
8087 9085 8219
8135 8436 8990
8605 8900 8159
8741 8564 8598
8463 9002 8369
8275 8685 8818
8377 8739 8632
8052 9040 8331
8464 8648 8776
8148 8446 8877
8635 8453 8760
8057 9062 8261
8197 8512 8865
8484 8837 8450
8664 8753 8502
8214 8710 8657
8130 9030 8234
8567 8794 8403
8268 8828 8581
8702 8724 8520
8534 8544 8706
8181 9015 8402
8243 8524 8840
8410 8535 8826
8450 9013 8363
8735 8693 8557
8400 8659 8725
8487 8776 8483
8564 9010 8342
8497 8765 8599
8388 8794 8536
8712 8708 8553
8492 8833 8437
8469 8676 8637
8087 9085 8219
8632 8770 8595
8708 8546 8703
8401 8776 8608
8394 8669 8837
7856 8359 8885
7960 9032 8259
8029 8352 8941
8311 8339 8825
8505 8766 8179
8699 8637 8557
8117 8816 8399
8287 8780 8508
7875 8411 8836
8630 8448 8749
8480 8911 8233
8184 8421 8807
8396 8972 8354
8017 8684 8718
8411 8909 8335
8370 8539 8654
8411 8616 8599
8375 8489 8793
8353 8789 8396
8471 8507 8582
8327 8727 8620
8393 8671 8634
8604 8462 8684
8569 8758 8306
8174 8627 8832
8314 8995 8285
8292 8532 8701
8515 8463 8668
8629 8715 8563
8429 8789 8312
8564 8762 8576
8309 9000 8309
8422 8465 8593
8288 8345 8800
8399 8723 8598
7825 8268 8798
7870 9009 8151
8626 8489 8466
7894 8352 8790
8478 8882 8225
8138 8509 8784
8157 8871 8328
8260 8777 8499
8400 8880 8284
8592 8696 8343
8321 8538 8634
8452 8480 8575
8353 8307 8751
8560 8405 8716
8148 8550 8614
8288 8424 8735
8271 8758 8449
8530 8667 8399
8521 8739 8559
8547 8752 8398
8332 8640 8613
8386 8390 8730
8616 8653 8522
8310 8400 8752
8571 8646 8557
8392 8546 8607
8333 8756 8489
8316 8692 8570
8329 8756 8532
8462 8410 8729
8462 8410 8729
7863 8357 8781
7885 8264 8790
8163 8835 8219
8415 8797 8153
8534 8666 8359
7996 8451 8769
8139 8656 8557
8167 8584 8566
8273 8505 8611
8365 8793 8279
8314 8389 8617
8379 8363 8696
8481 8723 8381
7881 8285 8787
8338 8696 8405
8511 8542 8463
8514 8418 8516
8531 8709 8295
8294 8386 8693
8516 8746 8361
8437 8460 8552
8305 8741 8445
8531 8481 8465
8297 8454 8580
8403 8384 8694
8412 8512 8553
8296 8702 8504
8502 8669 8537
8502 8680 8469
8164 8742 8484
8498 8459 8550
8412 8693 8473
8307 8661 8540
7876 8186 8718
8337 8771 8106
8515 8469 8443
8220 8481 8591
8374 8352 8689
8495 8746 8309
8317 8768 8168
8278 8372 8652
8464 8563 8532
8387 8585 8534
8264 8738 8384
8233 8719 8439
8247 8675 8444
8265 8607 8501
8346 8658 8497
8307 8674 8407
8268 8480 8564
8275 8669 8489
8486 8658 8489
8016 8707 8366
8284 8316 8685
8473 8740 8254
8481 8478 8315
8076 8655 8468
8086 8522 8530
8238 8346 8633
8208 8403 8561
8325 8550 8525
8192 8605 8418
8464 8463 8518
8394 8588 8425
8294 8583 8490
8396 8619 8285
8241 8332 8664
8293 8343 8577
8423 8609 8405
8412 8736 8256
8450 8529 8331
8261 8390 8526
8447 8587 8452
8448 8505 8518
8271 8616 8415
8455 8391 8523
8037 8436 8529
8234 8238 8659
8440 8647 8169
8327 8563 8352
8372 8508 8434
8437 8340 8205
8127 8420 8517
8194 8590 8172
8151 8246 8622
8274 8540 8510
8252 8288 8621
8436 8499 8505
8218 8354 8525
8398 8476 8514
8252 8288 8621
8393 8456 8516
8085 8639 7932
8102 8140 8591
8429 8336 8484
8240 8560 8110
8115 8247 8582
8248 8613 8003
8402 8481 8342
8251 8331 8514
8289 8496 8464
8380 8432 8380
8329 8371 8511
8304 8461 8427
8344 8445 8463
8401 8427 8499
8407 8473 8343
8189 8425 8458
8315 8334 8495
8346 8364 8385
8369 8075 8394
8365 8242 8476
8293 8384 8456
8365 8363 8420
8356 8341 8454
7975 8404 8415
8248 8320 8492
8346 8092 8373
8350 8283 8362
8130 8358 8394
8331 8250 8424
8254 8341 8425
8270 8384 8381
8001 8357 8424
8343 8318 8416
8214 8273 8471
8251 8305 8405
8261 8113 8405
8338 8207 8319
8246 8230 8449
7837 8154 8456
8092 8288 8267
8140 8143 8360
8260 8177 8311
8147 8241 8357
8212 8201 8302
8166 8189 8329
8089 7960 8082
8219 8171 8045
