3 1.24712
20311 20279 21723 21601
20676 20233 21215 22115
20807 19808 22099 21291
20922 21525 20660 21531
21270 20329 20503 21749
21320 21336 22297 20883
21845 20815 21782 20468
22071 20620 21130 20978
21802 20509 21604 20660
20475 20290 21945 21577
21302 19982 21567 21920
21330 21239 22294 20830
21931 20692 21663 20563
21416 20761 21635 21119
21928 20115 20843 21472
21325 21389 20907 21668
21237 21483 20917 21495
21670 21089 21009 21151
21029 20385 20799 21764
21788 20897 21198 21243
20858 20665 21903 21473
21182 20442 20684 21819
21253 21233 22131 21101
20766 20787 21972 21408
20630 20588 21029 21622
21292 21414 22195 21014
21603 20607 21572 20577
20625 20305 21190 22017
20685 20655 22037 21355
21742 20602 21846 20572
20950 20523 21754 21310
20563 20185 21352 22082
21378 21367 22072 20933
21501 20556 21417 21118
21335 20012 21932 21547
22011 20381 21560 21433
22064 20364 21087 20980
21372 20042 21649 21889
21530 21493 22226 20916
21114 20804 21533 21137
21767 21175 21252 21105
21062 20265 21027 21839
21700 21197 21252 21006
20727 20327 21351 21800
20843 20624 21960 21406
20894 20528 21797 21338
21546 21370 22186 20926
21722 21021 21012 21302
21820 21058 21382 21179
20791 20849 22040 21311
20626 20951 22280 21351
21853 21111 21201 21139
21847 21070 21293 21182
21830 20014 20885 21598
21583 20781 21617 21070
20942 20325 20707 21769
21629 21281 21259 21247
20658 20150 21451 21950
21880 20827 21421 20996
21876 20972 21211 21041
20614 20255 21232 21971
21509 21241 22262 20872
22061 20662 21296 21170
21728 20290 21462 21581
21997 20532 21320 20982
21372 20279 20757 21606
20549 20420 21504 21946
21361 21307 22231 21075
21952 20800 21317 21149
20583 20446 21132 21887
20691 20244 21122 21923
20613 20142 21335 22043
20519 20329 21799 21496
21225 20469 20719 21763
21405 20283 21440 21593
20516 20446 22061 21470
21094 20608 20812 21754
21805 20452 21697 21510
21080 20411 20727 21755
21081 21097 22262 21261
21569 20969 21518 20994
21361 21323 22262 20867
21715 20488 21681 20576
20685 20330 21419 21871
20561 20422 21307 21889
20840 20580 22044 21295
20548 20603 22041 21455
21312 21235 22237 21015
21195 21290 22236 20982
20827 20146 21323 21958
20677 20369 21406 21806
21633 20786 21549 21113
20558 20206 21334 22037
20843 20195 21274 22028
21240 20494 21665 21307
21540 20236 21544 21875
21084 20844 21520 21143
20612 20262 21122 22036
20614 20276 21320 21924
20574 20456 21294 21887
21820 21182 21198 21147
21790 20384 21570 21517
21523 20664 21607 21116
21876 20972 21211 21041
20679 20196 21226 21920
20577 20412 21534 21761
20349 20398 21281 21757
20455 20178 21174 22078
20939 20942 20362 21609
20988 19769 21167 21899
21238 21328 22235 20870
21239 21384 20817 21482
21793 20350 21381 20252
22034 20483 21095 20962
20829 19913 21996 21270
21891 20403 21339 20390
21753 20477 21634 20464
21046 21363 20715 21570
20933 21034 20414 21590
20818 19785 21757 21317
20890 20345 20642 21634
20642 20677 20477 21666
21609 20486 21515 20608
21413 21214 22060 20722
21827 20043 20825 21464
21585 20070 20827 21518
21265 21179 22196 20707
21120 21249 20863 21399
20949 20561 20600 21696
20635 20108 21078 21989
21518 20805 21563 20829
20379 20232 21308 21923
21361 21212 22176 20860
21740 21107 20974 21107
20557 20160 20899 21984
21791 20441 21675 20637
20535 20145 21323 21947
21693 20636 21340 20788
20996 20278 20565 21629
21294 21357 22085 20789
20844 20517 21994 21171
21462 20199 21510 21823
21774 20560 21586 20435
21162 20492 21529 21254
21114 21307 22039 21008
20678 20765 21921 21390
20543 20357 21344 21733
21008 20155 21811 21049
20922 20307 20612 21779
22004 20478 21106 21019
20771 20595 21966 21142
21862 20581 21255 21021
21077 20167 21718 21071
20621 20234 21205 21856
20906 20322 20747 21628
20664 20794 22144 21225
20798 20417 21661 21237
20707 20306 21895 21343
21226 21138 22196 20970
20724 20969 22164 21188
21937 20484 21074 20904
21841 20118 20758 21417
20784 20347 21706 21282
20752 20649 21830 21320
21113 20859 21585 21081
21539 20678 21426 20972
20360 20204 21898 21466
21658 21066 21110 21178
21808 21070 21161 21121
21725 20446 21475 21375
20692 20661 21881 21308
20764 20751 22002 21251
21576 20316 21389 21440
21219 21267 22121 20987
21929 20476 21149 21101
21819 20254 21439 21417
21353 21271 22069 20881
21646 20996 21203 21045
21721 20994 21284 20985
20935 20143 21758 21199
21798 20284 21370 21484
21049 20133 21850 21186
21839 20690 21047 20722
20577 20517 21877 21440
20612 20267 21140 21958
21434 20068 21487 21836
21344 20274 21496 20972
21618 20923 21298 21179
21783 20922 21240 20996
20671 20226 21198 21961
20703 20462 21855 21455
20766 20546 21874 21406
21855 20436 21058 21136
21693 20891 21188 21235
21818 20638 20997 20944
21533 20699 21358 20869
21194 20960 21473 21091
21429 20878 21491 20894
21781 21120 21127 21084
21284 20491 21455 21043
20988 19769 21167 21899
21494 20803 21391 20940
21084 20480 20754 21610
21276 20727 21502 20944
21267 21263 22095 20866
20625 20696 21948 21318
21815 20908 21338 21146
21830 21108 21189 20912
21494 20803 21391 20940
21772 20840 21326 21177
21243 20882 21465 20952
21526 20819 21465 20910
21654 20965 21271 21130
21005 20232 20611 21664
21759 20679 21133 21212
21006 21179 22155 20906
20561 20169 21281 21848
21197 20466 21490 21230
21447 20742 21515 20905
21793 21068 20990 21152
21738 20953 21301 20997
21523 20836 21371 20957
20545 20689 22151 21323
21294 20502 21502 21003
21270 20414 21523 21214
20632 20497 21812 21410
20612 20736 22075 21310
20827 20687 22070 21134
20768 20485 21879 21272
20278 20093 20942 22007
20884 21361 20639 21342
20937 21032 20245 21521
21020 19774 21276 21696
21088 21074 22161 20864
21731 20464 21472 20409
21965 20409 20954 20970
21002 19825 21356 21741
21410 20744 21383 20736
21547 20372 21639 20557
21808 19959 20689 21194
20545 20207 20884 21899
21108 21132 22034 21005
20584 20160 21295 21818
21661 20439 21629 20538
21630 20830 21062 21152
21150 21297 22154 20869
20402 20238 21860 21437
20466 20278 20406 21689
21427 20693 21558 20786
20584 20595 21645 21338
21738 20922 21227 20930
20953 21113 20324 21475
20625 20153 21153 21958
21065 20222 21493 21047
21545 21045 20997 21057
21777 21000 21093 21024
21450 19897 20961 21257
21646 19924 20832 21466
21210 19969 21398 21413
20523 20642 22089 21188
21099 21247 22022 20892
21279 20125 21360 21648
21681 20944 21248 20927
21003 21226 20561 21166
20603 20675 22035 21283
21578 20711 21291 20874
20916 20890 20415 21489
20717 20343 20360 21617
20845 20883 20670 21313
21508 20837 21292 20891
20878 20867 20760 21377
20410 20209 21846 21387
21638 20469 21301 20914
20660 20521 21973 21168
21240 21117 22073 20798
21311 21241 21947 20830
20756 20307 20551 21578
20678 20689 21693 21314
21016 20028 21819 21008
20939 21328 20652 21368
21774 20004 20893 21433
20775 21003 20506 21474
21378 20793 21556 20805
20850 20059 21626 21050
20502 20271 21776 21368
20555 20261 21747 21362
21339 21231 22065 20815
21705 20906 21247 21113
21178 20787 21416 21007
20754 19901 21949 21220
21460 20404 21450 20883
21348 19956 21445 21589
20619 20727 22101 21163
21762 20026 20854 21446
20669 20428 20499 21661
21412 20000 20841 21513
21348 20746 21455 20858
21354 20075 21247 21416
21691 21018 21145 21084
20506 20557 21911 21325
20701 20385 21877 21272
21161 20232 21154 21357
21089 20186 20731 21696
21177 20542 20731 21310
20717 20339 21897 21047
20690 20359 20457 21574
20479 20742 22098 21119
20908 21021 20473 21544
21758 20735 21115 21023
20967 20059 21416 21643
21745 21064 21142 21051
20861 20797 20517 21558
20876 20807 20358 21574
21161 20172 20703 21647
21301 20180 21374 21559
21384 20733 21277 21065
20974 20194 20504 21585
20671 20443 20592 21570
20892 20824 20476 21569
20765 20499 21844 21251
20698 20741 21917 21207
20519 20679 21844 21244
21649 20864 21285 21058
20657 20743 21836 21266
20736 20535 21732 21202
20733 20487 21840 21350
20877 20261 20599 21558
20631 20556 21632 21356
20662 20555 21894 21350
20898 20264 20558 21438
20952 20867 20458 21470
20736 20535 21732 21202
20183 20234 21716 21373
20520 19840 21090 21933
20565 20585 22016 21199
20853 21087 20256 21445
20904 19437 21408 21606
21113 21267 21962 20864
21369 20309 21629 20395
21923 20328 20917 20883
21376 20542 21348 20713
21582 20310 21333 20500
20579 20049 21234 21767
20936 20045 20404 21663
21076 20175 20613 21596
20319 20642 22011 20956
21535 21028 20957 20933
21767 20001 20893 21411
20613 20144 21017 21863
21310 21173 21980 20750
21245 20712 21395 20771
21694 19948 20776 21433
21749 20020 20724 21217
21548 21031 20948 20802
20383 20391 20462 21541
21638 20853 21149 21041
21703 19997 20868 21418
20684 20474 21716 21321
20593 20652 21811 21117
21033 20395 21810 20885
21297 21199 21828 20739
20530 20340 21701 21348
20737 19861 21862 21010
20557 20135 21027 21884
21638 20758 21223 20946
20453 20360 20543 21565
20586 20551 21894 21109
20501 20289 20339 21613
21728 20866 21107 20968
21213 19939 21188 21609
20836 20100 20585 21599
20859 20811 20300 21545
21681 20899 21050 21083
21172 20393 21292 20925
20606 20700 21859 21019
20763 20431 21754 21216
21281 20001 21324 21552
20644 20357 21833 21271
20834 20269 20498 21530
20891 20961 20317 21361
21185 20023 21290 21416
20570 20408 20286 21636
20728 20382 21761 21075
20930 21073 20268 21423
20844 20524 20388 21565
20621 20461 20327 21568
21577 21002 21054 21009
20817 20970 20380 21379
21556 20850 21229 21006
21699 20937 21096 20984
20662 20417 20525 21426
20628 20334 21779 21288
21200 20109 21206 21549
20608 20622 21770 21231
20412 20245 21784 21330
20870 20916 20348 21481
20423 20426 20508 21509
20557 20564 20396 21465
20901 20247 20369 21535
20715 20430 21754 21242
21737 20857 21222 20892
20804 20977 20265 21504
20784 20854 20267 21487
21696 20921 21225 20906
20803 20893 20264 21515
20799 21016 20257 21442
20572 20559 21976 21252
20585 20629 21791 21249
21213 19939 21188 21609
20623 20360 20500 21478
20297 20092 21723 21323
20372 20444 21867 21114
20395 20045 20845 21882
20824 20974 21687 20723
20854 20909 20234 21359
21351 19695 20750 21273
21546 20119 21253 20336
21685 20755 20968 20793
21037 20126 20484 21578
20891 20487 21517 20641
20729 20206 20451 21516
21303 20791 21648 20406
20495 20578 21743 21167
20602 20108 20838 21768
21085 20698 21129 20976
21229 20710 21523 20560
21429 19809 20695 21227
20636 20254 21826 21227
21673 20373 20932 20819
20509 20380 20277 21517
20959 19981 21853 20820
21068 20028 21060 21475
21527 20935 20660 20760
21181 19901 21200 21525
21509 20819 21131 20900
21371 20692 21164 20878
20571 20336 21600 21198
21277 19835 20741 21264
20518 20120 20973 21857
20571 20293 21758 21253
21232 19943 20663 21429
21181 19907 21116 21410
21410 20879 21076 20891
20871 20857 21651 20749
21521 20722 20825 20829
21370 20748 21223 20842
21535 20545 21074 20884
20624 20356 21671 21184
20393 20073 21684 21316
21204 19904 20697 21169
20378 20121 20968 21866
20362 20280 21798 21107
20477 19911 20965 21849
20585 19724 21421 20574
20673 20472 20213 21289
21297 20605 21049 20745
21372 19648 20609 21207
21403 20385 20976 20816
20948 20004 20454 21571
21222 19652 20714 21086
20511 20110 21694 21246
20404 20045 20837 21804
21351 19756 20623 21222
21304 19731 20654 21181
20200 19945 21167 20941
20309 19661 21555 21042
20360 19741 20599 21592
21291 19731 20452 21149
20510 20657 21444 21558
20798 21465 21029 20833
21022 20874 20376 21807
21152 21429 21514 20638
21220 19583 22576 21182
21282 20695 21119 22700
21291 19484 22536 21138
22034 20056 21723 21440
20793 21364 21784 20734
21655 21270 22252 21400
20957 19715 22356 21207
21342 20626 20990 22444
21050 20717 20637 21773
21241 20628 21129 22411
22017 21036 21179 21045
21014 20611 22064 21696
20983 20953 20515 21898
21570 21313 22310 21335
21102 20713 21082 22190
21395 20604 20890 22077
21097 20251 21923 21462
21387 19636 22523 21529
21948 21137 21859 21507
21468 21374 21019 21046
21350 20484 20818 22153
21658 20227 21655 21620
21354 19967 21796 21523
20838 20526 21577 21701
21081 20747 20530 22012
21215 20780 20482 21990
20948 19843 21270 21885
21191 19591 22546 21260
21008 21411 21826 20680
21816 20439 21652 21822
21896 21014 21233 21741
20945 20502 21551 21759
21107 20834 20458 21747
21748 21227 21262 21654
21234 19782 22323 21202
21516 21334 21096 21290
21258 20820 20470 22021
21980 21047 21321 21684
21893 20360 21409 21643
21510 21355 20980 21140
21676 21068 21362 21635
21371 20466 20915 22153
21744 20442 21578 21725
21856 20292 21543 21552
21714 20666 21338 21773
21679 20508 21307 21852
21546 21137 22329 21164
21874 20322 21464 21610
21879 20589 21406 21829
21787 21180 21359 21614
21792 21298 21274 21595
21856 20548 21438 21539
21802 21165 21234 21609
22016 21251 21442 21531
21371 20466 20915 22153
20518 20503 21583 21557
20807 20708 20352 21931
21094 20443 20823 22577
21107 21383 21418 20536
21124 21163 21596 20177
21186 19581 22534 21174
21201 19373 22355 21398
21971 19951 21572 21206
21150 20787 20710 21722
21057 20884 20546 21719
21894 20152 21765 21046
21240 20667 20876 22196
21680 21212 21433 20824
20763 21279 21780 20693
21064 21165 21672 20398
21277 20624 21074 22422
20995 20370 21958 21444
21340 20363 20844 22052
20865 21331 21713 20398
21274 20284 21645 21767
21405 19971 21756 21274
20590 20574 21460 21554
21383 19665 22208 21217
21194 20309 20859 22486
20945 21372 20918 20981
21144 20822 20455 21715
21744 21265 21259 20778
21191 19637 21814 21452
21777 21057 21450 20940
21213 19716 22235 21178
21180 19937 21740 21315
20815 20743 20528 21856
20656 20566 21526 21492
21304 19493 22057 21324
21114 19577 22485 21196
21061 20801 20438 21884
21141 20668 21029 22346
20987 20693 20954 22098
21609 20884 22116 21241
21446 21304 21126 21285
21334 20518 20957 22276
20832 20467 21656 21411
20991 20389 21914 21572
21088 19513 22131 21390
20892 20390 21989 21534
20888 19626 22353 21082
21073 21138 21687 20571
21315 19845 21739 21355
21197 20700 20363 21849
21964 20962 21340 21119
21310 20623 20839 22143
20908 21273 21664 20446
20930 21243 21612 20648
21463 20545 21466 21277
21890 20918 21047 21155
21352 19581 22403 21208
20857 20401 21614 21799
21568 21289 20935 21138
21771 21089 21186 21150
21865 20080 21674 21247
21154 19490 22482 21180
20680 20488 21379 21712
21818 21016 21218 21233
21139 19783 22234 21183
21544 21231 21020 21136
21530 21293 20979 21143
21187 20599 20928 22527
21279 20609 21051 22286
20721 20569 21492 21548
21636 20431 21429 21464
21501 21122 22256 21040
21515 21265 21105 21281
20965 20514 22187 21145
21743 20385 21459 21573
21696 21147 21172 21377
21880 20044 21639 21291
21261 19831 21648 21466
20737 21297 21777 20660
21158 20738 20352 21817
21878 20996 21398 20973
21166 19755 22225 21219
21928 20026 21698 21324
20687 20607 21361 21518
21316 19601 22305 21117
21608 21087 22243 21131
20935 20331 21654 21587
21115 19507 22154 21327
20934 19427 22176 21352
21353 19834 21772 21370
21262 19442 22382 21306
21952 21229 21261 21009
21611 20770 20934 21651
20904 20507 21526 21677
20734 20526 21486 21670
21697 21203 21261 21161
21622 20423 21308 21776
21099 19647 22293 21109
20909 21192 21700 20507
21499 21291 21047 21073
21293 19646 22289 21011
21805 20430 21358 21645
21843 20988 21108 21217
21838 20669 21292 21484
21957 21060 21205 21140
21269 19469 22265 21235
21864 20079 21672 21278
21929 21053 21298 21062
20895 20448 21620 21473
21792 21079 21306 21352
20620 20538 21452 21582
21093 19465 21939 21478
21139 20592 21247 21510
21803 20601 21118 21709
20621 20532 21453 21599
21785 21142 21143 21270
21622 21239 21328 21059
21073 20698 20354 21892
21317 20543 20953 21753
21925 21135 21239 21137
21285 19456 22224 21323
21927 21035 21303 20971
21880 21159 21365 21026
21807 20360 21646 21746
21311 19611 22384 21166
20909 21192 21700 20507
21831 21038 21140 21252
21618 21140 21263 21082
20818 20437 21575 21493
21282 19604 22169 21263
20922 21266 21577 20528
20621 20532 21453 21599
21834 20388 21503 21452
21268 19763 22183 21139
21081 20447 22244 21222
21146 20698 20448 21745
21842 21132 21435 21052
20921 20742 20440 21763
21791 21203 21114 21463
21142 19498 21749 21480
20933 21236 21367 20650
21837 21056 21236 21217
21864 21041 21360 21159
21315 19845 21739 21355
20518 21084 20861 21403
20790 21339 20904 20800
20883 21234 21538 20462
21131 19409 22456 21117
21200 19356 22202 21297
21253 20312 20788 22412
21306 20610 20229 21444
21906 19904 21628 21235
21253 20595 20846 22208
21019 20769 20358 21864
20957 20154 21553 21710
20753 21277 21664 20611
21211 19998 21785 21175
21416 21076 21929 21031
21090 20686 20605 21675
21098 19670 22024 21125
21110 19481 22353 21152
21495 20847 22043 21007
21579 20399 21250 21774
20819 21182 21528 20479
20637 21300 20859 20824
21674 21156 21293 20921
21268 19787 21707 21239
21159 20663 20330 21773
21366 19588 22103 21218
20862 20778 20480 21678
20724 20454 21638 21329
20975 20746 20415 21814
21660 20330 21545 21665
20977 19529 21860 21428
20893 20794 20432 21786
21120 20656 20269 21785
21089 20770 20585 21689
21807 20966 21142 21161
21011 21251 21072 20958
21323 21222 21028 20975
21554 20269 21609 20961
21232 20599 21047 22347
20642 20567 21268 21498
21233 20622 20930 22282
20663 20440 21549 21415
21320 20446 20902 22258
21680 21147 21163 21072
21721 20224 21558 21435
21148 19532 22379 21084
21127 19384 22277 21211
21797 21017 21207 21216
21240 19718 22233 21102
21769 20352 21329 21510
20964 21088 21577 20543
20582 20433 21466 21609
21050 19545 22268 21196
21441 20989 22192 21060
20594 21094 20945 21243
21737 21105 20930 21099
20915 19987 21407 21731
21847 21034 21176 21130
20859 20390 21549 21473
21873 21071 21359 21004
21498 21158 20989 21044
21019 20769 20358 21864
21353 19513 22113 21107
20808 20303 21588 21658
20790 20445 21374 21544
21715 20969 21391 21009
21132 19599 22363 21033
20759 20493 21377 21524
20932 21297 21104 20948
21055 19840 21672 21260
21464 19886 21576 21300
21256 19747 22144 21114
20868 20362 21509 21467
21266 20337 20841 22371
21834 19978 21633 21259
20904 21085 21527 20569
21216 20541 21010 22393
21901 21016 20905 21113
21080 20666 20403 21716
21191 20619 21039 22363
21519 21086 21123 21141
21069 21296 21418 20476
21870 19831 21532 21268
20621 20832 21455 21105
20876 20238 21498 21717
21437 20518 21464 21073
21323 19829 21658 21325
21755 20344 21466 21613
21838 19938 21438 21171
21027 20351 22158 21081
20619 20498 21498 21414
21209 19581 22231 21165
20931 20280 22168 21131
21193 20307 21572 21596
21486 21230 21001 21205
21757 21055 21243 21066
21050 19933 21573 21362
21765 20294 21483 21542
21535 20395 21558 21049
21150 19876 21666 21195
20791 21157 21575 20602
21256 19399 22115 21187
20981 20391 21731 21107
21199 19882 21595 21344
21673 21052 21143 21133
21132 20553 21002 22396
20641 20430 21433 21673
21810 21104 21390 21046
21752 20318 21556 21534
21194 19399 22217 21246
20620 20470 21459 21598
21237 19930 21650 21209
20981 20391 21731 21107
20979 20749 20408 21729
21768 21068 21117 21158
21439 20548 21446 21175
20405 20840 21357 21057
20779 20679 22086 20333
20810 21287 21041 20914
20849 20786 20226 21659
21069 19155 22086 21186
21111 20297 20769 22405
21129 19461 22317 21059
21820 21051 21197 20975
21233 19414 22002 21218
20759 20638 20416 21786
20799 19376 22294 21112
21286 20551 21679 20589
21129 19763 21621 21155
21112 20583 20781 22098
21172 19911 21769 20928
21611 20083 21542 20760
21146 21133 21290 20359
21093 19594 22136 20971
21064 19851 21580 21253
21197 20031 22156 20819
20578 20527 21183 21356
21425 19988 21734 20988
20578 20440 21339 21498
21368 20504 21275 21105
20530 20412 21441 21564
20897 20756 20439 21607
20625 20998 21488 21028
21015 20687 20563 21644
21564 21068 20992 21104
21437 20472 21502 21057
21535 20350 21196 21692
20946 20864 21687 20505
20753 20771 20310 21716
20947 20746 20346 21653
20726 21083 21574 20347
21144 20553 20885 22121
21632 20908 21330 20875
21075 21067 21691 20490
21207 20320 20663 22363
21712 20091 21125 21546
21165 20299 20847 22298
21714 21092 21268 20932
21210 20519 21012 22208
20655 20771 21309 21034
21075 20672 20507 21677
21580 20229 21508 21619
21714 19932 21543 21324
21638 20176 21310 21581
21000 20577 20827 22193
21697 21020 21035 21067
20824 20390 21228 21532
21683 20285 21265 21572
21260 20532 21401 20947
20539 20444 21433 21549
21081 20599 20821 22174
21198 20397 20713 22393
20767 20116 22136 21051
21040 20564 21015 22164
21686 21095 21184 20810
21037 20658 20322 21698
21195 20268 20764 22366
21089 20310 22130 20999
21286 20444 20744 22119
20863 20776 20419 21706
20786 20708 20425 21658
20631 20897 21506 20944
21631 20204 21469 21587
21192 20087 21375 21657
21163 20376 20771 22349
20629 20416 21406 21630
20803 20353 21273 21325
21199 20392 20827 22330
21633 20316 21469 21530
21154 20547 20772 22101
21627 20188 21309 21640
21635 20309 21193 21622
20403 20414 21168 21520
20724 21277 20980 20672
20814 20570 20050 21901
20875 19182 22124 20873
20951 20483 20696 22133
21315 20758 21249 20127
21710 20987 21147 20949
20834 21036 21640 20464
21052 19836 21527 21119
21047 20049 21966 20859
21579 21029 21051 20659
20955 20537 20429 22077
20785 21138 20904 20728
21173 20517 20893 22074
21461 20128 21502 21228
21038 20501 20729 22085
20590 20932 21301 20941
21258 20973 20915 21014
21337 20450 21249 21048
21130 19975 21501 21367
20917 20575 20145 21692
20661 20613 20342 21591
21042 20155 22050 20901
21633 20261 21426 21508
20674 20602 20360 21768
20770 21258 21023 20912
21442 20347 21008 21571
20446 20400 21083 21356
20666 20824 21215 20902
21076 20031 21287 21624
20689 20594 20226 21715
21085 20299 21160 21281
21622 20247 21459 21465
20526 20371 21333 21456
21203 20379 20903 22129
20510 20343 21381 21322
20479 20681 21237 20943
20708 20719 21178 20865
21158 19981 21472 21333
20918 20562 20267 21569
21076 20543 20282 21746
20466 20312 21336 21432
20807 20322 21025 21476
20879 20309 21149 21531
21163 20121 21463 21518
20512 20986 21339 20940
20407 20231 21239 21423
20691 20773 21632 20315
20704 21232 20889 20795
20910 20455 19844 21908
20967 19729 21431 21132
21165 20335 20878 22124
21589 20874 21031 20947
21247 19734 21463 21027
21042 20512 20509 21666
20882 20475 20331 21707
21125 20408 20718 21989
20508 20786 21161 20888
21507 20238 21414 21421
20698 20242 21259 21303
20698 20464 20400 21791
20207 20450 21047 20777
20669 20877 20685 20435
20894 20346 20718 21921
21021 20429 19908 21462
21085 19750 21383 21086
21260 20195 21145 21017
20842 20484 20330 21633
21221 20032 21233 21009
20387 20172 21158 21415
20991 20254 20546 21873
20319 20410 21027 20747
20370 20351 21086 20647
21020 20475 20455 21518
20313 20218 20626 20729
20612 20329 21348 22056
20733 21519 21426 21111
21475 20299 22311 21234
21637 21292 20708 20385
21769 21160 21111 20105
21811 19371 21585 21179
21996 20132 21154 21358
21769 20494 20915 20614
21304 20730 21563 21986
21559 20958 21825 21405
21237 21108 21639 21915
21494 21062 22034 21985
21939 19592 21601 21029
21621 21448 20804 20345
21407 21091 21880 21784
21654 21084 21809 21694
21844 20434 21113 20800
20941 21138 21530 21145
21400 20365 22101 21316
21794 19482 21754 21334
21675 19864 21631 20894
20941 21228 21384 21461
21392 21434 21045 20216
21695 19850 21388 21168
21717 20415 21153 20532
21294 21247 20862 20413
21736 20203 21320 21117
21476 20330 22309 21282
21471 21067 21844 21799
21916 20170 21024 20995
21059 21465 21480 21446
21896 20185 21166 21233
21004 21284 21510 21172
21113 21409 21432 21198
21242 21330 21458 21288
21132 21200 21505 21225
21774 20292 21083 20941
21699 21077 20823 20187
21867 20318 21034 20866
20642 20247 21351 22027
21671 19579 21600 21282
20703 20242 21503 22010
21807 20278 21361 21096
20693 20309 21565 22013
21911 20169 21140 21123
21267 21081 21771 21798
21116 21249 21514 21276
21277 21192 21328 21332
21082 21306 21366 21376
21401 21066 22047 21784
21896 20209 21103 21047
21082 21306 21366 21376
21479 21115 21821 21788
21129 21126 21505 21315
21896 20209 21103 21047
20543 20268 21478 21984
21331 20114 22302 21169
21349 21096 20602 20367
21533 21448 20738 20152
21857 19325 21436 20860
21980 20027 20883 20968
20913 21304 21466 21075
21426 20944 21941 21787
21452 20764 21717 21493
21171 20610 21808 21946
21443 20936 21820 21693
21229 20057 22010 21226
21443 21008 21800 21943
21653 20702 20809 20359
21484 21003 21650 21623
21346 19984 22048 21183
21674 19584 21173 20828
21761 19931 21001 21325
21573 20873 20913 20273
21651 19817 21316 21350
21930 19439 21382 20708
21623 19700 21653 21026
21567 20840 20639 20616
21618 20459 21002 20554
21545 20822 20689 20397
21809 20175 20965 20922
21058 21178 21261 21403
21521 20786 20789 20526
21469 20299 22137 21143
21583 20761 21757 21667
21361 20829 21550 21961
21170 21025 21502 21373
21042 21349 21313 21338
21279 20183 22245 21159
21620 19957 21689 20900
21446 20932 21655 21643
21491 21387 20758 20242
21623 20287 20856 20888
21533 20964 20788 20451
21154 21093 21369 21264
21546 21198 20710 20199
21124 21140 21445 21196
21458 21258 20704 20301
21612 19756 21630 20975
21329 20146 22258 20984
21029 21386 21322 21386
20921 21396 21414 21220
20969 21375 21394 21399
21719 20341 20968 20639
21670 20402 21070 20544
21461 20730 21571 21672
21891 19408 21280 20936
21685 19476 21578 21157
21642 20074 21626 20937
21682 20426 21048 20760
21769 19540 21329 20739
21415 21101 20778 20217
21796 20132 21124 20466
21599 20857 20722 20368
21662 20140 21240 21019
21790 19495 21188 20602
21393 21435 20795 20295
21926 19355 21201 20818
21282 20116 22199 21128
21873 20127 21023 21016
21613 20366 21109 20729
21907 20113 21151 21136
21284 20149 22252 20946
21778 19515 21349 20821
21194 21114 21346 21277
21706 20207 20969 20862
21080 20201 22159 21084
21140 21302 21409 21197
20981 21422 21398 21204
21395 21014 20772 20388
20979 21167 21347 21301
21096 21246 21419 21107
21621 20771 20894 20578
21788 20129 21106 21070
21731 20094 21059 21148
21796 20192 21047 20870
21673 19419 21723 21134
21203 21188 21394 21209
21349 20221 22158 21109
21685 20339 21004 20560
21606 20322 20808 21096
21074 21236 21428 21104
21927 19354 21522 20722
21808 19382 21376 20790
21766 20244 20967 20988
21747 19387 21398 20717
21168 21221 21378 21238
21337 20124 22188 21151
21050 21123 21468 21267
21792 20056 21131 21285
21636 19376 21637 21181
20913 21419 21435 21239
21894 19346 21391 20827
21920 20125 21052 21005
21710 20123 21088 21146
21716 20294 20890 20800
21147 21253 21331 21073
21722 20126 21134 21138
21635 20298 20801 21149
21683 19392 21650 21014
21284 20149 22252 20946
21685 20339 21004 20560
20407 19978 21833 21377
20501 20168 21061 21933
20901 21405 21375 21135
21237 20128 22222 21024
21470 21360 20546 20194
21487 20866 20512 20317
21865 19310 21335 20807
20692 20180 21370 21916
20464 20012 21869 21181
21387 20175 22068 21030
20851 21341 21399 21176
20642 21226 21305 21224
21553 20441 20919 20995
21414 20935 21749 21739
21408 20804 21831 21527
21182 20999 21439 21384
21275 20969 21669 21685
21680 20353 20979 20454
21363 20869 21808 21705
21508 20546 20567 20887
21579 20406 20975 20624
21705 20152 20807 20524
21685 19454 21202 20665
21439 21154 20700 20247
21507 19644 21482 21202
21567 20624 21160 20759
21810 19340 21347 20671
21599 19794 21629 20836
21815 19691 21125 20557
21532 20780 20609 20369
21505 20719 21692 21587
21702 19530 21242 20541
21265 20690 21573 21909
21321 20085 22126 21042
21656 20040 21141 20873
21442 20866 21719 21811
21560 20484 21302 20350
21407 21238 20678 20290
20973 21050 21448 21144
21169 21002 21033 20938
21586 19961 21211 20833
21201 20943 21512 21873
20997 20982 21489 21312
21316 20013 22156 20936
21468 20752 21533 21585
21607 20333 20961 20704
21109 20798 21531 21817
21373 20278 22093 21130
21526 19884 21281 21330
21005 21313 21196 21333
21086 21015 21259 21160
21858 19318 21288 20733
21561 19718 21122 21199
21374 21141 20757 20274
21336 20744 21615 21888
21512 20225 20774 21135
21833 20119 20949 20926
20470 20036 21866 21266
21351 20713 21521 21872
21733 19511 21200 20665
21534 20102 21399 20914
21541 20636 21032 20687
21570 20834 20718 20284
21237 20938 21813 21787
21092 21083 21350 21126
21238 20150 22184 21040
21782 20039 21008 21188
21618 20298 20940 20465
21546 19834 21613 21069
21529 20724 20761 20484
21056 21150 21328 21207
21498 20765 20806 20550
21558 20043 21343 20959
20923 21365 21300 21148
21633 19874 21545 20896
21034 21291 21178 21230
20955 21223 21273 21154
21039 21284 21277 21079
21625 20292 21044 20724
21025 21194 21244 21224
21747 20024 21095 21216
21385 21330 20632 20281
21534 20840 20652 20362
21711 20145 20936 20889
21560 19820 21233 21059
21564 20700 20664 20823
21751 19990 21090 21184
21577 19855 21499 20936
20999 21115 21266 21248
21526 20284 21365 20796
21589 19870 21662 20888
21531 20234 21335 20807
20881 21356 21379 21154
21761 20121 21028 20957
20884 21065 21298 21249
20960 21373 21334 21136
20892 21123 21386 21073
21765 19521 21277 20662
21767 20032 20999 21271
21039 21281 21356 21142
20898 21148 21274 21274
21107 21086 21181 21177
21258 21186 20767 20288
21257 20785 21366 21832
21631 19714 21189 21061
21749 20004 21063 21154
21556 19802 21255 21203
21563 19714 21553 21039
21257 20785 21366 21832
20882 21324 21328 21206
21587 20128 20967 20889
20503 19949 21764 21390
20560 20256 21396 21895
21214 20127 22085 21073
21268 21321 20544 20198
21401 21179 20570 20105
21469 20787 20452 20305
21703 19250 21174 20803
21864 19282 21265 20760
21043 20237 21992 20954
20792 21120 21235 21140
21761 19482 20962 20840
21645 19510 21142 20612
21229 20707 21601 21885
21442 20501 20754 20500
21490 20380 20871 21080
21192 20924 21668 21476
21390 20600 21492 21779
21267 21021 20693 20145
21486 19737 21565 20829
20956 21228 21347 21064
21654 19364 21117 20658
20864 21206 21143 21309
21039 21040 21149 20932
20897 20330 21756 21547
21305 19996 22058 20885
21614 19400 21251 20776
21103 20953 21636 21669
21562 19606 21360 20670
21344 20905 21526 21464
21563 20618 20752 20710
21422 20129 21212 21373
21274 20758 21418 21786
21399 20893 21700 21646
21522 20009 21034 21010
21110 20851 21355 21725
20923 21119 21302 21172
21425 19663 21233 21169
20811 21293 21305 21106
21430 20075 21077 21063
21423 20279 20929 21221
21407 20506 21312 20398
21504 19825 21504 20989
21341 20838 21715 21761
21133 20490 21743 20964
21549 19830 21635 20766
21493 20737 20635 20433
21459 20835 20593 20293
21570 20175 21031 20654
21721 19989 20992 21251
21486 20729 20717 20487
21695 20072 20996 20939
21517 19888 21074 21145
21610 20217 20933 20651
21402 20917 21417 21599
21405 20755 20633 20247
21460 20208 21424 20888
21421 20810 20613 20370
21237 20959 21410 21098
21242 20932 21161 21261
21120 20948 21381 21248
21491 20039 21068 20914
21412 20484 21557 20864
21486 20781 20619 20327
21428 20435 21302 20396
21557 20477 20988 20666
20894 21274 21171 21224
20866 21264 21311 21067
21487 19913 21131 21002
21470 20499 20714 20712
21262 20069 22076 21084
21500 20170 21138 20912
20931 21272 21271 21120
21489 20477 21274 20422
21498 20347 20937 21129
21425 20750 20941 20737
21132 20818 21399 21769
21463 20435 20936 21079
21460 20301 21172 20929
21494 19827 21532 20892
21246 20782 21516 21778
21421 20237 20941 21001
21487 20064 21270 20971
20421 19872 21754 21197
20630 20184 21396 21864
20809 21149 21073 21009
21219 19995 22073 21081
21322 21035 20554 20082
21697 19241 21133 20654
20881 20880 21460 21274
21067 20885 21511 21051
21204 20800 21527 21443
21595 19463 21097 20426
20706 20253 21428 21813
20578 20194 21356 21844
21293 20638 21337 21660
20821 21076 21232 21033
21394 19712 21570 20872
21346 20888 20627 20308
20899 21052 21194 21055
21387 20117 20956 20981
21330 20723 21653 21603
21288 20763 21695 21749
21666 19976 20874 20907
21560 19402 21191 20631
21389 20735 20777 20236
21378 20712 21675 21457
21639 20023 20790 20847
21607 19275 21160 20673
21491 20513 20726 20557
21475 20349 20855 20965
21532 20233 20828 20496
21494 19828 20834 21099
21381 20165 20696 21160
21244 20680 21420 21770
20610 20299 21076 21781
21445 19715 21530 20784
21516 19735 21605 20743
21633 19274 21134 20516
21405 20443 20717 20704
21454 19751 21425 20856
21523 19987 20925 21062
21549 20439 20582 20373
21512 20536 20678 20692
21423 20525 20836 20627
21415 20428 21091 20354
21480 20587 20706 20672
21392 20669 20761 20351
21480 20670 20664 20395
21412 20317 21345 20764
21381 19862 21596 21000
21434 20190 20623 21037
21664 19997 20833 20381
20325 19964 21754 20973
20663 20174 21160 21783
21105 19986 21991 20893
21126 20732 21438 21705
21285 20691 20433 20193
21434 19620 21253 20645
21647 19883 20852 20901
20637 19766 21684 21173
21095 19904 21908 21075
21214 20729 21476 21413
20468 20136 21239 21771
21480 20316 20596 20646
21433 20654 20663 20383
21301 19958 21086 20946
21355 19722 21604 20814
21373 19811 21555 21059
21360 20347 21376 20199
21368 20085 21145 20883
21348 20254 20755 21079
21360 20537 20764 20660
21419 20506 20674 20612
21382 19944 20767 20514
21146 19910 21941 20952
21401 20163 20589 21012
21354 20433 21295 20316
21217 20695 20529 20369
21288 20409 21279 20336
21227 20445 20852 20735
21436 20437 20726 20490
21227 20497 20735 20758
21306 20223 21292 20746
21291 20091 21334 20708
21441 20103 20766 20812
21260 19938 21247 20977
21210 20498 21468 21722
21359 19765 21599 20905
21105 20695 21407 21735
21216 20702 21567 21711
20176 19887 21864 20784
20696 20469 21092 21724
21102 20672 21138 20960
21342 19554 21526 20992
21397 20046 20234 20896
21425 20629 20544 20144
21044 20664 21446 21652
20262 19879 21697 20987
21353 20498 20726 20487
21319 20367 20603 20646
20845 19572 21652 20916
21122 20107 21231 20537
21128 19650 21299 20809
21343 20654 20434 20268
21293 19612 21358 20828
21211 20380 20545 20567
21351 20393 21113 20197
20404 20133 21081 21685
20897 19876 21437 20856
20969 19670 20943 20500
21250 20472 20609 20145
21306 20247 20716 20440
21306 20368 20499 20360
20650 19750 20909 20896
21079 19964 20746 20697
20131 21678 21895 21279
20802 19692 20929 21919
20924 20314 22352 20645
21048 20109 20869 22023
21315 21403 21904 20372
21917 20264 20755 21703
22348 20636 21419 21536
21947 21311 21584 20926
22278 20688 21296 21531
20573 20058 22098 20701
21141 20439 21147 21710
21080 19858 20828 21916
21062 20586 21509 21824
21344 21265 21731 20494
21080 21273 22008 20818
21214 21144 21834 20570
20994 20588 21366 21868
20233 21403 22251 21434
20302 21254 22003 21049
21930 20949 21541 21318
21708 21248 21655 21617
21222 20276 21086 21678
22080 21331 21525 21203
20464 20212 22079 20723
22012 21122 21258 21239
22067 20823 21950 21629
21559 21208 21680 21464
21291 20340 21012 21688
21915 20180 22045 21375
21634 21310 21717 21404
21791 20215 20792 21720
21473 21033 21940 21195
20848 20392 22339 20557
20479 20838 21361 21718
21299 21475 21693 20378
21753 20014 21679 21659
21577 20041 21344 21832
20551 20090 20890 21963
21347 21103 21914 20570
20861 20397 22279 20612
21133 21057 21857 20639
20181 21564 21938 21282
20258 21501 22057 21110
21698 20072 22025 21523
20828 20296 22292 20686
20401 21325 21883 21186
21890 21017 21307 21237
20193 21608 21867 21272
20335 21340 21880 21179
20258 21669 21956 21156
21344 20244 20985 21687
22010 21252 21697 21078
21737 21360 21678 21499
20150 21014 21916 21438
21840 21354 21518 21491
20165 21618 21882 21323
20828 20256 20803 21966
20262 21450 21916 21147
20263 21264 21932 21101
20258 21398 21844 21195
22017 20213 20872 21662
21786 20254 22015 21483
21893 20291 20901 21706
21929 20237 20800 21653
20877 20339 22285 20699
20160 21610 22073 21322
20877 20339 22285 20699
21929 20237 20800 21653
19925 21452 21946 21197
20051 21591 21942 21321
20777 20172 20757 21961
20844 20312 22319 20602
20941 20036 20679 21817
21200 21023 21838 20289
21269 19817 21130 21650
22264 20499 21201 21387
20782 20215 22107 20683
20453 20044 22017 20795
21780 20121 21861 21219
20937 19876 20859 21872
20776 20073 20895 21850
21520 20409 21590 21373
21693 21335 21562 21492
20060 21548 21919 21110
20697 20561 21141 21690
20714 20325 22074 20593
20450 19940 20818 21889
21214 21075 21717 20354
21124 20835 21814 20835
21293 20861 21816 20762
21204 20884 21766 20674
20564 20017 21999 20696
20256 21182 21934 21049
21792 20730 21533 21143
20841 20085 20781 21944
21138 21048 21747 20538
22115 20455 21339 21474
20825 20302 20993 21795
20212 21400 21746 20925
21141 20936 21873 20395
20124 21550 21849 21031
22207 20509 21247 21334
21958 21272 21442 20878
21430 20234 21042 21588
21535 20250 21807 21344
20565 20991 21499 21567
22021 21087 21446 21060
22091 20644 21214 21340
21974 20811 21173 21198
20996 21068 21778 20702
21078 20373 20932 21547
20569 20795 21460 21566
22083 20539 21125 21377
22094 20523 21312 21435
21995 21136 21435 21023
20612 20756 21304 21561
21636 21230 21539 21518
21822 19916 21648 21448
21240 20689 21915 20950
21595 20159 21733 21526
20163 21387 21793 20986
21949 20567 21132 21352
20954 21098 21879 20613
21035 20314 20962 21746
21166 21105 21795 20437
21418 20454 21727 21413
20956 20441 21402 21683
21062 20475 20998 21530
21295 20188 21221 21622
21185 19941 21079 21725
20399 21316 21724 21119
20742 20926 21415 21551
21932 20911 21385 21128
21738 19851 21551 21463
21217 20398 21091 21519
21161 19930 21196 21712
21480 20289 21701 21331
21102 21023 21811 20480
20212 21328 21633 20998
20930 19938 20761 21831
21303 20289 21821 21170
21377 19971 21083 21682
22184 20507 21289 21348
21760 20214 20814 21677
20993 21114 21868 20478
21058 20543 21365 21619
21334 20104 21296 21556
21026 20529 21272 21753
20165 21307 22016 21075
21235 19988 21263 21638
20865 20660 21902 21097
21435 20050 21289 21599
20883 21086 21917 20404
21381 20345 20969 21572
20977 21022 21844 20542
20995 21168 21831 20572
20818 20671 21135 21618
20331 21276 21817 21131
20209 21187 21958 21089
20215 21289 21808 21179
21024 20009 20792 21814
20357 21022 21838 20980
21605 19862 21648 21483
21065 21202 21780 20551
21700 20090 21992 21115
20800 20648 21182 21557
20610 21267 21697 21135
21222 20341 21071 21593
21128 20749 21885 21071
20151 21153 21955 21216
20339 20481 21921 20948
21867 20032 21652 21188
21887 21223 21484 21011
20199 21242 21997 21167
20907 21229 21779 20564
21724 19835 21657 21546
21327 20350 21072 21592
21108 19834 20929 21816
21458 20164 21377 21552
21763 20165 20799 21506
21144 21310 21678 20540
21003 20496 21509 21643
21701 21283 21641 21356
21289 20458 21804 21011
21907 19867 21740 21196
21165 20897 21663 20592
21850 21271 21415 21018
21234 20235 21669 21474
21731 21275 21381 20967
21764 21223 21509 21390
21823 20010 20795 21579
20164 21266 21899 21133
21882 19820 21639 21378
21726 21323 21521 21337
20138 21549 21912 21164
20989 20777 21802 20936
21269 19977 21304 21576
20989 20777 21802 20936
21753 19829 21730 21373
21171 19834 21287 21646
21952 20896 21273 21119
20204 21213 21912 21036
21900 21084 21301 21131
21904 21111 21437 21037
21852 20160 21936 21208
21765 20175 21919 21354
20141 21190 21909 21208
21269 19817 21130 21650
20143 21241 21881 21196
20213 21286 21879 21202
20141 21320 21736 21116
19961 21176 21930 21092
20061 21539 21856 21164
20730 20294 22292 20589
20744 20057 20675 21893
20749 19902 20386 21885
21016 21005 21799 20312
21602 19713 21636 21480
22177 20470 21154 21358
20632 20069 22062 20663
20749 19902 20386 21885
20133 21413 21694 20902
20533 20045 21952 20715
20009 21449 21894 21111
20385 20053 20766 21825
20597 20103 21993 20671
20690 19963 20779 21777
21063 20458 21712 20833
20112 21291 21784 21138
20440 20712 21310 21486
22083 20555 21051 21315
20340 19979 20747 21871
20493 20754 21395 21459
21851 19786 21742 21181
20285 21144 21627 20833
20542 20788 21354 21418
21179 21257 21551 20328
20072 21484 21845 20942
20868 20279 20857 21736
20158 20613 21882 21045
21934 20914 21328 20922
21030 20203 20939 21733
21303 20270 21654 21259
21433 19959 21088 21560
22037 20515 21197 21162
21638 19977 21911 21197
21491 21083 21515 21234
20955 20159 20947 21720
21072 20954 21769 20400
20912 19724 20679 21751
20891 20287 20801 21667
21257 19867 21190 21527
20789 20894 21315 21485
21043 20862 21779 20526
21805 19879 21579 21386
20876 20904 21703 20462
20220 21253 21774 21069
21755 20565 21437 21342
20664 20095 21958 20646
20111 21521 21782 20995
21697 19841 21534 21422
21538 21031 21376 20877
21177 19918 21106 21638
21261 20342 21619 21393
21036 20392 21613 20969
20715 21218 21769 20351
20987 20922 21626 20573
21154 20763 21682 20680
20296 20624 21821 20870
20839 20814 21816 20601
21022 20628 21643 20714
21088 20837 21791 20652
21168 19992 21140 21610
20243 21180 21727 21090
21120 21089 21759 20431
21137 20251 21031 21517
20346 20554 21894 20979
20406 20520 21864 21075
21605 19753 21656 21393
21764 19823 21593 21436
20951 20938 21611 20523
20582 20142 21959 20662
22071 20454 21276 21298
20722 20022 20715 21743
20828 20419 21409 21581
21975 20540 21099 21142
21352 20007 21094 21582
21681 20114 21588 21285
20976 20667 21777 20879
21156 20853 21743 20625
20990 20274 21114 21696
20154 21082 21831 21040
21664 20931 21556 21110
21394 20288 21629 21342
21062 20680 21691 20661
21287 20055 21119 21498
21162 20307 21013 21527
21991 20470 21200 21302
20521 21178 21386 21133
21001 21117 21517 20358
21039 21050 21699 20456
21994 20453 21246 21322
21775 20220 21261 21443
21674 20209 20699 21587
20824 20334 21397 21603
20938 20316 21156 21637
20319 21104 21735 21040
21526 20155 21597 21370
21114 20936 21769 20374
20958 20717 21246 21506
21847 20447 21070 21374
20991 20313 20847 21665
21010 20431 21158 21536
20180 21090 21767 21176
20082 21037 21811 21075
20153 21285 21752 21097
21504 20938 21418 21172
21441 21084 21453 21194
21615 21006 21584 20964
21765 19842 21718 20364
21735 21029 21483 20886
21465 20141 21670 21184
21299 20119 21745 21151
20235 21205 21740 20910
21732 20138 20714 21637
21463 20979 21607 21175
20896 20453 21235 21556
21065 20182 21476 21507
21451 20246 21488 21298
21941 20520 21142 21099
21839 21006 21175 21042
21300 20231 21683 21406
21499 20988 21429 21142
21366 20324 21403 21469
21826 21003 21398 21043
21039 20224 21017 21551
21358 20302 21708 21005
21370 20098 21206 21473
21779 21005 21323 20915
20240 21046 21801 20932
21983 20519 21171 21297
21737 19869 21777 20327
21024 20292 21091 21664
20908 19968 20769 21742
20744 20439 21441 21519
21938 20804 21197 21019
21842 20241 20705 21473
21299 20165 21767 21134
20073 21088 21928 21180
20233 21254 21682 21011
21777 21006 21213 20879
21938 20804 21197 21019
21001 21041 21771 20460
21028 20813 21627 20673
21065 20182 21476 21507
21162 20307 21013 21527
20958 20717 21246 21506
19900 21059 21896 21088
19989 21399 21804 21157
20236 19804 20596 21890
20524 20104 22072 20490
20610 19760 19993 21793
21572 19734 21673 20083
21785 19696 21498 21333
22024 20435 21101 21291
21707 20120 20505 21439
21738 20506 21045 21269
20987 20800 21601 20715
20843 20690 21750 20593
20334 20501 21887 20944
20878 20214 20857 21574
21525 19871 21654 20242
21362 20013 21260 21450
20100 21368 21771 20973
21911 20446 21039 21195
20723 19938 20671 21692
21639 20042 20646 21592
20873 19783 20761 21740
20175 21205 21713 21013
20886 20746 21742 20634
20243 19953 20696 21766
20224 21122 21629 20829
20676 20188 22057 20571
20059 21219 21801 20966
20965 21023 21338 20363
20053 21037 21902 20807
21861 20893 21259 20896
21369 20041 21232 21379
20769 20306 21374 21538
21168 19919 21106 21489
21102 20282 20954 21376
21554 19880 21868 20175
21260 19836 21092 21508
21214 19892 20966 21500
20672 20426 21306 21512
22003 20372 21136 21304
21828 20470 21069 21178
21077 20844 21608 20561
20739 20160 21147 21584
20928 20429 21733 20804
20189 21136 21718 20952
20865 20188 21189 21360
20013 21132 21664 21081
20986 20378 21024 21521
20983 21009 21434 20373
21445 19939 20713 21491
21462 20949 21488 20992
21602 19877 21657 20131
21630 19757 21513 21333
20791 20350 21236 21497
21023 21002 21750 20413
21796 19809 21447 21348
21453 20988 21478 21121
21678 20870 21115 20911
21624 20980 20946 20994
21043 19870 21122 21548
21093 20730 21696 20456
21659 20924 21123 20929
21561 19844 21771 20167
21462 20910 21371 21147
21013 20827 21666 20583
20085 21383 21768 20995
20936 20854 21712 20453
21095 20920 21513 20477
20962 20354 21081 21494
21017 20976 21689 20455
20943 21049 21735 20367
20093 21037 21784 21088
19780 20735 21748 20774
20151 21070 21624 20685
20184 20435 21755 20897
20909 20374 20981 21498
21013 20980 21662 20276
21558 19778 21403 21324
21594 20006 20444 21411
21981 20399 21100 21226
21703 19900 20575 21295
20847 20733 21740 20571
20682 20973 21632 20455
21775 20262 21133 20995
21058 19844 21057 21481
21353 19980 21160 21431
20857 20106 20997 21395
21707 20768 21234 20852
21411 20758 21420 20977
20999 20970 21549 20355
19889 20938 21739 21063
19933 20910 21739 21047
20909 20851 21674 20399
21600 20864 21131 20858
21769 20859 21096 20785
21008 20901 21605 20416
20174 20977 21610 20933
21013 20977 21630 20328
20746 20178 21099 21133
20789 20655 21696 20462
20870 19606 20936 21471
20896 20867 21522 20311
20984 19773 20580 21258
21000 20798 21485 20222
21729 19922 21054 21083
21188 19944 21357 20809
21561 20777 20747 20644
21045 19706 20857 21224
21614 20674 20933 20823
20951 19792 20878 21338
20769 20679 21548 20372
20719 20456 21602 20153
19939 20911 20799 22041
20368 20778 20552 22032
20543 19544 20843 22169
20575 20172 22432 20879
20862 20239 22205 20591
21134 21431 21428 21102
21152 19383 21409 21753
22016 21285 21176 21708
21369 19737 21072 21809
21474 21047 21449 21455
20578 19624 20980 22135
20983 21200 21637 21315
21352 19899 20934 21832
20668 20019 22317 20689
20111 20982 20704 21944
21742 21133 21541 21439
20012 20864 20716 21912
20454 19692 21741 21836
20184 20664 20753 22072
20956 20361 21755 21647
20623 20044 22384 20716
21947 21145 21338 21586
21739 20559 22166 21213
20736 20504 21823 21692
20657 20000 22230 20994
20284 20868 20605 22161
21978 20702 22193 20924
21075 19573 21468 21815
21439 19943 20902 21864
20772 20303 22231 20823
21881 20692 22054 21163
20625 20192 22262 20779
20549 19700 20872 22094
21340 19975 21093 22001
20856 20580 21998 21530
21579 21212 21150 21727
21818 20737 21958 21119
20147 20900 20792 21833
21658 21168 21192 21701
20831 20242 22280 20635
20833 20502 21873 21561
21268 21419 21408 21260
20995 21303 21599 21286
20320 20965 20705 22038
20530 20263 22349 20644
20595 20153 22428 21023
20242 20849 20884 22070
20418 19690 21791 21862
21538 21229 21419 21453
21798 20928 22123 20941
20424 20794 20819 21993
21898 21234 21215 21664
20742 20438 21918 21648
21613 20839 21883 21061
20927 20319 20935 21895
20777 20470 21996 21541
20640 20148 22253 20751
20497 20685 20703 21911
21794 20625 22114 21356
20386 20822 20801 21961
21671 21094 21133 21771
20413 20848 20616 21921
20887 20404 20833 21876
20613 20226 22259 20648
21711 21350 21111 21411
21240 20065 20899 21835
21797 20588 22076 21277
21610 21401 21576 21410
20386 20570 20675 22011
21788 20728 22125 21230
21194 19534 21448 21686
20863 20415 22021 21727
20635 19549 20917 22052
21048 19610 21409 21801
20938 20243 20664 21902
21802 21250 21314 21648
21687 20355 22115 21395
21778 20651 21904 21287
21609 20736 21941 21335
21001 19970 21370 21857
20607 20131 22298 21043
20606 20104 22348 20698
21858 20635 22013 21254
20911 20088 21571 21772
20832 20481 21974 21545
21843 20630 22072 21335
20549 19973 22240 21150
20943 19415 21419 21936
21022 19487 21384 21829
21097 20110 21242 21800
21085 19473 21394 21799
21126 19478 21334 21845
21807 20812 22166 21151
21960 21261 21260 21543
21091 19526 21381 21741
21140 19433 21421 21887
20857 20087 20728 22151
21730 21235 21120 21771
21763 20661 22118 21303
21101 20082 21211 21865
21090 19495 21354 21776
21116 19429 21432 21745
21798 20701 21884 21390
20771 20360 21819 21831
21192 20133 21178 21886
21717 21144 21346 21354
21169 19492 21408 21793
21813 20700 22012 21232
21716 21274 21130 21783
20883 19572 21265 21905
21755 20982 20889 21808
21711 21350 21111 21411
20586 20086 22231 21052
20883 19572 21265 21905
21083 21427 21431 21258
20049 20957 20631 21936
20199 20776 20547 22051
20367 20592 20499 21995
20500 20006 22392 20756
20672 20271 22210 20614
20898 19363 21256 21728
21279 21339 21514 21193
21951 21223 21083 21677
20531 19517 20793 22013
21145 19448 21379 21702
20786 20494 21956 21482
21756 20751 21920 21133
21031 21124 21532 21272
21862 21275 21164 21551
21402 19958 20859 21804
20341 19641 21005 21970
21623 21054 21206 21517
21790 20551 22033 21306
20420 20703 20636 21906
21733 20667 21974 21053
20505 19724 21815 21689
21489 20739 22014 20996
21333 19974 20995 21994
20584 20135 22337 20856
21561 21103 21448 21401
20858 20231 20904 21879
20971 21182 21589 21245
21727 20437 22040 21280
21672 20723 22124 21134
21204 21319 21275 21195
20258 20566 20664 21987
20787 20366 21872 21430
21763 20775 22093 20957
20111 20908 20592 21962
20821 19972 21642 21578
21411 19943 21069 21732
20617 19899 22148 20881
20520 20090 22260 20870
21771 20810 21973 20926
20961 19425 21412 21583
20238 20595 20771 21854
21089 19987 20889 21872
21536 21194 21422 21369
20604 20215 22217 20767
20837 20404 21737 21528
20779 20332 21790 21590
21692 20674 21886 21216
20933 19366 21332 21705
21188 20038 20897 21822
20926 20074 21673 21558
20638 19666 21878 21703
20124 20664 20588 22039
20718 19788 21431 21784
20875 21171 21483 21252
21554 21025 21126 21633
20543 20142 22187 20843
21604 21181 21283 21468
20466 20220 22199 20741
20735 20390 22001 21610
21890 21111 21265 21427
21658 21014 21312 21433
20162 20834 20744 21835
20767 20181 22149 20659
21312 20047 20871 21753
20316 20707 20661 21998
20084 20724 20729 22002
21529 20984 21307 21549
20870 20315 20881 21884
20144 20856 20679 21837
20689 19993 22161 20820
21201 19761 21041 21808
21634 20633 21986 21240
20474 20287 22207 20717
21270 19974 21016 21872
20998 21287 21495 21238
21510 21033 21238 21627
20616 20185 22198 20650
20938 19822 21288 21670
20677 20086 22170 20696
20703 21231 21413 21330
20600 20159 22204 20799
20387 20662 20705 21875
21584 21010 21494 21343
21569 20933 21215 21532
20787 20113 21680 21541
20491 20254 22154 20700
21709 21152 21153 21570
20571 19824 21710 21703
20699 19758 21808 21755
20902 19923 21233 21788
21720 21111 21102 21715
21014 21109 21499 21287
21885 21117 21094 21599
20591 19975 22255 20986
20108 20808 20773 21817
20150 20851 20693 21947
21693 20410 22095 21352
20902 21105 21511 21310
21410 19860 21001 21766
21270 20152 21021 21742
20777 20284 21902 21620
20953 19837 21213 21772
20568 20735 20686 21772
20321 20786 20718 21773
20485 19882 21811 21738
21705 21151 21155 21632
20999 21151 21446 21327
20596 20412 21977 21615
21735 20787 22015 20979
21767 20165 22025 21348
20377 20612 20635 21968
21736 20793 21994 20990
20375 20740 20751 21967
21551 21107 21329 21532
20327 20816 20679 21943
20357 20815 20703 21767
20615 19987 22133 20869
20776 19817 21486 21673
20826 19939 21256 21788
20836 19874 21331 21592
20652 20122 22166 20863
20333 20795 20589 21942
20652 20122 22166 20863
20676 20046 22151 20762
20776 19817 21486 21673
19930 20835 20644 21882
20083 20685 20413 22027
20497 20007 22266 20852
20633 20161 22124 20461
20896 21333 21295 21142
21000 19428 21316 21530
21837 21003 21143 21507
20851 20798 21511 21003
21480 21175 21253 21270
21793 20897 21175 21204
20551 20184 22185 20658
20868 20282 22030 20519
20497 20071 22041 20871
21066 20464 21975 20682
20395 19654 21827 21682
21375 19932 20847 21783
21508 20518 21466 21273
20536 19510 21672 21690
21229 19948 20989 21911
21750 21037 21053 21433
21580 20339 21868 21084
20691 20393 21761 21370
20759 20048 21596 21360
20586 19496 20844 21969
21678 21101 20906 21485
21045 21308 21361 21061
19974 20682 20623 21823
21019 19735 21564 21346
20698 19592 21122 21669
21266 19948 20959 21861
20445 19498 20792 22000
20733 20062 21740 21412
21283 19904 20777 21830
21137 21271 21277 21172
20572 20378 21990 20583
20046 20898 20541 21812
21257 19856 20881 21865
20759 20258 20704 21749
21153 20021 20594 21773
21339 20127 20744 21708
21538 20202 22011 21248
20678 20390 21773 21555
20501 19668 21716 21649
21311 19746 20859 21891
20192 20795 20506 21905
21588 20744 21919 21050
20516 19922 22150 20797
20432 19698 21591 21716
20727 20286 22080 20589
20837 21251 21272 21224
21577 20722 21958 20778
20269 20596 20664 21918
20704 19784 21833 21615
20713 19537 20724 21949
21050 21322 21382 21016
20117 20639 20562 21984
20716 20223 22085 20725
20665 20303 21854 21456
20793 21120 21469 21069
20805 19823 21112 21724
20074 20663 20449 21990
21572 21018 21128 21631
20397 19958 20818 21792
20552 20099 22160 20759
20629 20244 22124 20772
20667 20076 22098 20810
21508 21051 21272 21308
21724 21148 21114 21456
20311 20624 20615 21943
20565 20157 22079 20857
20407 19520 20686 21960
21636 21070 21119 21595
20676 20857 21380 21215
20893 20466 20744 21715
20283 20561 20530 21984
21022 21261 21447 21048
20673 20368 21869 21419
20965 21332 21408 21169
21701 21123 21093 21472
21148 19930 21013 21832
20569 20215 22161 20692
20355 20678 20600 21906
20038 20667 20529 21985
20325 19679 20817 21936
21538 21113 21078 21660
20178 20588 20662 21949
21674 21197 20883 21502
20965 21332 21408 21169
21633 21217 21011 21622
20805 20023 21566 21429
20137 20770 20516 21976
20633 20002 22101 20762
20139 20811 20542 21883
21647 21220 21010 21469
20641 20260 21830 21579
21335 20180 21063 21704
20130 20819 20655 21808
20060 20708 20504 22027
20802 21102 21435 21176
20278 20651 20437 21917
20180 20602 20589 21979
20859 19740 21264 21573
21662 21263 21124 21324
20330 20694 20592 21897
21720 21048 21101 21699
21660 20197 22039 21189
20632 20197 21915 21424
20060 20708 20504 22027
20804 20229 20781 21867
21644 21189 21084 21430
20139 20747 20536 21960
20541 19662 20856 21946
20690 20385 21836 21429
20179 20672 20506 21923
19833 20781 20581 21864
20062 20584 20501 21971
20082 20773 20354 21880
20348 19421 20662 21952
20502 20205 22145 20594
20524 19966 22177 20647
21045 21189 21260 21000
21616 20959 20947 21432
20380 19699 21640 21591
20858 19658 21738 21102
20622 20298 21842 21365
21490 21111 21038 21560
21534 20892 21135 21444
20836 20687 21857 20822
20688 20057 22012 20867
21007 19829 20691 21897
20593 20091 21802 21367
20679 20409 20757 21636
20275 19944 22022 20874
20872 19987 20841 21686
21310 20918 21045 21525
20315 20502 20431 21842
21599 21181 20965 21621
21215 19874 20874 21864
20634 19531 21659 21604
20024 20810 20377 21702
19985 20761 20470 21883
21548 20648 21747 21043
21356 20077 20684 21670
20112 20991 20643 21697
21265 19912 20931 21846
20539 20149 22103 20674
20209 20293 20636 21852
20502 20205 22145 20594
20009 20570 20587 21931
20670 20047 21724 21522
21136 19922 20697 21752
21332 19772 20847 21731
20414 19547 20662 21915
20376 19733 21704 21594
20555 20054 22020 20757
20630 19634 20698 21911
20495 19539 20773 21924
20425 20005 22085 20722
20189 20632 20475 21802
21514 20652 21844 21041
20137 20518 20549 21778
21152 19949 20749 21694
20505 20054 22074 20820
20106 20732 20539 21786
20157 20704 20726 21668
21334 19760 20962 21666
20258 20688 20458 21871
20227 20622 20541 21865
20542 20071 22064 20737
20628 20179 22089 20693
20652 19883 22092 20743
20467 20076 22091 20718
20669 19955 20713 21766
20178 20670 20505 21778
20135 20505 20523 21885
20136 20761 20405 21863
20611 20052 22100 20704
20180 20791 20486 21844
20079 20809 20532 21869
19917 20883 20535 21647
19979 20625 20300 21798
20225 19480 20556 21910
20588 20000 22051 20661
20609 20062 21889 20551
20977 21157 21250 20990
21548 20925 20872 21082
20722 20408 21679 20873
21452 20902 20984 21452
21037 19993 21394 20819
20496 20129 21802 21278
21361 21148 20914 21127
20193 20427 20438 21858
20476 20166 22032 20559
21058 19797 20727 21762
20375 20033 21986 20676
20488 19631 20800 21863
21259 19910 20536 21677
21318 19582 20807 21545
21110 19883 20643 21731
21157 19808 20655 21739
20219 20463 20550 21535
20482 20367 20701 21626
20649 19850 21977 20859
20478 20051 21921 20713
20559 20026 21900 20591
21319 20016 20535 21612
21291 20024 20700 21503
20222 20372 20456 21654
20492 20086 21914 20669
20482 20043 21889 20855
20084 20357 20382 21769
20393 19567 20630 21847
20519 19888 21961 20601
20643 19799 21826 20575
20759 20682 20893 21177
21353 20652 20501 21123
20620 19740 21690 20805
21090 20538 20893 21412
20429 19995 21887 20634
21177 19988 20667 21496
21224 19907 20502 21655
20371 19946 21905 20610
20492 19820 21924 20710
19586 20044 20621 20943
20256 19862 21876 20578
20277 19452 20458 21823
20318 20062 20540 21260
20349 19269 20687 21332
