2026 142.932
29335 24363 24106
25307 28266 24237
24222 23700 28971
25667 27753 25322
25362 25608 28040
29193 24762 24468
24932 24466 28606
29245 24915 24510
25272 28230 24300
25282 26356 27476
26141 24778 27962
29377 24607 24318
24140 24010 28931
28739 25254 25154
27389 26709 25729
25337 28180 24513
25311 26727 26975
29033 25099 24349
24820 24668 28656
27252 26668 25804
25500 27910 25289
26009 26720 26991
27075 25014 27470
29358 24571 24227
24428 23986 28854
28803 24546 25067
26619 27546 25046
25135 28278 24296
25049 24137 28583
29174 24526 24481
25584 26493 27393
27563 27000 24846
25151 28220 24341
25829 25752 27667
26566 25953 27221
29334 24698 24070
24329 24021 28883
26700 26650 26810
26651 27196 26177
25345 28232 24375
25093 25699 28068
29084 24952 24697
24946 24471 28538
29200 24851 24455
25322 28227 24351
25542 27962 24824
26797 24835 27477
29384 24564 24273
24520 24121 28822
28364 23561 25726
26578 27463 25001
26562 27021 26252
26347 26722 26798
29257 25000 23977
24987 25641 28052
26680 27378 24964
25383 28000 24913
26273 26686 26875
27088 24941 27342
29316 24399 24184
24559 23999 28832
29101 24696 24671
27664 26811 24946
25275 28286 24063
25203 25441 28271
28890 25192 24835
24222 23700 28971
28966 25338 24446
25338 28229 24532
26648 27083 26463
26935 26079 26814
29439 24546 24309
24561 24128 28881
27073 25260 27243
26795 26880 26229
25758 27983 24560
25962 26251 27279
29411 24618 23929
26104 24987 27946
29225 24792 24092
25207 28252 24155
25274 26439 27379
24379 23918 28905
29263 24293 24374
24379 23918 28905
28739 25254 25154
28277 26074 25119
25439 28163 24179
25843 26637 27105
29123 25094 24470
24716 25111 28419
27664 26811 24946
26535 27326 26296
26449 27238 26354
27365 25134 26997
29317 24696 24100
24820 24668 28656
27760 25650 26327
25549 28220 24263
25620 28089 24896
24906 24989 28465
29160 24569 24620
24889 25129 28388
28905 25264 24424
25431 28129 24783
26513 26646 26834
26995 26546 26420
29395 24713 24040
24379 23918 28905
26795 26880 26229
28324 25300 25655
25328 28265 24129
25419 25812 27906
28739 25254 25154
25286 24544 28517
29200 24851 24455
25406 28278 24049
25611 27942 25142
26472 24941 27723
29407 24766 24187
24561 24128 28881
28706 25193 25161
26829 27108 26168
26321 27550 25364
26454 26741 26643
29407 24766 24187
24983 26037 27904
26149 27891 24702
25138 28234 24402
26117 26472 27096
26513 26646 26834
29439 24546 24309
24833 24229 28711
29066 24667 24900
26107 27936 24227
25210 28246 24430
24972 24987 28457
28924 24763 24912
24559 23999 28832
28733 25407 24902
25053 28216 24515
26559 27056 26455
27138 25636 27047
29447 24405 24426
24222 23700 28971
26960 25162 27493
26717 26844 26410
25430 27896 25184
25295 25654 28078
29334 24682 24037
25261 24886 28399
29033 25099 24349
25171 28255 24274
25551 26722 27044
26601 24957 27621
29364 24675 23988
24678 24224 28729
28891 25124 24822
27610 26775 24922
25970 27904 24353
25722 27813 25134
27957 26338 24776
24924 24937 28508
27269 26776 25694
26379 26936 26530
26273 26869 26705
26508 24788 27727
29334 24698 24070
24258 23929 28965
29066 24667 24900
26045 27798 25001
25141 28230 24475
24859 24966 28536
29217 24561 24525
25330 26241 27640
27601 26817 24920
25190 28236 24328
26503 26320 27050
26909 26189 26922
29439 24546 24309
24218 23872 28987
28116 25585 25962
27291 26705 25669
25549 28220 24263
25546 26455 27242
29301 24641 24221
25614 24638 28254
29238 24955 24104
25440 28204 24076
25185 28264 24413
26748 25216 27464
29176 24856 24145
24461 24216 28947
26601 24957 27621
26321 27550 25364
26535 27326 26296
25910 26507 27122
29427 24625 24121
24980 25604 28161
27259 26998 25204
25545 28159 24373
26483 26768 26677
26627 25155 27563
29287 24456 24344
24545 24301 28815
29180 24518 24506
27717 26808 24695
25134 28251 24393
24745 25536 28200
28964 24911 24970
24566 24222 28731
28905 25452 24486
25374 28293 24195
26778 26726 26767
27619 25596 26425
29372 24430 24465
24484 23994 28907
27112 25787 27109
26737 26858 26608
25363 28147 24659
24773 24200 29000
29255 24605 24468
25905 25535 27738
29087 24992 23995
25201 28285 24093
24839 26077 27746
26306 24947 27880
29292 24555 24476
24418 23855 29081
28282 25147 25886
27682 26696 25182
26107 27936 24227
26347 26975 26538
29040 25063 24181
24710 24791 28549
27810 26534 24996
26663 27212 25795
26692 27062 26378
27151 25366 27257
29447 24405 24426
24785 24810 28563
29164 24713 24501
25549 28220 24263
25317 28195 24446
24701 23998 28874
29195 24238 24576
25328 25856 27982
27756 26659 24725
25141 28230 24475
26696 26898 26419
27112 25787 27109
29377 24495 24165
24092 23759 28943
26824 26851 26587
27940 25479 26146
25307 28266 24237
25202 26300 27565
28890 25192 24835
24447 23918 28820
29122 24728 24665
25178 28280 24348
26169 26896 26836
26665 25003 27555
29299 24629 24656
24218 23872 28987
27730 24585 26469
26244 27670 24907
26407 27578 25475
26507 26919 26521
29257 25000 23977
24811 25477 28284
26149 27891 24702
25230 27838 25113
25361 26150 27632
25363 24840 28311
29299 24665 24258
24484 23994 28907
28860 24414 25135
26607 27502 25186
25347 28237 24460
24857 25143 28386
29213 24803 24569
24905 24741 28635
29245 24915 24510
25515 28094 24713
26692 27062 26378
27066 25178 27392
29457 24695 23933
24196 23749 28935
27011 25117 27325
26703 26893 26293
25910 27746 25158
25646 26401 27303
29339 24649 24153
25337 24637 28402
29123 25094 24470
25175 28247 24219
25756 26888 26908
25588 24739 28220
29273 24616 24360
24356 23975 28874
28116 25585 25962
27917 26277 25310
25374 28245 24090
25911 26906 26879
28874 25518 24806
24837 24868 28644
27070 27090 25509
26436 27116 26152
26304 27187 26398
26748 25216 27464
29439 24546 24309
24905 24741 28635
28927 24623 25050
26247 27837 23786
25185 28264 24413
25239 24985 28310
29267 24518 24345
25342 25830 27912
28477 25993 24770
25185 28264 24413
27012 25340 27186
26490 26728 26745
29281 24904 24083
24379 23918 28905
26793 26508 26791
27094 26421 26351
25374 28293 24195
24838 25888 27969
29123 24912 24495
25286 24544 28517
29235 24779 24400
25117 28259 24486
25612 27738 25320
26846 25080 27447
29366 24862 24213
24506 24068 28982
28030 24868 26324
26695 27264 25484
26452 27332 25566
26273 26869 26705
29254 24581 24369
24821 25411 28421
27433 26883 24773
25398 27823 25201
26269 26847 26683
26905 25629 27167
29387 24617 24022
24434 24221 28818
29181 24826 24548
27563 27000 24846
25329 28266 24039
25203 25352 28307
28912 24860 24840
24418 23855 29081
28536 25642 25030
25515 28094 24713
26659 26754 26527
26984 25056 27301
29344 24674 24328
24222 23700 28971
26913 25052 27413
26595 27085 26240
25505 28017 24851
25298 25859 27827
29354 24663 24236
26143 25407 27724
28985 25217 24415
25307 28266 24237
26210 26548 27144
25753 24852 28158
29321 24306 24561
24545 24301 28815
28964 24911 24970
27717 26808 24695
25970 27904 24353
26023 27308 26077
29116 25195 24350
24929 25539 28256
27070 27090 25509
26441 27269 26113
25588 27892 24962
27088 24941 27342
29340 24706 23992
24547 24478 28684
27551 25001 26658
25585 28082 24253
25620 28089 24896
24773 24200 29000
29377 24607 24318
24905 24741 28635
28466 25905 25031
25255 28228 24464
26909 26189 26922
26503 26320 27050
29409 24757 24077
24331 23833 28859
28472 25848 24922
28546 25596 25330
25178 28280 24348
25236 26594 27437
28477 25993 24770
26247 24962 27980
29213 24803 24569
25343 28229 24243
25474 27790 25286
27075 25014 27470
29165 25114 24002
24153 23800 28885
28030 24868 26324
26486 27167 26223
26117 27808 24894
26564 26263 27090
29366 24862 24213
25371 25961 27853
26469 27629 24365
25500 27910 25289
25039 26010 27866
25876 25448 27816
29278 24642 24747
24701 23998 28874
29130 24747 24591
27187 27202 25055
25275 28286 24063
25203 25441 28271
29069 24681 24649
24422 23830 28845
29096 25336 24470
25374 28245 24090
26778 26726 26767
28703 24942 25433
29392 24664 23926
24038 23870 28882
26892 25071 27385
26585 27047 26283
25200 28159 24630
24821 25411 28421
29354 24658 24107
25120 25179 28340
29203 25046 24329
25347 28237 24460
25236 26594 27437
26350 25025 27758
29358 24571 24227
24462 23800 28895
28703 24942 25433
28277 26074 25119
25509 28168 24314
25289 26659 27370
29135 25153 24163
24484 23994 28907
26829 27108 26168
26036 27467 25783
26476 27069 26483
26846 25080 27447
29424 24541 24160
