185 8.61169
3882 3061 2953
2849 4013 2861
3010 2790 3815
3136 3965 3240
3152 3411 3695
3810 3303 3132
3250 3407 3728
3765 3516 2863
3181 4010 2918
3037 3877 3256
3327 3250 3679
3854 3006 3292
3082 2999 3813
3750 3240 3322
3742 3504 2931
3091 3970 2868
2968 3981 3216
3638 3616 2869
2910 3188 3763
3546 3666 3056
3099 3928 3209
3178 3824 3273
3255 3077 3764
3877 3098 2956
3110 3199 3783
3696 2904 3440
3511 3786 2893
2734 3977 3093
3092 3201 3788
3833 3275 3136
3042 3415 3749
3605 3715 2741
3110 4043 2969
3190 3358 3724
3456 3380 3467
3882 3061 2953
3151 2920 3799
3678 3447 3201
3398 3711 3205
3120 3987 2895
2966 3551 3596
3842 3477 2920
3299 2760 3732
3793 3414 2943
3017 4027 2845
2972 3943 3276
3299 2760 3732
3864 3249 2993
2994 3060 3814
3570 2835 3514
3117 3983 2939
3435 3727 3186
3031 3877 3336
3756 3492 2820
2973 3567 3606
3660 3682 2744
2950 3976 3235
3176 3770 3399
3444 3379 3546
3855 3088 2984
3265 2991 3785
3724 3186 3377
3698 3577 2991
3132 4003 2925
2973 3567 3606
3716 3425 3154
3053 2901 3891
3774 3259 3144
3055 3997 2907
3322 3862 3143
3527 3423 3408
3932 3185 2881
2980 2752 3809
3602 3224 3452
3534 3648 3202
3287 3912 3286
2974 3515 3633
3868 3290 3023
3714 3071 3524
3842 3523 2912
3029 3997 2810
2919 3887 3239
3133 3239 3833
3888 3311 2991
3132 3043 3773
3574 3553 3376
3587 3497 3350
3189 3947 2912
3080 3643 3517
3827 3338 3038
3083 3435 3684
3546 3666 3056
3229 3927 3011
2985 3983 3204
3519 2810 3642
3932 3185 2881
2883 3507 3713
3666 2886 3440
3423 3824 3034
2953 4012 3038
3042 3415 3749
3788 3148 3157
3054 3269 3720
3762 3452 2891
3085 4008 2968
3410 3431 3448
3557 3272 3466
3865 3285 2978
2963 3146 3793
3472 3686 3114
3878 3212 3120
2878 4036 2845
2862 3650 3579
3775 3377 3205
3200 2829 3779
3872 3159 2975
3181 3974 2941
2981 3847 3424
3397 2924 3663
3789 3398 2953
3202 2907 3803
3686 3090 3351
3498 3845 2970
3229 3957 3053
3299 3515 3483
3917 3310 2916
2917 3703 3529
3407 3953 2807
2876 3947 3147
2996 3856 3409
3384 3447 3482
3852 3180 3016
2990 3059 3796
3735 2871 3420
3370 3838 2750
2954 4032 2970
2855 3452 3678
3821 3275 3046
3072 3077 3806
3756 3435 3052
3233 4024 2910
2982 3724 3493
3613 3231 3512
3866 3250 3027
3126 2838 3807
3595 3098 3487
3382 3816 3111
3128 3987 2992
3185 3761 3379
3786 3429 2981
3338 3301 3625
3795 3414 2796
3026 4008 2991
3120 3863 3269
3327 3271 3634
3840 3441 2972
3167 2901 3774
3810 3303 3132
3536 3747 2905
3322 3911 2760
3004 3841 3369
3622 3683 2703
2932 3284 3736
3413 3764 3092
3015 3872 3278
2957 3898 3198
3516 2918 3555
3814 3342 3059
3073 3162 3770
3652 2850 3423
3316 3890 2803
2953 4012 3038
3134 3329 3715
3801 2880 3224
3070 3529 3568
3683 3585 2823
2734 3977 3093
3336 3584 3408
3341 3220 3704
3840 3316 2996
3037 2981 3820
3588 3527 3262
3754 3348 3199
3141 3978 3071
3045 3698 3439
3779 3407 3045
3313 2925 3760
3791 3433 2924
3159 3955 2785
2899 3955 3147
3613 3231 3512
3824 3353 2816
2984 2880 3817
3661 3070 3404
3252 3890 3242
3248 3905 3097
2996 3782 3424
3829 3347 2896
2826 3613 3595
3269 3886 3195
2836 3935 3244
3144 3662 3527
3452 3214 3651
3875 3009 2969
3053 2901 3891
3782 3029 3199
3576 3660 2918
3058 4013 2879
2949 3665 3599
3870 3340 2910
2979 3182 3795
3750 3240 3322
3007 3977 2986
3392 3366 3586
3669 3222 3336
3896 3023 2841
2810 2840 3813
3338 3577 3466
3722 3523 3087
3017 4027 2845
3613 3231 3512
3871 3031 2968
3333 3146 3654
3690 3618 2845
2850 4004 2997
2801 3679 3516
3714 3071 3524
3814 3049 3132
2998 2911 3814
3856 3344 3192
3785 3537 2888
3363 3875 2833
3185 3761 3379
3780 3479 2798
3074 3307 3714
3625 3637 3039
3052 3963 3165
3065 3933 3157
3618 2890 3523
3871 3031 2968
3243 3382 3716
3903 3016 3153
3349 3884 2830
2903 3993 3027
3250 3407 3728
3832 2980 3258
3167 3355 3666
3586 3655 2905
3007 3977 2986
3004 3841 3369
3595 3377 3416
3910 3066 3011
2905 2961 3835
3604 3600 3148
3818 3190 3130
3049 4017 2882
2928 3999 3229
3720 3533 2953
3192 2664 3755
3751 3128 3335
3058 4041 3017
2968 3981 3216
3519 2810 3642
3826 3257 3024
3101 2865 3858
3706 3256 3311
3464 3769 2897
3329 3855 3044
3063 3866 3323
3922 3259 2902
2826 3749 3453
3121 3988 2831
2955 3907 3267
2961 3587 3631
3222 3302 3664
3863 2968 3164
3101 2939 3820
3835 3373 3226
3723 3630 2857
2861 4009 2977
2883 3507 3713
3791 3061 3290
3114 3183 3819
3665 3679 3067
3153 3891 3175
3248 3905 3097
3595 3377 3416
3874 3002 2963
3088 2931 3806
3510 3189 3540
3109 3950 3047
3157 3848 3276
3059 3666 3526
3843 3325 2916
3313 2925 3760
3786 3429 2981
2878 4036 2845
2984 3727 3438
3395 2807 3700
3899 2973 3030
3132 3043 3773
3629 3573 3278
3773 3467 3007
3110 4008 2706
3176 3770 3399
3821 3385 2783
2866 3277 3738
3665 3679 3067
2958 3957 3179
3201 3812 3391
3595 3098 3487
3924 3077 2947
3003 3174 3772
3645 2885 3456
3367 3881 3017
2954 4032 2970
3157 3308 3685
3797 3358 3179
3283 3448 3548
3720 3610 2716
2757 4032 2921
3482 3697 3388
3584 3573 3220
3868 3360 2800
2998 3101 3789
3574 3450 3326
3619 3570 3171
2882 3995 3152
2943 3561 3689
3764 3510 2954
3327 3250 3679
3864 3245 3098
3005 3989 3001
2850 3897 3240
3376 2888 3675
3828 3311 2810
3028 2870 3822
3865 3132 3327
3383 3750 3199
3350 3894 3014
3164 3654 3429
3842 3536 2875
2952 3451 3659
3730 3615 2887
2943 3958 3193
3169 3686 3414
3468 3228 3547
3908 3043 2898
3101 2865 3858
3814 3062 3173
3505 3800 2914
3110 4043 2969
2866 3461 3683
3765 3204 3321
3027 2885 3837
3819 3403 2960
3125 3956 3213
3258 3771 3233
3555 3315 3415
3869 3126 3094
3076 2809 3824
3574 3553 3376
3536 3617 3154
3136 3965 3240
3327 3250 3679
3890 2995 2924
3406 3048 3726
3739 3514 2882
2915 4023 2945
2835 3699 3523
3339 3160 3672
3838 2890 3080
3175 2912 3796
3804 3192 3241
3444 3806 3028
3358 3941 2929
2991 3807 3377
3823 3561 2896
2927 3391 3736
3538 3897 2786
3103 3796 3297
3079 3946 3148
3540 2790 3533
3917 3310 2916
3084 3162 3798
3613 3204 3444
3229 3957 3053
3054 3993 2970
2949 3665 3599
3812 3231 3134
3229 3119 3757
3748 3389 3109
2984 3948 3116
3267 3340 3668
3539 3472 3359
3906 3214 2886
3027 2885 3837
3654 3520 3179
3791 3331 3124
3035 4029 2894
3232 3699 3412
3774 3416 2935
3228 2746 3788
3802 3494 2980
3206 3989 2819
3128 3869 3312
3332 2739 3752
3778 3470 2807
3027 2885 3837
3535 3334 3439
3433 3781 2975
3381 3891 3080
3000 3565 3685
3908 3240 2963
2859 3605 3573
3105 4024 2920
2945 3960 3128
3189 3628 3460
3451 3128 3621
3877 2934 3266
3184 2962 3804
3731 3023 3297
3567 3763 2922
3042 3990 2944
2812 3549 3618
3804 3192 3241
3114 3183 3819
3772 3465 2934
3358 3941 2929
3386 3575 3400
3727 3264 3265
3913 3082 2898
2984 2880 3817
3482 3697 3388
3636 3603 3169
3085 4008 2968
3103 3296 3726
3846 3176 2950
3338 3301 3625
3742 3504 2931
3149 4015 2911
2859 3990 3203
3313 2885 3742
3821 3275 3046
3101 2865 3858
3767 3306 3284
3755 3516 2912
3358 3894 2738
2931 3864 3272
3659 3761 2909
2957 3147 3808
3720 3602 3066
2967 4005 3163
3016 3865 3231
3462 3208 3538
3859 3009 3006
