89 21.6089
26105 27225
26972 26264
26822 26464
26671 26832
26813 26635
26923 26328
26807 26751
26369 27059
26149 27110
26391 27001
26264 27064
26518 26993
26807 26751
26939 26305
26551 26919
26597 26855
26526 26953
26597 26855
26204 27097
26448 27000
26972 26264
26250 27073
26149 27110
26448 27000
26204 27097
26551 26919
26254 27066
26250 27073
26254 27066
26149 27110
26149 27110
26149 27110
26149 27110
26149 27110
26149 27110
25988 27180
25988 27180
26950 26107
26806 26454
26744 26751
26871 26306
26474 26967
26357 27031
26941 26235
26806 26454
26098 27168
26579 26851
26329 27051
26528 26884
26204 27080
26909 26303
26507 26935
26950 26107
26643 26760
26744 26751
26613 26788
26744 26751
26105 27112
26627 26773
26204 27080
26137 27099
26179 27091
26329 27051
26105 27112
26137 27099
26179 27091
26643 26760
26613 26788
26204 27080
26744 26751
25958 27177
25958 27177
26931 25826
26895 26256
26341 27021
26654 26741
26515 26880
26004 27150
26579 26832
26428 26947
26125 27076
26709 26657
26724 26526
26201 27055
26771 26442
26795 26331
26698 26696
26588 26786
26075 27115
26293 27036
26169 27064
26739 26524
26071 27132
26832 26301
26428 26947
26490 26933
26852 26287
26895 26256
26490 26933
26293 27036
26771 26442
25958 27177
26804 26322
26588 26786
26708 26679
26201 27055
26771 26442
26852 26287
26709 26657
26724 26526
26739 26524
26071 27132
26795 26331
26804 26322
26293 27036
26588 26786
26724 26526
26795 26331
25939 27142
25939 27142
26890 26216
26059 27130
26127 27064
26705 26625
26720 26458
26186 27046
26648 26632
26629 26727
26763 26427
26277 27034
26586 26756
26767 26321
26514 26825
26798 26314
26409 26926
26477 26901
26554 26811
26337 27015
26351 26945
26351 26945
26409 26926
26807 26268
26495 26863
26705 26625
26854 26242
26293 27026
26337 27015
26594 26737
26554 26811
26725 26436
26831 26261
26854 26242
26767 26321
26831 26261
26720 26458
26725 26436
26484 26885
26489 26866
26293 27026
26477 26901
26484 26885
26594 26737
26807 26268
26489 26866
26337 27015
26337 27015
26477 26901
26477 26901
26477 26901
26489 26866
26767 26321
26807 26268
26831 26261
26831 26261
26854 26242
26854 26242
26854 26242
26854 26242
26854 26242
26049 27125
26889 26149
26746 26419
26261 27032
26687 26604
26110 27056
26749 26295
26704 26468
26333 26979
26583 26737
26623 26697
26388 26907
26856 26166
26654 26610
26516 26760
26830 26242
26055 27082
26074 27061
26277 27025
26480 26882
26769 26256
26489 26835
26833 26216
26388 26907
26446 26899
26308 26987
26704 26468
26769 26256
26515 26779
26602 26704
26490 26809
26110 27056
26654 26610
26308 26987
26602 26704
26490 26809
26833 26216
26446 26899
26462 26889
26462 26889
26266 27028
26515 26779
26308 26987
26308 26987
26446 26899
26462 26889
25989 27121
25989 27121
26877 26062
26672 26463
26671 26587
26739 26322
26853 26086
26808 26228
26229 27031
26506 26779
26145 27032
26593 26665
26477 26870
26546 26737
26406 26899
26295 26980
26323 26923
26742 26298
26076 27046
26577 26689
26765 26250
26317 26951
26044 27071
26438 26880
26017 27083
26776 26237
26074 27050
26427 26895
26295 26980
26022 27078
26579 26674
26323 26923
25912 27099
26874 26014
26775 26223
26722 26282
26664 26459
26288 26957
26051 27048
26187 27029
25998 27073
26187 27029
26562 26671
26652 26543
26572 26607
26612 26565
26357 26891
26530 26727
26426 26885
26319 26912
26503 26743
26459 26804
26024 27051
26489 26776
26297 26921
26468 26787
26434 26835
26431 26852
26434 26835
25891 27086
26813 25934
26767 26153
26636 26521
26663 26230
25988 27070
26093 27017
26810 25992
26167 27004
26255 26952
26409 26879
26584 26562
26673 26227
26543 26648
26437 26782
26341 26890
26287 26923
26614 26524
26310 26910
26506 26711
26507 26665
26455 26779
26479 26760
26496 26729
26525 26657
26489 26755
25830 27083
26766 26076
26623 26407
26715 26094
26481 26753
26132 26955
25949 27021
26519 26653
26252 26950
26598 26481
26404 26832
26306 26887
26401 26856
25969 27014
26072 27002
26549 26528
26524 26590
26284 26913
26093 26999
26535 26544
26000 26986
26727 26058
26623 26255
26529 26510
26584 26377
26450 26633
26687 26060
26036 26938
26445 26751
26146 26934
26299 26884
26390 26829
26183 26893
26300 26842
26404 26797
26169 26894
25796 26975
26647 25809
26494 26423
26581 26174
26591 26094
26095 26906
26251 26871
26319 26825
26431 26741
25923 26960
26447 26525
25992 26939
26433 26639
25942 26939
26483 26400
26349 26723
26157 26868
26358 26564
26447 26509
26242 26813
26216 26856
26229 26822
25862 26936
26478 26244
26150 26861
26330 26680
26456 26395
26344 26512
26390 26499
26240 26765
26192 26822
26223 26789
26172 26848
26033 26861
26436 26378
26325 26555
26212 26640
26172 26829
26235 26627
26322 26573
26049 26837
26161 26835
25961 26856
26407 26259
26308 26492
26233 26547
26157 26736
26345 26374
26077 26773
26365 26352
26180 26634
26018 26822
26163 26647
26047 26793
25980 26855
25824 26821
26280 26352
26137 26717
25867 26736
26121 26725
25849 26762
25947 26715
26204 25993
26136 26644
25985 26673
26116 26661
25788 26696
26131 26611
26095 26598
26117 26530
25957 27106
25957 27106
27055 25749
26242 27011
26779 26518
27018 26040
26997 26203
26880 26308
26569 26545
27035 25774
26426 26741
26296 26862
26104 27054
26450 26683
26866 26385
27017 26125
26365 26827
26536 26560
26824 26468
26036 27077
26504 26625
26319 26847
26036 27077
26104 27054
26504 26625
26849 26466
26365 26827
27055 25749
26296 26862
26849 26466
26504 26625
26504 26625
27055 25749
27055 25749
25736 27082
27035 25733
26996 26067
26000 27073
26210 26952
26849 26446
26057 27044
26869 26253
26323 26797
26594 26504
26751 26482
26965 26105
26227 26832
26751 26482
26225 26860
26899 26143
26495 26568
26517 26533
26594 26504
26338 26754
26437 26623
26888 26188
26340 26709
26996 26067
26398 26687
26869 26253
26413 26660
26358 26700
26517 26533
26896 26145
26376 26688
26472 26597
26888 26188
26413 26660
26469 26616
26469 26616
26472 26597
26869 26253
26472 26597
26472 26597
26751 26482
25973 27066
26992 25904
26158 26933
26837 26422
26739 26475
26024 27000
26224 26827
26845 26299
26963 26071
26992 25904
26850 26233
26932 26075
26877 26115
26228 26785
26626 26476
26363 26682
25992 27001
26863 26131
26300 26780
26413 26643
26503 26512
26581 26504
26466 26611
26348 26695
26587 26483
26466 26611
26477 26561
26309 26766
26337 26739
26413 26643
26337 26739
26626 26476
26478 26533
26503 26512
26963 26071
26413 26643
26863 26131
26477 26561
26478 26533
26581 26504
26309 26766
26413 26643
26413 26643
26466 26611
26466 26611
26466 26611
26478 26533
26503 26512
26581 26504
26626 26476
26963 26071
26963 26071
26963 26071
26963 26071
25890 27061
26958 26069
26738 26472
26848 26189
26526 26486
26837 26368
26149 26912
26804 26405
25955 27012
26403 26606
26874 26082
26035 26917
26303 26762
26345 26687
26210 26806
26473 26510
26434 26598
26363 26665
26457 26560
25994 26968
26874 26082
26165 26824
26216 26769
26303 26762
25966 26989
26461 26527
26152 26860
26816 26399
26158 26848
26023 26948
26216 26769
26027 26929
26363 26665
26023 26948
26345 26687
26152 26860
26816 26399
26345 26687
26216 26769
26816 26399
26874 26082
25836 27057
26956 26023
25971 26928
26293 26734
26799 26361
26501 26480
26405 26586
26896 26062
26812 26239
25935 27004
26848 26143
26177 26790
26588 26465
26344 26642
26727 26419
26451 26523
26145 26873
26177 26790
26044 26883
26670 26431
26041 26886
26414 26526
26145 26873
25890 27023
26844 26183
26306 26682
26773 26395
26658 26464
26300 26702
25857 27031
26773 26395
26952 26061
26335 26658
26832 26220
26658 26464
26952 26061
26832 26220
25838 27038
26335 26658
25838 27038
26041 26886
25838 27038
26041 26886
26145 26873
25808 27056
25808 27056
26953 25687
26952 26039
26232 26719
26118 26839
26824 26095
26460 26465
26621 26438
26701 26372
26787 26346
25952 26907
26376 26576
26818 26187
25998 26882
26805 26229
26442 26521
26791 26299
26343 26638
26397 26531
26269 26687
26044 26872
25919 26962
26089 26860
26679 26398
26631 26404
26299 26667
25835 27020
26331 26658
25903 27002
25905 26978
25872 27010
25808 27056
25856 27019
25872 27010
25856 27019
25856 27019
25765 27047
26950 25910
25988 26873
26793 26191
26854 26039
26766 26295
26099 26812
25877 26976
26442 26449
26634 26337
26595 26435
26112 26720
26371 26544
25833 26988
26386 26455
26184 26707
26209 26657
26281 26650
26887 25975
26907 25960
26322 26578
26319 26616
26614 26423
26618 26348
25770 26976
26911 25724
26559 26426
26348 26489
25964 26830
26085 26764
26674 26255
26828 25872
26786 26059
25874 26940
26831 25796
26727 26188
26785 26119
26139 26665
26295 26608
26202 26635
25848 26962
26681 26215
26311 26564
26183 26655
26309 26568
26160 26658
25711 26947
26885 25648
26760 26005
26868 25705
25823 26831
25961 26803
26755 26087
26323 26428
26665 26191
26446 26417
26508 26285
26290 26520
26455 26335
26249 26589
26135 26604
26542 26225
26075 26736
26031 26756
26117 26660
26281 26584
26587 26213
26633 26212
26881 25658
26052 26747
26121 26646
26123 26609
25871 26745
26826 25554
26746 25898
26804 25663
26269 26581
26103 26651
26732 26032
26286 26502
26556 26213
26298 26399
26029 26705
26688 26073
26502 26251
26359 26381
26626 26190
26058 26675
26663 26128
26452 26291
26410 26333
25947 26735
26389 26353
26642 26161
25946 26739
26465 26260
25730 26696
26758 25554
26724 25942
26100 26621
26245 26438
25853 26636
26242 26578
26597 26184
26695 26007
26424 26273
26386 26353
26615 26150
25849 26692
26389 26280
25710 26686
26695 25453
26613 26130
26068 26611
25824 26675
26361 26349
26460 26160
26241 26513
26239 26541
26363 26188
25740 26683
25752 26643
26574 26091
26353 26269
26569 26126
26220 26533
26304 26338
26042 26587
26125 26538
26056 26583
26337 26324
25639 26590
26545 25917
25944 26551
26210 26493
26264 26264
25720 26579
26144 26515
26524 26035
26367 26110
26484 26088
26341 26187
26271 26221
26331 26219
25863 26549
26495 25604
26484 26082
26294 26094
26146 26356
26139 26507
26084 26506
26389 25831
26115 26478
26112 26434
26114 26272
26109 26414
26110 26311
25894 26392
26037 26294
25981 26357
25548 26386
25965 25815
25901 26268
25880 26309
25109 26075
26056 26890
26958 25764
26194 26785
26386 26757
26857 26058
26770 26129
26935 25771
26467 26424
26916 25945
26442 26706
26485 26415
26620 26336
26727 26297
26459 26585
26070 26829
26602 26408
26459 26585
26754 26268
26879 25977
26107 26797
26602 26408
26620 26336
26757 26207
26107 26797
26916 25945
26428 26735
26757 26207
26727 26297
26428 26735
26879 25977
26879 25977
26602 26408
26602 26408
26879 25977
26879 25977
26879 25977
26879 25977
26879 25977
26879 25977
26879 25977
26879 25977
25669 26842
26957 25763
26391 26721
26038 26841
26193 26748
26417 26615
26756 26158
26906 25792
26900 25902
26739 26223
26436 26450
26766 26043
26443 26432
26559 26408
26064 26788
26191 26774
26433 26548
26675 26250
26568 26362
26594 26281
26038 26841
26064 26788
26793 26030
26670 26273
26433 26548
26807 25982
26857 25960
26559 26408
26568 26362
26890 25944
26624 26280
26890 25944
26830 25974
26191 26774
26813 25978
26594 26281
26624 26280
26443 26432
26766 26043
26789 26040
26844 25966
26844 25966
26789 26040
26064 26788
26064 26788
26064 26788
26433 26548
26568 26362
26594 26281
26890 25944
26890 25944
26890 25944
25971 26839
26921 25724
26099 26747
26620 26276
26359 26629
26559 26346
26887 25863
26037 26794
26753 26104
26221 26714
26886 25935
26734 26184
26292 26677
26663 26264
26692 26187
26166 26740
26375 26577
26173 26735
26532 26381
26772 26022
26411 26529
26432 26452
26887 25863
26453 26406
26429 26476
26493 26403
26790 25976
26841 25939
25976 26828
26663 26264
26248 26687
26292 26677
26248 26687
26692 26187
26453 26406
26493 26403
26004 26813
26399 26562
26761 26034
26756 26063
26427 26518
26827 25971
26839 25945
26790 25976
26818 25973
26756 26063
26014 26797
26427 26518
26538 26363
26431 26454
26734 26184
26387 26569
26538 26363
26387 26569
26399 26562
26005 26807
26013 26800
26534 26368
26764 26026
26818 25973
26827 25971
26534 26368
26839 25945
26764 26026
26004 26813
26005 26807
26013 26800
26764 26026
26014 26797
26827 25971
26014 26797
26387 26569
26493 26403
26538 26363
26538 26363
26692 26187
26756 26063
26827 25971
26827 25971
26887 25863
26887 25863
25723 26834
25723 26834
26887 25857
25959 26827
25723 26834
26734 26077
26426 26514
26729 26163
26161 26702
26432 26421
26485 26396
26354 26592
26395 26529
26870 25931
26210 26683
26256 26634
26326 26608
26556 26326
26652 26208
26737 26002
26528 26367
26105 26727
26571 26268
26440 26406
25999 26793
26519 26369
26769 25989
26667 26175
26817 25934
26083 26733
26815 25947
26239 26676
26256 26634
26556 26326
25999 26793
26034 26772
26667 26175
26778 25961
26620 26247
26884 25898
26034 26772
26052 26743
26884 25898
26887 25857
26395 26529
26737 26002
26326 26608
26354 26592
26052 26743
26770 25965
26631 26233
26637 26228
26239 26676
26105 26727
26571 26268
26587 26258
26600 26252
26587 26258
26600 26252
26729 26163
26778 25961
26637 26228
25723 26834
26052 26743
25926 26823
26887 25775
26352 26549
26241 26615
26855 25907
26643 26204
26140 26679
25956 26773
26734 26054
26077 26703
26714 26118
26423 26446
26484 26371
26753 25967
26537 26269
26210 26668
26395 26486
26362 26492
26034 26719
26743 25988
26575 26234
26814 25946
26683 26156
26025 26756
26533 26307
26233 26663
26430 26397
26815 25932
26526 26347
26575 26234
26685 26150
26501 26351
26430 26397
26025 26756
26430 26397
26575 26234
25845 26819
26876 25709
26394 26434
26188 26666
26838 25890
26667 26119
26028 26678
26202 26601
26321 26520
26275 26529
26480 26249
26006 26704
26619 26190
26432 26361
25931 26765
26449 26321
26736 25928
26690 26026
26520 26204
26692 25989
25919 26782
26574 26197
26783 25924
26818 25905
25854 26743
26847 25708
26305 26514
26666 26098
26117 26608
26743 25909
26449 26309
26393 26393
26505 26172
26829 25875
25977 26655
26585 26145
26034 26611
26409 26355
26541 26158
25986 26645
26793 25888
26761 25889
25851 26698
26825 25762
26659 25937
26223 26490
26426 26257
26002 26608
26492 26152
26109 26572
26282 26394
26792 25876
26611 26049
26389 26359
26567 26104
26053 26594
26363 26391
26820 25868
26606 26082
26812 25873
25870 26608
26808 25760
26551 26100
26277 26362
26041 26548
26219 26471
26725 25858
26590 25940
26413 26108
26406 26214
26357 26296
26106 26479
26086 26518
26366 26270
26643 25878
26609 25888
26629 25887
25852 26606
26775 25689
26071 26469
26340 26206
26685 25746
26549 25981
26583 25830
26406 26117
26627 25822
26257 26273
26197 26351
26255 26282
26150 26448
26176 26442
26185 26365
26539 26045
26447 26091
26495 26066
26522 26053
26471 26084
26467 26086
25470 26547
26618 25818
25745 26513
26071 26448
26187 26259
26547 25956
26092 26446
26523 26037
26389 26114
26291 26129
26282 26197
26241 26237
26233 26254
25905 26435
26607 25744
26201 26206
26382 26109
26490 25915
26562 25784
26022 26336
25917 26355
26095 26239
26072 26261
26455 25990
26384 26062
26445 26027
26576 25753
25872 26379
26436 25965
26026 26234
26347 26105
26011 26330
26356 26095
25626 26379
26421 25891
25927 26161
26158 26098
26273 26029
26362 25941
26014 25993
26407 25795
26225 25964
25941 25718
26355 25691
25503 27168
27106 25984
26833 26563
26010 27071
25792 27104
26603 26895
26604 26837
26849 26424
26809 26758
26782 26768
26345 26931
26992 26153
25690 27154
26957 26210
26946 26349
27062 26034
26192 27068
27031 26068
26291 26948
25634 27159
26927 26381
27106 25984
26978 26209
26222 27036
26261 26999
27031 26068
26345 26931
26192 27068
26286 26998
25634 27159
26940 26353
26927 26381
26222 27036
26222 27036
26261 26999
26286 26998
26978 26209
27106 25984
27106 25984
25577 27142
27104 25776
25834 27069
27085 25924
25599 27101
26095 27012
27029 26057
26940 26319
26488 26895
26583 26784
26782 26495
26545 26878
26221 27009
26309 26899
26956 26159
26824 26462
26286 26995
27104 25776
26837 26371
26774 26619
26723 26689
26095 27012
26735 26642
26888 26352
26652 26752
26304 26918
26956 26159
26958 26069
26958 26069
26667 26708
26873 26358
26774 26619
26658 26723
26652 26752
26304 26918
26659 26712
26667 26708
26309 26899
26095 27012
26304 26918
26652 26752
26774 26619
26774 26619
26958 26069
26958 26069
25538 27095
27071 25912
26502 26852
25730 27049
26061 27011
26623 26734
27025 25998
26994 26036
26854 26355
26337 26870
26810 26453
26779 26454
26945 26124
26672 26645
26757 26581
26772 26578
26658 26712
26948 26121
26938 26243
26062 27008
26155 26966
26283 26937
25628 27067
26909 26267
26231 26959
25687 27063
26888 26310
26672 26645
26295 26875
26155 26966
25638 27065
26623 26734
25730 27049
26938 26243
26871 26319
26259 26956
26863 26331
26259 26956
26295 26875
26320 26874
26863 26331
26320 26874
26757 26581
26772 26578
26061 27011
26061 27011
26155 26966
26320 26874
26772 26578
26938 26243
25488 27091
25488 27091
27043 25698
25809 26982
27022 25886
26498 26819
26657 26692
25675 27015
26733 26567
27037 25726
25998 26978
26336 26867
26903 26248
25998 26978
26155 26963
26944 26050
26989 25938
26520 26730
25584 27060
26934 26133
26271 26889
26786 26426
26562 26693
26740 26486
26411 26846
26662 26592
25661 27039
26918 26165
26984 25994
26755 26477
26251 26919
26814 26340
26979 26031
26662 26592
26411 26846
25488 27091
26843 26324
26806 26401
25605 27055
26883 26295
26883 26295
26155 26963
26198 26945
26217 26938
26528 26704
26919 26160
26806 26401
26832 26332
26538 26699
27037 25726
27043 25698
26198 26945
26217 26938
25605 27055
25605 27055
25605 27055
27037 25726
25589 27046
27040 25436
26133 26945
25634 27028
27036 25722
26657 26450
27040 25436
26921 26015
26652 26604
26972 25967
26489 26736
26638 26681
26983 25845
26902 26161
26769 26416
26849 26253
26986 25764
26196 26896
26887 26183
26786 26389
26361 26831
26811 26336
26396 26804
26471 26785
26832 26315
26266 26857
26638 26681
26311 26852
26318 26834
26259 26888
25590 27036
26396 26804
25634 27028
26824 26326
26488 26777
26489 26736
26231 26894
26231 26894
26471 26785
26488 26777
25634 27028
25634 27028
25634 27028
26231 26894
26488 26777
26489 26736
25468 27046
27027 25674
26072 26945
25614 27023
26935 25922
26955 25708
26844 26213
26877 26026
26698 26395
26631 26570
26819 26291
26737 26361
26192 26878
26617 26675
26486 26709
26899 26012
25529 27039
26122 26928
26258 26858
26620 26651
26306 26842
25614 27023
26626 26579
26440 26756
26478 26727
26370 26784
26351 26812
26700 26382
26286 26850
26092 26934
26435 26777
26351 26812
26405 26780
26117 26933
26405 26780
26435 26777
26405 26780
25517 26973
26914 25795
25716 26921
26025 26902
26183 26865
26598 26546
26897 25943
25532 26972
26468 26711
26619 26407
26826 26160
26706 26265
26303 26826
26667 26361
26581 26673
26870 26011
26593 26664
26375 26764
26829 26045
26435 26760
26311 26796
26813 26223
26643 26381
26767 26262
26844 26043
26796 26245
26790 26258
25241 26966
26892 25631
25983 26895
25587 26916
26883 25911
26145 26857
25486 26957
26651 26232
26294 26774
26581 26551
26461 26678
26565 26629
26598 26389
26627 26377
26852 26002
26825 26051
26792 26139
26786 26194
26418 26744
26376 26746
26790 26191
25381 26941
26882 25894
26573 26245
26558 26620
25808 26878
26772 26191
26288 26769
26803 26036
26074 26838
26396 26660
25864 26873
26138 26792
26805 25915
26460 26644
26513 26627
25809 26873
26882 25795
26552 26443
26625 26187
26249 26728
26683 26120
26774 25922
26446 26632
26050 26834
26140 26760
26842 25876
26547 26595
26055 26809
26500 26619
25608 26850
26865 25740
26648 26070
26047 26811
26839 25823
26595 26181
26160 26639
26546 26415
26414 26611
26115 26746
26493 26603
26509 26448
25724 26808
26855 25613
26088 26736
26760 25808
26249 26611
25739 26750
26526 26306
26644 25969
26491 26486
26841 25614
26581 26150
26402 26608
26434 26573
26618 26063
26595 26103
25635 26729
26546 26097
26491 26472
25985 26695
26145 26609
26045 26663
26272 26603
26389 26542
26381 26581
25594 26710
26454 26416
26223 26590
25959 26660
25925 26667
26379 26482
26325 26550
26369 26539
26398 26438
26422 26425
25701 26663
26433 26335
26011 26501
25882 26598
26357 26378
25987 26578
26222 26450
26232 26448
25584 26661
26430 26328
26227 26413
25945 26382
26382 26090
26209 26284
26353 26281
26374 26125
26079 26095
26310 26071
26028 26080
25240 26877
27129 25947
26082 26846
25567 26855
26409 26642
26867 26064
26636 26359
26625 26503
26242 26748
25298 26863
25567 26855
26715 26348
26745 26288
26815 26161
26866 26076
26436 26584
26242 26748
26763 26227
26815 26161
26568 26519
26242 26748
26447 26562
26760 26252
26489 26533
25298 26863
26507 26527
26763 26227
26489 26533
26507 26527
26866 26076
26867 26064
25298 26863
26507 26527
26815 26161
25250 26857
27092 25604
25996 26826
25607 26846
26658 26344
26109 26742
27032 25813
25503 26851
26599 26502
26236 26707
26950 25913
26753 26159
26014 26783
26956 25823
26860 26044
27067 25698
26709 26319
26727 26258
26876 25940
27067 25698
27092 25604
26449 26510
26599 26502
26240 26644
26330 26554
26281 26628
26359 26535
26449 26510
26876 25940
25530 26847
26727 26258
26789 26083
25607 26846
26783 26113
26842 26071
26281 26628
26777 26126
26830 26073
26330 26554
26359 26535
26777 26126
25607 26846
25607 26846
26359 26535
26727 26258
26727 26258
26777 26126
27092 25604
25207 26855
27042 25674
25446 26818
25753 26814
27014 25797
26339 26532
25990 26709
25252 26833
26238 26609
26568 26501
26724 26221
26749 26153
25866 26767
26200 26703
27033 25675
26592 26402
26892 25905
26948 25849
26200 26703
26583 26466
25914 26719
26859 25998
26243 26541
26604 26339
26705 26280
26839 26008
25898 26764
26283 26535
26946 25876
26639 26335
26802 26045
26767 26095
26673 26295
26779 26091
26568 26501
26922 25899
26664 26314
26693 26288
26859 25998
26781 26063
26922 25899
26664 26314
26781 26063
26786 26049
26767 26095
26786 26049
26802 26045
26767 26095
27042 25674
26767 26095
26767 26095
26767 26095
26922 25899
27042 25674
27042 25674
25242 26830
27033 25513
25690 26745
27003 25796
25514 26799
25316 26814
25891 26734
27011 25663
26575 26413
25603 26793
26584 26316
25909 26695
26031 26684
26336 26503
26529 26500
26930 25841
26920 25877
26818 26003
26719 26172
26568 26490
26824 25902
26655 26312
27021 25607
27033 25513
26318 26513
26745 26063
26700 26237
26829 25895
26738 26142
26231 26532
26076 26671
26159 26650
26163 26648
26191 26597
25242 26830
26786 26015
26225 26545
27021 25607
26218 26586
26659 26262
26076 26671
26738 26142
26529 26500
26777 26054
26785 26048
26746 26057
26191 26597
26659 26262
26674 26248
26674 26248
26692 26241
26231 26532
26218 26586
26818 26003
26326 26507
26785 26048
26326 26507
26336 26503
26829 25895
26692 26241
26159 26650
26818 26003
26231 26532
26818 26003
27021 25607
25239 26828
27010 24999
26996 25553
27010 24999
26388 26486
26185 26569
25291 26806
25506 26793
26793 25970
26670 26158
26574 26330
25692 26709
26542 26458
25823 26697
26000 26678
26639 26310
26561 26454
26732 26062
26809 25883
26040 26645
26096 26634
26881 25822
25812 26700
26143 26615
26942 25778
26960 25695
26727 26118
25561 26769
25609 26728
26155 26577
26639 26310
25621 26716
26987 25622
25250 26812
26000 26678
26976 25680
26987 25622
26871 25839
26833 25868
26943 25744
26729 26063
26719 26150
25533 26771
26857 25866
26719 26150
26942 25778
26943 25744
26976 25680
25561 26769
25529 26789
26857 25866
25609 26728
25621 26716
25529 26789
25812 26700
25823 26697
25609 26728
26976 25680
25002 26821
26965 25410
26096 26631
26159 26493
26912 25650
25807 26676
25517 26773
26318 26455
25576 26701
25160 26817
25264 26794
26725 26068
26659 26130
26639 26269
25723 26684
26477 26418
26746 25928
26880 25814
26555 26328
26631 26302
25264 26794
26824 25855
26905 25773
26792 25887
26502 26413
26908 25742
26530 26368
26723 26109
26711 26127
26543 26367
26769 25921
26803 25856
26910 25695
26910 25695
26764 25922
25264 26794
25511 26768
26908 25464
26231 26436
25918 26617
26064 26534
25683 26653
26741 25914
26895 25734
26818 25838
26436 26404
26483 26369
26621 26292
25558 26697
26637 26233
26696 26110
26723 26073
26883 25744
25321 26735
26893 25629
25655 26609
25911 26602
26228 26407
25413 26650
26768 25803
26513 26267
26630 26188
25999 26466
26645 26013
26038 26450
26696 25883
26378 26334
26374 26351
26679 25998
26617 26241
25335 26714
26720 25820
25245 26733
26879 25551
25638 26601
25262 26695
26647 25964
26742 25792
25909 26448
25806 26597
26750 25642
26350 26267
26199 26325
26623 26121
26037 26392
26131 26383
26471 26228
26592 26167
26517 26221
26530 26185
26544 26168
25082 26706
26850 25425
25517 26566
25914 26371
25801 26559
25168 26645
26741 25688
26376 26219
26187 26293
26491 26211
26641 25855
26738 25715
26138 26317
26618 25956
26551 26102
26598 26089
26634 25880
26157 26309
25126 26637
26723 25560
25436 26555
26012 26316
25717 26365
26182 26237
25684 26530
26612 25921
26592 26077
25153 26621
26390 26187
26625 25699
26622 25734
26447 26105
26445 26152
25079 26520
26590 25922
25665 26414
25308 26437
25981 26313
26370 26183
26480 26071
26024 26220
26172 26194
26545 26037
26572 25935
25550 26329
26543 26010
25781 26288
26334 26112
26444 26056
25205 26321
26520 25661
25674 26234
26488 25885
25989 26110
26040 26045
26384 26039
26391 25980
25993 26092
25438 26227
26385 25537
26267 26005
25685 26095
26366 25698
25505 26167
26167 25874
