845 43.5229
9787 7515
7250 9964
7796 9899
9642 8356
7620 9951
9590 8507
8520 9655
9807 7662
7495 9949
9440 8703
8138 9789
9748 8200
7695 9913
9701 8270
8608 9513
9790 7943
7137 9976
9449 8668
8269 9725
9743 7999
7664 9938
9626 8394
8537 9613
9804 7992
7627 9959
9541 8503
8172 9762
9715 8193
7796 9899
9727 8110
9135 8983
9786 7735
7461 9944
9241 8820
8103 9802
9684 8249
7748 9934
9646 8427
8241 9678
9800 7756
7328 9975
9491 8649
8271 9738
9745 7975
7619 9948
9683 8279
8873 9197
9781 7695
7421 9962
9508 8722
8195 9796
9688 8268
7776 9917
9643 8466
8174 9749
9774 8014
7461 9976
9446 8800
8595 9508
9780 7944
8027 9817
9677 8362
9489 8600
9786 7735
7386 9945
9332 8870
8198 9800
9701 8237
7566 9987
9678 8324
8603 9496
9784 7885
7522 9958
9479 8656
8175 9749
9791 7933
7814 9937
9651 8436
8782 9294
9787 7847
7554 9984
9501 8609
8142 9794
9747 8055
7645 9949
9591 8520
8453 9570
9808 7877
7624 9975
9517 8617
8280 9684
9749 8168
7814 9937
9720 8356
9311 8906
9794 7756
7525 9948
9324 8752
8199 9779
9791 7957
7586 9984
9656 8454
8441 9650
9806 7798
7493 9982
9608 8517
8301 9719
9730 8083
7792 9915
9684 8362
8585 9495
9787 7515
7475 9988
9411 8750
8269 9725
9731 8088
7781 9964
9778 8106
8606 9524
9776 7922
7629 9961
9446 8800
8313 9683
9746 8023
7875 9878
9752 8023
8613 9457
9786 7734
7315 9939
9289 8831
8039 9815
9629 8436
7453 10013
9488 8694
8651 9508
9769 7911
7340 9970
9494 8642
8210 9750
9746 8239
7986 9843
9677 8338
8264 9706
9796 7802
7456 9951
9508 8722
8035 9822
9747 8072
7540 9968
9641 8377
8588 9557
9764 7998
7562 9962
9504 8705
8520 9655
9779 8125
7898 9869
9731 8213
9131 9004
9807 7910
7304 9954
9363 8735
8151 9808
9722 8142
7453 10013
9677 8338
8537 9613
9821 7894
7493 9982
9510 8627
8138 9789
9783 8135
7875 9879
9625 8381
8593 9456
9781 7893
7428 9947
9494 8642
8098 9790
9747 8055
7781 9964
9577 8571
8574 9476
9812 7868
7624 9975
9446 8800
8595 9508
9772 8134
8122 9811
9760 8089
8990 9100
9775 7733
7201 9960
9449 8668
7935 9849
9727 8219
7586 9984
9600 8431
8198 9745
9783 8034
7627 9959
9402 8717
8236 9721
9711 8228
8045 9845
9669 8309
9225 8954
9826 7838
7137 9976
9491 8649
8199 9779
9722 8142
7698 9943
9591 8520
8742 9426
9804 7992
7630 9968
9655 8477
8271 9738
9772 8134
8198 9800
9678 8339
8634 9395
9780 7757
7477 9952
9284 8796
7945 9854
9722 8170
7832 9910
9684 8362
8649 9458
9812 7868
7566 9987
9613 8448
8172 9762
9779 8125
7824 9874
9595 8473
8955 9207
9783 8034
7444 9969
9484 8571
8220 9782
9720 8184
7670 9914
9684 8362
8588 9557
9791 7970
7676 9940
9504 8659
8228 9709
9765 8086
8151 9808
9731 8213
9199 8890
9766 7469
7199 9966
9494 8640
8177 9783
9744 8050
7462 10006
9626 8497
8715 9443
9767 7866
7554 9984
9319 8833
8387 9657
9765 8120
7884 9936
9585 8549
8574 9476
9780 7772
7301 9982
9304 8789
8126 9791
9791 7957
7627 9972
9667 8348
8606 9524
9791 7970
7630 9968
9504 8703
8211 9733
9728 8228
8069 9826
9674 8313
9490 8665
9771 7792
7518 9966
8818 9308
8175 9771
9627 8486
7519 9971
9618 8471
8441 9650
9822 7807
7622 9953
9494 8642
8178 9766
9725 8171
7875 9879
9599 8453
8247 9702
9784 8010
7689 9932
9491 8649
8035 9822
9783 8150
7760 9914
9651 8436
8683 9461
9826 7838
7486 9979
9528 8599
8344 9674
9835 7813
8198 9800
9627 8486
8837 9248
9770 7632
7240 9946
9291 8781
8109 9815
9646 8416
7627 9972
9624 8441
8374 9610
9800 7756
7566 9987
9448 8661
8301 9719
9752 8023
7622 9960
9725 8202
8923 9158
9805 7861
7410 9969
9411 8750
8195 9796
9783 8150
7782 9913
9596 8454
8492 9536
9786 7707
7629 9961
9504 8703
8149 9764
9769 8042
7703 9942
9678 8339
8933 9124
9763 7808
7501 9959
9256 8853
8084 9791
9748 8042
7623 9963
9624 8440
8544 9569
9801 7837
7377 9989
9559 8521
8438 9669
9769 7944
7703 9942
9720 8356
8902 9209
9786 7786
7501 9959
9560 8488
8220 9782
9776 8038
7670 9914
9665 8354
8495 9618
9790 7870
7688 9952
9586 8491
8438 9669
9756 7933
7910 9879
9699 8155
9204 8850
9769 7883
7237 9996
9404 8656
8046 9814
9778 8106
7623 9963
9655 8477
8340 9668
9835 7813
7377 9989
9609 8467
8195 9775
9747 8072
7656 9944
9755 8151
8529 9534
9786 7786
7494 9948
9446 8644
8249 9727
9784 8000
7636 9950
9652 8410
8534 9577
9798 7838
7522 9958
9566 8494
8055 9815
9749 8168
7868 9863
9778 8106
8982 9080
9768 7722
7540 9950
9491 8649
8100 9821
9758 8046
7610 9952
9577 8571
8382 9609
9806 7798
7536 9967
9586 8446
8035 9822
9783 8135
8045 9845
9632 8364
8732 9322
9776 7794
7137 9976
9479 8656
8175 9795
9791 7957
7729 9938
9727 8219
8444 9650
9784 8010
7629 9943
9583 8548
8438 9669
9790 7782
8100 9821
9720 8184
8952 9107
9781 7893
7530 9973
9503 8548
8083 9796
9760 8089
7711 9925
9546 8554
8220 9712
9774 7961
