3842 233.686
7264 8336 8406 8191
7563 7786 7805 8622
7963 8895 7492 7899
8016 9145 8017 6951
8206 8077 9349 7681
8299 7480 9049 7821
8348 8501 9023 6684
8997 7858 7659 7286
7481 8299 8247 8426
7543 8627 7769 8262
7741 8583 7727 8329
8401 8412 8799 7206
8143 8151 9261 7634
8892 8262 8044 7300
7523 8395 8181 8289
8800 8688 8262 7264
8546 8430 8926 6865
7815 7692 7978 8503
8767 8191 8557 7158
8132 8653 8813 7123
8229 9096 8173 7063
7305 8161 8431 8308
8974 7850 7640 7326
7371 8123 8281 8348
8334 8921 8160 7677
8931 7831 7688 7378
8035 8898 8726 7003
8950 7574 7835 7337
8504 8798 8490 7088
8089 7838 9229 7847
8471 8426 8983 6814
7460 7665 8613 8399
7749 7996 8207 8551
8865 8339 8105 7288
8044 7867 9309 7777
8319 8566 8990 6888
8829 8315 8165 7280
8204 8977 8266 7628
8967 7884 7532 7283
8006 7524 8452 8377
8361 8368 9118 6992
7869 8203 8148 8445
7660 7664 7904 8609
8779 8331 8333 7494
7945 8465 7609 8246
8302 9079 8069 7537
7807 7968 8592 8217
7614 8671 7960 8136
7946 7941 8900 8005
8107 8425 9077 6704
8100 9024 7966 7755
8445 7764 7891 8157
8227 8042 9196 7701
7329 8275 8485 8193
7592 7654 7686 8616
8720 8726 8274 7357
8063 8855 8647 7237
8352 8834 8672 7180
8429 8382 9020 6734
8683 8000 8738 6987
7682 7749 8972 8027
7936 7545 8513 8373
7726 8539 7986 8149
8517 9007 8420 7349
8230 9112 8111 7466
8223 9064 8435 7364
7629 7768 8553 8409
8347 7905 9148 7673
8235 8703 8531 7586
8335 7579 9169 7593
7824 7742 7974 8527
7892 8216 8815 7818
7780 8528 8500 7921
8898 7997 8704 7506
8179 9144 8129 7450
7932 7648 9095 8099
7770 8613 7939 8209
8048 7817 9334 7709
8656 8720 8393 7469
7766 8103 8549 8051
8160 8753 8803 7427
8622 7937 9017 7657
8322 7617 8667 7935
8269 7983 8879 7941
7977 8873 7509 7910
7336 7992 8315 8393
8281 7811 8956 8013
8464 8060 7870 8122
7410 8623 8287 8012
7709 8573 7793 8257
8472 8466 8974 6913
8406 8475 8943 6773
8554 8849 8374 7384
7432 8663 8321 7995
8693 7799 8652 7663
8292 7931 8068 8174
8492 8774 8316 7567
8597 7607 8931 7779
8843 7862 8128 7600
8081 8486 8123 7929
8583 8014 8774 7852
7849 8241 9099 7228
8193 7959 8749 7947
8016 9145 8017 6951
8109 7782 9133 7877
7982 8024 8751 8066
7673 8454 7816 8336
8033 7711 8719 8125
8427 8578 8440 7507
7653 7608 8582 8364
8222 7925 8620 7970
8708 8050 8639 7557
8040 8828 8204 8037
8170 8549 8843 7223
7264 8336 8406 8191
8532 8093 8249 7835
8119 8553 8834 7432
8698 8016 8688 7087
7865 8378 9063 7430
8573 8111 8559 7420
8406 8475 8943 6773
8453 8360 9038 7685
7900 8549 7920 8302
8158 8863 8634 7398
8299 7480 9049 7821
8253 8510 8287 7617
8126 8439 8780 7740
7909 8107 8454 8234
7703 7722 8639 8117
7993 8728 8205 7719
8182 8523 8135 7798
8207 8494 8347 7881
7827 8450 8176 8275
8639 8602 8279 7628
8102 7730 9164 8071
8668 8660 8412 7563
7904 8508 7564 8252
8001 8055 8601 7995
8496 8168 8515 7979
7927 8126 8308 8179
7576 8174 7951 8472
8251 8362 8204 7866
8188 8182 8577 7839
8485 8236 8223 7898
8938 7856 7650 7341
7965 8889 7914 7835
7969 8224 8321 8106
8505 7725 8858 7749
7576 8174 7951 8472
8511 8593 7833 7712
8158 8435 7997 8082
8524 8133 8406 7706
8127 8395 8081 7891
8204 8037 8686 7766
8344 8523 8582 7478
8507 8189 8458 7649
7840 7882 8559 8101
8156 8597 8386 7723
8605 8270 8310 7630
7906 8384 8211 8084
8121 8248 8301 7911
7945 8198 8451 7958
8027 8392 8366 7783
8251 8620 8765 7653
8308 8063 8583 7745
7904 8508 7564 8252
8118 8335 8376 7787
8215 7984 8629 7898
8478 8369 8471 7577
8259 8151 8524 7782
8041 8211 8359 8009
8461 8333 8448 7902
8216 8455 7901 7681
8273 8577 8682 7566
8247 8173 8177 7935
8310 8354 8736 7727
8030 8256 8524 7822
8478 8369 8471 7577
8310 8354 8736 7727
7974 8468 8236 7913
7974 8468 8236 7913
8520 8113 8260 7760
8204 8271 8266 7923
8520 8113 8260 7760
8157 8208 8562 7745
7945 8357 8450 7889
8157 8208 8562 7745
8030 8256 8524 7822
7461 8376 8087 7758
7926 8031 8174 8019
7997 8248 8642 7685
8084 8544 8450 7473
8106 7849 8588 7106
8137 8445 7849 7722
8325 7740 8419 7310
8402 8111 8209 7666
8160 8325 7929 7400
7553 7843 8512 7959
7906 8404 7995 7924
7624 8005 8281 7989
8392 8192 8319 7522
8095 8502 8395 7653
7858 8236 8114 7864
7798 8314 8076 7889
8231 8126 8452 7559
7996 8430 8548 7598
7662 8080 8506 7762
8294 8175 8252 7636
8000 7919 8634 7702
8184 8280 8540 7723
7891 7895 8315 8012
8223 7871 8128 7868
7774 8065 8467 7937
7705 8046 8179 8018
7763 8243 8052 8004
8137 7939 8413 7924
7909 7987 8407 7839
7782 8295 8132 7898
7730 8294 8335 7910
7991 8224 8585 7721
8015 8191 8362 7814
8367 8197 8253 7635
8319 8105 8439 7702
8233 8088 8410 7737
8121 8113 8020 7823
8036 8208 8275 7794
8060 8350 8106 7714
7648 8246 8036 7955
8059 8270 8096 7758
8011 8344 8391 7668
8116 8218 8340 7744
8018 8089 8169 7815
7970 8040 8249 7947
8201 8143 8444 7653
8155 8029 8220 7888
8105 8061 8191 7881
8140 8319 8301 7650
8365 8064 8223 7661
8060 7908 8549 7764
7743 8081 8406 7918
7942 8115 8227 7944
7909 8144 8282 7828
8042 8157 8444 7759
8116 8081 8264 7791
7904 8169 8383 7957
8060 7908 8549 7764
7958 8090 8270 7886
7794 8237 8296 7737
7996 8169 8229 7896
7995 8061 8398 7834
7963 8040 8406 7858
7637 8323 8276 7818
7637 8323 8276 7818
7498 8127 8217 7796
7716 7869 8275 7959
7849 7831 8416 7752
7968 8292 7723 7694
7973 8441 8258 7442
8109 8182 8527 7698
8233 8138 8243 7365
8302 8079 8334 7701
7547 8385 7969 7835
7853 8143 7931 7838
8155 8145 8389 7418
7801 7974 8376 7771
8189 8143 8415 7616
8008 8212 8279 7428
8067 8318 8230 7647
7896 8291 8237 7520
8272 8081 8340 7452
7595 8329 7994 7727
8050 7894 8489 7744
7896 8022 8164 7881
7665 8095 8235 7869
8286 8133 8206 7366
8024 8050 8160 7720
7888 8065 8272 7931
7591 7947 8356 7799
8067 8296 8246 7504
7768 8198 8283 7699
8052 8192 8250 7566
8224 7910 8405 7563
7956 7883 8179 7857
7916 8041 8405 7708
8086 8043 8111 7731
8048 7834 8385 7850
7628 8304 8004 7719
7835 8081 8195 7822
7900 8011 8322 7946
8090 8001 8107 7865
8090 7987 8033 7867
7710 8203 8082 7838
7618 8293 8051 7852
7996 8037 7971 7805
7714 8121 8075 7836
7564 7903 8411 7857
7984 7926 8296 7739
7865 7931 8330 7841
7984 8203 8312 7545
7841 8073 7985 7932
8060 8198 8254 7539
7989 8073 7940 7741
7876 8090 8326 7818
7636 8126 8219 7801
7958 8080 8175 7745
7880 8211 8225 7742
7525 8272 7966 7835
7540 8277 7840 7847
7688 7536 8293 7814
7785 7972 8000 7899
7958 8405 8100 7437
8093 8139 8509 7488
8149 8118 8376 7125
8213 8113 8147 7314
8052 7765 8426 7681
8024 7890 8471 7738
7607 8042 8053 7729
7903 8146 8464 7203
7758 8223 8083 7624
7955 8106 8024 7525
7882 8006 8181 7892
7973 8177 8104 7292
7786 8199 8290 7175
7674 8033 7970 7843
8103 8068 7994 7414
7828 8123 8139 7712
8137 8115 8076 7364
7853 7954 8258 7852
7872 8057 8441 7587
8153 8018 8408 7484
7999 7934 8333 7686
7922 8212 8108 7575
8207 7928 8034 7332
8150 7982 8254 7661
8030 8085 8436 7554
8184 8013 8360 7554
8170 8031 8141 7456
7858 8156 8296 7679
7892 8234 8065 7646
8098 8117 8215 7356
7538 8247 8047 7719
7988 7944 8491 7681
8000 8069 8350 7621
8011 8214 8034 7184
8211 8066 8158 7296
7901 8235 8114 7425
7840 8176 8286 7681
8095 8169 8211 7432
8026 8015 8474 7673
8151 8129 8142 7327
7783 8074 8214 7684
7783 8074 8214 7684
7634 8124 8197 7422
7639 7561 8417 7653
7770 8002 7989 7835
7817 7942 8009 7884
7842 8227 8044 7455
8087 7763 8482 6979
8183 7950 8088 7293
7942 7646 8414 7701
8050 7887 8465 7162
8127 7913 8350 7545
7861 7704 8462 7458
7707 8133 8190 7641
8150 7995 8359 7171
8171 7985 8317 7513
7969 7881 8080 7700
7975 8090 8278 7425
7853 7688 8365 7696
7919 7990 8074 7616
8023 8106 8270 7322
8034 8054 8397 7421
8031 8116 8116 7351
7753 8020 8263 7517
8024 8166 8115 7404
7872 8147 8009 7635
8065 7952 8235 7614
7747 8156 8162 7397
7974 7953 8310 7592
7798 8046 8292 7456
7793 8153 8160 7657
7946 8006 8171 7593
7838 7940 8079 7657
8072 7949 8197 7545
7699 8102 8048 7476
7766 7834 7998 7613
7828 8162 8025 7424
7873 7902 8341 7237
7899 7850 7751 7414
8060 7879 7952 7363
7998 7976 7943 7287
7821 8053 7851 7562
7733 8092 8145 7525
7874 7972 8295 7412
7872 7859 8236 7563
7918 8028 8307 7350
7948 7840 8265 7486
7899 8022 8311 7365
7857 7975 8238 7381
7941 8095 8107 7377
7939 8026 8258 7371
7585 7923 7910 7431
7829 7808 8172 7535
7833 7634 8095 7094
7834 7869 8333 7038
7898 7974 8037 7272
7941 7696 8144 6925
7805 7754 8241 7277
7700 7876 7942 7381
7923 7906 8067 7152
7903 7956 7996 7377
7898 7645 8231 7026
7830 7887 8228 7324
7703 7516 8153 7183
7765 7525 8187 6942
7773 7715 8061 7298
7264 8336 8406 8191
7563 7786 7805 8622
7963 8895 7492 7899
8016 9145 8017 6951
8206 8077 9349 7681
8299 7480 9049 7821
8348 8501 9023 6684
8997 7858 7659 7286
8865 8339 8105 7288
8229 9096 8173 7063
7904 8508 7564 8252
7460 7665 8613 8399
8931 7831 7688 7378
8829 8315 8165 7280
8950 7574 7835 7337
8319 8566 8990 6888
8044 7867 9309 7777
8179 9144 8129 7450
8622 7937 9017 7657
7977 8873 7509 7910
7749 7996 8207 8551
7432 8663 8321 7995
7576 8174 7951 8472
7410 8623 8287 8012
7987 7888 9276 7741
8898 7997 8704 7506
7945 8465 7609 8246
8132 8653 8813 7123
7660 7664 7904 8609
8361 8368 9118 6992
8035 8898 8726 7003
8546 8430 8926 6865
8656 8720 8393 7469
7481 8299 8247 8426
8551 7809 8463 7970
7843 8406 7748 8245
8150 8477 8039 7943
8767 8191 8557 7158
8406 8475 8943 6773
8352 8834 8672 7180
7592 7654 7686 8616
8170 8549 8843 7223
8522 8941 8456 7414
8223 9064 8435 7364
7305 8161 8431 8308
8107 8425 9077 6704
8641 8987 8333 7397
8006 7524 8452 8377
7570 8476 8056 8238
8335 7579 9169 7593
8743 8125 8638 7107
7932 7648 9095 8099
7825 8729 8341 7825
7815 7692 7978 8503
8065 8913 8499 7253
8442 8691 8443 7477
8347 7914 8717 7934
8800 8688 8262 7264
7264 8336 8406 8191
7971 8674 8792 7314
7697 7720 8544 8213
8429 8382 9020 6734
8143 8151 9261 7634
8259 8039 8389 8172
8478 7971 8692 7873
7371 8123 8281 8348
7726 8539 7986 8149
7653 7608 8582 8364
8115 9045 8147 7495
8140 8269 9146 7086
8472 8466 8974 6913
8693 7799 8652 7663
8517 9007 8420 7349
7815 7692 7978 8503
8597 7607 8931 7779
7869 8203 8148 8445
7885 8499 7767 8158
8172 7629 8765 8019
7682 7749 8972 8027
8445 8767 8546 7162
8487 8492 8783 7542
8227 8042 9196 7701
8120 8800 8527 7577
7523 8395 8181 8289
8683 8000 8738 6987
7649 8293 8242 8274
8006 7524 8452 8377
8592 9026 8370 7418
8089 7838 9229 7847
8063 8855 8647 7237
7705 8400 7880 8305
8430 7734 8895 7767
7560 8594 7942 8143
8974 7850 7640 7326
8401 8412 8799 7206
8034 8752 8143 8129
8390 8109 8810 7920
8204 8977 8266 7628
8016 8096 8829 7915
8617 8303 8523 7371
8583 8014 8774 7852
7521 8371 8206 8207
8538 8256 8570 7590
8459 8959 8335 7438
8504 8798 8490 7088
8799 8273 8354 7689
8423 7781 8911 7859
8040 8828 8204 8037
7371 8123 8281 8348
7785 8348 8196 8284
7925 8389 8003 8221
7965 8889 7914 7835
8086 8156 9161 7522
8751 8217 8462 7072
8451 8131 8596 7788
8673 8396 8476 7876
7859 8071 8745 8058
8726 8233 8557 7229
7800 8527 7821 8332
8239 7990 9037 7890
8214 8020 8882 7758
8445 7764 7891 8157
8569 8202 8943 7571
7770 8613 7939 8209
8299 7480 9049 7821
7621 8396 8235 8102
7865 8378 9063 7430
8246 7894 8556 8164
8464 8060 7870 8122
8020 8588 8307 7847
8304 8064 8360 8108
7802 8522 7925 8136
8278 8253 8218 8097
8384 8085 8965 7604
7841 8525 7851 8138
7965 8245 8187 8416
7305 8161 8431 8308
8279 8078 8864 7722
8639 8602 8279 7628
7673 8454 7816 8336
7957 8281 8798 7809
8708 8050 8639 7557
8063 8636 8565 7558
8100 9024 7966 7755
8419 8057 8687 7753
8501 8186 8550 7889
8471 8426 8983 6814
8938 7856 7650 7341
8072 7976 9217 7732
8471 8426 8983 6814
7631 8227 8416 8092
8332 7980 8491 7982
8061 8227 8757 7641
7753 8532 8027 8159
8184 8442 8490 7598
8291 8028 8537 7933
7888 8543 8508 7718
8097 8355 8741 7556
7913 8455 8238 8064
8974 7850 7640 7326
8068 8575 8298 7771
8408 8035 8298 8072
8298 8197 8665 7812
7872 8433 8335 7795
8382 8219 8506 7762
7743 8447 8423 7765
8284 8406 8737 8082
8016 9145 8017 6951
8029 8533 8507 7608
7627 8443 8009 8229
7979 8137 8757 7659
8085 8415 8353 7861
8079 8422 8418 7707
8289 8135 8491 8045
7962 8603 8250 7662
7777 8491 8427 7755
7899 8474 8399 7733
7842 8438 8417 7729
7899 8474 8399 7733
7777 8491 8427 7755
7630 8237 8560 7914
7923 8513 8122 7481
8033 8468 7861 7586
8078 8048 8830 7644
8116 7924 8371 8111
8163 7974 8306 8152
8242 8279 8626 7478
8249 8027 8351 7697
7729 8473 8157 7750
7968 8435 7995 7510
7875 8189 8664 7715
7975 8388 8249 7594
8190 8016 8368 7986
8168 8125 8382 7923
7949 7980 8673 7803
7937 8248 8400 8052
7809 8368 8544 7656
7881 8452 8414 7693
7808 8329 8530 7780
8190 8060 8633 7809
8217 8048 8556 7634
8153 8081 8646 7705
8032 8308 8580 7795
8101 8268 8662 7845
8242 7935 8410 7877
7976 8330 8404 7869
8177 8213 8472 7768
8222 8106 8469 7895
8231 7927 8600 7490
7958 8344 8448 7858
8079 8294 8486 7482
8065 8314 8534 7791
8088 8376 8450 7768
8134 8336 8448 7772
8247 8098 8360 7781
8066 8257 8581 7857
8120 8283 8549 7809
8032 8386 8456 7851
7683 8316 8388 7702
7721 8176 8005 7996
7856 8398 8203 7176
8045 7895 8271 8058
8062 7771 8249 7957
8079 8204 8657 7704
8201 7986 8331 7887
7811 8396 8192 7194
7788 8311 8455 7754
8091 8316 8146 7366
8136 7883 8625 7681
7998 8036 8112 7867
8122 8161 8523 7463
8159 7983 8333 7561
8167 8179 8514 7383
7940 8337 8382 7848
7829 8113 8321 7901
7905 8255 8549 7809
7884 8100 8337 7969
8109 8262 8540 7778
8182 7958 8549 7647
8192 8029 8221 7598
7684 8163 8343 7986
7973 8103 8253 7914
8095 8234 8640 7429
8129 8302 8370 7729
8161 7941 8336 7944
7848 8212 8602 7780
7989 8306 8237 7833
8170 8069 8267 7729
8012 8316 8270 7630
8011 8334 8357 7578
8010 7941 8597 7782
8165 8022 8241 7843
8119 8244 8375 7753
8186 8071 8314 7696
7949 8308 8193 7726
7960 8309 8363 7694
8097 8236 8578 7635
8165 8210 8308 7696
8086 8234 8575 7696
8095 8250 8567 7845
8092 8238 8573 7798
7726 8121 8345 7828
7847 8325 8308 7545
7971 8138 8123 7839
8080 7912 8393 7843
8094 8223 8626 7316
8148 7685 8368 7444
8089 7798 8492 7727
7901 8028 8170 7833
8033 8170 8530 7431
8101 7928 8271 7732
8120 7882 8264 7760
7881 8119 8622 7589
7952 8273 8355 7481
8054 8098 8442 7784
7920 8042 8587 7670
7909 8242 8205 7799
8112 8088 8294 7696
8017 8206 8557 7451
7980 8151 8536 7769
8033 8277 8286 7557
8068 8296 8216 7601
8120 8060 8130 7729
7947 8288 8226 7729
8039 8157 8405 7798
8092 8248 8430 7746
8020 8069 8574 7595
8100 8131 8474 7459
8040 8121 8507 7822
8129 8043 8367 7681
7990 8223 8487 7587
7908 8208 8575 7623
7999 8110 8310 7828
8063 8031 8319 7756
7912 8290 8354 7706
7986 8259 8336 7555
8044 8046 8486 7655
8128 8249 8251 7607
8100 8124 8241 7649
8014 8249 8482 7669
7956 8261 8477 7757
8097 8248 8344 7643
8064 8131 8501 7614
7545 8185 8027 7737
7825 8284 8087 7702
7875 7936 8613 7548
7900 7996 8178 7826
7937 7707 8519 7643
8101 8082 8061 7332
7649 7966 8537 7509
7865 7743 8479 7625
7757 7989 8485 7777
8081 7875 8440 7433
8034 8118 8298 7742
7925 8254 8134 7507
8034 8248 8366 7427
7897 8047 8177 7813
7947 7971 8543 7341
7804 8191 8397 7627
7884 7932 8547 7431
7955 8215 8094 7533
7957 8205 8414 7585
7879 7898 8383 7798
7870 8148 8528 7475
8057 7991 8501 7599
8020 8114 8477 7467
7836 8116 8528 7721
7934 8166 8408 7679
7995 8117 8339 7793
8085 8163 8424 7662
7976 8092 8511 7604
7976 7884 8464 7746
7983 8214 8339 7695
7824 8244 8339 7702
7945 8160 8450 7755
7897 8158 8489 7453
8003 8211 8421 7547
7635 8266 8069 7264
7744 7805 8137 7823
7797 8242 8040 7165
7849 7931 8557 7517
7913 7640 8421 7564
7974 8102 7935 7577
8053 8101 8293 7438
7979 8089 8422 7409
8012 7928 8162 7633
7702 8149 8263 7443
7853 8215 7978 7524
7884 7992 8415 7734
8015 8114 8330 7574
7961 7816 8256 7727
7853 8115 8218 7697
7990 8028 8308 7648
7752 8065 8420 7749
7925 8175 8251 7685
7975 8062 8396 7546
7844 8059 8136 7723
7998 8062 8418 7448
7943 8202 8259 7666
7749 8107 8298 7773
7835 8134 8421 7737
7954 8048 8289 7718
7920 7962 8408 7742
7966 8177 8303 7434
7950 8123 8276 7559
7971 7945 8251 7746
7914 8126 8409 7656
7568 8177 8122 7517
7586 7569 8316 7723
7737 8193 8101 7231
7849 8190 7772 7555
7916 7953 8353 7648
7928 7697 8255 6917
7976 8098 8080 7574
7837 8147 7987 7447
7724 8133 8047 7694
7920 7821 8157 7647
7879 8120 8034 7434
7961 7926 8190 7636
7806 8169 8235 7544
7908 7991 8249 7620
7878 8076 8289 7452
7832 7971 8327 7711
7924 8026 8181 7570
7882 8020 8287 7547
7863 8141 8132 7485
7834 8105 8257 7689
7839 7938 8206 7717
7845 8126 8232 7480
7867 8104 8309 7540
7918 7948 8257 7549
7541 7963 8010 7693
7666 7827 8351 7249
7667 8128 8109 7397
7781 7824 8320 7695
7825 8050 7913 7473
7934 7941 8038 7489
7621 7925 8287 7596
7764 8022 8168 7615
7790 8087 8300 7337
7912 7862 8275 7481
7805 7985 8065 7669
7835 7954 7936 7479
7727 8044 8229 7386
7913 7894 8224 7608
7810 8025 8095 7458
7822 8039 8135 7342
7579 7905 8261 7450
7625 7681 8226 7519
7634 7569 8239 7486
7770 7965 8094 7407
7787 7775 8185 7360
7836 7848 8167 7514
7596 7730 8253 7515
7628 7771 7928 7511
7721 7923 7864 7199
7264 8336 8406 8191
7563 7786 7805 8622
7963 8895 7492 7899
8016 9145 8017 6951
8206 8077 9349 7681
8299 7480 9049 7821
8348 8501 9023 6684
8997 7858 7659 7286
8319 8566 8990 6888
7371 8123 8281 8348
7576 8174 7951 8472
8546 8430 8926 6865
7824 7742 7974 8527
7460 7665 8613 8399
8429 8382 9020 6734
8924 7836 7715 7404
8035 8898 8726 7003
7749 7996 8207 8551
8006 7524 8452 8377
8798 8286 8059 7529
8950 7574 7835 7337
7660 7664 7904 8609
8829 8315 8165 7280
8352 8834 8672 7180
8751 8217 8462 7072
8464 8060 7870 8122
8892 8262 8044 7300
8229 9096 8173 7063
7504 8709 8386 7960
7523 8395 8181 8289
8335 7579 9169 7593
7946 7941 8900 8005
8179 9144 8129 7450
7869 8203 8148 8445
8107 8425 9077 6704
8517 9007 8420 7349
8132 8653 8813 7123
8683 8000 8738 6987
7600 8518 7983 8178
8223 9064 8435 7364
7673 8454 7816 8336
8170 8549 8843 7223
8445 8767 8546 7162
7963 7951 8756 7992
8445 7764 7891 8157
8800 8688 8262 7264
8048 7817 9334 7709
8063 8855 8647 7237
8674 8668 7984 7397
8145 7702 8314 8277
8967 7884 7532 7283
8558 8180 9128 7488
7945 8465 7609 8246
8597 7607 8931 7779
7866 8533 7774 8146
8230 9112 8111 7466
7936 7545 8513 8373
8779 8331 8333 7494
8065 8913 8499 7253
8974 7850 7640 7326
8592 9026 8370 7418
8865 8339 8105 7288
7977 8873 7509 7910
8504 8798 8490 7088
8529 9086 8250 7379
8361 8368 9118 6992
8299 7480 9049 7821
8089 7838 9229 7847
8505 7725 8858 7749
8728 8050 8609 7143
7432 8663 8321 7995
8408 7919 8820 7662
7410 8623 8287 8012
8406 8475 8943 6773
8459 8959 8335 7438
8720 8726 8274 7357
8347 7905 9148 7673
8617 8303 8523 7371
7781 8544 7755 8107
7880 8629 8280 7800
7592 7654 7686 8616
7843 8406 7748 8245
7994 8134 8480 8203
8492 8774 8316 7567
7481 8299 8247 8426
8522 8941 8456 7414
8155 8794 8436 7721
8166 7713 8503 8226
7305 8161 8431 8308
8143 8151 9261 7634
7828 8390 8240 7978
7305 8161 8431 8308
8044 7867 9309 7777
8712 8099 8655 7110
7653 7608 8582 8364
8656 8720 8393 7469
8276 7776 9180 7600
7904 8508 7564 8252
8391 8257 8357 7914
7713 8249 8446 8055
7465 8435 8120 8313
8202 8442 8797 7764
7866 7633 8451 8274
8204 8977 8266 7628
8575 7974 8570 7937
8471 8426 8983 6814
8040 8828 8204 8037
8227 8042 9196 7701
8072 7976 9217 7732
7971 8674 8792 7314
8371 7809 8381 8091
8487 8492 8783 7542
7770 8613 7939 8209
8100 9024 7966 7755
8767 8191 8557 7158
8931 7831 7688 7378
8269 7983 8879 7941
7725 8598 8275 7860
8950 7788 7629 7355
7803 8420 8224 8050
7688 8319 8082 8288
8239 7990 9037 7890
7887 8279 8341 8068
8121 8103 8601 7867
7838 8116 8552 8032
7629 7768 8553 8409
8384 8085 8965 7604
7987 7888 9276 7741
8471 8426 8983 6814
7822 8438 8199 8124
7898 8267 8637 7907
8639 8602 8279 7628
7904 8508 7564 8252
7865 8378 9063 7430
8258 8404 8565 7624
7929 8186 8386 7947
7932 7648 9095 8099
8035 7877 9287 7754
8583 8014 8774 7852
7264 8336 8406 8191
8698 8016 8688 7087
8406 8475 8943 6773
8248 8244 8609 7643
8938 7856 7650 7341
7851 8264 7917 8137
8418 8038 8680 7921
7728 8340 8097 8210
8693 7799 8652 7663
7763 8509 8376 8078
7651 8083 8220 8204
8435 8013 8457 7872
8312 8031 8694 7743
8291 7910 8837 7745
8324 8095 8666 7544
7775 8483 8297 8005
8136 8416 8707 7834
7483 8416 8105 8296
7877 8158 8506 8012
7849 8241 9099 7228
8302 8086 8719 7577
7965 8889 7914 7835
7896 8229 8087 8058
8242 8303 8602 7548
8012 8266 8040 8062
7800 8024 8587 8072
7628 8237 8260 8102
7777 8353 8324 7992
8138 8500 8458 7604
8081 8286 8293 7835
7799 8233 8400 7924
7826 8229 8537 8141
8289 8144 8395 7932
7862 8201 8397 7943
8086 8315 8097 7895
7979 8348 8081 8073
8268 8621 8394 7736
8018 8454 8406 7775
7983 8347 8602 7863
8187 8042 8561 7823
7747 8240 8405 7937
8011 8324 8377 7893
8018 8454 8406 7775
7943 8159 8290 7929
8344 8236 8404 7923
8187 8042 8561 7823
8239 8147 8392 7935
8302 8086 8719 7577
7628 8237 8260 8102
7979 8348 8081 8073
7608 7967 8435 7922
7779 8249 7796 8019
7938 8091 8324 8090
8062 8064 8763 7450
8093 7898 8755 7407
8199 8211 8551 7393
8242 8620 8363 7500
8255 8056 8394 7821
7772 8523 7996 7599
8174 7967 8681 7523
7910 8367 8466 7559
7831 8144 8281 7820
8128 7913 8517 7554
8050 8353 8658 7787
7761 8222 7852 8009
7671 8452 8159 7967
7759 8383 8389 7679
8038 7948 8712 7610
7692 8344 8084 8004
7951 8473 8171 7636
7740 8232 8226 8062
7959 8605 8330 7573
8028 8189 8249 7913
7936 8291 8134 7905
7942 8432 8308 7717
7975 8108 8334 7939
7781 8302 8086 7989
7964 8118 8204 8053
8128 8219 8216 7734
7957 8182 8271 7876
7698 8203 8347 7969
7954 8256 8173 7870
7779 8412 8182 7990
8054 8286 8409 7753
7798 8252 8421 7803
7794 8282 8086 7975
7765 8433 8280 7949
7821 8214 8407 7934
7968 7965 8402 7811
7470 8130 7935 8030
7544 7982 8000 8082
7856 7501 7996 7932
7861 8487 8154 7527
8006 7885 8646 7673
8028 8116 7744 7733
8035 8141 8124 7300
8154 7850 8567 7469
8080 8010 8191 7370
7820 7623 8086 7925
7794 8468 8050 7570
7878 7762 8150 7878
8041 7804 8181 7779
7973 7948 8507 7708
8002 8188 8406 7784
7507 8159 8099 7889
7979 8288 8491 7785
7720 8269 7900 7972
7866 7900 7957 7961
7603 8279 7795 7931
7684 8249 8202 7814
7611 7877 8383 7835
7655 8415 8135 7762
8015 7953 8591 7666
7765 8397 7864 7696
8000 8391 8298 7490
7556 8311 8080 7801
7895 8108 8029 7788
8028 8331 8534 7678
7916 8348 8145 7693
7537 8308 8021 7805
7869 7972 8269 7901
7636 8225 8202 7840
7844 8350 8092 7608
7596 8044 8132 7970
7770 7934 7888 7905
7770 8397 8062 7637
8016 8061 8348 7690
7828 8367 8213 7683
7746 8381 8136 7656
7722 8020 8331 7861
7731 8088 8143 7930
7607 8162 8226 7853
7651 8247 8154 7844
7779 8021 7869 7868
7868 8351 8280 7499
7740 8045 8275 7832
7660 8138 8136 7915
7746 8136 7991 7874
7840 8030 8291 7844
7846 8163 8068 7862
7911 8061 8087 7805
7609 8213 8187 7849
7720 8269 7900 7972
7551 8281 8063 7849
7532 8217 7919 7775
7717 7973 8284 7852
7809 8448 8120 7516
7857 7798 8611 7542
7917 8118 7849 7720
7979 7954 8489 7472
8023 8173 8441 7625
7757 7916 8171 7790
7807 8066 8056 7838
7882 8342 8025 7561
7710 8237 8209 7659
7632 8261 8324 7723
7835 8052 8345 7785
7617 8259 7999 7773
7949 7963 8532 7596
7906 8258 8527 7610
7887 8305 7890 7680
7690 8275 7970 7769
7997 8278 8389 7582
7941 8111 8452 7473
7869 7919 8254 7775
7717 8196 7889 7756
7757 8076 8342 7704
7926 8109 8412 7641
7939 8291 8010 7516
7952 8004 8441 7691
7817 8129 7950 7758
7966 8091 8333 7742
7823 8189 8286 7668
7810 8341 8163 7578
7977 8240 8073 7719
7967 8219 8311 7629
8010 8287 7984 7556
7693 8204 8424 7765
7945 8190 8107 7690
7876 8282 8154 7559
7847 8280 7955 7711
7843 8097 7954 7849
7620 8295 7983 7705
7844 7989 8427 7705
7505 8139 7948 7757
7585 7940 7889 7827
7771 8322 8087 7467
7822 8100 8433 7525
7849 8223 8319 7194
7873 7889 8164 7684
7883 8287 7680 7430
8023 8070 8103 7557
7912 8267 8189 7567
7684 8197 7992 7744
7667 8136 8338 7740
7739 8159 8401 7624
8015 8025 8377 7509
7551 8052 8361 7668
7681 8130 8047 7687
7806 7927 8155 7784
7748 7979 8323 7662
7777 8217 8013 7653
7965 8081 8260 7432
7846 7960 8150 7716
7760 8025 7968 7770
8006 8080 8198 7446
7970 8156 8206 7607
7863 8060 8298 7627
7799 7958 8357 7661
7775 8102 8277 7567
7811 8148 8043 7669
7870 8043 8263 7515
7896 7931 8419 7521
7903 8203 8252 7611
7833 8202 8166 7618
7860 8078 8369 7594
7803 8153 8237 7620
7897 7961 8326 7561
7810 8218 8103 7587
7491 8027 7871 7744
7694 8224 8131 7529
7774 7636 7875 7665
7812 8026 8384 7376
7904 8141 7806 7402
7938 7800 8289 7397
7579 8160 7994 7614
7719 7904 8098 7691
7607 7853 8161 7648
7821 8071 8323 7447
7856 7889 8080 7646
7890 7994 8198 7545
7821 7905 8351 7403
7833 8134 8141 7508
7922 8136 8007 7456
7784 7950 8239 7512
7768 7952 8239 7606
7869 8191 8209 7478
7829 7828 8230 7473
7796 8195 8236 7487
7903 8031 8167 7578
7791 8144 8220 7557
7821 8041 8006 7589
7771 8140 8166 7594
7385 7884 8213 7555
7686 8177 7985 7459
7765 7877 7786 7618
7791 7850 8060 7631
7810 7839 8302 7441
7832 8172 8128 7407
7840 7635 8023 7608
7851 8009 7922 7428
7625 7947 7932 7595
7763 7980 8213 7469
7654 8105 7881 7480
7782 8104 8098 7544
7669 8034 7834 7579
7835 8040 7853 7428
7800 8002 8020 7500
7812 7990 8146 7471
7845 8000 8031 7535
7649 8037 8046 7563
7672 8015 8120 7497
7580 8102 7867 7507
7670 7972 7782 7291
7682 7780 8202 7460
7720 7926 8083 7524
7769 7928 8140 7390
7703 7879 8161 7401
7749 7950 8025 7523
7600 7910 7936 7503
7628 7691 8195 7459
7680 7877 7952 7518
7710 7859 7826 7335
7744 7572 7816 7413
7375 7827 7845 7329
7442 7705 7919 7401
7611 7614 8131 7372
7264 8336 8406 8191
7563 7786 7805 8622
7963 8895 7492 7899
8016 9145 8017 6951
8206 8077 9349 7681
8299 7480 9049 7821
8348 8501 9023 6684
8997 7858 7659 7286
7815 7692 7978 8503
7543 8627 7769 8262
8352 8834 8672 7180
7629 7768 8553 8409
8040 8828 8204 8037
7460 7665 8613 8399
7371 8123 8281 8348
8229 9096 8173 7063
8592 9026 8370 7418
7904 8508 7564 8252
7741 8583 7727 8329
7864 8766 8065 8079
8829 8315 8165 7280
8107 8425 9077 6704
8006 7524 8452 8377
8800 8688 8262 7264
7932 7648 9095 8099
8471 8426 8983 6814
8546 8430 8926 6865
7728 8254 7867 8356
7824 7742 7974 8527
8865 8339 8105 7288
7945 8465 7609 8246
8035 8898 8726 7003
8950 7574 7835 7337
8974 7850 7640 7326
8204 8977 8266 7628
7432 8663 8321 7995
8767 8191 8557 7158
7404 8216 8183 8279
8892 8262 8044 7300
8335 7579 9169 7593
7770 8613 7939 8209
8924 7836 7715 7404
8472 8466 8974 6913
8223 9064 8435 7364
8132 8653 8813 7123
8517 9007 8420 7349
8170 8549 8843 7223
8276 8945 8109 7605
7872 8415 8000 8214
8406 8475 8943 6773
8048 7817 9334 7709
7673 8454 7816 8336
8361 8368 9118 6992
8720 8726 8274 7357
8347 7905 9148 7673
8683 8000 8738 6987
8967 7884 7532 7283
8445 7764 7891 8157
7506 8525 8436 7921
8505 7725 8858 7749
8558 8180 9128 7488
7305 8161 8431 8308
7665 8436 7958 8386
8156 8520 8755 7513
7936 7545 8513 8373
8487 8492 8783 7542
8230 9112 8111 7466
7865 8378 9063 7430
8583 8014 8774 7852
7971 8674 8792 7314
8179 9144 8129 7450
7653 7608 8582 8364
8227 8042 9196 7701
8931 7831 7688 7378
8072 7976 9217 7732
8673 8396 8476 7876
7977 8873 7509 7910
8334 8921 8160 7677
8063 8855 8647 7237
8617 8303 8523 7371
8082 8530 8251 7859
8143 8151 9261 7634
8034 8752 8143 8129
7887 8285 8068 8222
7757 8016 8121 8593
8743 8125 8638 7107
8597 7607 8931 7779
7821 8703 8232 7762
7946 7941 8900 8005
7596 8482 8215 8025
7849 8241 9099 7228
8453 8105 8837 7776
8656 8720 8393 7469
8877 7949 8132 7595
7914 7919 8723 8014
8044 7867 9309 7777
8693 7799 8652 7663
7987 7888 9276 7741
8698 8016 8688 7087
7869 8203 8148 8445
7943 8027 8332 8179
7523 8395 8181 8289
8319 8566 8990 6888
7708 8572 8496 7796
8639 8602 8279 7628
8251 8496 8384 7569
8779 8331 8333 7494
8299 7480 9049 7821
7783 7997 8177 8566
8406 8475 8943 6773
7749 7996 8207 8551
7718 8481 7775 8303
8384 8085 8965 7604
8239 7990 9037 7890
8798 8286 8059 7529
7592 7654 7686 8616
7264 8336 8406 8191
8388 8349 9079 7584
8269 7983 8879 7941
8195 7928 8874 7958
8166 7713 8503 8226
7660 7664 7904 8609
8211 8060 9245 7666
7965 8889 7914 7835
8023 8163 8343 8147
8318 8637 8297 7809
8309 8087 8712 7935
8158 8863 8634 7398
8434 8225 8746 7559
8101 8070 8416 8067
8281 8286 8324 8059
8035 7877 9287 7754
8180 8195 8573 7720
7305 8161 8431 8308
8511 8593 7833 7712
8126 8111 8912 7771
8462 8137 8704 7794
8751 8217 8462 7072
8259 8016 8997 7662
8089 7838 9229 7847
8323 8153 8605 7933
7830 8349 7918 8293
7995 8652 8225 7865
7584 8353 8424 7962
8938 7856 7650 7341
7507 8231 8035 8300
8299 8172 8541 7907
8708 8050 8639 7557
8110 8168 8591 7804
7698 8287 8507 8012
7900 8354 8226 8124
8421 8270 8624 7696
7843 8220 8471 8201
8536 8263 8393 7972
7687 8353 8021 8279
7797 8717 8350 7738
8031 8117 8811 7687
8001 8084 8317 8159
7869 8203 8148 8445
8402 8303 8567 7814
7889 8326 8353 7891
7649 8551 8352 8002
7863 8233 8697 7787
8059 8176 8689 7646
8558 7704 8183 7881
7807 8358 8618 7697
8218 8561 8565 7642
8316 8133 8627 7913
7961 8333 8283 7909
8262 8272 8620 7684
8061 8076 8870 7843
7790 8301 8391 7892
8090 8210 8694 7641
7930 8338 8310 7950
8093 8114 8640 7880
8062 7965 8457 8026
7930 8338 8310 7950
8062 7965 8457 8026
8062 8057 8611 7977
8062 8057 8611 7977
8119 8430 8466 7779
8119 8430 8466 7779
7790 8301 8391 7892
7590 8386 8099 7822
7835 7959 8020 8067
7843 8490 8103 7585
7850 7828 8882 7583
7950 8466 7970 7759
8000 8427 8165 7251
8506 8374 8231 7709
8150 8083 8677 7658
8039 8191 8493 7496
7871 8031 8822 7644
8201 7994 8580 7785
7986 7907 8293 7917
8275 7942 8506 7724
7713 8179 8337 7859
8314 8104 8502 7818
8437 8144 8241 7726
8030 8069 8268 7952
8373 8115 8472 7577
7789 8398 8281 7788
7956 8124 8569 7541
7943 8209 8242 7993
8492 8203 8259 7658
7722 8052 8025 8056
7612 8354 8333 7714
8210 8224 8255 7710
7610 8428 8050 7782
8380 8184 8205 7720
7755 8042 8081 8026
7843 8287 8537 7620
8000 8248 8452 7562
8089 8196 8375 7708
7826 8347 8141 7870
8007 8258 7995 7848
7735 8363 8157 7879
7967 8237 8399 7608
8056 8137 8071 7794
7966 7964 8303 7866
7880 8118 8422 7767
7751 8039 8002 8029
8017 8233 8279 7917
8403 8121 8400 7691
7939 8283 8299 7839
7914 8313 8237 7819
7939 8306 8135 7810
7900 8085 8363 7831
8415 8304 8378 7694
8071 8194 8058 7856
7909 7944 8288 7893
7854 8336 8231 7839
7966 8357 8239 7509
7850 8168 8290 7865
7907 8290 8231 7908
7898 8074 8371 7842
8033 8138 8379 7768
8011 8040 8333 7827
7901 8248 8404 7824
7496 8424 7904 7668
7682 7818 8628 7366
7735 8153 8035 7977
7785 8260 7668 7769
7884 8433 7968 7578
8011 8298 8236 7267
8305 7885 8295 7715
8166 8153 7958 7514
8081 8200 7854 7689
7926 8259 8287 7391
8188 8046 8468 7689
7606 8243 8161 7679
7912 8365 8141 7588
7768 8008 8341 7816
7924 7984 8580 7605
7624 8006 8163 7941
7988 8067 7987 7904
7845 7948 8265 7815
8073 8305 8231 7338
7709 7918 8110 7975
8022 8347 8146 7306
8161 7949 8550 7703
7978 8184 8017 7740
8108 7962 8416 7769
7989 7982 8256 7879
8133 8080 8445 7567
7910 8251 7888 7698
7734 8236 8366 7783
7874 7993 8269 7812
7983 8285 8208 7555
7759 8157 8389 7552
7925 8107 8076 7770
7713 7910 8262 7864
7943 8088 8094 7855
7951 8132 8344 7681
7874 8152 8299 7792
7653 8324 8144 7389
8068 8043 8298 7789
7988 8343 8107 7640
7878 8171 8118 7765
7772 8215 8027 7687
7633 8259 8093 7663
8012 8319 8056 7684
7875 8167 8190 7634
7943 8204 7936 7855
8036 8082 8497 7683
8031 8055 8464 7742
8038 8072 8413 7671
8053 8050 8344 7682
7615 8177 8380 7665
7658 8054 8236 7872
7950 8056 8437 7786
7914 8352 7942 7689
7782 8197 8202 7686
7759 8200 8184 7774
7878 7953 8486 7714
7754 8076 8096 7815
7913 8084 8189 7711
7508 8208 8032 7776
7585 8211 7631 7677
7695 7827 8090 7885
7720 7853 8482 7551
7858 8339 8012 7549
7962 8076 8347 7169
7963 7731 8258 7729
8135 7807 8338 7230
7963 8098 7842 7671
8047 8010 8273 7529
7548 8151 7920 7719
8134 7860 8376 7400
7677 8131 8231 7293
7952 8286 8114 7253
7821 7991 8331 7761
7871 8168 8229 7382
7974 7933 8474 7703
7888 8036 8181 7458
7985 8282 8046 7588
7733 7983 8132 7795
8034 8056 8347 7216
8018 7980 8440 7583
7839 7896 8159 7778
7917 8250 7971 7628
7707 8219 8168 7435
7943 7976 8405 7699
7762 7969 8247 7827
7719 8142 8214 7645
8009 8178 8125 7232
7595 8039 8155 7791
7778 8214 8032 7629
7881 8039 7986 7866
7830 8051 8317 7618
7759 8092 8076 7780
7625 8016 8262 7705
7680 8257 8032 7653
7839 8237 8070 7606
7639 8230 8122 7651
7958 8031 8426 7662
8036 7967 8239 7670
7893 8023 8178 7691
7918 7982 8377 7684
7722 8058 8239 7243
7832 8109 8171 7682
7673 8019 8161 7705
7854 8167 8125 7628
7830 8057 8038 7850
7838 8075 8229 7617
7974 8226 8159 7457
7976 8020 8122 7779
7429 8129 7833 7740
7542 8135 7747 7685
7728 8166 7978 7580
7759 7873 8447 7328
7798 7830 8013 7813
7947 7677 8372 7630
8007 7772 8190 6958
8046 7816 8093 7502
7830 7720 8400 7307
7921 7987 8088 7758
7703 7979 8203 7677
7514 8053 8030 7559
7488 8137 8187 7543
7829 8052 7896 7360
7609 7849 8248 7743
7859 7953 8100 7749
7819 8100 7868 7425
7985 7732 8189 7430
7536 8131 7789 7598
7738 7849 8226 7731
7618 8068 8155 7396
7818 8012 8330 7356
7779 8018 8273 7592
7646 8030 8160 7541
7816 8030 8360 7443
7722 7942 8166 7690
7620 7902 8155 7793
7943 7923 8384 7611
7828 7938 8291 7431
7804 7998 8210 7645
8029 7922 8109 7645
8006 7894 8129 7532
7636 8102 8097 7519
7626 7891 8113 7799
7845 8029 8162 7539
7388 7975 7889 7644
7520 7810 8131 7783
7645 7610 8160 7661
7684 7829 8341 7289
7692 8159 7892 7294
7871 7899 8262 7205
8000 7657 7947 7461
7707 8004 8039 7530
7795 7984 8243 7350
7888 7766 8206 7453
7580 7945 8285 7436
7911 7841 8157 7576
7649 7819 8114 7673
7634 7955 8189 7611
7880 7875 8336 7547
7728 7947 7938 7656
7688 7917 8022 7717
7653 7833 8289 7599
7886 7925 8013 7669
7700 7969 8160 7369
7397 7882 8260 7346
7566 7948 8016 7294
7597 7509 7921 7682
7740 7761 8158 7036
7815 7817 7851 7328
7827 7468 8030 7176
7626 7817 8038 7417
7731 7893 7995 7618
7447 7811 7993 7495
7675 7824 7844 7101
7706 7817 7971 7289
7496 7817 7949 7427
7604 7785 7808 7098
7699 7665 7736 7163
7264 8336 8406 8191
7563 7786 7805 8622
7963 8895 7492 7899
8016 9145 8017 6951
8206 8077 9349 7681
8299 7480 9049 7821
8348 8501 9023 6684
8997 7858 7659 7286
7576 8174 7951 8472
7824 7742 7974 8527
8546 8430 8926 6865
7660 7664 7904 8609
7460 7665 8613 8399
8592 9026 8370 7418
8967 7884 7532 7283
7432 8663 8321 7995
7629 7768 8553 8409
7749 7996 8207 8551
7945 8465 7609 8246
8683 8000 8738 6987
8504 8798 8490 7088
8166 7713 8503 8226
8229 9096 8173 7063
8974 7850 7640 7326
8471 8426 8983 6814
7592 7654 7686 8616
8132 8653 8813 7123
8143 8151 9261 7634
8035 8898 8726 7003
8227 8042 9196 7701
7741 8583 7727 8329
7504 8709 8386 7960
7904 8508 7564 8252
8865 8339 8105 7288
8352 8834 8672 7180
8898 7997 8704 7506
8335 8875 8530 7204
8622 7937 9017 7657
8006 7524 8452 8377
7770 8613 7939 8209
8829 8315 8165 7280
7543 8627 7769 8262
8698 8016 8688 7087
8779 8331 8333 7494
8319 8566 8990 6888
7936 7545 8513 8373
7305 8161 8431 8308
7709 8573 7793 8257
8445 8767 8546 7162
7971 8674 8792 7314
8429 8382 9020 6734
8743 8125 8638 7107
8459 8959 8335 7438
7843 8573 8240 7809
7726 8539 7986 8149
7682 7749 8972 8027
8072 7976 9217 7732
8107 8425 9077 6704
7410 8623 8287 8012
8492 8774 8316 7567
8924 7836 7715 7404
8223 9064 8435 7364
8335 7579 9169 7593
8800 8688 8262 7264
8044 7867 9309 7777
8065 8913 8499 7253
8938 7856 7650 7341
7932 7648 9095 8099
8179 9144 8129 7450
7523 8395 8181 8289
8124 7819 8085 8198
8472 8466 8974 6913
8170 8549 8843 7223
8222 8332 8898 7521
8063 8855 8647 7237
8664 8284 8048 7776
8751 8217 8462 7072
8102 7730 9164 8071
8367 8188 8912 7591
8511 8593 7833 7712
8059 7623 8196 8289
8597 7607 8931 7779
7865 8378 9063 7430
8230 9112 8111 7466
8193 7959 8749 7947
8464 8060 7870 8122
8204 8977 8266 7628
7800 8685 7929 8180
8406 8475 8943 6773
8445 7764 7891 8157
8299 7480 9049 7821
7987 7888 9276 7741
8347 7905 9148 7673
8089 7838 9229 7847
7305 8161 8431 8308
8147 8033 8224 8109
8709 8481 8445 7621
8012 7991 8034 8356
7775 8412 7863 8338
8931 7831 7688 7378
7926 8561 8156 8044
8656 8720 8393 7469
8406 8475 8943 6773
8233 8257 8580 7903
8240 8526 8076 7682
8349 7804 8137 8173
7673 8454 7816 8336
7371 8123 8281 8348
8314 8348 8827 7450
8302 9079 8069 7537
8328 8234 8876 7597
7899 8201 8359 8077
8522 8941 8456 7414
8088 7828 8861 8054
7909 8502 7839 8140
8517 9007 8420 7349
8854 8246 8060 7392
7481 8299 8247 8426
7902 8450 7754 8222
7879 8400 8283 8243
8044 8997 8054 7664
8158 8863 8634 7398
8558 8180 9128 7488
8487 8197 8477 7918
8034 8752 8143 8129
8206 7587 8201 8272
8559 8085 8249 7904
7264 8336 8406 8191
8613 8103 8497 7358
8361 8368 9118 6992
8452 8390 7995 7819
7788 8418 8548 7760
7811 8139 8761 8346
7997 7917 8443 8388
8343 8370 8561 7657
8653 8213 8445 7858
8525 8091 8460 7787
7481 8299 8247 8426
7965 8889 7914 7835
8442 8129 8622 7971
7371 8123 8281 8348
8414 8371 8718 7579
8109 7782 9133 7877
8040 8828 8204 8037
8811 8243 8178 7410
8269 7983 8879 7941
7866 8743 8277 7728
8385 8088 8703 7887
8264 7942 8695 8082
8035 7877 9287 7754
7990 8355 8369 8055
8487 8492 8783 7542
8057 8106 8606 8008
8254 7951 8057 8091
7968 8077 8765 7939
8119 8491 8386 7934
8179 8631 8428 7551
8322 8368 8599 7869
8031 8446 8432 8026
8388 8247 8552 7799
8413 8112 8662 7745
8060 8199 8596 7972
8133 8278 8116 8119
8020 8138 8257 8100
8268 8551 8289 7620
8422 8220 8251 7844
7869 8309 8517 7877
8000 8637 8261 7750
8285 8200 8434 7918
8293 8212 8802 7832
8465 8273 8394 7822
8173 8383 8414 7831
8096 8280 8292 8037
8303 8399 8306 7782
7938 8248 8222 8098
8475 8227 8214 7724
8449 8275 8658 7756
8004 8303 8362 8029
8194 8517 8108 8016
8250 7914 8804 7943
8194 8517 8108 8016
8475 8227 8214 7724
7998 8309 8279 8030
8465 8503 8303 7717
8250 7914 8804 7943
8465 8503 8303 7717
8119 8491 8386 7934
7635 8333 8180 7898
7772 8385 7915 7809
7811 7744 8315 8034
8041 8022 8181 8054
8228 8084 8721 7815
8235 7996 8644 7505
8302 8446 8307 7581
8511 7979 8355 7791
7874 8328 7951 7692
8004 8128 8141 7879
8110 8003 8564 7862
8026 8112 8678 7673
7672 7857 8309 7931
8356 7892 8262 7859
7985 7848 8489 7872
8279 8061 8422 7772
8411 8205 8389 7824
8106 7890 8204 7870
8228 8174 8666 7706
8353 8251 8178 7600
8195 8132 8669 7763
8433 8244 8445 7629
7819 8282 8162 7987
8249 7985 8158 7931
7880 8301 8308 7967
8138 8275 8493 7810
8161 8268 8246 7869
8130 8158 8352 7850
8466 8135 8289 7793
7946 8186 8460 7851
8000 8230 8299 7919
7875 8208 8275 8005
8171 8319 8492 7825
8106 8331 8330 7642
7929 8049 8473 7885
8454 8047 8313 7787
7882 8249 8274 8036
7977 8243 8327 7896
7922 8279 8262 7983
8215 8269 8287 7685
8459 8220 8347 7691
8461 8183 8265 7816
7538 8283 7729 7913
7734 7826 8211 8014
7898 8213 8471 7346
7904 8319 8093 7593
8018 7716 8119 7996
8210 8007 8697 7632
8438 8112 8203 7674
7866 7818 7825 7997
8433 8231 8241 7438
7687 7991 8395 7776
8263 8318 8164 7411
8125 8040 8515 7545
7711 8270 7885 7866
7997 7893 8068 7842
8306 7948 8421 7503
8198 7929 8513 7633
7875 8180 8202 7950
7812 8205 8027 7905
8146 8157 8338 7577
7975 8094 8523 7649
8330 8156 8249 7689
7733 7934 8256 7987
7756 8269 7957 7850
8102 7966 8585 7718
8090 8082 8607 7669
7906 7980 8449 7820
8303 7984 8366 7660
7698 8238 8059 7857
7756 8254 7974 7839
8077 8305 8201 7797
7985 8069 8441 7713
8320 7949 8279 7727
8064 8257 8441 7413
7946 8187 8287 7874
8227 8148 8314 7757
7999 8134 8604 7615
7864 8022 8331 7844
7816 8196 8104 7858
8316 8124 8386 7580
7780 8269 8302 7771
7965 8257 8223 7801
7943 7999 8592 7749
8146 8085 8193 7836
8306 8216 8145 7600
7923 8312 8093 7760
7840 8210 8004 7907
7939 8079 8079 7908
8134 8234 8087 7740
7959 7967 8330 7722
7890 8218 8003 7836
8218 8183 8140 7667
7844 8147 8414 7719
8068 8153 8345 7649
8132 8224 8360 7617
7776 8306 8440 7681
8142 8219 8225 7587
7987 7929 8430 7773
8015 8223 8334 7699
7774 8195 8252 7841
8144 8127 8356 7700
7952 8221 8442 7689
7848 8085 8336 7801
8134 8127 8140 7764
8437 8149 8237 7758
8069 8187 8244 7840
7523 8151 8190 7893
7678 7737 8237 7953
7759 8030 7857 7910
7982 8275 7879 7714
8036 8259 8140 7184
8102 7703 8547 7284
8384 8085 8205 7714
8175 7942 8381 7393
8146 7737 8416 7369
8298 8011 8194 7727
8051 7897 8489 7637
7914 8129 8435 7581
8013 7797 8375 7647
8019 8230 8196 7504
7824 8179 8268 7235
7903 7868 8134 7863
7748 8093 7929 7927
8064 7989 8368 7380
8109 8041 8339 7550
8003 7964 8385 7675
8033 8159 8081 7781
7870 8244 8175 7694
7889 8211 8164 7765
7731 7725 8239 7951
7803 8204 8007 7828
7804 8100 8053 7825
7787 8149 8283 7843
8122 8131 8282 7537
7903 8071 8314 7740
8090 8167 8227 7617
7796 8180 8060 7877
7996 8167 8241 7819
8112 8065 8225 7679
8099 8094 8120 7640
7740 8236 7995 7709
7819 8154 7980 7854
8025 8179 8237 7750
8046 8151 8178 7745
7819 8154 7980 7854
7819 8154 7980 7854
7819 8154 7980 7854
7531 7818 8367 7387
7604 8084 7965 7875
7622 8115 7795 7855
7823 8219 8051 7568
7858 8105 8348 7262
7930 7597 8268 7522
8173 8059 8155 7714
7921 7825 8206 7715
7957 7699 8246 7508
8095 7730 8168 7681
8003 8062 7971 7644
8146 7791 8267 7333
7846 8053 8303 7727
7749 7939 8015 7784
8064 8127 7891 7354
7934 7977 8167 7620
7845 8178 8205 7315
7785 8111 7954 7827
7868 8078 8099 7716
7667 8093 8038 7699
7968 8208 7860 7409
8091 7955 8276 7474
7748 8057 8281 7752
7697 7966 8009 7768
7930 8200 8184 7503
7820 8138 7901 7798
7622 8115 7795 7855
7693 8146 7968 7853
7965 8125 8265 7435
7959 8075 8121 7584
7951 8113 7872 7810
7959 8142 7925 7744
7830 8125 8008 7786
7969 8071 8046 7398
7622 8142 8122 7796
7931 7941 8135 7778
7618 7961 7917 7661
7686 8081 7870 7811
7712 8035 8164 7458
7728 8121 7717 7593
7773 7754 8249 7614
7828 7985 8263 7545
8156 7910 8032 7599
7905 8016 7959 7464
7739 7789 8136 7714
8047 7895 8136 7677
8043 7991 8063 7589
7921 7963 8114 7605
7802 8015 8199 7546
7851 8042 7880 7741
7828 7937 7777 7779
7717 8077 7835 7720
7822 7938 8073 7751
7726 7935 8247 7677
7705 7913 8120 7729
7469 7640 8129 7637
7632 8061 7862 7742
7671 8054 7787 7796
7733 7852 8259 7344
7826 7525 8226 7433
8040 7820 8056 7218
8124 7873 7915 7507
7757 7719 8161 7611
7956 7865 7932 7568
7508 7990 8011 7587
7871 7908 8010 7588
7745 7830 8123 7219
7686 8050 7856 7564
7735 7930 8220 7485
7755 8001 7869 7645
7662 7910 7891 7583
7504 7905 7972 7561
7551 7457 8037 7446
7687 7924 7759 7638
7813 7751 7964 7380
7810 7889 7944 7574
7638 7580 7985 7569
7514 7755 7960 7523
7564 7779 7746 7441
7597 7816 7589 7613
7786 7864 7917 7436
