224 13.8638
24524 24826
24886 24624
24578 24723
24937 24527
24604 24704
24906 24609
24544 24734
24919 24572
24916 24585
24942 24455
24929 24528
24500 24848
24952 24447
24620 24735
24388 24607
24467 24681
24524 24645
24518 24659
24435 24734
24296 24656
24462 24689
24451 24689
24475 24644
24475 24684
24549 24734
24602 24724
24543 24623
24426 24679
24424 24707
24437 24775
24524 24826
24475 24684
24524 24826
24456 24666
24424 24695
24544 24635
24428 24768
24544 24691
24503 24805
24452 24701
24501 24721
24466 24771
24494 24656
24370 24618
24488 24753
24471 24714
24429 24727
24435 24734
24361 24580
24486 24748
24330 24570
24527 24728
24478 24684
24419 24688
24549 24655
24435 24641
24555 24641
24518 24659
24517 24647
24491 24711
24454 24705
24518 24659
24527 24728
24445 24784
24518 24624
24412 24663
24527 24728
24391 24638
24475 24684
24570 24699
24334 24632
24439 24765
24416 24626
24475 24684
24496 24680
24518 24619
24524 24826
24491 24711
24524 24826
24524 24826
24400 24660
24437 24775
24469 24692
24488 24753
24460 24736
24524 24826
24387 24651
24416 24665
24488 24753
24406 24588
24503 24805
24341 24491
24406 24700
24435 24751
24527 24728
24468 24633
24439 24634
24579 24667
24346 24630
24444 24735
24368 24744
24388 24787
24542 24783
24472 24777
24482 24610
24472 24777
24372 24614
24524 24826
24459 24746
24570 24699
24558 24700
24477 24646
24351 24744
24460 24734
24508 24706
24469 24651
24311 24715
24488 24753
24538 24642
24524 24826
24519 24674
24426 24781
24350 24723
24474 24700
24434 24760
24560 24725
24334 24712
24385 24732
24498 24762
24501 24721
24524 24826
24411 24726
24505 24719
24548 24712
24570 24699
24570 24699
24544 24635
24409 24601
24388 24787
24406 24700
24470 24553
24481 24647
24408 24744
24491 24711
24254 24529
24476 24603
24309 24658
24449 24708
24460 24734
24449 24737
24467 24641
24477 24747
24495 24687
24475 24644
24488 24753
24546 24708
24391 24674
24484 24663
24377 24617
24474 24700
24447 24561
24563 24688
24491 24711
24491 24843
24498 24762
24439 24765
24437 24781
24377 24691
24500 24673
24389 24733
24436 24759
24386 24653
24464 24669
24497 24719
24548 24606
24384 24685
24524 24826
24408 24688
24406 24700
24473 24716
24570 24699
24404 24654
24421 24729
24388 24787
24386 24664
24334 24632
24360 24636
24384 24685
24440 24651
24424 24686
24439 24765
24388 24607
24384 24685
24444 24630
24471 24646
24453 24636
24388 24787
24428 24768
24491 24610
24345 24740
24439 24765
24544 24635
24388 24787
24475 24644
24393 24758
24527 24728
24591 24668
24500 24623
24314 24628
24524 24826
24437 24775
24371 24692
24474 24700
24373 24651
24486 24691
24333 24707
24570 24699
24498 24762
24467 24641
24486 24729
24420 24731
24449 24737
24492 24805
24488 24753
24561 24688
24517 24695
24497 24719
24350 24723
24373 24600
24524 24826
24487 24659
24435 24641
24363 24586
24524 24826
24388 24787
24392 24609
24417 24703
24566 24651
24549 24734
24373 24651
24475 24684
24475 24684
24563 24688
24401 24658
24377 24691
24524 24826
24304 24707
24436 24658
24376 24679
24570 24699
24439 24723
24428 24765
24462 24728
24413 24548
24570 24699
24570 24699
24456 24666
24437 24781
24497 24719
24591 24668
24431 24682
24448 24826
24475 24684
24322 24720
24343 24604
24431 24833
24544 24635
24524 24826
24448 24760
24379 24674
24355 24630
24467 24681
24570 24699
24462 24728
24437 24775
24379 24586
24509 24749
24510 24558
24437 24775
24518 24619
24384 24685
24392 24666
24376 24611
24524 24826
24437 24781
24437 24775
24500 24701
24524 24826
24476 24603
24437 24781
24397 24711
24420 24634
24437 24781
24325 24677
24436 24759
24487 24660
24469 24734
24317 24645
24373 24596
24455 24581
24372 24584
24587 24681
24498 24762
24484 24705
24563 24688
24539 24650
24563 24688
24541 24822
24470 24749
24417 24703
24531 24659
24299 24605
24456 24686
24432 24625
24334 24738
24498 24762
24535 24683
24488 24753
24534 24585
24404 24654
24371 24692
24393 24730
24468 24830
24334 24661
24337 24739
24495 24687
24475 24644
24487 24660
24495 24687
24548 24712
24476 24603
24496 24680
24492 24743
24474 24689
24475 24684
24524 24826
24441 24686
24505 24652
24350 24723
24371 24607
24476 24603
24537 24687
24544 24635
24597 24623
24305 24624
24437 24775
24439 24765
24439 24765
24456 24666
24441 24686
24549 24734
24355 24591
24524 24826
24555 24651
24498 24762
24388 24787
24379 24586
24467 24641
24563 24688
24290 24742
24498 24762
24330 24657
24524 24826
24420 24764
24411 24626
24414 24565
24385 24732
24475 24673
24350 24723
24413 24599
24377 24691
24430 24759
24468 24640
24455 24631
24486 24694
24477 24559
24435 24751
24377 24691
24495 24687
24456 24666
24591 24668
24462 24728
24413 24548
24464 24684
24388 24787
24377 24691
24450 24807
24484 24663
24501 24721
24430 24711
24602 24724
24428 24768
24437 24696
24552 24776
24496 24754
24524 24826
24483 24750
24450 24633
24454 24635
24532 24691
24351 24734
24436 24651
24326 24658
24423 24760
24484 24689
24437 24781
24549 24734
24515 24575
24393 24689
24498 24762
24524 24826
24475 24644
24443 24689
24402 24664
24457 24678
24398 24616
24475 24684
24450 24807
24527 24728
24405 24705
24300 24657
24431 24762
24437 24775
24488 24710
24356 24726
24350 24723
24438 24640
24434 24586
24498 24762
24500 24701
24475 24684
24352 24643
24529 24686
24460 24734
24474 24700
24354 24673
24498 24762
24304 24593
24482 24750
24368 24617
24406 24700
24544 24635
24591 24668
24292 24631
24428 24768
24498 24762
24539 24695
24487 24660
24450 24807
24474 24700
24505 24524
24527 24728
24521 24698
24570 24699
24437 24781
24475 24673
24524 24826
24494 24644
24524 24826
24388 24607
24353 24686
24541 24822
24366 24687
24298 24574
24444 24721
24429 24727
24450 24645
24425 24667
24487 24791
24386 24605
24440 24662
24350 24723
