161 0.703076
3335 3871
3970 3384
3680 3766
3680 3766
3471 3847
3552 3828
3718 3709
3609 3798
3788 3675
3843 3578
3335 3871
3405 3869
3609 3798
3718 3709
3832 3628
3942 3429
3790 3639
3552 3828
3581 3809
3939 3470
3744 3688
3790 3639
3755 3683
3581 3809
3832 3628
3843 3578
3863 3562
3868 3546
3445 3852
3471 3847
3916 3497
3956 3407
3962 3388
3910 3515
3863 3562
3868 3546
3832 3628
3893 3534
3942 3429
3896 3518
3933 3483
3950 3416
3893 3534
3924 3492
3933 3483
3939 3470
3893 3534
3896 3518
3910 3515
3956 3407
3744 3688
3755 3683
3924 3492
3417 3863
3962 3388
3970 3384
3950 3416
3788 3675
3421 3862
3429 3859
3438 3853
3438 3853
3445 3852
3409 3867
3429 3859
3950 3416
3421 3862
3429 3859
3438 3853
3405 3869
3916 3497
3916 3497
3939 3470
3417 3863
3409 3867
3409 3867
3429 3859
3335 3871
3405 3869
3409 3867
3788 3675
3335 3871
3335 3871
3335 3871
3335 3871
3335 3871
3335 3871
3405 3869
3405 3869
3405 3869
3405 3869
3405 3869
3405 3869
3405 3869
3409 3867
3409 3867
3409 3867
3409 3867
3409 3867
3409 3867
3409 3867
3409 3867
3409 3867
3409 3867
3409 3867
3429 3859
3429 3859
3429 3859
3429 3859
3429 3859
3429 3859
3429 3859
3429 3859
3429 3859
3429 3859
3429 3859
3429 3859
3429 3859
3429 3859
3429 3859
3429 3859
3429 3859
3429 3859
3429 3859
3429 3859
3429 3859
3429 3859
3429 3859
3429 3859
3429 3859
3429 3859
3429 3859
3429 3859
3429 3859
3429 3859
3429 3859
3429 3859
3429 3859
3429 3859
3429 3859
3429 3859
3429 3859
3429 3859
3429 3859
3429 3859
3429 3859
3429 3859
3429 3859
3429 3859
3429 3859
3429 3859
3429 3859
3429 3859
3429 3859
3429 3859
3429 3859
3429 3859
3429 3859
3429 3859
3429 3859
3429 3859
3429 3859
3429 3859
3429 3859
3429 3859
3429 3859
3429 3859
3429 3859
3429 3859
3429 3859
3438 3853
3445 3852
3445 3852
3471 3847
3581 3809
3609 3798
3609 3798
3609 3798
3609 3798
3609 3798
3609 3798
3609 3798
3609 3798
3680 3766
3680 3766
3680 3766
3718 3709
3755 3683
3755 3683
3755 3683
3755 3683
3755 3683
3788 3675
3788 3675
3788 3675
3788 3675
3788 3675
3832 3628
3832 3628
3832 3628
3832 3628
3832 3628
3832 3628
3832 3628
3832 3628
3863 3562
3863 3562
3868 3546
3868 3546
3893 3534
3893 3534
3893 3534
3893 3534
3896 3518
3896 3518
3896 3518
3896 3518
3896 3518
3896 3518
3910 3515
3916 3497
3916 3497
3924 3492
3933 3483
3939 3470
3939 3470
3939 3470
3939 3470
3939 3470
3939 3470
3942 3429
3942 3429
3942 3429
3942 3429
3942 3429
3950 3416
3950 3416
3950 3416
3950 3416
3950 3416
3970 3384
3970 3384
3319 3871
3935 3373
3812 3604
3872 3463
3626 3761
3483 3795
3912 3424
3757 3637
3662 3733
3689 3700
3416 3833
3481 3822
3371 3858
3741 3685
3741 3685
3401 3851
3401 3851
3401 3851
3741 3685
3345 3837
3875 3341
3659 3730
3496 3761
3838 3427
3811 3539
3479 3808
3775 3592
3701 3644
3724 3607
3405 3822
3799 3541
3870 3375
3701 3644
3852 3404
3859 3392
3382 3835
3382 3835
3382 3835
3367 3820
3850 3393
3649 3722
3737 3577
3701 3629
3794 3480
3507 3730
3798 3437
3442 3797
3477 3760
3388 3813
3386 3819
3350 3817
3838 3379
3644 3642
3475 3736
3635 3715
3691 3525
3739 3471
3788 3418
3381 3799
3703 3489
3789 3414
3641 3708
3441 3768
3429 3795
3463 3738
3694 3520
3435 3784
3691 3525
3325 3812
3835 3324
3440 3727
3664 3507
3630 3599
3746 3402
3702 3482
3616 3703
3420 3790
3344 3805
3627 3656
3823 3349
3782 3375
3788 3368
3624 3690
3616 3703
3335 3804
3813 3303
3699 3416
3609 3671
3417 3790
3591 3701
3741 3360
3342 3791
3786 3344
3802 3315
3786 3344
3365 3789
3779 3275
3606 3667
3636 3394
3452 3680
3687 3376
3738 3344
3416 3737
3744 3277
3396 3788
3636 3394
3422 3693
3636 3394
3425 3687
3413 3768
3744 3277
3408 3775
3744 3277
3314 3788
3753 3266
3588 3512
3655 3310
3535 3659
3432 3663
3690 3281
3581 3610
3586 3593
3372 3786
3415 3701
3400 3756
3410 3737
3396 3784
3411 3720
3384 3785
3275 3787
3275 3787
3741 3262
3643 3295
3564 3548
3405 3723
3497 3658
3349 3785
3394 3780
3555 3595
3532 3615
3506 3626
3324 3784
3725 3259
3626 3294
3495 3606
3412 3619
3349 3783
3392 3748
3402 3660
3397 3669
3376 3768
3393 3708
3393 3708
3382 3764
3377 3767
3336 3775
3687 3250
3394 3653
3381 3751
3374 3765
3312 3772
3687 3164
3587 3242
3381 3722
3601 3222
3678 3170
3369 3760
3379 3723
3308 3763
3687 3119
3550 3237
3370 3560
3598 3151
3684 3143
3366 3687
3360 3758
3361 3708
3290 3754
3656 2996
3358 3651
3622 3089
3622 3089
3349 3745
3356 3743
3250 3752
3354 3658
3342 3683
3336 3732
3316 3740
3347 3668
3324 3737
3316 3740
3352 3659
3316 3740
3287 3737
3339 3572
3322 3678
3307 3735
3325 3613
3332 3590
3288 3698
3314 3606
3301 3691
3298 3697
3153 3681
3299 3624
3299 3624
3181 3676
3289 3667
3298 3651
3289 3667
3289 3667
3164 3648
3164 3648
3288 3534
3206 3633
3243 3537
3119 3530
