2 0.0380223
2540 3238 2730 2647
2835 3077 2787 2836
2611 2994 2613 3046
2715 2878 2850 2941
2550 3196 2715 2718
2908 2996 2472 2710
2973 2756 2797 2752
2816 3183 2666 2821
2672 3005 2790 2685
2484 2854 2911 2757
2573 2966 2910 2896
2569 3243 2580 2638
2536 2759 2886 3033
2384 2557 3011 2476
2444 3098 2825 2612
2905 2983 2819 3028
2568 2820 2915 2774
2566 3224 2716 2636
2624 3113 2757 2789
2654 2990 2465 2948
2746 2966 2898 2758
2611 2994 2613 3046
2569 3243 2580 2638
2430 3015 2715 3055
2780 3070 2680 2872
2469 2969 2892 2758
2907 3095 2559 2745
2540 3238 2730 2647
2765 2954 2830 2876
2611 2994 2613 3046
2597 3230 2607 2625
2545 3010 2676 3064
2573 2966 2910 2896
2590 3014 2804 2836
2764 3109 2584 2870
2550 3196 2715 2718
2865 2670 2853 2570
2851 3076 2802 2580
2745 2891 2694 3127
2569 3243 2580 2638
2951 2934 2606 2756
2568 2820 2915 2774
2484 2854 2911 2757
2472 3201 2777 2993
2988 2814 2777 2782
2663 2872 2875 2983
2835 3077 2787 2836
2855 3189 2781 2695
2629 3004 2794 2630
2842 2937 2910 2911
2798 3112 2668 2857
2579 3111 2709 2790
2675 3165 2568 2932
2869 3158 2625 2748
2562 2971 2876 3002
2469 2969 2892 2758
2555 3078 2798 2785
2520 3025 2970 2710
2382 2480 2981 2470
2363 3089 2814 2559
2866 2973 2633 2681
2702 2726 2719 2961
2587 2978 2694 2887
2700 2976 2667 2928
2890 2982 2576 2779
2757 2964 2599 2912
2622 2967 2716 2990
2890 2982 2576 2779
2587 2978 2694 2887
2866 2973 2633 2681
2758 2971 2499 2926
2866 2973 2633 2681
2645 2967 2450 2952
2863 2787 2658 2869
2700 2976 2667 2928
2881 2846 2644 2630
2808 2852 2680 2992
2890 2982 2576 2779
2565 3001 2788 2762
2955 2778 2689 2708
2868 2811 2680 2573
2900 2762 2745 2721
2638 2737 2743 2935
2583 2810 2825 2942
2567 3050 2786 2738
2567 3050 2786 2738
2766 3050 2772 2807
2647 3068 2770 2719
2626 3092 2781 2694
2671 3169 2583 2692
2671 3169 2583 2692
2421 3131 2643 2622
2421 3131 2643 2622
2748 2555 2895 2668
2818 2766 2843 2824
2748 2555 2895 2668
2753 2775 2859 2586
2577 2826 2829 2770
2571 2863 2866 2820
2571 2917 2844 2810
2571 2863 2866 2820
2466 2743 2880 2785
2783 2778 2696 2694
2600 2923 2723 2840
2821 2845 2636 2903
2840 2914 2656 2823
2685 2881 2801 2876
2625 2896 2769 2824
2571 2863 2866 2820
2761 2864 2779 2840
2742 2910 2685 2893
2650 2786 2830 2668
2571 2917 2844 2810
2551 2871 2900 2672
2783 2778 2696 2694
2832 2933 2360 2811
2812 2727 2875 2722
2582 2914 2813 2845
2628 2857 2711 2898
2719 3079 2558 2784
2770 3082 2552 2770
2511 3027 2640 2837
2628 2977 2593 2846
2551 3019 2584 2845
2511 3027 2640 2837
2644 3038 2529 2892
2477 3048 2487 2812
2477 3048 2487 2812
2436 3107 2433 2816
2820 3052 2405 2729
2820 3052 2405 2729
2629 3123 2578 2698
2547 2825 2719 3002
2540 2865 2798 2994
2540 2865 2798 2994
2553 2957 2724 2808
2447 2835 2885 2712
2555 3057 2676 2753
2388 2971 2913 2558
2388 2971 2913 2558
2496 2962 2870 2509
2496 2962 2870 2509
2474 2978 2815 2673
2459 2611 2885 2680
2743 2944 2508 2841
2596 2913 2549 2955
2741 2932 2474 2873
2741 2932 2474 2873
2819 2962 2595 2505
2526 2969 2624 2919
2601 2912 2554 2905
2526 2969 2624 2919
2458 2919 2627 2886
2697 2764 2436 2958
2913 2664 2486 2641
2846 2623 2535 2651
2853 2603 2618 2637
2361 2595 2814 2828
2361 2595 2814 2828
2361 2595 2814 2828
2722 2961 2691 2735
2497 3050 2712 2789
2705 2986 2686 2698
2473 3025 2765 2794
2602 3035 2671 2762
2736 2995 2604 2802
2680 2953 2657 2781
2765 2919 2578 2661
2736 2881 2717 2760
2593 2969 2729 2769
2630 2995 2681 2782
2673 2885 2702 2754
2705 2986 2686 2698
2657 3029 2710 2740
2680 2953 2657 2781
2634 3066 2741 2702
2624 3091 2781 2645
2625 2999 2746 2669
2668 3096 2405 2601
2689 2739 2801 2775
2816 2493 2742 2454
2657 2736 2822 2534
2759 2816 2552 2873
2745 2839 2509 2866
2570 2803 2583 2902
2570 2803 2583 2902
2630 2540 2629 2896
2821 2483 2610 2698
2833 2680 2655 2681
2776 2893 2604 2607
2766 2781 2652 2601
2825 2675 2432 2713
2744 2894 2593 2557
2833 2680 2655 2681
2825 2675 2432 2713
2833 2680 2655 2681
2829 2786 2442 2421
2803 2806 2505 2638
2744 2894 2593 2557
2811 2822 2654 2479
2791 2844 2594 2767
2673 2822 2732 2843
2630 2577 2790 2835
2606 2866 2787 2461
2606 2866 2787 2461
2618 2871 2705 2830
2673 2822 2732 2843
2592 2852 2801 2852
2606 2866 2787 2461
2544 2742 2860 2721
2657 2761 2774 2821
2724 2746 2748 2529
2666 2763 2772 2721
2760 2781 2608 2657
2755 2852 2645 2736
2692 2790 2743 2707
2657 2761 2774 2821
2724 2746 2748 2529
2709 2803 2723 2640
2708 2852 2719 2597
2655 2881 2669 2773
2689 2686 2677 2843
2673 2862 2525 2879
2673 2862 2525 2879
2724 2756 2363 2883
2687 2699 2566 2870
2711 2830 2537 2860
2697 2833 2628 2830
2724 2756 2363 2883
2711 2830 2537 2860
2687 2699 2566 2870
2728 2809 2615 2814
2739 2900 2610 2673
2687 2699 2566 2870
2722 2864 2547 2827
2724 2756 2363 2883
2703 2910 2681 2745
2711 2830 2537 2860
2658 2694 2643 2886
2724 2756 2363 2883
2597 2774 2784 2660
2390 2913 2819 2685
2777 2731 2663 2526
2705 2704 2809 2721
2752 2607 2759 2544
2627 2713 2809 2554
2556 2913 2737 2766
2556 2913 2737 2766
2479 2826 2807 2646
2332 2877 2786 2697
2469 2907 2672 2822
2652 3049 2492 2739
2710 3008 2447 2734
2653 3032 2413 2694
2740 2993 2455 2602
2709 3069 2520 2682
2652 3049 2492 2739
2723 3004 2503 2397
2642 2886 2466 2877
2613 3018 2407 2870
2816 2880 2345 2629
2593 3102 2539 2666
2606 3115 2358 2507
2471 3120 2465 2632
2489 2793 2764 2854
2385 2672 2652 2857
2454 2716 2644 2864
2347 2776 2836 2562
2412 2711 2868 2547
2334 2951 2858 2400
2455 2876 2801 2602
2654 3003 2498 2519
2423 3088 2780 2613
2637 2977 2586 2582
2423 3088 2780 2613
2348 3043 2627 2746
2780 2855 2505 2440
2614 2960 2706 2536
2780 2855 2505 2440
2628 3062 2456 2699
2556 3004 2706 2470
2756 2888 2548 2461
2756 2888 2548 2461
2654 2642 2643 2844
2588 3074 2414 2643
2706 2931 2671 2527
2628 3057 2705 2612
2274 2690 2773 2690
2565 2674 2708 2844
2535 2701 2274 2873
2296 3000 2633 2761
2221 2889 2815 2510
2267 2531 2579 2916
2221 2889 2815 2510
2535 2701 2274 2873
2267 2531 2579 2916
2333 2462 2765 2754
2535 2701 2274 2873
2762 2596 2638 2511
2808 2658 2488 2585
2697 2390 2591 2763
2808 2658 2488 2585
2678 2468 2803 2701
2474 2870 2691 2783
2530 2981 2681 2712
2474 2870 2691 2783
2339 2911 2624 2794
2445 2921 2706 2771
2436 2836 2772 2694
2553 2993 2350 2807
2450 2873 2772 2598
2449 2942 2714 2746
2508 2886 2703 2724
2213 2734 2817 2447
2432 2886 2742 2745
2666 2767 2635 2767
2551 2977 2693 2628
2531 2963 2688 2730
2659 2772 2647 2842
2526 2928 2616 2833
2666 2767 2635 2767
2509 2782 2539 2886
2445 2921 2706 2771
2679 2869 2715 2717
2681 2715 2791 2683
2645 3014 2554 2673
2455 2741 2586 2905
2733 2727 2607 2670
2492 2995 2735 2644
2533 2771 2591 2849
2632 2724 2767 2552
2284 2778 2846 2323
2635 2894 2501 2742
2641 2731 2741 2705
2515 2802 2695 2829
2439 2969 2569 2784
2718 2777 2421 2857
2445 2921 2706 2771
2713 2878 2704 2600
2626 2956 2397 2741
2539 3020 2658 2759
2635 2894 2501 2742
2636 2757 2677 2774
2516 2934 2568 2865
2636 2757 2677 2774
2511 2794 2653 2847
2477 2504 2843 2615
2606 2980 2681 2744
2705 2900 2450 2668
2666 2964 2629 2611
2530 2981 2681 2712
2783 2774 2498 2519
2783 2774 2498 2519
2551 3017 2645 2653
2335 2715 2856 2464
2359 2799 2812 2551
2557 2816 2719 2817
2695 2746 2602 2817
2733 2678 2671 2759
2296 2837 2795 2569
2693 2910 2668 2722
2700 2891 2592 2697
2449 2942 2714 2746
2619 2739 2773 2655
2765 2781 2475 2713
2432 2886 2742 2745
2573 2779 2717 2548
2680 2767 2505 2837
2444 2709 2791 2685
2551 2977 2693 2628
2606 2980 2681 2744
2588 2766 2753 2542
2652 2662 2708 2796
2752 2787 2622 2614
2213 2734 2817 2447
2583 2837 2539 2773
2553 2999 2766 2587
2769 2860 2566 2504
2564 2884 2715 2593
2687 2702 2728 2564
2700 2891 2592 2697
2623 2963 2690 2705
2636 2757 2677 2774
2542 2867 2507 2827
2541 2939 2454 2829
2700 2891 2592 2697
2561 2995 2619 2761
2748 2712 2575 2744
2360 2805 2809 2563
2680 2957 2391 2696
2543 2646 2803 2627
2732 2816 2576 2760
2509 2782 2539 2886
2524 2828 2771 2635
2681 2715 2791 2683
2613 2917 2585 2762
2736 2877 2517 2682
2654 2798 2444 2824
2566 2802 2792 2663
2655 2542 2685 2724
2575 2818 2717 2528
2552 2873 2447 2828
2772 2836 2478 2517
2560 2813 2760 2728
2473 2589 2827 2673
2676 2988 2555 2716
2769 2860 2566 2504
2635 2894 2501 2742
2714 2843 2526 2580
2581 2783 2708 2763
2699 2629 2794 2560
2526 2810 2527 2907
