204 11.1947
27935 26628
26820 27701
26996 27539
27414 27192
27984 26482
26948 27679
27979 26560
26638 27782
26764 27737
27287 27489
27522 27110
26995 27540
26988 27647
27984 26482
26641 27739
27854 26657
28024 25607
27360 27277
28005 26415
27871 26647
27749 26831
27842 26711
28005 26415
26805 27722
27335 27340
27086 27535
26248 27933
27445 27155
28085 25602
27710 26999
27392 27259
26594 27924
27777 26787
27057 27538
28019 26242
27663 27076
28093 25506
27911 26627
27410 27171
26853 27670
26861 27662
26920 27660
26853 27670
27934 26518
27927 26534
26611 27746
26614 27743
26707 27737
27117 27475
27109 27484
27280 27372
27194 27441
27206 27435
27280 27372
27476 27105
27476 27105
27476 27105
27489 27084
27479 27088
26972 27614
26971 27632
26934 27646
26985 27602
27850 26654
27337 27269
27810 26677
27808 26685
27824 26657
28000 26260
27937 26403
27964 26349
27953 26353
26798 27710
26744 27713
27303 27318
27284 27335
27064 27526
27437 27116
28036 25559
27683 26818
27680 26914
27361 27230
27387 27205
26510 27839
26491 27859
26591 27752
26591 27752
26567 27758
26540 27774
27764 26718
27711 26774
27696 26778
27716 26739
27013 27534
27057 27532
28011 26174
27573 27044
27569 27074
27602 27020
27662 26964
27886 26598
27907 26585
27881 26602
27404 27142
26883 27647
26847 27667
26852 27662
27910 26521
26701 27737
27096 27477
27102 27460
27186 27436
27187 27414
27187 27414
27188 27398
27203 27356
27228 27338
27447 27095
27469 27082
26948 27615
26919 27627
26904 27644
26984 27569
26985 27565
26959 27571
26955 27587
27847 26648
27327 27269
27780 26683
27790 26667
27994 26259
27912 26400
27932 26270
27914 26353
26776 27672
26768 27688
26764 27701
26703 27703
27234 27335
27282 27334
27061 27524
27407 27110
27409 27098
27681 26782
27666 26906
27673 26840
27679 26794
27669 26884
27355 27229
27356 27174
27373 27171
26292 27852
26450 27830
26375 27831
26485 27818
26534 27751
26501 27761
27719 26716
27757 26694
27740 26709
27708 26749
27685 26772
27716 26730
27715 26739
27005 27530
28010 26033
27996 26078
27544 27068
27528 27073
27553 27030
27555 27021
27600 26972
27600 26972
27570 26981
27561 27011
27631 26935
27632 26914
27613 26940
27903 26556
27849 26557
27392 27122
27404 27117
26809 27667
26818 27652
26818 27652
26837 27647
26837 27647
26640 27726
26596 27734
26577 27736
27098 27447
27088 27457
27181 27428
27171 27431
27224 27338
27430 27092
27442 27087
26922 27605
26945 27600
26908 27617
26853 27625
26853 27625
26847 27636
26899 27620
26984 27550
26951 27578
27823 26616
27816 26621
27840 26612
27841 26598
27802 26631
27324 27257
27310 27267
27764 26683
27777 26655
27782 26648
27945 26245
27945 26245
27982 26209
27907 26354
27924 26249
27914 26275
26753 27701
26753 27701
26753 27701
26753 27701
26753 27701
26753 27701
27276 27313
27270 27327
27270 27327
27281 27290
27273 27316
27007 27520
27039 27475
27664 26861
27657 26866
27666 26817
27669 26810
27344 27228
27344 27228
27352 27190
27354 27151
25929 27841
26132 27826
26478 27769
26478 27769
26478 27769
26426 27775
26396 27804
26322 27807
26189 27812
26523 27737
27717 26715
27724 26708
27734 26688
27689 26745
27677 26747
27704 26727
27692 26728
27999 25757
27539 27036
27527 27052
27446 27069
27490 27057
27576 26945
27557 26984
27557 26984
27553 27002
27621 26915
27591 26933
27591 26933
27602 26926
27591 26933
27858 26556
27893 26474
27892 26519
27900 26446
27861 26520
27381 27120
26797 27663
26815 27650
26832 27639
26618 27722
26627 27712
26618 27722
26581 27732
27076 27441
27176 27381
27145 27402
27145 27402
27156 27386
27131 27430
27189 27335
27396 27091
27432 27070
27418 27072
27412 27075
27418 27072
27408 27078
26920 27601
26930 27583
26924 27585
26908 27613
26845 27636
26855 27620
26966 27545
26964 27550
26968 27521
26940 27577
26947 27555
27803 26617
27816 26615
27817 26587
27839 26576
27289 27257
27292 27248
27740 26665
27741 26655
27779 26628
27980 26178
27927 26188
27907 26311
27921 26204
26733 27689
26748 27685
26631 27701
26703 27699
27191 27323
27259 27321
27279 27266
27279 27266
27262 27309
27268 27273
26995 27504
26981 27506
26979 27510
27032 27464
27034 27457
27037 27444
27651 26851
27624 26854
27657 26829
27663 26768
27343 27218
27349 27154
27354 27126
25902 27833
25967 27816
25934 27823
26438 27742
26438 27742
26410 27774
26419 27750
26418 27763
26384 27788
26389 27778
26157 27795
26447 27734
27708 26702
27723 26680
27679 26744
27688 26729
27703 26714
27998 25647
27983 25712
27529 27033
27446 27067
27481 27055
27489 27048
27559 26939
27549 26965
27531 26982
27616 26900
27589 26912
27572 26914
27997 25496
25917 27812
25940 27790
25892 27832
27209 27317
27538 26934
27129 27417
27837 26536
27568 26907
27171 27364
27260 27258
27869 26509
27530 26945
27257 27262
27151 27375
27928 26178
27768 26614
27829 26568
27603 26883
27895 26402
27027 27434
27247 27313
27796 26576
27343 27185
27068 27430
27945 26144
27478 27054
27603 26883
27549 26919
27899 26237
27482 27041
27791 26588
27335 27197
27119 27421
27485 27036
27978 26133
