1 0.110432
21294 21083
19958 21503
20621 21212
21536 20676
20516 21287
20770 21138
21518 20854
21077 21000
21151 20864
20906 21077
20458 21179
20428 21205
20323 21266
20729 21088
20474 21118
21390 20729
21500 20562
20923 20997
21137 20858
20936 20861
20852 21040
20808 21044
20382 21184
21237 20535
21301 20300
21018 20617
20992 20733
20615 21019
20792 20744
20785 20999
19860 21177
20309 21041
20190 21099
19973 21172
21190 20414
21114 20463
21258 20272
20903 20703
20918 20696
20577 21003
20671 20840
20615 20863
20732 20800
20262 21035
19885 21101
21155 20395
21078 20426
21174 20127
21206 19710
20907 20601
20532 20872
20429 20900
20364 20960
20731 20623
20690 20703
20585 20749
20114 21006
20949 20280
20958 20274
20998 19856
21034 19812
20873 20533
20876 20519
20514 20829
20528 20812
20348 20841
20227 20924
20332 20869
20321 20923
20617 20631
20645 20544
20562 20739
19871 20943
20900 20125
20886 20261
20991 19849
20822 20496
20842 20396
20801 20507
20391 20818
20483 20796
20276 20869
20213 20897
20049 20902
20260 20894
20599 20553
20613 20518
20536 20694
20546 20581
20878 20260
20881 19882
20910 19529
20793 20490
20483 20706
20433 20767
20458 20729
20197 20874
20183 20879
20613 20507
20540 20553
20827 19959
20821 20036
20841 19616
20882 19378
20751 20288
20689 20482
20792 20094
20697 20446
20739 20442
20482 20662
20475 20672
20398 20731
20204 20765
20371 20753
19730 20842
20156 20814
19631 20846
20537 20544
20743 20212
20602 20455
20780 19920
20632 20436
20737 20303
20667 20381
20465 20583
20474 20567
20393 20716
20205 20750
20139 20765
20040 20808
20522 20482
20524 20455
20569 20444
20752 19900
20599 20406
20726 20284
20691 20286
20628 20373
20447 20558
20323 20716
20202 20746
20119 20760
20034 20772
19798 20790
20485 20458
20517 20455
20569 20428
20732 19688
20734 19667
20700 20229
20715 20197
20669 20240
20627 20371
20326 20514
20426 20501
20297 20700
20315 20625
20168 20743
19831 20746
20465 20433
20568 20420
20680 20220
20684 20200
20714 20157
20712 20194
20588 20366
20406 20461
20391 20497
20184 20679
20280 20670
20313 20625
20076 20689
20062 20705
19751 20732
19787 20723
20531 20379
20547 20371
20521 20420
20654 20206
20683 19991
20697 19932
20674 20167
20588 20293
20585 20362
20393 20457
20275 20653
20216 20661
20087 20665
20289 20562
20295 20491
20310 20489
20033 20691
19539 20696
19373 20709
19536 20698
20640 20187
20648 20186
20689 19642
20679 19663
20673 20099
20654 20133
20588 20218
20568 20223
20559 20357
20560 20258
20384 20445
20393 20416
20214 20654
20264 20531
20292 20453
19954 20661
19712 20674
20618 20165
20670 20017
20632 20098
20508 20356
20532 20345
20542 20172
20544 20171
20332 20434
20346 20419
20097 20591
20061 20613
20153 20588
20166 20524
20239 20460
19652 20639
20594 20136
20606 20115
20669 19841
20661 19968
20500 20347
20543 20166
20313 20415
20344 20351
20340 20376
20061 20592
20101 20584
20125 20548
20145 20473
20147 20441
20201 20419
19471 20620
20545 20051
20637 19962
20622 19965
20661 19959
20495 20266
20443 20315
20473 20289
20543 20162
20296 20410
20320 20365
19982 20585
20087 20566
20081 20572
20134 20450
20555 19912
20647 19874
20560 19879
20482 20170
20330 20314
20445 20265
20419 20289
20460 20225
20541 19933
20536 20157
20539 19963
20194 20389
20229 20330
20261 20329
20226 20358
19927 20585
20073 20551
19941 20570
20101 20447
20127 20391
20591 19859
20641 19784
20463 20158
20437 20255
20441 20234
20306 20284
20376 20271
20413 20260
20363 20280
20521 20149
20525 20135
20181 20370
20168 20383
20250 20310
20257 20288
20213 20347
20018 20550
20067 20517
19930 20567
20069 20403
20555 19848
20588 19817
20604 19767
20605 19628
20423 20250
20397 20257
20349 20260
20482 20116
20512 20109
20524 19865
20178 20352
20166 20379
20179 20331
20209 20296
20206 20297
19982 20545
20067 20480
19758 20561
20535 19532
20537 19451
20399 20174
20420 20125
20357 20239
20395 20223
20342 20249
20326 20256
20510 19917
20498 20083
20494 20090
20511 19821
20130 20375
20144 20320
20201 20291
19974 20528
19970 20543
19977 20448
19607 20548
20381 20211
20330 20248
20441 20087
20486 20067
20487 19863
20504 19551
20499 19719
20129 20321
20096 20350
19766 20542
19968 20528
19974 20433
20379 20205
20219 20238
20163 20248
20420 20087
20458 20049
20472 19930
20459 19987
20470 19959
20480 19848
20484 19807
20113 20295
20120 20257
20115 20270
20093 20300
20070 20330
20051 20339
19431 20537
19946 20481
19965 20428
20265 20197
20367 20193
20198 20208
20193 20233
20422 20039
20369 20047
20436 19982
20448 19980
20449 19856
20096 20242
20074 20247
20067 20301
19967 20338
19535 20476
19861 20453
19814 20462
19876 20413
19944 20352
20364 20141
20311 20159
20225 20162
20312 20155
20117 20217
20149 20175
20151 20165
20389 20006
20374 20028
20441 19960
20077 20233
19987 20282
19999 20243
19971 20293
19441 20472
19609 20437
19738 20413
19852 20400
19870 20297
20438 19732
19518 20429
19733 20398
20058 20224
20115 20192
19816 20394
20101 20202
19920 20265
19935 20246
19999 20229
