30 0.699301
6725 7839 7198 6274
6898 7162 7386 7254
7057 6772 7945 6961
7096 7924 7353 6256
7097 7884 7502 6245
7288 7072 8413 6538
7552 7229 7165 7008
8095 7253 7402 6493
6971 6861 7908 7069
7286 7098 8340 6691
6774 7864 7191 6260
7345 7053 8267 6454
7674 7636 7816 6874
6740 7808 7216 6323
7345 6958 8358 6655
7355 7673 7806 7059
7373 7407 7770 7078
7801 7577 7752 6834
7795 7714 7723 6781
7809 7215 7275 6890
7727 7757 7782 6862
7057 6772 7945 6961
7894 7132 7609 6311
6943 7222 7467 7238
7948 6839 7477 6481
7575 7004 7622 7003
8054 7276 7364 6510
7753 7146 7582 7013
7864 7334 7517 6449
7959 7287 7232 6446
8052 7455 7626 6299
7106 6793 7918 6957
7456 7065 8024 6546
7588 7197 7219 7102
7172 6802 8004 6861
8092 7085 7309 6500
7929 6916 7513 6345
7127 7279 8190 6522
7487 7142 7994 6406
7513 7077 7282 7216
7620 7557 7666 6914
7219 7387 8173 6587
7244 7147 8160 6680
6774 7864 7191 6260
7776 7788 7842 6799
7765 7042 7531 7113
7294 7572 7693 7141
7218 7069 8192 6738
7183 7000 8147 6744
8028 7022 7320 6624
7629 7323 7339 6974
8036 6987 7319 6555
7947 7345 7472 6308
7302 7151 8006 6664
7986 6918 7499 6394
7875 6858 7535 6380
7244 7143 8233 6715
8002 7188 7450 6397
7734 7688 7866 6866
7502 7648 7961 6515
7560 7474 7726 6937
7288 7072 8413 6538
7324 7088 8062 6823
7795 7685 7848 6835
7877 6933 7257 6777
7527 7450 7895 6503
7921 7342 7434 6487
7945 6943 7479 6370
7219 7292 8154 6603
7360 7507 7683 7167
7598 7057 8083 6561
7097 7884 7502 6245
7370 7258 8081 6636
7321 7552 7828 7152
7611 7807 7764 6865
7409 7109 7982 6613
7413 7486 7923 6525
7297 7478 7884 7229
8000 7160 7465 6353
7414 7064 8105 6419
7288 7208 7917 6699
7339 7046 8124 6792
7244 7143 8233 6715
8029 6896 7425 6377
7392 7093 7879 6639
7349 6998 8101 6852
7314 7117 8110 6727
7883 7121 7533 6388
7446 7155 8058 6488
7497 7449 7907 6522
7454 7532 7576 7195
7396 7205 7957 6588
7943 7308 7484 6743
7322 7509 7661 7172
7633 7404 7835 6903
7226 7484 7808 7164
7347 7081 8105 6805
7622 7532 7641 6900
7392 7530 7709 7156
7552 7229 7165 7008
7706 7044 7556 7060
7688 7311 7345 6910
7773 7758 7868 6833
7955 7200 7423 6584
7971 7253 7399 6724
7369 7470 7686 7213
7387 7182 8183 6575
7434 7070 8091 6418
7937 7176 7349 6774
7298 7058 8139 6681
7175 7223 8091 6624
7560 7474 7726 6937
7400 7087 8141 6535
7322 7509 7661 7172
7327 6995 8355 6613
7368 7202 7961 6760
7428 7140 7968 6609
7324 7046 8118 6833
7454 7532 7576 7195
7387 7182 8183 6575
8010 7238 7432 6526
7542 7528 7764 6898
7706 7044 7556 7060
8029 6896 7425 6377
7971 7253 7399 6724
8000 7061 7265 6726
7327 7473 7821 7163
7653 7340 7350 6895
7776 7676 7856 6867
8036 7240 7331 6525
7947 7053 7402 6761
7359 7325 8109 6546
7554 7392 7700 6972
7776 7676 7856 6867
7653 7340 7350 6895
7554 7392 7700 6972
8039 6937 7410 6502
7622 7532 7641 6900
7688 7311 7345 6910
7428 7140 7968 6609
7497 7449 7907 6522
7172 6802 8004 6861
7952 7065 7265 6743
7542 7528 7764 6898
7753 7146 7582 7013
7057 6772 7945 6961
8010 7238 7432 6526
7446 7155 8058 6488
7334 7553 7687 7144
8039 6937 7410 6502
7218 7069 8192 6738
7937 7176 7349 6774
7765 7042 7531 7113
7633 7404 7835 6903
7706 7044 7556 7060
7773 7758 7868 6833
7360 6934 8095 6631
7334 7553 7687 7144
7360 6934 8095 6631
7327 6995 8355 6613
7369 7470 7686 7213
8036 7240 7331 6525
7368 7202 7961 6760
7765 7042 7531 7113
6774 7864 7191 6260
6774 7864 7191 6260
7244 7143 8233 6715
7244 7143 8233 6715
7322 7509 7661 7172
7560 7474 7726 6937
7653 7340 7350 6895
8036 7240 7331 6525
6693 7801 7261 6277
6716 7801 7084 6354
6954 7279 7499 7226
6957 7905 7161 6157
7145 6886 8318 6603
7900 6791 7474 6403
8062 7012 7315 6368
6756 7858 7199 6243
7679 7700 7724 6848
6859 7841 7191 6207
7724 7659 7777 6864
7180 7062 8228 6708
7152 6796 7870 6803
7745 7755 7727 6740
7280 7598 7736 7051
7169 7116 8126 6576
7449 7076 7241 7216
7257 7526 7766 7125
7445 7011 7956 6546
7015 6810 7808 6912
6877 7794 7382 6303
7431 7310 7481 6954
7625 7417 7662 6871
7347 7457 7539 7002
7399 7111 8021 6474
7790 6960 7302 6713
7597 7239 7213 6887
7013 6825 7856 7095
7540 7511 7631 6880
7340 7557 7698 7043
7707 7772 7685 6781
7108 7777 7439 6211
7514 7490 7556 6886
6954 7279 7499 7226
7912 7376 7487 6277
7289 7447 7763 7057
7641 6908 7541 6959
7172 7217 8084 6603
7573 7399 7714 6877
7527 7010 7987 6463
7303 6982 8249 6574
7430 7089 7963 6446
7811 7256 7488 6394
7975 7165 7521 6192
7988 7082 7343 6524
7228 7558 7524 7087
7034 7782 7518 6244
7263 6988 8306 6640
7992 7005 7454 6165
7698 6935 7384 6936
7477 7169 7113 7016
7951 7174 7249 6551
7369 7064 8030 6553
7289 7409 7625 7082
6872 7797 7149 6225
7907 7307 7334 6493
7117 7003 8294 6608
7336 7067 8061 6792
7199 7073 8262 6664
7477 7169 7113 7016
7876 6938 7397 6747
7621 7030 7505 7070
7457 7027 8048 6497
7887 7090 7472 6623
7873 6807 7582 6201
7198 7485 7772 7053
7682 7042 7488 6976
8021 7087 7385 6334
7950 6893 7233 6633
7963 6926 7410 6257
7955 7230 7281 6515
7234 7069 8094 6508
7524 7059 7866 6430
7943 7260 7296 6505
7282 7393 7541 7109
7601 7284 7299 6878
7972 6812 7415 6409
8012 7169 7327 6276
7255 6990 8069 6573
7237 7140 8063 6562
7915 6898 7389 6760
7241 7083 8014 6722
7837 6844 7592 6213
7221 7133 8068 6555
7169 7137 8014 6618
7939 7017 7419 6670
7871 6925 7489 6251
7236 7222 8067 6588
7862 6962 7544 6234
7929 6880 7446 6426
7283 7503 7725 7098
7111 7800 7366 6215
7682 7774 7833 6764
8021 7087 7385 6334
7837 6844 7592 6213
7936 6872 7507 6299
7682 7774 7833 6764
7959 7170 7283 6472
7257 7526 7766 7125
7939 7017 7419 6670
7892 7070 7366 6397
7856 6853 7520 6298
7345 6983 7852 6575
7838 7257 7508 6289
7034 7782 7518 6244
8013 7122 7379 6164
7238 7046 8290 6578
7925 7121 7379 6253
7934 7047 7418 6428
7880 6881 7521 6223
7856 6853 7520 6298
7199 7073 8262 6664
7862 6962 7544 6234
7238 7046 8290 6578
7838 7257 7508 6289
7924 7026 7445 6206
7924 7026 7445 6206
7477 7169 7113 7016
6672 7751 7276 6387
6835 7784 7321 6282
6969 6630 7840 6726
6971 7191 7412 7115
7071 7684 7276 6134
7229 6855 8305 6622
7297 6905 7041 7061
7950 7041 7274 6399
7426 7107 7078 6885
6738 7746 7367 6183
7246 6986 8058 6691
7014 6683 7804 6805
7127 7502 7718 6997
7389 7162 7831 6521
7150 7331 7669 7029
7179 7017 8209 6707
7909 7259 7449 6248
7000 6729 7770 6761
7358 7069 7849 6363
7801 7273 7313 6337
6932 7719 7190 6251
7521 7659 7644 6648
7310 7058 7945 6569
7871 7166 7147 6349
7171 6937 8254 6466
7264 7517 7500 7046
7638 7571 7698 6781
7260 7498 7533 7065
7726 6788 7464 6208
7564 7406 7741 6768
7518 7381 7714 6864
6964 7712 7414 6297
7621 7579 7657 6622
7202 7479 7758 7003
7489 7536 7723 6827
7515 7566 7616 6853
7473 6974 7914 6443
7301 7014 7082 7041
7700 6869 7303 6590
7299 7416 7556 7011
7206 7098 7847 6486
7822 6812 7246 6591
7755 6944 7293 6607
6865 7777 7295 6267
7572 7631 7580 6648
7586 7620 7721 6713
6983 6656 7794 6829
6959 7738 7271 6224
7842 7154 7159 6481
7333 7022 8039 6478
7632 7556 7676 6845
7235 7159 7902 6441
7775 6955 7278 6673
7860 6908 7222 6645
7939 6982 7458 6164
7193 6885 8210 6467
7432 7015 8044 6462
6941 7741 7222 6158
7132 7125 8010 6584
7805 6871 7337 6378
7850 6853 7444 6388
7776 6884 7252 6634
7818 6756 7547 6193
7203 7043 8010 6582
7315 7058 7906 6409
7314 7044 7926 6424
7871 6802 7434 6385
6835 7784 7321 6282
6960 6769 7792 7006
7309 7039 7926 6576
7804 6752 7334 6391
7775 6807 7153 6716
7804 6783 7562 6189
7196 7042 8019 6636
6865 7777 7295 6267
6865 7777 7295 6267
6682 7658 7187 6325
6838 7736 7184 6252
6851 7075 7504 7064
6932 6635 7757 6724
7000 6783 8226 6453
7739 7148 7107 6464
7846 7175 7402 6094
7933 6694 7448 6125
7173 7471 7693 6947
7438 7641 7597 6588
7156 6955 8114 6559
7324 6996 7998 6394
7261 7357 7619 6845
7122 7011 7995 6610
7270 6914 7882 6552
7500 7565 7668 6752
7541 7225 7259 6820
7273 7037 7889 6374
7044 6832 8170 6400
7765 7131 7154 6436
7096 6796 8157 6347
6784 7703 7357 6250
7112 7294 7529 7020
7632 7011 7447 6774
6969 6659 7648 7028
7884 7150 7290 6207
6710 7707 7187 6121
7169 7428 7629 6999
7527 7344 7228 6809
7797 6678 7453 6104
7620 7176 7345 6152
7014 6670 7745 6791
6821 7684 7316 6225
7919 7020 7203 6363
7856 6913 7420 6211
7777 7076 7198 6294
7770 6854 7201 6608
6938 7679 7246 6159
7782 6762 7408 6312
7822 7106 7351 6142
7511 7349 7576 6739
7220 7348 7546 6974
7534 7180 7276 6795
7811 6735 7295 6373
7112 6792 8198 6326
7485 7434 7543 6789
7815 6992 7429 6216
7183 7448 7631 6980
7195 7445 7536 6965
6945 7689 7240 6128
6824 7644 7302 6148
6693 7683 6985 6229
6796 7707 7184 6223
7031 6614 8056 6490
7055 6804 8093 6382
7103 7327 7669 6930
7764 6699 7427 5984
7854 6999 7252 6024
7455 7427 7642 6746
7147 7346 7597 6923
7281 6995 7871 6366
7611 7110 7289 6077
6890 6644 7696 6689
7104 7004 7928 6543
6982 6928 8082 6424
7535 7044 7339 6128
7109 6823 7875 6276
7724 6647 7104 6372
7744 6764 7394 6190
7700 6984 7118 6416
6793 7625 7330 6186
6929 7588 7281 6154
7698 6797 7202 6321
6836 7537 7338 6178
7788 6725 7206 6303
7820 6711 7302 6040
6880 7456 7294 6096
6861 7475 7360 6270
7083 7600 7258 6164
6803 7666 7112 6187
6858 7477 7301 6131
7808 6724 7254 6319
6849 7592 7347 6156
6661 7630 7006 6052
6667 7702 7009 6050
6717 6503 7566 6720
7040 6787 7931 6299
7620 6575 7341 6035
7625 6671 6894 6291
7685 6637 7149 6166
6823 7454 7283 6038
6722 6554 7384 6638
6715 7592 7106 6182
6729 7649 6927 6181
