555 202.637
32496 32370 34867
32624 32350 34928
32641 32229 34908
33337 35451 32884
33392 35340 32562
35247 33882 33236
32783 33162 34808
33017 32803 34797
33013 32375 34866
33719 33336 34730
33624 33482 34660
34820 34144 33054
33482 33206 34784
33598 35176 32726
33316 34904 33756
34035 35088 33736
35195 33875 33285
33435 35312 32573
33369 35275 32693
33565 35237 32827
33114 33904 34585
34128 34514 33946
32641 32229 34908
34650 34287 33515
33275 34716 33794
34950 34093 33159
34884 34029 33267
35086 33633 33431
34397 34810 33447
33239 34074 34537
34753 33634 33708
34430 34578 33073
34050 33555 34293
34136 34603 33661
33551 34381 34061
33703 33976 34349
34561 33747 33828
34764 34249 33187
34471 33801 33886
34820 34070 33608
33909 34549 34017
34322 34341 34162
34477 34395 33456
35132 33905 33173
33874 33620 34443
33676 33870 34489
33761 34475 34032
33935 33874 34387
34618 33867 33812
34236 34389 34030
33834 34638 33795
33860 34090 34246
34979 33562 33539
33109 34092 34366
34588 34339 33584
34707 34217 33811
34358 34428 33448
33871 34020 34185
34173 33531 34457
35086 33633 33431
33327 33917 34424
34979 33562 33539
33862 33809 34472
33977 34476 34028
34299 34471 33870
34519 34015 33868
34710 34168 33767
34572 34345 33571
34733 34246 33595
33578 33910 34516
34351 34193 34093
34520 33756 33853
34182 34475 33551
34347 34463 33804
34424 33940 33874
33817 33760 34536
33711 34179 34264
33841 34075 34277
34155 34550 33550
34015 34541 33835
34351 34193 34093
33817 33760 34536
34405 34486 33432
33871 33935 34371
34015 34541 33835
34169 34487 33551
32971 33997 34277
33473 33638 34531
33626 34545 33894
34927 34018 33092
34946 33383 33364
35085 33788 33093
33246 33928 34360
33985 34269 34066
33886 34142 34117
33047 34014 34244
34924 33446 33234
34816 33613 33282
34583 33932 33693
34731 34192 33529
35057 33504 33169
33854 33670 34453
33215 33961 34196
34636 33850 33758
34900 33563 33429
34423 33771 33813
34336 34439 33467
34041 34311 33994
33837 34341 34025
34524 34042 33624
34993 33578 33119
33798 34393 33989
33651 33795 34417
34104 34135 33910
34760 33745 33435
34214 34339 33889
33839 34070 34178
34072 34123 33928
34251 34452 33590
33481 33859 34414
34525 34235 33542
34346 34005 33788
33786 33700 34401
33716 33778 34410
34798 33567 33381
34924 33875 33135
34623 34242 33162
34910 33831 33180
34489 34140 33599
33781 33868 34384
34062 34080 33984
33792 34472 33964
34341 33608 33852
34052 34500 33883
33781 34535 33949
34736 33954 33196
34301 33757 33881
34738 33970 33099
34246 34217 33865
34315 34210 33618
33140 33924 34218
33705 33622 34415
34034 34494 33338
34837 33514 33414
34900 33925 32993
34962 33521 33037
33464 34042 34145
34042 34288 33776
33738 33795 34271
34256 34146 33615
33640 33663 34358
34622 34239 33105
34863 33532 33383
33815 34314 34001
33973 34352 33656
33882 33717 33986
34291 33658 33603
34354 33604 33710
33854 33852 34071
34012 34153 33966
34359 34195 33537
33966 34338 33855
34735 33626 33315
34613 33773 33260
34325 34376 33380
33535 33788 34331
33570 33846 34174
33952 34322 33883
34599 34089 33233
34470 33725 33511
33839 34445 33724
34468 34219 33158
33506 33853 34185
33835 34428 33879
34269 33880 33708
33580 33785 34388
33875 34191 33928
34537 33983 33502
34462 34015 33444
34707 33719 33212
33856 34284 33932
34720 34124 33194
34507 34097 33425
34545 33954 33371
34539 33890 33467
34592 34231 33112
33720 33964 34152
33715 34437 33755
34569 33920 33344
34331 34293 33447
34526 34040 33301
34395 34127 33320
34423 34232 33295
34557 34127 33288
34557 33906 33437
32837 33907 34196
32906 34426 33836
33589 33622 34268
34706 33890 33021
34863 33324 33365
33513 33912 34110
34519 33673 33483
33063 33900 34203
33708 33427 34032
33943 34320 33710
34860 33526 33268
34194 34306 33184
34000 34022 33783
34453 34179 33064
33675 33775 34230
34317 34153 33420
33848 34211 33751
33826 34398 33831
34579 33328 33390
33775 34078 33894
34390 34107 33277
34608 34027 33182
33592 33549 34248
33784 34048 33963
34506 33955 33456
33678 33824 34046
34615 33865 33035
34545 33810 33323
33996 34288 33268
33877 34162 33847
34493 33984 33318
33843 34325 33840
34462 34061 33278
33648 34293 33935
34324 34067 33380
33623 34072 33936
34611 33982 33044
33863 34291 33713
33662 33886 34037
32804 34290 33822
33386 33481 34251
33734 34359 33733
34634 33554 32867
34738 33113 33324
34744 33337 33222
33031 34192 33832
33927 34284 33677
33383 34016 33845
34335 33488 33472
32907 34244 33876
34011 34085 33280
34583 33933 33005
33667 33372 33932
34177 34066 33138
33712 33693 33906
34289 33999 33415
34323 34056 33086
34582 33460 33208
34556 34019 32884
34077 33583 33469
33856 33992 33802
33587 33755 34217
34394 34109 33035
33623 33627 34089
34448 33871 33328
33593 33852 33864
33843 34118 33765
34498 33656 33172
33616 33630 34000
33817 34024 33768
34094 34014 33267
33664 34321 33747
33595 33640 34192
33767 34256 33721
33435 33599 34242
33605 33747 33976
34436 33942 33408
33467 33500 34220
33629 33495 34125
33508 33888 33961
33544 33892 33873
34616 33522 33014
34408 33952 33271
34431 34007 33134
33569 33858 33910
34484 33533 33269
33766 34270 33821
33644 33484 33948
34533 33938 33012
33609 33599 34114
34573 33854 33152
33614 33652 33933
32711 33817 33933
32838 34330 33715
33539 33691 34217
33606 33304 33866
34521 33967 32722
34542 33809 33092
33340 33927 33841
32878 33733 34206
34200 33667 33302
33547 33540 34100
33745 34122 33701
33923 34022 33671
33574 34251 33488
34521 33904 32912
34210 34054 32743
33646 34173 33810
34426 33515 33184
34289 33941 32929
33537 34299 33630
34129 34041 32918
34429 33832 33112
33584 34206 33721
34418 33927 33299
33579 33416 33896
33410 33693 33974
33405 33707 34189
33574 33420 33938
34526 33765 33149
33551 34261 33669
34315 33676 33301
33533 33729 33854
33447 33776 33933
33464 33692 33908
34313 34029 32916
32846 33719 34046
32938 33667 34182
33357 34269 33355
33486 33337 34164
34202 33977 32602
34483 33694 32910
33827 34019 33643
34124 33891 33094
33064 33612 34105
33605 33401 33809
33841 33893 33112
33349 33473 34174
34415 33740 32832
32888 34163 33737
34447 33874 32742
33587 33577 33750
33505 33649 33878
33537 33621 33996
33384 33482 34108
34265 33724 33272
34350 33841 33191
33473 34234 33470
33430 34258 33444
33545 34122 33554
33488 34098 33800
33476 33825 33801
34191 33850 33245
33433 33369 34110
33514 34142 33589
34387 33879 33142
33444 34146 33487
34245 33872 33219
33573 33884 33793
33221 34136 33507
33348 34236 33432
33483 33303 34125
33522 33275 33947
34379 33869 32933
33704 33996 33604
34186 33529 33218
33560 33312 33674
34361 33853 33138
33845 33649 33209
34250 33671 33159
34017 33791 33203
34079 33717 33190
33932 33820 33143
33364 33525 33969
33307 33583 33842
33542 33482 33690
33476 33397 33962
33421 34081 33786
33345 33890 33800
33319 34102 33580
33487 33991 33777
34125 33700 33202
33466 33552 33879
33530 33512 33924
33530 33859 33752
33518 33562 33850
33454 33843 33793
32809 34079 33583
33321 34135 33350
33408 33394 33877
33489 33271 33741
34342 33847 33110
33872 33540 33171
33197 33760 33786
33540 33453 33490
33829 33670 33150
33390 33970 33550
33516 33504 33241
33304 33455 33868
33438 33840 33668
33198 34040 33780
33529 33427 33636
33428 33650 33783
33473 33817 33767
33347 34072 33774
32905 34055 33597
33307 32929 33776
34305 33809 32915
33520 33367 33577
34026 33750 33110
33317 33955 33403
34259 33679 32956
33453 33748 33741
33221 33991 33421
33285 33901 33552
34183 33844 33039
34250 33689 32983
33247 33933 33426
34150 33781 33095
34071 33793 33049
33357 33803 33567
33242 33928 33586
32780 33732 33648
33317 33950 33370
33399 33422 33673
33411 33088 33574
34217 33734 32889
33496 33471 33078
33194 33722 33455
33648 33606 33076
34158 33578 33009
34000 33751 33049
34027 33790 32924
33233 33859 33444
33196 33888 33376
32815 33505 33354
33090 33909 33346
33148 32615 33658
33916 33766 32878
34154 33510 32984
33399 33399 33646
33930 33724 33040
33991 33679 32902
33971 33540 33022
34090 33511 32949
33973 33713 32961
32987 32817 33638
33819 33688 32888
34101 33491 32982
33378 33370 33561
33329 33248 33631
33341 33372 33102
33936 33677 32921
32932 33012 33594
33114 32735 33628
33878 33648 32840
34071 33388 32894
33375 33331 33375
33988 33460 32918
33360 33352 33356
33253 33127 33493
33104 32962 33564
33966 33466 32857
33329 33071 33521
32974 33085 33430
33321 32827 33373
33359 33444 32814
33172 33123 33289
33296 33047 33345
33246 32941 33410
33253 32904 33425
32949 32704 33411
33051 32779 33194
33404 34668 34359
33665 35557 32767
33696 34078 34635
33953 35538 32448
34465 33338 34357
35390 34210 33240
35178 34509 33699
33709 34245 34590
34331 34051 34394
35291 34141 33302
34014 35423 32536
34212 34371 34471
34192 35418 33108
34279 35258 32932
34940 34490 34024
34092 34149 34509
35023 34750 33321
34723 33578 34244
34642 33870 34319
34561 33941 34337
34413 33401 34365
34756 33442 34270
34859 34870 33206
34599 34912 33439
35341 34051 33385
34722 33857 34297
33900 35461 32673
34298 35163 33488
33846 35410 33775
34995 34669 33878
33858 35489 32819
35081 34611 33901
33900 35461 32673
34797 33660 34218
33811 35479 33406
33768 35330 33820
34140 35199 33516
34732 34537 34067
33953 35538 32448
34482 34349 34293
33999 35356 33671
33863 35314 33836
34771 33764 34173
34117 34824 34220
34896 34853 33226
33772 34957 34284
34496 35020 33855
34281 35099 33529
34797 33660 34218
34914 35075 33152
34564 35218 32897
34535 34547 34170
34272 35315 32491
34115 35373 33619
34771 33764 34173
34279 34973 34125
34264 35116 34128
34927 34624 33890
33988 35383 33233
34778 34668 33966
34474 35042 33973
34425 35048 33972
34102 35329 33631
34917 34526 34130
34593 34771 34169
34574 35094 32882
34749 34997 33170
35081 34611 33901
34282 35086 33512
35081 34611 33901
34520 34357 34198
34593 34771 34169
34520 34357 34198
34749 34997 33170
34574 35094 32882
34115 35373 33619
34264 35116 34128
33285 34871 34215
33803 35423 33358
33929 35411 32419
34270 33886 34394
34645 33516 34242
35074 34565 33834
33778 35410 33753
33292 34550 34285
34399 35050 32626
34303 34332 34215
34824 35046 32968
34300 33985 34374
34590 33690 34314
33897 35409 32557
33952 35293 33577
34950 34612 33211
33950 35254 33663
34062 35357 33511
34742 34847 33150
34880 34884 33050
33876 34719 34118
34705 33798 34157
33818 35361 33462
34560 33871 34143
34114 35161 33524
34666 33728 34240
34645 33516 34242
34810 34501 33972
34781 34627 33791
34180 35129 33327
34513 34701 33291
34352 33931 34293
34790 34864 33140
34514 34661 33225
34107 34448 34067
34270 34950 33551
34468 34914 33884
34877 34401 33847
34173 35009 33437
34196 35131 33265
34864 34587 33868
34275 34894 33921
34189 35002 33956
34443 34412 34165
34220 35004 33634
34300 33985 34374
34824 34907 32997
34223 34711 34020
34390 33930 34172
34707 33901 34128
34620 34652 33437
34653 34655 33171
34165 34923 34013
34369 34598 33990
34076 34609 34099
34626 34433 34112
34135 35009 33993
34258 34914 34012
34100 34659 34083
33149 34793 34139
33658 35379 33401
33872 35329 32462
34127 33829 34270
34677 33552 34067
35045 34549 33734
33836 35237 32741
34777 34801 33093
33558 35187 33722
33328 34713 34080
33993 35275 32608
34210 34113 34174
34433 34354 34102
33750 35310 33720
34844 34464 33793
33937 35131 33576
33209 34685 34150
34348 34806 33641
34311 34845 33151
34492 33929 34021
33940 35006 33516
34458 34038 34011
34092 34909 33970
33687 35334 33290
33970 35223 33359
34643 33653 34219
34611 33847 33961
34755 34587 33207
34174 34990 33798
34033 35083 33365
34567 34669 33122
34371 34758 33840
34838 34506 33782
34248 33867 34116
34284 34835 33477
34797 34422 33894
34243 33794 34238
34700 33944 33911
34651 33575 34082
34198 34993 33426
34716 34473 33809
34260 34899 33867
34453 34757 33284
34656 34588 33227
34575 34609 33120
34648 33727 34055
34057 35035 33304
34214 33683 34250
34280 34779 33771
34152 33847 34206
34463 34653 33297
34063 34407 34035
34695 34579 33316
34136 34873 33991
34485 33980 33897
34029 34824 34002
33886 35004 33778
34359 34801 33582
34447 33710 34228
34095 33973 34221
34666 34575 33384
34368 34385 34063
34357 33806 34156
34052 34687 34019
34665 33671 34048
34482 34419 33991
34715 34838 33118
34488 33830 34098
33206 34523 34122
33590 35334 32698
33852 35324 32227
34532 33470 34202
34681 33370 33898
34798 34490 33653
33842 35277 32369
33918 35206 32688
33313 34349 34084
34124 34019 34117
33965 35180 32790
34088 33825 34192
33949 35107 33283
34706 34679 32938
34549 34582 33090
33933 35053 33444
33733 35154 33300
33819 35116 33518
34381 34200 34068
33272 34642 34023
33739 35144 33570
34327 34618 33395
34679 34168 33864
34147 34978 33339
34768 33694 33797
34472 34280 33948
34631 34417 33774
34494 33783 33910
34248 34701 33797
34557 34777 33075
34677 33489 33977
34665 33577 33986
34249 34272 34092
33895 34838 33951
34027 34940 33700
34505 34251 33854
34586 33618 34152
34361 33648 34111
34606 34548 33057
34616 33434 34131
34200 34637 33825
34176 34788 33407
34657 33397 34005
34680 34636 33006
34010 34885 33829
34051 34872 33877
34720 34547 33287
33841 35122 33386
34168 34848 33714
34095 34815 33927
34781 34366 33772
34164 34314 33860
34155 34889 33760
34502 34508 33563
34149 34899 33787
34699 33592 33858
34608 33670 33911
34790 34364 33699
34546 33626 34151
34789 34501 33330
34048 34633 34003
34379 34698 33086
34048 34817 33936
33128 34366 34086
33792 35177 32624
33803 35175 32222
34083 33729 34153
34706 33341 33763
34753 34446 33362
33802 35159 32376
33951 35064 32743
34121 34151 34092
34058 34943 32953
34149 34837 33503
34304 33947 34045
34241 34263 34010
34374 34746 32691
34044 33791 34120
34171 33980 34034
33808 35033 33335
34006 34785 33593
34397 33528 33974
34627 33588 33788
33934 34806 33855
33967 34934 33619
33850 34812 33724
34526 34528 33029
34145 34684 33700
34173 33624 34146
34245 34477 33276
34465 33749 33916
34614 34453 33296
34663 34500 33225
34505 34713 33057
34667 34534 32974
34153 34614 33187
34667 34513 33121
34723 34451 33634
34194 34597 33740
34511 33390 34075
34685 34456 33176
34522 33451 33839
34436 33483 34152
34470 33496 33995
34464 33435 34062
34200 33953 34061
34102 34713 33707
34024 34603 33992
33040 34424 33968
33744 34938 32508
34182 33397 34041
34618 33133 33704
34664 34393 33086
33823 34764 32786
34417 33461 34028
33315 34576 33806
34284 33935 34037
34511 33176 33392
34044 34630 32541
34233 34062 33906
33195 34427 33898
34458 33984 33517
34589 34270 33214
33925 34596 33244
33853 34698 33666
34001 34639 32906
34638 34470 33021
33971 34280 33925
33304 34510 33859
34463 33306 33882
34276 34618 32889
34071 34547 33578
34380 34422 33228
34530 34464 33154
34459 33358 33770
33870 34758 32895
34575 34463 33053
34101 33944 34036
34095 34531 33555
34501 33344 33864
34079 34582 33118
34583 34397 33076
33314 34401 33921
33205 34410 33848
33645 34706 32708
34096 34567 32672
34279 33914 34030
34538 32930 33617
34575 33035 33386
34372 33616 33239
33265 34380 33816
34490 33321 33820
34527 34347 33062
34401 33996 33150
34566 32985 33560
34422 33877 33091
33800 34464 33155
34038 34545 33083
34573 34429 32934
33891 34460 33111
33848 34673 33005
33823 34607 33076
34329 34457 33082
33870 34573 32998
34421 34358 32939
33856 34578 33124
33801 34360 33144
33672 34570 32892
33948 34464 32598
34122 33594 33997
34439 32864 33653
34278 33414 33402
34432 34226 32836
34197 33713 33080
34386 33226 33237
34433 33124 33614
33767 34316 33088
34234 33703 33885
34429 33173 33692
33892 34483 33047
34269 33318 33961
33749 34519 32948
34000 34373 33041
34030 34396 32921
34262 33567 33978
34083 34394 32895
33677 34562 32950
34391 34255 32975
34243 33659 33989
33905 34374 33053
34020 34262 32973
33783 34469 33002
33884 34479 32717
34207 33521 33775
34409 32733 33637
34173 33880 32945
34345 32999 33486
34036 34211 32963
34248 33220 33220
33992 34389 32844
34208 33404 33342
33914 33738 33019
34366 33134 33131
33876 34367 32983
34398 33029 33292
33922 34243 32986
33726 34322 32959
33761 34467 32906
33945 34219 32689
34053 33112 33661
34205 33466 33459
34147 33495 33293
34137 33839 32870
33825 34316 32802
34103 33222 33507
34204 33142 33615
33821 33387 33548
34158 33265 33482
33807 34255 32893
33768 34344 32942
33822 34369 32813
34060 33253 33484
33587 34411 32856
33813 34299 32775
33856 33188 33498
34200 33381 33393
33658 33940 32951
33742 33855 32890
34020 33206 33434
34119 33217 33427
33696 34368 32844
33745 34079 32885
34193 33272 33421
33615 33328 33492
33602 34154 32901
33662 34124 32906
33453 34100 32806
33709 34265 32768
33863 33177 33387
34125 33107 33356
34068 33362 33279
34097 33253 33040
33630 33894 32873
33646 33883 32863
33970 33188 33382
33680 34223 32786
34027 33239 33345
33836 33324 33301
33805 33267 33382
34048 33279 33318
33813 33278 33373
33589 34086 32762
33701 34072 32609
33729 33154 33335
34023 33010 33255
34027 33176 33238
33970 33232 33310
33874 33138 33324
34000 33225 33256
33794 33054 33284
33956 33200 33182
33680 32949 33055
33765 33076 32969
33618 32924 32907
32314 35098 31801
32344 34989 31557
32964 32700 34955
35373 32451 33314
35639 33010 32700
32404 34965 31750
35198 34277 32242
35035 34224 32456
35095 32836 33599
35605 33137 32844
32964 32700 34955
34041 32969 34705
35253 34166 31994
35350 33210 32906
34375 33407 34050
35364 32602 33379
33511 34950 33571
33663 33161 34852
34333 34419 33900
35230 34253 32106
34065 34819 33014
33752 34355 34199
33597 33643 34624
35488 33152 33245
33395 33918 34418
33769 33820 34369
33178 34099 34366
33863 33722 34339
34358 33599 33779
34222 33455 34274
33644 34812 33427
34762 34589 32906
33273 34043 34485
33900 33557 34344
34931 33860 33496
34234 34738 33142
34314 34557 33226
34573 34205 33592
33352 34023 34502
34157 34625 33358
34873 34655 32894
33983 33689 34247
33354 33893 34480
34395 34709 33102
34488 33569 33973
33913 33846 34280
34634 34076 33311
33837 33860 34360
34209 34749 33185
34832 34524 33034
34459 34515 33291
34934 33979 33249
34666 34518 33074
34723 33977 33754
34798 33968 33322
35029 33859 33272
33328 34094 34390
34931 34466 33059
34131 34184 34080
34015 34681 33290
34493 34132 33613
33531 34014 34258
33689 34135 34223
34433 34577 33160
34507 34210 33264
34419 34116 33673
33974 33828 34332
34139 33938 34119
33178 34099 34366
34126 34454 34114
33602 33906 34228
34124 33828 34135
34419 34116 33673
33580 34008 34322
34429 34646 33223
34133 34658 34013
34646 33996 33577
34113 34778 33030
34506 34229 33344
34723 33977 33754
34399 34674 33183
33347 34042 34392
34054 33588 34213
34360 33590 33991
34113 34778 33030
34781 34208 33274
33580 34008 34322
33689 34135 34223
33015 34099 34342
33233 33817 34414
33987 34762 33020
34486 34646 32853
34619 33063 33555
34833 34545 32860
34362 33312 33947
33154 33974 34368
34265 33455 33938
33799 33843 34090
34764 33122 33490
33507 33861 34079
34707 34578 32896
33906 33543 34268
34274 34075 33673
34208 34618 33143
33929 33676 34173
34333 33811 33817
33377 33875 34311
33302 34031 34195
34035 34260 33979
34377 34174 33364
34086 34389 33336
34595 33690 33410
34152 34694 32983
34792 34459 32982
33868 34276 34070
33487 33857 34125
34556 34112 33444
33231 34224 34085
34131 34372 33855
33914 34347 33977
34141 34402 33264
34304 34198 33305
33844 34660 33230
34780 33085 33478
33875 33774 34267
34475 33787 33620
34331 34476 33160
34013 34177 34037
34521 34444 33013
34754 34036 33238
34137 34747 33178
34307 34165 33609
34806 33907 33209
33964 33783 34151
33278 33932 34265
34296 33828 33627
34001 34601 33404
34548 34172 33575
34000 34358 33890
34587 33904 33435
34193 34439 33176
33808 33788 34298
34281 33791 33829
33253 33920 34327
33301 34100 34223
34174 34547 33158
33246 34057 34347
33491 33849 34248
33289 33887 34359
33497 33817 34120
34308 34575 33153
33907 33875 34047
34315 33679 33887
33977 33859 34040
33252 33867 34363
34315 33679 33887
32964 34034 34248
33220 33962 34342
33987 34752 33006
34681 34501 32492
34711 32921 33485
34805 34446 32852
34256 33327 33777
34645 34567 32785
34421 33390 33560
34610 34572 32527
33204 33963 34198
33705 33558 34185
34551 34048 33385
34256 34471 33094
34529 34149 33473
34037 34108 33672
34158 33561 33829
33489 33789 34101
33549 34180 34050
34596 33847 33232
33947 34340 33340
33598 33703 34184
33794 33885 34067
34088 34592 33139
34777 33833 33198
33849 33764 33983
33936 34282 33539
34011 34173 33713
34197 33705 33588
34173 33444 33660
33564 34039 33899
33291 33984 34097
33327 33868 34222
34484 34350 32969
34092 34674 33092
33896 33618 34113
34125 34721 33027
33914 33465 34069
33945 33659 33936
33244 33948 34127
34726 33699 33218
33401 33770 34236
33955 34732 33045
34720 34016 33165
34431 33724 33505
33408 33957 34056
34708 34384 32955
33233 33944 34218
34644 34447 32918
33840 33654 34024
34109 34548 33106
34622 34412 32948
34459 33711 33486
34641 34420 32930
34183 34306 33107
33905 33632 34071
34191 34590 33087
34097 34305 33530
33838 33451 34119
33813 33657 34184
34112 34045 33501
33062 33796 34252
34110 34690 32990
34541 32859 33356
34800 33971 32462
33596 33286 34102
34602 32918 33240
34572 34454 32651
34354 33345 33547
34683 34380 32705
34072 34196 33261
34718 34116 32529
34239 33913 33288
34703 34063 32771
34541 33432 33327
33535 34017 33743
34080 34316 33059
33766 33696 33864
33841 34083 33582
34511 34078 33142
33157 33924 34127
34761 34026 32500
34095 34577 32995
33457 33977 33951
34544 34335 32869
34376 33706 33497
33706 33992 33641
33952 33964 33543
34196 33591 33530
33488 33544 34175
33887 33995 33627
33508 33980 33830
34087 33524 33675
34458 33672 33238
33410 33984 33987
34024 34068 33481
34473 33608 33384
33208 33842 34248
33433 33866 34004
34565 34119 32889
34076 34618 33057
34537 33500 33262
33285 33757 34097
34498 34367 32922
34467 33645 33221
34488 33540 33451
33713 33640 34044
33759 33733 34014
33204 33952 34113
33341 33753 34124
33356 33855 34020
33245 33764 34143
34227 34422 33002
34237 34416 33049
34531 33572 33351
33564 33653 34153
33859 33614 34064
33579 33765 34066
34218 34449 32894
34086 33841 33487
33873 33587 34029
33885 33577 34085
34501 34321 32921
33497 34063 33852
33532 33661 34148
34216 34068 33462
34236 34067 33468
33002 33951 33835
33119 33753 34172
33851 34647 32884
34516 34333 32304
34526 32704 33086
34676 33954 32451
34003 33303 33520
34553 33606 32489
33815 34396 32992
34494 34338 32767
33210 33830 34014
33745 33555 33928
33557 33587 34079
33712 33333 34034
34263 34111 32913
34099 34554 32926
33282 33675 34090
33901 34066 33341
33130 33771 34157
33682 33460 34033
34086 34625 32967
34434 34245 32807
34100 34589 32877
34098 33455 33477
34439 33605 33211
34345 33625 33237
33361 33867 33952
34520 34221 32782
33113 33860 34090
34015 33999 33453
34197 33890 33378
33512 33545 34109
34151 34024 33280
34000 34349 33055
33964 34041 33440
34431 33534 33431
33364 33715 33995
33437 33548 34103
34221 33647 33306
33472 33762 33988
34274 33711 33033
34456 33522 33262
34342 33584 33409
34306 33706 33303
33877 33486 33989
34180 34012 33389
34187 33519 33462
34311 33646 33438
33872 34039 33459
33114 33727 34169
34060 34591 32884
34193 34225 32286
34471 32509 32999
34531 33832 32325
33527 33582 34008
34141 33365 33440
33777 33411 33879
34452 32760 33199
34422 34195 32713
34066 34377 32949
34305 34153 32760
33883 33952 33284
33998 34236 32982
34051 34013 33102
33974 34056 33039
34399 33439 33351
34255 33589 33370
34110 34007 33252
33925 34033 33046
34355 33495 33413
34153 33628 33431
34281 33572 33304
33921 33973 33274
34210 33624 33410
34291 33525 33404
34080 34012 33035
34177 33404 33435
34415 33478 33302
34300 33518 33207
34186 33427 33419
34296 33519 33296
32616 33626 34043
33958 34574 32841
34386 32494 32932
34488 33655 32114
33494 33245 33760
33714 34348 32891
34417 32616 32851
33265 33526 33672
33865 34151 32958
34409 34174 32353
33984 33914 33227
34394 34181 32604
32930 33669 33875
34070 33355 33421
33015 33708 33785
33423 33461 33940
34423 32544 32793
34237 33393 33147
34168 33586 33063
34027 34542 32665
33992 33736 33103
33314 33363 33994
34370 33254 33311
34052 34491 32883
34317 33382 33349
32985 33499 33958
32930 33689 33803
34124 33563 33108
34142 33382 33396
34058 33385 33216
34026 33529 33317
32851 33580 33777
33399 33194 33833
33978 34482 32654
34367 32902 32990
34469 33635 32063
32927 33301 33596
34220 34107 32180
33697 34284 32869
33422 33818 33050
33850 34002 32937
33588 33721 33125
33942 34471 32825
33933 33190 33367
34069 33410 33103
33778 34134 32881
34366 32942 33240
34316 33018 33344
33909 33349 33172
33778 34105 32911
34301 33301 33319
34155 33365 33135
34124 33233 33323
34338 32996 33054
34008 33232 33346
34309 34134 32156
33661 34277 32841
33876 34448 32774
34161 33079 33301
34336 32765 33160
34345 32800 32852
34039 33359 32972
34225 33237 33259
33861 34391 32797
33907 33353 33058
34079 33310 32993
34299 32816 33019
34160 33298 33136
34289 32895 33107
34278 33269 33067
34164 33293 33095
34342 32800 33109
33846 34336 32793
33993 32992 33301
34326 32619 33000
34007 33298 33083
34263 32785 32842
34180 33143 33254
34288 32756 33085
34076 33168 33059
34154 33074 33258
33697 33135 33111
33776 34094 32790
33808 33005 33232
34325 32399 32818
33948 33297 33050
34139 32982 33191
34264 32465 32908
34009 32854 33208
34260 32718 33064
34001 33268 32950
34004 33260 33010
34207 32741 33061
33971 33126 32968
34203 32673 33012
34282 32334 32731
34245 32659 32829
34260 32459 32788
33734 32543 32428
33919 32500 32741
34193 32398 32711
34045 32492 32621
33680 32456 32391
33957 32314 32634
32902 36032 32087
33064 33273 34502
33078 33044 34380
35190 34145 32294
34737 33756 33778
33957 34130 34059
32909 33364 34483
34368 33448 33894
33365 35838 32644
33824 34269 34241
33078 33044 34380
34921 34497 32751
33999 35766 33159
33740 34610 34003
33448 35969 32459
33428 35816 32902
33150 35843 32570
33934 34244 34173
34455 34947 33692
33632 34803 33798
34992 34319 32594
35147 34318 32360
34837 34971 32662
34819 34396 32912
34793 35096 33243
33906 35523 33205
33125 35153 33834
34739 34892 33339
35089 34230 32539
34414 35481 33030
33668 34735 33787
34428 35369 33457
34497 35059 33641
34187 35653 33077
34979 34727 32411
35079 34294 32506
33518 35874 32475
34719 35209 33320
34266 35383 33315
34223 35579 33178
34074 34712 33869
34119 34459 33952
34547 35271 33075
34070 34514 33956
34614 34984 33598
34531 35064 33531
34347 35130 33567
33767 34299 33966
34518 34993 33553
34587 35111 33367
34414 35481 33030
34290 34398 33887
34179 35394 33203
34437 35102 33386
34317 35565 33105
34085 34463 33915
34149 34575 33890
34549 35237 33200
33596 35863 32558
33518 35874 32475
34528 35350 33377
34915 34275 32906
34149 35351 33621
33955 35797 33180
34190 34504 33913
33596 35863 32558
34614 34984 33598
34317 35565 33105
33762 35571 33336
34719 35209 33320
33150 35843 32570
34915 34275 32906
32924 34505 33807
33388 35764 32331
34100 34453 33929
34791 34287 32837
34657 34302 32788
33446 35758 32602
33661 35703 33081
33827 35729 32987
33611 35743 32373
33968 34494 33890
33572 34770 33681
34599 34830 33274
34327 35109 33537
34257 35494 33058
34136 35380 33228
33460 34636 33715
34438 34932 33642
34383 35001 33489
34186 35325 33156
34507 34727 33471
33876 35181 33553
34086 35537 33161
33859 34554 33740
34140 35513 32895
33950 35645 33176
34314 35360 32967
34352 35305 33358
34567 34943 33433
34295 34560 33691
34710 34292 33060
34256 34630 33686
34492 34817 33459
34348 34960 33622
34131 35574 33100
34360 35244 33184
34433 35278 33115
34141 35217 33510
34525 35229 33297
33959 35624 33091
34431 34981 33318
34420 34936 33561
34124 34458 33716
33611 35743 32373
34412 35202 33447
34435 34977 33454
34357 35228 33435
33124 35663 32724
33247 35720 32462
33430 35707 32445
33717 34352 33885
34650 34069 32917
34757 34170 32759
33493 34500 33738
33338 35650 32556
34300 34712 33617
33288 35689 32675
33817 34473 33661
33935 35007 33491
34367 35188 33378
33931 35422 33168
33982 34446 33823
34162 34880 33579
34055 34960 33508
33571 34784 33609
34236 35379 32901
34189 35272 33353
34513 34829 33319
34181 35492 32960
34342 34917 33548
34014 35545 33065
34708 34232 32854
34269 34953 33475
34648 34249 33040
33746 34086 33848
33915 35642 33123
33757 34448 33697
34681 34277 32841
34431 34780 33410
34293 35266 33263
33916 35586 33132
34562 34267 33005
34664 34290 32875
34397 35238 32933
34561 34766 32997
34469 35216 33264
34451 34854 33384
34546 34790 33102
34480 35222 33089
34318 35248 32881
34031 35388 33104
34377 34772 33606
33960 35387 33109
33946 34269 33841
32879 35638 32755
33330 35688 32214
33803 34167 33803
34574 34040 32656
33338 35672 32333
33318 35620 32444
33769 34418 33717
34182 34836 33494
33155 35635 32722
34370 34762 33593
34308 35033 33253
33881 34188 33617
34534 34666 32893
33986 35475 32880
33038 34452 33699
34163 35070 33358
33854 34345 33775
33068 34386 33733
34243 34930 33333
33015 34418 33769
33897 34540 33615
34473 34874 32789
33964 35408 33038
34250 35248 32990
34435 35168 33173
33839 35617 32951
34104 35358 32883
34294 35150 33197
33991 35297 32965
34098 35463 32925
34355 34825 33337
34033 35271 33156
34462 34579 33174
34466 34888 33146
33813 35428 33061
34361 35125 33176
33845 35416 33096
34548 34569 32946
34242 35266 32781
34161 35264 33159
34248 35262 33077
32867 35630 32501
33065 35632 32334
33093 35604 32273
33164 33768 33789
34449 34710 32860
33047 35622 32528
33556 34254 33679
33835 34041 33634
33913 33916 33543
33309 35432 32868
34217 35249 33056
33431 34371 33617
33973 35333 32805
32919 34425 33589
33659 35569 32724
34278 34673 33460
34046 34952 33277
33917 35321 32907
33355 35602 32499
34366 34547 33334
34173 34746 33364
33387 35568 32740
33743 34151 33779
34091 34473 33522
33639 34158 33724
34104 34806 33234
33551 35312 33070
33629 34766 33445
33680 35250 33123
33772 34387 33572
33356 35429 32841
34428 34882 33072
34095 35189 33086
33864 35070 33182
33393 35114 33193
34036 34770 33336
34273 34840 33189
34356 35150 33134
34391 34816 33159
33859 35037 33187
34316 35126 33152
34060 35135 33148
34370 35038 32883
33744 34813 33355
33635 34724 33580
34357 35047 33123
32746 35412 32763
33124 34150 33724
33128 35563 32581
33458 35462 32432
33717 33999 33610
34426 34880 32983
33054 34226 33596
33345 34574 33523
33212 35522 32699
33600 34114 33590
33497 34167 33419
33079 35277 32701
33745 34068 33539
33286 34161 33636
34346 35005 32900
33886 34576 33409
34358 34905 32773
33982 34723 33362
33810 35242 33028
34094 34742 33226
34182 35217 32926
34018 35176 32991
34114 34718 33221
34028 34757 33134
34335 34967 33029
34266 34963 33120
34368 34710 33084
33976 34673 33397
34059 35119 33088
34189 35042 32963
34070 35058 33093
33981 34882 33143
34098 34671 33405
34255 35033 33132
33150 35522 32648
33175 35330 32348
33405 33973 33543
34382 34719 32923
33178 34533 33427
33596 34054 33450
34080 34616 33304
33461 35221 32997
33164 35425 32653
34359 34865 32792
34070 34743 33131
33896 34990 32860
33692 35097 32987
34163 34700 33098
33975 34586 33354
33805 35102 32929
34034 34577 33380
33751 34986 32948
34265 34814 33064
34240 34922 32898
33585 34929 33093
34312 34612 33016
34334 34790 32832
34211 34955 33073
33863 34797 33092
34352 34745 32977
32724 35470 32538
32859 35508 32328
33156 35355 32193
33960 34446 33344
33964 34435 33160
34339 34735 32916
33325 34972 32924
33152 35269 32419
33749 34830 32987
33076 35438 32594
33902 34456 33316
34310 34766 32755
34242 34535 33051
33758 34918 32913
34330 34686 32970
34110 34954 32889
34114 34821 32777
34052 34470 33096
34208 34817 33071
33085 35469 32588
33964 34514 33154
33934 34715 33121
34243 34724 32950
33990 34721 33115
34237 34731 32928
33031 35457 32584
33077 35132 32321
33923 34424 33320
33950 34396 33077
34220 34660 32664
33744 34507 33136
33041 35228 32530
34057 34900 32859
34175 34753 32694
34186 34597 32836
33973 34785 32914
33841 34425 33082
33913 34815 32997
33753 34893 32862
33770 34706 33108
33889 34555 33081
34132 34650 33060
33973 34724 32985
34202 34588 33025
34104 34766 32855
33966 34696 33057
32313 35417 32339
33915 34347 33115
34180 34503 32827
32964 35211 32442
32909 35046 32524
33761 34892 32703
33484 34812 32880
32910 35408 32507
33902 34806 32566
34055 34445 32918
33979 34499 33028
34020 34617 32934
33949 34607 33009
33638 34787 32884
33901 34649 33027
33861 34586 33028
33788 34756 32889
33718 34871 32855
33748 34714 32925
33714 34774 32859
33862 34720 32897
34031 34792 32840
34049 34598 32917
32644 35388 32471
32665 35371 32331
33462 34309 33087
33996 34625 32820
32851 35123 32394
33759 34820 32627
32784 35215 32489
33830 34761 32669
33672 34789 32837
32655 35237 32408
33810 34599 32918
33937 34498 32983
33922 34430 33018
33761 34662 32876
33839 34534 32883
33947 34332 33023
33942 34361 32842
33829 34585 32858
33907 34500 32829
32621 35179 32449
32624 35383 32299
33799 34401 32952
33878 34386 32944
33930 34492 32755
32729 35211 32350
32663 35161 32471
33646 34709 32807
33594 34482 32919
33864 34594 32658
33595 34606 32873
33770 34550 32810
33825 34434 32818
33879 34427 32770
33777 34505 32898
33829 34455 32814
33899 34403 32897
33909 34387 32917
32304 35300 32194
33642 34474 32892
33907 34336 32745
33751 34593 32361
33575 34581 32792
32577 35296 32233
32529 35199 32339
33819 34447 32617
32337 35296 32284
32457 35210 32315
33868 34438 32720
33718 34533 32761
33720 34391 32843
33881 34371 32856
33878 34369 32886
32420 35155 32289
32491 35212 32130
33785 34271 32825
33867 34349 32789
33578 34530 32529
32510 35084 32247
33667 34520 32645
33751 34423 32621
33774 34373 32545
33640 34308 32812
33864 34368 32805
32079 34919 32123
32418 35079 32107
32486 35061 32074
33373 34228 32709
33724 34115 32360
33450 34477 32598
32350 34786 32177
33543 34243 32472
33535 34407 32406
32260 34902 32154
32195 35046 32016
33392 34167 32427
33592 33790 31993
33381 34453 32341
33392 34400 32375
32195 34835 31813
33111 34311 32272
33351 33744 31915
33247 33929 32117
33128 33941 32168
33324 33780 31907
33028 33781 32087
33064 33694 32134
33107 33503 31748
32278 32827 34722
32322 32700 34735
32839 36133 32640
34936 34351 32111
35095 33982 33290
32352 32979 34705
33579 33395 34512
32731 36044 32995
33459 33517 34626
33821 33618 34429
33269 35844 32879
34112 34102 34238
33477 33884 34341
34874 34445 32359
34790 34473 32210
34501 33758 33647
33506 34583 34031
34896 34174 32685
34756 34641 32827
35003 34036 33217
32844 36110 32739
33743 35229 33737
33374 34656 33977
33430 35809 33150
34688 34816 32258
34936 34351 32111
33164 35358 33596
34185 34303 33971
32776 35938 33077
33976 33976 34287
33079 35143 33825
33630 34535 34134
33926 35430 33499
34013 35673 33404
33205 35616 33417
33836 35262 33699
32912 35758 33352
34661 34813 32492
33663 34732 33921
33179 34563 34131
34207 35561 33282
34599 34714 32562
34545 34866 32459
34463 34960 33291
32883 35995 32973
33635 35073 33806
34269 35221 33426
33079 35143 33825
33607 35506 33570
32984 35690 33187
34319 34775 33501
34275 35501 33313
34424 34733 33538
32992 35679 33315
33169 34829 33889
34329 35340 33233
34355 34996 33337
34213 35037 33461
33883 34985 33814
32883 35964 33037
34672 35014 32396
33782 35033 33818
34401 34910 33435
34415 34796 33395
34595 34842 32642
34505 34901 32621
33654 35327 33666
33963 35069 33471
34672 34914 32445
32731 36044 32995
32806 36031 33038
34507 34991 32580
34166 35308 33354
34210 34691 33550
34166 35308 33354
33173 35953 33076
33639 35710 33176
33639 35710 33176
32883 35995 32973
34530 35013 32563
32806 36031 33038
34212 34987 33483
34672 34914 32445
34595 34842 32642
34530 35013 32563
32798 35572 33342
32949 35936 32832
33028 34473 34075
34754 34149 31793
34850 34090 32064
34751 34310 31930
34655 34706 32258
33323 34551 33917
33184 34427 34005
33232 34629 33918
33917 35117 33428
34634 34460 32662
32884 35912 33020
34497 34845 32523
34390 34753 32646
34484 34500 32539
33603 35371 33513
33790 35001 33571
34521 34488 32435
32905 35827 32872
32982 35677 33133
33441 35168 33692
33958 35334 33162
34590 34696 32330
33875 35274 33374
33507 35589 32972
32837 35736 33292
33687 35169 33623
34185 34968 33320
33480 35256 33555
32919 35826 32950
33095 35534 33315
33819 34796 33777
33469 35410 33535
34206 35327 33161
34052 35176 33400
34290 34798 32597
33738 34988 33739
33126 35468 33528
32995 35724 33109
33150 35612 32462
33179 35602 33264
34076 34969 33478
34141 35151 33387
32948 34683 33839
34355 34545 33498
34512 34812 32337
33007 35613 33290
33674 34813 33796
34177 35334 32932
34355 34676 33402
34318 34681 33477
33645 34701 33826
33171 35488 33347
33777 35131 33693
34146 35539 33066
34268 35166 33300
34154 34737 33371
32816 35546 33328
33501 35164 33708
34022 34699 33522
33805 34808 33739
34174 35328 33272
32913 35595 33301
34024 34698 33513
34152 35165 33351
32993 35543 33345
32425 35845 32879
32742 35890 32827
33169 34374 33876
34585 34077 32032
34742 34186 31802
32863 35694 32647
32735 35828 32908
34315 34818 32504
33438 35088 33702
34444 34737 32414
33742 35489 32794
34544 34241 31802
34544 34112 32040
33055 35600 33047
34403 34752 32356
34522 34172 32240
34336 34259 33189
33873 35035 33369
34118 35296 33077
33702 34875 33724
33475 35236 33487
33077 34427 33802
34184 35300 32970
33728 34518 33626
32998 35374 33449
34054 34639 33381
33928 35320 33154
34033 35389 32919
34260 34448 33457
34516 34616 32281
32816 35546 33258
34097 34567 33437
33113 35564 33153
34026 35174 33232
34542 34169 32320
33571 35151 33529
33621 35023 33564
33041 35521 33307
33565 34981 33686
32911 35547 33197
34239 34934 33286
33121 35464 33354
33660 34945 33716
33538 35010 33594
33717 34836 33626
33567 35244 33322
33589 35107 33590
33679 34987 33594
34193 34412 33468
33976 35124 33365
34328 34613 33353
34254 34584 33418
34213 35118 33234
33094 35467 33360
34531 34387 32038
34255 34633 33417
34045 35243 33197
34009 35115 33264
33988 35116 33275
32572 35719 32703
32682 35839 32572
32900 34358 33777
34538 33985 32031
34666 34083 31802
34495 34604 32231
34285 34542 32283
33213 35130 33232
34098 34213 33461
32990 35591 33002
32757 35350 33391
34260 34488 32350
32631 35685 32900
33616 34841 33715
33953 35290 33046
33300 34957 33560
33437 34585 33722
33024 35320 33149
32585 35711 32807
34220 34672 33087
33507 34851 33624
33805 35105 33107
33687 34660 33526
32929 35483 33166
33657 34499 33704
33477 34934 33471
34027 34999 33111
33700 34461 33606
32984 35403 33275
32972 35452 33128
34099 35016 32625
33900 34868 33211
34283 34455 33224
32639 35696 32678
33914 35047 33180
34109 34490 33323
32937 34975 33438
33971 35096 33034
33230 35092 33401
32922 35071 33414
33621 34899 33463
34161 34479 33407
33642 34952 33300
34200 34852 33255
34172 34865 33207
33009 35117 33312
34222 34462 33240
32493 35647 32546
33437 34609 33708
34337 32699 32090
34556 33908 31765
34433 32716 31893
34262 34530 32208
34520 33997 31768
33390 34847 33579
32695 35573 32733
34375 34186 31992
33931 34895 32956
32952 35362 33154
32764 35532 32550
33282 34936 33521
32841 35501 32784
33107 35006 33345
34415 34098 31921
34075 34313 33375
33502 34837 33466
33543 35289 32909
32573 35609 32846
34147 34406 33259
33785 35242 33008
33806 35160 33031
32732 35458 33072
34190 34773 32126
33707 34772 33187
33853 34922 32850
33594 34759 33701
32937 35046 33290
33173 34939 33168
33147 35030 33118
34078 34267 33285
34207 34378 32995
32624 35551 32846
33843 34326 33294
33128 35107 33231
32752 34948 33496
33617 34768 33371
34237 34238 33181
34191 34731 33231
33589 34862 33362
34151 34744 33213
32723 35572 32769
32677 35401 32860
32689 35558 32725
33592 34621 33686
34297 32507 31861
34289 32790 31976
34132 33943 33158
34235 34488 32205
34182 34279 32577
33432 34652 33590
33162 34695 33576
33495 34826 33426
33571 35182 32779
32841 35129 33041
34160 34625 32122
33593 34591 33379
32749 35481 32727
34005 34710 33028
33076 35004 33252
34020 34175 33347
33738 34951 32662
32791 35076 33216
34146 34004 32839
33147 34963 33101
33840 34765 32947
33704 34295 33292
32953 34862 33296
32947 35066 33122
33726 35058 32952
33084 34877 33134
34068 33996 33303
33914 34855 32920
33818 34385 33239
33755 34456 33230
33710 34313 33279
33804 34919 32900
33908 34869 32904
34074 34600 32847
33795 34853 32927
34137 34201 33115
34029 34459 33151
33826 34610 33220
32420 35540 32409
33137 34577 33674
34294 32503 31646
34214 32777 31965
34063 33715 33239
32861 35053 33084
34267 32556 31836
34112 34045 33113
33862 34168 33204
33566 34197 33298
33250 34779 33220
32616 35401 32727
33656 34953 32697
33089 34638 33581
33456 34670 33350
32474 35501 32575
33435 34367 33493
33655 34541 33017
32973 34696 33252
32462 35360 32744
32605 35438 32506
32529 35533 32507
32607 35192 32729
33782 34649 32986
33341 34557 33544
33410 34641 33477
33678 34749 32840
32928 34643 33512
33667 34653 32908
33773 34675 32795
33739 34680 32865
33726 34650 33015
33383 34544 33549
33380 34553 33483
32322 35041 32740
32458 35472 32551
33058 34261 33558
34266 32440 31703
34126 32693 31843
33912 33670 33148
32529 35369 32567
32817 35036 33076
34100 33993 33113
32930 34715 32929
34164 32516 31834
33655 34814 32642
33478 34093 33084
33670 34548 32944
33644 34688 32782
33586 34485 33009
33388 34530 33306
33157 34627 33359
33306 34477 33515
33359 34385 33464
33214 34522 33524
33392 34518 33369
33084 34634 33547
33335 34623 33413
33339 34430 33489
33383 34486 33433
33340 34398 33544
32272 35054 32558
32351 35449 32249
33068 34622 33514
34110 32544 31704
34027 33923 32998
33477 34704 32247
33938 33931 33109
34007 33983 32932
33237 34352 33356
32795 34888 33067
32473 35112 32256
32731 34925 32460
33383 34503 33346
33074 34655 32715
33634 34467 32647
33206 34455 33490
32399 35287 32442
32314 35331 32332
33510 34523 32638
33585 34645 32578
32204 35211 32423
32381 35148 32134
33166 34191 33397
33774 33803 33063
32520 34742 32875
32928 34563 33248
33254 34197 33313
32687 34611 33016
33180 34158 33387
32681 34570 33086
33226 34207 33255
33179 34430 33360
32610 34376 33388
33230 34371 33250
32369 34527 33231
32927 34558 33080
33138 34200 32973
33197 34329 32642
32519 34454 33057
32651 34533 32965
32774 34010 32998
32892 34507 32720
32909 34452 32807
32681 34277 33019
32833 34445 32890
32586 34448 33020
32678 34417 32963
32904 34387 32972
32319 34440 32723
32517 34367 33051
32730 34063 32921
32675 34266 32876
32562 34329 33008
32640 34361 32951
32519 34356 32911
32640 34174 32933
32675 34227 32834
32477 34242 32808
32631 34209 32718
32652 34116 32741
32545 34179 32764
32383 34204 32713
32607 34044 32519
32268 33850 32626
