3 0.195847
21399 20654 21033 20907
20915 20969 21325 21280
20701 19741 21361 20718
20449 19752 20449 21169
20800 20867 20964 20739
21399 20654 21033 20907
20867 19994 20816 21207
21156 20141 21003 21183
21219 20789 20965 21457
21726 20535 20994 20747
20805 20242 21687 21120
20724 20625 20801 21037
20543 20505 21181 21482
21150 20770 21382 21029
21114 20474 20739 20529
21087 20391 21079 20888
20815 20989 21434 20856
21421 20416 21266 20836
21340 20067 22006 20798
21114 20474 20739 20529
20789 19533 21420 20777
21452 20155 20614 20668
21091 20147 21390 21031
21082 19686 20634 20334
20502 20641 21197 21071
20855 20073 21178 21712
21087 20243 21138 21430
20448 19969 21588 21269
20965 19930 21109 21668
20858 20702 21381 21662
20621 19530 20788 21049
20269 20842 20942 19647
20464 20817 21078 21125
20797 20579 20736 21175
20888 20235 21331 21127
20921 20752 20806 21331
21180 20590 22183 21528
21634 20079 21712 21783
20927 20503 21889 21437
21272 21019 21546 20303
21268 20372 21278 21335
20549 20768 20805 20937
21249 20853 21850 21486
21233 19413 21124 20830
21113 21305 21286 21214
20378 20198 21046 20868
21906 20527 20906 20487
21567 20978 21302 21425
20198 20534 21162 20311
21557 19811 21380 20893
20660 19929 21708 20918
20785 19982 21928 20906
20264 20730 20891 21374
21331 20326 21218 20703
20497 20152 21249 21539
21586 20479 21489 20687
20984 20557 21821 21246
20952 19907 20679 21550
20925 20031 21792 21478
21709 20585 21384 20729
20552 20122 21568 21427
21328 20611 21264 21674
20671 20465 21134 21016
21333 20516 21917 20990
21037 20101 21799 20936
21041 20253 20928 21181
21394 20782 21632 21262
21698 20150 21211 21033
20508 20515 21319 21586
21119 20589 20972 20693
20762 20600 21649 21157
20739 20904 21637 21106
21048 21151 21276 21329
21634 20079 21712 21783
21556 21207 20889 20245
20122 20437 21300 20363
20582 20347 21474 21228
21464 20578 21070 21263
20878 19679 21445 21234
21143 20207 21405 21822
20584 19409 21406 20621
20278 20695 21087 20886
21268 20372 21278 21335
21600 20420 20720 20268
20711 20338 21360 21199
20762 20600 21649 21157
20750 20732 21234 21078
21151 19749 21125 20356
20629 20620 20552 21158
21059 20276 20365 21092
19845 20355 21266 21408
21489 20070 20822 20539
20510 20799 20997 20854
20749 20635 21018 21842
21586 20479 21489 20687
20544 20492 20414 20104
21075 20376 20703 21367
21146 20179 21108 20910
21152 20343 20735 21048
19922 21588 20652 20262
20028 19387 21188 21298
21245 20796 21559 21454
20987 20642 20999 20878
21514 20590 21257 20379
21108 20647 20708 20485
20366 19905 20820 21468
21284 20269 20778 20993
20947 21040 21033 20671
21277 20237 21704 21293
20464 20817 21078 21125
21048 20254 20907 20923
20876 20170 21589 20823
20502 20885 21384 21196
21143 20469 20908 21012
20969 20719 21828 20758
21239 20932 20702 21311
20823 20504 21240 20035
21510 20698 21241 20902
21559 20179 20802 20653
21495 20128 20861 20367
20831 20179 20484 21368
20490 20238 21232 21447
21198 19756 21155 20836
21208 20586 21196 21135
21089 20988 20513 20721
21514 20590 21257 20379
20532 20635 20539 21192
21341 20596 21090 21044
21087 20527 20471 21145
21143 19712 21474 20500
20769 19986 21678 21287
21059 20641 21158 21102
20692 19996 20860 21281
21028 20300 20546 20984
21165 20857 20482 20565
21421 20416 21266 20836
20918 19732 20425 21444
21059 20543 21934 21393
20056 20754 20989 21523
20900 20738 20546 20439
21305 20848 21343 20516
20832 20133 21375 20565
21288 20856 20757 20983
21201 19564 20157 21023
20441 19847 21443 20914
21135 20013 22057 21619
21004 20849 21080 20591
20795 20454 21754 20967
21068 20953 21554 21019
21232 20077 20710 20802
21075 20376 20703 21367
21113 19966 21609 21056
20660 19929 21708 20918
21491 20260 21197 20846
21709 20585 21384 20729
19577 20485 20369 21013
20056 20754 20989 21523
21314 19803 21195 21263
21087 20346 21104 20416
21132 20490 21003 21208
20826 20168 21084 21511
20788 19538 21103 20593
21135 20013 22057 21619
21238 21038 21754 21156
21219 20789 20965 21457
21340 20067 22006 20798
20867 19994 20816 21207
21051 20191 20874 20856
20820 20066 21623 20900
21452 20647 21404 21377
20356 19668 21176 20909
20515 20449 21403 21181
20869 19851 21145 21222
21394 20782 21632 21262
20863 19911 21463 20691
20138 20311 21083 20554
20770 20320 21282 20462
21666 19722 21561 21541
20744 20441 20667 20655
21466 20300 21874 20966
20548 20666 20020 21534
21721 20270 21085 21663
21598 19728 20568 20384
20490 20238 21232 21447
20603 20239 21410 21036
20247 20663 20511 20575
21770 20059 21561 20921
20699 20721 21611 20670
20926 20778 21130 20987
20538 20645 20976 20570
20948 20598 20938 21544
20769 19986 21678 21287
20350 19488 21268 20974
21276 19660 20666 20941
20434 20793 20889 20934
21499 20373 21139 20861
21194 20807 21307 21114
20825 20154 21201 21472
20750 20027 21100 21156
21048 20254 20907 20923
21405 20836 21497 21531
20577 19487 21300 20911
20445 19889 20946 21221
20819 20815 20743 20731
20785 19982 21928 20906
20216 21116 20323 20406
21007 20814 21127 20509
19898 20479 21458 20714
21510 20698 21241 20902
20906 20163 21172 21075
20856 19965 20829 21453
21160 20021 21103 20851
20509 20318 21224 20759
20841 20154 21280 20884
21464 20578 21070 21263
20938 20541 20809 20135
20372 19978 20498 21421
21145 20316 21196 21027
21624 20260 21665 21688
20969 20719 21828 20758
20406 20811 22484 21217
20736 20014 20514 21122
21401 20181 21099 20910
20937 20640 20858 20282
21367 20652 21897 21068
21000 20205 21482 21161
21249 20853 21850 21486
20827 20268 20193 21076
21557 20788 21444 21077
20589 20370 21660 21025
20664 20370 21058 20329
20716 19802 21488 21407
21015 20153 21534 21212
20967 20584 21446 20897
20862 20482 20977 20977
21059 20543 21934 21393
21356 20463 21192 21812
21062 20317 20589 20853
21368 19455 20453 20704
21122 19680 20850 20527
21064 20576 20976 21424
21319 20013 21084 20962
21427 20230 21043 20479
19852 20381 20253 20582
21037 20101 21799 20936
20521 20653 21578 20755
20599 20364 20695 21360
21333 20160 21476 20938
21063 20690 20964 20909
20800 20867 20964 20739
20440 20446 20479 20994
20591 20548 20624 21049
21180 20590 22183 21528
21238 21038 21754 21156
21822 20539 21114 21060
20097 19540 21247 21176
20384 20135 20285 21530
20965 20287 21179 20421
21388 20274 21033 21013
21048 21151 21276 21329
20858 20702 21381 21662
20722 20580 21230 21102
20791 19460 21064 21243
21354 19898 20609 20664
21272 21019 21546 20303
21840 20476 21218 20871
21172 19190 21101 20591
21574 20345 21309 20985
20984 20764 20849 20691
21288 20856 20757 20983
20361 19834 21180 21698
21158 19106 21171 20158
20702 20330 21595 21020
20687 20119 20885 21087
20929 21273 20934 20510
20698 20446 19905 20133
21124 19668 20648 21213
21426 20385 21566 21385
20967 20437 21424 20985
21058 20632 20403 20904
20292 20316 21238 21244
20938 20287 21329 20891
20542 20028 21175 21574
21624 20260 21665 21688
20989 21012 21318 21138
20424 20969 21566 20749
20890 20028 21317 21242
21045 20038 20473 20597
20780 19880 21058 21032
21225 20057 21322 20190
21130 20671 21235 21048
20385 20065 21845 20526
21130 20671 21235 21048
20992 20020 21024 20921
20830 19323 21043 20651
20794 20611 21215 21672
20708 20776 21500 20916
20295 20474 20491 20757
21005 20272 20734 21221
21645 20197 21976 20854
21277 20237 21704 21293
21272 20168 21417 21165
21032 19894 20832 21252
21059 20641 21158 21102
21502 21167 21190 21399
21725 20308 21267 20665
20442 20024 20915 21307
20948 20598 20938 21544
21557 20788 21444 21077
21152 20574 21503 20856
20854 20102 21002 21298
20620 20776 20743 20878
20532 20144 21111 21310
21220 19985 21615 21151
20947 21040 21033 20671
20927 20089 21549 21307
20908 20261 20112 21271
20992 20215 20987 21001
21064 20407 21046 20766
20998 20699 20570 20894
20872 20392 21570 19980
20728 19908 21156 21441
21348 20714 20423 20843
21506 19947 21256 20840
20830 20134 21296 20434
20661 19996 21005 21219
20568 20437 21259 20748
20632 19959 20939 21235
20587 20566 20735 20535
21392 20183 20822 21227
20311 19894 20380 21142
20913 20229 21046 20500
20969 20203 21049 21048
21208 20586 21196 21135
21068 20953 21554 21019
20663 20619 21204 21059
20253 20221 20988 20925
21122 20641 21376 21019
21227 20679 21134 20397
20729 20207 21072 20560
21452 20647 21404 21377
20942 19905 21361 20956
20687 20606 20460 21053
20912 20592 20988 20123
20538 20645 20976 20570
20731 20509 21807 21165
21234 20760 21960 21376
21320 20935 20693 21296
21057 20178 21232 21221
21148 19599 20859 19589
20880 20767 21175 20344
20231 20076 21118 20692
21426 20236 21092 21109
20714 20028 21679 21112
20896 20170 20970 20432
20587 20944 20703 20264
20615 20274 21290 20280
20461 20922 21103 20891
21229 20311 20575 21255
21127 20062 20448 20096
20553 19752 20897 21151
20925 20031 21792 21478
21307 20742 20900 21453
20774 20319 20435 21116
21135 20241 21134 21023
21323 20563 21781 20905
21650 20764 21976 20910
21454 19945 21728 20931
20542 20871 20983 20690
21163 20528 21239 20710
20570 20146 20688 20971
21141 20362 20612 20609
20478 20201 21043 20851
21004 20092 21127 21543
21520 20566 20832 20302
21246 20750 21098 20216
20735 20363 21510 21207
20961 19686 20861 19830
20274 20475 20661 20742
20720 20902 20930 20007
20699 20721 21611 20670
21143 20469 20908 21012
20787 19663 20135 20968
21035 20077 20937 20544
20262 20257 21024 20192
20655 20642 20902 21164
21232 19810 21187 19930
20664 20705 20738 20286
20515 20449 21403 21181
21409 20628 20782 20880
20502 20178 21413 21302
20967 20217 21282 20451
21725 20308 21267 20665
21392 20183 20822 21227
21272 19956 21477 19987
20822 20423 20793 20751
20258 20602 20758 21581
20984 20557 21821 21246
20803 20549 21628 20820
20434 20685 21054 20566
20546 20245 21055 20892
21341 20596 21090 21044
21387 19950 21292 21210
21050 20741 20745 20943
20843 20508 21693 20667
21046 19900 21610 20680
21387 19950 21292 21210
20927 20397 21379 20819
20846 20617 20890 21110
20925 19745 21498 20654
21122 20641 21376 21019
21356 20463 21192 21812
20915 20969 21325 21280
21200 20393 20405 20656
21393 20745 21297 20830
21112 20750 20967 20103
20815 20989 21434 20856
20955 20037 20941 21583
20656 20357 20948 21133
21275 19882 20407 20520
20548 20666 20020 21534
21284 20269 20778 20993
21023 20897 21156 21104
20678 21059 20981 20353
20378 20738 21107 19888
20280 20259 21378 21153
20815 20199 20872 21431
21409 20689 21287 21033
20663 20290 21109 20786
21721 20270 21085 21663
20364 20041 20834 21722
20708 20776 21500 20916
20739 20904 21637 21106
20963 20826 21063 20774
20484 20282 21227 20996
21645 20197 21976 20854
21019 19872 21387 20882
20767 20396 20840 21341
20837 19977 21669 21085
21520 20566 20832 20302
20521 19805 21170 21236
21321 20480 21329 21061
20849 20634 20814 21356
21379 19831 20639 20472
20830 20134 21296 20434
21479 19922 21493 20934
21013 20533 20584 21269
21502 21167 21190 21399
21068 20492 21181 21140
21131 20341 20380 20550
20419 19344 20370 21304
20413 20065 21135 21357
21152 20574 21503 20856
21410 20702 21107 21104
21398 20145 21064 20380
19941 20762 20644 21383
