5 1.84718
20975 20664 21620 22533
21307 21849 21648 20905
21314 20639 21391 22668
21397 20917 22366 22135
21630 19886 21864 20214
21942 19854 21172 21257
21984 19651 21555 21305
22245 19720 21397 21031
21927 20354 21299 20650
21618 21335 21757 21994
21248 21308 22311 21594
21869 20019 21268 21151
21231 21616 21560 20963
21682 19872 22066 20444
22071 19831 21415 21123
21357 21726 21607 20825
22177 19707 21532 21191
21570 19919 22088 20469
22108 19885 21513 21034
21964 19835 21189 21222
21068 20674 21705 22366
21302 21035 22280 22009
21501 20873 21950 22024
21747 21198 21722 21829
21221 21633 21689 20880
21306 20934 22205 21948
21774 19944 21829 20269
21661 21220 21728 21907
21448 21231 22181 21714
21281 21241 22325 21599
22049 20754 21185 20890
21153 21146 22187 21624
21912 20687 21260 20840
21585 20875 21875 21606
21888 20438 21332 20684
22132 19731 21387 20865
21720 21189 21777 21982
21306 20727 22105 22179
21108 21126 22030 21787
21422 21690 21284 20691
21457 20980 21640 22275
21866 20542 21353 20561
21630 21190 21822 22002
21178 20999 22153 22010
21322 20512 21563 22563
21254 20948 22174 22070
21348 20565 21451 22535
21150 20813 21533 22508
21420 20962 21613 22289
21519 21081 22127 21877
21803 19723 21345 21280
21365 20447 21525 22619
21300 21275 21973 21985
21248 21047 22156 21769
21479 20602 21431 22618
21931 19750 21315 21179
21516 20859 22043 21969
21020 20741 21575 22436
21537 20817 22007 21967
21551 21272 21954 21992
21407 21010 22144 22152
21586 19928 22014 20457
21773 21127 21774 21920
21943 20615 21281 20594
21113 20878 21486 22533
21383 21621 21401 20774
21698 21165 21858 22049
21048 20778 21549 22419
21117 20648 21420 22554
21917 19652 21489 21234
21946 20709 21279 20777
21783 20651 21378 20735
20986 20811 21564 22464
21233 21086 22116 21799
21328 21137 21663 22278
21850 20602 21347 20741
21006 20648 21640 22428
21897 19985 21649 20938
21520 21055 22039 21956
21874 19962 21559 20940
21950 19866 21583 20932
21774 19944 21829 20269
21350 20581 21564 22463
21836 19791 21572 20997
21698 21165 21858 22049
21259 20752 21516 22426
21048 20778 21549 22419
21338 21694 21661 20878
21873 20529 21358 20564
21836 19791 21572 20997
21349 20928 21658 22381
21365 20771 22181 22150
21890 19893 21305 21152
21475 20992 21992 21980
21784 20003 21700 21152
21487 20870 22013 21963
20985 20684 21592 22433
21791 19833 21267 21162
21984 19651 21555 21305
21362 21022 21588 22375
21870 19778 21420 21155
21840 19677 21362 21224
21946 19722 21367 21197
21919 19867 21515 20991
21343 21630 21400 20840
21475 20992 21992 21980
21840 19677 21362 21224
21233 21086 22116 21799
20814 21261 21111 20885
21119 21814 21213 20820
21211 21786 20969 20767
21274 20498 21318 22630
21363 20884 22309 22023
21827 19954 21537 20135
22239 19582 21336 21012
21124 21134 22220 21514
21672 19985 21851 20303
21966 20349 21146 20395
21692 21124 21697 22046
21347 21598 21574 20711
21955 20555 20973 20678
21951 19688 21329 21181
21603 19734 21921 20252
21448 20814 21628 22211
21767 21085 21745 21886
20927 20582 21494 22427
21528 19917 21977 20405
21661 19761 21804 20396
21378 20790 21883 21907
21512 21181 21635 21861
21204 21127 22204 21573
21918 20629 21208 20751
21196 21201 22129 21581
22104 19885 21430 20886
21885 20444 21216 20597
20997 21227 22123 21679
20985 20714 21557 22338
22036 19843 21330 21003
21574 21164 21759 21975
21856 20415 21279 20597
22165 19688 21367 21026
21215 21206 22086 21637
21488 19826 21991 20396
21907 19866 21162 20940
22147 19702 21502 21121
21565 19817 21768 20384
20963 20552 21495 22419
21091 21599 21615 20734
21302 21732 21572 20856
21555 19873 21873 20289
21067 20730 21363 22509
21976 19816 21275 21067
21192 21628 21587 20857
21155 21773 21126 20803
21509 19948 21932 20385
22162 19651 21402 21062
21278 21046 21461 22167
21306 21667 21435 20766
21187 20932 22115 21914
21340 20848 22048 22142
21129 21047 22014 21709
21052 20814 21470 22445
21314 20999 21583 22286
21875 19718 21303 21073
22161 19627 21344 21098
21529 19774 21965 20385
22074 19807 21380 21034
21318 20957 22027 22138
21794 20522 21227 20756
21235 20971 22090 22092
21670 19864 21765 20304
21812 19796 21520 20937
21206 20974 21548 22371
21067 20798 21558 22290
21863 19699 21396 21151
21223 21762 21239 20813
21238 20728 21518 22334
21198 20575 21339 22601
21896 19877 21223 20994
21325 20884 22033 22057
21111 21741 21287 20832
21308 20972 22044 21790
22065 19705 21377 21100
21136 21795 21155 20739
21252 21033 22052 21740
21352 20993 22033 21984
21529 21068 21903 21787
21254 20979 22105 21753
21841 20574 21326 20710
21938 20449 21212 20687
21231 20458 21320 22502
21171 20580 21289 22605
22073 19826 21258 20999
21276 20434 21448 22615
21890 19895 21496 20926
21216 21028 22111 21865
21915 19898 21217 20774
21184 21175 22115 21699
21256 20552 21369 22490
21100 21784 21349 20811
21921 19710 21227 21162
21796 20496 21213 20754
21314 21232 21913 21913
21201 21106 21966 21781
21326 20426 21280 22495
21121 20797 21482 22494
21315 20447 21433 22462
21198 21780 21142 20750
21052 20814 21470 22445
21237 21805 21326 20717
21252 21033 22052 21740
21067 20730 21363 22509
21201 21106 21966 21781
20956 20804 21436 22380
21154 21767 21218 20657
21252 20388 21114 22613
21292 20764 22280 21926
21584 19829 21818 20191
21920 19630 21113 21056
22020 19447 21356 20961
22231 19508 21321 20959
21643 19874 21713 20209
21161 21184 22092 21460
21795 20288 21276 20661
21412 19627 21892 20329
21590 21031 21590 22010
21287 21519 21461 20745
22138 19585 21363 20779
21746 19681 21167 21141
21141 21133 22117 21546
21285 20803 22165 21883
21704 20583 21369 20574
21489 20989 21871 21706
21314 20560 21996 21945
21830 20452 21180 20459
21517 20848 21804 21558
21417 21063 21875 21718
21041 20434 21144 22523
21002 20575 21545 22304
21227 21566 21534 20843
21121 21056 22160 21559
21085 21123 22042 21556
21275 20805 22003 22081
20962 20741 21377 22475
21962 19705 21298 20908
21814 19616 21234 21111
21194 21037 21825 21793
21864 20373 21207 20577
22077 19612 21373 20822
21251 20925 21938 21877
21005 20767 21495 22369
21096 20483 21125 22567
21529 20836 21811 21706
21214 20938 21961 22011
21414 21008 21842 21782
21199 21022 22080 21639
21029 20657 21529 22267
21232 20963 21991 21911
21232 20998 21462 22164
22022 19820 21170 20975
21899 19792 21343 21031
21798 20540 21324 20517
21196 20892 22072 22037
21954 19734 21299 20734
21221 20816 22030 21861
21500 20633 21812 21728
21731 19840 21336 20929
21112 20653 21446 22455
21131 20686 21326 22332
21283 21662 21328 20614
21163 20900 21485 22285
21018 20715 21398 22387
22099 19490 21336 20833
21198 20673 21409 22244
21039 21746 21273 20752
21225 20923 21470 22208
21845 19686 21217 21137
22120 19661 21327 21049
21299 21542 21219 20735
21758 19820 21232 20714
21786 19685 21478 21069
21933 20416 21203 20686
21202 20811 22018 21981
21991 19698 21367 20942
21225 20862 21998 21669
21747 20506 21164 20622
21949 19670 21389 20806
21998 19771 21281 20933
21149 20411 21346 22417
21241 20788 22038 21974
21218 21758 21177 20493
22094 19673 21273 21012
21211 21668 21185 20703
21414 20997 21888 21736
21195 21683 21137 20597
21157 21711 21126 20752
21222 20891 21393 22240
21156 21729 21163 20683
21741 20575 21282 20649
21886 19680 21277 21076
22016 19642 21445 20985
21101 21665 21173 20778
21884 20558 21140 20743
21756 20408 21205 20689
21089 20754 21332 22392
21740 20551 21207 20677
21086 21695 21328 20704
21241 20857 21299 22285
21214 20380 21323 22397
22014 19668 21442 20935
22014 19668 21442 20935
20573 21083 21043 21286
21050 20635 21252 22447
21065 20870 22064 21797
21150 21720 21170 20531
21564 19734 21559 20043
21647 20194 20821 20737
22153 19447 21259 20792
20853 20975 22020 21449
21861 20457 20998 20639
20976 21362 21459 20563
21731 20248 21222 20315
21706 19844 21121 20736
20880 21634 21023 20715
21482 20725 21869 21597
21164 20896 21931 21998
21548 19586 21663 20171
21504 19529 21712 20181
21345 20898 21789 21738
21802 19661 21064 21065
20937 20689 21474 22165
21796 20407 21089 20621
21387 20692 21761 21688
21271 21023 21804 21713
21448 20879 21677 21559
22093 19452 21311 20848
21510 19712 21746 20161
21221 21540 21443 20833
21192 21641 21003 20433
21219 20799 21926 21840
21232 20974 21824 21702
21945 19746 21243 20930
21988 19636 21159 20994
21102 20986 21978 21629
20970 20559 21381 22415
21198 20851 21226 22118
21899 20278 21054 20519
21096 20976 21910 21637
21685 20535 21276 20469
20996 21065 22004 21525
21162 20923 21296 22179
21968 19814 21110 20846
21212 20794 21271 22258
21166 21688 21133 20487
20956 20650 21440 22351
21129 20653 22004 21791
21975 19575 21333 20899
21837 19692 21157 20947
22104 19621 21274 20990
21829 20314 21193 20562
20938 21546 21063 20548
21178 20831 21363 22145
20986 20560 21462 22346
21014 20575 21317 22346
21168 20824 22022 21567
21978 19668 21205 20740
21121 20895 22057 21629
22101 19490 21300 20902
21812 20365 21182 20539
21699 20470 21317 20480
21815 20283 21182 20586
21059 20539 21322 22356
20997 20625 21378 22432
22104 19541 21286 21002
21213 20831 21263 22249
21811 19688 21253 21031
21210 21014 21754 21717
21223 20714 21374 22137
21970 19714 21114 20920
20851 21060 21907 21502
20961 21509 20945 20384
21040 20633 21170 22348
21384 19596 21766 20115
21599 19792 20924 20665
22082 19347 21077 20868
21169 21488 21384 20648
21173 20926 21708 21703
21776 20281 21026 20447
21551 20431 21125 20378
20958 20590 21314 22341
22044 19544 21204 20990
21474 20701 21715 21583
21174 21420 21148 20557
20870 20742 21307 22061
21336 20726 21787 21389
21185 20376 21268 22179
21374 19727 21843 20132
21730 20291 21082 20468
21115 20787 21754 21843
21084 20824 21839 21709
21239 20892 21757 21629
21642 20358 21089 20433
21971 19605 21270 20689
20980 20890 21794 21392
21946 19483 21254 20885
21824 19721 20983 20710
21133 20795 21256 21950
22065 19407 21180 20805
21332 20870 21761 21666
21050 20847 21871 21912
21860 19694 21235 20871
21881 19594 21159 20948
22047 19480 21141 20569
21800 19648 21099 20953
21621 20411 20954 20566
21826 19557 21207 20981
20960 20709 21874 21464
21778 19764 21106 20706
22067 19406 21160 20837
20950 20815 21168 21776
21056 20692 21170 21837
21371 19524 21673 20022
21563 20177 20941 20124
22080 19283 21058 20784
21737 19532 21205 20975
21432 20357 21366 20530
21463 20294 20947 20337
21790 19495 21198 20635
22024 19513 21138 20648
21394 19657 21491 20192
21402 19697 21614 20080
21644 19674 21202 20784
21453 19646 21613 20148
21373 19609 21651 20150
20967 20669 20975 21821
21722 19520 20983 20912
20291 20180 21094 22154
20861 21289 21555 21331
21169 20624 20342 22321
21280 20295 22447 21504
21454 19937 21868 21451
21495 20826 21590 20458
22285 20480 21552 20726
20710 21031 21711 21214
20622 20436 21268 22074
20985 21139 20418 21948
21410 20326 22122 21748
21300 20517 20673 22138
22152 20504 21484 20710
21678 20357 21546 21783
20911 20901 20869 21914
21276 20895 20717 21895
21104 20965 20839 22061
21443 20630 21130 21491
21176 20336 21979 21570
21731 20558 21794 20692
21609 20033 21849 21579
21492 20743 21585 20559
21617 20447 21359 21652
21696 20290 21208 21525
21059 20768 22282 21004
22003 20533 21907 20744
20981 21051 21624 21520
21226 20839 20745 22140
21610 20116 21614 21666
21591 20471 21409 21683
20981 20753 22252 21074
21289 20683 20954 22059
21644 20592 21297 21328
21780 20729 21392 21321
21161 20701 22145 20928
21535 20778 21591 20537
21191 20475 22363 21386
21344 20703 21592 21646
20992 21162 21669 21459
21692 20172 21628 21638
21754 20246 21711 21569
20963 21236 21689 21453
21577 21037 21424 21136
21889 20528 21839 20801
21456 20681 21050 21533
21511 20189 21750 21602
21010 20397 22182 21500
21258 20376 21807 22086
22064 20617 21719 20784
20941 21285 21689 21439
22100 20673 21608 21028
21948 20532 21677 20897
21582 20223 21816 21582
21028 20737 20935 22254
21191 20881 20824 22074
21838 20729 21565 20851
21723 20582 21280 21337
21142 20345 21948 21998
22125 20608 21632 21100
21477 21210 21716 21057
21087 20664 22285 21060
21154 20834 20888 22289
21211 20581 20809 22199
21014 21144 21669 21436
21186 20314 22334 21494
21279 20786 21580 21093
21142 20731 22416 21056
21461 20546 21551 21161
21122 20757 22153 21117
21085 20621 20393 22293
20954 21157 21636 21535
21272 20234 22304 21532
21120 20183 21947 22041
21429 20828 20915 22119
21557 20087 21668 21671
21256 20393 21833 22137
21857 20537 21896 20871
21968 20523 21836 20781
20949 20899 20844 21964
22080 20555 21672 20866
21192 20286 22392 21509
21066 20785 20903 22208
21098 20580 20765 22313
21218 20425 21878 22015
21435 20070 21735 21675
21077 21211 21563 21679
21161 20745 20783 22129
21780 20729 21392 21321
21495 20573 21085 21512
21195 20732 20836 22221
21536 20044 21833 21334
21815 20574 21502 21442
21291 20732 22180 20920
21048 20587 21893 21144
21985 20424 21647 20893
21630 20173 21757 21099
21724 20264 21624 21526
21098 20310 22365 21451
21815 20574 21502 21442
21137 20545 21899 22023
21989 20681 21735 20698
21971 20482 21771 20890
21140 20417 21853 22018
21180 20829 20855 22043
21499 20061 21701 21614
21590 20277 21585 21602
21091 20713 20940 22238
21880 20535 21859 20825
21296 20772 21606 21125
21499 20061 21701 21614
21557 20087 21668 21671
21971 20482 21771 20890
21426 20709 20941 22075
21880 20535 21859 20825
21422 20713 21093 21514
20965 20576 20800 22294
21121 20901 21576 21161
20965 20576 20800 22294
21271 20897 21858 21145
21104 20589 21905 21131
21731 20558 21794 20692
21422 20713 21093 21514
21271 20897 21858 21145
20506 20474 21277 21755
20887 21012 20272 21733
20919 21275 21542 21388
21032 20620 20768 22284
21150 20189 22400 21276
21363 20815 21648 20579
21584 19821 21717 21463
22215 20450 21492 20679
20938 20944 20676 21897
21103 20501 20451 22277
20976 20984 20302 21776
21385 20603 21045 21529
20715 20908 20814 21900
20575 20411 21102 22064
21233 20656 20884 22115
21063 20846 20329 21984
21442 21117 21628 20871
20839 21233 21625 21114
21188 20679 20777 22192
21525 19861 21833 21541
20817 20906 20745 21770
20580 20501 21244 21727
21577 20269 21397 21671
20746 20365 22064 21061
21342 20060 21692 21328
20506 20474 21277 21755
21416 20760 20873 21930
21175 20710 20564 22088
20869 20672 22126 20925
21661 20655 21727 20623
21485 20370 21335 21360
21015 20874 20766 21937
21283 20147 22007 21594
21486 20316 21529 21470
21643 20212 21704 21099
21225 20177 21947 21239
22147 20440 21412 20685
20580 20501 21244 21727
21687 20199 21616 21545
21347 20808 20748 22027
22134 20424 21466 20726
21925 20520 21630 20787
21221 20756 20833 21969
21746 20570 21142 21235
21371 20037 21686 21199
20731 20375 22150 21183
21333 19894 21771 21304
21699 20471 21875 20676
21259 20130 22011 21611
21040 20545 22176 21045
21134 20287 21824 22000
21425 19988 21721 21362
21179 20350 21812 22082
21867 20484 21570 20874
21588 20227 21635 21399
22007 20452 21537 20716
21234 20997 21680 20858
21213 20819 20573 22036
21406 19950 21832 21220
21073 20623 22318 20936
22097 20545 21366 21020
21752 20542 21707 20693
21087 20304 22252 21335
20947 20738 21976 20812
21972 20576 21625 20798
21155 20671 20794 22157
21259 20130 22011 21611
21061 20665 22265 21008
21795 20444 21799 20786
22094 20555 21403 20635
21026 20235 22378 21469
21581 20273 21479 21624
22035 20523 21577 20662
21197 20258 22341 21343
20916 20899 20749 22054
21526 20138 21566 21612
21330 20533 21162 21468
21582 20567 21191 21193
21105 20269 22317 21502
21804 20506 21519 20816
20983 21124 21620 21425
21652 20250 21615 21522
21833 20365 21613 20824
22063 20613 21405 20964
21403 19963 21724 21293
21005 20262 22354 21413
21375 19913 21767 21357
21296 20725 21700 21031
21420 21208 21647 21017
21116 20655 21909 20675
21085 20614 22208 21005
21557 20574 21172 21342
21853 20450 21453 20974
21295 20736 21709 20747
21146 20619 22085 20904
20836 21196 21593 21442
21228 20756 20602 22043
20983 20703 22005 21107
21088 20845 21491 21068
21001 20904 20829 21908
20837 21142 21684 21316
22070 20383 21399 20804
20905 21154 21605 21367
21126 20464 21889 21931
22051 20420 21477 20862
21368 19957 21804 21267
21864 20593 21517 20875
22026 20599 21504 20835
21562 20454 21145 21268
21178 20843 20628 22047
20992 20691 21968 21062
21525 20276 21432 21456
21850 20423 21769 20758
21156 20362 21969 21293
21958 20502 21568 20888
20977 20389 21905 21209
20944 21163 21541 21460
21377 20715 21660 20688
21280 20723 21478 21058
21425 20692 20796 22101
21954 20615 21697 20776
22025 20669 21452 21021
20731 20375 22150 21183
20934 21184 21550 21447
21436 20527 21167 21372
21945 20598 21508 20859
21375 19913 21767 21357
21173 20219 22093 21400
20901 21199 21591 21362
21178 20843 20628 22047
21148 20635 22079 20816
21056 20181 22352 21400
21055 20714 20790 22278
22034 20444 21418 20786
21085 20614 22208 21005
21334 20556 21191 21463
20902 20641 22009 21029
20934 21184 21550 21447
21149 20314 21973 21384
21105 20269 22317 21502
21132 20366 21878 21937
21340 20606 21168 21444
21087 20672 20803 22032
20977 20389 21905 21209
21661 20215 21681 21400
21173 20219 22093 21400
20384 20341 21196 21921
20832 21190 21585 21171
20919 20078 22371 21289
20961 20867 20196 21799
21036 20413 20261 22274
21137 20583 21622 20458
21507 19807 21817 21486
22097 20389 21458 20627
20861 20938 20405 21785
21471 20064 21446 21582
21368 20395 21094 21228
21103 20647 20808 22093
21955 20366 21479 20866
20892 20978 20244 21663
20702 20364 22106 21081
21789 20483 21679 20570
21090 20604 20735 22188
21011 20157 22335 21351
21570 20012 21652 21378
20854 20539 21889 21034
20988 20896 20520 21721
21711 20434 21744 20701
21597 20127 21595 21384
21410 20364 21247 21253
21460 19823 21747 21370
21371 21024 21540 20826
21829 20507 21656 20723
20703 20320 21981 21075
20547 20428 21316 21724
20515 20281 21272 22001
20584 20347 21149 22053
20498 20349 21159 21886
21497 20120 21143 21478
21198 20669 20552 21896
21089 20590 21981 20723
20738 21063 21592 21170
21221 20647 21604 20473
20878 20619 22029 20835
21894 20610 21415 20915
20893 21174 21471 21302
21499 19855 21737 21400
21039 20444 22173 20954
21140 20743 20601 21888
21044 20224 22281 21453
20988 20837 20495 21809
21233 20687 20534 22096
21885 20427 21694 20684
21235 19918 21734 21275
21247 21118 21429 20973
21535 20191 21592 21246
21276 20689 20458 22050
21385 19958 21505 21427
20747 21105 21468 21450
20979 20405 22231 21004
21291 20979 21582 20904
21074 20781 20702 21978
21389 20729 21551 20603
21345 19919 21789 21234
21144 20592 20664 22005
21084 20131 21789 21205
21100 20335 21721 21059
21053 20392 21852 21210
20932 20575 22083 20994
21745 20550 21671 20692
20940 21081 21464 21363
21363 20706 20803 21852
20575 20264 21173 21954
21154 20704 21609 20940
20818 21115 21517 21315
21152 20564 20787 22071
21242 19958 21697 21388
21150 20806 20574 21956
21215 20723 20478 22024
21780 20441 21689 20617
21919 20600 21548 20701
21077 20540 22136 20981
21031 20696 20723 21946
20967 20405 21602 21753
20984 20271 22212 21238
21248 20517 21151 21459
20534 20244 21203 22026
20548 20233 21168 21956
20799 20678 20731 21870
21318 20711 21609 20461
20796 20709 20729 21992
21329 20381 21160 21409
20959 20199 21583 21886
20823 21038 21584 21419
21897 20423 21505 20837
20709 21006 21602 21245
21739 20488 21537 20832
21050 20787 20701 21985
20865 20851 20683 21887
21260 21002 21493 20989
21039 20654 20713 22074
20870 21060 21500 21402
21224 20582 20583 22088
20534 20244 21203 22026
21345 21114 21571 20833
20871 21109 21534 21224
20961 21001 21534 21376
21223 20566 20685 22081
21076 20582 22093 20908
20300 20777 20649 21693
20626 21026 21503 21249
20839 20900 20269 21730
20886 20057 22203 21295
20971 20416 20394 22168
21187 20707 21500 20369
21241 19775 21646 21421
22028 20215 21279 20610
20395 20402 20991 21565
21499 19801 21744 21420
21794 20437 21409 20715
20902 20617 20738 22007
21841 20292 21625 20659
21039 20119 21804 21065
21339 20700 21534 20491
21406 20007 21337 21462
20879 20834 20441 21678
21136 20927 21434 20908
20982 20516 22041 20889
20670 20261 21948 20980
21240 19874 21691 21197
20562 20321 21019 21995
20731 20679 20673 21710
21460 19995 21425 21350
20489 20190 21244 21905
21290 20088 21523 21141
21123 20477 20521 21878
20526 20263 21130 21880
21014 20544 21980 20738
21059 20546 20592 21801
21198 20391 21033 21326
21339 19921 21643 21315
21094 20671 20607 21330
21486 19826 21736 21261
20920 20203 22122 21297
20637 20240 22031 21164
20919 20769 20649 21821
20671 20291 21985 20962
20952 20154 22197 21295
20870 20293 20482 22065
20952 20911 21514 20601
21005 20598 20673 22032
21460 20039 21386 21289
20451 20273 21266 21703
21318 20121 21408 21213
20478 20304 21097 21952
20860 20724 20672 21791
21467 20067 21078 21303
20491 20295 21092 21788
21013 20498 20473 21995
21135 20676 20515 21948
21021 20424 22040 20721
20329 20105 21008 21892
20947 20441 20318 22026
20948 20546 20299 21956
20984 20852 21337 20418
21267 20536 21446 20290
21357 19698 21610 21144
20499 20174 21580 20936
21182 19829 21495 21239
20943 20627 20456 21846
20920 20807 21377 20455
20446 20166 21152 21838
20928 20834 21138 20548
20985 21068 21930 21408
21364 20763 21556 22250
21484 20525 22512 21240
21543 21303 21062 21553
21630 21378 21152 21431
21843 20125 21311 21972
22102 20532 21092 20660
22102 20532 21092 20660
21243 21210 21906 21102
21965 21125 21688 21848
21984 21032 21774 21875
21500 21335 21173 21509
21849 20768 22392 21146
21789 20688 22380 21359
21485 20505 21305 21921
21174 21218 21910 21205
21537 20332 21433 21988
21726 20696 22010 21293
21094 20599 21586 22214
21358 20970 21488 22180
21303 20455 22120 21786
21573 20289 21952 21820
21591 20216 21091 22071
21015 20964 21890 21406
21195 20484 21750 22049
21418 20232 21397 22035
22082 21012 21871 21589
21171 21171 21965 21228
21282 21178 22091 21176
21478 20782 22191 21455
21126 21061 21996 21313
21058 20657 21720 22152
21235 20626 22277 21655
22036 20829 21860 21610
21332 20369 22029 21710
21051 20734 21748 22004
21101 20793 21535 22103
21688 20904 22147 21161
22061 20914 21583 21684
20994 20736 21674 22160
21834 20252 21530 21944
22025 20978 21719 21729
21457 20415 22004 21486
21602 20440 21258 21968
21529 20816 22204 21270
21713 20787 22348 21168
22014 20985 21694 21793
21410 20305 21372 22231
21556 20682 22484 21108
21626 20542 22410 21343
21648 20159 21235 21988
21516 21366 21085 21539
21355 20424 22052 21501
21392 20748 21428 21998
21615 20155 21411 21997
21354 20414 22153 21672
21989 20906 21731 21701
22026 20895 21755 21594
21344 21143 21985 21208
21586 20395 21361 21956
21051 20818 21636 22240
21627 20792 22253 21268
21485 20366 21336 22002
21443 20701 21354 21972
21810 20260 21400 21936
21845 20528 22319 21192
22037 20905 21637 21689
21632 20708 22436 21208
21585 20585 21214 21949
21370 20928 21534 22198
21648 20159 21235 21988
21308 20554 22099 21516
21405 21369 21204 21594
21790 20443 22192 21249
21111 20689 21705 22207
21548 20624 21943 21631
21252 21217 21887 21188
21522 20860 22101 21310
21224 21051 21996 21280
21371 21119 21899 21208
21229 20609 21883 21664
21522 20650 22454 21191
21584 20264 21310 22045
21602 20800 22077 21393
21604 20797 22354 21131
21598 20846 22107 21181
21489 20621 22453 21202
21628 20849 22267 21138
21599 20923 22135 21118
21822 20735 22137 21148
21638 20782 22024 21220
21609 20829 22144 21213
21358 20537 22473 21194
21514 21002 22192 21203
21971 21066 21585 21528
21589 20368 21380 21977
21218 21175 21962 21354
22015 20859 21721 21602
21849 20768 22392 21146
21342 20563 22077 21521
21635 20737 22123 21345
21371 21119 21899 21208
21225 20668 21867 21616
21345 20699 21864 21599
21634 20816 22075 21203
21243 21210 21906 21102
21342 20563 22077 21521
21225 20668 21867 21616
21218 21175 21962 21354
20898 20660 21625 22131
21033 20618 21551 22204
21142 20993 21993 20890
21369 21324 21138 21540
21471 20630 22439 21155
21530 21194 20988 21508
21614 19959 21261 21890
22079 20911 21564 21380
20973 20712 21618 22152
21788 20734 22247 21102
21641 20040 21332 21824
21892 20935 21718 21713
21402 21249 21050 21523
21038 20962 21867 21243
21503 20153 21275 21889
21458 21242 21092 21360
21953 20878 21625 21746
22074 20883 21805 21476
22012 20832 21584 21482
21673 20081 21257 21948
21051 20740 21545 22194
21759 20998 21477 21390
21437 19997 21231 21997
21455 21296 21051 21387
21314 20759 21498 22117
21479 21202 21143 21455
21730 20593 22284 21298
21321 20810 21410 21994
21082 21076 21780 21234
20988 20609 21568 22062
21486 20223 21276 21939
21013 20681 21549 22177
21194 21009 21703 21331
21392 20614 22171 21432
21903 20807 21685 21822
21255 21078 21833 21079
21574 20638 22393 21169
21498 20452 21308 21844
21463 20325 21361 21850
21592 20788 22166 20979
21123 21000 21998 21023
21962 20755 21724 21787
21398 20289 21373 21865
21363 20799 21446 22023
21109 20943 21175 21883
21506 20391 21122 21918
21222 20414 22202 21496
21652 20738 22358 21045
21147 20368 22102 21736
21140 21179 21856 21024
21288 20444 22062 21669
21995 20904 21604 21491
21510 20768 21917 21332
21518 20467 21163 21911
21248 21140 21815 21196
21297 21121 21722 21114
21382 20250 21251 22020
21571 20521 22427 21089
21487 20721 22013 21305
21225 20984 21223 21855
21223 21052 21966 21187
21980 21024 21461 21350
21911 20921 21733 21642
21288 20388 22082 21560
21200 20508 22052 21621
21208 20788 21437 22024
21448 20405 21235 21951
21583 20837 22118 21144
21916 20895 21572 21689
21241 20262 22123 21553
21471 20262 21859 21803
21300 20432 22070 21577
21089 21166 21739 21129
21533 20558 22246 21333
21592 20788 22166 20979
21221 20763 21435 22087
21720 20570 22307 21177
21251 21162 21962 21144
21541 20719 22044 21217
21164 20811 21138 21943
21155 20359 22137 21645
21196 21124 21986 21062
22005 20727 21825 21607
21198 20527 22000 21645
21665 20419 21292 21869
21146 20496 22159 21602
21934 20899 21689 21594
21454 20551 21939 21560
21100 20606 22186 21336
21459 20327 21286 21982
21749 20629 22267 21218
21004 20807 21563 21896
21892 20956 21760 21684
21925 20827 21725 21722
21606 20427 22325 21176
21427 20227 21389 21964
21703 20662 22263 21301
21980 21024 21461 21350
21547 20481 22302 21181
21473 20230 21219 22007
21569 20736 22076 21210
21575 20280 21257 21974
21554 20242 21779 21720
21107 20588 22007 21474
21369 20518 21272 22091
21588 20663 22325 21075
21927 20783 21716 21591
21216 20347 22160 21583
21516 20775 21937 21301
21427 20227 21389 21964
21269 21134 21970 21036
21618 20744 22118 21170
21578 20506 21214 21882
21678 20468 22305 21240
21669 20583 22299 21040
21452 20347 21271 21946
21269 21134 21970 21036
21693 20680 22273 21131
21556 20520 22357 21178
21666 20633 22341 21141
21157 20722 21442 22118
21502 20378 21141 21917
21687 20598 22292 21180
21530 20807 22120 21158
21510 20564 22335 21180
21472 20897 22186 21121
21578 20506 21214 21882
21892 20956 21760 21684
21668 20749 22011 21137
21590 20678 22119 21174
21482 20245 21273 21893
21691 20755 21992 21118
21750 20678 22291 21156
20606 20968 20731 21728
21008 21134 21804 21137
21229 20721 21422 22063
21569 20552 22357 21156
21572 20776 21912 20907
21592 19857 21083 21913
22007 20802 21558 21465
20883 20603 21424 22031
21063 20857 21038 21862
21590 20024 21286 21835
21409 20170 21231 21914
20963 20705 21577 22020
21175 20223 22065 21392
21864 20941 21389 21317
21251 20610 21338 22023
21575 20089 21250 21881
21933 20805 21522 21568
21416 20255 21839 21678
21531 20774 22115 20944
21964 20708 21504 21542
21054 20388 22039 21623
21819 20874 21602 21607
21130 21084 21692 21002
21193 20416 21799 21383
21787 20154 21459 21764
21691 20514 22305 21166
21353 20289 21248 21845
21177 21022 21676 21162
21733 20630 22089 21068
21801 20905 21556 21551
21495 20170 21656 21690
21581 20337 21429 21755
21251 20553 21744 21427
21204 21063 21903 21130
21242 20662 21754 21493
21384 20837 22049 20994
20960 20941 21717 21272
21456 20817 22023 20963
21572 20480 21188 21852
21891 20813 21666 21521
21668 20154 21316 21793
21108 20399 21953 21576
21754 20704 22242 21029
21391 20299 21132 21890
21104 21089 21633 21168
21441 20122 21276 21890
21093 20524 21791 21521
21617 20733 21974 21122
21784 20686 21652 21639
21854 20943 21381 21275
21468 20862 21993 21052
21524 20578 22274 21229
21653 20635 22198 21229
21505 20466 21044 21886
21616 20275 21682 21670
21214 20764 21148 21723
21693 20581 22243 21268
21078 20927 21170 21838
21510 20653 22260 21179
21699 20756 21303 21805
21855 20880 21737 21473
21437 20309 21724 21623
21650 20637 22141 21163
21571 20442 21363 21818
21521 20732 21863 21127
21492 20725 22125 21081
21644 20524 22269 21289
21757 20757 21667 21599
21155 20430 21744 21545
21445 20389 21447 21797
21855 20827 21643 21537
21635 20720 22128 21098
21612 20660 22210 21179
21469 20333 21249 21829
21743 20673 22055 21099
21776 20580 22198 21092
21353 20435 21306 21829
21159 20927 21146 21807
21455 20523 21248 21808
21205 20607 21722 21582
21647 20672 22208 21057
21745 20608 22278 21127
21222 20413 22056 21521
21578 20438 22270 21178
21507 20302 21248 21824
21510 20653 22260 21179
21653 20635 22198 21229
20799 20626 21454 21875
21053 20075 21978 21438
21076 21062 21882 21058
21108 20844 21022 21763
21113 21005 21653 20945
21206 20238 22294 20988
21223 20700 21416 21972
21864 20776 21576 21395
20975 20820 21049 21694
20888 20622 21514 21955
21354 20186 21070 21850
21677 20753 21628 21560
21427 20345 21114 21833
21796 20636 21366 21520
21429 20127 21225 21815
20889 20912 21452 21122
21028 20118 21977 21336
21381 20103 21126 21859
21449 20720 22071 21071
21573 20481 21161 21735
20993 20283 21983 21477
21589 20636 22177 21138
21583 20577 22122 21190
21039 21040 21820 21065
21687 20422 22211 21219
21675 20878 21474 21262
21584 20679 21889 21028
21836 20617 21697 21386
21828 20813 21390 21456
21567 20420 22253 21173
21471 20394 21297 21792
21144 20996 21774 21006
21197 20992 21788 21030
21035 20974 21745 21072
21354 20242 21259 21805
21454 20220 21091 21847
21074 20926 21649 21119
21721 20521 21403 21426
21669 20630 21987 21009
21640 20452 22210 21255
21492 20269 21326 21723
21733 20600 21957 20976
21223 20652 21713 21480
21744 20592 22111 20977
21729 20601 21581 21399
21100 20801 21685 21109
21501 20456 21122 21807
21140 20520 21692 21551
21683 20535 22120 21184
21646 20507 22212 21057
21736 20847 21328 21267
21030 21020 21720 21090
21637 20475 22251 21276
21555 20271 21310 21775
21615 20652 22108 21095
21467 20792 21963 21012
21630 20235 21295 21800
21638 20471 22223 21073
21553 20701 21979 21011
21477 20708 21979 21043
21623 20619 22101 21032
21624 20480 22250 21111
20893 20503 21390 21945
20977 21007 21830 21024
21022 20725 20856 21452
21348 20121 21319 21708
21571 20290 22186 21167
21725 20542 22102 20749
21133 20475 21700 21476
21715 20575 21491 21343
21310 20441 21997 21121
21100 20946 21716 20973
21044 20995 21704 20951
20916 20416 21408 21843
21430 20269 21177 21636
21448 20180 21063 21739
21037 20839 21816 21011
21669 20590 21608 21422
21022 20881 21591 21009
20911 20438 20896 21793
21592 20642 22022 21065
21466 20187 21300 21662
21479 20268 21200 21701
21634 20516 22117 21099
21508 20405 22156 21068
21386 20345 21269 21756
21541 20340 22150 21052
21683 20498 22067 21111
21418 20358 22149 21125
21411 20162 21243 21718
21576 20635 22093 21086
21340 20163 21234 21789
20819 20468 21232 21895
20892 20398 21332 21945
20952 20897 21514 21010
21007 20877 21510 20902
21260 20326 21104 21652
21428 20102 21111 21554
21538 20328 22062 20948
20961 20800 21690 20913
21188 20201 21195 21729
21125 20182 21237 21698
21373 20257 21204 21674
20974 20867 21466 20993
21214 20062 21126 21609
21262 20075 20944 21643
21385 20096 20963 21540
20663 21004 21836 20604
20790 19802 22397 21254
20907 20039 21193 22137
21100 21473 21637 21407
21592 20982 20656 21030
21655 19229 21820 20308
22153 20284 21166 20853
21575 19329 21758 20450
21042 19636 22154 21419
22101 20108 21565 20716
21728 19275 21815 20529
21469 21156 20842 21072
20724 21158 21841 20566
21795 20528 21048 20640
20686 19843 22363 21235
21216 21465 21748 21730
20852 19831 22286 21331
21962 20083 21108 21064
21332 20893 21967 21278
20936 19720 21508 21979
21240 20644 21633 21685
20980 19730 21406 21941
21737 20968 20828 21207
21601 21119 20696 20964
21401 20396 21968 21447
21435 21074 20702 21199
20905 19657 22211 21292
21245 20934 21746 20783
20827 19734 22169 21334
21184 19898 21278 22087
21510 19964 21356 21661
21851 20357 21297 20908
21425 21237 21052 21054
21477 20739 21594 21793
22125 20060 21534 20700
21066 20133 21200 21969
21555 20318 21675 21610
21495 21022 20748 21065
21511 20700 21625 21027
21463 20907 21666 20987
21887 20378 21300 20869
21296 21318 21108 21141
21833 20339 21324 20844
21000 19742 22133 21301
21559 20257 21653 21505
21242 21351 21098 21055
21320 20877 22017 21147
21125 19690 22390 21266
21112 20589 21526 21811
20836 20301 21693 21887
21906 19753 21620 20572
21416 20841 21533 21480
20749 21003 21799 20561
21819 20504 21095 20652
21193 20584 21574 21794
21544 21014 20744 21177
21631 20476 21326 20858
21947 20233 21326 20933
20988 20225 21659 21825
21164 21002 22139 20692
20887 19820 22373 21302
21242 19950 21254 22023
21143 19985 21141 21886
20965 20052 21163 22015
21788 20529 21090 20747
21115 20012 21143 21919
21744 20448 21208 20929
20819 19899 22062 21270
21319 21281 21050 21028
21342 20716 21725 21411
21807 19931 21272 21120
21468 20705 21710 21087
21733 20584 21231 20625
20816 19748 22136 21551
20936 20178 21683 21853
21275 20759 21733 21320
21496 20193 21680 21519
21445 20868 22067 21173
20896 19749 22099 21319
21758 20409 21384 20914
21766 20514 21314 20735
21444 20830 21669 21583
20977 19931 21203 22079
21535 20805 21789 20931
20736 21044 21754 20563
20951 19835 21384 21852
21100 21473 21637 21407
21167 19717 22367 21159
21051 20155 21100 22086
21475 20792 21817 20946
21243 20880 21987 20934
21498 20859 21606 21032
21274 21333 21060 21268
21836 20482 21253 20850
21482 20237 21785 21569
21116 19786 22200 21292
21887 20381 21138 20716
21225 21328 21509 21440
20892 19760 22152 21423
20663 21004 21836 20604
21777 20397 21271 20967
20957 19798 22202 21044
21807 19933 21118 21075
21482 20546 21805 21433
21262 20552 21771 21315
21808 20359 21355 20774
21262 20552 21771 21315
21904 19729 21732 20641
21808 20431 21318 20917
21102 20059 21165 21925
21777 20537 21276 20919
21342 20716 21725 21411
21808 20359 21355 20774
21116 19992 21107 21971
21116 19992 21107 21971
20580 19726 22210 21037
21058 19603 22361 21078
21111 19695 21193 22082
21198 21446 21727 21451
21425 20962 20555 21127
21651 19135 21752 20199
21718 20190 21356 20095
22016 20233 21130 20802
21925 20045 21481 20480
20710 19290 21981 21372
21326 21190 20798 20958
21023 19926 20952 21936
21488 20087 21616 21555
21661 19367 21729 20365
21287 20709 21326 21419
21416 21057 20625 21105
21759 19524 21565 20417
21829 20248 21156 20643
21366 21142 20769 21038
21591 20486 21241 20799
20765 19733 22027 21280
21423 20742 21838 20994
20647 19780 22147 21216
20674 20970 21877 20514
21584 19186 21765 20452
21526 21115 20684 20825
21736 19420 21594 20617
21441 20185 21638 21435
20866 20150 21681 21654
21135 20547 21570 21727
21648 20340 21273 20849
21571 19210 21700 20504
20923 19927 21200 21988
20986 20009 21099 21889
21331 20877 21930 21024
20869 19633 22107 21274
21971 19961 21450 20710
20907 20268 21688 21579
21784 20272 21296 20749
20814 20158 21780 21470
20948 19887 21229 22037
21267 21327 20992 21047
21035 19641 22295 21033
21726 19451 21696 20540
21547 19296 21735 20392
21305 20652 21478 21666
21399 21033 20708 21054
21163 19662 21082 21928
21081 19529 22136 20976
20805 19735 22066 21188
21313 20644 21444 21690
21267 20806 21937 20946
21741 20050 20957 20905
21130 21432 21524 21484
21140 20921 22054 20691
20844 19811 22105 21146
21821 20260 21169 20784
21399 21097 20660 20915
20894 20188 21619 21746
21243 20839 21939 20602
21216 20861 21668 21709
21666 20405 21270 20667
20830 19580 22235 21186
20659 19723 22242 21109
21073 19734 21278 21784
21565 21107 20676 20868
21209 21265 20983 21189
21013 20617 21507 21736
20993 19945 21233 21983
22010 20024 21543 20581
21116 21420 21530 21477
21422 20988 20564 21025
21099 19576 22356 20960
21023 19703 22333 21139
21247 20626 21618 21309
21259 20619 21691 21227
21231 21110 20969 21158
21422 19977 21456 21723
21824 20477 21074 20801
21371 20396 21871 21198
20732 19752 22142 21283
21387 21099 20783 21060
21479 20979 20681 21022
21659 19315 21709 20371
21095 19758 21124 21838
21152 19768 21094 21909
21689 19372 21674 20605
21996 19836 21518 20614
21710 20241 21193 20750
21109 20936 21850 20564
21686 20349 21225 20657
21324 21208 21015 21040
21290 20315 21935 21303
21092 19848 21041 21897
21038 19726 22167 21072
20818 19724 22177 21134
21202 21354 21018 21023
21671 19874 21065 20923
20731 20983 21854 20587
20856 19715 22143 21359
21010 19697 21300 21738
21672 20352 21105 20769
21981 20276 21148 20812
21141 21354 21513 21558
21036 20013 21101 21838
21439 21017 20702 21011
21068 19893 21163 22054
21722 19911 20978 21007
21824 20306 21113 20709
21072 19843 21264 22038
21431 20948 20702 21029
21688 20283 21195 20546
21669 20380 21146 20805
21239 21228 21029 21108
20861 19693 22056 21366
22015 19869 21530 20607
20862 19799 22059 21194
21313 20644 21444 21690
21659 20370 21167 20759
21091 19723 21232 21925
21075 19882 21234 22058
21134 20944 21508 21701
21205 20877 21525 21659
21239 21228 21029 21108
21659 19315 21709 20371
20856 19715 22143 21359
21075 19882 21234 22058
20468 21074 21714 20700
20894 19794 21117 22048
21020 19649 22333 21125
21076 21444 21528 21421
21479 20903 20633 20865
21567 20411 21202 20105
21601 19074 21520 20569
21939 19730 21262 20299
21494 20917 20643 20850
21696 19229 21564 20293
20590 19650 21959 21302
21131 21099 20892 21064
21120 21231 20985 21090
21190 20528 21575 21337
20938 20773 21848 20789
20800 21046 21724 20671
21722 19826 20946 20886
21378 21097 20770 21002
21352 19877 21317 21663
21125 21165 20758 21012
20687 20148 21532 21638
21874 19821 21389 20503
21290 20305 21757 21296
21165 20648 21411 21639
21584 19424 21581 20514
20931 19668 22219 21071
21282 19934 21352 21590
21536 19123 21707 20376
21808 19575 21452 20476
21104 19517 20980 22035
21283 21182 20966 20974
21917 19756 21223 20327
20651 21079 21726 20616
21773 20034 20991 20657
21265 20708 21695 21019
20940 19622 22196 21127
20726 19590 22077 21342
21622 19151 21661 20403
20926 19653 22136 21109
21666 19561 21503 20466
20715 20838 21836 20707
21420 19916 21424 21562
21115 20734 21532 21557
20723 19636 22014 21276
21024 19800 21124 21965
21002 19850 21108 21836
21648 20320 21186 20483
20751 20049 21416 21712
20904 19646 21260 21786
21003 20433 21472 21627
20830 19672 21971 21225
21185 21057 21026 21151
20869 20900 21792 20591
21092 20115 21538 21692
21058 20853 21759 20763
20745 19701 21825 21042
21015 19792 21150 21913
20836 20023 21557 21666
21002 19820 21174 21858
20849 19651 22118 21201
21023 20870 21918 20692
21453 19279 21646 20437
20694 19716 22076 21270
21569 19318 21634 20551
21053 19709 21074 21964
21684 20065 21196 20633
20867 19523 22098 21205
21306 20869 21668 20872
20821 19897 21148 21941
21389 19377 21621 20330
20960 20887 21845 20668
21022 19965 20982 21779
21558 19080 21678 20419
20704 19669 22109 21151
21167 20851 21924 20558
21395 19874 21469 21313
21115 20480 21687 21283
21117 20401 21416 21704
20982 19817 21005 21937
21085 19708 21174 21764
21152 21084 20939 21015
21682 19357 21561 20343
21010 19888 21076 21926
21152 20505 21688 21250
21464 19359 21599 20432
21099 20904 21802 20491
20986 19768 21175 21934
21615 19341 21606 20430
21186 20704 21627 21281
21593 19269 21544 20448
21620 19258 21645 20316
21061 20726 21671 21319
21144 20752 21829 20695
21589 19103 21524 20499
21127 21089 20952 21261
21636 19275 21674 20294
21053 20402 21442 21709
21138 20861 21759 20611
21691 19262 21635 20428
21615 19798 20967 21006
20748 20859 21688 20861
20523 19365 21961 21239
20878 19639 21066 21989
20893 21250 21247 21161
20920 19586 22302 20992
21035 21079 20569 20999
21467 18997 21553 20345
21545 19066 21602 20230
21719 19548 21433 20387
20834 20103 21458 21651
20926 20358 21388 21509
21257 20762 21626 20751
21269 19734 21166 21399
20680 19970 21506 21525
21151 20540 21455 21199
21655 19264 21487 20464
21199 20943 20778 20652
20623 21065 21720 20600
21024 20506 21433 21322
21608 19791 20914 21004
20562 19661 21726 21106
21006 20848 21816 20685
20932 19802 20997 21835
21339 21035 20766 20952
21021 19626 21046 21787
21375 21001 20617 20864
21446 19115 21652 20246
20888 19875 21020 21905
21157 20789 21826 20540
20968 19633 21105 21961
20815 19635 21886 21169
21407 19060 21629 20298
20577 19587 22060 21214
21367 21035 20672 20943
20952 20960 21343 20911
20756 19612 22026 21169
21418 19177 21416 20535
20724 19624 21863 21179
21492 19259 21520 20386
21561 19329 21532 20305
20939 19705 20920 21900
20835 19621 22116 21098
21586 19129 21598 20309
21436 19180 21604 20376
20892 19530 22210 21044
20952 19493 22275 20909
20893 20970 21491 20838
21179 21078 20746 20847
20990 19507 21050 21920
21373 20917 20710 20932
20751 20908 21400 20873
20931 19637 21150 21890
20686 19607 22037 21193
20827 19567 21963 21218
21517 19123 21553 20316
21003 19499 22254 21082
21463 19094 21544 20341
20949 19590 22133 21061
20908 20871 21404 20846
20916 19579 22164 21015
20999 19551 22174 20912
20944 19563 22165 20906
20565 19567 22049 21070
20861 19397 20818 21912
20893 19532 22176 20982
21333 20962 20595 20818
21335 18920 21588 20215
21520 19103 21484 20198
21553 19184 21462 20374
20826 19863 21441 21562
20968 20668 21460 20625
20750 19633 21872 20941
20593 20853 21652 20560
20605 19523 21943 21111
21492 19018 21478 20407
20815 19686 20990 21847
20880 19513 20869 21732
20693 20790 21219 20766
20780 20804 21166 20604
20608 20767 21626 20472
20647 19579 21989 21102
20695 20796 21217 20643
20857 19652 20972 21856
20799 19494 21901 21057
20935 19567 22123 20946
20908 19547 22007 21019
20939 19555 22005 20968
20506 20833 21627 20491
20798 19465 20989 21767
20886 19352 22024 20855
21430 19107 21429 20245
20836 19484 21901 20967
20741 19417 21931 20963
20802 19455 21941 20911
20446 21417 20697 21420
20814 21300 22377 21373
21086 19850 21591 22099
21587 21504 21430 20650
22367 20270 21851 20483
22421 20189 21716 20600
21443 21284 20986 21703
20588 21386 20812 21243
22159 20352 21802 21104
21907 20335 21629 21187
20563 21111 22207 21463
21443 21193 21571 21237
21793 20393 21626 21078
22332 20578 21766 20787
21190 20105 21592 21924
21277 20231 21286 21865
21723 20204 21692 21329
21458 21458 21474 20697
22196 20299 21728 20803
20865 20703 21932 21528
20873 21153 22373 21286
21116 19957 21845 21378
21583 20954 21268 20956
21346 21082 21590 21215
21010 20813 22283 20947
20740 20863 21864 21635
20728 20549 21652 21767
21158 20958 22087 20843
21065 20019 21505 22036
21618 20103 20808 21634
20883 19916 21879 21370
21050 20096 22058 21261
20909 20117 21990 21264
21598 21021 21085 21004
21849 20167 21657 21249
20641 20665 21505 21819
21230 20104 21796 22005
20651 20733 21679 21705
20771 21022 21544 21500
21833 20515 21537 21110
21038 20721 22116 20898
21004 19934 21899 21294
21254 20940 21382 21690
21091 20763 22142 20873
21259 20455 21820 21843
21404 21047 21148 21748
21528 21080 21055 20895
21625 20780 21224 21593
21779 20364 21657 21106
20977 19993 21542 22006
21262 20452 21816 21888
21413 20895 21180 21849
21459 21004 21317 21141
21470 20638 21235 21361
20843 20054 21990 21344
21666 20603 21522 21112
21613 20523 21573 21000
21427 20878 21106 21809
21208 19939 21679 22013
21010 20813 22283 20947
20677 20630 21497 21748
21487 20974 21223 21795
20610 21137 22166 21442
20857 20839 21441 21437
20947 20051 22015 21349
20785 20010 22100 21391
22333 20520 22045 20760
22340 20319 21747 20526
21814 20267 21670 21394
21709 20303 21646 21128
20806 20806 21444 21500
21298 20967 21319 21620
21478 20924 21376 21151
20959 20762 21874 21565
22188 20364 22170 20707
21242 21123 21064 21427
21663 20588 21514 21370
22334 20404 22031 20763
21498 20903 21168 21777
21717 20439 21575 21340
21369 21069 21453 21281
21890 20296 21607 21283
21511 21107 21496 20917
21542 21143 21403 20849
22340 20319 21747 20526
20878 20753 21893 21550
22174 20114 21792 20765
20690 20864 21799 21632
21907 20335 21629 21187
20939 20029 21971 21356
21690 21060 21321 20913
21550 21109 21506 20867
21418 21432 21488 20702
21399 20923 21147 21830
21512 20977 21340 20912
21495 20927 21096 21612
21868 20301 21607 21356
20802 20814 21736 21693
22336 20360 21766 20567
20799 20964 21917 21589
20596 21148 22187 21462
21500 21133 21081 20909
20826 20937 21522 21456
21462 20888 21350 21776
21393 21065 21123 21586
21070 20933 22178 20810
21358 21069 21228 21833
20905 20934 21432 21540
20939 20029 21971 21356
21615 21080 21332 20889
21589 21147 21425 20828
22336 20360 21766 20567
22183 20443 21770 20820
21617 21431 21774 20825
21598 20972 21360 20892
20812 20931 21410 21544
21393 21065 21123 21586
21814 20267 21670 21394
22336 20360 21766 20567
20438 21325 20615 21131
20793 21140 22313 21258
20925 19813 21802 21215
21142 19911 21543 21992
21373 21409 21585 20617
22322 20479 21129 20447
22330 20139 21424 20569
21354 21164 20934 21426
20473 21240 20734 21273
20717 21080 22243 21369
21209 20237 21707 21839
21200 20055 21687 21936
20678 21244 20704 21153
21441 20967 21309 20983
21511 21095 21082 20917
21038 20716 22164 20751
21342 20996 21019 21615
21435 21022 21433 20897
21901 20095 21569 21139
22320 20524 21613 20557
20521 21267 20713 21196
21730 20190 21624 21191
22266 20402 21748 20449
20898 19991 21816 21142
21568 21393 21574 20671
20602 21115 21461 21307
20662 20668 21572 21608
21793 20400 21426 20938
20886 19877 22032 21112
20665 20596 21824 21519
21963 20343 21769 20715
21648 20359 21395 21110
21314 20908 21187 21476
22064 20122 22088 20640
21012 20567 22124 20761
21301 20868 21231 21671
20983 19952 21642 21960
20791 20775 21517 21654
20848 20034 22065 21269
21806 20379 21510 21069
21138 20842 21993 20802
21190 20249 21713 21750
21692 20193 21658 21162
20698 20492 21549 21715
22088 20048 22052 20587
21004 20732 22191 20822
20802 20865 21407 21404
21316 21109 20983 21519
20611 21093 22157 21273
20743 20892 21789 21573
22244 20156 21898 20722
21477 21354 21427 20675
21491 20837 21122 20854
21461 20955 21174 21688
21301 20820 21137 21709
21268 21322 21464 20721
22111 20230 21691 20807
22082 20507 21855 20602
21831 20172 21494 21196
22179 20201 21920 20728
21168 20306 21723 21770
20788 20655 21566 21423
21400 21135 21343 20810
21251 20455 21708 21814
20824 20746 21824 21408
20787 20834 21392 21458
21390 21126 21494 20874
22009 20107 21607 20882
21680 20452 21503 21007
21355 21192 21516 21020
20510 20959 21361 21405
21567 20968 21191 20844
20788 20579 21863 21497
20770 20585 21570 21615
21351 21197 21678 20645
21313 20825 21190 21568
21817 20394 21527 21018
22205 20463 21934 20700
22206 20339 21725 20765
22039 20211 21801 20793
21000 20794 22223 20893
21544 21268 21573 20760
21104 20340 21725 21780
21691 20111 21608 21334
21353 20293 21199 21331
21108 19949 21536 21967
20892 20798 22108 20779
21284 20956 21439 21091
22294 20375 21789 20694
20712 20806 21840 21511
21466 21105 21382 20889
21169 20077 21713 21753
22273 20275 21605 20758
21319 20790 21225 21667
21497 20543 21190 21267
21526 21208 21458 20793
21665 20412 21566 21107
20993 20039 21499 21967
22183 20469 21650 20663
22145 20434 21981 20641
21253 21190 21640 20683
22144 20366 21728 20780
21537 21231 21347 20766
20773 20875 21480 21287
21494 20989 21167 20815
21116 20161 21724 21828
22050 20411 21836 20708
20711 20469 21899 21415
21315 20989 21582 20990
20669 20741 21628 21589
21106 20730 21318 21571
22255 20423 21750 20692
20604 20525 21594 21692
22181 20428 22029 20681
21370 20481 21220 21276
21973 20341 21742 20720
20610 20716 21448 21686
21317 21144 21541 21084
21803 20104 21652 21288
22274 20166 21798 20566
21082 20828 22070 20788
20879 20829 21407 21493
20605 20505 21453 21770
21550 20523 21200 21234
21662 20205 21601 21221
21007 20795 21969 20806
20871 20077 21826 21229
21082 20828 22070 20788
21795 20232 21614 21113
20736 20586 21597 21670
21503 20491 21481 21085
20870 20168 21949 21282
21516 20428 21207 21215
21476 20962 21129 21590
21267 20963 21228 21818
22247 20178 21827 20736
21536 21190 21352 20781
22329 20453 21741 20690
21550 20523 21200 21234
20870 20168 21949 21282
20798 20457 21743 21493
22247 20178 21827 20736
20983 19952 21642 21960
22145 20434 21981 20641
20983 19952 21642 21960
20270 21189 20996 21011
20471 21242 20336 21024
20736 21048 22249 21250
21000 19844 21718 21504
21127 19989 21526 21920
21446 21388 21418 20616
22301 20295 21688 20362
22322 20381 21535 20637
21937 20105 22082 20622
20441 21198 20620 21229
20960 20756 22219 20844
22145 20362 21805 20545
21626 20441 21264 20922
20363 21219 20730 21063
22240 20358 21664 20391
21741 20303 21470 20944
21404 21001 20833 20803
20509 21170 20522 20990
20642 21097 20788 21324
21588 20143 21432 21058
21061 20679 22043 20779
21462 20534 21093 21294
21428 20711 20962 21598
21257 20849 21188 21683
20881 19868 21797 21116
21470 20779 21071 20780
20847 19997 21544 21787
21326 20908 21139 21627
20644 21148 20698 21377
20755 20605 21494 21497
21690 20095 21532 21126
20478 21196 20451 20881
20618 20379 21449 21812
20649 21135 22027 21166
20658 20814 21337 21485
21356 20895 21037 21676
22133 20210 21640 20739
21006 20738 21967 20800
20524 21222 20443 20985
22017 20229 21718 20712
20588 20403 21504 21705
21125 19962 21639 21802
22042 20273 21646 20705
20718 20404 21558 21566
20805 19896 21921 21277
21652 20019 21625 21172
21035 20563 21236 21429
21210 21073 20966 21428
20575 20957 21429 21311
20786 19914 21833 21320
22079 20378 21844 20676
22224 19986 21857 20600
20826 19973 21902 21096
20544 21052 21508 21210
21399 21027 21156 20857
22286 20257 21768 20630
20699 20759 21304 21430
20693 20802 21726 21381
20687 20769 21748 21571
21633 20310 21329 21095
21695 20338 21382 20975
21427 20925 21204 20765
22195 20239 21822 20606
20743 20800 21609 21422
20745 19913 21935 21260
21369 20944 21082 21656
21695 20121 21484 21001
21647 20141 21598 21168
22182 20341 21697 20618
21349 20998 21331 20982
21342 21059 21381 20990
21654 20299 21459 21043
21363 20754 21154 21452
22105 20337 21873 20653
20819 19989 21867 21180
21248 20325 21628 21604
21457 20408 21539 20935
21021 20751 21855 20764
20748 20683 21432 21643
22215 20327 21397 20646
20745 20556 21531 21580
21335 21034 21441 20930
21229 21071 21409 20653
22129 20350 21524 20663
21254 20948 21160 21570
20601 20367 21515 21653
22260 20258 21631 20629
21220 20925 21083 21644
20710 20368 21718 21443
22263 20394 21630 20643
22094 20298 21854 20664
22186 20397 21610 20657
21216 21145 21489 20940
21644 20327 21512 21038
20258 21195 20486 20961
20447 21133 20376 21134
20509 21004 22072 21197
20774 19819 21882 21010
21026 19878 21519 21887
21352 21341 21378 20548
22233 20336 21567 20465
22315 20315 21433 20520
21682 20249 21354 20859
21925 20011 21929 20574
20992 20664 21898 20775
21423 20499 20701 20951
20313 21069 20564 21120
21222 20796 21001 21658
21323 20829 20805 21403
21292 20724 21036 21672
20493 21136 20432 21074
22093 20080 21808 20638
21167 20291 21193 21546
20694 20004 22057 21206
21121 20556 21158 21359
22185 20063 21546 20490
20700 20983 21621 21182
20805 19838 21731 21004
21327 20966 21323 20878
21271 21332 21381 20598
21983 20365 21790 20548
21536 20327 21428 20952
20691 20689 21714 21356
22294 20148 21437 20515
20683 20447 21740 21500
21190 20870 21034 21603
20651 20623 21370 21614
20580 20749 21403 21437
21272 20775 21094 21469
22294 20102 21467 20524
22016 20291 21342 20671
21062 21061 21416 20877
20524 20841 21332 21289
20695 20430 21421 21554
21299 20937 21033 21400
21145 21014 21459 20933
20801 19826 21873 21210
20457 20940 21501 21240
20640 21015 21437 21136
22037 20297 21800 20667
20675 20655 21738 21292
21412 20322 21067 21247
20590 20709 21342 21379
20474 21005 20550 21197
21352 20317 21127 21128
21407 21336 21394 20585
20607 20992 21398 21189
20668 20987 21465 21197
20254 21053 20547 21096
20339 21016 20400 20965
20576 19937 21628 21029
20856 20661 20813 21647
21972 20333 21749 20487
21974 20260 21621 20631
21235 20755 21062 20955
21051 20147 21099 21525
20482 20791 21413 21115
20563 20525 21614 21254
20704 20922 20646 21095
20716 20490 20976 21454
20481 20940 21431 21194
21039 20433 21055 21350
20434 21000 20483 21108
21130 20489 20993 21391
20962 20449 21022 21382
20546 20951 21419 21063
20343 20915 20516 21115
20356 20872 20193 21119
20900 20448 20965 21373
21742 20268 21548 20394
20293 20857 20473 21096
20307 20897 20341 20871
