268 25.3209
16278 17563 17997
16481 16836 18455
16502 16582 18437
16714 18680 16387
18015 17180 17047
16518 16635 18428
16594 16901 18423
16383 17623 17968
16493 16723 18433
17330 17088 18040
17246 17012 18133
17233 17284 17903
16693 18672 16514
17942 17212 17067
17775 17439 17481
16541 17307 18206
17038 17026 18179
16306 17505 18054
17028 18239 17365
16738 18642 16395
16452 17658 17925
16430 18361 17248
17221 16932 18159
16987 17451 18100
17523 17450 17660
17003 18469 16898
16911 18512 17089
16340 18420 17228
16801 18579 16803
16675 17676 17838
17194 17237 18106
16955 18434 17176
16868 16922 18287
16817 18570 16652
17735 17471 17358
17102 18369 17131
16811 18592 16720
17964 17202 17026
17285 17186 18070
16332 17577 17990
16502 16582 18437
17278 18282 16888
17183 17380 17882
17202 18284 16975
17882 17216 17060
16894 18632 16552
17161 18141 17380
16693 16836 18355
17436 16976 17846
16684 17160 18268
17481 17777 17518
17175 18343 16944
16996 18545 16753
17081 17833 17753
16846 18534 16852
16732 17751 17790
17786 17731 17320
16629 17706 17808
17258 17897 17647
17822 17341 16864
16793 18184 17518
18000 17138 17077
17410 16798 17941
17588 17347 17629
17240 18084 17187
17136 17966 17599
16627 18639 17005
16760 18359 17302
17370 16870 18191
17421 17374 17762
17210 18123 17277
16922 18575 16454
17133 17333 17971
17322 18210 16775
17035 18071 17464
16940 17491 17951
16922 18575 16454
17967 17179 17070
16709 18538 16908
17461 17794 17632
16556 18602 17108
18013 17119 17070
17507 17466 17609
17563 17399 17600
17799 17602 17280
17048 18447 16792
17645 17332 17753
17626 17566 17537
17707 17414 17492
17211 16973 18270
16871 18573 16598
17196 16861 18322
17612 17543 17578
17417 17859 17438
17191 18177 17286
16828 17146 18235
16660 17847 17805
17851 17227 17152
17429 17205 17859
16718 16754 18397
17311 18034 17234
16552 17418 18168
16718 16754 18397
16949 18467 17135
17237 18230 17265
17655 17299 17685
17277 18000 17380
17669 17218 17540
17467 17814 17570
17731 17734 17286
17084 18022 17396
17449 17493 17683
17065 18051 17561
16436 18407 17205
17201 18314 16675
17297 17521 17790
17078 18399 17159
16645 18619 17000
16658 17547 18017
16753 18321 17342
17374 17892 17275
16852 18641 16538
17815 17404 16853
16652 16762 18358
16861 18590 16610
17343 17136 18008
16872 18194 17424
17395 18054 17084
17593 17342 17711
17501 17537 17668
16714 18377 17215
16829 18302 17432
17619 17647 17419
16754 17152 18232
17325 17944 17225
17050 18010 17565
17306 17694 17779
16843 18617 16620
17387 17784 17668
17405 17639 17647
16742 18517 16938
17698 17341 17494
17407 16796 18013
17165 17933 17622
17882 17216 17060
17690 17503 17436
16931 18571 16518
16917 18572 16623
17322 17978 17295
17851 17227 17152
17300 17871 17544
17334 17920 17404
16652 16762 18358
17065 18442 16934
17196 16861 18322
17213 17990 17467
17334 17694 17701
16894 18632 16552
17653 17614 17397
17236 17590 17782
17367 18027 17191
16999 18333 17204
16712 18598 16671
17151 18357 17118
17694 17665 17349
17219 17925 17408
17350 17937 17195
17074 18201 17326
17494 17873 17404
17492 17705 17575
17563 17399 17600
17353 18188 17157
17593 17342 17711
17470 17663 17600
17151 18357 17118
16556 18602 17108
17220 18306 16739
17220 18306 16739
17406 17984 17155
17074 18201 17326
16645 18619 17000
17201 18314 16675
17065 18442 16934
17563 17399 17600
16356 18324 17226
16604 18461 16319
17342 17377 17657
17477 17363 17649
16652 18443 16412
17102 17959 17559
17327 18131 16783
17146 17536 17544
17233 17588 17384
17259 17706 17293
17319 18063 16821
16891 18427 16996
16789 18387 17140
16573 18448 16783
17206 18193 17129
17011 18072 17298
17455 17560 17197
17083 18255 17050
17362 17542 17292
17346 17699 17329
16797 18239 17343
16905 18403 17136
17051 18418 16790
17093 18232 17037
17098 18064 17333
16279 18316 17129
16661 18415 16389
17319 17210 17556
17437 17349 17198
17218 17742 16737
16598 18036 17294
16752 17414 17332
17288 17617 17159
17170 17304 17391
16791 18128 17246
16887 17769 17261
16854 18280 16829
16812 18383 16880
17306 17534 17096
16980 18188 17058
17374 17288 17200
17201 17290 17513
17111 17829 17095
17062 18216 16994
17185 17930 16970
17019 17907 17185
16617 18327 17058
17105 17362 17352
16989 18013 17108
17182 18063 17090
16824 18293 17024
17288 17310 17274
16988 18385 16781
17086 17952 17096
17027 17951 17169
17351 17296 17284
16514 17642 17248
16866 18378 16710
17059 18088 16429
17282 17180 17417
16953 17218 17281
17205 17467 17036
17243 17346 16913
16686 17944 17216
16875 18297 16777
16786 17786 17189
16593 17506 17267
16638 18187 16974
17126 17539 16996
17124 17716 16839
16922 18171 16873
16769 18243 16933
16952 17863 17151
17033 18132 16799
16993 17603 17106
17079 17352 17230
16735 18011 17083
16602 17557 17231
16710 18275 16920
16989 17658 17170
17090 18023 17075
16774 17817 17171
17042 18053 17032
16942 17730 17163
16990 17763 17115
16739 18297 16872
16689 18114 17008
17051 18108 16973
17089 18026 16783
16206 18240 16840
16447 17646 17215
16691 18356 16366
17089 17394 16986
16874 18206 16575
16475 17662 17201
16929 17468 17117
16572 17910 17039
16804 18298 16649
17038 17962 16977
16833 17563 17157
17085 17938 16763
16763 17729 17083
16989 18114 16785
16651 18336 16588
16841 18236 16686
16684 18032 17026
16880 18039 16898
16609 18167 16952
16943 17812 17058
16658 17844 17111
16625 18078 16920
16632 17757 17131
16575 18212 16819
16728 18134 16877
17061 17579 16989
16739 18172 16851
16625 18259 16674
16707 17824 17000
16976 17621 17097
16693 17616 17145
16817 17635 17092
16859 18167 16657
16715 17817 17069
16472 17616 17171
16701 18230 16606
16929 17975 16277
16976 17202 16950
17074 17516 16718
16570 17297 17149
16956 17502 17031
16473 18036 16935
16716 17772 17054
16615 17605 17076
16653 18144 16664
16836 17894 16933
17009 17579 16899
16764 17708 16938
16840 17872 16767
17025 17621 16853
16644 18199 16610
16897 17702 16975
16871 18099 16639
16924 18086 16746
16955 17683 16838
16709 17953 16968
16854 17714 16751
16645 18120 16865
16936 17710 16811
17019 17520 16944
16860 17516 17052
16944 17697 16850
16353 17781 16886
16697 18227 16586
16767 17407 17008
16888 18063 16375
17012 17503 16886
16614 18118 16833
16384 17751 16960
16882 17784 16713
16953 17449 16929
16641 17904 16865
16702 17953 16821
16903 17641 16665
16683 18018 16621
16817 17558 16969
16818 18058 16592
16670 18075 16639
16761 17738 16903
16790 17713 16833
16701 17665 16989
16714 17744 16842
16895 17607 16827
16414 18113 16730
16570 17347 16992
16622 18199 16586
16759 18056 16528
16850 17208 16910
16944 17358 16732
16937 17488 16876
16532 17988 16816
16701 17594 16983
16795 17605 16658
16461 18036 16629
16487 17989 16763
16734 17731 16842
16687 17608 16874
16610 17911 16822
16558 17834 16836
16637 17997 16569
16752 17536 16683
16461 17801 16849
16667 17919 16700
16700 17798 16762
16649 17930 16683
16659 17736 16900
16641 17754 16838
16480 17942 16729
16589 18191 16571
16625 17931 16398
16655 17496 16961
16923 17345 16832
16670 17422 16949
16514 17579 16947
16822 17479 16876
16668 17798 16493
16584 17743 16643
16497 17653 16884
16858 17480 16777
16626 17846 16633
16830 17451 16837
16663 17729 16771
16505 17900 16733
16079 17570 16845
16361 17887 16665
16494 17800 16620
16552 17444 16958
16592 17402 16914
16626 17419 16844
16217 17463 16884
16385 17628 16797
16471 17881 16730
16389 17564 16838
16612 17601 16757
16480 17596 16831
16609 17443 16891
16396 17565 16790
16582 17277 16901
16606 17591 16680
16530 17338 16733
16528 17330 16766
16427 17555 16663
16423 17492 16505
16087 17303 18520
16458 18538 17027
16507 16767 18909
16507 16767 18909
17555 17874 16588
17732 17545 16858
17471 17985 16618
17452 17892 16688
16556 16872 18864
16720 18461 17207
16765 16822 18698
17699 17441 16892
17422 18029 16800
16778 18392 16906
17142 17273 18007
16276 18091 17851
16140 17267 18574
16580 16780 18846
16478 18490 17192
17684 17631 16935
16214 17256 18588
16169 17293 18508
17010 17331 18314
17501 17875 16843
16693 17842 17872
16842 16946 18654
16099 17313 18497
16804 18196 17497
17385 17024 17668
16773 18354 17245
17103 17002 18247
17364 17136 17724
17169 17136 18065
16679 18377 17298
16411 18471 17232
17320 17931 17118
16860 18018 17746
16400 17755 18189
16796 18330 17256
16914 18211 17328
17651 17372 17051
17237 17362 17912
16236 17205 18598
17732 17545 16858
17055 18281 17083
16892 18172 17360
17275 17760 17591
16577 16979 18764
16957 18050 17682
16151 17239 18621
16858 17608 17949
17343 17908 17044
16343 17153 18716
16870 18114 17535
16543 18511 17189
16614 18065 17762
16734 17224 18479
17209 17798 17551
16709 16926 18804
16973 17918 17781
16639 18236 17591
17305 17888 17182
17593 17679 16999
17181 17706 17709
17025 18026 17610
17509 17773 17269
16570 16768 18903
16381 17801 18126
16608 17643 18351
16391 17905 18099
16782 16800 18672
16624 17820 17907
17050 17477 17960
16746 18146 17695
17328 17744 17417
16874 18232 17372
16504 17088 18748
16364 17863 18141
17579 17505 17158
17032 18082 17522
16708 16970 18613
17137 17062 18214
16710 17465 18267
17258 17257 17835
16954 17600 18127
17090 18165 17334
17246 17955 17018
17057 17567 17819
17522 17743 16974
16440 17171 18503
17546 17717 16998
17200 17769 17640
17429 17672 17399
16997 18127 17343
16823 18269 17152
16813 16994 18543
17131 18144 16962
16792 17734 18158
17610 17535 17127
17402 17428 17512
17436 17957 16756
16508 18297 17442
17081 17329 17916
16537 16990 18811
16221 17191 18650
17560 17284 17474
17381 17811 17233
17114 17865 17646
16808 17156 18375
16940 17942 17734
17071 17042 18238
16658 17523 18207
17444 17424 17557
16442 17857 18083
17285 17976 16918
17154 16973 18091
17569 17379 17464
17292 18132 16895
17435 17663 17383
17485 17791 17032
16722 16919 18726
17068 17935 17629
17634 17405 17308
16667 17300 18419
16829 18311 17026
16753 16805 18733
16934 16905 18459
17615 17737 16931
17411 17552 17452
17589 17316 17432
16234 17958 17896
16300 17172 18660
16498 16888 18815
17179 16899 17974
16341 18380 17305
16221 17431 18396
16515 17135 18668
17552 17346 17532
16964 17892 17798
16620 17105 18663
17541 17181 17660
16755 17072 18423
17436 17957 16756
16888 17069 18534
16572 18529 17129
17071 17778 17773
16985 17554 17829
16765 17973 17866
17538 17462 17190
16557 18474 17139
16232 17229 18626
16515 17278 18464
16621 17230 18451
16922 17641 17812
17043 18210 17340
17538 17623 17071
17126 18254 17140
16650 17557 18209
17551 17505 17167
17459 17404 17555
17170 17104 17961
17450 17519 17354
17638 17614 17057
16292 17698 18367
17057 18256 17141
16498 16888 18815
16602 17651 18236
16320 17384 18402
16292 17698 18367
16253 17291 18475
17464 17412 17358
16939 17421 18292
16602 17651 18236
16321 17279 18498
17641 17639 16973
16951 17384 18143
16448 17733 18300
16091 17326 18477
16253 17291 18475
16320 17384 18402
16831 16971 18539
16688 17076 18576
17486 17464 17307
16688 17076 18576
16448 17733 18300
17179 16899 17974
16939 17421 18292
16045 16943 18577
16595 16745 18761
16633 18416 17093
16772 16635 18625
17395 17878 16759
17481 17410 17217
16455 18356 17168
16389 17900 17357
17255 17670 17322
17321 17608 16858
17036 17197 17523
16166 17202 18556
16590 17300 18216
16924 17481 17712
16306 17201 18385
16825 16922 18591
16735 17650 17580
16872 17847 17010
16655 17392 17726
16608 16855 18661
16546 17499 18350
16786 17274 18208
16531 17641 17810
17014 17067 18021
16141 17243 18420
16596 17765 17234
16085 17218 18497
16976 16932 18099
16561 16851 18718
16510 17592 18093
16756 17516 17533
16377 16999 18475
16631 17289 17940
17020 17115 17556
16677 17053 18441
16324 17840 17884
17419 17253 17503
16595 16817 18746
16405 17782 17774
16704 17102 18375
16624 17477 18054
16975 17840 16950
16357 17183 18384
16963 17692 17421
16356 18374 17125
16422 17660 17502
16339 17834 17404
16498 16937 18445
16744 17719 17135
16877 17698 17145
16552 17674 17463
16742 17862 16961
16344 17813 17431
16091 17293 18443
16778 17078 18359
16327 17594 18054
16652 17661 17439
16088 17265 18471
16632 17783 17148
16373 18360 17141
15866 17088 18311
16418 18275 17166
16421 16721 18727
16557 16715 18700
17187 17621 16763
17279 17276 16987
16252 17837 17428
16011 17221 18290
17175 17256 17276
16514 16769 18471
16385 17560 17898
16915 17406 17639
16616 17787 17077
16799 17181 17681
16356 16894 18340
16584 17831 16908
16936 17026 18006
16743 17469 17317
16131 17450 17945
16643 16995 18265
17016 17629 17166
16494 16820 18413
17277 17197 17249
16333 17638 17397
16663 17597 17580
16657 17662 17038
16565 17446 17730
16379 17308 18104
17012 17009 17724
16711 17573 17191
16688 17163 18055
16673 16812 18206
16408 16791 18451
16177 17435 17958
16298 17633 17503
16197 17138 18270
16489 16763 18718
16435 17833 17151
16577 17362 17909
16743 16886 18114
16198 17382 18173
16454 17199 18178
16753 17047 17960
16624 17798 16970
16569 17802 17038
16580 17282 18074
16733 17212 17937
16703 17043 18136
16290 17213 18156
16763 17794 16980
16556 17220 18152
16420 17628 17495
16657 17451 17652
16749 17376 17704
16658 17630 17063
16000 17196 18172
16406 16590 18339
16504 17796 16940
16582 17792 16898
17065 17181 17101
16467 16674 18173
16160 17506 17673
16793 17398 17203
16667 16774 18098
16017 17342 17679
16876 17144 17478
16192 17359 17588
16466 17645 17013
16954 16992 17614
16300 17082 18103
17006 17550 17106
16678 17315 17345
16598 16878 18109
16355 17220 17967
16637 17452 17447
16428 17747 17100
16404 17596 17378
16784 16914 18001
16538 16974 18152
16706 17079 17722
16809 17621 16925
16576 17203 17808
16693 17780 16968
16618 17058 17849
16483 17278 17900
16440 17568 17090
16983 16989 17543
16322 17174 18021
16682 17014 17983
16493 17307 17662
16542 17059 17869
16303 17193 18047
16538 17236 17717
16649 17362 17430
16664 17158 17757
16479 16920 18157
16860 17194 17560
16594 17367 17511
16599 17631 17044
16417 17341 17756
16629 17394 17496
16705 17599 17057
16582 17549 17574
16668 17276 17560
16480 17214 18006
15952 17487 17553
16511 16925 18148
16569 16637 17923
16638 17777 16918
16726 17345 16898
16808 17054 17133
16116 17263 17867
16331 17181 18000
15966 17304 17576
16618 17666 16964
16472 17495 17080
16571 16684 17913
16552 17401 17405
16616 17146 17733
16341 17548 17276
16578 17476 17268
16393 16939 17960
16648 17339 17285
16788 17036 17525
16387 17297 17734
16542 17454 17514
16709 17139 17004
16370 17102 17891
16673 17134 17459
16688 16977 17551
16794 17117 17431
16568 16931 17936
16339 17456 17550
16040 17011 17877
16221 16834 18141
16369 16740 18052
16593 17695 16861
16577 17547 16920
16265 17425 17227
16530 17247 17485
16389 16788 17567
16190 17097 17789
16272 17409 17394
16354 17286 17682
16311 17046 17722
16555 17146 17502
16367 16881 17792
16329 17383 17515
16316 16826 17894
16317 16957 17708
16333 17131 17684
16131 17400 17183
16141 16694 17829
16588 17539 16682
16186 17072 17767
16267 17320 17487
16583 17198 16854
16433 17235 17325
16507 17122 17387
16442 17120 17476
16522 17212 17327
16005 17285 17325
16129 16916 17715
16486 17144 16783
16253 17124 17077
16406 17065 17304
16186 17183 17294
16200 17024 17100
16252 16970 17218
15795 18521 17481
16286 18697 16904
16542 16915 18584
17136 18173 16223
17457 16713 17857
17790 17060 17316
16958 18301 16719
15947 18539 17450
17613 16733 17659
16005 18554 17195
16769 17564 18146
17051 17407 18173
15851 18593 17326
16998 18272 16641
16916 18305 16844
16183 17861 17999
16831 17435 18368
17298 17839 16627
17522 16845 17839
16131 17888 18049
17782 16876 17388
16899 17316 18251
17765 16792 17436
17697 17264 17163
16655 17224 18456
17167 18153 16324
16706 18485 16926
16673 18505 16814
16582 17035 18549
16609 17471 18364
15803 18450 17581
15909 18622 17316
16862 17578 18098
17373 17192 18021
17649 16968 17640
17717 17206 16966
16075 18282 17656
16111 18382 17534
17506 16817 17847
17584 17367 17130
17684 17334 16990
16800 17954 17546
17400 17238 17539
16476 18610 17010
16164 17537 18321
17362 17718 16802
17602 16885 17830
16638 16991 18526
17229 17659 17248
16593 18560 16881
17219 17598 17688
17329 17294 17877
16491 18317 17184
17151 17696 17738
15884 18424 17579
16886 17389 18224
16402 17819 17875
17275 17631 17294
16668 17120 18396
16315 18663 17032
16734 17007 18415
16372 18594 17063
17455 17095 17808
16982 18105 17263
17211 17980 16500
17194 18050 16531
17564 16937 17749
17763 16951 17364
17245 17252 17973
16538 17743 18077
17131 18180 16388
17175 17998 16571
17737 16974 17356
17018 18069 17001
16555 18294 17095
16361 18409 17488
17427 16793 17883
17587 17124 17602
17066 18205 16753
17219 18086 16351
17084 18167 16400
16336 17792 18031
16755 17812 17760
16037 18378 17625
17161 17156 18100
16295 18632 17045
17371 17464 17419
17286 17532 17532
17440 17509 17229
17236 17830 16737
17099 17911 16996
16571 17927 17781
17435 17146 17770
16147 18463 17505
16452 17280 18421
17174 18083 16478
16713 17732 17962
16445 17008 18575
16427 17060 18502
17751 16919 17432
16205 18682 16971
17258 17617 17474
17118 17263 18197
16853 18025 17504
17510 17088 17718
16461 18009 17727
16305 18673 16958
16662 17024 18518
16909 18345 16797
17120 17763 17822
16254 18504 17222
17069 17638 17934
17184 18088 16428
16236 18571 17067
17465 17280 17518
17427 17481 17344
17201 18052 16445
16885 18289 16903
17013 17174 18275
16905 17177 18300
16818 18349 17030
16050 18399 17588
17328 17779 16936
17105 17820 17713
17147 18127 16398
16060 18520 17315
17090 17651 17859
16795 18153 17227
16719 18202 17068
16591 17033 18491
16155 18440 17422
16458 17995 17790
17506 17354 17215
17258 17937 16566
17301 17382 17907
16282 18428 17400
17538 17163 17573
17664 17034 17591
16438 18243 17677
16221 18061 17818
17200 17967 16925
16845 17705 17920
17135 17399 18059
16264 18416 17507
16515 18177 17667
17116 18212 16327
16040 17538 18309
16506 18215 17123
17068 18048 16784
16328 17976 17918
17314 17806 16398
17159 17235 18267
17188 17504 17990
16058 17934 17946
16536 17169 18467
16511 17798 17895
17178 17494 18047
16425 18535 17116
17306 17552 17248
17478 17176 17618
16557 18116 17284
16635 18106 17401
17535 16717 17855
16559 18079 17498
17130 18045 16943
17211 17787 16983
17543 16974 17722
16668 18540 17028
16503 18370 17180
17136 18118 16436
17167 18153 16324
17258 17937 16566
16286 18697 16904
17563 17506 17126
17180 17708 17252
16426 18365 17317
16500 18241 17205
16211 18690 16943
16535 18564 17048
16623 18273 17042
16230 18254 17509
16985 18052 17207
17485 16967 17850
17485 16967 17850
16230 18254 17509
16425 18535 17116
16500 18241 17205
16719 18202 17068
16535 18564 17048
16623 18273 17042
16211 18690 16943
15940 18410 17506
16089 18481 17138
16533 16951 18155
17013 18158 16209
17232 16926 17488
17408 17132 17431
16610 17518 17721
16242 17343 17804
16014 17828 17871
16469 17982 17160
16746 17015 17696
16860 18145 16755
17087 17685 17081
16600 18473 16929
16721 17749 17229
17114 17281 17312
16344 18196 17054
17046 18045 16478
16691 17905 17535
16956 18281 16576
16819 17331 17583
16987 18148 16343
16189 17207 17867
17160 17983 16251
17054 18099 16259
17018 17958 16708
16294 18219 17330
16908 17174 17653
16986 17593 17577
16270 18265 17425
16582 17820 17629
16739 18177 17020
16004 18366 17621
16222 18296 17349
16056 18422 17475
17021 18120 16535
16125 18109 17491
16609 17921 17263
16919 18034 17123
16019 18352 17571
17016 17541 17570
16966 18015 16733
16591 17969 17365
16183 17907 17646
16091 18366 17048
16017 18439 17485
16015 18020 17695
15622 18082 17590
15966 18386 16942
16425 16890 18141
16427 16837 18044
17018 18076 16122
17075 17673 17000
16953 17969 16574
15704 18266 17528
16305 17046 17700
16046 17023 17787
16571 17305 17525
16768 17904 17063
16892 17996 16745
16406 17452 17607
16090 17795 17519
16300 17329 17694
16694 17969 16915
16484 17839 17264
16886 17558 17507
16246 16907 18084
16283 18249 16777
16322 17952 17185
16219 18238 17323
16054 18309 17436
15633 18228 17546
16910 17649 17074
16533 17574 17496
16684 17859 17086
16639 17900 17195
16500 18156 17020
16970 16996 17552
16251 18167 17363
16583 17762 17289
16018 18277 17503
16623 17668 17475
16425 17509 17569
16971 16853 17565
16400 17737 17342
16350 17863 17307
16512 17715 17356
16227 17731 17403
16061 18248 17012
16300 17871 17296
15524 18134 17488
15834 18255 16632
16054 16934 17642
17012 18058 16117
16630 17439 17405
16825 17855 16704
16402 17507 17548
15777 17904 17463
16485 17853 16944
16009 17897 17500
16675 17717 17024
16594 17781 16967
16606 17606 17388
16884 17613 17003
16285 17950 17132
16112 18161 17192
16880 17827 16634
16338 17710 17058
16187 18016 17207
16268 17757 17283
16167 18040 17325
16240 17991 17091
16168 18086 16946
16256 17865 17248
16074 18213 17321
16332 17652 17410
16454 17644 17032
16030 18176 17433
16319 17831 17078
16051 18243 17149
16623 17636 17260
16882 17441 17401
16227 18057 17042
16043 18198 17405
16032 18221 17401
16232 18049 17022
15762 17879 17400
15933 18243 16782
16336 17365 17548
16478 16896 17354
16758 17762 16570
16863 17019 17204
16651 17809 16625
15859 17850 17466
16084 18134 16891
16018 18200 16818
16756 17350 16955
16769 17296 17266
16473 17189 17308
16377 17228 17396
16604 17439 17118
16418 17461 17247
16574 17577 17201
16433 17578 17214
16472 17631 17184
16222 17759 17041
15960 18198 17328
16121 18022 17278
16195 18043 16963
16575 17513 17020
16258 17669 17089
16152 17705 17201
16220 17941 17104
16156 17930 17129
15912 18192 17351
16279 17933 16989
15903 17505 17397
16093 18109 17154
16252 17643 17383
16247 17823 17027
16278 17674 16993
16109 18072 17143
16096 18082 17107
16123 18032 17146
15585 18076 17335
15875 18195 17315
15946 18148 16627
16304 16987 17422
16738 17085 17242
16574 17380 17061
16272 17825 16941
16214 17621 17379
15991 18084 16996
16163 17991 16773
16120 17972 17242
15916 18189 16789
16478 17509 17090
16402 17392 17162
16467 17619 17129
16231 17913 16786
16267 17453 17166
16231 17582 17194
16245 17569 17188
15940 18120 17183
15941 18024 17319
15604 17936 17317
15815 18095 17246
16049 17496 17344
16211 17801 16927
16431 17338 17087
15981 17972 17016
16415 17590 17117
15740 17715 17282
15871 18085 17207
16169 17614 17193
16246 17601 17074
16108 17452 17337
15652 17945 17273
16047 17914 17197
15621 18020 17240
15746 18090 17227
16183 17748 16844
16320 17451 17082
16358 17561 16897
16042 17871 17164
15943 17937 16949
15805 18075 17140
16155 17662 16919
16243 17544 17025
16192 17586 17012
15465 17724 17093
15738 18059 17037
15846 17932 16816
16027 17500 17151
16347 17485 16870
15878 17861 16878
15592 17771 17092
16014 17677 17031
16012 17610 17111
15691 17854 16995
15736 17933 16416
15843 17247 17147
16345 17271 16782
16136 17105 16775
15944 16979 16624
16273 18451 17300
16675 17036 18916
17207 18176 16793
17263 16916 18386
17618 17295 17176
17262 18015 16960
17316 17957 16965
17157 18142 17056
16660 17197 18862
16512 17985 18074
16354 18333 17570
17591 17322 17063
16307 18399 17497
16720 18274 17571
16404 18363 17300
16297 18420 17260
16975 18184 17133
16439 18226 17744
17528 17694 17584
17022 17138 18491
16906 16984 18778
17488 17114 17812
17562 17532 17469
16388 18386 17362
16561 18362 17441
17581 17295 17324
17051 17807 17946
17009 17183 18707
16775 18035 17945
17498 17349 17670
16826 17663 18363
16466 18122 17901
16496 18319 17636
17414 17698 17533
17155 17054 18527
16362 18347 17552
17542 17557 17623
16879 17062 18743
17368 17865 17374
17252 17976 17394
17397 17582 17614
16578 17842 18230
16811 16958 18820
16802 17180 18878
16459 18410 17287
17195 17467 18132
17180 17430 18292
17247 17393 18088
16698 17271 18671
16759 17924 18103
17563 17259 17352
17423 17736 17500
16952 17241 18545
17284 17446 17928
17335 17890 17526
16459 18428 17190
17444 17732 17446
17094 17590 18438
17386 17496 17755
16631 18297 17698
16859 17834 18261
17173 17503 18069
16911 18053 17800
16748 17230 18802
17082 17118 18461
16901 17354 18577
16798 18224 17674
16688 18239 17650
17101 17092 18601
16649 18314 17221
17221 17009 18473
16380 18406 17331
17234 17365 18219
17459 17387 17691
17466 17584 17604
17489 17721 17436
17363 17596 17598
17313 17538 17719
16973 17752 18159
16273 18451 17300
17215 18014 17420
17079 18129 17243
17223 16936 18419
16847 18158 17710
17449 17560 17643
17015 18072 17539
16640 18351 17204
17339 17878 17563
17118 17843 17759
17143 17302 18392
16930 17649 18456
16839 18259 17645
16895 18216 17135
17604 17226 17340
16564 18308 17493
17152 17481 18254
16862 17251 18639
17072 17617 18197
16872 17897 18028
17390 17778 17464
17030 17679 18147
16739 17318 18658
17134 17788 17747
17277 17583 18062
16886 17423 18540
17002 17218 18488
17125 17651 17980
16697 17334 18607
17106 17378 18420
16599 18024 18043
17150 17634 17998
16919 17759 18170
16991 17818 18021
17232 17945 17515
17290 17163 18296
16569 18108 17924
16811 16958 18820
16754 18135 17786
17302 17785 17624
17293 17856 17619
16953 17994 17660
16840 18000 17867
17165 17457 18193
16609 18165 17879
17103 17070 18620
16481 18265 17729
16963 17900 17879
16652 17733 18331
17207 17352 18298
16739 17954 18151
16884 17871 17966
17102 17404 18341
17194 17660 17840
16844 17908 17954
16684 17019 18911
16928 18010 17851
16940 18102 17503
17185 17723 17772
16990 17630 18245
16895 17075 18730
16599 18024 18043
16694 17983 18010
16633 17411 18591
16764 18051 17888
17128 17610 18175
17608 17247 17291
16984 17622 18395
17032 17684 18117
17098 17968 17847
16619 17769 18335
17176 17214 18375
16814 18085 17724
17150 17038 18594
16686 16995 18911
17353 17659 17704
17186 17023 18401
17130 18088 17507
16616 18079 17890
17186 17410 18208
16901 18210 17517
16697 18198 17734
17074 17836 17919
17349 17174 17889
16768 17320 18648
16482 18219 17699
16901 17823 18182
17233 16939 18399
17260 18073 17200
17263 16916 18386
17038 17662 18196
17073 18163 17302
16698 17271 18671
16941 18011 17735
16756 17948 18104
16860 17215 18789
17023 17733 18119
17174 17764 17955
17164 17374 18336
16895 17075 18730
17161 17166 18376
16698 17271 18671
16684 17019 18911
17161 17166 18376
16811 16958 18820
16363 17873 18024
16642 18102 17496
16681 16975 18775
16927 16876 18526
17118 17326 17999
16545 17836 18140
16617 18028 17772
16789 17203 18571
16765 17237 18366
17109 17760 17569
16667 17961 17988
16823 17099 18731
16672 17777 17878
16905 17885 17667
17078 17126 18420
16856 17903 17712
17106 17578 18050
17023 17159 18429
17016 17707 18037
16817 17705 18119
16941 17851 17677
16582 17069 18738
16708 17578 18194
17116 17469 17755
17099 17554 18112
16692 17276 18523
16637 17362 18316
16920 17834 17812
16831 17423 18189
16662 17324 18473
16775 17918 17841
16791 17197 18341
16578 17346 18472
16771 16941 18766
16939 17403 18147
16778 17563 18263
17092 17198 18264
16780 16955 18749
17020 17333 18165
16224 17987 17131
16535 16897 18673
17106 17402 17888
16317 17760 18089
16462 17966 17531
16880 17145 18355
16638 17957 17400
17014 17494 18039
16780 17036 18550
16953 17023 18296
16675 17657 17934
16785 17142 18472
16476 17780 18006
17052 17227 18100
16547 17923 17782
16819 17821 17810
16778 17623 17942
16625 17285 18162
16938 17126 18271
17042 17739 17562
17065 17678 17560
16835 17746 17478
16857 17320 18158
16843 17373 18147
16631 17878 17808
16911 17654 17712
16921 17543 18096
16616 17943 17768
16978 17578 17766
17089 17031 18246
16635 17958 17628
16989 17599 17734
16542 17642 17954
16940 17612 17868
16621 17807 17910
16644 17945 17715
17051 17034 18250
16845 17655 17874
16258 17943 17593
16487 16738 18594
16880 17624 17138
17106 17135 17538
16627 16980 18541
16781 16986 18306
16455 17545 17923
16732 17345 18140
16912 17561 17312
16537 17847 17781
16588 17120 18461
16633 17889 17151
17016 17303 17880
16931 17101 18067
16818 17741 17496
16692 17749 17722
16910 17574 17426
16971 17378 17959
16774 17138 18398
16595 17900 17642
16664 17814 17757
16697 17804 17656
16790 17215 18094
16744 17144 18096
16483 17937 17454
16865 17427 18053
16855 17591 17565
16927 17485 17854
16935 17291 18022
16847 17542 18039
16998 17363 17978
16466 17722 17833
16767 17651 17660
16898 17252 18029
17007 17275 17994
16867 17506 17732
16650 17707 17802
16795 17638 17777
16763 17621 17882
16889 17497 17933
16653 17672 17777
16888 17402 18086
16758 17400 18089
16778 17692 17644
16652 17371 18117
16458 17715 17855
16372 17621 17802
16517 17874 17538
16543 17832 17124
16581 17026 18335
16733 16844 18309
16997 17332 17729
16798 17562 17279
16895 17032 17973
16841 17554 17536
16756 17105 18196
16648 16961 18291
16665 17160 18137
16874 17271 17908
16458 17612 17813
16697 17797 17627
16638 17690 17649
16606 17776 17670
16819 17299 18072
16586 17014 18252
16749 17617 17162
16485 17648 17724
16609 17337 18047
16851 17160 17995
16797 17422 17789
16723 17600 17855
16732 17668 17554
16783 17466 17878
16777 17478 17945
16510 17536 17931
16808 17394 18026
16674 17419 18033
16884 17398 17842
16728 17507 17988
16810 17542 17714
16608 17607 17658
16783 17395 17995
16435 17719 17670
16564 16987 18331
16602 17791 17582
16662 16870 18068
16876 17377 17746
16756 17189 17966
16637 17281 17921
16588 17089 18162
16495 17409 17852
16515 17117 18119
16689 17052 18011
16572 17565 17732
16675 17493 17783
16804 17393 17807
16444 17774 17631
16860 17373 17766
16687 16902 18044
16723 17377 17848
16798 17062 17902
16569 17613 17653
16619 17368 17968
16676 17574 17677
16747 17442 17754
16532 17664 17627
16800 16975 18022
16646 17405 17900
16532 17664 17627
16659 17752 17591
16659 17438 17822
16612 17381 17973
16599 16976 18158
16601 17098 18122
16356 17773 17471
16448 17741 17177
16555 16541 18237
16847 17261 17554
16580 16927 18052
16509 16945 18019
16490 17659 17572
16718 17300 17333
16744 17100 17838
16629 17594 17376
16708 17386 17687
16816 17085 17766
16566 17172 17938
16801 17166 17722
16598 17726 17421
16682 17442 17441
16662 17422 17719
16595 17282 17877
16635 17265 17800
16572 17487 17726
16572 17350 17777
16565 17482 17752
16324 16715 18019
16544 17670 17312
16574 16643 17855
16592 17508 17225
16667 17229 17660
16532 16736 17938
16629 17244 17799
16554 16870 17924
16571 17653 17376
16339 16913 17638
16484 16648 17915
16542 17568 17284
16666 16844 17592
16565 17511 17311
16626 16770 17760
16497 16836 17853
16427 17437 17302
16456 16756 17795
16468 16553 17615
15964 17391 18450
16414 16444 18939
16429 18409 16868
16649 16375 18849
16867 18243 16569
17718 17212 17150
16227 16916 18784
16743 18290 16664
17375 17836 17050
17658 17413 17175
16052 17538 18294
16554 18292 17120
16911 18226 16740
17064 17528 17996
16109 17433 18446
16814 17715 17805
16867 18243 16569
16181 17485 18367
16923 18171 16758
17264 17661 17560
16504 18399 16819
16399 16571 18870
16342 16987 18682
16659 16407 18816
17351 17895 17221
16903 18211 17143
17213 17681 17718
17027 17499 18090
16784 17556 17950
16380 17962 17615
16409 16509 18882
17616 17041 17687
16100 17291 18630
16759 16757 18730
17550 17043 17867
17397 17581 17435
16452 17210 18427
16723 17997 17470
17014 17752 17652
17702 17275 17180
16598 16954 18711
16198 17382 18599
16531 18357 16840
16401 17667 18026
16644 16866 18646
16494 16733 18766
16831 17314 18176
16652 16466 18836
17584 17321 17604
16756 17283 18229
17231 17747 17498
16015 17565 18276
17447 17058 18096
16586 18326 17018
16881 17216 18280
16583 18390 16771
16720 18273 16979
16503 16444 18901
16283 17365 18444
17158 17828 17489
16234 17878 17887
16475 16664 18845
16945 18129 17187
17285 17039 18243
17417 17617 17190
16857 18050 17248
17563 17335 17183
17229 17389 18057
16684 17699 17862
16578 16601 18837
16819 18257 16939
16617 18088 17574
17482 17020 17971
17313 17109 18239
16393 17186 18483
16846 17809 17624
17078 17497 17752
17173 17852 17368
16387 16746 18740
16261 16509 18931
16970 17817 17540
16615 18373 16833
17425 17769 16952
17516 17010 17890
17462 17576 17514
17600 17286 17212
17075 16626 18528
17083 18014 17233
17423 17520 17677
17507 17115 17969
16625 18343 16769
17494 17734 17122
16666 16391 18817
17413 17134 17927
16601 18286 16895
17188 17814 17333
16241 16575 18898
16709 16645 18774
16478 16696 18821
17142 17786 17593
17001 17916 17446
17171 17804 17533
16305 16708 18878
16640 17623 17922
17328 17172 17930
16432 17484 18321
17388 17265 17745
17222 17235 18253
17219 17943 17292
16935 17642 17865
16698 18233 17005
17207 17774 17576
17130 17902 17396
17009 16819 18611
17317 17295 17852
17322 17043 18148
16736 17091 18518
16907 18183 17245
16706 18100 17313
17469 17456 17417
16587 16964 18649
16814 18030 17296
16197 17457 18407
16463 17540 18249
16720 16782 18667
16481 16500 18846
16254 16998 18773
16948 17072 18508
17434 17085 18115
16951 18020 17348
16413 17175 18542
17073 17150 18437
16992 18052 17247
16324 17501 18366
17613 17167 17833
16570 17730 17896
17124 16859 18356
16720 16782 18667
16489 18355 16912
16746 17968 17590
16783 16847 18612
16015 17565 18276
16858 17982 17425
16861 17258 18362
16691 17158 18580
16958 17068 18539
17105 16977 18455
17109 18113 16919
16566 18327 16879
16239 17350 18516
16906 17939 17386
17115 17440 17827
17108 17925 17361
16536 18116 17246
16412 17273 18338
17098 17421 17890
16986 17031 18454
16991 16704 18689
16743 17568 17910
17177 16854 18321
16564 17443 18263
16320 16845 18714
17137 17463 17809
17434 17085 18115
16700 17398 18257
17178 17912 17321
16186 16503 18936
16293 17316 18473
17514 17450 17322
16649 16837 18682
16691 17158 18580
17140 17465 17750
16987 16821 18480
16827 16819 18629
16313 17395 18389
17010 17214 18376
16699 17653 17831
16313 17395 18389
17101 17266 18165
16293 17316 18473
17101 17266 18165
16831 17314 18176
17219 17943 17292
16783 16847 18612
16691 17158 18580
16831 17314 18176
17434 17085 18115
16136 16701 18824
16494 16337 18851
16494 16337 18851
17124 17794 17353
17154 16856 17722
17032 17432 17633
16387 17342 18048
16938 17118 18333
16319 16868 18532
16396 16480 18714
17063 17219 18126
16712 16712 18687
17132 16997 18228
16617 17255 17876
16208 16938 18734
17074 16601 18510
16860 17364 17791
16565 16826 18652
17038 16886 18288
16885 16625 18417
16580 17295 17860
16624 16843 18440
16246 17115 18409
16233 16806 18728
16502 16420 18844
16779 16656 18375
16817 17285 17816
16755 16669 18697
16504 17096 18510
16519 16963 18461
16813 16824 18353
16524 16834 18449
16062 17018 18201
16464 16276 18804
17071 17670 17248
16811 17278 17738
16924 17211 17687
16174 16759 18709
16653 16630 18508
16259 16775 18570
16533 16687 18334
16374 16574 18696
16973 17008 17946
16440 16377 18673
16516 17039 18187
16107 16936 18471
16456 16457 18573
16791 17202 18089
16699 16733 18328
16397 16518 18638
16870 16937 18283
17018 16894 17713
16508 16815 18439
16929 17160 18048
16857 16997 18285
16942 16879 18027
16683 16637 18355
16429 16544 18551
16816 17163 17977
16828 16813 18325
16972 16846 18210
16806 17162 18102
16516 16845 18384
16934 16904 18063
16392 16849 18350
16433 16542 18569
16020 17116 17958
16327 16248 18740
17013 17556 17242
16830 17199 17498
16193 16528 18584
16504 16842 18382
16626 16951 18239
16971 16730 17813
16282 16575 18485
16848 17132 17661
16696 16641 18317
16926 16808 18061
16866 17080 18024
16714 16569 18197
16796 16942 18176
16456 16688 18427
16777 17164 17778
16800 17149 17664
16895 16905 17919
16900 17060 17853
16694 16983 18074
16942 17001 17866
16357 16464 18563
16406 16274 18738
16381 16329 18619
16391 16418 18528
16776 17162 17928
16305 16328 18686
16666 16685 18228
16318 16488 18673
16656 16859 18228
16416 16376 18575
16377 16441 18435
16376 16619 18434
16400 17185 17882
16300 16502 18680
16432 16251 18429
16423 16387 18430
16396 16978 18231
16220 17086 17898
16374 16257 18705
16391 16177 18520
16464 17163 17397
16929 16972 17624
16524 17161 17553
16622 16796 18218
16474 16621 18334
16882 16744 17899
16480 16519 18346
16313 16306 18673
16891 16904 17862
16580 16913 18235
16854 16956 17975
16680 16988 18020
16646 16357 18237
16705 17146 17882
16272 16499 18559
16778 17065 17681
16894 17046 17755
16800 17100 17603
16244 16268 18698
16455 16486 18366
16411 16430 18403
16337 16471 18410
16400 16376 18480
16374 16960 18163
16769 17110 17788
16308 16325 18555
16290 16505 18433
16756 16909 17996
16768 16770 18172
16379 16750 18306
16411 16423 18426
16358 16376 18507
16363 17048 17948
16677 17002 17960
16757 17153 17638
16798 16963 17786
16392 17014 17959
16799 16750 18009
16467 17009 17953
16223 16187 18594
16732 17152 17638
16924 16901 17529
16412 16561 18297
16354 16258 18439
16844 16700 17969
16460 16369 18324
16265 16355 18364
16551 16790 18197
16702 16678 18124
16451 17092 17694
16497 16979 17873
16303 16729 18257
16327 16282 18429
16786 17072 17555
16636 16667 18165
16628 17025 17846
16696 16830 17936
16693 17085 17781
16662 16928 17948
16456 16888 18225
16807 17045 17646
16823 16955 17859
16843 16797 17841
16475 16908 18188
16692 17060 17842
16185 16094 18521
16276 16056 18357
16471 17146 17478
16677 17042 17418
16804 16764 17619
16425 16409 18202
16592 16930 17753
16221 16530 18285
16729 16652 17909
16698 16664 18060
16353 16844 17993
16355 16485 18237
16518 17130 17439
16779 17027 17574
16497 16677 18192
16614 16779 17927
16739 16868 17636
16658 17051 17691
16516 17134 17549
16735 16753 17690
16786 16695 17753
16410 16862 17974
16402 16756 18202
16654 16771 17918
16671 16774 17742
16008 16448 18256
16437 16388 18192
16525 16981 17509
16756 16481 17509
16209 16955 17602
16560 16556 17964
16393 16708 18137
16648 16697 17886
16482 16768 17865
16555 16835 17652
16529 16700 17730
16753 16962 17558
16208 16542 18128
16609 16833 17486
16645 16169 17849
16716 16770 17316
16486 16340 17836
16420 16538 17942
16289 16573 17883
16639 16679 17763
16563 16761 17520
16399 16765 17584
16373 16554 17777
16151 16686 17444
16306 16502 17715
16501 16819 17367
16588 16633 17686
16173 16779 17328
16226 16412 17637
16391 16616 17522
16370 16613 17220
