1 0.0882481
21432 21406 21699
21866 20538 22027
21943 21701 21490
22429 20432 21642
22604 20806 21156
21469 21318 21742
22128 20864 21408
21811 20751 21940
22585 20713 21177
22008 21008 21616
22070 20475 21867
21995 21632 21418
21866 20538 22027
22029 20974 21685
22352 20532 21544
22426 20843 21480
21990 20517 21988
22118 20705 21689
22116 20746 21558
22352 20532 21544
20676 20611 21900
21015 21677 20946
21798 20439 21966
21995 21011 20701
22589 19746 21065
22541 19751 20980
22141 20280 21366
21170 21404 21531
21667 20681 21879
21995 21011 20701
21325 21369 21690
22142 20352 21361
20964 21666 21135
21325 21369 21690
21093 21590 21144
22529 20702 21121
22352 20415 21330
21910 20809 21587
21650 21331 21333
21444 20976 21542
21378 21366 21462
21781 21190 21260
22300 20768 21320
21950 21327 21227
21715 21522 21108
21679 20852 21559
21429 21096 21579
22076 20566 21550
21997 20697 21404
21865 21525 21015
22139 20825 21101
22015 20935 21317
21054 21650 21212
21418 21207 21487
21014 21604 21235
21430 21158 21334
22338 20438 21210
22016 20760 21324
21921 20983 21510
21865 21525 21015
22076 20566 21550
22330 20604 21136
21418 21207 21487
20964 21666 21135
22015 20935 21317
21715 21522 21108
21444 20976 21542
20909 21627 21181
21184 20050 21905
21707 21228 20958
22479 19737 21087
22518 19878 20995
21304 20074 21888
21098 20727 21679
22260 20332 21323
21628 20452 21817
21406 20853 21577
21243 21221 21373
22424 20663 21081
21831 21028 21179
21579 20597 21831
21635 21426 21046
21677 20574 21559
21798 20770 21527
21966 20405 21420
22129 20332 21328
21088 21390 21523
22038 20493 21409
22182 20603 21295
22101 20679 21266
21931 21069 21099
22067 20776 20997
21501 20958 21276
21431 20979 21300
21105 21307 21520
22158 20728 21021
21326 21235 21229
21125 21228 21396
22013 20930 21214
22258 20710 21226
21416 21057 21425
21647 21124 21203
21498 21301 21079
21907 20912 21486
21825 21100 21094
21907 20912 21486
21707 21228 20958
21184 21267 21086
21088 21390 21523
21924 20887 21298
21640 20917 21462
21325 20977 21468
21654 21223 21075
21654 21408 21036
21647 21124 21203
21931 21069 21099
21654 21408 21036
21184 21267 21086
21326 21235 21229
21640 20917 21462
20768 21424 20408
20768 21424 20408
21174 20020 21859
21525 19926 21815
22395 20646 20946
20813 21352 20450
22032 20255 21223
21887 20989 20693
21091 21226 21435
21912 20916 20900
21589 20205 21797
21529 20564 21783
21291 20026 21826
21986 20431 21387
21003 21276 21469
21033 20818 21504
22291 20572 21007
21549 20401 21671
21703 20908 21345
22202 20583 21109
21615 21264 20991
21720 20627 21515
21400 20591 21629
21166 20597 21708
21922 21035 20606
22182 20636 21219
21305 21040 21282
21981 20670 21045
21586 21292 20951
21776 21052 21000
21346 20716 21575
21599 21113 21089
21935 20865 20644
21928 20730 20922
22395 20646 20946
21280 20976 21448
21346 20716 21575
21549 20401 21671
21031 21343 20908
21896 20856 21365
21394 20941 21380
21852 20879 21200
21809 20901 21088
21919 20674 21248
21213 20728 21480
21606 21112 21002
21922 21035 20606
21793 20961 21104
21213 20728 21480
21852 20879 21200
21400 20591 21629
21884 21046 20636
21166 20597 21708
21808 20900 21245
21924 20946 20632
21854 20949 21011
21283 20891 21411
21854 20949 21011
21283 20891 21411
21600 21272 20918
22202 20583 21109
22182 20636 21219
21526 20878 21462
21799 20882 21459
21799 20882 21459
20734 20495 21627
21238 20084 21793
21541 21263 20815
21851 20834 20424
21981 19815 21262
22369 20591 20863
22272 20175 20982
21819 20934 20580
21763 20768 21389
20853 20588 21559
21797 20906 20734
21314 20822 21397
21474 20961 21089
20944 21237 21294
22032 20280 20948
21851 20834 20424
21031 20665 21474
22091 20144 21056
21579 21143 20764
21524 20492 21679
21274 20305 21728
20984 20584 21533
21815 20649 21314
21927 20701 20921
21605 21040 20861
21783 20463 21422
21105 20659 21519
21881 20653 21125
21476 21191 20826
22038 20369 20898
21654 20540 21452
21930 20325 21164
21657 20818 21235
21657 20818 21235
21498 20132 21752
21066 21145 21419
21174 21010 21066
21066 20157 21760
21640 20880 21163
21187 20979 21266
21156 20944 21313
21987 20318 20963
21770 20842 20998
21622 20990 20847
21931 20515 20902
22038 20369 20898
21475 21109 21046
21475 21109 21046
21632 20844 21301
22091 20144 21056
21926 20292 21278
21765 20888 21083
21500 20655 21424
21500 20655 21424
21926 20292 21278
21931 20515 20902
20487 21002 21381
21220 20002 21769
21465 21253 20793
21967 19881 20879
22014 20465 20450
22262 20209 20814
22066 20288 20480
20713 20150 21668
21007 20063 21655
21891 20312 20715
20632 20139 21719
21692 20886 21070
21548 20787 21145
21364 21058 21033
21734 20382 21394
21212 20455 21449
21826 20527 20902
21099 20336 21504
21621 20676 21112
21473 20271 21582
21193 21070 20914
21133 20873 21091
21402 20759 21307
21045 21131 21334
21457 20981 21040
21465 21253 20793
21267 20820 21227
21325 20048 21637
21842 20701 20748
21045 21131 21334
21767 20756 20871
20671 20596 21505
21852 20655 20830
21752 20820 20961
21831 20119 21241
21967 19881 20879
21891 20312 20715
21475 19940 21606
21054 20569 21431
21349 21009 21040
21579 20648 21222
21476 19932 21699
20680 20617 21438
21516 20470 21426
21471 20106 21596
21311 20731 21388
21579 20648 21222
21402 20988 20926
21310 20688 21393
21516 20470 21426
21889 20313 21099
21114 20114 21585
21752 20820 20961
21462 21001 20894
21402 20988 20926
21357 20318 21433
21476 19932 21699
21726 20591 21385
21726 20591 21385
20671 20596 21505
20394 20331 21452
20968 21090 21262
21106 19965 21718
21924 20284 20342
21765 20514 20414
21441 20182 21544
21766 20467 20659
21633 20823 20871
21227 20268 21474
20526 20070 21633
21153 19988 21692
20720 21027 21295
21724 20391 20814
21779 20064 21112
21497 20741 20940
21814 20400 20713
20510 20056 21636
21525 20584 21072
21213 20858 21026
21348 21038 21007
21495 20660 21100
21067 20914 21008
21354 20206 21423
20720 21027 21295
20680 20584 21356
21681 20583 21378
20533 21036 21277
21312 20461 21391
20968 21090 21262
21042 20772 21308
21708 20680 20840
21184 20777 21101
20707 20714 21330
20463 20436 21396
21849 20444 20382
21067 20914 21008
21124 20757 21302
21810 20448 20700
21365 20699 21274
21757 20664 20675
21551 20664 21014
20463 20436 21396
21849 20444 20382
21384 20665 21074
21542 20192 21385
21220 20723 21285
21666 20844 20816
21666 20844 20816
20680 20584 21356
21384 20665 21074
20510 20056 21636
21551 20664 21014
20533 21036 21277
21495 20660 21100
20531 21031 21093
20795 21069 21014
20838 20028 21506
21774 19734 20673
21813 20310 20299
21460 20752 20785
21188 20980 20898
21553 20432 21362
21543 20713 20364
21789 20247 20520
21681 20522 20428
20633 20977 21290
20867 20953 21113
21661 20478 20619
20974 20615 21210
20972 20848 20997
20690 20704 21256
21801 20141 20600
21631 20582 20583
21093 20881 20963
21327 20649 21041
21762 19854 21009
20531 21031 21093
21067 20543 21264
21445 20506 21303
21263 20086 21457
21080 20231 21428
21693 19992 21058
21600 20333 21050
20970 20731 21086
21226 20206 21391
21298 20897 20913
21110 20664 21089
21725 19921 21029
21738 20268 20598
21445 20506 21303
20839 20933 21189
21263 20086 21457
21249 20633 21170
21725 19921 21029
21762 19854 21009
21311 20551 21165
21226 20206 21391
20862 20889 21228
21597 20571 21141
20690 20704 21256
21625 20306 21370
21693 19992 21058
21597 20571 21141
20970 20731 21086
21327 20649 21041
20846 20519 21294
21298 20897 20913
21110 20664 21089
21600 20333 21050
21625 20306 21370
21067 20543 21264
20846 20519 21294
20620 20940 21282
20706 21063 20865
20930 20052 21454
20930 20052 21454
21450 20636 20250
21777 20115 20586
21326 20587 20384
21020 20386 21269
21709 20157 20355
21619 20249 20750
21584 20510 21041
21357 20497 21208
20988 20830 20775
20949 20523 20895
20921 20377 21330
21019 20796 20879
21529 20262 21353
21397 20307 21315
21531 20326 21212
20927 20979 20857
20927 20979 20857
20921 20377 21330
20461 20940 20962
20669 21034 20821
20693 19959 21339
21591 20151 20110
21616 19661 20559
21666 20146 20303
21185 20297 21269
21523 19928 20392
21462 20211 20971
20778 20385 21095
20888 20639 20822
21601 19677 20534
21038 20458 21041
20619 20850 20915
20994 20499 20922
20772 20733 20834
20568 20740 21067
20568 20740 21067
20507 20560 20979
20643 20932 20689
21036 19965 21156
21169 20222 20252
21380 19602 20595
20384 20395 20822
20626 20832 20625
