261 36.4791
7573 7671 8758 7949
7806 7514 8900 7928
7894 8061 8410 8191
8010 8010 9266 7387
8486 8739 7654 7540
8647 9021 8322 7239
8911 8618 7928 6756
9026 8420 8002 7069
7821 7581 8847 7980
7750 7747 8677 8034
7702 7876 8883 7900
8265 8974 7853 7308
8229 8176 8434 8141
8296 8863 7672 7432
8195 7804 9049 7781
8197 8250 8473 8094
7784 7908 9181 7635
8802 8724 7872 6822
8286 8962 7731 7300
8690 8647 7777 7354
8851 8461 8302 7072
8465 8793 8449 7471
8786 8521 7815 7375
8823 8515 8230 6988
8213 8237 8214 8073
8888 8506 8165 6783
8033 7873 9130 7729
8023 8034 9237 7176
7894 8061 8410 8191
8530 8642 7715 7646
8048 8234 9190 7364
8476 8154 8743 8007
8660 8930 8214 7159
7981 7941 9178 7673
8404 7889 8855 7913
8880 8520 8196 6927
8928 8541 7901 6971
8403 8889 8265 7345
8969 8459 8046 6906
8831 8496 7963 7052
8552 8689 8525 7321
8531 8481 8794 7402
7847 8162 9226 7460
9004 8482 7997 6884
8169 8057 8543 8040
8452 8824 8211 7310
8444 8898 8204 7260
8755 8707 8018 6791
8987 8459 7993 6950
8232 7823 9097 7759
8106 7838 9086 7645
8951 8490 7918 6802
8096 8240 8575 8016
8647 9021 8322 7239
8552 8763 8487 7513
7871 8141 9211 7141
8475 8772 8107 7429
8638 8657 8350 7434
8275 8694 8328 7525
8924 8563 7880 6838
8606 8589 8244 7450
8980 8464 7954 6936
8738 8461 7929 7294
8761 8394 8066 7420
8427 7929 8816 7799
8071 8062 9152 7711
8933 8513 8051 7025
8961 8489 7975 6849
8796 8081 8572 7230
8917 8580 8089 6831
8664 8611 8129 7252
8666 8352 8548 6881
7918 8111 9149 7423
8281 8306 8348 7975
8317 7969 8955 7878
8970 8337 8080 6851
8148 8273 9071 7330
7926 7997 9258 7425
8678 8628 8163 7236
8157 8434 8700 7596
8190 8359 8962 7545
7863 8096 9249 7456
7961 8233 9006 7378
8616 8810 8199 7274
8653 8281 8696 7169
8331 8330 8935 7484
8239 8047 9074 7473
8706 8817 7756 7208
8886 8629 7956 6760
8499 8165 8723 7821
8665 8622 8373 7090
8381 8277 8778 7733
8562 8325 8614 7192
8584 8144 8663 7852
7927 7880 9214 7628
8356 8569 7754 7753
8695 8599 8076 7206
8034 7976 9097 7745
8579 8529 8534 7197
8516 8604 8784 7390
7965 8227 9029 7418
8540 8372 8836 7679
8720 8276 8517 7281
8454 8490 8376 7534
8126 8253 8614 7957
8370 8044 8825 7862
7968 8446 8738 7540
8420 8189 8944 7653
8119 7947 9079 7645
8575 8342 8674 7087
8618 8341 8597 7014
8659 8512 8642 7001
8525 8182 8720 7972
8416 8505 8490 7616
8180 8273 8906 7632
8490 8397 8491 7559
8073 8006 9092 7718
8654 8385 8591 7134
8334 8112 8989 7685
8873 8604 7962 6963
8705 8484 8402 7292
8979 8425 7917 7032
8574 8404 8536 7124
8631 8559 8360 7117
8025 8257 9043 7371
8712 8702 8482 7089
8417 8004 8946 7588
8345 7942 8996 7874
8589 8403 8632 7039
8302 8408 8646 7450
8592 8309 8713 7701
8285 8879 7958 7371
8394 8545 8138 7548
8558 8573 8130 7476
8329 8184 8815 7794
8324 8181 8870 7830
8130 8164 9086 7323
8560 8384 8608 7161
8163 7946 9157 7547
8407 8167 8785 7740
8506 8455 8543 7455
8447 8109 8875 7786
8163 8546 8502 7578
8235 8407 8888 7516
8597 8371 8501 7349
8116 7925 9037 7688
8779 8212 8278 7201
8779 8212 8278 7201
8316 8423 8647 7436
8421 8329 8561 7828
8282 8220 9057 7577
8868 8222 8025 7047
8788 8213 8601 7135
8192 8200 8839 7883
8036 8458 8553 7549
8868 8222 8025 7047
8606 8551 8494 7219
8588 8313 8594 7149
8448 8438 8433 7603
8179 8124 9121 7383
8672 8509 8363 7285
8183 8233 8992 7663
8266 8426 8656 7459
8286 8451 8637 7488
8598 8176 8724 7238
8329 8271 8654 7749
8278 8133 8945 7848
8561 8104 8757 8032
8369 8101 9016 7734
8589 8333 8683 7141
8111 8219 8997 7689
7927 7880 9214 7628
8215 8228 8997 7567
8531 8227 8636 7941
8435 8486 8595 7535
8470 8450 8515 7516
8626 8337 8557 7262
8179 8124 9121 7383
8411 8088 8991 7707
8090 8175 9079 7266
8089 7938 9036 7733
8448 8438 8433 7603
8356 8104 9017 7634
8117 8184 9009 7698
8631 8559 8360 7117
8192 8200 8839 7883
8363 8449 8593 7542
8348 8091 9041 7665
8308 8038 9067 7678
8323 8317 8620 7860
8329 8131 9007 7704
8323 8317 8620 7860
8374 8470 8475 7680
8304 8083 9090 7462
8119 8211 8982 7679
8457 8541 8099 7537
8666 8280 8551 7221
8084 8509 8691 7514
8374 8470 8475 7680
8669 8249 8556 7292
8750 8275 8651 7268
8394 8545 8138 7548
8119 8211 8982 7679
8635 8543 8488 7284
8308 8038 9067 7678
8750 8275 8651 7268
8084 8509 8691 7514
8457 8541 8099 7537
8215 8228 8997 7567
8034 7976 9097 7745
8324 8181 8870 7830
8705 8484 8402 7292
8278 8133 8945 7848
8286 8451 8637 7488
8348 8091 9041 7665
8606 8551 8494 7219
8179 8124 9121 7383
8561 8104 8757 8032
8304 8083 9090 7462
8111 8219 8997 7689
7865 8445 8722 7425
8116 7742 8971 7763
8149 7925 9153 7413
8491 8750 7840 7499
8516 8132 8677 7942
8736 8459 7903 6642
8859 8486 7839 6806
8972 8356 7986 6964
8820 8342 8034 6918
8776 8274 8148 6791
8169 8163 8522 7766
8846 8468 7875 6678
8650 8491 8140 7023
8900 8416 8015 6960
8604 8641 8270 7434
8458 8368 8764 7561
7983 8082 8919 7602
8849 8540 7855 6793
8013 7794 9029 7699
8679 8479 8281 7198
8947 8351 7872 7012
8490 8648 8331 7365
8375 7955 8858 7498
8921 8361 7992 6931
8389 8141 8769 7689
8196 8264 8795 7103
8499 8675 8301 7450
7930 7942 9119 7653
7872 8020 9129 7447
8549 8715 8315 7381
8085 7815 9041 7662
8057 7886 9152 7680
8229 8185 8650 7717
8353 8166 8687 7750
8565 8081 8474 7323
8618 8234 8593 7118
8311 8114 8946 7495
8003 8055 9082 7680
8548 8523 8467 7129
8257 8008 8987 7505
8611 8219 8605 7065
8592 8275 8427 7261
7904 8002 9115 7521
8289 8138 8753 7736
8501 8607 8289 7474
8122 8103 8874 7514
8654 8450 8316 7157
8099 8062 9020 7327
8055 8046 9058 7298
8508 8602 8455 7501
8645 8482 8378 7113
8112 8317 8799 7328
8035 7978 9046 7671
8632 8155 8620 7141
8076 8195 8890 7586
8098 8165 8810 7571
7910 8033 9110 7524
8241 8090 8951 7453
8528 8422 8403 7335
8568 8265 8450 7214
8533 8342 8775 7611
8554 8295 8643 7055
8066 7867 9111 7662
8039 8429 8638 7527
8300 8211 8746 7712
8349 8484 8544 7458
8562 8241 8536 7272
8194 8300 8783 7455
8511 8212 8670 7641
8095 8205 8937 7289
8513 8387 8642 7171
8047 8205 8940 7232
8069 8277 8796 7401
8512 8635 8379 7460
8577 8217 8538 7183
8081 8193 9049 7355
8471 8349 8729 7563
8269 8195 8944 7473
8336 8052 8973 7645
8028 8031 9042 7667
8625 8048 8421 7276
8053 8177 9030 7373
8545 8478 8424 7181
8339 8638 8385 7507
8470 8269 8632 7668
8378 8425 8528 7414
8079 8383 8637 7374
8557 8101 8647 7136
8122 7939 8974 7651
8043 8207 8950 7382
8553 8305 8530 7140
8074 8156 8980 7569
8550 8225 8675 7167
8066 7867 9111 7662
8508 8602 8455 7501
8520 8198 8729 7657
8511 8639 8414 7408
8117 8032 9037 7501
8520 8198 8729 7657
8036 8225 8973 7326
8511 8639 8414 7408
8346 8032 8941 7691
8346 8032 8941 7691
8346 8032 8941 7691
7866 7918 9106 7637
7958 7861 9142 7630
8053 7619 8864 7732
8417 8068 8615 7903
8428 8670 8281 7392
8698 8410 7944 6703
8864 8297 7863 6786
8254 7759 8863 7187
8815 8345 7880 6763
8532 8510 8098 7323
8622 8438 8199 6948
8397 8122 8669 7901
8514 8540 7974 7158
8080 7794 8898 7587
8510 8484 8242 6860
8486 8132 8700 7406
8540 8272 8635 7016
8030 7916 9046 7659
8580 8365 8262 6901
8508 8227 8518 7169
8151 8097 8790 7487
8299 8574 8431 7477
8516 8314 8507 7196
8190 8086 8777 7374
8534 8443 8379 7073
7888 7995 8940 7607
8371 8265 8568 7668
8004 8062 8978 7276
8106 8019 9033 7400
8459 8457 8336 7119
8508 8613 8311 7401
8128 7963 8967 7368
8129 8035 8952 7515
8008 7774 9117 7557
7928 8428 8432 7413
8536 8398 8195 7165
8397 8067 8728 7614
8579 8382 8205 7310
8018 8362 8448 7328
7936 7941 8980 7485
8470 8490 8429 7114
8071 8098 8935 7526
7887 8408 8563 7445
8457 8604 8366 7403
8188 7924 8890 7524
8545 8117 8596 7098
8473 8336 8767 7571
8560 8431 8262 7080
8336 8361 8615 7395
8500 8252 8622 7476
8477 8297 8655 7107
8576 8058 8474 7164
8350 8057 8773 7525
7938 7928 8894 7651
8109 8337 8500 7565
8370 8390 8512 7140
8505 8024 8548 7276
8510 8250 8606 7153
8148 8295 8768 7564
8577 8099 8582 7133
7881 7971 9112 7408
8500 8597 8204 7480
8004 8062 8978 7276
8500 8353 8435 7174
7880 8396 8587 7476
7847 7725 9074 7437
8105 7997 8649 7747
8386 8549 8333 7378
8456 8435 8091 7446
8610 8422 8159 6921
7880 7792 9064 7610
8007 8048 8920 7214
8538 8027 8299 7100
8077 7940 8851 7399
7995 7815 9037 7503
8200 8304 8580 7478
8056 7958 8864 7298
8515 8268 8407 7033
8459 8477 8107 7164
8351 8325 8722 7398
8423 8375 8270 7022
7906 8000 9032 7258
8504 8296 8174 6948
8142 8313 8674 7538
8438 8136 8712 7375
8456 8237 8555 7479
7923 7811 9071 7476
8412 8298 8758 7569
8433 8203 8559 7259
8361 8330 8563 7374
8414 8336 8632 7002
8387 8315 8489 7217
8396 8496 8290 7207
8409 8299 8494 7202
8442 8279 8680 6961
8066 8322 8688 7569
8430 8342 8281 7258
7879 7802 8904 7444
7939 7772 9031 7492
8342 8306 7985 6938
8395 8396 7664 7315
8400 8284 8636 7526
8444 8472 7928 7001
8463 8187 8281 6992
7951 7972 8857 7138
8405 8437 7900 7123
7901 8017 8791 7195
8405 8192 8405 7020
8107 8280 8698 7488
8402 8256 7719 7259
7900 7894 8787 7281
8285 8304 8572 7352
8212 8069 8724 7434
8388 8391 7926 7020
8334 8416 7700 7296
8292 8176 8655 7406
8274 8283 8723 7389
8138 8209 8695 7509
8158 8209 8739 7385
8123 8103 8659 7522
8188 8269 8637 7523
8166 8145 8733 7388
8142 8109 8713 7415
8403 8119 8664 7133
8171 8115 8697 7496
8025 8278 8526 7403
8090 8174 8682 7434
8158 8218 8550 7456
8173 8287 8567 7306
8327 8260 7827 7438
8361 7978 8346 7190
8372 8281 8542 6979
8271 8148 8186 7347
8370 8065 8487 7134
8360 8196 8603 7047
8253 8223 8212 7211
8303 8167 8404 7294
8059 8247 8674 7409
8239 8086 8623 7270
8231 8281 8430 7181
8116 8102 8681 7368
8186 8135 8548 7184
8240 8104 8599 7332
8145 8274 8611 7402
8171 8144 8644 7309
8173 8268 8467 7403
7980 8038 8599 7359
8069 8027 8647 7380
8287 8100 7782 7390
8321 8104 7681 7236
8333 8237 8467 6924
8141 8091 8432 7371
8150 8036 8507 7098
8119 8152 8553 7367
8278 8237 7691 7299
8237 8134 7776 7267
8042 8116 8614 7314
8230 8096 8506 7318
8141 8114 8527 7324
7864 7925 8570 7271
7917 7774 8615 7145
8153 7994 8426 7140
8211 8072 7748 7268
8171 7958 8293 7198
7516 8840 7857 7781
7716 7455 9058 7707
7796 7764 9110 7578
7841 7865 8322 8220
7892 9135 7966 7352
7913 8960 7779 7682
8376 8485 8573 6962
8913 8123 8093 7358
7861 7705 8938 7798
8414 8423 8569 7013
7713 7482 8923 7817
7952 9062 7844 7300
8798 8238 8079 7207
7963 7913 8973 7651
8546 8547 8428 7056
8770 7939 8134 7517
8010 7662 8830 7998
7928 9106 7971 7339
8135 8201 8548 8154
8123 8148 8726 8118
7886 7550 9014 7811
8849 8168 8089 7318
7957 7618 8989 7723
8030 7676 8865 7970
8014 8284 8574 8189
8705 8468 8017 7324
7902 7623 9021 7661
8067 7737 8852 7947
7802 7965 9037 7610
8345 8871 8209 7239
8025 7578 8880 7749
7840 7805 9075 7639
8245 8960 8160 7128
7987 8933 7832 7770
7795 9017 7917 7640
7887 7833 9014 7771
8055 8208 8703 8069
7767 8965 7809 7716
8320 8477 8597 6969
7594 8802 8040 7843
8872 8096 8162 7356
8353 8325 8786 7399
8669 7986 8039 7458
8023 8846 8234 7224
8827 8080 8181 7391
7774 8942 7796 7694
8071 8732 7890 7320
8155 7878 8292 8039
8475 8688 8254 7272
8013 8427 8448 8091
8366 8923 8169 7148
7974 7571 8907 7747
7771 8494 8048 8047
8191 8110 8413 7905
7825 8990 8191 7536
8322 8898 8197 7086
8671 8141 8013 7452
8745 8161 8172 7345
7756 8597 8071 7998
8322 8898 8197 7086
8736 7973 8279 7301
8282 8753 8268 7286
8212 8094 8748 7926
8178 8020 8710 7950
8201 8009 8507 8012
8404 8253 8807 7553
7805 8600 8104 7980
8388 8803 8145 7171
7954 8066 8903 8031
7877 8540 8312 7946
8342 8393 8561 7266
7806 7750 9080 7503
8022 8196 8582 8215
8095 8211 8559 8116
8579 8137 8517 7382
8412 8801 8160 7185
7624 8831 7990 7733
7796 7764 9110 7578
8149 8160 8672 8080
8434 8444 8532 7431
7788 7875 9082 7493
7997 8851 7865 7561
7671 8780 8077 7706
7785 8770 8285 7539
7697 8778 8078 7828
8180 8695 7940 7477
8161 8125 8602 7889
8176 8377 8762 7684
8532 8352 8341 7492
8529 8511 8382 7375
7911 8549 8120 7842
8110 8518 8627 7755
7701 8996 7958 7567
8555 8292 8476 7177
8002 8817 7784 7499
8520 8421 7978 7638
7631 8855 8106 7704
8367 8454 8518 7339
8165 8552 8424 7699
8622 7930 8385 7712
8249 8610 8214 7585
8604 8374 8154 7626
8620 8308 8284 7792
8265 8658 8131 7734
7739 8676 8159 7872
8397 8233 8815 7498
8555 8233 8465 7472
8274 8655 8350 7471
8635 8335 8396 7504
8728 8305 8151 7382
8102 8224 8555 7902
8689 8256 8184 7399
8235 8034 8675 7883
8467 8062 8596 7487
8487 8303 8666 7415
8222 8447 8616 7874
8275 8268 8625 7570
8398 8342 8527 7446
8077 8711 8164 7636
8482 8614 8324 7562
8088 8839 7844 7487
7612 8880 7900 7752
7834 8570 8228 7879
7788 8760 7996 7811
7834 8570 8228 7879
8339 8190 8535 7834
7717 8717 8092 7859
8207 8191 8759 7676
7729 8485 8161 8081
7658 8814 7924 7815
8536 8256 8582 7412
8598 8245 8494 7425
8279 8387 8437 7596
8303 8253 8589 7614
8102 8713 8178 7505
7995 8692 8363 7625
8335 8395 8571 7440
8451 8360 8383 7353
7748 8531 8042 8007
7658 8719 7951 7916
8441 8437 8482 7410
8177 8073 8421 7932
8303 8636 8092 7577
8659 8428 8187 7529
7897 8619 8216 7972
7744 8650 7987 7949
8037 8462 8366 7834
7738 8742 7949 7846
8267 8047 8636 7918
8280 8094 8680 7557
7738 8890 8060 7710
8285 8408 8372 7674
8309 8618 8140 7653
8381 8312 8528 7636
8335 8293 8707 7482
8374 8102 8611 7697
7643 8788 8108 7688
8262 8020 8732 7588
8273 8228 8303 7914
8229 8091 8610 7873
8491 8286 8502 7533
8598 8245 8494 7425
7828 8623 8090 7825
8313 8347 8600 7383
7612 8880 7900 7752
7897 8765 8258 7727
8162 8693 7905 7530
8330 8382 8134 7629
8310 8002 8637 7711
8499 8505 8210 7476
8441 8334 8500 7708
8266 7996 8558 8002
8407 8503 8387 7388
8245 8094 8660 7816
8353 8532 8544 7368
8279 8080 8403 8026
8365 7974 8436 7795
8136 8491 8546 7641
8641 8247 8473 7340
7643 8788 8108 7688
8285 8408 8372 7674
8480 8358 8303 7652
8577 8268 8480 7398
8279 8080 8403 8026
8324 8000 8365 7918
8434 8461 8442 7553
7701 8784 7946 7813
7999 8756 8262 7777
7594 8802 8040 7843
7713 8746 8061 7874
8577 8268 8480 7398
7890 8627 8285 7772
8201 8390 8664 7615
8659 8428 8187 7529
8265 8092 8700 7716
8288 8216 8596 7628
8387 8035 8574 7747
7874 8806 8263 7620
8225 8423 8538 7744
8287 8059 8475 7904
8270 8191 8585 7635
7800 8679 8074 7935
8320 8527 8295 7760
8436 8491 8501 7410
7703 8653 8153 7946
8262 8020 8732 7588
8176 8394 8694 7645
8353 8532 8544 7368
8267 8419 8650 7843
8320 8527 8295 7760
7874 8806 8263 7620
7649 8918 7931 7589
8267 8419 8650 7843
8499 8505 8210 7476
7719 8743 7929 7883
8450 8379 8473 7404
8450 8379 8473 7404
7898 8758 8383 7616
7800 8679 8074 7935
7649 8837 7982 7755
8176 8394 8694 7645
7649 8837 7982 7755
7649 8918 7931 7589
7649 8918 7931 7589
8365 7974 8436 7795
8641 8247 8473 7340
8037 8462 8366 7834
8225 8423 8538 7744
8407 8503 8387 7388
7719 8743 7929 7883
8288 8216 8596 7628
7738 8742 7949 7846
7519 8807 7837 7774
7616 8854 7927 7706
7727 8437 8064 7999
7906 8610 8215 7163
7984 8621 7683 7415
8112 7916 8577 7900
8138 8025 8730 7819
8611 8142 8000 7237
8484 8338 8373 7283
8599 8153 7974 7240
8052 8562 8277 7337
7570 8768 7894 7714
8103 8140 8423 7845
7968 8619 7763 7376
7606 8835 7992 7676
8244 8067 8686 7605
7928 8040 8291 7907
8006 8727 7851 7279
8383 8201 8383 7505
8296 7964 8440 7791
8220 8287 8540 7459
8269 7987 8561 7728
7634 8851 7861 7556
7857 8769 7934 7547
7721 8483 7840 7987
8205 8462 8315 7370
7519 8807 7837 7774
8310 8217 8158 7752
7787 8414 8112 7945
7685 8745 7950 7832
8283 8287 8500 7407
8404 8457 8396 7317
7942 8839 7813 7373
8478 8267 8470 7441
8208 8078 8662 7872
8110 8366 8591 7709
8322 8019 8379 7667
7822 8392 8196 7766
7953 8693 8104 7286
8186 8241 8653 7515
8220 8162 8638 7593
8392 8200 8495 7615
7894 8676 8296 7623
7668 8696 8071 7856
7798 8523 8003 7964
7889 8741 8113 7253
7729 8647 7943 7880
8278 8354 8481 7378
8197 8544 8079 7629
7736 8329 8221 7788
8069 8240 8201 7830
7967 8597 8234 7587
7753 8700 8288 7534
7869 8495 8010 7782
8000 7974 8472 7895
8414 8381 8446 7422
8159 8459 8232 7562
8220 8162 8405 7815
8352 8386 8502 7362
8454 8163 8480 7410
8237 8407 8535 7762
8248 8605 8056 7642
7763 8662 8066 7820
8273 8434 8247 7531
8446 8388 8145 7528
8330 8413 8133 7555
7776 8517 8057 7975
8138 8025 8730 7819
8465 8514 8243 7505
8066 8403 8029 7818
8107 8447 8113 7578
7968 8604 8180 7643
7751 8756 7972 7716
8061 8525 8271 7707
8417 8440 8235 7548
8478 8403 8377 7361
7947 8730 8200 7735
8389 8377 8513 7372
7736 8603 8089 7871
8468 8533 8141 7529
8184 8446 8479 7717
8138 8608 8202 7565
7875 8750 8189 7764
8299 8450 8433 7363
7780 8491 8111 7885
8404 8284 8512 7415
8248 8272 8208 7552
7865 8610 8154 7863
8208 8078 8662 7872
8299 8404 8459 7369
8115 8411 8499 7716
7957 8729 8078 7721
7743 8525 8147 7883
7873 8612 8245 7669
8201 8334 8380 7787
7938 8728 8180 7753
8392 8355 8181 7565
7759 8609 8201 7731
7550 8718 7836 7750
7581 8834 7867 7684
7691 8354 7947 7978
7740 7522 8679 7716
8013 8595 7797 7586
8473 8237 8288 7170
8611 8107 7864 7191
7735 7637 8670 7539
8100 7957 8591 7846
7772 8746 7976 7723
7765 8274 7899 7886
7757 8290 7897 7942
8127 8344 8481 7430
8019 8604 7828 7221
8009 8606 8032 7380
8236 8380 8436 7322
7876 8645 8260 7588
7831 8555 8118 7805
8278 8049 8390 7585
7951 8683 7890 7459
8112 8420 8241 7412
8190 7991 8639 7558
7993 8462 7990 7676
8048 8119 8144 7789
8216 8271 8322 7339
7786 8664 8207 7546
8089 8020 8611 7839
8054 8475 8075 7575
7667 8564 8029 7614
8209 8091 8533 7757
7637 8372 7996 7821
8052 8059 8546 7864
8361 8348 8388 7267
8381 8073 8266 7446
8075 8070 8446 7827
8431 8334 8097 7514
8010 8527 8237 7258
7934 8580 8100 7556
7909 8081 8208 7768
8157 8220 8583 7433
7639 8308 8117 7865
8015 8379 8385 7635
8160 8242 8323 7660
8246 8193 8297 7463
7655 8695 8223 7500
7770 8617 8293 7487
7877 8561 8050 7570
8298 8454 8182 7265
8195 7988 8620 7511
7758 8718 8009 7707
8257 8182 8316 7325
8331 8371 8226 7448
8191 8286 8341 7528
7823 8690 8193 7605
8175 8510 7994 7555
8404 8380 8155 7509
8345 8451 8157 7493
8088 8140 8132 7845
8206 8213 8367 7667
8233 8384 8185 7715
8152 8378 8360 7452
7909 8560 8139 7520
8135 8165 8291 7715
8217 8326 8294 7603
8267 8316 8194 7545
8352 8446 8128 7496
8093 8228 8439 7695
8012 8286 8444 7654
8153 8523 8067 7543
8082 8223 8311 7713
8358 8337 8179 7509
8026 8229 8364 7758
8356 8417 8214 7511
8106 8429 8179 7665
8153 8349 8092 7757
8246 8107 8213 7569
8208 8200 8231 7612
8076 8203 7993 7761
8132 8375 8436 7706
8048 8510 8100 7571
7427 8731 7734 7646
7719 7504 8592 7690
7738 8737 7689 7481
7890 8682 7590 7347
7938 7963 8489 7810
8176 8296 8311 7141
8333 8364 8074 7350
7728 7517 8574 7658
7513 8609 7855 7703
7550 8660 7903 7635
7619 8472 8107 7671
7930 8493 8097 7259
8301 8332 8181 7345
8154 7999 8533 7739
7930 8119 8074 7772
7740 8712 7734 7531
7747 8657 7654 7529
8003 8313 8189 7549
8056 8395 8200 7408
8062 8324 8259 7436
8108 8224 8337 7284
7841 8600 7994 7319
7770 8489 8036 7790
8189 8163 8256 7635
8207 8040 8073 7651
7872 8583 8009 7405
8162 8041 8423 7502
7682 8526 8015 7803
8101 8028 8424 7749
8140 8379 7957 7344
8143 8234 8291 7261
7889 8563 8009 7367
7746 8568 8046 7573
7665 8540 8088 7758
7845 8523 8061 7425
8111 8271 8135 7647
8205 8192 8359 7517
8089 8295 8357 7612
7791 8594 7961 7539
7816 8543 8090 7670
8021 8038 8400 7752
7878 8362 8055 7603
8093 8304 8391 7523
8190 8261 8220 7328
8017 8203 8086 7742
8059 8305 8232 7496
7787 8343 8076 7671
8194 8286 8209 7499
8151 8276 8065 7681
8109 8256 8229 7681
8126 8226 8076 7640
8160 8362 8050 7604
8126 8226 8076 7640
7692 8472 8016 7717
7728 8650 7519 7380
7792 8598 7670 7272
8135 7970 8441 7739
8310 8331 8063 7334
7870 8472 7918 7404
8166 8136 8309 7349
8104 8250 8179 7601
7832 8260 8058 7476
8104 8215 8205 7631
7741 8536 7943 7362
7795 8405 8044 7379
7637 8136 8127 7568
7685 8460 7897 7673
8102 7863 8353 7613
8104 8147 8193 7273
7768 8314 7995 7353
8008 8170 8094 7480
7868 8145 7942 7516
8082 8105 8166 7564
7807 8238 8175 7453
8062 8136 7977 7380
7682 8246 8159 7480
7715 8178 7979 7428
7596 8096 7961 7340
7856 7910 9238 7245
7881 7690 9274 7370
7999 7638 9203 7611
8277 7840 8656 8048
8358 9061 8379 6956
8666 8159 8862 6728
8684 8868 8068 7175
8963 8193 8583 7376
7884 7835 9254 7392
7920 7856 9222 7370
8345 9034 8232 6967
8073 7737 9194 7619
8115 7793 9014 7957
8060 7662 8846 8015
8782 8518 8771 6914
8663 8878 8119 7129
8111 8023 9074 7845
8837 8719 8396 7252
8851 8668 8300 7222
8906 8102 8631 7266
8652 8821 8192 7157
8670 8788 8149 7209
8751 8819 8200 7098
8536 8332 8907 6863
8537 8993 8237 7294
8697 8500 8789 6850
8056 7900 9170 7708
8429 7712 8548 7922
8433 7760 8674 7892
7988 7938 9021 7927
8532 7997 8504 7909
8022 8046 9100 7723
7975 7979 9091 7802
8587 8068 8956 6814
8426 9008 8274 6922
8402 7888 8675 7990
8416 8919 8608 7239
8089 8377 8957 7635
7932 8008 9186 7354
8241 7779 9001 7771
8710 8768 8326 7400
8491 8964 8267 7032
8684 8868 8068 7175
8798 8349 8513 7538
8465 8957 8294 7088
8044 8089 9028 7684
8127 7958 9097 7679
8473 8390 8846 6750
8183 8358 8967 7496
8272 8218 8622 7878
7949 7925 9214 7415
8013 7979 9019 7859
8357 7875 8661 8037
8082 7921 9150 7741
8386 7967 8437 8006
8822 8280 8581 7411
8603 8608 8684 7461
8776 8664 8450 7283
8156 8183 8937 7792
8503 8757 8349 7380
8576 8242 8910 6819
7959 8004 8872 7972
8552 8733 8542 7427
8256 8329 8745 7668
8182 8050 9061 7430
8733 8533 8755 6942
7952 7967 9130 7753
8647 8305 8844 6786
8953 8278 8584 7303
8329 8265 8963 7180
8472 8892 8431 7269
8207 8926 8465 7255
8283 8901 8604 7293
8052 7877 9139 7801
8479 8134 8571 7810
8282 7992 9120 7441
8392 8086 8288 7946
8289 7895 8986 7391
8733 8799 8222 7063
7961 7944 9148 7740
7933 8063 9031 7716
8742 8795 8312 7053
8663 8645 8421 7393
8738 8843 8360 7022
8220 8204 8933 7453
8626 8647 8457 7407
8515 8686 8561 7240
8876 8184 8697 7307
8509 8382 8776 7445
8790 8565 8751 6991
8384 8973 8577 7203
8450 8939 8285 7377
8874 8158 8652 7334
8378 8079 8858 7832
8230 8146 8941 7720
8443 8808 8446 7342
8270 8227 9051 7201
7996 8171 9051 7661
8564 8474 8375 7686
8247 8266 8804 7661
8413 8437 8721 7137
8016 8038 8969 7882
8736 8400 8764 6984
8179 8160 8937 7718
8739 8723 8303 7143
8742 8751 8249 7124
8338 8416 8692 7350
8595 8419 8555 7559
8298 8322 8732 7669
8608 8490 8523 7581
8643 8212 8870 6749
8593 8245 8881 6789
8147 8047 9074 7567
8891 8298 8559 7323
8689 8306 8719 7166
8569 8821 8138 7265
8695 8645 8333 7330
8291 8272 8991 7284
8354 8241 9041 7339
8764 8596 8489 7416
8519 8579 8525 7482
8274 8328 8628 7825
8678 8872 8199 7152
8244 8316 8927 7476
8215 8345 8809 7712
8662 8425 8766 7083
8629 8353 8880 7075
8333 8539 8709 7212
8575 8559 8366 7550
8182 8335 8716 7780
8631 8510 8529 7514
8382 8367 8790 7200
8680 8446 8681 7031
8328 8326 8590 7521
8572 8313 8638 7549
8406 8780 8471 7314
8790 8040 8592 7441
8764 8596 8489 7416
8724 8780 8214 7134
8335 8403 8870 7400
8703 8314 8650 7017
8898 8294 8631 7326
8635 8622 8541 7116
8235 8296 8792 7596
8684 8785 8311 7274
8204 8441 9013 7360
8394 8133 8763 7548
8792 8429 8471 7375
8642 8550 8404 7512
8372 8251 8706 7646
8614 8534 8573 7421
8486 8826 8409 7487
8380 8071 8914 7806
8221 8444 8899 7542
8144 8478 8834 7575
8621 8671 8479 7494
8369 8112 8838 7689
8453 8181 8583 7612
8534 8947 8454 7267
8352 8464 8752 7054
8619 8616 8510 7425
8299 8486 8712 7571
8316 8302 8925 7547
8521 8348 8874 7413
8304 8121 8972 7739
8438 8177 8889 7367
8358 8236 8598 7685
8298 8836 8541 7381
8349 8305 8768 7591
8324 8285 8883 7577
8501 8559 8468 7689
8635 8622 8541 7116
8442 8863 8558 7211
8650 8527 8810 6923
8320 8314 8661 7649
8306 8248 8552 7714
8742 8751 8249 7124
8135 8165 8684 7794
8434 8075 8851 7772
8703 8314 8650 7017
8436 8064 8891 7855
8293 8147 8820 7749
8718 8281 8652 7040
8391 8570 8688 7328
8320 8149 8859 7734
8270 8332 8702 7675
8593 8698 8538 7412
8326 8297 8657 7697
8650 8527 8810 6923
8593 8698 8538 7412
8673 8826 8127 7305
8314 8134 8897 7696
8281 8099 8889 7766
8323 8499 8912 7492
8445 8571 8520 7619
8556 8512 8412 7695
8482 8571 8466 7645
8629 8852 8133 7247
8293 8147 8820 7749
8642 8550 8404 7512
8304 8121 8972 7739
8422 8301 8670 7593
8728 8481 8493 7367
8638 8456 8515 7518
8372 8099 8911 7765
8368 8194 8838 7443
8718 8281 8652 7040
8297 7915 9011 7368
8227 8368 8545 7851
8321 8247 8717 7733
8145 8574 8559 7638
8514 8386 8852 7058
8619 8576 8521 7478
8556 8512 8412 7695
8235 8379 8692 7723
8724 8780 8214 7134
8638 8456 8515 7518
8629 8852 8133 7247
8135 8165 8684 7794
8953 8278 8584 7303
8423 8283 8749 7605
8621 8671 8479 7494
8953 8278 8584 7303
8204 8441 9013 7360
8227 8368 8545 7851
8673 8826 8127 7305
8728 8481 8493 7367
8423 8283 8749 7605
8368 8194 8838 7443
8144 8478 8834 7575
8514 8386 8852 7058
8297 7915 9011 7368
8422 8301 8670 7593
8953 8278 8584 7303
8077 8109 8687 7710
8099 8264 8988 7331
8157 7824 8880 7571
8288 8060 8824 7837
8404 8894 8291 6847
8538 8779 8002 7144
8547 8290 8796 6663
8853 8224 8528 7243
8363 8007 8677 7637
8635 8685 8233 7124
8521 8860 8078 6997
8605 8692 8142 7313
8716 8396 8430 7048
8548 8391 8773 6868
8669 8777 8158 7088
8641 8567 8412 7292
8610 8627 8420 7444
8227 8283 8906 7380
8433 8764 8016 7141
8187 8134 8520 7773
8760 8364 8347 7358
8396 8799 8460 7036
8503 8224 8829 6728
8462 8751 8328 7212
8539 8491 8409 7579
8647 8533 8477 7261
8803 8173 8588 7310
8118 8121 8808 7568
8335 8837 8608 7160
8139 8089 8798 7698
8272 8166 8492 7674
8617 8757 8154 7187
8202 8192 8707 7682
8486 8035 8785 7077
8845 8227 8531 7325
8487 8668 8432 7241
8477 8251 8850 6805
8578 8450 8613 7222
8792 8241 8500 7360
8353 8058 8823 7741
8297 8844 8334 7026
8387 8351 8779 6765
8310 8470 8614 7469
8514 8343 8802 6710
8387 8333 8751 7096
8458 8522 8389 7492
8774 8333 8662 6916
8212 8288 8904 7443
8252 8788 8562 7171
8143 8379 8489 7660
8304 8066 8860 7806
8322 8191 8626 7555
8323 8860 8600 6965
8653 8546 8304 7177
8172 8112 8664 7687
8479 8455 8479 7417
8423 8251 8566 7451
8429 8050 8763 7352
8426 8037 8658 7811
8695 8420 8584 6971
8589 8504 8460 7455
8312 8294 8665 7537
8687 8560 8738 6919
8706 8364 8624 6940
8689 8508 8728 6933
8676 8264 8645 7034
8473 8550 8373 7631
8450 8180 8851 7230
8446 8392 8422 7628
8248 8141 8581 7742
8470 8445 8432 7531
8654 8360 8685 6990
8650 8443 8359 7335
8233 8335 8826 7384
8510 8493 8592 7017
8371 8522 8672 7313
8435 8371 8661 7377
8229 8349 8550 7503
8189 8114 8867 7567
8339 8292 8841 7336
8528 8338 8417 7516
8360 8354 8758 7404
8471 8315 8645 7210
8666 8449 8755 6783
8482 8292 8635 7244
8216 8311 8848 7341
8494 8138 8848 6717
8650 8367 8749 6946
8433 8428 8503 7519
8194 8242 8856 7488
8325 8293 8549 7643
8263 8336 8799 7467
8203 8266 8721 7662
8593 8270 8596 7216
8407 8277 8646 7458
8666 8308 8505 7415
8544 8555 8524 6922
8510 8227 8684 7412
8304 8352 8536 7530
8246 8341 8804 7458
8288 8060 8824 7837
8213 8308 8581 7744
8404 8071 8750 7328
8666 8517 8298 7175
8776 8278 8529 7326
8368 8175 8487 7572
8195 8305 8722 7629
8462 8420 8565 7303
8602 8268 8652 7328
8446 8392 8422 7628
8357 8268 8601 7488
8328 8266 8751 7443
8695 8420 8584 6971
8010 7863 8840 7766
8091 8139 8945 7187
8185 8058 8534 7786
8308 8859 8285 6855
8500 8173 8796 6728
8578 8718 8032 7067
8715 8222 8467 7188
8081 7896 8927 7234
8548 8467 8714 6820
8545 8631 8093 6987
8635 8504 8202 7117
8390 8310 8633 7256
8168 8053 8671 7618
8049 7935 8755 7729
8642 8743 8130 6983
8400 8302 8559 7354
8671 8369 8500 6968
8459 8285 8484 7074
8541 8651 8183 7116
8203 8145 8872 7242
8273 8252 8649 7506
8278 7945 8581 7455
8589 8344 8629 6979
8486 8437 8359 7538
8175 8196 8704 7539
8333 8769 8277 6923
8130 8265 8475 7663
8597 8560 8385 7402
8134 8096 8515 7627
8417 8270 8642 6938
8607 8599 8420 7216
8234 8303 8629 7296
8282 8804 8239 7043
8172 8006 8809 7645
8110 8296 8770 7449
8622 8497 8635 6876
8283 8406 8572 7400
8226 8687 8438 6922
8268 8685 8545 7099
8527 8067 8647 6903
8295 8704 8335 7074
8241 7959 8680 7724
8190 8162 8842 7215
8256 7934 8784 7731
8502 8398 8311 7428
8558 8225 8709 6853
8653 8429 8687 6887
8649 8442 8242 7022
8607 8552 8645 6907
8260 8772 8379 7067
8205 8793 8251 6890
8135 7966 8682 7653
8608 8291 8305 7195
8246 8047 8819 7637
8292 8769 8224 6958
8251 7971 8796 7637
8550 8459 8421 7420
8322 8803 8245 6943
8328 8379 8643 7111
8246 8792 8277 6980
8570 8441 8431 7426
8177 8287 8817 7431
8244 8208 8787 7426
8271 8718 8250 6965
7914 7754 8785 7751
8081 8773 8270 6785
8091 8136 8875 7127
8186 8757 8188 6822
8594 8230 8590 6659
8606 8231 8510 6827
8397 8193 8408 7062
8263 8662 8337 6894
8143 7923 8767 7622
8342 8124 8515 7300
8024 8059 8659 7194
8494 8178 8706 6663
8165 7929 8816 7506
8584 8501 8198 7202
8256 8733 8224 6739
8233 8399 8546 7360
8521 8457 8637 6885
8246 8740 8237 7022
8568 8300 8649 6782
8055 7997 8789 7540
8372 8300 8363 7179
8217 7955 8715 7510
8197 8256 8557 7399
8518 8456 8288 7246
8246 8047 8647 7633
8130 8674 8327 6813
8115 7968 8669 7589
8185 8747 8296 6929
8136 8010 8679 7569
8362 8250 8582 7204
8578 8183 8579 6777
8508 8488 8302 7376
8202 8129 8265 7397
8380 8254 8511 7349
8510 8466 8359 7384
8234 8034 8660 7594
8226 8039 8698 7551
8184 8669 8313 6906
8367 8192 8561 6920
8227 8252 8588 7287
8172 8045 8789 7383
7985 7783 8699 7526
8009 7753 8718 7434
8109 8689 7944 6903
8158 7752 8677 7549
8166 8719 8147 6853
8174 7688 8616 7259
8493 8252 8643 6679
8548 8298 8007 6920
8366 8134 8511 7289
8095 8000 8692 7528
8226 8572 8057 6898
8278 8205 8374 6821
8483 8386 8308 7136
8112 7812 8658 7501
8218 8617 8237 6990
8472 8126 8626 6803
8338 8257 8265 7324
8166 8433 8337 6965
8504 8239 8328 7181
8177 8682 8221 6900
8490 8267 8635 6751
8300 8279 8327 7317
7955 7708 8683 7524
8044 8672 8114 6868
8111 8694 8131 6848
8115 8597 8231 6749
8341 8129 8474 6788
8132 8042 8380 7117
8291 8133 8396 6927
8082 7995 8670 7471
8007 7855 8626 7520
8126 8494 8181 6784
8330 8091 8356 6961
7869 7864 8640 7462
8048 7857 8642 7469
8058 7767 8606 7437
7492 8604 8115 8001
7799 7433 9301 7876
7835 7440 9334 7825
7919 7554 8088 8492
8125 9025 7722 7267
8247 9026 7794 7260
8474 8924 8295 7136
8748 8131 8464 7802
7674 8672 8401 7834
7551 8458 8198 8103
8136 8950 7814 7331
8101 8952 7743 7482
7859 7509 9259 7864
7810 7444 9240 7897
8441 8980 8181 7232
8639 8471 8331 7150
8643 8572 8249 7425
8621 8382 8144 7450
8652 8537 8181 7405
8485 8816 8332 7209
7534 8454 8269 8118
8348 8441 8590 7375
8358 8851 8296 7529
8302 8991 8118 7298
7889 7732 8065 8428
8577 8703 8124 7320
7825 7510 8127 8463
7967 8156 8382 8272
7926 7597 8317 8420
7754 7565 9217 7760
8701 8203 8476 7276
8058 7737 9103 8049
7956 7697 9180 7908
7492 8604 8115 8001
7980 8483 7892 8031
8382 7966 8806 7563
7994 8169 8093 8301
8341 8884 8324 7505
8051 7536 9143 7880
8297 8911 8256 7552
8563 8685 8395 7611
8724 8054 8489 7830
8056 7756 9079 8109
7872 7621 8077 8484
7969 7521 8844 8259
8096 7950 8486 8362
7840 7627 8349 8392
8677 8103 8508 7760
7846 7565 9164 7951
8016 8638 8449 7856
8518 8267 8622 7633
8156 8725 7860 7870
7755 7706 8195 8400
8361 8652 8014 7823
8097 7798 8981 8235
8737 8216 8428 7635
7906 7994 9040 8033
8168 8802 7929 7814
8061 8616 7964 7888
8154 7857 8909 8094
8334 7680 8778 8072
8126 8008 8599 8331
8105 7774 9014 8134
8188 7837 8867 8101
8105 7792 8950 8125
7725 7698 8106 8446
8590 8529 8310 7490
8092 7653 9082 8065
8143 8840 7868 7814
8290 7666 8832 8076
7760 8663 8376 7991
8205 8880 7975 7774
7929 7904 8348 8366
8482 8391 8510 7848
8054 7790 8991 8097
8412 8283 8645 7618
8171 8038 8455 8321
8079 7882 8601 8243
8631 8292 8566 7641
8617 8167 8572 7723
7985 8432 8659 7978
7770 8500 8547 7750
8001 7643 9145 8024
7685 8558 8155 8016
8434 8491 8451 7577
8106 8310 8631 8137
7710 8404 8370 8134
7935 8111 8754 8172
8473 8441 8578 7665
8486 8489 8323 7759
8428 8617 8050 7746
8232 7850 8791 8237
8543 8231 8616 7857
8073 7986 8824 8193
8187 8829 7927 7790
8456 8275 8592 7650
7799 7618 9194 7746
8453 8786 8420 7632
8171 8080 8760 7952
7876 8201 8707 8132
7720 8515 8191 8039
8694 8070 8534 7808
8192 7837 8936 8049
8356 8376 8647 7727
7938 8036 8744 8039
8691 8324 8646 7588
8598 8348 8528 7594
7976 8242 8676 8059
8013 8195 8099 8219
7908 8646 8374 7685
8388 8012 8798 7928
8263 7631 8763 8083
7691 8535 8286 8002
8120 7914 8912 8059
8381 8214 8644 7706
8049 8358 8507 8047
8185 8802 8031 7765
8180 8743 7996 7827
7807 8117 8602 8161
8424 8414 8545 7679
7860 8463 8419 7902
8264 7997 8692 8063
8112 8745 8121 7716
8146 7915 8891 8105
7785 8545 8281 8014
7974 7803 8925 8104
8211 7796 8821 8185
8554 8273 8582 7712
8123 8145 8793 7977
8005 8732 8167 7897
7893 8357 8497 8215
8310 8904 8041 7756
8598 8348 8528 7594
8324 8318 8567 7734
8330 8020 8783 7890
8253 8726 8234 7865
8078 7942 8922 8032
8393 8811 8225 7644
8273 8526 8186 7741
7784 8064 8735 8194
8393 8811 8225 7644
8248 8089 8635 7993
8228 8345 8404 7889
8027 8681 8347 7928
8546 8464 7979 7755
8131 8764 7927 7856
8174 8454 8042 7913
8162 7874 8846 8078
8313 8693 8098 7776
8531 8241 8544 7747
8263 8397 8566 7703
7839 8458 8471 7937
8528 8412 8657 7591
8183 8256 8617 7923
8257 8037 8549 7972
8319 8834 7986 7743
8431 8738 8263 7739
7735 8360 8242 8106
8370 7899 8720 8083
8161 7931 8846 8182
8240 8027 8825 7899
7809 8755 8316 7783
8211 8203 8282 7942
7875 8171 8560 8211
7784 8064 8735 8194
8195 8192 8658 7923
8008 8338 8573 8003
7903 8322 8458 8080
8417 8608 8105 7748
7999 8561 8373 7924
8334 7618 8653 8153
8084 8338 8611 7943
8485 8462 8577 7657
8190 8131 8747 7997
8305 8123 8712 7790
8032 8509 8538 7883
8282 7994 8634 7969
8339 8455 8334 7786
8328 7704 8805 8027
8069 8247 8725 7747
8588 8360 8457 7692
7984 8533 8342 8019
8453 8396 8464 7774
8358 8271 8651 7673
8588 8360 8457 7692
7983 8442 8622 7870
7688 8547 8370 8018
8316 8605 8038 7831
8109 8028 8827 8096
8478 8387 8605 7629
8148 8006 8805 8081
7875 8171 8560 8211
8416 8426 8322 7799
7894 8278 8654 8064
8370 7899 8720 8083
8086 7765 9027 8116
8334 7618 8653 8153
8069 8333 8585 8042
8146 7915 8891 8105
8311 8124 8694 7817
8305 8028 8637 7875
7735 8360 8242 8106
8156 8725 7860 7870
7894 8220 8537 8167
8162 7874 8846 8078
8130 8254 8710 7857
8086 7765 9027 8116
8286 8810 7989 7774
8086 7765 9027 8116
7974 7803 8925 8104
8416 8426 8322 7799
8094 8311 8650 8018
8454 8248 8609 7824
8274 8741 8106 7781
8121 8282 8723 7927
8008 8182 8659 8062
8478 8387 8605 7629
8332 8733 7970 7768
8228 8345 8404 7889
8286 8810 7989 7774
8332 8733 7970 7768
7688 8547 8370 8018
8161 7931 8846 8182
8192 7837 8936 8049
8032 8509 8538 7883
8311 8124 8694 7817
8282 7994 8634 7969
8274 8741 8106 7781
8058 8541 8323 7875
8069 8333 8585 8042
8032 8509 8538 7883
8008 8182 8659 8062
7894 8220 8537 8167
8187 8829 7927 7790
7785 8545 8281 8014
7617 8280 8396 8027
7959 7789 8981 8062
8090 7637 8910 7975
8211 7826 8728 8186
8214 8736 7899 7766
8235 8841 7978 7751
8425 8565 8356 7496
8485 8413 8293 7758
8415 8470 8141 7689
8244 8772 7948 7742
8396 8699 7969 7714
7729 8153 7911 8109
8388 8418 8380 7564
8291 8498 7991 7774
8353 8682 8129 7653
8277 8840 7978 7674
8484 8226 8591 7596
8005 7714 8881 8175
7660 8611 8274 7947
7693 8304 8339 7976
8117 7874 8740 8129
8138 8056 8707 7951
8021 7797 8980 8082
8135 7939 8823 7828
7737 8665 8081 7903
8234 8666 8070 7798
8157 7948 8451 7971
8427 8416 8471 7660
7897 8542 8334 7861
8286 7665 8808 7960
8005 7714 8881 8175
8336 8651 8229 7724
8280 7757 8695 8004
7796 8142 8648 8036
8202 8567 8205 7822
8199 7985 8796 7880
7663 8416 8321 7946
8380 8391 8423 7771
8176 8037 8672 7911
7840 8585 8414 7801
7652 8341 8356 8026
7768 8192 8535 8103
8324 8406 8641 7580
8210 8582 8012 7821
8332 8428 8302 7635
8419 8455 8507 7528
7779 8108 8505 8146
8289 8178 8631 7618
8068 7933 8713 8010
7912 8104 8595 8002
8072 8004 8474 8089
8113 8669 8010 7813
7987 8320 8520 7933
7871 8173 8668 8035
8160 7823 8730 8073
7908 8379 8415 7919
8308 7852 8588 8045
8046 8120 8590 8108
8362 8198 8494 7844
8066 7937 8795 8056
7883 8582 8357 7738
8296 8317 8571 7654
8419 8455 8507 7528
7937 8225 8547 8036
8324 7842 8623 8046
8219 8247 8533 7735
7968 7873 8746 8150
7795 8443 8289 7964
8082 7795 8776 8080
7840 8585 8414 7801
7630 8356 8459 7992
7954 8433 8231 7801
8004 8204 8576 7868
7874 8674 8283 7884
8117 8168 8659 7903
8246 7866 8749 7898
8262 7939 8689 8008
8022 8275 8218 7875
7915 8135 8613 8001
7984 8359 8300 7827
8083 8006 8782 7989
8028 8030 8742 7766
7971 8132 8542 7980
8249 8115 8622 7727
8215 8283 8614 7624
7901 8294 8527 7763
8369 8240 8497 7764
8099 8230 8676 7856
8229 8356 8496 7837
8330 7645 8716 8014
8091 8224 8575 7904
8284 7991 8588 7914
8248 8016 8719 7875
8294 7647 8678 7918
7990 8573 8212 7857
7997 8352 8216 7854
7945 8189 8536 8001
7952 8226 8518 8085
7968 8194 8644 7896
7639 8170 8643 8071
8004 8130 8532 8000
8004 8108 8747 7851
7639 8170 8643 8071
7478 8171 8255 8075
7885 7784 8886 8053
7944 7684 8843 8122
7999 8741 7818 7620
8289 7485 8700 7919
8333 8520 8335 7359
8421 8364 8188 7477
7755 8400 8119 7858
8402 8309 8228 7449
8044 7595 8784 8038
8270 8173 8461 7588
8234 8714 7956 7650
7697 8042 8583 8103
8220 8618 7892 7673
8082 8666 8045 7678
8319 8461 8276 7372
7573 8076 8609 7996
8076 7805 8708 8023
8067 8651 7830 7723
8054 7546 8739 7993
8101 7895 8363 7964
8022 8588 7916 7744
7661 8086 8586 7961
7536 8225 8296 7969
8128 8480 8321 7383
8346 8375 8205 7383
7633 8399 8202 7898
7938 8289 8096 7850
7894 7746 8746 7922
8201 7584 8686 7986
7818 8239 8475 7927
8178 8000 8549 7759
7872 8212 8518 7842
7976 8165 8627 7892
8335 8562 8224 7722
8207 8510 7989 7771
8258 7916 8673 7849
8032 7980 8577 7819
7972 8396 8177 7807
8011 8015 8558 7778
7862 8160 8571 7907
7554 8299 8365 7934
7872 8130 8476 8080
8066 8348 8000 7744
8347 8255 8402 7624
7982 8242 8173 7838
8338 8393 8291 7696
8171 8149 8388 7688
7830 8290 8441 7834
7893 8126 8431 7897
8147 8276 8440 7596
7905 8261 8209 7859
8009 8167 8456 7865
7992 7911 8715 7949
7875 7949 8561 8028
8163 7921 8408 7956
7828 8028 8565 8056
8202 8188 8439 7640
7902 8348 8249 7861
7975 8342 8404 7810
8020 8302 8362 7619
8027 7918 8605 7942
8003 8130 8299 7920
7887 8169 8410 8045
8265 8287 8353 7690
8234 8176 8408 7636
8143 7761 8711 7964
8142 8130 8610 7596
8214 7956 8439 7688
7996 8249 8209 7761
8268 8301 8356 7625
7829 8036 8569 7947
7425 8277 7865 7863
7704 8033 8419 8062
7965 8542 7865 7720
8008 7570 8760 8037
8205 8252 8257 7290
8314 8381 8198 7443
7855 7718 8434 7929
8001 7768 8631 7850
7891 8452 8006 7690
7598 8035 8583 8025
7588 8182 8126 7857
8199 8470 8283 7327
8147 8510 8187 7455
8088 8124 8561 7418
8022 7877 8384 7795
7749 7967 8547 7569
8229 8170 8370 7604
7806 8182 8045 7841
7479 8177 8417 7855
7908 8241 8302 7780
7712 8313 8169 7735
8275 8376 8234 7655
8005 8074 8498 7545
7696 8312 8260 7713
7970 7887 8616 7818
7889 8020 8447 7881
7748 7921 8561 7920
7880 8277 8347 7744
7833 8066 8401 7897
8306 8131 8396 7539
8254 7906 8318 7553
7786 8135 8363 7854
8300 8524 8185 7661
7749 8301 8211 7848
7853 8264 8242 7777
8263 8311 8232 7687
7701 8122 8446 8029
7507 8254 7892 7842
7753 8010 8219 7891
7939 7972 8428 7525
7989 7813 8417 7462
8180 8444 8248 7312
8246 8336 8222 7618
7661 8200 8005 7809
8140 8370 8201 7332
8050 8124 8359 7595
7930 8265 8097 7675
7589 7988 8309 7883
7664 7888 8289 7689
8083 8363 8223 7418
7774 8038 8280 7821
8169 8346 8135 7557
7810 8002 8087 7815
8108 8421 8134 7586
7846 8224 8221 7766
7724 8130 8281 7736
8134 7974 8387 7487
7649 8212 8258 7726
7642 8127 8134 7782
7683 8259 8248 7730
7627 8197 8096 7749
7627 8197 8096 7749
7839 8184 8059 7624
7914 7842 8381 7395
8093 7882 8378 7327
8110 8306 8150 7363
8137 8235 8075 7398
7655 8088 8279 7671
8043 7925 8349 7434
7683 8167 8199 7747
8087 8280 8113 7478
7962 8257 8172 7331
7666 8210 8189 7693
7580 7969 8091 7668
7610 8154 8000 7704
7719 8273 8078 7393
7948 7868 8328 7400
7679 8119 7972 7340
7535 8417 8623 7791
7811 8018 8385 8303
7820 9128 7766 7175
7877 7571 9039 7926
8175 7485 8701 7828
8427 8694 7617 7604
8499 8821 8378 7071
8926 8195 7985 7607
8189 8905 7847 7558
7835 7695 8994 7872
7707 7992 8468 8253
8152 7533 8732 7853
7951 7723 8976 7858
7612 8332 8756 7812
8404 8623 7683 7768
8064 7679 8826 8113
7677 8383 8747 7790
7937 9102 7746 7242
7735 7756 8669 8210
8228 7640 8700 7843
7969 7688 9032 7907
7748 7860 8594 8240
7943 7942 8712 8088
7593 8320 8765 7837
7691 7805 8916 8169
8474 8591 8481 7198
7767 7816 8663 8176
8172 9066 7899 7414
8046 7785 8769 8075
7699 7848 8506 8290
7971 7839 8736 8151
7820 8069 8398 8268
7858 8125 8846 8061
8035 7910 8865 8133
8860 8168 7894 7689
8107 8174 8811 7774
8373 9013 8233 7401
8206 7743 8631 8015
8390 8793 8336 7105
7978 7950 8644 8144
8304 8608 8356 7649
7783 8090 8631 8192
8019 8031 8418 8227
8383 7982 8509 7927
8000 8268 8937 7810
8710 8566 8030 7357
8454 8944 8185 7367
8470 8973 8083 7441
8427 8787 7741 7569
8050 8108 8876 7793
7857 8277 8957 7755
8526 8733 8398 7148
7867 7883 8615 8175
8902 8080 7938 7639
8122 8224 8337 7966
7958 8170 8903 8007
8422 8759 7821 7616
7979 8104 8786 8023
7965 7865 8866 7950
8741 8337 7928 7542
8764 8044 8259 7725
8350 8670 8568 7261
8253 8450 8517 7788
7842 8023 8711 8129
7743 7898 8610 8206
8513 8816 8400 7097
8031 7651 8908 7967
8076 8675 8087 7765
8885 8158 7989 7619
8701 8597 8070 7322
8347 9042 8114 7271
7722 8402 8810 7687
8202 8106 8620 7943
8218 8139 8584 7961
7679 8201 8848 7895
8311 9096 8049 7321
8837 8395 8002 7457
7911 8342 8725 8000
8341 9035 8162 7233
7558 8386 8679 7798
8657 8851 8138 7435
7562 8367 8759 7799
8684 8399 8071 7529
8384 8986 8233 7524
8275 8807 7950 7699
7988 8200 8924 7818
8754 8486 7969 7254
8350 8798 8386 7175
7785 8249 8539 8048
7884 8409 8792 7683
8074 8298 8425 7880
7895 8254 8660 8038
8478 8932 8157 7419
7907 8398 8771 7744
8619 8528 8218 7334
8745 8510 8055 7342
8388 8909 8195 7518
8474 8712 8178 7483
7785 8370 8725 7786
7775 8120 8548 8115
7920 8465 8077 7867
8761 8024 8132 7758
8905 8200 8290 7591
8398 8510 8546 7228
8412 8650 7706 7699
8239 8824 7919 7669
8787 8256 8252 7511
8793 8414 7910 7256
8292 8370 8681 7779
8863 8225 8206 7518
8153 8290 8459 7848
8363 8502 8491 7470
8319 8759 8021 7742
8499 8865 8107 7393
8577 8648 7990 7546
8804 8235 8241 7494
8177 8796 7954 7678
7890 8056 8846 8082
8534 8689 8207 7422
8660 8493 8133 7395
8550 8297 8503 7301
8659 8243 8350 7426
8358 8800 7979 7619
8499 8821 8378 7071
8471 8585 8419 7332
8575 8425 8229 7660
8496 8487 8550 7425
7989 8272 8236 7921
8064 8546 8001 7834
8819 8118 8114 7594
8008 8881 8162 7688
8422 8759 7821 7616
8217 8644 8246 7623
8309 8454 8413 7762
8621 8470 8167 7578
8456 8747 8535 7425
8796 8280 8224 7610
7959 8101 8811 7989
7875 8560 8368 7735
8450 8780 7946 7589
8523 8613 8452 7283
8727 8437 8150 7437
8501 8889 8083 7454
8458 8479 8296 7769
8510 8559 8304 7663
7800 8465 8694 7715
8169 8202 8313 7972
8137 8639 7968 7852
8519 8787 8269 7293
8812 8158 8078 7600
8265 8814 8038 7627
8731 8150 8272 7673
8325 7950 8495 7986
8168 8515 8046 7743
8477 8845 8043 7464
8030 8182 8751 7690
8568 8233 8342 7664
8484 8782 8335 7168
8341 8721 8610 7555
8154 8200 8336 7890
8559 8834 8255 7282
8507 8799 8281 7156
8405 8439 8444 7505
8337 8593 7698 7801
8518 8509 8432 7381
8231 8514 8283 7754
8266 8723 8011 7765
8777 8142 8157 7614
8612 8728 8279 7362
8654 8185 8374 7797
8444 8549 8434 7731
8040 8226 8695 7735
8614 8731 8094 7489
8417 8838 8084 7487
8623 8195 8369 7786
8449 8539 8489 7451
8727 8430 8343 7377
8773 8148 8109 7675
8007 8427 8656 7579
8412 8650 7706 7699
8725 8474 8234 7468
8496 8549 8490 7312
7798 8351 8764 7796
8539 8636 8156 7553
8632 8196 8264 7830
8325 8507 8573 7556
8218 8410 8646 7840
8678 8256 8298 7641
8842 8114 8045 7640
8783 8063 8298 7685
8530 8296 8435 7523
8337 8593 7698 7801
8232 8457 8429 7812
8291 8763 8052 7598
7896 8429 8752 7666
8410 8711 8055 7689
8523 8776 8382 7099
8320 8650 8107 7707
8543 8618 8368 7634
8017 8463 8279 7868
8590 8597 8062 7523
8396 8496 8441 7599
8599 8773 8110 7498
8383 8769 8009 7773
8035 8418 8240 7882
8169 8202 8313 7972
8633 8613 8188 7405
8137 8639 7968 7852
8456 8364 8431 7625
8649 8431 8200 7484
8676 8420 8224 7628
8309 8750 8076 7629
8484 8782 8335 7168
8061 8726 8086 7565
8457 8474 8317 7694
8850 8233 8217 7571
8440 8785 8512 7304
7745 8476 8649 7687
8785 8199 8096 7679
8599 8773 8110 7498
8505 8698 8114 7470
8502 8571 8497 7269
8649 8431 8200 7484
8457 8738 8276 7504
8543 8809 8428 7097
8526 8672 8189 7467
7945 8421 8771 7679
7998 8275 8509 7871
8440 8785 8512 7304
8326 8721 8073 7687
8850 8233 8217 7571
8457 8828 8326 7151
8410 8763 8032 7550
7798 8351 8764 7796
8457 8828 8326 7151
7888 8416 8757 7776
8590 8597 8062 7523
7993 8443 8263 7876
8559 8834 8255 7282
8633 8613 8188 7405
8443 8574 8271 7696
7993 8443 8263 7876
8449 8539 8489 7451
8243 8633 8418 7674
8398 8510 8546 7228
7800 8465 8694 7715
8320 8650 8107 7707
8314 8674 8044 7797
8243 8633 8418 7674
8291 8763 8052 7598
8504 8499 8483 7363
8061 8726 8086 7565
8504 8499 8483 7363
8347 9042 8114 7271
8443 8574 8271 7696
8502 8571 8497 7269
8457 8738 8276 7504
8533 8515 8495 7270
8007 8427 8656 7579
8347 9042 8114 7271
8676 8420 8224 7628
8533 8515 8495 7270
7785 8370 8725 7786
8457 8828 8326 7151
7565 8265 8745 7739
7636 8283 8774 7681
7928 8124 8373 7868
8280 8929 7883 7243
8424 8594 7687 7584
8459 8724 8352 7041
8727 7949 8053 7736
8890 8175 8165 7503
8389 8829 8008 7329
7799 8328 8716 7824
8742 8019 8119 7724
7880 8375 8720 7650
8197 8782 7833 7680
8793 8125 8196 7537
8742 8079 8102 7620
8457 8756 8317 7092
8395 8531 8526 7184
7723 8352 8622 7728
7948 8193 8448 7854
8020 8235 8660 7767
8094 8265 8143 7799
7776 8409 8597 7812
8365 8717 8313 7152
8684 8106 7907 7547
8485 8807 8151 7220
7716 8428 8676 7612
8750 8164 7750 7532
8753 8215 7940 7312
8305 8739 7783 7716
8643 8224 7858 7562
8445 8557 8287 7612
8640 8425 8116 7472
8468 8154 8251 7487
8057 8618 8073 7591
8444 8666 8259 7403
8075 8460 8588 7417
8600 8509 8046 7441
7647 8401 8697 7776
7734 8311 8721 7752
8579 8579 8115 7371
8135 8696 8015 7520
8233 8370 8421 7759
8332 8638 8407 7162
8375 8742 8330 7066
8492 8523 8411 7254
8327 8441 8550 7477
8275 8644 7979 7757
8106 8302 8196 7772
8200 8380 8494 7588
8431 8686 8220 7216
7982 8587 8382 7530
8372 8506 8454 7356
8458 8435 8174 7445
8216 8731 8224 7389
8048 8117 8736 7685
7969 8408 8378 7781
8259 8591 8355 7594
8434 8475 8471 7234
8589 8694 8184 7166
8567 8692 8211 7249
8452 8673 8310 7273
7943 8223 8232 7811
8160 8183 8529 7532
8541 8302 7898 7592
8660 8116 8019 7557
8128 8234 8557 7631
8717 8469 7910 7271
8056 8676 8023 7629
8287 8621 8342 7307
7643 8461 8567 7641
8569 8594 8103 7296
8346 8469 8458 7381
8470 8445 8321 7269
8671 8392 8215 7503
8278 8764 7968 7637
8376 8314 8337 7424
8278 8374 8431 7692
8765 8392 7880 7242
8445 8706 8415 7051
8740 8387 7885 7297
8157 8450 8231 7614
8437 8542 8350 7385
8329 8638 7930 7689
8377 8398 8474 7291
8174 8392 8346 7727
8012 8176 8724 7683
8455 8449 8469 7334
8529 8587 7902 7353
8432 8535 8474 7230
8517 8464 8316 7271
8307 8568 8334 7612
8368 8708 7875 7735
8465 8406 8219 7437
8330 8506 8486 7494
8370 8667 7802 7725
8367 8593 7759 7739
8382 8747 7793 7638
7999 8530 8192 7635
8452 8654 8195 7444
8252 8734 8191 7270
8359 8713 7902 7623
8267 8748 7958 7765
8458 8507 8435 7307
7647 8401 8697 7776
8354 8705 8222 7441
8081 8427 8411 7779
8267 8748 7958 7765
8366 8564 8231 7501
8641 8384 8048 7561
8719 8462 8189 7347
8719 8462 8189 7347
8367 8528 8433 7591
8370 8667 7802 7725
7532 8374 8522 7756
7940 8352 8108 7780
7983 8184 8649 7686
8122 8152 8503 7391
8321 8794 8105 7176
8325 8707 8320 7042
8343 8700 7652 7504
8670 8284 7786 7251
8271 8756 8251 7078
8450 8469 8412 7187
8565 8210 7973 7294
8401 8481 8400 7249
7820 8253 8420 7515
8564 8379 8015 7312
7567 8400 8450 7522
8369 8590 8094 7387
8016 8594 7698 7736
8299 8577 7728 7646
8075 8388 8205 7664
7696 8371 8589 7622
8531 8357 8100 7406
8311 8658 8247 7078
7630 8319 8574 7626
8131 8639 7832 7674
8032 8276 8166 7705
8180 8608 7927 7654
7740 8283 8622 7762
8191 8555 8304 7541
8371 8668 7777 7555
8536 8434 8139 7295
7971 8207 8068 7708
8371 8687 7658 7577
8188 8501 8349 7569
8397 8174 8174 7480
8213 8344 8262 7703
8279 8547 8180 7454
7801 8330 8440 7552
8218 8612 7876 7579
8275 8455 7867 7603
8390 8424 8122 7577
8184 8293 8454 7506
8299 8519 8287 7592
8217 8494 7978 7712
7748 8254 8648 7707
7780 8315 8586 7689
7958 8536 8331 7542
7744 8299 8569 7726
8019 8188 8604 7722
8239 8312 7874 7664
8271 8626 7863 7725
8391 8532 8014 7581
8114 8364 8040 7707
8154 8628 7839 7721
8349 8612 7929 7431
8104 8548 8135 7574
8124 8322 8320 7637
8117 8519 7954 7673
8149 8303 8406 7625
8352 8504 8418 7553
8117 8386 8184 7602
8108 8317 8420 7486
7747 8433 8428 7591
7946 8630 7954 7432
7946 8630 7954 7432
7633 8185 8575 7732
7972 8021 8534 7713
8171 8607 8185 6886
8181 8625 7841 7600
8312 8558 7595 7527
8414 8441 8310 7133
7815 8096 8201 7690
8368 8401 7926 7283
7867 8585 7913 7436
8129 8605 7773 7708
7658 8254 8508 7670
7656 8302 8491 7658
8329 8231 8355 7369
8231 8620 7602 7510
7944 8270 8127 7633
8132 8468 7967 7665
8080 8397 8046 7565
8178 8156 8261 7662
8233 8517 8280 7452
8052 8532 8278 7537
8064 8348 8216 7530
7956 8165 8411 7533
8317 8396 8398 7486
8167 8493 7882 7618
7949 8373 8102 7553
8089 8543 7833 7631
8260 8434 8357 7528
8293 8423 8210 7520
8063 8228 8186 7603
8197 8382 8124 7547
8139 8490 8121 7510
8068 8577 7870 7630
8110 8247 8147 7541
8110 8244 8352 7555
8229 8235 8134 7560
8135 8560 7852 7513
7760 8402 8183 7459
7806 8353 8345 7510
7959 8502 7733 7566
8050 8125 8159 7631
8126 8128 8158 7649
8194 8475 8041 7222
8287 8385 8094 7347
8100 8207 7857 7549
7915 8265 8036 7609
8254 8428 8014 7331
7994 8250 7988 7530
