91 10.5877
30813 28540 26616 28092
28564 30991 27329 27609
27026 26937 30363 27915
28841 27360 26679 30458
28716 29730 29425 28308
28501 29895 27618 30123
28901 28105 26820 30470
30612 29131 28678 28306
28752 30132 28902 29101
28328 30201 28818 28245
28714 29454 27394 30447
29719 30325 27756 29118
28592 28091 28374 30150
29817 29020 27385 30510
30453 29320 28745 28805
27645 27482 30264 28770
28941 29184 29396 29610
29579 28931 29350 27892
28886 29627 29236 28962
30022 29446 28158 28851
26841 29757 30212 28916
28947 29324 29057 29402
30314 28482 26853 29808
30652 30033 27554 29042
26812 28919 30158 28183
28149 29747 27265 30210
28776 27777 30106 27119
27902 29657 29282 29045
29807 29874 28051 29790
30388 28606 27507 29444
28109 27850 29076 30174
29545 30248 29334 27499
27317 29519 29456 29026
30209 29401 27836 29835
29023 29930 28870 29032
29304 30362 29228 28084
29300 28093 28079 30388
29967 29904 27812 30448
29816 30279 27575 29652
29030 30556 27817 28640
28935 28386 28899 29712
29528 29089 28966 29697
29093 27912 28827 30108
30403 28717 28331 29518
28725 31062 27208 28040
27991 28733 29601 29150
29752 28950 27324 30363
30217 29788 27586 28724
28361 28776 29782 29357
30257 27936 28873 27628
28446 29566 29452 28829
29095 28734 29870 28726
30550 29092 28055 29772
30522 29314 27637 28442
28353 29988 29577 28052
27670 29988 29661 27020
27886 28600 29044 30174
29298 29851 28509 29382
30311 29243 28184 30088
30791 28808 26361 27777
29561 28792 27018 30226
29679 29250 27764 29920
30008 28738 28784 29461
28491 30478 28294 27360
28448 29996 29075 28793
29740 29715 28516 29543
29287 29093 27552 30390
30222 28965 28641 29096
29915 31109 27224 29212
29735 30021 28675 28848
29333 29244 28477 30009
29837 30479 27063 28084
27575 28508 30309 28508
29964 28779 27717 30151
29453 29953 28653 28611
28530 28294 30271 29057
29891 29345 28512 29686
30017 29634 27511 29040
30136 29592 27693 29647
30588 29772 27717 28297
27480 27504 30400 27014
27237 28693 30155 29522
29608 29254 27513 30034
30401 28190 27476 29478
27883 27784 30159 28686
28349 29795 29776 29339
29704 29267 28514 29514
28645 30072 29101 28469
28949 29989 28009 29341
30395 29351 26581 28801
28821 28764 28477 30448
29054 27453 29577 29230
29190 30126 28212 29223
29612 30429 26834 28437
29809 28437 29035 28681
29472 30982 27933 28058
28245 29332 28020 30306
30458 28291 27560 29456
29604 30555 27099 27841
28902 30946 27209 27899
28458 29429 28877 29961
29974 29738 26963 29457
29219 30129 27338 29856
30230 28821 28347 28889
29166 30556 27133 28791
28545 30329 28656 29869
29751 28607 28845 29521
29773 29917 28424 27107
27534 28900 29497 29686
30120 29624 28112 28537
29605 29149 28177 30328
28628 29594 29646 27772
29077 29695 27137 30004
30149 28960 26840 29943
29534 30397 29574 27873
29356 29971 28112 29327
29344 30116 29347 28357
28702 29915 28311 29515
29957 27628 28261 29762
30457 29783 27329 28003
28990 29323 27535 30496
30358 29305 28180 29650
30034 29528 28239 29331
30001 30730 27916 27998
28363 30112 29380 27892
28301 30387 28359 28132
28320 28983 28795 29791
28506 27610 30341 27463
27671 30497 28232 28133
28438 29650 29389 29033
28129 29365 28458 30026
29649 30621 27681 28491
29125 28861 28039 30271
30264 28212 27750 29602
29455 30206 28019 28271
27626 27986 30017 28663
29485 29535 27767 30212
30044 28205 27606 30139
29333 29244 28477 30009
30263 29683 27576 27903
27273 27570 30367 28352
29270 28055 29483 29580
30423 28502 27491 29861
30504 29033 27009 27877
27088 28275 30312 28455
29321 29419 28516 30289
30128 29485 29256 28619
29324 29684 28064 30381
29324 29684 28064 30381
30719 28746 27235 27953
29312 29137 27713 30412
29857 29765 28435 29756
28999 30246 29177 27889
29416 29755 27163 29769
28899 29807 29452 29320
29294 30975 27236 28251
28864 28326 27748 30434
30566 28527 27569 29415
30173 29643 28882 29104
29385 30364 27977 27634
28557 28856 30037 28902
30051 30743 28549 28340
28413 28679 28399 30327
30165 29697 26798 29190
29327 30802 27560 28218
27905 26678 30332 28307
30118 28709 27049 29973
30082 29786 27422 28919
27916 29528 29723 29038
30261 28036 28580 28940
28622 29254 29683 28275
28306 29610 29410 28593
29793 29783 28550 29907
30635 28775 27052 28181
29651 29077 29671 28977
29075 29695 29410 27737
28177 28292 29934 29051
29876 29241 27627 30106
29663 29962 27506 29863
30679 27993 27221 27980
29454 27806 27415 30326
30042 29006 27771 29833
30167 28767 28302 29193
29735 30021 28675 28848
29114 29951 28580 28905
29235 30086 28592 28424
29840 28795 27149 30167
29976 29159 28721 29105
29001 29966 29195 27937
28882 30340 29238 27594
29693 29954 27663 29706
29770 30099 28348 27781
28877 29278 28426 30157
29746 28384 28529 30011
29534 30397 29574 27873
28803 28122 29941 28913
28456 29514 28732 29710
30699 28599 28304 28207
29043 29983 29109 28789
30298 30376 27535 27974
28361 28776 29782 29357
29518 28375 28705 29704
29871 29061 28400 29851
30840 29548 27674 28799
27655 28633 30209 28408
28566 30866 28580 28383
29037 30392 29426 27630
28361 29233 30138 28288
29240 29774 27999 29699
30172 29934 28032 28337
29426 28832 27611 30291
29433 30120 28597 29268
28895 29846 29144 28760
30173 29643 28882 29104
29854 29913 28803 27424
28787 30759 27662 27742
29128 28717 28443 30215
30167 29110 27633 29715
30216 29683 27934 29217
28623 30557 27718 27823
30338 29789 27874 30072
30034 29528 28239 29331
29984 29618 27663 29678
30786 29025 26751 27510
28975 30845 27757 27192
28162 29038 29192 29757
29538 28779 27923 30407
29430 30285 28527 29262
28273 28265 29774 29194
29849 29885 28115 29894
28343 29552 30083 28484
28396 28470 30481 28458
28244 29497 27920 30093
30868 28283 27914 27837
28170 29860 29866 28950
28605 29521 29732 27949
29021 28655 30047 28611
30037 29913 27316 29570
29870 28550 28273 29959
30576 27656 27293 28113
28571 28408 28266 30471
30053 28827 27730 30209
29377 29287 29850 28192
28340 30601 27538 28115
28490 28015 30392 28174
29987 29620 27302 29605
29041 29553 28279 30128
30084 29544 28413 29050
29664 30611 27126 28909
28994 29959 29752 27350
29017 29565 28688 29850
29615 30630 27198 27821
28672 28844 28035 30274
30274 29404 28324 29043
30310 28624 27320 29760
28062 27285 30291 27970
29035 28941 28646 30002
30237 28503 28541 28458
30103 28988 29104 29151
30786 28572 26837 28452
28653 28940 30232 27849
29067 29155 29202 29292
30224 28751 27614 30372
30606 28807 27855 28382
28402 28347 30030 28136
28258 29607 27627 30278
29046 27803 29919 28304
29528 29089 28966 29697
29016 30104 28420 29120
30840 29548 27674 28799
28821 28764 28477 30448
29024 27931 29944 28237
28903 30179 27922 29447
28046 29654 30312 29120
29377 29287 29850 28192
28853 30713 27211 27976
28937 27885 27081 30356
30309 29050 27491 29986
29840 29584 28666 28124
28809 30741 27140 28030
28459 28478 27934 30286
29265 30362 27724 29608
28668 28645 27485 30533
30355 29287 28204 28969
29888 30717 26630 28105
28438 29057 29370 29359
29691 29563 27704 29679
29671 30636 26557 28259
26984 28530 30145 28456
29565 28995 29174 28605
28490 27729 30037 28677
29306 29364 29027 29342
29054 29627 26629 30223
30308 29033 28089 29352
29046 27803 29919 28304
28532 30473 29030 27697
28702 29157 29981 28001
28501 29895 27618 30123
28933 27939 30113 28587
30761 28965 26684 27941
28354 28894 26601 30502
29484 29254 28680 29727
30322 29722 28287 30042
29958 29965 28668 27895
28485 30421 29046 28446
28186 30010 29342 28585
28661 29645 27960 30476
29869 29894 28612 29189
28661 29645 27960 30476
29551 30034 28206 28727
29077 29695 27137 30004
29850 30110 26579 29462
28392 29231 27698 30562
30142 28487 27958 29495
29614 30346 27771 27559
27645 27482 30264 28770
29505 28473 27682 30190
30054 29210 27133 29948
30007 29062 28590 29528
30248 29461 27837 28005
26908 28666 30026 28446
29605 29149 28177 30328
29627 30089 26662 29445
30488 28681 28303 29026
27560 28273 30330 27968
28828 29139 28890 29633
29127 28725 28916 30007
28568 30315 29273 28140
29432 30162 27773 29236
30167 30034 27582 28961
28339 28871 27089 30833
29857 29765 28435 29756
28823 29415 29792 27822
28791 30042 27222 29529
29638 28532 29436 28296
28088 30444 29797 28004
28589 28982 27963 30162
29967 29904 27812 30448
29771 29849 27368 29043
29823 30318 27557 29185
27769 28173 29652 29508
29458 30387 29103 28585
28579 29235 28084 30038
29967 29956 28334 27947
28580 30815 27626 27705
29374 28191 29325 29142
30479 29314 28026 30118
30594 29039 26386 28065
30238 29023 29050 29152
30789 28029 27638 27992
28217 29871 29294 27565
28653 28940 30232 27849
28141 29079 28043 30676
30126 29221 27693 29859
28403 28412 29628 29797
30078 30336 28096 28767
27603 28496 30243 28380
29226 29526 29646 29545
30263 29160 27265 29720
31046 29019 26505 27884
29077 28738 26384 30361
29763 29912 27319 30203
29481 28941 28447 29860
28960 30730 27222 27732
29218 30003 28770 28304
29419 29854 28437 29130
29583 29143 27552 30156
30434 27924 28661 29623
28546 31117 28365 27610
28658 29721 29338 29031
30264 29015 27861 29986
30786 29071 27480 28710
29224 28923 28574 30003
30243 30300 27185 29635
30478 29510 27464 28299
26963 29078 29921 28180
28935 28608 29576 28929
29470 29515 28946 28748
29323 29464 28056 30064
29374 30927 26445 27943
27703 29732 29786 28635
28807 27844 30094 28505
30241 29459 27292 30253
30494 29175 27250 28656
28412 29620 29798 29472
28956 30026 27059 29516
28833 27943 29719 28917
28772 30277 28840 28668
28439 29430 29638 29150
31163 29644 27320 28519
29988 28360 28200 30113
29110 29890 29064 29003
28145 30276 29058 28838
30333 29145 27115 30126
29386 29404 29281 28657
29681 30442 27671 29041
28684 28577 28485 30409
30337 29336 27743 29716
30057 29521 26631 29523
29303 30791 27101 27802
27306 26816 29779 29331
29839 30289 28843 28039
29538 28779 27923 30407
30521 27830 27087 28942
29307 30324 28184 28279
27815 28298 29510 29668
29888 29316 27551 30003
30057 29143 28526 28318
27811 28664 29950 29305
30103 28988 29104 29151
27998 29647 29136 29551
28606 28491 30301 28491
29481 30033 27335 30050
30773 28714 27804 28249
27903 30596 28845 27973
29094 29983 29424 26649
27957 30178 29744 28231
29105 29722 26535 30198
29208 29894 28095 29946
30944 28153 27230 28204
28954 28584 27225 30393
29802 29269 27843 29974
29543 30190 29153 27830
28551 30647 28751 27271
27727 29399 30098 27230
28865 30465 27176 29109
29359 29003 27397 30422
29869 29894 28612 29189
29740 29715 28516 29543
30243 30300 27185 29635
28349 29795 29776 29339
29615 30630 27198 27821
28229 28515 29440 29836
29681 29351 27514 30222
29614 29820 28393 28514
28490 28015 30392 28174
29509 27882 28194 30217
29849 29885 28115 29894
29848 28922 28431 29417
30091 29794 27547 29066
28396 28470 30481 28458
28330 29689 29550 29035
30067 28927 28081 29704
30488 28681 28303 29026
27737 28207 30243 27977
30339 29904 28020 28999
29700 28711 29045 28742
29403 30309 28852 27337
28982 30517 29042 27520
30182 29657 27406 28857
28544 28152 27475 30364
29398 28679 29068 29417
28544 29849 28870 29276
28840 29870 27136 30048
29401 29216 29114 29356
29446 30805 27919 27704
