47 0.742256
8705 8374 8600 6941
8261 7659 8333 8248
8173 8688 7966 7430
8356 7527 8368 8088
8372 8698 8402 7288
7948 7946 8383 8109
7995 8007 8914 7707
8829 8304 8593 7215
7993 7872 8284 8187
8354 7809 8045 8027
8774 7906 8233 7571
8278 7644 8192 8124
8674 8342 8794 6971
8082 8149 8889 7769
8126 8636 8207 7717
8261 7554 8435 8100
7959 8133 8181 7992
8066 8017 8914 7451
8632 8220 8699 7013
8443 7749 8166 8045
8626 8492 8463 7100
8640 8438 8313 7168
8043 8316 8723 7340
8370 7674 8421 7979
8343 7829 8811 7909
8636 8479 8654 7065
8707 8230 8193 7437
8113 7743 8503 8154
8507 8095 8092 7702
8469 7982 8108 7885
8413 7590 8331 8023
8206 8171 8747 7955
8378 7594 8271 8098
8401 7708 8114 8083
8151 8412 8440 7783
8757 8024 8308 7546
8341 8666 8609 7550
8318 7819 8532 7974
8101 7913 8867 7647
8595 8384 8710 7114
8094 8676 8053 7372
8723 8004 8290 7678
8014 7912 8440 8161
8407 8340 8119 7666
8178 7878 8830 7757
8421 8356 8740 7326
8537 8108 8075 7727
8602 8423 8125 7510
8570 8457 8613 7127
8620 8323 8683 7066
8764 8486 8477 7139
8221 8410 8555 7640
8141 7893 8337 8167
8243 7929 8863 7736
8305 8247 8721 7846
8382 7805 8242 8072
8251 8537 8308 7675
8475 8551 8325 7432
8438 8072 8853 7587
8142 8143 8226 7984
8052 8186 8122 8031
8599 8615 8230 7294
8363 8185 8807 7552
8508 7870 8315 7946
8532 8356 8664 7263
8729 8088 8146 7559
8190 8063 8365 7987
8585 7731 8401 7749
8273 7924 8758 7926
8722 8412 8510 7198
8656 8072 8263 7654
8192 8387 8155 7873
8282 7844 8754 7741
8269 7934 8820 7720
8632 8323 8670 7022
8646 8154 8392 7613
8279 8575 8418 7631
8395 7666 8331 8023
8740 8064 8385 7551
8611 8278 8621 7484
8518 7758 8373 7827
8496 8081 8778 7532
8722 8401 8271 7393
8124 8671 8049 7529
8267 8077 8832 7726
8739 8389 8174 7408
8263 8397 8254 7728
8386 7764 8305 8006
8691 7968 8392 7690
8415 8679 8548 7348
8561 8039 8884 7546
8700 8130 8369 7540
8586 8149 8711 7305
8297 8207 8280 7864
8247 8088 8876 7559
8604 8394 8058 7430
8562 7942 8767 7357
8513 8515 8431 7491
8675 8286 8690 7237
8478 8467 8587 7421
8329 8193 8747 7837
8674 8320 8538 7277
8014 7912 8440 8161
8063 8362 8469 7851
8528 8448 8414 7366
8580 8050 8476 7514
8354 7718 8589 8030
8356 7527 8368 8088
8196 8170 8115 8036
8665 8101 8405 7593
8227 8119 8359 8155
8285 8298 8408 7805
8528 8489 8635 7205
8310 8237 8797 7444
8524 7976 8577 7714
8573 8312 8579 7231
8377 8053 8746 7623
8556 8442 8216 7523
8235 8391 8586 7648
8470 8570 8489 7516
8517 8210 8641 7413
8215 8561 8445 7724
8111 8361 8673 7479
8388 7777 8545 7978
8373 8607 8675 7377
8612 8115 8233 7678
8511 7966 8643 7609
8635 8160 8302 7403
8368 7752 8457 8007
8599 8394 8281 7253
8492 7793 8504 7895
8276 8377 8297 7732
8308 8351 8527 7688
8546 8208 8571 7574
8622 8374 8660 7151
8667 7942 8576 7339
8347 8463 8356 7554
8246 7650 8397 8093
8164 8386 8659 7510
8128 8076 8520 8059
8175 8668 8071 7466
8265 8288 8679 7817
8364 8123 8503 7919
8427 7902 8691 7663
8436 8596 8546 7447
8365 8476 8140 7575
8384 7980 8731 7870
8168 8069 8739 7977
8484 8551 8513 7389
8692 8134 8215 7479
8539 8267 8537 7584
8309 7892 8343 8036
8562 7776 8493 7657
8602 8427 8483 7156
8486 8281 8683 7465
8062 7710 8657 7990
8273 7884 8460 7996
8402 8038 8417 7989
8508 7862 8350 7948
8321 8302 8445 7681
8345 8250 8573 7806
8702 8405 8500 7213
8473 8165 8617 7747
8229 8379 8516 7660
8588 8454 8178 7494
8376 8272 8478 7761
8134 8307 8641 7655
8602 8137 8219 7637
8501 8326 8605 7383
8467 7969 8643 7825
8418 8610 8432 7296
8455 8265 8648 7634
8468 8202 8583 7530
8563 7865 8535 7600
8415 8259 8682 7588
8425 8217 8775 7596
8460 8360 8490 7543
8214 8500 8645 7501
8325 7796 8489 8064
8328 8530 8191 7566
8630 7856 8265 7695
8256 8315 8717 7654
8582 8382 8647 7142
8593 8407 8656 7020
8431 7910 8284 7891
8420 7885 8548 7896
8259 7912 8825 7740
8512 8006 8066 7967
8176 8224 8866 7968
8367 7859 8404 8013
8328 8530 8191 7566
8519 8267 8632 7399
8573 7801 8240 7802
8547 8085 8572 7685
8338 8051 8716 7626
8194 8429 8600 7574
