48057 213.761
34337 34989 34569
34409 34728 34650
34356 35446 33970
34606 34615 34591
34337 34989 34569
34687 35257 33818
34422 35308 34347
34606 34615 34591
34759 35072 34407
34606 34615 34591
34947 35253 33917
34606 34615 34591
35051 34780 34184
35039 34957 34355
34708 34858 34532
34708 34858 34532
34606 34615 34591
35012 35150 34271
34403 34746 34627
34512 35130 34438
34690 35202 33966
34687 35257 33818
34667 35242 34048
34895 34875 34469
34487 34877 34618
34807 34909 34470
34403 34746 34627
34754 35088 34328
34617 35292 34033
35012 35150 34271
34576 35172 34225
34895 34875 34469
35051 34780 34184
34487 34877 34618
34493 35010 34508
34759 35072 34407
35012 35150 34271
34708 34858 34532
34493 35010 34508
34819 34929 34371
34580 35172 34101
34337 34989 34569
34667 35242 34048
34487 34877 34618
34690 35202 33966
34759 35072 34407
34355 35026 34562
34637 35014 34458
34540 35263 34155
34721 35167 34290
34617 35292 34033
34356 35446 33970
34635 35100 34481
34819 34929 34371
35012 35150 34271
34422 35308 34347
34422 35308 34347
34580 35172 34101
34487 34877 34618
34721 35167 34290
34759 35072 34407
34807 34909 34470
34637 35014 34458
34580 35172 34101
34895 34875 34469
34921 34715 34432
34690 35202 33966
34487 34877 34618
34831 35165 34065
34921 34715 34432
35079 34984 34090
35072 35128 34160
35072 35128 34160
34687 35257 33818
34555 35167 34292
34635 35100 34481
34667 35242 34048
35079 34984 34090
34921 34715 34432
34580 35172 34101
34580 35172 34101
34708 34858 34532
35051 34780 34184
35012 35150 34271
35072 35128 34160
34409 34728 34650
34493 35010 34508
34403 34746 34627
34687 35257 33818
34687 35257 33818
34708 34858 34532
34403 34746 34627
34921 34715 34432
34512 35130 34438
34819 34929 34371
34422 35308 34347
35012 35150 34271
34819 34929 34371
34708 34858 34532
34356 35446 33970
34759 35072 34407
34617 35292 34033
34721 35167 34290
34759 35072 34407
34580 35172 34101
34708 34858 34532
34487 34877 34618
34409 34728 34650
35051 34780 34184
34895 34875 34469
34576 35172 34225
34617 35292 34033
34687 35257 33818
34606 34615 34591
34487 34877 34618
34580 35172 34101
34687 35257 33818
34403 34746 34627
34921 34715 34432
34512 35130 34438
35051 34780 34184
35012 35150 34271
34667 35242 34048
34555 35167 34292
34687 35257 33818
35039 34957 34355
34606 34615 34591
34580 35172 34101
34759 35072 34407
34637 35014 34458
34708 34858 34532
34487 34877 34618
34409 34728 34650
34807 34909 34470
34895 34875 34469
34576 35172 34225
