13 0.344077
3363 3670
3758 3149
3735 3434
3605 3565
3454 3651
3739 3234
3694 3513
3472 3605
3556 3582
3717 3505
3556 3582
3472 3605
3739 3234
3748 3188
3748 3188
3694 3513
3717 3505
3472 3605
3556 3582
3556 3582
3556 3582
3556 3582
3556 3582
3556 3582
3556 3582
3694 3513
3739 3234
3748 3188
3254 3661
3746 3134
3722 3286
3554 3572
3699 3471
3398 3585
3346 3658
3731 3184
3352 3592
3652 3499
3583 3527
3699 3471
3617 3501
3398 3585
3592 3513
3732 3149
3592 3513
3732 3149
3732 3149
3732 3149
3732 3149
3732 3149
3732 3149
3732 3149
3732 3149
3732 3149
3732 3149
3732 3149
3732 3149
3732 3149
3732 3149
3732 3149
3732 3149
3732 3149
3732 3149
3732 3149
3732 3149
3732 3149
3732 3149
3732 3149
3732 3149
3732 3149
3732 3149
3732 3149
3732 3149
3732 3149
3732 3149
3732 3149
3732 3149
3732 3149
3732 3149
3732 3149
3732 3149
3732 3149
3732 3149
3732 3149
3732 3149
3732 3149
3732 3149
3732 3149
3732 3149
3732 3149
3732 3149
3732 3149
3732 3149
3732 3149
3732 3149
3732 3149
3732 3149
3732 3149
3732 3149
3732 3149
3732 3149
3732 3149
3732 3149
3732 3149
3732 3149
3732 3149
3732 3149
3732 3149
3227 3660
3729 3115
3700 3273
3682 3462
3651 3486
3534 3522
3333 3591
3386 3584
3458 3536
3494 3528
3281 3610
3425 3563
3714 3210
3719 3187
3271 3638
3725 3149
3425 3563
3272 3636
3273 3611
3723 3167
3271 3638
3714 3210
3425 3563
3723 3167
3725 3149
3714 3210
3273 3611
3281 3610
3271 3638
3271 3638
3271 3638
3271 3638
3271 3638
3271 3638
3271 3638
3271 3638
3271 3638
3271 3638
3271 3638
3271 3638
3271 3638
3271 3638
3271 3638
3281 3610
3714 3210
3714 3210
3714 3210
3714 3210
3714 3210
3714 3210
3723 3167
3723 3167
3723 3167
3225 3651
3726 3114
3635 3461
3667 3332
3710 3179
3383 3527
3681 3330
3238 3632
3695 3230
3353 3574
3452 3520
3580 3467
3285 3582
3283 3591
3520 3491
3695 3230
3505 3515
3556 3474
3378 3573
3635 3461
3506 3496
3475 3519
3556 3474
3378 3573
3475 3519
3283 3591
3283 3591
3283 3591
3283 3591
3283 3591
3283 3591
3283 3591
3378 3573
3556 3474
3556 3474
3556 3474
3556 3474
3556 3474
3556 3474
3635 3461
3695 3230
3237 3618
3237 3618
3719 3099
3620 3461
3651 3331
3517 3484
3369 3570
3253 3571
3668 3301
3375 3539
3427 3516
3673 3238
3443 3514
3697 3179
3704 3126
3495 3513
3694 3218
3495 3513
3246 3582
3697 3179
3370 3558
3710 3121
3719 3099
3681 3229
3691 3226
3248 3572
3246 3582
3710 3121
3704 3126
3253 3571
3704 3126
3253 3571
3253 3571
3253 3571
3253 3571
3710 3121
3719 3099
3719 3099
3200 3607
3705 3118
3665 3290
3690 3212
3441 3513
3600 3394
3246 3578
3593 3452
3347 3566
3554 3461
3513 3481
3373 3514
3207 3593
3600 3394
3513 3481
3372 3531
3365 3548
3201 3604
3352 3563
3365 3548
3355 3553
3355 3553
3347 3566
3352 3563
3355 3553
3347 3566
3347 3566
3347 3566
3347 3566
3347 3566
3355 3553
3355 3553
3355 3553
3355 3553
3355 3553
3355 3553
3355 3553
3355 3553
3355 3553
3355 3553
3355 3553
3355 3553
3365 3548
3600 3394
3182 3578
3703 3080
3664 3289
3593 3400
3672 3151
3309 3566
3519 3457
3589 3450
3438 3494
3219 3570
3389 3505
3688 3107
3485 3480
3347 3548
3369 3527
3219 3570
3342 3556
3485 3480
3673 3145
3680 3127
3370 3525
3680 3127
3377 3508
3485 3480
3377 3508
3342 3556
3342 3556
3342 3556
3342 3556
3377 3508
3377 3508
3377 3508
3377 3508
3485 3480
3485 3480
3485 3480
3485 3480
3680 3127
3680 3127
3680 3127
3680 3127
3680 3127
3193 3566
3683 3034
3586 3354
3558 3448
3277 3547
3369 3520
3660 3217
3678 3115
3248 3548
3477 3476
3648 3276
3606 3286
3430 3481
3379 3502
3664 3158
3505 3455
3415 3490
3668 3146
3639 3284
3495 3457
3606 3286
3606 3286
3204 3545
3676 3099
3555 3315
3584 3249
3261 3518
3510 3400
3666 3138
3475 3470
3543 3391
3368 3505
3637 3240
3651 3216
3442 3475
3240 3529
3394 3486
3396 3480
3368 3505
3651 3216
3368 3505
3396 3480
3368 3505
3368 3505
3368 3505
3368 3505
3368 3505
3368 3505
3368 3505
3368 3505
3368 3505
3368 3505
3368 3505
3368 3505
3368 3505
3396 3480
3396 3480
3396 3480
3651 3216
3193 3541
3669 3057
3626 3207
3536 3368
3467 3467
3282 3503
3490 3382
3226 3528
3379 3483
3663 3126
3379 3483
3663 3126
3379 3483
3379 3483
3379 3483
3379 3483
3379 3483
3663 3126
3663 3126
3663 3126
3663 3126
3663 3126
3663 3126
3663 3126
3190 3505
3663 3057
3467 3465
3330 3468
3536 3258
3580 3163
3477 3373
3510 3328
3274 3501
3525 3301
3659 3096
3278 3491
3609 3146
3625 3115
3624 3131
3261 3501
3634 3091
3569 3157
3475 3364
3510 3252
3526 3236
3340 3463
3414 3452
3621 3103
3270 3494
3431 3375
3380 3459
3444 3371
3203 3500
3633 3059
3504 3193
3403 3398
3472 3349
3541 3140
3579 3088
3465 3356
3335 3434
3250 3482
3616 3069
3291 3459
3224 3495
3303 3457
3331 3442
3122 3486
3625 3045
3431 3169
3485 3103
3430 3346
3192 3478
3330 3442
3611 3060
3376 3386
3332 3387
3133 3464
3568 3038
3371 3161
3326 3437
3341 3254
3179 3456
3355 3206
3282 3437
3567 3000
3353 3174
3556 3008
3307 3434
3254 3430
3558 2980
3296 3355
3284 3406
3150 3422
3433 2908
3296 3283
3212 3410
3283 3296
3268 3395
3276 3394
3122 3381
3267 3334
3221 3322
3444 3609
3940 3116
3489 3578
3542 3463
3842 3169
3718 3346
3746 3244
3681 3373
3655 3405
3607 3411
3811 3196
3728 3290
3773 3201
3565 3423
3565 3423
3733 3283
3773 3201
3733 3283
3773 3201
3773 3201
3773 3201
3773 3201
3773 3201
3773 3201
3773 3201
3323 3565
3323 3565
3841 3050
3437 3524
3825 3136
3497 3461
3716 3285
3764 3170
3746 3188
3331 3529
3542 3442
3592 3361
3564 3422
3588 3395
3686 3289
3622 3324
3649 3318
3331 3529
3660 3303
3746 3188
3622 3324
3660 3303
3323 3565
3622 3324
3323 3565
3323 3565
3622 3324
3622 3324
3622 3324
3622 3324
3746 3188
3746 3188
3221 3535
3826 2926
3821 3071
3294 3532
3454 3444
3404 3500
3711 3218
3627 3318
3527 3436
3665 3286
3585 3353
3744 3158
3669 3246
3628 3291
3726 3184
3411 3447
3771 3135
3348 3503
3820 3124
3335 3520
3780 3132
3820 3124
3739 3178
3582 3375
3669 3246
3536 3420
3415 3446
3569 3381
3547 3406
3335 3520
3348 3503
3585 3353
3564 3397
3550 3402
3564 3397
3532 3432
3780 3132
3532 3432
3550 3402
3415 3446
3415 3446
3335 3520
3415 3446
3415 3446
3415 3446
3415 3446
3415 3446
3415 3446
3415 3446
3532 3432
3532 3432
3532 3432
3532 3432
3532 3432
3532 3432
3532 3432
3564 3397
3564 3397
3564 3397
3152 3523
3814 2869
3270 3522
3799 3050
3387 3498
3506 3391
3668 3198
3754 3126
3794 3096
3660 3285
3431 3441
3617 3308
3579 3327
3765 3105
3485 3427
3675 3187
3706 3138
3478 3432
3393 3496
3556 3390
3556 3390
3697 3161
3612 3313
3398 3457
3660 3285
3566 3351
3406 3447
3660 3285
3387 3498
3571 3347
3700 3154
3668 3198
3398 3457
3704 3139
3406 3447
3566 3351
3478 3432
3571 3347
3697 3161
3700 3154
3612 3313
3704 3139
3566 3351
3571 3347
3387 3498
3387 3498
3387 3498
3387 3498
3387 3498
3387 3498
3387 3498
3387 3498
3387 3498
3387 3498
3387 3498
3387 3498
3387 3498
3387 3498
3387 3498
3387 3498
3387 3498
3387 3498
3387 3498
3387 3498
3387 3498
3387 3498
3387 3498
3387 3498
3387 3498
3387 3498
3387 3498
3387 3498
3478 3432
3571 3347
3571 3347
3571 3347
3571 3347
3571 3347
3571 3347
3571 3347
3571 3347
3571 3347
3612 3313
3612 3313
3612 3313
3668 3198
3668 3198
3668 3198
3704 3139
3704 3139
3704 3139
3207 3500
3794 2878
3792 3036
3374 3497
3781 3092
3530 3385
3658 3222
3447 3404
3660 3179
3672 3132
3627 3261
3726 3116
3539 3357
3437 3412
3702 3120
3406 3436
3562 3338
3599 3291
3623 3280
3386 3491
3389 3455
3406 3436
3603 3283
3389 3455
3583 3310
3726 3116
3574 3327
3583 3310
3566 3334
3386 3491
3446 3405
3574 3327
3389 3455
3447 3404
3386 3491
3386 3491
3386 3491
3386 3491
3386 3491
3386 3491
3389 3455
3389 3455
3406 3436
3406 3436
3447 3404
3447 3404
3447 3404
3574 3327
3574 3327
3574 3327
3574 3327
3583 3310
3583 3310
3726 3116
3153 3492
3153 3492
3779 3070
3616 3193
3613 3256
3358 3483
3620 3154
3264 3484
3662 3121
3384 3446
3717 3096
3153 3492
3513 3382
3408 3403
3554 3327
3264 3484
3639 3124
3734 3091
3779 3070
3443 3386
3527 3332
3575 3292
3599 3283
3526 3359
3411 3390
3359 3450
3522 3365
3438 3387
3575 3292
3599 3283
3359 3450
3734 3091
3443 3386
3153 3492
3153 3492
3153 3492
3443 3386
3599 3283
3351 3482
3775 2952
3512 3378
3633 3111
3391 3402
3609 3213
3675 3087
3520 3333
3604 3251
3539 3317
3752 2996
3682 3075
3352 3450
3765 2970
3561 3292
3372 3435
3598 3281
3380 3420
3713 3059
3554 3297
3740 3017
3609 3213
3713 3059
3731 3038
3598 3281
3775 2952
3731 3038
3734 3018
3391 3402
3391 3402
3734 3018
3391 3402
3391 3402
3391 3402
3775 2952
3214 3479
3761 2954
3603 3157
3470 3378
3373 3418
3667 3080
3514 3312
3592 3224
3570 3279
3340 3442
3280 3469
3695 3008
3678 3048
3591 3272
3256 3471
3755 2957
3738 2997
3502 3375
3738 2997
3667 3080
3346 3422
3511 3349
3505 3357
3359 3420
3511 3349
3511 3349
3511 3349
3511 3349
3114 3477
3746 2949
3665 3055
3493 3357
3363 3370
3602 3157
3198 3475
3510 3281
3276 3464
3564 3242
3503 3328
3677 2994
3295 3442
3714 2983
3340 3432
3588 3200
3572 3225
3589 3169
3352 3394
3348 3407
3693 2989
3602 3157
3176 3463
3709 2813
3637 2998
3579 3200
3546 3228
3581 3026
3499 3302
3277 3442
3245 3453
3333 3413
3363 3360
3590 3020
3480 3339
3386 3352
3442 3343
3344 3399
3496 3323
3442 3343
3386 3352
3335 3409
3344 3399
3263 3441
3634 2820
3611 2955
3577 3177
3356 3352
3462 3336
3485 3310
3505 3226
3300 3411
3333 3402
3533 3223
3476 3335
3527 3224
3249 3419
3560 2901
3515 3070
3510 3176
3449 3332
3325 3391
3332 3338
3480 3296
3476 3324
3331 3345
3248 3397
3485 3060
3480 3290
3358 3322
3440 3318
3315 3371
3295 3386
3300 3375
3216 3384
3216 3384
3477 3219
3385 3318
3452 3251
3314 3329
3448 3285
3432 3316
3288 3381
3303 3346
3289 3363
3283 3376
3283 3376
3477 3204
3289 3349
3406 3307
3345 3313
3422 3257
3445 3250
3459 3211
3357 3310
3463 3205
3265 3375
3477 3192
3360 3291
3282 3328
3267 3362
3253 3370
3460 2799
3409 3167
3417 3008
3301 3229
3261 3360
3277 3263
3291 3261
3277 3263
3094 3341
3403 3134
3251 3297
3294 3160
3286 3261
3050 3327
3379 3066
3204 3283
3252 3158
3093 3316
3210 3198
3236 3163
3065 3302
3187 3138
3145 3275
3185 2936
3298 3720
3708 3197
3706 3419
3708 3197
3621 3478
3686 3426
3379 3587
3353 3644
3586 3481
3418 3571
3353 3644
3510 3499
3550 3490
3442 3567
3546 3497
3481 3515
3487 3510
3461 3534
3706 3419
3456 3555
3456 3555
3461 3534
3456 3555
3461 3534
3706 3419
3708 3197
3708 3197
3708 3197
3708 3197
3708 3197
3287 3693
3704 3237
3337 3579
3655 3422
3594 3441
3424 3563
3543 3492
3663 3332
3678 3304
3440 3541
3323 3643
3483 3502
3323 3643
3488 3497
3584 3464
3693 3268
3565 3480
3663 3332
3694 3257
3437 3543
3568 3472
3424 3563
3693 3268
3483 3502
3424 3563
3281 3654
3281 3654
3703 3162
3488 3490
3647 3382
3424 3497
3327 3560
3408 3530
3349 3534
3686 3249
3654 3314
3558 3478
3319 3627
3319 3627
3608 3407
3690 3188
3678 3288
3674 3298
3566 3458
3281 3654
3690 3188
3589 3417
3575 3448
3599 3412
3558 3478
3654 3314
3587 3433
3608 3407
3576 3435
3576 3435
3587 3433
3558 3478
3587 3433
3558 3478
3558 3478
3558 3478
3587 3433
3587 3433
3587 3433
3587 3433
3587 3433
3608 3407
3608 3407
3608 3407
3608 3407
3608 3407
3608 3407
3608 3407
3608 3407
3608 3407
3608 3407
3608 3407
3690 3188
3690 3188
3690 3188
3690 3188
3690 3188
3690 3188
3690 3188
3236 3630
3679 3184
3536 3476
3346 3517
3627 3366
3558 3433
3293 3536
3649 3302
3670 3203
3280 3588
3473 3480
3458 3486
3282 3539
3655 3267
3601 3396
3619 3377
3667 3248
3419 3493
3416 3497
3253 3609
3271 3602
3382 3508
3382 3508
3580 3426
3649 3302
3596 3411
3587 3417
3661 3250
3239 3619
3473 3480
3239 3619
3180 3626
3674 3151
3232 3602
3658 3227
3674 3151
3257 3593
3258 3542
3271 3526
3648 3273
3305 3514
3621 3307
3636 3279
3658 3227
3549 3430
3564 3392
3333 3511
3382 3506
3511 3473
3612 3352
3529 3462
3473 3477
3416 3492
3382 3506
3447 3482
3444 3486
3414 3497
3331 3512
3534 3437
3616 3329
3514 3465
3564 3392
3607 3368
3473 3477
3590 3390
3618 3328
3590 3390
3590 3390
3607 3368
3607 3368
3534 3437
3545 3432
3414 3497
3444 3486
3545 3432
3549 3430
3414 3497
3473 3477
3618 3328
3333 3511
3414 3497
3333 3511
3333 3511
3414 3497
3414 3497
3414 3497
3414 3497
3414 3497
3414 3497
3414 3497
3414 3497
3414 3497
3414 3497
3414 3497
3444 3486
3444 3486
3534 3437
3534 3437
3545 3432
3545 3432
3545 3432
3545 3432
3545 3432
3564 3392
3564 3392
3564 3392
3564 3392
3564 3392
3564 3392
3590 3390
3607 3368
3607 3368
3607 3368
3607 3368
3607 3368
3607 3368
3607 3368
3607 3368
3607 3368
3607 3368
3607 3368
3607 3368
3607 3368
3607 3368
3607 3368
3607 3368
3607 3368
3607 3368
3607 3368
3618 3328
3618 3328
3618 3328
3175 3606
3657 3200
3585 3379
3486 3473
3513 3458
3262 3515
3638 3241
3423 3482
3248 3574
3613 3284
3540 3428
3250 3534
3611 3345
3209 3582
3409 3491
3657 3200
3320 3507
3320 3507
3380 3506
3634 3266
3540 3428
3616 3271
3540 3428
3203 3602
3380 3506
3203 3602
3594 3355
3594 3355
3608 3349
3380 3506
3594 3355
3608 3349
3320 3507
3380 3506
3380 3506
3380 3506
3380 3506
3380 3506
3380 3506
3380 3506
3540 3428
3540 3428
3540 3428
3540 3428
3540 3428
3540 3428
3657 3200
3657 3200
3154 3606
3647 3161
3275 3491
3626 3256
3610 3341
3376 3487
3246 3544
3197 3591
3388 3470
3442 3469
3467 3468
3498 3448
3635 3175
3216 3559
3629 3217
3549 3375
3509 3428
3202 3574
3630 3204
3572 3364
3244 3556
3530 3407
3538 3402
3565 3374
3604 3346
3378 3486
3604 3346
3502 3432
3572 3364
3530 3407
3538 3402
3608 3342
3502 3432
3604 3346
3610 3341
3378 3486
3378 3486
3530 3407
3572 3364
3572 3364
3572 3364
3024 3584
3639 3161
3620 3256
3180 3577
3606 3332
3242 3552
3246 3489
3064 3582
3625 3191
3340 3487
3564 3362
3373 3476
3408 3466
3487 3435
3525 3397
3463 3460
3453 3464
3535 3366
3496 3420
3509 3401
3500 3411
3535 3366
3135 3563
3614 3254
3306 3471
3242 3518
3486 3419
3228 3546
3406 3464
3523 3369
3565 3326
3138 3560
3602 3316
3438 3462
3471 3432
3558 3362
3602 3316
3531 3366
3238 3528
3453 3444
3558 3362
3453 3444
3238 3528
3453 3444
3138 3560
3138 3560
3238 3528
2996 3552
3609 3254
3145 3542
3268 3470
3235 3508
3480 3394
3347 3458
3464 3432
3503 3361
3541 3323
3580 3298
3595 3288
3537 3348
3403 3456
3224 3539
3224 3539
3431 3445
3426 3446
3190 3537
3592 3187
3247 3470
3590 3279
3383 3453
3535 3323
3195 3514
3490 3326
3450 3432
3485 3361
3474 3390
3411 3443
3460 3407
3396 3451
3086 3530
3590 3278
3184 3497
3225 3466
3320 3451
3433 3411
3455 3353
3488 3301
3527 3299
3380 3440
3483 3352
3418 3430
3179 3471
3585 3266
3430 3381
3371 3424
3431 3296
3501 3282
3371 3424
3577 3276
3402 3412
3445 3286
3396 3417
3103 3471
3576 3205
3421 3354
3498 3280
3136 3460
3351 3387
3199 3411
3548 3273
3230 3393
3573 3229
3393 3380
3208 3397
3055 3410
3570 3200
3320 3386
3530 3268
3414 3320
3390 3358
3317 3381
3540 3200
3440 3261
3514 3256
3377 3351
3320 3376
3519 3213
3389 3341
3414 3308
3414 3308
3163 3381
3540 3144
3493 3254
3377 3325
3336 3351
3198 3344
3532 3129
3465 3240
3324 3335
3361 3276
3357 3280
3198 3335
3512 3051
3407 3204
3308 3295
3353 3242
3317 3276
3356 3212
3141 3326
3401 3044
3194 3325
3146 3183
3161 3149
3226 3701
3738 3194
3622 3434
3519 3454
3328 3605
3309 3641
3454 3583
3733 3321
3640 3340
3736 3206
3682 3325
3465 3490
3457 3555
3465 3490
3457 3555
3738 3194
3465 3490
3132 3651
3710 2850
3703 2866
3702 3184
3614 3415
3251 3636
3492 3438
3331 3579
3630 3321
3419 3565
3455 3500
3464 3477
3436 3552
3565 3421
3554 3431
3685 3311
3657 3320
3251 3636
3279 3600
3279 3600
3324 3588
3691 3227
3687 3270
3692 3206
3687 3270
3428 3562
3698 3192
3419 3565
3710 2850
3554 3431
3324 3588
3687 3270
3279 3600
3419 3565
3419 3565
3419 3565
3055 3638
3055 3638
3699 3119
3237 3625
3055 3638
3666 3211
3586 3400
3605 3362
3407 3478
3682 3172
3471 3422
3664 3302
3664 3302
3393 3520
3370 3528
3434 3434
3269 3599
3337 3552
3592 3377
3322 3564
3437 3433
3279 3592
3471 3422
3298 3579
3297 3583
3329 3555
3329 3555
3298 3579
3055 3638
3055 3638
3055 3638
3298 3579
3471 3422
3009 3618
3698 3061
3663 3301
3203 3613
3666 3156
3382 3505
3428 3432
3675 3101
3497 3392
3432 3424
3247 3590
3589 3345
3350 3527
3560 3368
3666 3156
3272 3576
3314 3546
3519 3387
3553 3380
3378 3515
3589 3345
3203 3613
3298 3571
3301 3564
3589 3345
3307 3551
3307 3551
3203 3613
3203 3613
3203 3613
3203 3613
3203 3613
3203 3613
3203 3613
3203 3613
3203 3613
3203 3613
3589 3345
3589 3345
3589 3345
3589 3345
3589 3345
3589 3345
3589 3345
3589 3345
3589 3345
3666 3156
3666 3156
3666 3156
3137 3606
3137 3606
3694 3058
3662 3288
3664 3145
3370 3453
3664 3145
3444 3392
3361 3514
3388 3411
3160 3601
3518 3344
3545 3332
3418 3405
3492 3375
3598 3291
3205 3586
3579 3320
3501 3374
3304 3534
3205 3586
3244 3573
3290 3566
3308 3530
3339 3524
3244 3573
3282 3571
3580 3308
3598 3291
3339 3524
3137 3606
3580 3308
3282 3571
3290 3566
3282 3571
3244 3573
3290 3566
3290 3566
3290 3566
3290 3566
3290 3566
3664 3145
3090 3601
3686 2955
3669 3005
3662 3122
3351 3486
3528 3331
3407 3370
3662 3122
3659 3211
3402 3398
3355 3425
3157 3599
3224 3561
3548 3317
3362 3410
3461 3332
3669 3005
3686 2955
3628 3273
3650 3266
3332 3519
3605 3283
3258 3558
3457 3357
3574 3297
3280 3532
3307 3530
3187 3565
3160 3592
3269 3552
3659 3211
3277 3545
3658 3242
3457 3357
3461 3332
3165 3569
3165 3569
3187 3565
3658 3242
3587 3287
3587 3287
3314 3524
3330 3522
3574 3297
3314 3524
3457 3357
3574 3297
3658 3242
3330 3522
3330 3522
3165 3569
3187 3565
3461 3332
3574 3297
3574 3297
3574 3297
3574 3297
3574 3297
3574 3297
3574 3297
3574 3297
3658 3242
3658 3242
3658 3242
3658 3242
3658 3242
3658 3242
3658 3242
3658 3242
3658 3242
3658 3242
3658 3242
3662 3122
3662 3122
3686 2955
3153 3598
3679 2935
3662 3001
3655 3239
3177 3565
3583 3285
3277 3529
3350 3389
3443 3327
3246 3557
3493 3323
3424 3334
3398 3354
3345 3464
3323 3467
3648 3266
3246 3557
3534 3287
3667 2945
3301 3520
3358 3379
3622 3267
3512 3321
3369 3363
3377 3357
3322 3509
3513 3300
3534 3287
3311 3519
3622 3267
3345 3464
3322 3509
3513 3300
3622 3267
3673 2941
3667 2945
3673 2941
3322 3509
3534 3287
3534 3287
3673 2941
3042 3592
3042 3592
3678 2883
3661 2939
3648 3259
3203 3553
3076 3579
3512 3312
3396 3349
3583 3263
3357 3374
3343 3452
3478 3322
3322 3458
3303 3504
3588 3260
3678 2883
3648 3259
3234 3534
3292 3511
3373 3354
3260 3525
3267 3514
3072 3584
3501 3316
3042 3592
3487 3319
3379 3353
3222 3548
3226 3540
3478 3322
3261 3520
3226 3540
3072 3584
3076 3579
3222 3548
3222 3548
3261 3520
3222 3548
3222 3548
3222 3548
3222 3548
3261 3520
3127 3539
3678 2875
3648 3117
3165 3530
3430 3319
3259 3515
3642 3219
3316 3455
3338 3388
3279 3509
3353 3330
3549 3260
3618 3250
3512 3307
3391 3325
3529 3261
3512 3307
3334 3436
3629 3245
3333 3443
2997 3539
3638 2995
3343 3323
3634 3209
3506 3306
3150 3528
3606 3246
3330 3442
3255 3512
3271 3508
3307 3447
3151 3523
3459 3307
3632 3219
3459 3307
3608 3243
3322 3443
3606 3246
3606 3246
3091 3520
3628 3206
3301 3445
3328 3330
3579 3235
3500 3284
3243 3495
3212 3507
3433 3305
3325 3392
3325 3392
3441 3301
3488 3285
3615 3211
3587 3231
3225 3501
3173 3499
3627 3152
3488 3283
3320 3378
3268 3391
3207 3432
3552 3228
3603 3162
3195 3464
3595 3209
3194 3498
3582 3219
3569 3226
3573 3220
3178 3489
3605 3052
3197 3415
3419 3249
3315 3351
3588 3187
3285 3362
3460 3227
3529 3224
3430 3233
3576 3217
3553 3223
3582 3189
3292 3354
3123 3472
3589 2953
3273 3346
3533 3220
3581 3095
3179 3404
3571 3203
3577 3124
3152 3449
3173 3418
3544 3209
3061 3463
3588 2880
3396 3216
3191 3299
3568 3088
3146 3443
3184 3319
3510 3213
3566 3193
3556 3203
3048 3446
3570 2866
3140 3443
3441 3203
3566 3154
3483 3195
3546 3194
3457 3196
3558 3177
3549 3182
3083 3443
3565 3153
3387 3199
3140 3425
3518 3191
3519 3166
2911 3391
3552 2847
3186 3187
3477 3175
3544 3111
3116 3356
3101 3357
3503 3164
3534 3114
2970 3307
3541 3106
3095 3243
3423 3167
3072 3271
3457 3165
3514 3109
2867 3293
3533 3087
2877 3205
3424 3154
3448 3107
3430 3143
2819 3198
3509 2894
3412 3152
3444 3045
3420 3067
3376 3144
3481 2767
3400 2983
3394 3035
3336 3079
3384 3602
3835 3190
3830 3442
3681 3548
3401 3576
3532 3562
3532 3562
3736 3474
3771 3453
3830 3442
3710 3518
3693 3525
3745 3459
3771 3453
3710 3518
3741 3465
3693 3525
3710 3518
3745 3459
3532 3562
3532 3562
3532 3562
3693 3525
3693 3525
3693 3525
3830 3442
3830 3442
3830 3442
3830 3442
3370 3602
3824 3225
3816 3437
3612 3539
3686 3521
3401 3545
3504 3544
3729 3471
3504 3544
3779 3440
3394 3565
3695 3493
3779 3440
3394 3565
3695 3493
3696 3475
3710 3472
3698 3474
3710 3472
3696 3475
3394 3565
3710 3472
3710 3472
3779 3440
3339 3557
3804 3218
3774 3415
3606 3537
3341 3547
3675 3510
3611 3529
3714 3453
3773 3434
3681 3488
3690 3485
3694 3459
3713 3455
3773 3434
3693 3468
3611 3529
3341 3547
3693 3468
3693 3468
3611 3529
3611 3529
3773 3434
3773 3434
3773 3434
3773 3434
3563 3529
3563 3529
3802 3183
3772 3261
3770 3406
3781 3203
3617 3503
3608 3524
3728 3408
3668 3500
3563 3529
3770 3406
3698 3441
3726 3422
3802 3183
3686 3468
3668 3500
3677 3474
3705 3430
3686 3468
3703 3433
3677 3474
3677 3474
3703 3433
3705 3430
3563 3529
3668 3500
3677 3474
3677 3474
3677 3474
3677 3474
3677 3474
3677 3474
3686 3468
3802 3183
3802 3183
3802 3183
3802 3183
3802 3183
3802 3183
3404 3529
3404 3529
3784 3133
3771 3246
3768 3302
3532 3526
3409 3528
3738 3374
3647 3497
3584 3508
3542 3516
3719 3419
3723 3397
3698 3422
3667 3481
3608 3498
3729 3386
3681 3447
3668 3477
3680 3463
3601 3500
3683 3431
3684 3425
3680 3463
3601 3500
3608 3498
3684 3425
3409 3528
3680 3463
3601 3500
3608 3498
3680 3463
3406 3528
3406 3528
3763 3198
3723 3351
3486 3522
3565 3495
3554 3505
3758 3265
3724 3283
3699 3414
3717 3407
3622 3492
3642 3474
3679 3438
3456 3524
3724 3283
3758 3265
3664 3466
3635 3491
3672 3462
3456 3524
3554 3505
3674 3442
3715 3411
3622 3492
3717 3407
3674 3442
3715 3411
3622 3492
3717 3407
3622 3492
3554 3505
3554 3505
3554 3505
3554 3505
3554 3505
3554 3505
3554 3505
3554 3505
3622 3492
3622 3492
3622 3492
3622 3492
3622 3492
3622 3492
3622 3492
3622 3492
3622 3492
3622 3492
3622 3492
3622 3492
3622 3492
3622 3492
3622 3492
3622 3492
3622 3492
3622 3492
3622 3492
3622 3492
3622 3492
3622 3492
3622 3492
3622 3492
3622 3492
3622 3492
3622 3492
3622 3492
3622 3492
3622 3492
3622 3492
3622 3492
3622 3492
3622 3492
3622 3492
3622 3492
3622 3492
3724 3283
3342 3520
3342 3520
3759 3137
3716 3401
3738 3254
3486 3508
3405 3517
3755 3248
3759 3137
3541 3495
3683 3402
3672 3443
3666 3458
3584 3487
3626 3467
3611 3486
3584 3487
3738 3254
3618 3481
3622 3472
3622 3472
3626 3467
3618 3481
3618 3481
3618 3481
3622 3472
3584 3487
3584 3487
3618 3481
3618 3481
3618 3481
3618 3481
3618 3481
3618 3481
3618 3481
3618 3481
3618 3481
3618 3481
3618 3481
3618 3481
3618 3481
3618 3481
3618 3481
3618 3481
3618 3481
3618 3481
3618 3481
3618 3481
3618 3481
3618 3481
3622 3472
3622 3472
3738 3254
3329 3513
3754 3047
3714 3373
3745 3203
3752 3165
3465 3496
3754 3047
3526 3489
3672 3406
3402 3505
3410 3498
3661 3429
3612 3471
3565 3486
3637 3458
3652 3457
3565 3486
3588 3483
3588 3483
3611 3480
3652 3457
3670 3421
3637 3458
3402 3505
3611 3480
3670 3421
3670 3421
3637 3458
3402 3505
3611 3480
3611 3480
3611 3480
3652 3457
3652 3457
3670 3421
3754 3047
3754 3047
3313 3504
3752 3115
3710 3358
3750 3151
3381 3503
3666 3417
3463 3488
3544 3484
3456 3496
3597 3450
3650 3448
3626 3449
3589 3479
3549 3482
3752 3115
3593 3474
3659 3425
3456 3496
3664 3418
3659 3425
3659 3425
3404 3492
3404 3492
3747 3104
3705 3244
3746 3117
3520 3484
3698 3351
3666 3403
3696 3358
3592 3471
3550 3478
3631 3444
3583 3477
3645 3431
3659 3423
3657 3425
3639 3441
3583 3477
3747 3104
3631 3444
3639 3441
3197 3489
3197 3489
3689 3339
3666 3384
3396 3485
3235 3487
3544 3477
3657 3423
3487 3484
3633 3432
3587 3454
3586 3455
3197 3489
3197 3489
3197 3489
3197 3489
3197 3489
3197 3489
3197 3489
3197 3489
3197 3489
3197 3489
3432 3482
3655 3412
3620 3415
3568 3441
3535 3477
3543 3454
3535 3477
3553 3448
3535 3477
3535 3477
3535 3477
3535 3477
3535 3477
3535 3477
3535 3477
3535 3477
3535 3477
3535 3477
3418 3482
3653 3384
3552 3447
3489 3469
3579 3411
3472 3477
3652 3400
3612 3401
3588 3403
3404 3480
3404 3480
3652 3304
3645 3385
3485 3462
3574 3388
3514 3417
3491 3437
3551 3407
3553 3402
3485 3462
3404 3480
3404 3480
3282 3478
3641 3226
3635 3385
3484 3452
3504 3409
3546 3404
3379 3477
3396 3463
3541 3405
3382 3468
3635 3385
3396 3463
3635 3385
3169 3473
3630 3371
3478 3441
3575 3380
3386 3458
3353 3471
3363 3468
3610 3375
3623 3372
3087 3470
3607 3347
3477 3400
3242 3465
3440 3419
3381 3443
3334 3457
3597 3373
3597 3373
3256 3451
3594 3327
3319 3446
3568 3372
3473 3384
3592 3340
3427 3408
3427 3408
3435 3406
3298 3438
3574 3298
3424 3401
3514 3362
3561 3361
3221 3435
3573 3280
3307 3399
3560 3332
3388 3378
3482 3341
3425 3356
3204 3390
3557 3314
3261 3342
3509 3329
3535 3322
3528 3323
3447 3297
3547 3209
3504 3270
3176 3286
3508 3125
3320 3277
3106 3253
3486 3047
3077 3185
