5151 82.6415
7506 10023
7506 10023
9408 8740
9394 8887
9408 8740
7934 9905
8069 9903
7720 9985
7827 9965
8498 9814
7877 9942
8103 9858
9165 9311
8333 9839
9356 9031
8414 9818
9176 9277
8188 9855
9217 9229
8358 9822
8510 9788
9237 9200
8796 9651
7827 9965
7615 9998
9371 8954
8736 9715
8606 9767
9385 8915
8760 9655
8812 9633
8568 9778
9212 9242
9111 9365
9373 8945
9334 9063
8714 9720
9344 9040
9031 9477
8857 9579
8271 9842
9098 9401
8924 9559
7889 9934
9363 8992
9363 8992
8751 9672
7668 9996
8414 9818
9004 9492
9313 9117
8188 9855
8240 9849
8098 9865
9186 9258
9283 9118
9259 9186
9264 9140
8681 9725
8899 9571
8983 9516
8996 9495
9049 9444
9117 9344
9138 9321
8886 9572
9067 9424
8568 9778
8625 9764
8941 9555
9276 9132
9319 9071
8499 9789
8841 9601
7543 10017
7592 10016
8345 9829
9316 9099
7592 10016
8750 9691
7896 9911
9036 9455
7720 9985
8849 9592
9057 9431
7677 9989
8826 9621
8943 9537
7897 9906
7543 10017
8087 9888
8840 9620
9317 9086
9247 9192
9128 9336
8643 9757
8240 9849
8271 9842
8955 9521
8069 9903
8087 9888
7934 9905
8652 9742
9179 9260
9263 9163
9034 9467
9112 9362
9387 8903
7506 10023
8661 9734
8948 9528
8975 9519
9263 9163
8673 9732
9079 9410
9079 9410
9098 9401
9130 9324
8651 9753
9391 8894
8750 9691
7615 9998
7669 9992
7677 9989
7677 9989
7506 10023
7592 10016
7615 9998
7615 9998
7615 9998
7441 9990
9279 8732
7957 9641
8562 9170
9240 8868
8613 9121
7837 9710
7726 9936
7521 9943
7717 9938
7473 9956
7360 9978
9236 8613
7874 9326
8923 8841
8352 9108
8488 9081
9214 8840
7817 9633
7791 9701
7725 9843
7477 9939
8473 9093
7655 9874
7636 9902
7553 9937
7596 9930
7415 9935
9197 8827
8433 9029
7816 9345
9112 8839
7752 9643
7799 9376
7724 9761
7650 9790
7625 9851
7598 9888
7569 9922
7493 9928
7486 9931
7619 9854
7581 9910
7363 9933
9185 8797
9119 8807
7749 9593
7697 9747
7707 9607
7597 9807
7524 9920
7568 9841
7556 9906
7544 9906
9184 8684
8951 8803
7746 9329
7685 9510
7653 9719
7561 9750
7737 9426
9162 8784
7555 9885
7651 9722
9163 8745
9164 8703
7550 9899
7542 9906
9166 8568
9149 8776
7742 9317
7661 9488
7605 9717
7652 9699
9159 8694
7552 9864
7675 9400
7702 9328
7691 9378
7650 9702
7544 9876
7499 9906
9157 8683
8859 8762
7652 9342
7530 9875
7640 9459
7586 9697
7636 9564
9033 8761
9110 8727
7621 9666
9151 8691
7505 9905
7620 9683
7610 9691
7600 9693
7441 9901
9132 8642
7633 9211
9001 8754
7629 9433
7527 9773
7550 9694
9097 8700
7592 9657
7519 9867
7619 9501
7601 9577
7608 9545
7478 9873
9099 8667
7466 9897
9124 8655
7380 9901
9121 8553
7606 9440
8739 8732
9119 8655
8998 8692
7600 9561
7524 9753
7584 9623
8885 8728
8915 8720
7514 9824
7529 9677
7540 9665
7504 9850
7407 9897
7449 9889
7463 9881
7475 9864
7475 9864
7534 9670
7381 9884
9104 8507
8794 8714
7596 9339
7540 9655
8964 8671
9084 8551
7510 9817
7593 9420
8886 8699
7579 9569
7588 9513
7501 9850
8950 8681
7438 9857
7420 9859
7586 9535
9101 8546
7352 9877
9079 8511
7591 9372
8907 8680
8967 8541
7489 9743
7509 9621
7536 9483
8952 8657
7531 9592
7583 9465
7487 9801
7437 9853
7417 9858
8911 8664
7286 9875
9076 8412
7573 9390
8752 8660
8933 8585
7491 9613
7484 9749
8904 8599
8768 8648
7548 9462
7474 9800
7432 9845
7369 9852
7498 9558
7297 9869
7520 9507
7517 9510
7322 9849
9064 8367
8750 8570
7548 9459
8963 8408
7513 9486
7483 9648
7407 9827
7473 9786
7480 9711
7431 9796
7481 9674
7483 9648
7305 9840
7538 9447
7481 9554
7469 9761
7477 9636
7329 9800
7422 9777
7350 9798
7385 9791
7399 9787
7420 9784
7295 9832
7531 9432
7396 9787
7468 9601
7474 9457
7461 9738
7466 9641
7493 9447
7419 9758
7425 9742
7290 9823
7526 9416
7478 9442
7467 9592
7323 9773
7376 9762
7454 9724
7456 9648
7411 9726
7516 9428
7400 9747
7248 9821
7492 9332
7460 9483
7320 9746
7454 9720
7351 9731
7452 9721
7343 9734
7200 9796
7470 9325
7207 9772
7437 9721
7451 9612
7449 9685
7440 9717
7203 9743
7451 9463
7363 9718
7450 9525
7444 9669
7432 9697
7271 9710
7445 9498
7300 9707
7444 9599
7381 9682
7423 9646
7382 9667
7425 9625
7223 9706
7440 9373
7431 9594
7264 9693
7376 9666
7407 9599
7382 9624
7385 9611
7152 9700
7427 9492
7333 9661
7163 9699
7420 9568
7364 9657
7378 9619
7394 9594
7381 9604
7388 9597
7226 9655
7423 9483
7398 9564
7316 9651
7335 9640
7375 9611
7378 9609
7072 9635
7419 9295
7252 9629
7417 9475
7356 9591
7387 9547
7360 9557
7251 9626
7385 9545
7330 9580
7257 9589
7269 9580
7385 9524
7338 9538
7296 9578
7272 9570
7383 9196
7374 9479
7376 9278
7345 9492
7300 9515
7288 9523
7277 9547
7187 9551
7354 9450
7308 9478
7229 9530
7214 9547
7217 9536
7217 9536
7145 9548
7319 9403
7231 9407
7206 9540
7205 9503
7292 9387
7289 9397
7166 9481
7290 9203
7233 9346
7264 9331
7083 9446
7243 9159
7142 9312
7092 9389
7029 9361
