15 3.97718
27652 29689 28066 29131
28391 29761 27833 28418
28472 28704 30134 28508
28587 28714 29128 29772
28659 28787 29335 27735
29034 27566 27238 29418
29141 27863 26800 29022
29917 29469 28568 28176
29476 29127 28444 28269
28338 29214 28188 29487
28772 28672 29307 29622
29664 29571 28555 28204
28625 28661 29782 28626
28012 28934 29476 28285
28914 27784 26997 29367
27865 29315 28020 29106
29675 29492 28696 27990
29863 29563 28640 28079
28932 28367 28242 28377
28922 27780 27108 29398
29065 28578 26881 28983
28561 28677 29971 28750
29413 29175 28856 27856
28806 29442 27658 28626
29279 29224 28903 27935
28220 28961 29578 28119
29121 28393 26874 28907
28167 28975 29256 28036
29224 28030 28353 28438
27965 29361 27804 29176
29171 27816 28160 28607
29123 27659 27241 29299
29708 29398 28610 28155
28515 29627 27802 28436
29792 29682 28658 28113
29345 27890 28361 28539
27813 29519 28109 29168
27686 29562 27915 29128
28592 28487 29653 28669
29123 28349 27409 28647
28676 28677 29150 29695
29032 27939 27291 29076
28989 27869 27228 29275
27921 29296 28032 29232
28771 29548 27735 28549
28673 29754 27764 28502
28589 28542 29727 28649
28249 29273 28959 28586
28362 28911 28797 28918
29006 27722 27134 29306
27778 29598 27960 29120
28166 29076 29490 28105
28446 28780 29186 27766
29347 29247 28729 27843
28223 28882 29371 27912
28850 28113 28058 28755
29200 27964 28653 28233
28448 28818 29064 27880
28063 28987 28742 29047
28295 28825 29834 28303
28984 28313 28117 28698
28412 29359 28891 28762
28372 28475 29983 28567
28109 29006 29503 28131
29018 28286 27280 28839
28399 29173 29021 28531
27763 29526 28164 29145
28271 29084 28831 29035
29298 28196 28544 28366
29117 28234 27529 28783
28599 28752 29230 27768
29335 28068 28502 28329
29111 28457 27277 28920
28906 28307 27884 28716
28891 28174 27966 28807
28613 29284 27559 28882
29385 27991 28465 28350
28785 28770 29139 29716
29072 28556 26926 28953
28296 28757 29233 27811
28248 28885 29364 27911
28737 29507 27775 28443
29402 29220 28875 28014
29194 27679 26955 29153
29782 29423 28667 28126
29128 28206 27447 28770
29084 27710 27163 29374
28063 29236 28163 29219
28109 29006 29503 28131
29102 27686 27269 29391
29741 29530 28667 28084
29153 28162 27429 28798
28572 28757 29131 29754
29044 28775 27169 29092
28298 29299 28952 28713
28287 28922 28642 29007
28199 29522 27819 28555
28460 28730 29860 28525
28333 29302 29061 28531
29205 28273 28587 28297
29754 29558 28516 28139
28809 29144 27555 28714
29174 28070 28449 28481
29106 28298 27575 28771
27927 29400 27945 29109
27940 29361 27978 29155
28916 28333 28166 28395
28707 29438 27566 28681
28296 28733 29853 28444
29117 28078 28600 28305
28450 28712 29684 28551
28989 27722 27230 29370
29325 28130 28518 28335
28090 29295 27971 28977
28536 28378 29392 29088
29032 27939 27291 29076
28159 29233 27575 28919
29175 28296 27499 28663
29255 28117 28527 28374
28995 28148 28026 28819
29345 28101 28464 28383
28716 29250 27533 28939
28536 28378 29392 29088
28587 28714 29128 29772
28592 29132 27503 28975
29248 28144 27542 29021
29219 28124 28578 28434
29040 29140 27899 28570
28609 28720 29149 29703
28532 28803 29128 27767
29114 29096 28475 28216
29114 29096 28475 28216
29236 27996 28471 28417
28372 28475 29983 28567
29077 28322 27573 28652
28460 28730 29860 28525
29236 27996 28471 28417
29067 28312 27437 28686
29000 28370 28027 28340
29205 28296 27536 28658
28063 28987 28742 29047
29071 28480 27235 28951
28716 29250 27533 28939
27657 29204 27771 29160
28326 28462 29934 28456
28629 28575 28970 29662
28904 28487 26786 28997
28926 27509 27161 29331
29611 29669 28558 27988
29766 29653 28449 27560
29850 29526 28495 28026
28610 28728 29010 27790
29458 29300 28526 28128
29766 29653 28449 27560
28870 27752 27086 29311
29563 29435 28679 27974
28185 28906 29409 27864
28211 28346 29824 28491
28049 28894 27956 29472
28728 29319 27666 28252
29171 27999 28408 28275
27744 29461 27853 29064
28561 28615 29730 28567
28340 29282 28863 28660
29325 27922 28306 28352
28714 28649 29113 29589
28926 28416 27254 28874
28205 28825 29565 28109
28100 28938 28734 28933
28118 28849 29401 27954
28652 29088 27517 28790
28367 29041 28984 28438
29293 27890 28206 28418
28125 28711 29584 28234
29662 29375 28279 28188
28658 28702 29099 27816
29725 29576 28505 28022
29003 28241 27428 28728
27841 28980 27994 29468
28255 28818 28643 28883
28625 29645 27743 28350
29083 27663 27034 29214
29115 28021 28474 28385
28482 28576 29152 29456
28595 28547 29117 29591
28983 27806 27007 29202
29303 27983 28359 28297
28232 28344 29188 29250
28878 28202 28149 28344
29262 29168 28704 27800
28929 27538 27153 29324
28992 27632 27202 29320
27991 29016 28001 29415
27679 29497 27885 29119
29798 29506 28558 28059
28760 28119 26937 29168
28161 29132 28056 29380
28153 29269 28919 28574
28973 28433 26891 29029
28283 28235 29321 29019
28286 28749 28654 28887
29668 29535 28496 28111
29631 29387 28584 28078
28587 29576 27604 28397
27868 29213 27976 29031
28428 28374 29241 29110
29027 27642 27134 29377
27895 29255 27999 28848
27926 29116 28103 29324
28842 28088 27843 28609
28687 29367 27594 28410
28602 28516 29780 28593
29014 28259 27568 28712
29264 27956 28504 28170
28578 28386 29222 28966
28810 28063 27812 28734
28401 28321 29180 29214
28661 29283 27470 28553
28957 28009 27882 28639
29280 27921 28395 28296
29001 28040 26966 29062
28094 29177 28027 29157
28157 28953 28725 28835
27851 29269 27857 29099
29091 28367 27238 28911
28872 27845 27174 29238
29076 28238 27485 28754
28784 27932 27590 29212
28939 28670 27011 28952
29039 28500 27156 28980
28200 29131 27955 29337
28628 28592 29113 29659
28129 29406 27793 28413
28740 28635 29279 28021
28603 28595 29301 27928
28924 27867 27206 29229
29321 29293 28599 28061
28670 29081 27485 28675
27676 29482 27924 29150
29094 28202 27451 28681
28827 28223 27788 28700
28885 28662 27087 29003
29621 29459 28536 28076
27985 29207 28026 29158
28490 28291 29258 29138
28904 27969 27923 28694
28844 28346 27983 28281
29082 29174 28684 27909
29105 27653 26906 29166
28769 28048 27841 28715
27926 29116 28103 29324
28963 28146 27591 28663
28127 28887 28687 28864
28191 28920 28665 28899
28520 28635 29740 28736
28485 29157 27449 28743
28016 29012 28719 28857
29094 28275 27502 28665
29031 28522 27013 28988
28894 28141 28015 28354
28417 28333 29291 29151
28753 28666 29264 28045
28182 28747 28664 28968
28969 28429 27184 28890
28124 28967 28713 28848
28520 28635 29740 28736
28923 27994 27849 28731
28757 28140 27975 28733
28490 28291 29258 29138
28753 28747 26999 28998
28016 29012 28719 28857
29079 28043 28499 28236
29081 28225 27475 28729
27587 29394 27911 29117
28237 28361 29707 28521
28401 28449 28837 29593
28790 28613 26858 28990
28863 27421 27155 29126
29676 29597 28279 27436
29733 29256 28195 27996
29266 29156 28599 27973
29064 28144 27345 28604
29105 27959 28386 28318
29519 29546 28439 27573
29495 29301 28549 27935
28012 28714 29434 27916
27928 28847 27977 29274
28502 28585 29612 28543
28183 28763 29288 27852
29654 29465 28120 28034
28525 29425 27516 28379
28597 28649 28806 29382
28383 28542 28967 29482
28514 28654 29203 27736
29658 29342 28215 28169
27876 29221 27658 28768
27717 28941 27866 29370
27668 29431 27856 29045
29023 28020 27471 28733
28450 29592 27713 28270
28424 28528 29081 29529
28591 28548 28894 29590
28309 29008 28943 28390
29583 29590 28396 27780
28037 28887 28646 28907
28864 28368 27197 28866
29594 29527 28499 27505
28749 27914 26881 29059
28256 28240 29120 28938
28340 28495 29695 28474
28918 27693 27155 28979
28108 28815 27735 29249
28996 27841 27116 28903
29057 27522 26874 29085
28505 28523 29661 28418
27820 28734 29210 27907
28861 27961 27707 28666
29633 29496 28193 27863
27961 29183 27776 28926
28686 27671 26897 29232
29061 28224 27410 28624
29618 29489 28435 28107
27862 28714 29278 27956
28883 27787 27083 29221
28053 28819 28600 28796
28947 27639 26999 29253
28620 28617 29090 29373
28346 28471 29703 28512
29609 29380 28455 27974
28278 28176 29169 29060
28310 29282 28847 28618
27992 28912 28556 28912
28810 27955 27756 28692
28850 27805 27174 29108
29614 29338 28502 28077
28083 29089 27919 29214
29020 27571 26981 29201
27800 28890 27929 29263
27755 29198 27883 28910
27627 28838 27868 29372
28516 28590 29114 27830
27803 29104 27895 28716
27974 29064 27888 29223
28413 28204 29137 29189
28253 28403 29102 29079
28710 28540 29188 27908
27897 29198 27864 28848
28951 27608 27109 29167
29006 27801 26916 28829
28912 27543 27075 29270
28925 28186 27455 28704
28964 27815 26956 28932
28896 27953 27740 28713
29025 27553 26918 29065
28934 28445 26900 28748
27981 28744 28595 28935
29590 29495 28507 27930
28970 27553 27100 29264
28965 27607 27107 29230
28968 28424 27108 28928
28928 27536 27113 29185
28996 27538 27099 29268
27781 29075 27872 28868
28147 28329 29623 28319
28410 28397 28984 29375
28575 27865 26599 29055
28818 27396 27148 29110
29473 29534 28276 27420
29544 29391 28502 27399
29615 29480 28272 28071
29461 29354 28108 28082
28841 27434 27013 29220
28836 27973 27310 28658
27894 29053 27704 28696
28288 29147 28829 28493
28834 28242 26714 28882
28242 28803 28933 28183
28231 28584 29557 28305
29550 29349 28391 27422
28100 28407 29580 28082
28809 29494 26682 27789
28480 28484 29510 28530
28774 27695 26914 29202
28520 28523 29128 27793
27887 28910 27722 28801
28295 28878 28863 28190
29583 29307 28204 28072
28615 27807 26625 28905
28801 27895 27735 28583
28465 28500 28746 29322
28719 27775 26701 28902
28646 27406 27144 28743
28782 27537 26927 28745
29549 29412 28416 27862
29468 29397 28407 27993
29534 29342 28504 27821
28506 28382 29027 27858
28439 28526 28626 29252
28571 28542 28606 29211
28486 28491 28666 29158
28840 27531 26978 29194
28061 28597 28661 28462
28153 28900 28794 28207
28418 28367 28617 29263
28467 27332 26798 29105
29119 29468 26633 27823
29588 29462 28162 27536
28647 27808 27631 28525
29553 29189 27974 27948
29362 29331 28286 27671
28767 27419 27003 28978
28269 28822 28744 28219
28785 27435 26762 29097
28416 28222 28635 29091
28760 27668 26783 29020
29585 29431 28217 27885
28420 27606 27581 28455
28931 29371 26551 27697
28985 29302 26438 27806
29575 29354 28142 27407
29574 29083 28005 27800
28716 29246 26653 27748
28790 29296 26583 27831
29336 29331 28108 27706
28812 29176 26541 27785
28911 29232 26599 27772
28770 29342 26562 27745
28936 29137 26572 27777
28807 29231 26613 27825
28807 29335 27847 27014
28876 29328 26531 27557
28906 29157 27674 26961
28908 29207 26545 27725
28879 29182 27661 26980
28823 29015 27542 26775
28850 29005 26491 27630
28427 29184 28267 29621
28603 29120 27923 29836
28645 28623 29631 28079
28698 29188 27851 29739
29176 30207 28783 28515
29541 28150 28980 28552
29998 28629 28101 27960
30071 28606 27916 28056
29687 28380 28454 28365
29533 29600 28665 29166
28468 28966 29140 28982
28943 29695 29017 29316
29269 29503 28846 29485
29263 29846 28974 29573
29434 28379 29293 28522
29627 28434 28344 28258
29098 29973 29090 28411
29824 28823 28042 28085
28933 28905 29364 28232
29359 29958 28843 29267
28796 29296 29271 28754
29581 30066 28847 28815
28873 28934 29505 28450
29514 30189 28507 28936
29557 28258 28894 28450
29334 28489 29162 28622
29274 29400 28726 29531
29806 28690 28105 28227
28510 29039 27945 29743
29164 29403 28828 29595
29251 29672 28803 29609
28662 29055 29214 28840
29976 28574 28188 28284
30028 28672 28066 28255
28724 28884 29570 28164
29072 30168 28791 28476
29134 29921 28930 28309
29340 29570 28946 28964
29531 29887 28821 29241
29292 29611 28710 29425
28429 28867 28300 29710
29851 28679 28304 28433
28528 29092 28093 29694
28890 28730 29466 28275
29539 30076 28610 28702
28917 28741 29427 28315
29255 28365 29186 28644
28513 29281 27882 29816
28921 29364 29414 28735
29472 30070 28582 28725
29877 28612 28152 28179
29624 28434 28586 28546
29519 28441 29244 28618
28759 29029 29525 28356
29555 30109 28546 28768
29147 29884 29002 28401
29346 28452 29124 28640
29492 28253 29132 28647
29493 30108 28547 28682
28742 29075 29489 28374
29320 29643 28588 29325
29814 28763 28139 28129
29081 29149 29279 28803
29301 29586 28864 29372
29911 28807 28124 28197
28972 29227 29241 28448
29315 29644 28686 29400
28773 28817 29558 28188
29266 29345 29092 29402
29032 29382 28988 29365
29998 28629 28101 27960
28529 29041 28078 29624
28747 28996 29522 28467
28496 29198 28182 29610
28625 28987 28052 29797
29913 28580 28186 28211
29032 29382 28988 29365
29128 29353 29009 29258
28529 29041 28078 29624
29991 28721 28045 28337
28948 29174 29225 28754
28961 29286 29177 28712
29302 28257 29197 28668
28616 28980 28227 29771
28523 29150 28107 29718
29811 28725 28261 28157
29948 28779 28130 28174
29942 28609 28211 28175
29949 28704 28051 28176
28972 29227 29241 28448
28692 28988 29183 28891
28616 28980 28227 29771
29820 28725 28203 28142
28692 28988 29183 28891
29278 30135 28708 28413
29278 30135 28708 28413
28480 29192 28101 29728
29269 29067 28962 28913
28490 29123 27885 29734
29269 29067 28962 28913
28490 29123 27885 29734
29492 28253 29132 28647
28146 28974 28263 29604
28518 29044 27859 29767
28684 29010 29524 28296
28945 30180 28394 28214
29401 28095 29208 28531
29545 28736 28004 27787
29642 28501 27635 28422
30024 28461 27849 27977
28972 29786 28863 28300
29053 29967 28956 28240
29469 29496 28765 28888
29156 29231 29040 29219
29274 29342 28507 29390
29430 29633 28665 29232
29537 29833 28737 28699
29749 28622 28196 27906
29209 29547 28913 28969
28760 29155 29413 28604
28775 28900 29462 28343
28346 28887 28288 29557
29490 29417 28455 28999
29642 28196 28361 28238
29305 29596 28549 29250
28266 29175 28218 29593
29874 28676 27874 27914
29575 28565 27728 28453
28594 28778 29429 28423
28867 29222 29271 28628
28895 29320 29166 28699
29638 28259 28424 28290
28642 29036 27977 29572
28989 29572 28743 29456
28149 28827 28247 29679
29259 29876 28673 29156
28600 29023 27845 29766
28572 29271 28259 29535
28250 28950 28362 29586
29441 29599 28593 29085
29236 28389 29194 28409
28852 30135 28588 28417
29761 28584 28182 28197
28910 29361 29229 28436
28465 28963 29135 28806
28799 29223 29346 28595
28571 29131 27776 29635
29020 30107 28680 28410
29225 29531 28923 29046
29928 28662 28060 28123
29869 28509 27914 28239
29855 28672 28039 28154
28559 28973 28107 29732
29823 28648 28144 28215
29643 28477 27739 28365
28386 29082 28056 29714
28565 29075 29079 28768
29967 28547 28100 28071
28439 29143 27981 29688
29626 28292 28240 28273
29563 28447 28436 28234
29695 28587 28267 28235
29102 29873 28837 28374
28959 29810 28978 28410
28468 28891 28216 29746
29203 29449 28936 29148
29114 29793 28859 28975
29964 28657 27890 28016
29467 30011 28680 28795
29514 30058 28636 28631
29372 28349 29103 28558
28811 30087 28435 28476
29172 29523 28737 29511
29385 28301 29234 28522
28793 28945 29379 28369
28857 29457 28931 29256
29196 29517 28753 29416
28975 29117 29257 28574
29758 28532 28229 28079
29019 30076 28663 28463
28896 29349 29145 28634
28516 29079 29116 28789
28654 28975 28024 29602
29237 29435 28630 29423
29541 28597 28510 28458
29263 29433 28973 29309
29395 29808 28811 29190
29263 29433 28973 29309
29724 28586 27882 28261
29493 30061 28820 28779
29173 29527 28844 29452
28397 28856 28328 29554
29585 28362 28261 28241
29836 28703 28071 28034
29266 29617 28556 29251
28565 29096 27855 29607
28415 29128 29163 28791
28899 29038 29077 28580
29563 28319 28839 28479
29840 28581 28067 28038
29432 29609 28805 29232
29583 28629 27772 28416
28397 28856 28328 29554
29390 28340 29219 28553
29585 28323 28365 28261
29819 28481 27736 28379
29954 28626 28036 28199
29839 28536 28193 28117
29462 29479 28606 29203
29378 28367 29096 28590
28149 28827 28247 29679
29511 28340 29147 28560
29462 29479 28606 29203
28868 28933 29460 28298
29822 28724 28020 28072
29206 29454 28777 29417
29485 28310 29105 28599
29819 28481 27736 28379
28400 29016 28293 29554
28460 29014 28030 29658
29469 29324 28509 28995
28401 28944 29091 28998
29833 28701 28065 28072
28868 28933 29460 28298
29627 28463 28189 28236
29103 29437 28925 29155
28460 29014 28030 29658
29967 28547 28100 28071
28240 28778 28299 29505
28542 28969 27951 29702
28565 28655 29521 28257
29230 30060 28749 28729
29489 28158 28875 28467
29706 28598 27655 28178
29888 28619 27933 27873
29951 28539 27905 27922
29198 29584 28592 29221
28967 29844 28246 28784
29795 28567 28126 28061
29126 29267 28915 29178
28413 28952 28021 29660
29043 29443 28851 28873
29421 29438 28438 29128
28656 29122 28149 29360
29313 29806 28683 29161
29477 29947 28719 28715
28705 29244 29196 28414
29395 29685 28750 28973
28548 28759 28400 29500
29485 29978 28592 28666
28449 29010 28974 28879
29391 29613 28640 29007
28907 29837 28831 28183
28411 29025 27847 29563
29329 29476 28789 29187
28312 28869 28171 29477
29672 28217 27686 28247
29225 29363 28813 29043
29891 28575 27871 27939
28732 28917 29236 28211
28523 28986 27820 29635
28518 28884 29268 28257
29407 29469 28501 29016
28700 28808 29318 28344
28605 28787 29443 28110
28533 29140 28235 29434
28662 29339 28966 28025
28981 29737 28813 28353
28791 29668 28959 28220
28283 28765 28149 29525
29537 28239 28473 28325
29588 28412 27925 28118
28817 28879 29429 28246
29863 28411 27782 28109
29001 29467 28811 29074
28542 28702 29401 28292
28909 29182 28973 28542
28381 29112 27862 29489
29837 28635 28004 28113
28620 29038 29047 28634
29291 28277 29010 28580
28754 29195 29030 28460
29888 28391 27746 28002
28747 28490 29368 28285
29838 28506 27906 27883
29361 28232 29216 28455
29454 30029 28704 28604
29565 28465 27846 28124
29709 28463 27865 28219
29370 28358 29049 28545
29533 28301 27716 28266
29455 28180 28902 28518
28440 28891 28233 29455
29484 28322 29016 28491
29029 29129 28860 29199
29442 28287 29069 28554
29530 28443 27760 28361
28669 28870 29321 28333
29683 28540 27815 28195
28636 28532 29395 28309
29438 28276 29132 28505
29681 28644 28142 27986
29342 28279 29158 28553
28801 29076 28966 28615
29227 29623 28806 29051
29159 29087 28883 28728
28341 28889 28127 29511
29705 28421 27883 28152
28447 28853 28240 29470
29408 28195 29004 28562
29882 28444 27770 28146
29450 30045 28716 28748
29514 28615 27689 28179
29166 29008 28910 28725
29426 30044 28785 28668
29495 28284 28987 28462
28432 29260 27819 29515
28611 29120 27887 29454
28638 28887 29421 28227
29432 30055 28777 28728
29708 28488 27762 28234
29438 28276 29132 28505
28027 28755 28232 29465
28438 28916 27648 29424
28538 28899 27723 29671
28565 28548 29502 28219
29173 30056 28697 28327
29438 27945 28886 28484
29758 28611 27853 27833
29809 28518 27718 27980
28495 29138 28197 29325
28419 28895 27946 29533
29008 29074 28789 29162
28714 28781 29274 28102
28816 29090 28844 29065
28258 28900 27782 29489
29579 28399 27672 28149
28501 28384 29079 28301
29315 30050 28463 28726
28671 28794 29405 28200
29228 29623 28595 29138
29379 29397 28631 28806
29784 28472 27819 27870
29108 29211 28714 29125
29352 27997 29003 28259
29397 28168 29002 28325
29355 29281 28303 28921
28311 28940 27889 29471
29042 29296 28758 29042
28591 29113 28902 28880
29287 29789 28629 29118
29488 28243 28292 28225
29297 29651 28664 29092
29325 29966 28475 28714
28533 28850 27770 29402
29301 29453 28775 28973
29386 29919 28589 28618
29378 29978 28529 28607
28527 28682 29369 28284
28672 28743 29357 28216
29298 28305 28866 28351
29331 28251 28976 28538
29785 28399 27879 28028
28364 29094 27835 29474
28734 28602 29367 28219
29482 28405 27922 28130
29253 29450 28751 28984
29277 29991 28765 28418
29257 28260 28925 28522
29382 28261 28792 28447
28487 29133 28221 29404
29432 29860 28737 28612
29365 28278 28881 28387
29480 28393 27657 28245
29348 29285 28682 28913
29302 29861 28736 28398
29255 29912 28780 28296
29483 28251 28233 28393
28172 28966 28145 29375
28230 28686 28043 29382
28510 28360 29278 28023
29307 29998 28433 28660
29398 27923 28613 28241
29433 28163 27623 27946
29719 28343 27758 27751
28860 29116 28669 29068
28997 29700 28775 28011
29230 29545 28472 29109
28276 28882 28015 29321
29530 28210 27732 27915
29346 29262 28348 28797
29238 29798 28532 28501
28382 28680 28122 29329
29254 29367 28746 28889
29474 28304 27874 27928
29140 29663 28641 28362
29029 29982 28612 28398
29415 28511 27683 28296
28929 29753 28327 28857
28244 28840 27673 29370
29386 28323 27727 28206
29275 29926 28709 28313
29269 29713 28625 29066
29380 28332 28241 28301
28934 29699 28750 28013
29246 29951 28638 28340
28089 28917 27969 29322
28126 28625 28061 29346
29178 28095 28689 28326
29187 29923 28692 28152
29265 29938 28418 28610
29351 28289 27627 27912
28857 29700 28664 28271
29255 29423 28563 29035
29162 29519 28601 29010
28116 28751 27988 29267
28962 29721 28646 28222
29163 29848 28530 28218
29138 29707 28692 28238
29262 29688 28537 29031
27861 28691 27805 29296
28871 29123 28588 28966
28972 29682 28267 28658
29042 29106 28541 28319
29231 29397 28251 28847
28089 28924 27980 28995
28017 28874 27968 29287
29124 29435 28408 28936
28690 29682 28245 28837
29135 29600 28009 28950
28816 29608 28237 28715
28813 29682 28267 28795
28730 28317 28563 28452
28764 29565 28222 28765
28615 29521 28174 28609
28723 29544 28146 28654
26992 28061 28627 29158
27635 27561 27810 29502
27801 28335 29295 27338
27833 27903 29991 27907
28465 27489 28728 28765
28670 30048 27467 28437
30017 28806 27020 27934
30052 28732 27195 28040
29586 28887 28367 29117
29017 29151 28647 28282
29320 29475 27419 28443
27067 28212 28638 29155
27991 28113 29627 27970
28650 29286 28509 28915
27295 28637 29239 28834
28999 29764 27778 29061
29196 29226 27758 28292
28509 29360 28395 28955
28181 27874 29852 27921
29473 28808 28287 29194
29933 28796 27180 28552
28813 29951 27475 28329
29183 29538 27686 28561
27908 28128 29458 27679
28558 29929 27601 28440
27467 28283 28937 28818
27621 28503 29516 27508
29145 28651 28238 29332
29612 28861 28332 29010
28116 27909 29902 28056
29757 28517 27382 28033
29736 28824 27251 28147
29122 28473 28434 29039
27537 28507 29556 27635
29406 28765 28249 29226
27722 28338 29191 27427
27763 28029 29765 28104
28357 27708 28579 28721
27954 28005 29676 27897
28872 29637 27960 28876
28256 28197 28985 27569
28524 29381 28369 28922
28189 28229 28859 27730
28960 29534 28046 28802
29073 28582 28197 29353
29913 28696 27304 28298
28588 27937 28763 28635
29523 28738 28198 29162
28256 28164 29170 27687
29010 28514 28073 29400
29993 28771 27181 28200
29654 28882 27197 28205
27452 28346 29057 28950
27872 27922 29943 27730
29259 29617 27756 28547
27571 28392 29143 28817
27749 28331 29575 27776
27659 27623 27915 29462
28751 29852 27515 28222
29792 28738 27323 28384
29023 28518 28067 29356
28447 27588 28736 28852
28244 28231 29228 27358
28744 28673 28470 28597
29049 28582 28364 29257
28045 28007 29586 28141
28045 28021 29508 28038
28186 28306 29418 27816
29850 28844 27220 28238
28863 29689 27842 28877
27644 27796 28027 29492
28016 28191 29213 27851
28156 27944 29813 27939
28715 28573 28536 28509
28309 27801 28840 28711
28981 28591 28259 29416
29290 29500 27746 28541
27688 27781 27982 29456
27376 28664 29097 28282
27663 27946 29918 27746
29028 28618 28215 29353
28756 30016 27499 28419
29949 28764 27227 28072
27692 27658 27973 29433
28518 29505 28525 28752
28863 29689 27842 28877
28309 27801 28840 28711
28785 29888 27468 28448
27324 28573 29183 29089
27341 28427 29205 28823
28429 27703 28713 28781
28227 28208 29239 27811
27907 27977 29790 27873
28535 29552 28420 28604
28964 29580 27927 28906
27697 28235 29362 27861
27396 28371 29184 28876
28292 27993 28640 28620
27647 28391 29379 27523
28587 29856 27715 28252
29138 28459 28414 29218
27545 28244 29065 29000
27054 28025 28575 29202
27304 28589 29294 28639
29885 28758 27253 28281
29882 28686 27269 28550
28808 29734 27895 28629
28703 30033 27446 28490
28433 27672 28629 28994
28745 29970 27501 28520
27757 27958 29820 27889
27725 28257 29441 27856
29830 28769 27206 28504
29792 28738 27323 28384
28742 29998 27527 28464
27753 28271 29631 27618
27710 28348 29402 27585
29746 28209 27532 28090
28333 28038 29191 27869
28409 27684 28638 28913
28362 27702 28574 28839
28525 29908 27723 28459
28442 27687 28561 28785
27590 28432 29398 27515
27453 28435 29250 28673
27625 28353 28974 28486
28808 29734 27895 28629
28189 27924 29661 27876
28567 29859 27737 28480
27787 28339 29399 27353
27456 28337 29266 28848
27688 27781 27982 29456
29049 28582 28364 29257
27629 28338 29375 27609
28681 30006 27520 28482
27453 28435 29250 28673
28710 30019 27508 28491
27386 28379 29196 28850
28964 29580 27927 28906
28670 30048 27467 28437
29010 28514 28073 29400
29746 28209 27532 28090
27393 28391 29213 28782
28567 29859 27737 28480
26879 27961 28604 29155
27560 27530 27817 29486
27761 28303 29274 27267
27777 27872 29854 27770
28366 27409 28730 28724
28724 29981 27483 28210
29863 28725 26947 27987
29951 28770 27045 27842
27604 28429 29310 27466
28980 28571 28204 29319
29554 28875 28274 29115
28536 29573 27733 28136
28446 29701 27764 28141
29382 28779 28330 29096
28355 29820 27566 28252
29116 29493 27703 28499
28826 29029 28429 27956
29156 29208 27739 28342
28475 29876 27492 28454
28912 28518 28099 29342
29662 28718 27125 28078
27567 27770 27875 29379
29249 29448 27503 28362
29771 28678 27220 28201
29181 29534 27615 28433
28125 27901 29606 27903
27398 28229 28861 28809
29212 29079 27553 28037
27246 28333 28946 28993
27537 27545 27972 29420
29281 29289 27550 28306
27687 28269 29459 27611
27453 27627 27946 29428
27979 27722 29681 27872
29611 28859 27395 28299
28163 28083 29231 27732
27938 27802 29620 27913
28173 28058 29143 27672
27918 27931 29751 27715
27480 27671 27830 29408
28185 29505 28118 28134
28029 29495 28236 28120
27249 28501 28977 28904
28296 28005 29099 27587
27316 28304 28994 28947
27686 28292 29394 27567
28081 29488 28356 28173
28243 27568 28558 28650
29912 28654 27161 28541
29200 29306 27415 28455
29207 29249 27651 28240
27133 28436 29125 28784
28247 28110 29096 27677
27166 28135 28775 29072
28970 28967 28504 28042
26989 28251 28718 29009
28897 29016 28572 28127
29847 28692 27278 27977
28401 29403 28383 28742
29611 28859 27395 28299
28339 27647 28457 28940
28965 28998 28553 28060
28430 29316 28258 28586
27130 28336 28785 28941
27699 28204 29272 27756
27385 28314 29048 28793
27620 28199 29362 27638
28424 29338 28317 28818
29897 28536 27269 27939
27631 27550 27946 29445
26899 28308 28516 28996
27879 27856 29812 27950
28379 29461 28444 28615
27894 27780 29677 27790
27838 27918 29776 27873
29820 28634 27166 28019
27284 28515 29111 28896
27981 27983 29423 28075
28424 29404 28307 28643
29814 28754 27099 27854
29912 28664 27081 28028
27823 27845 29837 27672
27106 28166 28806 29074
27486 28325 29387 27693
27054 28162 28632 29152
28441 29279 28389 28669
29814 28618 27243 28002
28440 28155 28465 28714
27097 28200 28638 29010
29125 28613 28345 29061
28350 27633 28532 28878
29890 28658 27246 27808
27030 28288 28620 29038
28380 27978 28495 28597
27362 28174 28701 28851
28093 29551 28314 28055
27356 28317 28979 28862
28138 28274 29332 27729
27001 28189 28707 28997
27745 28313 29334 27599
27824 27783 29852 27834
29144 29250 27751 28243
27142 28155 28787 29087
27378 28066 28757 28846
28423 29273 28356 28836
28089 27889 29435 28044
27695 28216 29378 27570
27665 28298 29345 27674
27836 27883 29824 27774
27039 28171 28744 29060
27845 28163 29390 27783
29854 28617 27257 28019
28418 29310 28464 28668
29847 28692 27278 27977
27042 27972 28767 29089
27647 28313 29342 27591
27041 28212 28621 29041
28444 27548 28660 28788
28401 29403 28383 28742
28444 27548 28660 28788
27054 28071 28442 29062
27542 27524 27938 29434
27677 28289 29221 26992
27809 27836 29828 27667
28171 29512 27682 28071
28436 27472 28622 28616
29684 28628 27099 28152
29862 28633 27156 27942
29241 28864 27269 28130
29416 28737 28270 28997
29160 29401 27566 28402
28710 28843 28478 27882
27950 27690 29468 27853
29122 29165 27672 28226
27273 27991 28926 28312
27492 27711 27849 29356
28388 27583 28405 28595
28130 28171 28542 27134
29664 28575 27139 27980
28931 28461 28096 29137
28378 29106 28233 28729
27833 27734 29750 27698
28974 28308 28197 29268
29776 28654 27253 27857
28955 28419 28333 28963
28365 29331 28284 28608
29260 28538 28125 29103
29819 28591 27159 27845
28871 28532 28004 29276
27627 28211 29419 27470
28830 28496 28177 29307
28959 28560 28057 29267
27834 28126 29250 27319
28273 27507 28594 28728
28208 27919 28915 27608
27260 28486 28932 28850
27633 27562 27717 29338
27107 28179 28726 28974
28362 27576 28418 28651
27177 27915 28989 28386
28167 27569 28388 28748
27211 28117 28842 28986
29179 29455 27611 28302
27160 28068 28672 29025
28077 29368 28300 28042
27498 27753 27846 29323
28035 28244 29134 27649
27197 28182 28895 28948
28037 28171 29088 27516
29141 29124 27697 28268
27853 27770 29375 27765
27079 28026 28639 29077
28063 29459 28238 28199
28136 29389 28159 28015
29180 29477 27267 28276
27900 28085 29119 27724
28377 27529 28617 28723
27752 28194 29174 27232
27208 28268 28634 28876
27707 27798 29794 27758
27591 27895 29464 27888
27735 28178 29291 27228
27730 27853 29405 27948
27556 28249 29139 27265
27576 28190 29268 27576
27709 28150 29302 27675
27744 28116 29246 27517
27742 28199 29193 27269
27513 28267 29228 27472
27693 28121 29274 27781
27885 27914 29344 28028
27684 27814 29444 27876
27503 28066 29341 27579
28037 28151 28971 27588
27824 27873 29343 28037
27740 28025 29273 27723
27829 27895 29772 27850
27689 27847 29460 27862
27511 28116 29285 27731
26692 28168 28710 27645
27486 28248 29186 27319
27489 27382 27724 29306
27715 27688 29778 27614
27996 29365 27943 27928
29720 28515 26973 27835
28318 27502 28268 28517
29128 28873 26975 28071
29276 28583 28175 28884
28887 28424 27989 29132
29045 29081 27539 28330
28519 27928 28286 28319
29561 28550 27179 27721
28681 28279 27899 29236
27038 28076 28852 28857
28056 29331 27463 28091
29637 28606 27167 27770
29013 29160 27635 28217
27111 28209 28554 28862
27158 27913 28928 28458
28921 28345 27912 29038
27790 29270 28258 28009
27348 27493 27746 29298
29116 29200 27601 28117
26925 28099 28675 28938
27597 28104 29289 27536
27809 27849 29648 27814
28282 29328 27957 28095
27566 27403 27663 29280
27207 27984 28835 28967
27540 28158 29263 27418
29611 28474 27076 27773
27674 27747 27915 29183
26845 28140 28850 27776
27829 27712 29758 27643
27439 27989 29283 27689
27263 28151 29149 27556
28035 28147 29043 27638
27816 27807 29672 27691
27659 28138 29241 27493
27677 27854 29710 27606
27161 28088 28714 28870
27657 28042 29222 27507
29663 28522 27034 27587
27498 27936 29272 27660
27557 27972 29115 27584
29692 28273 27063 27825
27652 27821 29742 27587
27483 28105 29173 27595
28022 28079 29083 27577
27190 27845 28855 28328
27802 27741 29763 27806
27539 28063 29233 27609
27603 28079 29284 27526
27185 28150 28843 28859
26876 28078 28750 27844
27206 27642 27854 29231
27577 28071 29242 27335
27591 27591 29392 27438
27900 29302 27873 28029
28178 27488 27903 28288
29596 28401 26941 27573
29034 29018 27578 28015
29010 29165 27591 28105
29504 28437 27026 27658
29568 28341 27122 27748
27081 27965 28606 28934
26947 28064 28518 28804
26962 28080 28504 28809
27459 27656 29377 27617
27546 27944 29152 27410
27927 28122 28959 27505
26890 27998 28767 27694
28023 28081 28878 27450
28010 28104 29039 27572
27491 28076 29251 27462
27591 27634 29211 27741
28012 28106 29008 27638
26676 27732 28550 27588
26810 27924 28434 28899
27586 28099 29005 27076
28986 29014 27519 28060
28925 28931 27590 28062
26940 27905 28339 28621
26773 28004 28625 27517
26969 27784 28410 28706
28978 28944 27560 28092
26845 27935 28465 27599
26859 27892 28470 28804
26874 27921 28435 28687
26830 27868 28356 28429
26901 27764 28324 28658
28949 29005 27512 27988
27690 28486 29435 28444
28234 28567 29764 28189
28286 28874 29153 28051
28539 29696 27710 28462
28694 27098 28697 29223
28760 27945 27856 29811
29477 28558 27165 29085
29891 28115 27667 28535
28282 29134 28952 28330
29687 28307 27431 28905
28575 29490 28029 28560
29468 28579 27325 28918
27858 28238 29251 28632
29154 27578 28210 29530
28096 28958 29216 28231
29049 27672 28410 28397
29417 28581 27199 28830
29002 28015 28079 29794
29100 27920 28119 29708
28732 27223 28595 29132
27974 28349 29316 28578
28945 27340 28335 29436
28657 29061 28291 28612
29728 28156 27608 28789
29056 27503 28519 28885
28173 28474 28826 29066
29622 28408 27702 28687
28210 28791 29621 28272
27888 28367 28995 28604
29568 28484 27489 29164
28740 28032 28071 29448
29275 28908 27898 28762
29130 27509 28126 29657
28034 28815 29387 28220
29790 28207 27627 28643
29581 28520 27732 28643
28710 27536 28597 29009
28030 28987 29007 28295
28790 29161 28183 28614
29524 28543 27617 28941
29310 28487 27223 29073
29102 29022 27532 28698
29657 28525 27699 29048
28304 28775 28679 29282
28622 27185 28408 29409
28499 27803 28967 28993
28852 28683 28234 28741
28354 28026 29297 28144
29181 27580 28050 29705
28695 27392 28474 29305
28130 28633 29275 28391
28931 27617 28557 29076
29793 27941 27719 28629
29375 28540 27191 28970
28205 28720 29484 28327
28059 28718 29680 28202
28627 29274 27978 28780
28237 28655 29570 28207
28255 28694 29722 28187
29711 28304 27293 29059
29312 29188 27824 28532
28725 29432 27899 28630
27951 28946 29013 28445
28818 28164 28315 28377
28398 29398 28032 28518
28374 28529 28547 29374
28342 28716 29456 28368
28410 28457 28753 29424
28190 28796 29531 28206
28543 29354 28115 28662
27991 29014 29074 28215
28991 27968 28237 29640
28828 27362 28763 29093
28209 28532 28789 29213
28730 27842 29026 28195
28602 27764 28470 29126
29220 27874 27970 28824
28890 28787 28139 28651
29189 27466 28130 29304
29014 27725 28526 28389
27916 28357 29129 28624
28302 28866 29168 28147
28731 27189 28585 29310
29724 28301 27558 28619
29352 28709 27665 29062
28417 28575 29251 28170
28161 28581 29660 28207
28266 28474 28628 29404
29201 27525 28090 29611
28004 28625 29422 28542
28975 27826 28250 29575
28340 28689 28808 29125
28578 29327 28086 28624
29701 28364 27683 28728
28288 28082 29075 28999
28320 28568 28713 29247
29383 28894 27689 28697
28752 27152 28431 29167
28186 28825 29191 28085
29539 28058 27712 28677
28627 29243 28260 28494
28456 28592 28712 29349
29220 27874 27970 28824
28563 29466 28015 28632
28277 28727 28753 29337
28995 27625 28436 28390
28501 28121 29206 28072
29247 27575 28551 28482
28404 28024 29004 28442
28779 27379 28621 29092
28321 28192 29095 28555
29077 27974 28259 29544
29324 27492 28078 29609
28427 29256 28007 28687
28945 27340 28335 29436
29312 29188 27824 28532
28752 27152 28431 29167
28594 29037 28139 28630
27858 28238 29251 28632
28467 28545 28733 29061
29021 27807 28257 29564
28738 29454 27890 28651
28974 27746 28409 28387
29552 29045 27979 28551
28464 29391 28065 28536
28186 28825 29191 28085
28277 28699 28772 29294
28221 28672 29173 28554
28352 28519 28767 29389
28457 28356 28720 29280
28450 27932 29099 28382
27973 28360 29111 28650
29194 27477 28276 28491
28450 28507 28759 29344
29174 27497 28106 29596
28231 28790 29421 28059
29077 27974 28259 29544
29174 27497 28106 29596
29724 28301 27558 28619
28543 29248 27988 28677
29247 27575 28551 28482
28597 29395 27998 28489
28740 28946 28267 28806
28501 28121 29206 28072
28740 28946 28267 28806
28277 28821 29199 28188
29021 27807 28257 29564
28231 28790 29421 28059
28399 28578 28724 29089
28399 28578 28724 29089
27766 28601 29270 28462
28128 28704 29582 28205
28197 28768 28599 28002
28469 29645 27702 28435
28489 26904 28526 29228
28621 27835 27982 29793
29487 28361 27120 29021
29715 28269 27537 28587
28978 27564 28145 29395
29457 28478 27292 29037
28655 27902 27889 29747
28523 29444 27819 28428
28010 29003 28928 28084
28288 27969 29057 28420
29260 28730 27609 28615
29564 28320 27648 28655
28534 29549 27665 28448
28784 27875 28237 29622
27850 28924 28943 28182
29662 28070 27616 28635
28091 28755 29532 28184
29635 28088 27636 28634
28960 27436 28350 28296
28438 27041 28612 29249
28562 29312 27745 28484
28877 27614 28534 28436
28734 27257 28634 28973
27823 28551 29199 28509
28852 27812 28059 29686
29082 27536 28156 29487
29056 27336 28263 28456
29338 28410 27381 28954
28939 27860 28190 29559
28171 28484 29494 28074
28231 28659 29357 28286
28522 27052 28671 29130
28132 28780 29162 28151
28164 28744 29389 28253
28321 28500 28644 29315
28388 27675 28805 28897
29198 28394 27465 29030
28777 27799 28045 29781
29529 28225 27439 28765
27938 28857 28925 28204
27963 28305 29092 28529
28592 29067 28124 28499
29074 27532 27981 29602
28985 27495 28155 29536
28360 28163 29250 28123
29374 28203 27568 28892
28131 28686 29449 28349
28950 27904 28116 29657
29191 27214 28069 29567
28005 28453 29124 28368
28175 27856 28806 28713
28301 28751 29161 28021
28631 27174 28455 29039
28998 27926 27772 28813
28613 27087 28416 29271
28687 27885 28006 29708
28531 29378 28011 28591
28605 27905 27941 29689
29438 28402 27372 28929
29028 28509 27514 28983
28569 29082 28081 28486
29159 28585 27420 28933
28414 28417 28533 29190
29002 27412 28057 29512
27801 28934 29065 28188
27923 28334 28978 28495
27915 28524 29139 28396
28318 28584 29440 28220
28236 27748 28827 28857
28542 29165 28160 28443
28872 27332 28401 29047
29371 28444 27494 28866
28195 27760 28856 28719
27912 28206 29125 28490
29541 27931 27696 28542
29542 28326 27403 28803
28753 27907 27994 29606
29051 27389 28372 28573
28169 28735 29292 28159
27972 28347 29229 28466
28339 28594 28634 29063
27792 28222 29174 28524
29097 27285 28022 29500
28691 28648 28063 28733
28366 27707 28883 28753
29344 28460 27536 28841
28251 28702 28443 29192
29396 28673 27627 28463
28544 29258 28005 28600
28497 29181 28193 28484
29512 28332 27509 28830
28336 28492 29331 28311
28359 29249 28064 28562
29548 28188 27459 28720
29194 27462 28081 29291
28557 27297 28581 29044
29119 28627 27495 28903
28440 28400 28545 29259
29048 27361 28014 29490
28273 28510 29271 28312
28383 28456 28641 29103
28374 29197 28018 28630
28524 28858 28023 28596
27771 28164 29256 28537
28268 28624 28687 29222
28307 28511 28762 29047
28558 27140 28483 29269
28261 28642 28673 29115
28263 28603 29424 28186
28378 28429 28718 29239
28411 28490 28736 29041
28366 27707 28883 28753
28462 29192 28018 28466
28558 27140 28483 29269
28242 28722 28645 29263
28161 28651 29566 28108
28165 28628 29557 28202
29427 28252 27510 28942
28491 29165 28033 28576
28356 28493 28644 29295
28688 27042 28668 29218
29189 28602 27613 28862
29343 28340 27497 28911
27804 28353 28965 28573
29427 28252 27510 28942
28169 28532 28755 29192
28161 28651 29566 28108
28233 28485 28717 29227
28356 28511 28664 29277
28337 28588 28582 29287
29338 28509 27634 28922
28385 27760 28965 28714
28385 27760 28965 28714
27701 28420 29216 28459
28081 28434 29577 28012
28219 28567 29064 27945
28454 29307 27855 28565
28560 27018 28363 29167
28572 27674 27913 29643
29427 28444 27098 28967
29643 28003 27537 28483
28870 27422 28303 28405
27990 28872 28901 28069
29090 27270 27998 29414
28636 27796 28004 29582
28869 27473 27841 29274
29530 28242 27601 28632
28862 27591 28111 29381
28722 27897 28068 28828
28018 28761 29001 28123
28358 29014 28117 28227
29016 28472 27240 28841
29112 28313 27239 28752
28261 27779 28714 28791
29268 28354 27209 28830
28095 28701 29469 28176
27855 28191 29072 28528
28184 28609 29255 28259
28119 28617 29390 28122
29514 28021 27497 28653
28563 29008 28093 28432
29617 28183 27442 28571
28303 28452 28526 29170
28531 29205 27941 28493
28472 29089 28039 28463
28614 27171 28461 28799
27735 28076 29094 28460
29042 28364 27448 28720
28159 28504 29419 28068
28267 28393 28693 29235
29073 27318 27924 29334
28376 27122 28600 29068
29482 28221 27319 28799
28418 28349 28520 28939
27975 28521 29490 28099
28543 27684 28036 29626
28398 29245 28008 28554
29073 27342 28114 29312
28227 27910 29042 28105
28423 29138 28043 28209
28529 27128 28475 29037
27879 28271 29236 28281
29295 28432 27138 28831
27899 28361 29165 28322
27943 28148 29130 28328
29322 28394 27244 28622
29364 28206 27499 28771
28451 27053 28382 29047
28204 28637 29219 27971
28426 27071 28480 29082
28012 28650 29416 28185
27923 28329 29111 28455
27947 28079 29139 28276
29421 28263 27393 28343
27734 28196 29144 28374
29391 28237 27382 28720
28600 27132 28513 28736
28605 27634 27913 29603
28237 28542 28481 29149
28171 28470 28624 29255
29472 28190 27402 28791
28626 27898 27909 29609
28411 27052 28496 29126
29474 28233 27256 28777
28253 28476 28643 29126
29507 28230 27441 28722
28384 28401 28631 28967
28300 28470 28671 29046
28188 28647 29149 28074
28258 28639 28522 29111
28224 28527 28464 29166
27522 27924 28933 28450
27974 28851 28727 27882
28049 28429 29496 27984
28395 29154 27929 28548
28399 27563 27925 29546
28768 27423 27672 29155
29383 28232 26843 28740
29508 28059 27600 28324
27793 28742 28875 27970
29245 28108 27335 28709
28452 29024 28031 28249
28576 27673 27937 29249
29354 28426 27084 28934
28704 27433 27694 29325
29419 28049 27423 28667
28156 28366 28175 29091
28192 28443 28409 29040
28161 27535 28567 28810
27952 28622 29343 27927
28219 28119 28437 28972
28487 27499 27661 29352
29453 28210 27253 28781
29466 28226 27508 28573
28472 27779 27775 29178
28482 27669 27750 29527
28484 27529 27842 29421
27896 28180 29075 28436
27909 28282 29103 28367
28426 29085 28014 28244
28432 29151 27811 28544
29368 28425 27088 28954
28056 28687 29131 28032
28036 28545 29457 28015
27888 28340 29189 28094
28146 27755 29135 27905
28114 28529 29225 28022
27948 28330 29193 28085
29392 28106 27337 28667
28173 28364 28530 29226
28136 28580 28956 28024
28003 28485 29106 28217
28041 28500 28426 28983
28095 28427 28497 29080
28089 28467 29130 28170
28045 28598 29188 28207
28154 28574 29132 28163
27754 28156 29062 28410
27954 28376 29188 28181
28017 28449 28869 28078
28313 29132 27862 28438
28394 27588 27724 29167
29279 28328 27021 28922
29357 28255 27030 28951
28406 27612 27865 29095
29142 28102 27133 28687
29274 28023 27338 28569
28353 29118 27834 28404
28156 28356 28498 28905
27987 28338 28469 29103
27832 28211 29058 28295
29231 28420 27062 28953
29313 28091 27167 28625
28037 28242 29147 28115
27780 28138 29086 28270
27542 28250 29112 28150
27856 27864 28870 28100
27937 28319 28422 29102
29114 28282 27005 28765
27768 28137 28817 28176
27733 28122 29019 28130
27739 27976 28745 27988
27075 28663 29429 27944
27612 27629 30066 27413
27830 27480 29859 27201
27962 27857 29736 27028
28548 29798 28989 28324
28894 29039 27746 29889
29351 28033 27332 29106
29776 28480 27510 28066
28421 29453 28716 28559
28266 29463 28736 28621
28583 29643 28839 28267
28502 29789 28980 28513
28619 29150 28669 28199
28619 29523 28255 27671
27750 27928 29791 27781
28149 28070 29608 27350
29002 28733 28302 29197
28827 29033 28186 29338
27409 28327 29550 27208
29088 28667 27679 29800
29229 28154 28054 28810
28608 29104 28533 28301
27175 28816 29407 27919
28757 28994 28332 29510
29618 28628 27588 28124
28119 29291 28716 28627
29687 28388 27545 27909
27635 27623 29982 27436
29549 28571 27755 28454
29308 28185 27740 29085
28944 28918 28450 29455
27261 28678 29364 27988
27489 27690 30008 27535
29106 29176 27854 29523
27330 28844 29272 28010
29428 28101 28274 28950
29098 28471 29515 28445
29158 28239 28126 28872
29556 28137 27799 28904
29469 28062 27625 29034
29684 28440 27597 28091
29283 27958 27368 29166
29712 28641 27489 28295
27803 27745 29751 27615
28658 28829 28305 29632
27302 28584 29275 28068
28829 28604 29361 27648
27540 28814 29172 27944
28119 29291 28716 28627
29097 28704 29098 28143
29037 28688 29229 28087
29376 28794 28000 28677
29170 28763 27760 29783
27755 27567 29953 27136
29225 28293 28049 28838
27761 27714 29714 27786
28847 29122 27915 29483
28004 27667 29716 27195
29491 28660 27846 28391
29475 28248 27385 29078
27900 27778 29791 27174
29345 28325 28046 28914
28538 29634 28937 28370
27961 27861 29793 27091
28861 29020 28231 29345
28928 28988 29044 27898
27845 27529 29813 27298
29146 29103 28006 29607
29266 28980 27862 29675
28921 28657 28932 28280
29020 28869 29115 28068
27754 27577 30008 27454
28039 28104 29553 27280
27612 27629 30066 27413
27489 27690 30008 27535
28983 29018 28398 29391
29414 28117 27602 29051
28843 28888 29169 27881
28555 29632 28933 28262
27791 27508 29884 27227
29254 29073 27828 29745
29286 28008 27441 29139
29169 28020 27979 29066
28596 29600 28377 27781
29286 28008 27441 29139
27822 27864 29670 27362
28983 28782 28121 29398
28086 27501 29628 27237
27784 27819 29614 27846
28975 28787 28269 29406
27757 27877 29623 27439
29464 28806 27907 28538
28896 28939 28315 29554
28979 28857 28186 29538
27887 27772 29743 27196
27801 27599 29755 27204
27899 27838 29785 27109
28024 28041 29642 27295
28062 27488 29656 27244
28025 28024 29692 27110
29254 29073 27828 29745
29274 28813 27987 28499
27857 27482 29653 27247
27791 27506 29870 27311
29376 28794 28000 28677
27797 27829 29626 27405
27784 27819 29614 27846
28831 28891 28250 29576
27852 27559 29675 27246
28910 28964 28369 29528
28618 28823 28322 29603
28956 28898 28237 29394
29204 29006 27890 29475
29237 28809 27992 28532
28934 28929 28245 29640
28956 28701 29249 27926
28596 29600 28377 27781
28949 28678 29240 27934
29199 29058 27852 29646
29199 29058 27852 29646
29204 29006 27890 29475
28910 28964 28369 29528
28954 28979 28313 29533
27081 28702 29338 27919
27343 28243 29515 26853
27587 27554 29933 27452
27729 27332 29902 27239
28522 29735 28527 27817
29099 28748 27580 29707
29260 28056 27232 28958
29633 28430 27583 28035
27412 27578 29849 27313
28181 29004 28435 28617
27173 28757 29300 27876
29131 28156 27857 28696
29161 28062 28049 28866
28652 28854 28317 29459
29558 28449 27474 28102
27915 27660 29601 27311
28041 28027 29551 27260
27907 27792 29693 27064
27333 28435 29348 27096
28286 29232 28551 28510
28889 28899 27764 29650
28120 29162 28629 28494
29372 28045 27355 28912
28083 27619 29565 27216
28214 29439 28955 27953
28545 29565 28507 27576
27905 27927 29509 27514
27865 27739 29710 27167
29251 28200 27677 29062
28982 28746 28174 29291
27748 27420 29815 27227
29434 27926 27339 28969
28792 28628 29186 27967
27133 28742 29235 27915
28925 28729 29066 28017
29085 29013 27640 29072
28816 28590 29194 27847
29004 29103 27822 29537
28232 29079 28497 28527
28400 29415 28765 28418
29481 28425 27601 28166
28773 28240 29435 28285
29187 28732 27956 28465
28336 29334 28608 28479
27809 27446 29766 27150
28911 28762 28299 29182
27743 27816 29682 27781
28964 28482 28866 27679
28844 28643 29100 28049
27597 27535 29922 27358
28382 29654 28471 28241
28849 28852 28079 29389
29247 28098 28076 28774
28860 28339 29492 28254
27082 28660 29390 27732
27605 27521 29832 27142
28154 29321 28596 28492
28486 29729 28908 28189
29320 28031 27544 28951
28705 28979 28237 29322
27638 27914 29739 27468
29047 28671 27650 29692
27659 27866 29689 27723
28448 29044 28617 28384
28737 28396 29508 28324
28783 28282 29397 28391
28279 29397 28664 28468
28375 29516 28948 28246
29055 28837 27950 29565
28849 28775 28225 29375
28836 28500 28860 28162
27950 27732 29754 27067
29079 28702 27916 29444
28574 28770 28268 29549
29401 28097 27533 28910
27729 27470 29804 27115
29298 28047 27342 29020
27731 27894 29775 27713
27696 27796 29734 27776
28869 28736 28238 29597
29115 28973 27912 29554
27971 27926 29562 27158
29607 28475 27515 28024
28827 28379 28868 28142
28464 29097 28582 28358
28560 28841 28284 29483
28924 28325 28738 28225
29215 28767 27847 29367
28926 28888 28282 29308
28993 28302 28883 28173
28844 28775 28297 29235
29017 28323 28759 28081
28903 28908 27578 29566
28868 28414 28856 28280
28465 29559 28940 28230
28840 28591 28802 28188
28923 28448 28814 28124
28382 29428 28668 28319
29247 28098 28076 28774
27688 27463 29921 27258
28249 29430 28553 28381
28792 28486 29216 27795
28512 29617 28927 28315
29129 28941 27848 29539
29410 28030 27543 29031
29610 28479 27498 28040
29024 28986 27835 29551
28521 29612 28814 28284
28539 28973 28625 28204
28490 29640 28864 28310
28267 29476 28949 28019
28157 29332 28592 28526
28837 28925 28275 29447
28267 29476 28949 28019
27950 27732 29754 27067
28490 29640 28864 28310
27008 28633 29271 27644
27446 28391 29491 26957
27670 27373 29920 27132
28360 29556 28391 27641
28915 28736 27661 29557
29212 27914 27125 29053
29545 28271 27376 27978
27138 28656 29230 27807
29140 28014 28054 28600
28874 28687 28167 29302
27742 27767 29660 27728
29136 28142 27292 28788
29427 28275 27201 28064
28982 28589 27490 29519
29255 28064 27372 28835
29044 28827 27724 29480
29341 28010 27495 28973
29106 27885 27639 28897
28806 28778 28202 29334
28042 29258 28514 28494
27866 27596 29598 27211
27558 27500 29842 27297
28655 28501 28998 27856
27475 27507 29913 27339
28458 28977 28502 28214
27914 27630 29576 27256
28747 28884 28124 29388
27637 27389 29785 27174
28666 28863 28063 29405
27922 27712 29590 27042
28796 28839 28273 29321
28719 28484 29006 28032
27517 27739 29751 27494
28295 28413 27949 29556
27933 27888 29491 27531
28907 28397 29061 27912
28910 29015 27788 29525
28472 29468 28439 27415
29218 27860 27562 28990
27386 28512 29126 27182
28239 29427 28911 28130
29061 28845 27875 29395
27689 27422 29754 27186
28154 29394 28646 28364
28159 29338 28699 28355
27717 27518 29703 27430
28016 28044 29491 27456
29064 27973 27779 28982
28516 29376 28590 28185
29243 27978 27521 28810
28776 28199 29262 28289
28441 29522 28584 27721
28240 29351 28860 27937
27836 27715 29529 27160
28582 28298 29004 28120
28294 29194 28559 28473
27359 27538 29769 27245
29125 27886 27261 29035
28398 29471 28804 27989
27259 28255 29341 27265
28077 29146 28421 28494
27552 28125 29406 27160
28759 28250 29173 28260
27676 27872 29739 27666
28289 29233 28854 28310
28304 29426 28797 28086
28628 28284 29283 28189
28375 29051 28471 28294
28412 29087 28485 28243
28847 28361 28704 28165
28066 27836 29499 26962
28791 28316 29010 27949
27330 28388 29316 27148
28083 27849 29463 27122
28743 28559 28782 28142
27372 28214 29417 27105
28190 29389 28602 28411
27966 27844 29526 27110
28212 29395 28455 28324
28219 29097 28491 28492
28057 29225 28560 28452
28752 28414 28796 28149
28863 28358 28746 28036
28747 28802 28114 29402
27403 28342 29422 27001
28366 29391 28686 28403
27417 28239 29384 26981
27556 27510 29834 27309
28470 29498 28782 28188
27302 28264 29347 27233
28043 29252 28579 28423
27299 28338 29429 27120
28067 27909 29367 27205
28902 28248 28731 28129
28047 27500 29540 27201
27411 28300 29443 26984
27264 28277 29433 27177
27430 28247 29318 27264
27367 28254 29418 27276
27156 28242 29264 27731
27302 28323 29203 26879
27423 27436 29860 27171
27661 27348 29639 27303
28453 29487 28446 27475
28768 28766 27725 29506
29257 27975 27310 28894
29281 27983 27328 28893
28331 28888 28544 28229
29225 27909 27456 28951
28151 29174 28455 28464
29052 27839 27769 29061
28779 28687 28086 29239
29013 28833 27846 29341
28384 29480 28380 27602
28756 28566 28253 29311
27513 27426 29767 27164
28279 29378 28623 28388
27590 27756 29671 27330
28590 28481 28941 28017
28851 28656 27934 29069
28794 28702 27638 29474
28091 29091 28549 28409
28239 29314 28727 28089
28226 29202 28632 28401
28513 28524 27947 29370
28818 28407 27523 29387
28528 28280 28878 28164
27875 27888 29248 27437
27763 27500 29421 27017
27357 28119 29274 26899
28857 28163 28550 28043
27322 27664 29055 27697
28104 29118 28750 27878
27264 28205 29133 27230
28137 29449 28560 27799
28654 28401 28780 28081
27696 27552 29514 27014
27707 27529 29590 27114
27930 27642 29317 27321
27951 27679 29292 27213
28654 28426 28895 27832
27190 28332 29248 26889
27833 27470 29598 27115
28136 29126 28493 28460
28016 27441 29439 27300
28690 28477 28734 28075
28756 28214 29017 28133
27762 27741 29486 27116
27335 28194 29354 26952
27397 28198 29225 27265
27996 27531 29487 27006
28759 28177 28995 28152
27564 28192 29270 26996
27278 28260 29346 26995
27366 28173 29478 26880
27271 28327 29333 26973
27221 28252 29139 26713
27660 27320 29630 27252
27698 27288 29532 27089
28355 29473 28302 27476
28379 28499 27803 29248
29054 27844 27323 28775
29204 27812 27337 28746
27752 27693 29180 27382
27415 27325 29417 27070
28720 28137 28946 28098
28275 29376 28131 27675
28033 29233 28608 28249
28883 28640 27727 29113
28492 28481 28936 27895
27284 28151 29348 26790
28051 29110 28327 28418
28165 28926 28295 28393
28956 27839 27552 28911
28591 28165 28504 27870
28195 28228 27879 29204
28267 29003 28435 28227
28172 29162 28517 28309
28211 29320 28463 28356
28982 27822 27597 28751
28962 28612 27699 28274
28271 28585 27836 29143
28229 28364 27834 29245
28253 28385 27806 29217
27100 27256 28892 26898
27117 27864 29098 26771
27739 28204 28534 26573
28122 29186 28423 28194
28139 28356 27717 29136
28998 27629 27157 28761
28095 29001 28332 28247
27955 29030 28385 28313
27876 29008 28493 28244
27934 29028 28470 28286
27894 28809 28287 28302
28121 28274 27609 29120
27754 28650 28202 28177
