19 0.917659
23454 23403 23452
23617 22723 24229
24063 23021 23065
23912 22668 23930
23438 23548 23084
23621 22966 23947
23786 23281 22742
24510 22795 22688
23784 22825 23885
23571 23430 23098
22927 22620 24600
23438 23548 23084
25011 22247 21936
23550 22695 24045
23733 22692 23696
23502 22534 23825
23647 23011 22851
23260 23289 23046
24925 22323 22190
24762 22223 22181
23513 23384 23156
24926 22298 22083
23825 22494 23796
23480 22509 23846
23625 23221 22771
23258 23309 22951
23308 23315 22995
24828 22228 22051
23355 23240 23265
23476 22557 23818
23563 22639 23985
23515 22552 23821
23861 22773 23738
23967 22700 23043
23035 22575 24338
23215 23149 23287
23455 22967 24028
22762 22404 24526
23437 23591 23020
23289 23391 23040
23343 23090 22698
23348 23455 23006
23385 23351 23061
23236 23281 22869
24407 22870 22780
23434 23288 23173
23304 22692 23747
23402 23383 22962
23261 23415 22892
23289 23227 23075
24230 22679 22635
23412 22933 23941
23993 22622 23083
23349 23206 23086
22961 22473 24590
23442 22991 22622
23593 22999 22687
23447 22888 23875
24307 22539 22584
23314 22897 23725
23762 22670 23846
23198 23349 23192
23437 23402 23161
23628 23135 22753
23299 23298 22938
23315 23291 23131
24068 22778 23155
24950 22247 22045
23413 23326 23101
23441 23288 23321
23832 22799 22919
24554 22202 21813
23470 22698 23661
23937 22595 22845
23548 22688 23893
23168 23116 22744
23174 23253 22946
22661 22503 24473
23451 23368 23001
23361 23432 22869
24271 22821 22708
22875 22591 24516
23479 23278 23219
23529 22685 23669
23311 23360 23050
23202 23229 22934
23406 22404 23634
23326 23375 23189
23387 23345 23227
23300 23231 22920
24834 22254 21934
23279 23458 22959
23753 22520 23924
23460 23525 23066
24730 21950 21946
24386 22765 22672
23426 23412 23099
24622 21951 21923
24310 22585 22619
23271 23312 22899
23456 23426 23047
23838 22574 23776
23672 23134 22789
24180 22843 23083
23612 23197 22719
24777 22200 21976
24246 22858 23131
24761 22299 22122
24553 22734 22621
23077 23242 22988
24181 22968 23102
23201 23226 23061
23653 22713 23860
23479 22839 23896
23719 22372 23822
24829 22349 21985
23376 23049 23122
24374 22700 22625
23918 22512 23722
23297 23322 23018
23243 23399 23148
23359 22935 23825
23472 23538 23226
23277 22678 23487
23588 23082 22754
23253 23381 23026
23375 23251 23115
24418 22625 22689
23816 22922 22960
23692 23149 22866
23494 23035 22767
23054 22563 24301
24423 22650 22834
22956 22615 24252
23162 23239 23121
24017 22881 22849
23375 22877 23955
23699 22730 23828
23280 23186 22997
24176 22987 23188
24204 22531 22655
23335 23408 23000
23317 22599 23828
22927 22625 24646
24052 22638 22912
23388 23447 23197
23449 23557 23146
23411 23266 22965
23161 23391 22926
23252 23241 22807
23382 23335 22867
23389 22801 23719
23318 23401 22844
24366 22416 22477
23302 23426 23041
23439 23488 23047
23528 23438 23203
24343 22726 22666
23945 22890 23078
24374 22687 22769
23507 23185 22851
23373 23003 22558
23698 22528 23729
23426 22551 23938
23494 23392 23060
23748 22759 23006
23424 22931 22813
23522 23021 23823
22813 22472 24469
23274 23301 22936
23368 22411 24032
23196 22906 22543
24000 22701 22935
23338 23393 23057
23835 22632 23940
23787 22671 22780
23417 23431 23224
23298 23187 23143
23426 23506 23032
24304 22661 22625
24347 22636 22516
23407 22972 22820
23247 22982 22811
22834 22478 24542
23134 23275 23049
23852 22716 22927
23550 23080 22728
23360 23349 23197
23307 23538 23056
23464 23406 23274
23353 23222 23154
23165 23403 22977
23632 23198 23040
24417 22811 22786
23005 23207 23046
23512 23136 22745
23548 22611 23663
23349 23420 23138
22673 22432 24355
23452 23448 22981
24416 22564 22922
24904 22372 21868
24190 22654 22663
24014 22780 23117
24431 22639 22803
23398 23368 23172
23454 23399 22954
23024 22783 24461
23377 22648 24023
23511 22520 23708
23476 23000 22992
24172 22654 22654
23199 23339 22919
23117 23074 23265
23531 22806 23638
24801 22204 21998
23889 22576 22820
23943 22693 23002
23585 22966 22743
23268 23076 23163
22923 22692 24377
23661 23187 22831
23551 23124 22814
24805 22310 22218
23410 23286 23039
23808 22491 23904
23550 23369 23106
22867 22452 24528
23965 22942 23111
23411 22745 23905
24394 22649 22864
23142 23225 22947
23271 23188 23211
23023 23125 23016
23549 22952 22819
23908 22590 24092
23442 23395 23137
23701 23014 22686
23699 23277 23007
22921 22513 24524
23592 22439 23812
23552 22487 24111
24825 22288 22106
23271 23379 23012
23287 23316 22968
23350 23376 23001
23582 22508 23979
23198 23199 22653
23325 23272 23077
23349 23342 22869
24438 22814 22800
23569 23203 22910
23498 22495 24064
23247 23288 22954
22775 22485 24302
23418 23355 23054
23233 23231 23285
24254 22928 23089
23571 22548 23846
24788 22464 22310
23629 22740 23772
23743 22493 23854
23825 23229 22956
23064 22509 24618
23357 22552 23955
23136 23187 23005
23477 22403 23831
23276 23070 23094
23897 22685 23015
22712 22574 24267
23636 22805 23798
24094 22729 22837
23225 23336 23175
23568 23019 22818
23243 23377 23106
23955 22431 23925
23599 23069 22765
23907 22636 23888
23922 22586 23831
23159 23320 23147
23910 22617 22988
23375 23515 23077
23500 22772 23849
22970 22426 24525
24736 22010 21962
23380 23047 23848
24889 22280 22027
24707 22118 21934
23569 22582 23886
22976 22586 24253
23440 23154 22946
23804 22669 23919
24413 22631 22638
23865 22706 22843
23289 22877 22485
23864 22890 23168
23462 22908 23827
23689 22601 23662
23664 23008 22868
23421 23464 23022
24711 22119 22061
24874 22291 21957
23656 22621 23924
23236 22481 23514
23342 23264 23232
24518 22728 22808
23411 23187 22960
23637 23053 22958
23700 22655 23752
22718 22460 24382
23336 23281 23238
23258 23356 23070
23395 23410 23066
23547 22447 24099
23577 23147 22810
22538 22310 24268
23344 23520 23072
23530 22896 22810
23429 22862 23864
23740 22593 23939
24779 22313 22072
23222 23248 23001
22724 22482 24313
23635 22598 23825
23508 22511 23681
23167 23228 22907
23256 23297 23012
23299 23284 22914
23822 22778 23040
23324 23487 22981
24577 22581 22732
23352 23420 23167
23973 22564 22902
24824 22179 22034
23808 22656 22837
25040 22274 22063
23319 23269 23259
23823 22643 23937
23647 22446 23904
23752 23113 22998
23402 22562 24031
23236 23186 23037
23444 22814 23945
24595 22783 22841
24753 22125 22117
23473 23362 23077
22760 22590 24261
23526 22677 23915
23492 23628 23134
23310 23375 23070
23244 23097 23295
23903 22540 24118
25001 22210 22044
23380 23293 23276
23666 22747 23914
24350 22652 22601
22933 22822 24509
24588 22028 21711
23691 22454 23664
23305 23096 23195
24954 22370 22168
23717 22737 23756
24821 22245 21934
23369 23525 23097
23063 23160 22992
23176 23339 23015
23174 23115 23162
23551 22785 24177
23344 23146 23161
24249 22822 23238
23292 23029 23352
23431 22576 23799
23579 23211 22604
24628 23002 23067
23332 22665 23880
23712 22578 23899
23470 22442 23943
23468 22292 23972
23659 22579 23942
23768 22790 23962
23570 22694 23969
24688 22171 22232
22884 22637 23654
24352 22609 22548
23220 23219 22921
23380 23269 23152
23265 22945 22983
23468 22682 23928
23280 23189 22860
24381 22495 22703
23407 23309 23085
23378 23034 22622
23903 22863 22905
24572 22906 22881
24278 22608 22842
23469 22792 23952
23391 23235 23114
23455 22537 23799
23541 23113 22828
23702 23032 22668
23381 22987 23851
23700 23179 22870
23489 23396 23126
22872 22546 24626
23673 22692 24063
23251 23331 22984
22758 22544 24350
23619 22405 23776
23559 22729 23910
24588 22703 22744
24342 22695 22446
23992 23095 22966
23518 22952 23809
24521 22644 22867
22793 22685 24536
22949 22471 24387
23856 22727 22788
24459 22602 22636
23421 22516 23883
23291 23288 23044
24025 22661 23002
23661 22343 23777
23345 23450 23146
24535 22658 22884
23546 23083 22617
24122 22788 23049
23576 22478 23925
24193 22602 22672
22631 22547 24354
22886 22679 24347
23036 22503 24548
24730 22202 21846
23129 23102 22990
22877 22456 24364
23739 22722 23561
24949 22156 22126
24390 22598 22859
23229 23023 22991
24253 22715 22881
23533 22625 23898
23246 23178 23158
23236 23217 22789
23459 22621 23889
23435 22945 24131
23538 23390 23027
24780 22109 21997
23398 22736 23904
23293 23264 23019
23572 23283 23279
23355 23305 23017
23896 23254 22796
23963 22658 23887
23349 23314 23099
23504 23354 23069
24923 22188 22186
23581 22670 24079
23391 23387 23323
24526 22432 22885
23470 23432 22998
23099 23273 22979
24369 22705 22762
24788 22207 21862
23434 23303 22861
23892 22644 23681
23141 23327 22812
23400 22809 23839
23361 23430 22986
23537 23278 22990
24459 22630 22863
22866 22545 24276
23242 22740 23635
23224 23174 23228
