708 194.012
15812 18045 18360
16364 19153 16843
16699 16457 19159
16893 18860 16455
17190 16341 18866
17964 16899 17815
16840 18938 16579
16447 16699 19022
16037 18222 18310
16071 18292 18108
16204 18634 17683
17428 17017 18635
15940 18015 18403
16113 18181 18190
16761 16463 19106
15990 18727 17612
17545 16957 18248
17275 16665 18770
16273 18718 17418
16357 18554 17645
17795 17439 17896
17699 17266 18029
17760 17702 17314
16820 18749 16889
16933 17727 18499
17465 16845 18579
16940 16638 19071
16596 17052 18922
17091 16472 18902
15856 17689 18693
17850 17649 17554
16780 16396 19150
16996 16520 18977
16971 16604 18952
17495 17906 17483
17286 17185 18673
17913 17273 17072
17724 17406 18003
17016 17311 18747
15968 17956 18365
17170 16905 18805
17950 17105 17670
16302 18425 17856
17156 17896 17989
17229 18398 17246
17588 17838 17509
17314 17765 18116
16983 16570 18980
17301 17862 17959
17663 17543 17715
16329 18909 17212
17101 16983 18884
16619 17337 18831
17337 18083 17362
16300 18335 17875
17393 17528 18276
16951 17474 18604
17211 17024 18781
17688 17789 17468
17869 17425 17165
16472 18515 17593
16418 17627 18526
16915 18587 17356
16731 17579 18673
16516 18949 17000
16711 18316 17746
16386 17734 18569
16422 19054 16742
17328 17203 18456
16175 17971 18272
16736 16380 19152
17361 18125 16874
17641 17469 17925
15898 17958 18424
17622 17953 17339
17247 18149 17515
16900 18801 16634
17476 17408 18229
16856 16866 19005
17927 17203 17133
16662 18855 16798
16336 18893 17105
16969 16782 18935
17605 17874 17402
17066 16574 18940
17668 17460 18080
16286 17931 18521
17028 17151 18869
17638 17159 18165
16634 17372 18722
15935 18699 17695
17827 17429 17760
17124 16427 18850
15905 18112 18327
17355 17691 18068
16569 18418 17788
16026 17395 18862
16335 19087 17101
17514 17343 18450
17533 17226 18274
16085 17374 18791
15823 17755 18572
16182 17601 18733
16483 19012 16596
16543 18625 17178
16800 18455 17604
16959 16506 19007
17769 17300 17967
17373 17135 18593
16157 18064 18167
17889 17390 17019
16390 18865 17294
17239 18029 17548
17593 16928 18251
17507 18055 17262
16363 19001 17010
16716 18445 17718
16969 16782 18935
16556 19002 16755
17527 17666 17578
16493 18819 17227
16144 18690 17525
17056 18526 16817
17057 17090 18852
16524 17938 18427
16579 18481 17764
16601 18537 17428
15849 18144 18356
17404 17678 18028
17635 17117 18182
16368 19078 16993
16692 18869 16726
16141 18220 17970
16866 18366 17580
16995 16446 19063
17113 17302 18625
16893 18674 16717
16107 18106 18230
16970 18607 16704
17458 17828 17774
16992 16454 19034
16413 18922 17060
16851 18671 17035
17130 18492 16671
16540 18921 16939
17103 17814 18076
16784 18766 16817
16953 18650 16954
16909 17844 18011
17134 18143 17904
16684 18714 16976
16646 18465 17394
15938 18098 18335
16538 17778 18283
16504 18905 17066
16672 18213 17756
16821 17827 18023
17130 18492 16671
16071 18432 17774
16416 18604 17445
16871 18708 16957
16188 18712 17453
16643 18923 16628
16952 18362 17250
16668 18843 16741
16641 18777 17035
16853 18710 16843
16561 18836 16989
16483 19012 16596
16552 18782 17136
16186 18057 17906
16436 18940 17020
17381 17968 17300
16552 18782 17136
16624 18817 17098
16655 18835 16959
16624 18817 17098
17593 17390 18114
16655 18835 16959
16970 18536 17169
17381 17968 17300
16436 18940 17020
16646 18465 17394
16538 17778 18283
16540 18921 16939
16672 18213 17756
16784 18766 16817
16643 18923 16628
16624 18817 17098
15682 18095 18183
16219 18994 17001
16536 18906 16591
16642 16620 18863
16690 16553 18802
17562 17363 17981
16770 16647 18611
17119 18026 17562
16692 17025 18336
15924 17735 18368
17283 17582 17802
16983 17342 18125
16539 17086 18364
15765 18100 18049
17423 17967 17173
16647 18134 17388
15991 17922 18236
16148 18583 17263
16611 18495 17305
17389 17953 17287
17053 18499 16628
15878 17996 18238
16231 18177 17731
16844 17806 17721
16070 17862 18218
16822 18689 16693
16064 18130 17905
16464 18398 17618
16334 18856 17067
16934 18431 16898
15686 18116 18126
16304 18862 17173
15807 18006 18311
16245 18427 17596
16791 17481 17873
16492 18935 16883
16858 18277 17361
16407 17617 17832
16516 17561 18304
16447 18806 17127
16789 18626 16767
16343 17709 18365
16844 18562 16938
17033 17410 17839
16671 17075 18314
16769 18725 16798
16638 18703 16829
16481 17538 18352
16339 18613 17219
16366 17595 17843
16723 18306 17015
16195 18334 17830
16742 18349 16986
16997 17453 17826
16483 18777 16966
16420 18885 16968
16467 18794 17130
16389 18926 17011
16898 18605 16897
16780 18659 16889
16909 17469 17820
17050 17432 17811
16848 18324 16927
16488 18693 17033
16775 18684 16795
16789 17872 17829
16689 18401 16985
16858 18277 17361
16739 18698 16820
16869 18126 17002
16441 17564 17843
16864 18313 17002
15614 18004 17972
16382 18912 16958
16561 16467 18748
16918 18046 16507
17401 17932 17157
16555 16951 18276
16021 17644 18243
17187 17056 17462
17307 17950 17273
16247 18225 17430
16171 16994 18109
17071 17891 17546
17038 18010 17346
15712 17969 18191
16940 17375 17830
15801 17948 17995
16653 17132 17930
16812 17774 17705
15984 17857 18080
16156 18203 17627
15925 17895 18026
15753 17798 18198
16109 18570 17199
16339 17480 17775
16888 18425 16699
16435 17300 17903
16844 18409 16813
16759 18709 16743
16476 18829 16610
16107 18103 17824
16392 17521 17751
15940 18329 17400
16825 18351 16933
16760 17184 17846
16507 18658 16866
16456 18494 17298
16161 17232 18269
16686 18124 17074
16400 17427 17814
16738 18650 16848
16593 18186 17021
16474 18874 16524
16541 18134 17233
17116 17945 17454
16576 18406 16964
17150 17491 17722
16522 18164 17302
16488 18641 17030
16435 18798 17035
16465 18727 17063
16764 18536 16663
16528 18322 17124
17149 17961 17092
16437 17457 17797
16616 18644 16859
16796 17988 17432
16432 18900 16688
16765 18303 16934
16459 18866 16639
16766 18112 17051
16921 18034 16685
16389 17476 18034
16796 18219 16934
16579 17471 17753
16559 18717 16648
15707 17969 17825
15835 17621 18063
16269 18820 16710
16606 16639 17860
16809 18098 16608
17300 17781 16991
16034 17810 17375
16281 16962 17961
17085 17173 17518
17165 17904 17095
16690 18521 16834
16901 17440 17651
16934 17263 17792
15836 17838 17972
16264 18769 16964
16106 17966 17328
16283 17774 17560
16753 18330 16931
16550 18552 16856
16968 17389 17703
17031 17364 17663
16600 17777 17478
16908 18019 16622
16088 17370 18019
16736 17657 17547
16335 17406 17931
17097 17847 17265
16511 18140 17126
16412 18630 17057
16436 18140 17183
16487 18631 16922
16721 18636 16768
17000 17953 17286
16528 18639 16700
16353 18163 17296
16910 17987 16742
16397 18276 17219
16341 18221 17254
16365 17435 17855
16444 17981 17232
16423 18652 17010
16394 18640 17028
16765 17408 17653
16344 18698 16954
16283 18707 16839
16420 18275 17251
15745 17801 17829
15939 17047 17961
16146 16993 17900
16406 18627 16628
16879 17931 16437
17004 17819 16668
16019 17599 17335
16514 17572 17542
16256 18498 16944
16354 18265 17077
16069 17229 17890
16211 17424 17580
16928 17357 17661
16568 17189 17771
16269 18166 17174
16744 18081 16518
16772 17984 16586
16365 18061 17112
16958 17886 17247
16691 17186 17696
16301 18589 16919
15966 17071 17939
16722 17089 17713
16347 18551 16879
16977 17840 17015
16522 17822 17281
16833 17965 16558
16770 17938 16734
16902 17384 17596
16722 18239 16811
16602 18235 16878
16708 18123 16858
16622 18622 16699
16639 18596 16644
16374 17971 17003
16252 17371 17869
16223 17956 17196
16836 17394 17591
16692 17940 17214
16713 18254 16837
16397 18599 16872
15706 17737 17757
15926 16992 17928
16048 16976 17896
16585 18608 16617
16744 17952 16366
16917 17634 17199
16351 18336 16763
16498 18171 16871
16242 17482 17464
16445 18477 16630
16257 18532 16861
16839 17122 17345
16458 17884 17073
15973 17092 17880
16778 17772 17208
16170 17345 17692
16531 18074 16723
16084 17924 17084
16623 17867 17169
16791 17197 17400
16736 17372 17564
16797 17945 16519
16045 17123 17792
16251 17299 17762
16182 17108 17820
16740 18028 16432
16709 18067 16494
16560 17168 17607
16729 17994 16484
16640 17352 17587
16739 17107 17621
16781 17092 17578
15838 17207 17727
15930 16917 17891
16390 18008 16708
16757 17830 16434
16300 17761 17171
16556 17514 16863
16132 17050 17797
16684 17125 17492
16386 17595 17135
16212 17849 17014
16460 17371 17509
15931 17062 17876
16192 17317 17561
16396 18006 16611
16646 17052 17578
16658 17967 16453
16648 17990 16463
15824 16977 17803
15853 16894 17834
16113 16741 17659
16577 17955 16434
16647 17899 16319
16246 17130 17357
16526 17846 16460
15926 17268 17547
16578 17672 16322
16403 17026 17505
16488 17066 17481
15841 16942 17751
15774 16873 17793
16484 17876 16310
16628 17837 16145
16306 16947 17387
16026 16894 17502
15839 16885 17763
16295 16888 17492
15801 16941 17786
15678 16797 17777
15722 16940 17638
15838 16849 17484
15732 16876 17754
15790 16856 17655
15760 16812 17624
15935 18699 17695
16364 19153 16843
16699 16457 19159
16893 18860 16455
17190 16341 18866
17964 16899 17815
16447 16699 19022
15990 18727 17612
16221 18084 18411
16286 17931 18521
17724 17406 18003
16969 16782 18935
16996 16520 18977
16808 18839 16740
16245 18242 18217
16840 18938 16579
16940 16638 19071
16422 18069 18440
16914 18740 16502
17545 16957 18248
16113 18130 18396
16508 19008 17053
16300 18335 17875
17896 17349 16899
17264 18218 16983
16188 18375 17841
16489 17968 18343
16157 18126 18298
17657 17629 17937
16856 16866 19005
17458 17828 17774
17066 16574 18940
16558 18989 16950
16850 18877 16548
16962 18268 17645
16833 18807 16781
16182 17601 18733
16071 18292 18108
16761 16463 19106
17635 17117 18182
16731 17579 18673
17211 17024 18781
17688 17789 17468
17101 16983 18884
17047 17290 18634
17373 17135 18593
16026 17395 18862
17016 17311 18747
17927 17203 17133
17314 17765 18116
17950 17105 17670
17072 17272 18693
16882 18842 16667
17134 18143 17904
16556 18967 17111
17735 17708 17485
17668 17460 18080
17622 17953 17339
16882 18842 16667
16357 19080 17030
17681 17899 17186
16064 18003 18496
16438 17808 18473
16513 18559 17525
17393 17528 18276
17057 17090 18852
16049 17648 18629
16591 19054 16848
17760 17702 17314
17275 16665 18770
16548 18916 17172
16933 16833 18958
16326 19094 17025
16735 18639 17236
16791 18585 16988
16971 16604 18952
17194 16444 18816
17465 16845 18579
17420 17498 18181
17802 17361 17851
17488 17985 17554
17566 17542 18030
16596 17052 18922
16951 17474 18604
17355 17691 18068
17144 16427 18838
17830 17515 17744
16387 19083 17015
17028 17151 18869
17139 17441 18370
17126 17236 18764
16597 16917 18951
17328 17203 18456
17807 17667 17610
17229 18398 17246
16386 17734 18569
17109 16476 18820
17301 17862 17959
17286 17185 18673
17769 17300 17967
16825 18180 17824
17404 17678 18028
17585 17018 18234
17218 17490 18320
17507 18055 17262
16814 18028 18048
17242 18037 17546
17162 16464 18833
16716 18445 17718
17344 17731 18130
17026 17246 18723
17114 18703 16773
16749 17501 18554
16133 18516 17754
16632 18200 18169
16936 18641 16835
16258 18539 17526
17850 17649 17554
16701 18915 16925
17913 17273 17072
17827 17429 17760
17288 17552 18302
17520 16999 18293
17605 17874 17402
16479 18301 17914
16693 18932 16870
16901 18452 17457
16766 18945 16867
17151 16383 18889
16677 18184 17794
16865 18003 17942
17540 17845 17439
16682 18610 17342
16576 18485 17584
16922 18421 17425
16990 18289 17544
16264 18718 17372
17869 17530 17664
16569 18418 17788
17523 17263 18126
16624 18849 17153
17871 17378 17465
17777 17434 17848
16992 17799 18147
17588 17838 17509
17226 17878 17718
16913 18495 17353
16550 18895 17196
17028 16644 18912
17151 16383 18889
17889 17390 17019
16817 18477 17496
16326 19094 17025
16613 18655 17395
16787 18600 17369
16704 18491 17559
16839 18517 17280
16744 18308 17579
16661 18764 17272
16661 18764 17272
16806 18343 17503
16458 18804 17262
16964 18352 17446
16748 18510 17383
16927 18445 17411
17002 18313 17447
17004 18312 17294
16635 18877 17072
16658 18679 17301
16622 18553 17376
16468 19059 17137
16762 18648 17082
16468 19059 17137
16550 18895 17196
16654 18687 17300
16458 18804 17262
16781 18479 17377
16613 18655 17395
16654 18687 17300
16762 18648 17082
16781 18479 17377
16635 18877 17072
16658 18679 17301
16326 19094 17025
15976 17561 18256
16292 19062 17013
16748 18749 16577
16853 16727 18950
17027 16324 18728
17198 16505 18581
16122 17613 18111
16946 18058 17591
16227 18491 17457
16375 19014 16958
16587 17830 17867
16642 18767 16728
17197 16896 18162
17030 17250 17931
17098 16691 18570
16768 16976 18809
16911 17046 18519
16044 17730 18177
16942 16512 18712
16999 16366 18616
16408 17317 18300
17131 17453 17804
16692 18402 17658
16040 17606 18218
16927 18131 17805
16473 18921 17045
17075 16777 18239
16362 19027 17010
16451 19002 17017
16952 17702 17897
16669 18440 17462
16670 18627 16670
17137 17706 17179
16599 17129 18398
16754 16755 18835
16604 18842 16725
16655 17121 18652
16897 17812 17883
17043 17397 17930
16525 17223 18254
16862 18301 17425
16528 18912 17115
16989 16762 18330
16401 18533 17379
16643 17516 18185
16619 17136 18357
16598 18641 17355
16676 18539 17298
16730 18437 17355
16993 18190 17266
16547 18877 17018
16742 17375 18158
17126 18222 17043
16803 18417 17210
17008 18359 17170
16698 18597 17295
16754 17076 18553
16829 18378 17430
16649 17434 18126
16746 18263 17633
16566 18757 17227
16490 18916 17154
16845 18406 16998
17005 17139 18248
16917 18219 17400
16783 18369 17438
16879 18373 17212
16730 18580 17267
16639 18637 17205
17086 16776 18300
16756 18257 17443
16525 18909 17153
16563 18864 17011
16735 18600 17158
15907 17620 18150
16431 18931 16841
16652 18659 16527
16674 16677 18836
16827 16227 18575
17108 16497 18430
16125 17312 18197
16275 18844 17003
15996 17705 17960
16787 17993 17717
16559 18674 16624
16736 18184 17424
17074 16487 18509
15985 17573 18046
16997 16663 18183
16684 18082 17550
16896 16816 18297
16376 18452 17319
15940 17622 18062
16360 17186 18136
16507 17394 17898
16820 17772 17875
16926 17941 17738
16597 18300 17568
17039 17342 17915
16498 18741 16773
16868 18271 17167
16699 16775 18667
16695 16927 18692
16839 17753 17846
16757 16745 18746
16315 17271 18028
16957 16675 18503
16456 17132 18282
16754 18263 17252
16681 18577 17263
16530 17114 18391
16492 18909 16963
16642 17027 18559
16335 18751 17072
16546 17082 18199
16544 18720 17114
16860 17959 17772
16529 18798 16529
16624 18315 17560
16399 18921 16967
16586 17033 18424
16759 18405 17060
16303 18797 17037
16306 18634 17276
16646 18377 17382
16935 16693 18178
16431 17674 17890
17066 16879 18156
16725 18267 17402
16465 18745 17008
16457 18908 17001
16494 17309 17996
17071 16870 17967
16827 17963 17353
16642 17968 17729
15963 18295 17474
16360 18891 16838
16538 16555 18777
16600 18616 16379
16642 16338 18481
17010 16861 18098
16065 18272 17538
16644 16726 18428
16133 17289 17948
16818 17698 17743
16778 17407 17797
16508 16904 18578
16560 16884 18613
16535 18633 16494
16391 18355 17199
16287 18768 16949
16973 16463 18453
16181 17111 18182
16859 17783 17729
16358 17186 18094
16724 18008 17316
16677 18494 16679
16472 18778 16593
16407 17134 17989
16918 17342 16756
16486 17015 18235
16443 17069 18223
16553 16902 18264
16456 18794 16744
16825 17161 17859
16304 18627 17254
16247 18696 17016
16669 18020 17473
16543 18472 17157
16783 17970 17642
16885 17401 16797
16200 17131 18141
16948 17307 17822
16758 17916 17676
16618 18112 17304
16802 17756 17771
16711 18252 17133
16403 18719 16996
16664 18576 17122
16265 17201 17848
16801 17869 17647
16381 17233 17837
16302 18688 17099
16736 17275 17835
16482 18211 17519
16651 17882 17705
16606 18054 17502
16663 18083 17291
16801 18157 17072
16604 16468 18459
16199 17936 17665
16679 18294 17008
16820 18236 17066
16895 16467 18429
15894 18208 17210
16423 18765 16385
16877 16391 18436
16977 16748 18031
16053 17239 17894
16220 17181 18040
16861 16754 18097
16924 16429 18419
16802 17736 17717
16393 18752 16492
16567 17308 17788
16299 18713 16776
16774 17918 17635
16857 17769 17505
16663 18203 17084
16609 18244 16828
16349 17857 17683
16293 18394 17109
16538 18046 17418
16931 17301 17807
16483 18243 17063
16267 18593 16975
16819 18125 17038
16568 18537 16406
16353 18683 16954
16593 17927 17310
16535 18226 16916
16410 18466 17012
16403 18605 16867
16776 17896 17280
16640 18211 17133
16645 18071 17122
16546 17987 17286
16586 17998 17283
16577 18217 17050
16545 18223 17022
15849 17107 17937
16198 18615 16484
16880 16297 18418
16938 16729 17957
16531 16588 18073
15987 17151 17818
16676 18102 16883
16913 16382 18384
16158 17333 17689
16292 18536 16841
16056 17020 18016
16764 17637 17666
16922 16842 17517
16277 18552 16785
16469 18041 17240
16578 17991 17114
16751 17883 17435
16374 17924 17326
16350 17691 17640
16869 16692 18013
16623 17245 17726
16736 17916 17633
16275 17254 17718
16743 18063 16974
16640 17959 17028
16492 17978 17283
16516 17950 17273
16654 17967 17013
15779 17034 17772
16168 18509 16818
16195 18466 16702
16524 16594 17863
16738 17332 16763
15970 17022 17781
16445 18042 16926
16356 18019 17165
15953 17196 17640
16655 17688 17570
16532 17914 17139
16198 18454 16807
16233 18027 17236
16643 17878 17379
16480 17911 17554
16445 17047 17723
16598 17767 17620
15958 17102 17670
16570 17908 17348
16701 17870 17287
16470 17853 17617
16643 18021 16831
16695 17873 17563
15747 17926 17182
15909 16838 17736
16729 17324 16645
16671 17551 17507
16027 17158 17607
16251 17844 17357
16480 17733 17284
16520 17853 17226
15778 17020 17705
15932 16944 17663
16141 17850 17552
16382 16886 17681
16470 17758 17574
16389 17823 17535
15851 16885 17730
15669 16838 17576
15898 16736 17711
16222 17754 17191
16639 17215 16675
16569 17385 17023
16470 17043 17548
15932 16772 17677
15934 16926 17529
15935 18699 17695
16364 19153 16843
16699 16457 19159
16928 18812 16336
17190 16341 18866
17964 16899 17815
16447 16699 19022
16026 17395 18862
17545 16957 18248
16940 16638 19071
16969 16782 18935
17681 17899 17186
17150 16442 18847
16761 16463 19106
16071 18292 18108
17230 17041 18684
17514 17343 18450
16485 18967 17200
17286 17185 18673
16105 18889 17230
17699 17266 18029
16173 18028 18219
16188 18375 17841
16368 19078 16993
16971 16604 18952
17063 16552 18944
16951 17474 18604
16340 19088 17087
17134 18143 17904
17881 17430 17718
17211 17024 18781
16884 18862 16511
16137 18857 17271
16928 18812 16336
17443 18051 17534
16388 18580 17646
16612 18489 17433
16933 17727 18499
17896 17349 16899
17724 17406 18003
16866 16806 18912
17850 17649 17554
16049 17648 18629
17022 18495 16752
17162 17362 18282
17373 17135 18593
17334 17624 18192
17003 17400 18375
17465 16845 18579
16915 18226 17564
16304 19022 17151
16286 17931 18521
16856 16866 19005
16645 18270 18091
16893 18860 16455
16833 18895 16440
17731 17555 17797
17637 17791 17476
17927 17203 17133
17475 17662 17859
17028 17151 18869
17422 17787 17777
17301 17862 17959
17253 17838 18056
16037 18222 18310
17769 17579 17705
17604 17676 17609
16546 18540 17533
16813 18782 16809
17103 17370 18335
16496 18899 16982
16727 18849 16580
16386 17734 18569
16832 18799 16700
17323 18097 17595
17081 18422 16654
16496 19017 16531
16794 18781 16890
17314 17765 18116
16524 17938 18427
17229 18398 17246
17026 17246 18723
16536 18884 16691
17083 18330 17515
17574 17853 17657
17315 18116 17622
16726 18826 16634
17397 18068 17610
17753 17532 17856
17353 18276 17372
17913 17273 17072
17057 17090 18852
16995 17293 18821
16784 18431 17585
17760 17702 17314
16925 18001 17949
16182 17601 18733
16233 17988 18143
16249 17962 18244
16615 17740 18160
16634 17227 18867
16716 18741 16966
17016 17311 18747
16838 18749 16598
16874 17851 17968
16989 17414 18419
17514 18027 17670
16283 18749 17480
16996 16520 18977
17144 18344 17282
17950 17105 17670
16801 16998 18904
16664 18642 17205
17108 16482 18966
16989 17328 18769
17261 18199 17582
17101 16983 18884
16328 18722 17496
17275 16665 18770
16849 17823 18142
17588 17838 17509
17053 18208 17723
17103 17814 18076
17398 18153 17442
17827 17429 17760
16499 18887 16789
17635 17117 18182
16891 18703 16853
16466 18673 17492
17101 16495 18970
17471 17647 17917
16312 18987 17200
16300 18335 17875
16920 18670 17031
16542 17919 18170
16740 18673 16980
16251 17952 18262
16589 18584 17345
17155 16516 18798
17622 17953 17339
16569 18418 17788
16745 18804 16946
17353 18276 17372
17784 17488 17812
16689 18180 17730
16750 18610 17123
16685 16683 19010
17275 18161 17673
16788 18592 17143
16504 18794 17136
16426 17990 18112
16416 18719 17464
17815 17499 17783
17810 17515 17747
16695 18511 17326
16357 18998 17022
16423 18713 17454
17146 16476 18804
16357 18998 17022
16674 18169 17874
16579 18481 17764
17790 17520 17808
16261 18835 17354
16687 18584 17178
16707 18700 17064
16417 17637 18584
16807 18518 17120
16667 18843 17087
16654 18513 17282
17010 18373 17309
16557 18615 17334
16233 17988 18143
16261 18835 17354
17801 17507 17788
17021 18462 17262
17010 18373 17309
16802 18475 17264
17796 17512 17767
16504 18638 17257
16807 18518 17120
16745 18804 16946
16557 18615 17334
16833 18895 16440
16682 18173 17755
17021 18462 17262
16707 18700 17064
16920 18670 17031
16416 18719 17464
16682 18173 17755
16667 18843 17087
16504 18638 17257
15870 17816 18142
16329 18986 17048
16679 16655 19002
16694 18841 16335
17117 16417 18793
17799 17383 17732
17010 17295 18254
17024 16811 18192
17099 18379 16782
16764 18756 16374
17646 17417 17594
16845 16447 18622
16857 17517 18355
16029 18833 17140
17545 17483 17734
16748 16775 18674
17238 17603 17534
17392 18083 17175
17396 18018 17480
17207 17690 17661
16687 16547 18894
15936 18830 17244
16173 18749 17385
16606 17966 17780
16531 16675 18921
16876 17361 18320
17573 17390 17722
16199 17904 18018
16243 18552 17468
16187 17862 18126
16219 18022 17861
16474 18899 16794
16405 18905 16935
16735 18781 16876
16796 16529 18639
16481 17619 17990
17168 18069 17262
16983 18234 17195
16897 17880 17607
16455 18854 16904
16667 18703 17025
16736 17752 17881
17226 17568 17965
16933 17917 17588
17156 18110 17407
16863 18189 17429
16176 18014 17934
17062 18325 16983
16375 18644 17331
16584 18488 17199
16281 18698 17233
16915 17809 17697
16631 18283 17584
17217 17591 17906
16595 18142 17771
16504 18810 17004
16442 18603 17215
16729 18411 17389
16731 18278 17575
16787 18469 16936
16826 17914 17679
16270 17780 17983
16531 18501 17286
17071 18115 17184
16805 18385 17216
16794 18419 16958
16398 18441 17366
16680 18619 17060
16214 18597 17385
16527 18225 17760
16923 18331 17138
16862 18351 17114
16187 18667 17278
16397 18629 17381
16683 18511 17046
16868 18207 17374
16861 18296 17293
16866 18081 17536
16400 18692 17100
16268 18840 17106
16848 18232 17343
16504 18642 17188
16217 18663 17319
16694 18692 16996
16761 18015 17753
16846 18369 17044
16858 18307 17320
16767 18500 17044
16595 18486 17331
15841 17758 18008
16211 18838 16469
16579 16626 18868
17658 17347 17666
16521 17497 18282
16929 16855 18214
16830 17105 18165
16050 17817 17938
16292 18824 16554
16899 18335 16642
17544 17379 17371
17412 17458 17580
16428 18770 16774
17140 17543 17794
16370 18503 17275
17256 18036 17089
16749 17287 18230
17635 17302 17720
17052 17448 17935
16132 17755 17987
16748 17403 18110
17359 17611 17125
16463 18471 17063
17008 17875 17448
17008 17602 17490
16124 18724 17350
17201 18039 17024
16613 18703 16848
16939 17622 17494
17120 18064 17278
16951 18228 17162
16750 18417 16530
16163 18578 17059
16650 18618 16955
17131 17457 17875
16688 18677 16859
16430 18396 17209
16717 18172 17343
16660 17914 17641
16791 18205 17300
16590 18141 17762
16656 17978 17515
16676 17838 17629
16566 18441 17199
16678 18432 16880
16941 18090 17243
17381 18007 16993
17378 18042 16952
16535 18607 17010
16875 18007 17311
17134 17905 17392
16827 18242 17148
16800 18265 17043
16603 17864 17705
16740 18125 17381
16843 18014 17500
16407 18302 17385
16585 18283 17524
16833 18181 17225
16156 18719 17047
16426 18582 17017
16599 18036 17557
16408 18684 16952
16570 18294 17215
16596 18292 17303
16200 18115 17701
16299 18717 16622
16537 16612 18863
16567 16500 18400
16652 18656 16181
17566 17317 17368
17382 17401 17570
17129 17422 17628
17010 16958 17768
16866 16725 18177
16676 18648 16555
16286 17447 18220
16378 18694 16754
16439 18298 17079
16702 17080 18173
16690 17235 18001
17048 17783 17205
16740 17680 17482
16296 18447 17232
16682 17147 18128
16839 17356 17915
16642 18005 17328
16833 17574 17323
16687 17200 18059
16958 17528 17720
16542 17891 17647
16975 17483 17422
16321 18531 16924
16575 17453 17818
16825 17559 17390
16488 17721 17698
16906 18218 16847
16931 18108 17016
16646 18391 16919
16660 18350 16869
16495 18184 17520
16783 18214 16925
16904 18178 17059
16989 17326 17784
16608 17743 17599
16357 18679 16861
16517 17849 17686
16836 18152 17149
16542 18263 17114
16309 18598 16876
16839 18089 17120
16313 18062 17646
16629 17791 17357
16645 18616 16598
16923 17838 17188
16550 18557 16856
16632 18213 16962
16872 18183 16932
16599 17826 17629
16373 18115 17599
16745 18112 17211
16557 18112 17468
16516 18111 17616
16592 18215 17215
16298 18205 17370
16101 18430 17223
16241 18619 16661
16610 18577 16282
16674 16960 18158
16996 17733 16800
16412 17447 17782
16901 17339 17612
16611 17102 18084
16422 17443 17803
16540 17589 17576
16579 17161 17649
16761 18156 16473
16712 17501 17449
16944 17160 17484
16519 18207 17207
16490 17892 17328
16550 17785 17408
16799 18155 16565
16643 18194 16910
16541 18371 16806
16843 18103 17049
16843 17131 17698
16456 18413 16839
16541 17024 18150
16485 18171 17234
16773 17755 17161
16666 17983 17126
16819 18105 17106
16501 17845 17599
16440 18048 17467
16610 18150 16992
16434 18041 17613
16660 17872 17127
16666 18127 17020
16606 18158 17038
16768 18155 16834
16541 18197 16815
16335 17941 17588
16376 18287 16776
16501 17012 18114
16588 16325 18104
16821 18076 17024
16718 16929 17612
16571 16938 18007
16626 17127 17687
16469 17780 17183
16614 17479 17349
16632 17413 17414
16780 18046 17029
16423 17968 17261
16434 17787 17556
16618 17318 17456
16576 17332 17509
16792 17328 17204
16346 18051 17187
16335 17990 17429
16203 17845 17208
16465 16860 18018
16709 18073 16934
16751 17998 17016
16751 18000 16766
16609 17406 17307
16330 17705 17527
16515 17154 17486
16362 17304 17535
16427 16881 17966
16453 16880 17858
16255 17754 17472
16579 18021 17029
16387 17314 17453
16532 16866 17973
16218 16875 17589
16728 17937 16564
16542 17698 17029
16323 17356 17511
16417 17154 17486
16549 17180 17233
16349 17239 17461
16543 17237 17301
16217 17217 17357
16313 16923 17505
16393 17034 17460
16289 16941 17232
15935 18699 17695
16364 19153 16843
16699 16457 19159
16893 18860 16455
17190 16341 18866
17964 16899 17815
16940 16638 19071
17193 18593 16589
16133 18516 17754
15990 18727 17612
17066 16574 18940
16427 19045 16991
16987 16758 18945
16399 19101 17072
16958 16493 19037
16856 16866 19005
16761 16463 19106
17507 18055 17262
17927 17203 17133
17663 17543 17715
17800 17173 18105
16071 18292 18108
17950 17105 17670
16417 17637 18584
16763 18871 16678
17896 17349 16899
16206 18186 18175
16805 18795 17054
16919 16800 18962
17724 17406 18003
17407 17073 18542
17211 17024 18781
17760 17702 17314
16996 16520 18977
17638 17276 18271
16946 16836 18869
17850 17649 17554
16448 19004 17098
16840 18938 16579
16596 17052 18922
17360 17787 17889
16157 18020 18207
16262 18741 17522
17699 17266 18029
17230 17041 18684
16026 17395 18862
16166 18384 17965
17759 17734 17592
17489 17135 18478
17384 18001 17647
17590 16985 18347
16542 19090 16724
16995 17293 18821
16182 17601 18733
16731 17579 18673
17622 17953 17339
17827 17429 17760
17668 17460 18080
17328 17203 18456
17473 17971 17353
16852 16927 18944
17309 17140 18651
17681 17899 17186
17016 17311 18747
17869 17425 17165
16049 17648 18629
16905 16981 18932
17143 17761 18310
17458 17828 17774
16692 18892 16806
16231 17944 18238
17275 16665 18770
17113 17302 18625
17552 17501 18116
17274 17441 18388
16933 17727 18499
17305 17529 18285
17405 17473 18311
16359 18754 17307
16599 18977 16529
17713 17248 18096
17218 18290 16876
17439 17918 17551
16895 18816 16515
17057 17090 18852
17039 17862 18042
17564 17482 18157
16788 18821 16859
16325 18885 17235
16781 18022 17926
16487 18375 17741
17319 17784 18249
16818 18766 16889
17584 17375 18348
17465 16845 18579
16524 17938 18427
16567 18997 16705
17185 17523 18359
17769 17300 17967
16973 16699 18966
17445 18046 17284
17286 17185 18673
17889 17390 17019
17206 18324 16842
16244 18360 17824
17496 17875 17485
17425 18110 17474
16957 18655 16768
17258 18485 16480
16775 18222 17785
16651 18839 16977
17368 17484 18130
17126 17236 18764
17270 17417 18414
16673 18895 16909
16643 18912 16981
16188 18375 17841
17084 17298 18717
16286 17931 18521
16834 18684 16883
16619 18840 17018
16996 18440 17121
17605 17874 17402
16584 18964 16701
16632 18200 18169
16321 18760 17347
16925 18372 17464
17134 18143 17904
16874 18375 17639
17155 18623 16678
16752 18943 16794
16448 18719 17211
17260 18167 16894
17179 18313 16942
16473 18569 17391
17095 18355 17408
17051 18227 17624
16500 18986 17008
16658 18564 17212
17130 18478 17085
17165 17099 18728
16902 18667 16461
16973 16699 18966
16853 17831 18049
17425 18110 17474
16711 18367 17804
17344 17731 18130
16290 18659 17408
16745 18529 17264
16550 18713 17236
17246 18410 16738
17540 17732 17989
16711 18500 17296
16553 18237 17867
17077 18333 17558
17536 17387 18222
17464 17991 17525
17033 18422 17186
17258 18138 17467
16942 18557 16939
16537 18612 17273
16726 18253 17815
17149 18332 16910
16378 18728 17152
17008 17881 17918
16278 18608 17600
16601 18539 17599
17530 17933 17424
17122 18507 16845
17530 17933 17424
16954 18300 17567
16503 18410 17601
16598 18955 16683
17246 18410 16738
17003 18429 17384
16472 18881 17054
16888 18458 17411
16888 18458 17411
16378 18728 17152
16636 18546 17351
16553 18237 17867
17024 18415 17235
16525 18966 16776
16726 18253 17815
16779 17992 18162
17003 18429 17384
16472 18881 17054
16501 18355 17913
17179 18313 16942
16525 18966 16776
16954 18300 17567
16853 17831 18049
16098 18798 17151
16568 18926 16691
16744 16782 18885
16991 18538 16507
17519 17914 17355
16262 18368 17440
16985 16965 18802
17277 17634 17455
17346 17745 17383
16413 18585 17080
16599 17194 18500
17234 17996 16828
17081 17475 17563
16638 18744 17028
17004 17291 18070
16767 17017 18439
16813 17086 18249
16667 17842 18058
17116 18174 17009
16842 18605 16744
16438 18155 17730
16950 17731 17935
16902 16977 18352
16721 16906 18850
16708 17898 17898
17088 17346 17684
16923 17175 18166
17103 18522 16672
16825 16858 18851
17098 18054 17234
16770 18315 17487
16869 17406 18185
16506 18887 16796
17060 17199 17753
16783 17148 18331
16489 18217 17667
16749 17938 17800
16788 18461 16913
16652 18804 16799
16625 18224 17660
17045 17104 18201
16673 18229 17571
17047 17705 17480
17080 18128 17397
16988 17775 17811
16695 18512 17264
17021 18347 16848
16781 18788 16928
16953 18179 17376
16839 17740 17838
16854 18436 17316
16919 18385 17327
16665 18563 16979
16532 18516 17326
16875 18342 17453
17060 18504 16745
16600 18532 17221
17024 18457 16756
17112 18245 16971
16951 18422 16832
16995 18441 16775
16513 18440 17355
17112 18245 16971
16740 18525 17199
16740 18525 17199
16842 18344 17400
15900 17697 17982
16436 18828 16512
16713 16767 18804
16757 16693 18686
17070 18428 16335
17498 17841 17347
16694 16976 18329
17087 18294 16666
16579 17295 18184
16672 17345 18154
16350 18209 17444
16092 17675 18010
17016 17022 17901
16930 17587 17893
16402 17911 17764
16652 18120 17459
16031 17718 17905
16943 17298 17463
16012 17606 18026
17080 17966 17272
16841 17631 17642
16447 18730 16989
16716 18677 16517
16744 18418 17261
16542 18206 17651
16764 18590 16738
17048 18418 16569
16990 18333 16792
16910 18252 17094
16090 17682 17949
16606 18698 16877
16881 18358 17185
16829 17603 17832
16769 18520 16833
16514 18493 17301
16500 18687 16913
16596 18713 16625
15937 17670 18020
17009 18451 16697
16871 18362 17324
16854 18166 17338
16562 18532 17149
16482 18251 17395
16412 18559 17041
15932 18504 17161
16382 18325 17384
16937 17659 17417
16913 18338 17026
16819 18308 17378
16805 18547 16696
16487 18756 16677
16485 18773 16666
16687 18549 16752
16553 18182 17393
16402 18543 17051
15981 17615 17923
16473 16726 18229
16601 18570 16772
17022 18383 16388
17467 17694 17329
16312 18175 17504
16050 17677 17891
17223 17778 17322
16387 17337 17829
17360 17797 17207
17036 18364 16556
16518 17155 18179
16573 17459 17730
17068 17802 17180
16545 16995 18088
16336 18507 16871
17017 17955 17225
16817 18353 17000
16619 16863 18096
16658 16801 17781
16636 17211 17898
16797 17854 17352
16889 18432 16665
16925 17833 17253
16795 18045 17261
16592 16949 18033
16911 18428 16414
16354 18125 17643
16519 18120 17568
16654 16731 18155
16877 17316 17566
16476 18479 17132
16834 17490 17670
16677 18411 16742
16901 17527 17551
16584 16949 18081
16841 18296 17164
16858 18158 17074
16726 18328 17300
16663 18365 16862
16681 18330 17092
16753 18224 17194
16855 17972 17305
16663 17865 17314
16500 18433 17268
16593 18240 17337
16500 18174 17544
16824 18198 17186
16741 18342 17076
17019 18381 16393
15939 17555 17863
16007 18430 17222
16515 16896 18122
16825 18385 16397
16906 18211 16484
16332 18398 17075
16381 17273 17711
16500 17136 17961
16776 18351 16751
16766 17433 17523
16761 17659 17199
16795 18145 16881
16670 16990 17534
16739 17800 17155
16788 18241 16586
16868 17846 17107
16713 17906 17290
16508 17808 17542
16663 18335 17049
16526 17208 17746
16386 17201 17797
16658 18379 16584
16520 18349 16954
16474 17172 17776
16686 17824 17338
16711 17968 17266
16425 18103 17396
16419 18127 17431
16598 18283 17097
16826 17137 17515
16627 17989 17149
16444 18077 17485
16351 18131 17264
16670 18380 16489
16893 17208 17461
16448 18004 17368
16560 18059 17316
16421 18405 16898
16608 18005 17234
16560 18066 17168
16756 18264 17123
16613 18049 17124
16583 18130 17128
16474 18385 17223
15842 17442 17516
16424 18377 17093
16459 16494 17910
16729 18289 16556
16756 17452 17187
15886 17166 17828
16189 17971 17480
16227 17065 17773
16391 16933 17861
16508 17124 17639
16392 16847 17872
16571 17798 17310
16734 17901 16785
16678 18194 16828
16408 17806 17332
16605 18327 16926
16720 17331 17488
16616 18058 17044
16436 18092 17205
16542 17883 17259
16560 18174 17118
16711 17927 17166
16570 18284 17016
16488 17873 17285
16600 18241 17018
16641 17933 17034
16471 17939 17281
16569 18129 17021
16497 18303 17039
15786 17092 17761
15876 17008 17772
16318 16824 17693
16554 18318 16573
16676 18229 16522
16618 17118 17307
15956 16828 17766
16293 18208 17060
16671 17478 17087
16570 18254 16853
16614 18186 16630
16564 17893 17112
16659 17636 17031
16538 18121 17062
16598 17800 17155
16422 18197 17085
16652 17505 17138
16603 17746 16935
16485 18302 17019
16534 18303 16887
16581 18155 16972
16452 17831 17153
16463 18139 17116
16596 18136 16940
16351 18268 17001
16373 18277 16849
16527 18252 16603
16637 17388 17129
16515 18232 16642
16553 18113 16842
16493 17699 17109
16431 18161 16897
16548 17540 17068
16578 17942 16972
16478 17869 17098
16566 17438 17091
16580 17399 17111
16466 18094 17062
16488 18033 16993
16386 18275 16901
16471 18151 16923
16482 18108 17029
16448 17782 17017
16485 18145 16557
16522 17384 17115
16546 17331 17074
16456 18021 16783
16509 17927 16962
16449 18106 16610
16257 17588 16909
16432 18016 16642
16404 17895 16738
15935 18699 17695
16364 19153 16843
16699 16457 19159
16893 18860 16455
17190 16341 18866
17964 16899 17815
16037 18222 18310
16524 17938 18427
16447 16699 19022
17465 16845 18579
17545 16957 18248
16761 16463 19106
17393 17528 18276
17760 17702 17314
16915 18587 17356
17889 17390 17019
17802 17450 17857
16596 17052 18922
17126 17236 18764
16960 16483 19059
17850 17649 17554
16731 17579 18673
16490 19092 16678
16064 18063 18224
16286 17931 18521
17101 16983 18884
16940 16638 19071
17211 17024 18781
16463 19111 16787
17314 18100 17939
16971 16604 18952
17168 18233 17737
16386 17734 18569
16996 16548 18994
17913 17273 17072
16531 19068 16897
16311 17759 18458
16325 18885 17235
17422 17800 17998
17355 17691 18068
16476 18242 18145
16995 17293 18821
17950 17105 17670
16645 18270 18091
17286 17185 18673
16895 18816 16515
17681 17899 17186
16355 19027 17151
17202 18140 17913
16632 18200 18169
17057 17090 18852
17621 17554 17628
16018 18767 17508
16133 18516 17754
17028 17151 18869
16949 16530 19009
17927 17203 17133
17507 18055 17262
17113 17302 18625
16770 18923 16604
17577 17678 17901
16300 18335 17875
16850 18877 16548
16166 18384 17965
17443 17795 17796
17026 17246 18723
16840 18938 16579
16210 18484 17761
17275 16665 18770
17718 17336 17934
16182 17601 18733
17691 17351 18084
16509 18990 17095
17464 17491 18035
15990 18727 17612
17827 17429 17760
17056 18554 17323
16703 17135 18904
17555 17628 18014
16102 17957 18293
17230 17041 18684
17066 16574 18940
17384 18001 17647
17458 17828 17774
16569 18418 17788
16933 17727 18499
15974 18666 17702
17241 18175 17429
17520 17854 17726
16808 18520 17569
17081 18433 17386
17725 17340 17860
17668 17460 18080
16900 18097 17957
16417 17637 18584
17869 17425 17165
16969 16782 18935
17635 17117 18182
16115 17987 18196
17016 17311 18747
16969 16782 18935
16951 17474 18604
16235 18672 17530
16552 19004 17057
17579 17928 17406
16678 18708 17270
17217 18196 17440
16368 19078 16993
16093 18649 17638
17600 18047 17182
17871 17378 17465
16311 19135 16900
17268 18151 17625
17644 18028 17160
16441 18959 17159
15945 18620 17703
16985 18017 18021
16871 18553 17492
17090 18339 17585
16716 18445 17718
17113 18310 17413
16972 18796 16745
16818 18796 16761
16071 18292 18108
16537 18908 17127
16458 18614 17299
17009 18504 17478
17596 17581 17657
17253 17838 18056
16862 18832 16623
16390 18865 17294
17432 17718 17971
16841 17969 18119
17328 17203 18456
16188 18375 17841
17229 18398 17246
16405 18998 17111
16801 18846 16681
16249 18789 17338
16797 18771 16917
16262 18741 17522
16884 18752 16776
17182 18204 17337
16244 18360 17824
16262 18276 17983
16860 18627 17191
16688 18771 16999
16834 18712 16948
16334 18641 17520
16882 18634 17054
17330 17847 17729
16784 18805 16712
16221 18815 17424
16469 19022 17078
16929 18625 16944
16784 18805 16712
16192 18770 17462
16857 18689 17092
16520 18959 17124
16800 18455 17604
17073 18354 17477
16843 18725 16850
16679 18826 17254
17253 18271 16961
16587 18856 17012
16074 17994 18203
16873 18706 16971
16862 18832 16623
16931 18438 17601
16409 18421 17728
16074 17994 18203
17529 17683 18014
16843 18725 16850
16875 18640 16970
16587 18856 17012
17529 17683 18014
15869 18185 17697
16282 18968 16819
16790 18751 16775
16941 16462 18985
16978 16340 18874
17544 17503 17716
16671 17051 18328
16755 16646 18824
17166 16535 18593
16792 16871 18709
17414 17670 17784
16165 18105 17669
17264 17902 17602
17541 17498 17934
16009 17956 18248
16693 17021 18094
16389 18778 17135
16484 17265 18322
16346 18921 17137
17222 17864 17762
17145 17761 17777
17009 18391 17423
16855 17402 18029
16585 18669 17152
17074 18269 17452
17178 18177 17281
17053 16615 18651
16075 17960 18041
16567 17384 18157
16884 18605 16883
17033 16913 18695
16777 18686 17064
17024 17690 17880
16595 18475 17325
16949 16382 18919
16676 17643 17942
17088 16497 18864
16627 17970 17654
16019 17925 18248
16599 18741 16953
16545 18776 16966
17013 18031 17565
16461 17991 17707
16983 17365 18058
16891 18154 17505
16912 17895 17823
16524 17374 18320
16873 16632 18947
16478 18939 17111
16982 18072 17488
16673 18559 17308
16994 18457 17296
16682 18232 17599
16758 18764 16820
16498 17990 17802
16891 17377 17985
16908 16527 18891
16682 18586 17082
17012 18406 17317
16910 17933 17686
15945 17825 18245
16110 18953 16726
16732 18760 16695
16783 16396 18919
16931 16309 18845
17519 17436 17932
17238 17799 17575
17368 17438 17756
17062 18033 17284
16298 17309 18039
16737 16803 18575
16008 17684 18105
16634 16638 18711
16018 17539 18083
16827 16596 18481
16830 18007 17459
16673 17092 17969
16532 18132 17564
16741 16568 18707
16202 18923 16812
16235 18533 17185
16389 18825 17087
16042 17687 17910
16972 16877 18380
16428 18920 16886
15969 18186 17523
17000 17249 17933
16574 18580 17057
16489 16963 18265
16804 16405 18833
17007 16478 18599
16370 17289 18042
16466 18861 17054
16517 18530 17250
15987 17905 17914
16908 17804 17768
16716 18724 16778
16628 17054 18057
16921 16880 18398
16487 18614 17120
16638 18435 17213
16693 16947 18024
16865 18387 17344
17033 16411 18584
16922 17438 17861
16634 17027 18004
16639 18683 16838
16770 18599 16917
16070 18531 17218
16886 18253 17380
16943 16370 18709
15997 18360 17412
16884 18306 17369
16492 18640 17028
16674 18546 16972
16988 18323 17320
16662 18656 16985
16999 16488 18394
15972 17858 18056
17015 18167 17297
16970 18377 17268
16678 18660 16861
16768 18638 16799
16924 18255 17338
16717 18651 16710
17009 18358 17306
15861 17762 18099
16292 18890 16700
16582 18715 16414
16772 16244 18858
17367 17402 17886
16968 18041 17167
16104 18431 17137
16500 16753 18347
16760 16384 18717
16584 17045 18024
15979 17502 17919
15963 17815 18054
16408 17526 17662
16506 16566 18191
16527 18112 17553
16598 17003 17962
16900 17679 17603
16757 18584 16594
16913 16871 18185
16327 17561 17636
16569 16461 18592
16839 17758 17395
16779 17910 17371
16794 16476 18555
16961 18254 17317
16651 16553 18410
16356 18858 16730
16460 18792 16794
16748 18475 16819
16831 18118 17369
16675 18620 16750
16724 18555 16911
16726 16880 18187
16870 18281 17268
16446 18526 17093
16713 16501 18386
16649 18358 17209
16470 18564 16981
16810 18275 17327
16386 18423 17198
16386 18692 17048
16642 18645 16711
16431 18710 17009
16456 18581 16958
16872 18320 17184
16635 18424 17075
16656 18355 17303
16834 16517 18376
16843 18300 17205
16558 18543 17012
16513 18541 17017
16748 18344 17050
16755 18331 17066
15829 17334 17919
16415 18778 16757
16640 18587 16234
16664 16270 18701
17073 17355 17769
16744 16509 18276
16333 17485 17556
16191 18677 16782
16676 17286 17826
16551 17998 17364
16671 16380 18616
16709 16465 18302
16954 18059 17292
16423 18091 17500
16589 18569 16499
16876 18099 17261
16842 18209 17254
16303 18669 16940
16629 18588 16474
16721 18535 16730
17012 17299 17798
16216 18454 17086
16779 18263 17250
16511 18016 17381
16506 18334 17133
16359 18493 17003
16580 18420 17038
16861 18277 17089
16705 18546 16832
16490 18330 17259
16723 18027 17306
16552 18448 16896
16611 18371 17010
16388 18446 17048
16774 18251 17303
16406 18648 16768
16623 18374 16984
16698 18316 17070
16679 17305 17817
16496 18518 16913
16408 18609 16922
16623 18318 17058
16415 18539 16926
16628 18331 16932
16176 18546 16927
16234 18587 16827
16528 18565 16430
16638 17088 17727
16944 17307 17013
16835 18062 16582
16367 17744 17403
16247 17385 17473
16198 17832 17453
16649 18529 16728
16490 18478 16823
16233 17423 17467
16722 18192 17100
16307 18571 16845
16393 18553 16804
16619 18146 17276
16748 17765 17299
16646 18306 17040
16540 18207 17258
16811 18192 16538
16802 18229 16967
16391 17397 17395
16493 18257 17206
16518 18255 17154
16773 18207 17047
16765 18094 17292
16833 18161 17176
16371 18570 16896
16005 18314 16857
16111 18488 16602
16188 17438 17402
16549 18485 16436
16778 17246 16880
16813 17350 16749
16431 18474 16642
16451 17581 17206
16755 17763 16955
16688 17949 17140
16260 17917 17237
16340 17476 17315
16341 18241 17102
16291 17418 17347
16744 18144 16771
16122 18084 17199
16620 18246 16967
16722 17884 17170
16562 18254 17040
16536 18101 17071
16109 18486 16759
15918 18335 16626
16250 17370 17261
16407 18434 16606
16503 18381 16344
16713 17201 16849
16758 17290 16634
16631 17874 17126
16296 18168 16864
16482 18067 17013
16543 17942 17110
16684 17283 16732
16445 18112 16938
16680 17349 17131
16609 17984 16901
16750 17339 16724
16602 17943 16960
15708 18232 16429
15729 18388 16295
16345 18198 16215
16410 17448 17103
16674 17125 16761
16037 18327 16410
16527 17184 16981
16518 17829 17052
16490 17878 16585
16443 18095 16715
16199 17854 17060
16288 18180 16340
16664 17342 16669
16311 17850 16851
16671 17337 16792
16398 18137 16559
16625 17831 16507
16607 17851 16844
16116 18006 16585
16437 17764 16898
16653 17075 16710
16573 17273 16792
16592 17241 16694
16608 17169 16709
