70 3.98568
7994 6665 7239 6152
6610 8193 6854 6193
6677 6063 8268 6027
7236 6806 7315 7491
7231 7465 7963 6957
7408 8009 7309 6778
7097 6623 6981 7578
8057 6846 7837 6767
7511 8069 7470 6601
7370 8175 7191 6699
7499 7513 7433 7290
7600 8007 7447 6781
7390 7100 7750 7193
7831 7650 7418 7064
7776 8136 7297 6616
7125 7038 8304 6328
7266 7902 7626 6979
7957 7646 7755 6356
7003 7200 8180 6890
7882 7866 7428 6157
7475 6888 8137 6706
7321 7370 8156 6905
7592 7185 6879 7359
8018 7180 7479 6427
7272 7378 8117 6568
7740 8181 6922 7148
7183 7131 8327 6373
7459 7779 7932 6757
7857 7228 7791 7066
8062 6894 7269 6732
6693 6996 7876 7331
7619 7613 7941 6486
7344 8007 7643 6537
7710 8001 7546 7045
7600 7968 7594 6769
7488 8081 7368 6593
6924 6966 7886 7311
7669 7790 7253 7327
7776 8136 7297 6616
7017 8337 6682 6580
7414 7034 7703 7590
7734 7612 7645 6731
7619 6804 7691 7327
8018 7405 7134 6731
7497 8090 6931 6130
6948 7120 8121 6806
7990 7169 6907 7140
7923 7477 7598 6516
7098 6621 8247 6845
7755 6595 8060 6400
7209 7148 8288 6548
7485 7119 8000 6916
7463 7621 7552 7089
8025 7082 7492 6590
7125 8133 7624 6583
7264 7500 8014 6567
7193 7082 8033 7062
7266 7902 7626 6979
7778 7120 7595 7061
8059 7130 7108 6724
7212 7276 6596 7395
7774 7458 7591 7024
7948 6896 7817 6267
7431 8176 7197 6065
6960 7613 8031 6622
7594 7888 7609 6918
7590 6870 7503 7367
7860 6867 7950 6828
7158 8184 7146 6555
7624 7515 8099 6778
7596 7323 7439 7252
7747 7958 7162 6175
7020 6590 8083 6949
7904 7208 7354 7004
7868 7834 7341 6370
7029 7311 8209 6742
7653 6427 7952 7111
8041 7527 7481 6498
7857 7142 7539 7127
8048 7546 7569 6710
7139 7012 8290 6389
7388 7559 7383 7255
7614 6858 7412 7367
8212 7680 7617 6453
6997 6300 8355 6391
7524 7881 7381 7286
7151 7321 8370 6896
7885 7558 7938 6638
7530 7874 7384 6863
8139 7187 7427 6622
7190 7110 7482 7322
7411 7080 8323 6140
7603 7829 7416 6881
7513 8152 6447 6883
7885 7558 7938 6638
7354 8123 7758 6239
7336 6907 7306 7595
7868 6902 6998 7088
7607 7981 7342 6449
7370 8175 7191 6699
7360 7191 7536 7252
7820 7927 7497 6730
7447 7702 7355 7327
8011 6815 7835 7055
7356 8154 6756 6497
7289 7395 7724 7160
7538 6466 8187 6996
7716 7831 7606 6740
6919 7475 8179 6622
7859 7605 7527 6673
7397 8161 7670 6602
7140 6942 8272 6598
7642 7853 7173 7063
7866 7340 6921 7216
7689 7151 8113 6621
7718 8127 7373 6941
7413 7230 8122 6666
7257 8051 7352 6711
7614 6770 8044 7050
8153 7322 7394 6301
7270 6421 6778 7414
7682 7475 7245 7124
8092 7402 8019 6836
7630 8131 7166 6891
7544 7533 7996 6448
7313 8108 7469 6482
6645 6540 7578 7505
7756 7694 7887 6522
7204 8174 7205 6631
7777 7408 7978 6957
7004 7400 7397 7368
7867 8084 7671 6524
7350 7585 7388 7284
7823 7486 7074 7063
7630 8131 7166 6891
7102 6708 8356 6728
7462 7452 7054 7345
7690 7832 7490 7040
7526 7484 7892 7094
7708 8177 7144 6578
7478 6773 8195 6742
7416 7425 8339 6958
7671 7805 7186 7141
7961 7515 7350 6346
6973 6709 8303 6617
7784 7803 7176 7077
7570 6993 7931 7079
7584 7760 7682 6971
7825 7966 7533 6936
7980 7914 7259 6631
7287 7393 7386 7247
7652 7920 7813 6688
7457 7606 8128 5928
7665 7949 6986 7029
7710 7516 8402 6831
7313 8108 7469 6482
7292 7023 7562 7425
7729 7534 7534 7303
7862 7566 7596 6561
7517 8086 7394 6515
6999 7043 8055 7029
7509 7158 8152 6395
6968 7842 7721 6947
7834 7732 7290 6859
7718 8127 7373 6941
7199 6944 8271 6784
7612 6905 7074 7647
7974 7303 7723 6687
7180 6882 8065 7095
7948 6896 7817 6267
7331 7452 8288 7067
7650 7496 8018 6691
7295 7689 7394 7232
8052 7352 6977 6862
7884 7805 8002 6230
7209 7807 8077 6426
7090 6730 8298 6700
7677 7633 7393 7052
8302 7525 7109 6827
8016 7117 7012 6553
7097 6623 6981 7578
7447 7510 7184 7531
7975 7159 7691 6812
7634 7852 7970 5887
7298 7985 8035 6387
7643 7801 7671 6964
7035 6597 7698 7490
7825 7966 7533 6936
7559 8153 7384 6590
7330 8292 7070 6422
7427 7497 7298 7172
7514 7919 7843 6475
7171 7268 8088 6876
7925 7197 7604 6907
7762 8086 7211 6570
7260 7241 8115 7011
7599 8030 7310 6995
7886 7457 7605 6711
7206 7991 7805 6531
7609 8101 7280 6573
7449 7127 8354 6510
7077 6970 7784 7285
7455 7300 7123 7340
8147 7157 7733 6529
7078 6952 8360 6771
7447 7932 7150 6988
7665 7588 7795 6939
7730 8019 7700 6503
7544 7782 7493 7238
8015 7462 7156 6577
7396 7082 7343 7587
7815 7567 7619 6709
7476 7836 7790 6411
7385 8160 7268 6994
7990 7707 7497 6822
7677 8113 6974 6460
6974 6564 7509 7474
7771 7230 6975 7320
7901 7889 6968 6619
7475 8181 7043 6281
7768 7312 7860 7004
7827 8047 6830 6766
7518 7335 7339 7478
8097 7204 7483 6311
7127 8119 7150 6653
7025 6739 8029 7112
7617 6630 7615 7314
7964 7781 7444 6765
7217 6929 8266 6911
7916 7506 7451 6797
7370 8113 7815 6693
7756 6948 8035 6745
7634 7715 7570 7001
7923 7385 7547 6522
7099 7361 8199 6589
7163 7685 7874 6760
7530 7271 8126 6764
7631 7940 7670 7077
8032 7172 7449 6934
8208 7231 6934 6824
7116 6899 7827 7279
7888 7607 7013 7078
7396 7759 8063 6125
7215 8312 6891 6528
7328 7279 8116 6629
7664 8223 7198 6839
7445 7632 7387 7205
7838 7886 7540 6768
7476 7941 7159 7052
7267 7923 7836 6659
7220 7913 7493 6952
7689 8092 7459 6595
7435 6999 7978 7332
7734 7516 7038 7278
7854 7691 7362 6722
6914 6659 8309 6761
7204 7564 7501 7257
7809 7471 7810 6648
7614 6770 8044 7050
8120 7211 7310 6491
6799 6784 8331 6463
7685 7419 7832 6896
7789 7305 6673 7240
8041 7527 7481 6498
7563 7217 8172 6446
7779 7839 7460 7187
7853 6862 7932 6609
7709 7609 7850 6586
7714 8003 7277 6869
7828 7947 7215 6707
7562 7228 7484 7408
7411 7080 8323 6140
6983 8181 6648 6850
7436 7664 7799 6976
7829 6804 8125 6852
7330 8292 7070 6422
7264 6998 7289 7407
7669 7790 7253 7327
8112 7766 7481 6920
7450 8155 7188 6484
7159 7086 7440 7417
7595 7882 7323 7085
7357 7533 7364 7286
7696 7840 7604 6980
7466 8123 7103 6756
7172 7465 7985 6748
7688 7449 7434 7140
8011 7720 7497 6684
7261 6843 8160 6852
7824 6727 8064 6474
7464 7366 8202 6689
7163 7284 8354 6935
7664 7809 7006 7031
8212 7680 7617 6453
7438 7042 8132 6689
7652 7920 7813 6688
7151 7297 8240 6637
7273 8039 7019 6899
7849 7277 7927 6783
7936 7485 7866 6254
6707 6987 7302 7506
7390 7404 7757 7193
7574 7293 7978 6967
7638 7842 7547 6586
7044 7896 7860 6677
7272 8141 7410 6334
7250 7420 7388 7291
7672 6849 8000 6738
7567 7890 7247 6909
7513 8207 7120 6860
7462 7452 7054 7345
7795 8014 7455 6742
7845 7215 8145 7042
8058 7621 7597 6976
7690 8044 7028 6480
7204 6088 8294 6977
7885 7763 7208 7128
8058 7621 7597 6976
7609 8234 7838 6589
7745 8083 7128 6213
6921 7063 8248 6275
7835 7555 7306 7251
7658 7688 7146 7316
8045 7120 7400 6189
7176 7010 8233 6290
7194 7741 7763 7178
7548 7012 7889 7065
7629 7576 7998 6458
7682 7795 7684 6802
8173 7353 7415 6824
7309 7483 7172 7360
7605 8005 7352 6791
7541 7613 8116 6174
7479 8067 7186 6767
7849 7277 7927 6783
7315 7862 7927 6666
7332 7103 7477 7345
7870 7470 6747 6997
7795 8014 7455 6742
7609 8234 7838 6589
7211 6855 8134 6908
7681 8043 7468 6452
7476 7812 7271 7059
7859 7741 7243 6869
7439 8007 7578 6482
7570 6993 7931 7079
7514 7262 7442 7215
8103 7297 6790 6807
7718 7081 7928 6959
7994 6569 7848 6348
7401 7797 7945 6371
7236 7471 8161 6678
7550 7664 7316 7240
7963 7732 6971 6790
7008 7095 8221 7006
7408 8006 7555 6628
7464 7366 8202 6689
7799 7390 7340 7138
7672 7712 7411 7089
8134 7010 7097 6465
7140 6708 7150 7591
7693 7029 7677 7110
7750 7651 7460 6924
7216 8036 7725 6565
7325 8007 7693 6523
7393 8088 7599 6571
7518 7343 7485 7456
7965 6887 7812 6628
7165 8242 7013 6404
7647 7944 7760 6595
7471 6759 7381 7386
7715 7983 7113 6711
7406 7041 8136 6869
8139 7187 7427 6622
7765 8019 7022 6247
7107 7473 8249 6476
7221 7208 7980 7072
8092 7402 8019 6836
6870 7825 7743 6834
7870 7860 7369 6989
6998 7192 8071 6914
7284 6994 8124 6910
7948 7126 7388 7145
8181 7300 7567 5968
7010 6996 8461 6618
7474 7793 7431 7243
7528 6701 8251 6539
7397 8161 7670 6602
7672 7542 7705 7030
8002 7428 7451 6406
6856 6561 7223 7635
7393 7402 8079 6811
7194 8039 7379 6873
7731 7844 7335 6873
7891 7537 7964 6719
7409 8046 7460 6510
7062 7118 7633 7335
7831 7650 7418 7064
7964 7781 7444 6765
7782 8001 7035 6183
7193 6715 8197 6879
7511 7206 8367 6780
7514 7161 7289 7278
7948 7461 7268 6992
7677 8113 6974 6460
6999 7043 8055 7029
7582 7524 6997 7315
7721 7765 7484 6844
7373 7097 8220 6853
7928 7219 7988 6657
7524 7303 8081 6915
7711 6959 8191 6357
7615 7846 7253 7163
8010 7038 7622 6436
7093 8150 7627 6479
7074 7654 7984 6281
7029 7746 7817 6708
7125 7794 6899 7277
7640 7250 7765 7023
8057 7522 7294 6672
7039 6558 7421 7401
7657 7729 7289 7108
7887 7804 7843 6065
7354 8123 7758 6239
7124 7425 8183 6539
7347 8222 7133 6576
7502 7760 7305 7291
7779 7839 7460 7187
7574 7803 7584 6751
7689 7844 7455 6869
7316 7664 7474 7158
7578 8044 7097 6403
6899 6772 8032 7087
8210 7487 7467 6609
7774 7881 7466 6752
6717 6734 8380 6486
7488 7398 7248 7264
7980 7433 7279 6719
7271 7458 8010 7148
8302 7525 7109 6827
7144 6782 8301 6996
7481 7522 7372 7515
7849 6619 8002 6966
7944 6844 7568 6851
7192 6775 8341 6492
7883 7907 7579 6514
7789 7357 7863 6571
7495 7633 7893 5843
7770 8028 7044 7076
7733 8166 7226 5864
7190 7197 7585 7372
7710 7516 8402 6831
7298 7985 8035 6387
7749 7876 7238 7005
7874 7433 7695 6571
7366 8200 6952 6136
