2 0.114019
14023 15281
14023 15281
15014 14947
14786 15202
14023 15281
13988 15244
14837 14776
14513 15174
14640 14923
14548 15116
14754 14822
14102 15167
14780 14290
14376 15113
14597 14815
14752 14641
14135 15129
14531 15013
14754 14406
14626 14653
14459 15040
14190 15080
14665 14354
14522 14989
14565 14636
14653 14551
14582 14597
13786 15079
14643 13960
14181 15055
14630 14289
14407 14980
14476 14614
14461 14878
14492 14403
14539 14402
13787 15034
14517 14155
14471 14329
14327 14919
14024 15001
14457 14541
14444 14700
14102 14969
14421 14843
14513 14181
14356 14850
14092 14980
13896 14969
14516 14119
14446 14209
14430 14669
14102 14966
14193 14858
14421 14724
14320 14824
14309 14828
14446 14209
14446 14209
13977 14962
14450 13991
14430 14579
14036 14949
14135 14778
14241 14765
14379 14616
14122 14855
14329 14708
14361 14694
14270 14749
14122 14855
14264 14761
14122 14855
13912 14939
14429 14346
14104 14792
14182 14757
14269 14718
14394 14464
14324 14634
14286 14642
14339 14551
14339 14551
14426 14428
14425 14442
14339 14551
13819 14937
14425 13870
13963 14791
14424 14067
14092 14790
14320 14598
14397 14376
13841 14919
14225 14713
14196 14718
14337 14466
14390 14418
13649 14915
14397 14249
13815 14874
14389 14390
13881 14759
14081 14748
14313 14439
14195 14695
14198 14610
13962 14757
14038 14756
14308 14508
14290 14531
14195 14695
14236 14587
14287 14580
14261 14583
14195 14695
13677 14874
13677 14874
14391 13775
14372 14347
13724 14804
14384 14051
14374 14073
14290 14465
13812 14766
14275 14565
13855 14755
13948 14750
14210 14580
14327 14375
14087 14691
14156 14584
13965 14720
14138 14629
14007 14693
14352 14368
14007 14693
14122 14679
13677 14874
14122 14679
14374 14073
14384 14051
14007 14693
14122 14679
14374 14073
14384 14051
13601 14871
14372 14101
13774 14758
14329 14297
14271 14556
14175 14571
14372 14101
14102 14675
13920 14705
13920 14705
14115 14667
14278 14397
13655 14777
13627 14785
14319 14366
14282 14391
14319 14366
13920 14705
14319 14366
14372 14101
13320 14819
14362 14083
13847 14692
13541 14745
14000 14663
13615 14707
14286 14240
14282 14349
14320 14137
14097 14619
14205 14466
14121 14546
14313 14198
14083 14654
14237 14420
14139 14482
13602 14708
14251 14377
14129 14513
14247 14387
14136 14512
14247 14387
14247 14387
13234 14780
14352 14057
13705 14679
13970 14661
14051 14536
14270 14311
14201 14376
13716 14669
14048 14652
14306 14164
14112 14472
14158 14445
14318 14066
14272 14201
14272 14201
14352 14057
14272 14201
14352 14057
13644 14677
14344 13842
13830 14654
14252 14311
14161 14346
13981 14635
13661 14665
14124 14442
14335 14017
14333 14045
14284 14158
14062 14458
14284 14158
14046 14523
14031 14581
13999 14592
14284 14158
13598 14676
13598 14676
14290 13951
14251 14303
14284 14130
14110 14356
14024 14429
14002 14557
14287 13973
13926 14604
14102 14407
13822 14607
13959 14582
13634 14646
13717 14641
13747 14621
13619 14661
13778 14612
13717 14641
13776 14620
13598 14676
13717 14641
13546 14659
14289 13939
14242 14141
14243 14003
14033 14403
13796 14581
13673 14607
13651 14621
13824 14559
14074 14302
14236 14242
14063 14366
13995 14506
13946 14553
14149 14295
14287 13972
14218 14271
13946 14553
13995 14506
14183 14288
13946 14553
13995 14506
13134 14657
14272 13938
13412 14637
13565 14587
14231 14124
13962 14493
14241 13953
13755 14579
14219 14178
14169 14260
13823 14516
14093 14265
13984 14392
13769 14534
14062 14341
14026 14379
14025 14388
14062 14341
14272 13938
14062 14341
14272 13938
13511 14582
14230 13907
13843 14478
14211 14102
13941 14474
14014 14368
13708 14566
13673 14574
14051 14308
14150 14226
14062 14232
14194 14178
14194 14178
14194 14178
13682 14563
14162 14133
13901 14473
14021 14235
14125 14209
13937 14356
13995 14351
13458 14548
14145 13976
13646 14546
13895 14472
14117 14194
13957 14342
14015 14234
14132 14032
13897 14432
13309 14525
14131 13780
13596 14500
13858 14471
14097 13913
14096 14150
13975 14151
13915 14328
13934 14277
13454 14494
14095 14071
13921 14213
14093 14101
13568 14482
13792 14452
13842 14451
13856 14312
13493 14488
13908 14250
13891 14274
13875 14302
13192 14487
14082 13644
14076 13892
13979 14093
13767 14445
13520 14456
13406 14474
13908 14241
14042 14015
13830 14377
13868 14288
14035 14044
13793 14401
13478 14472
13880 14257
13349 14469
14033 14007
13671 14440
13770 14330
13911 14089
13699 14436
13955 14013
13898 14168
13794 14265
13861 14251
13896 14221
13533 14439
14021 13791
13593 14415
14005 13950
13668 14340
13901 14009
13870 14099
13943 13959
13769 14323
13770 14214
13718 14330
13852 14146
13838 14201
13794 14205
12874 14425
14005 13910
13378 14409
13849 14145
13756 14320
13856 14080
13993 13946
13481 14361
13653 14326
13577 14357
13283 14360
13993 13939
13409 14341
13750 14218
13584 14320
13761 14121
13831 14092
13717 14290
13909 13945
13837 13996
13671 14310
13856 13994
13400 14335
13993 13708
13750 14172
13527 14320
13809 14027
13968 13829
13622 14268
13949 13908
13673 14226
13831 13981
13884 13944
13890 13931
13654 14247
13236 14308
13985 13603
13889 13877
13456 14285
13655 14168
13607 14249
13746 14075
13732 14153
13796 14022
13798 13974
13537 14261
13824 13914
13826 13889
13502 14267
13476 14272
13198 14268
13969 13511
13852 13838
13897 13601
13479 14266
13734 14020
13600 14206
13559 14247
13645 14124
13957 13557
13698 14091
13733 14039
13682 14113
13382 14215
13900 13503
13851 13791
13708 13959
13524 14202
13596 14090
13872 13541
13703 14034
13424 14191
13692 13842
13516 14104
13670 14032
13687 14030
13495 14188
13674 14021
13686 14000
13684 14003
13612 14008
13622 13747
13461 14006
13584 13360
13563 13676
13528 13955
13534 13921
13312 13933
13530 13829
13291 13719
13351 13655
13295 13392
