19 0.235711
8189 8633
8508 8387
8619 8082
8543 8234
7998 8760
8237 8591
8393 8538
8552 8213
8291 8585
8089 8740
8446 8325
8446 8325
8439 8350
8481 8250
8601 7969
8577 8053
8540 8216
7892 8745
8358 8509
8383 8359
8375 8449
8358 8509
8374 8485
8383 8359
8244 8547
8134 8553
8083 8692
7992 8714
8409 8316
8598 7854
8535 7921
8524 8202
8348 8505
8372 8445
8372 8445
8370 8452
8372 8445
8215 8527
8206 8542
8201 8547
8057 8607
8077 8575
8003 8672
8025 8656
7844 8712
7930 8680
8390 8308
8409 8283
8556 7817
8470 8160
8511 7896
8429 8202
8516 7856
8334 8492
8362 8359
8346 8407
8346 8407
8346 8407
8348 8375
8362 8359
8121 8536
8142 8518
8167 8497
8196 8495
8089 8542
8032 8543
8024 8619
8024 8619
7956 8643
7889 8675
7871 8678
7928 8655
8371 8287
8396 8251
8528 7753
8464 8061
8465 8007
8436 8128
8403 8143
8495 7814
8510 7811
8315 8474
8253 8484
8346 8340
8118 8496
8082 8530
8015 8576
7961 8581
7947 8631
7768 8674
7768 8674
7840 8647
8351 8237
8388 8209
8395 8170
8446 8036
8456 7857
8412 8083
8425 8046
8410 8098
8302 8464
8318 8338
8334 8289
8110 8494
8080 8521
7964 8553
7992 8550
8011 8539
7992 8550
7944 8615
7819 8630
7793 8631
8348 8220
8337 8235
8358 8128
8385 8122
8432 7989
8431 8015
8446 7980
8449 7741
8411 8066
8399 8088
8403 8073
8231 8452
8176 8461
8176 8461
8288 8422
8315 8329
8309 8337
8066 8507
8080 8472
8050 8513
7960 8548
7989 8519
7880 8602
7935 8601
7780 8609
7780 8609
7780 8609
7780 8609
8341 8206
8357 8125
8363 8118
8417 7981
8442 7872
8442 7872
8448 7737
8370 8061
8181 8447
8113 8457
8134 8456
8245 8418
8245 8418
8217 8421
8288 8409
8314 8215
8314 8215
8306 8285
8035 8507
8035 8507
7993 8512
7941 8538
7861 8601
7861 8601
7925 8568
7869 8594
7913 8590
7927 8546
7593 8609
8334 8197
8353 8099
8353 8099
8355 8083
8353 8099
8401 7972
8422 7843
8423 7627
8359 7984
8117 8440
8097 8447
8097 8447
8048 8451
8117 8440
8231 8418
8234 8388
8272 8327
8281 8312
8296 8278
7998 8499
8025 8492
7922 8549
7894 8573
7845 8574
7845 8574
7845 8574
7798 8559
