28 5.13335
23372 25009
24740 23328
23779 24809
24051 24750
24219 24459
23458 24926
24635 23692
24527 23935
24430 24114
24573 23779
24315 24331
24364 24188
24351 24217
24319 24310
23313 24987
24627 23637
23638 24804
24068 24397
23831 24742
24261 24289
23991 24688
24392 23902
24553 23748
24354 24043
24590 23665
24477 23764
24361 23990
24282 24241
24299 24132
24425 23819
23929 24706
24289 24146
24432 23806
23989 24691
23929 24706
23128 24920
24615 23496
23287 24793
23563 24760
23666 24723
24288 24049
23886 24686
24265 24204
23144 24851
24357 23820
23983 24496
23969 24564
24432 23743
23919 24674
24521 23599
24314 23937
24035 24291
24209 24257
23987 24341
24342 23913
24166 24273
24497 23657
24009 24302
24436 23678
24513 23635
24437 23666
23987 24341
24166 24273
24521 23599
23017 24856
24506 23492
23576 24695
23136 24835
23393 24719
24276 24028
24503 23634
23934 24400
23832 24686
24392 23698
23971 24325
23916 24572
24263 24195
24294 23873
24340 23756
23393 24719
23884 24606
24068 24267
23125 24852
23836 24661
24151 24259
24309 23819
24214 24202
24072 24261
24179 24207
24164 24238
24308 23831
23393 24719
23393 24719
23344 24717
24487 23358
24286 23863
23472 24687
24259 24143
24472 23630
23925 24384
24481 23453
23965 24291
24135 24244
24052 24257
24367 23670
23864 24475
23738 24659
23652 24682
24315 23686
23783 24617
24198 24180
24299 23779
23652 24682
24305 23760
24245 24178
24487 23358
23845 24531
23784 24560
23852 24530
23798 24553
24198 24180
23798 24553
23540 24675
24466 23336
24285 23841
24240 24175
24465 23558
23759 24603
24355 23665
23687 24658
23814 24502
24406 23606
24123 24213
23629 24668
23851 24484
24466 23336
24250 23972
24250 23972
23922 24339
23947 24289
23862 24344
24039 24242
24364 23660
24066 24239
23982 24254
23862 24344
23982 24254
24099 24233
24109 24228
24364 23660
23434 24668
23434 24668
24460 23384
23805 24442
23751 24601
24360 23650
23888 24331
23592 24602
24102 24223
24275 23735
23537 24645
24240 24051
24253 23840
24432 23550
24457 23532
23932 24284
23977 24252
24156 24174
24201 24124
24272 23836
24233 24074
24178 24146
23977 24252
23404 24660
24453 23467
24367 23539
24342 23649
24248 23797
24237 23990
24271 23734
23838 24293
23791 24426
23905 24235
23999 24204
23410 24643
23717 24553
23657 24592
23532 24610
23735 24499
23758 24432
24188 24097
23863 24274
24139 24157
24144 24127
24234 24043
24202 24057
24048 24200
24086 24185
23532 24610
23603 24599
23603 24599
24080 24191
24080 24191
23322 24647
24445 23436
23491 24567
23694 24546
24030 24200
24334 23612
24445 23436
23858 24239
24269 23723
23413 24600
24227 23971
24247 23787
23805 24253
24334 23612
23725 24490
24086 24178
23730 24427
24225 23992
24183 24063
24137 24113
24117 24145
23783 24344
24177 24075
23769 24389
24247 23787
23776 24387
23783 24344
22857 24616
24436 23256
23237 24608
23430 24545
23910 24193
23769 24356
24295 23557
23723 24478
24165 24051
24192 23922
24100 24109
23557 24537
24065 24164
24429 23427
24328 23473
24232 23742
23947 24170
23769 24356
24260 23688
24227 23830
24344 23428
23656 24526
23645 24534
24260 23688
24429 23427
24214 23877
24212 23886
23229 24601
24424 23359
23314 24540
23621 24532
24252 23493
23907 24188
24246 23680
24357 23403
23760 24248
23757 24303
24028 24159
24121 24025
23720 24420
24087 24084
23679 24472
24139 23934
24215 23782
24410 23383
24185 23816
24177 23854
24054 24124
24167 23891
24158 23911
24215 23782
24051 24127
23691 24433
23687 24445
23116 24594
24225 23596
23454 24496
23650 24445
24099 24010
24156 23866
23737 24253
23507 24494
23993 24143
23800 24149
24039 24056
23694 24358
24193 23736
24202 23600
23793 24161
23716 24321
24005 24115
24173 23831
24188 23770
23224 24482
24209 23578
23671 24321
23451 24425
23562 24423
23737 24157
23776 24134
24184 23666
23970 24121
24123 23846
24149 23741
24025 23999
24096 23922
24048 23929
24020 24045
24125 23785
23998 24069
24140 23776
24075 23927
23996 24108
23989 24115
23993 24111
23330 24410
24205 23359
23661 24145
24179 23563
23921 24094
23449 24295
23631 24286
24132 23763
24019 24035
24038 23839
23339 24357
23983 24089
24110 23838
24121 23818
23208 24402
24134 23279
23610 24235
23873 24085
24011 24034
24094 23762
24129 23508
24130 23301
24095 23590
24122 23582
23169 24379
24125 23420
23570 24216
24058 23744
24112 23445
23760 24066
24011 23909
23576 24151
23871 24061
23955 24025
24000 24010
23573 24165
23469 24196
24035 23450
23742 24024
23560 24194
23990 23998
24020 23571
24006 23764
23996 23927
23997 23823
23511 24166
23996 23587
23729 23988
23980 23970
23492 24141
23979 23588
23974 23960
23786 23965
23516 23976
23506 24131
23214 24135
23951 23752
23935 23924
23754 23947
23486 23978
23393 24090
23463 23993
23289 24095
22986 24032
23947 23646
23437 23932
23843 23892
23468 23923
23924 23710
23875 23797
23883 23772
23690 23887
23931 23614
23844 23785
23861 23742
23909 23617
22847 23790
23858 23711
23802 23780
23838 23726
23797 23744
23829 23498
23813 23706
23789 23740
23802 23427
23705 23568
23765 23473
23552 23509
23700 23438
23332 23473
23590 23348
23874 24546
24786 23428
24260 24425
24371 24205
24415 23992
24593 23551
24702 23449
24427 23781
24537 23616
24477 23713
23671 24539
24654 23219
24346 24180
24066 24319
23790 24407
24535 23486
23980 24360
24446 23683
24349 23977
24369 23809
24560 23325
24439 23709
24593 23287
24621 23226
24364 23889
24364 23889
23519 24491
24636 23087
24304 24117
23699 24385
24431 23673
24044 24287
24341 23927
23941 24359
23561 24488
24435 23543
24511 23326
24502 23437
24331 24041
24559 23193
24573 23176
23946 24304
24044 24287
23518 24491
24563 23060
24024 24280
24146 23999
23907 24339
23703 24341
24551 23193
24313 23787
24474 23409
24485 23337
24388 23553
24365 23640
23615 24372
24291 23911
23543 24410
24252 23997
24563 23060
24382 23584
24270 23994
24270 23994
23395 24470
24546 23039
24356 23638
23858 24271
24273 23779
24375 23428
24469 23398
24004 24205
24484 23201
23565 24363
23741 24277
24022 24111
24238 23879
23683 24312
23508 24426
24048 23994
24152 23965
24220 23936
24048 23994
24524 23141
24542 23101
23535 24382
24016 24190
24168 23947
24505 23187
23698 24311
23509 24412
24152 23965
24048 23994
23295 24458
24492 23141
24139 23950
24454 23398
24010 24158
23433 24399
23779 24263
24208 23929
23561 24354
23872 24205
24227 23799
23649 24310
24343 23576
23504 24382
24355 23419
24349 23461
23826 24249
23966 24190
23649 24310
24261 23626
24260 23757
24285 23580
23992 24183
24239 23767
24264 23621
24260 23757
23382 24396
24482 23072
24342 23530
24260 23750
24441 23367
24086 23935
24479 23093
24418 23386
23542 24350
23947 24137
23619 24273
23723 24231
23892 24179
23469 24353
24004 24002
23959 24014
24206 23915
24209 23799
23414 24390
23803 24183
24206 23915
23803 24183
24210 23765
23654 24242
23654 24242
23994 24010
24479 23093
24206 23915
23264 24384
24482 22965
24438 23071
24249 23617
23540 24337
24411 23312
23722 24208
24011 23934
24334 23445
23867 24175
23935 24107
24211 23736
24360 23333
23961 23999
23586 24268
23401 24357
24193 23889
24298 23500
23283 24369
23384 24367
23867 24175
24203 23759
24076 23922
23685 24211
23634 24224
23616 24243
24309 23484
24162 23891
24116 23893
23942 24040
24102 23911
23938 24059
24390 23317
24203 23759
23401 24357
24390 23317
24298 23500
23401 24357
23333 24349
23333 24349
24423 22866
24186 23889
24225 23545
24419 23027
23615 24236
23718 24196
24042 23917
23442 24336
24410 23250
23907 24076
23924 23944
24264 23494
23533 24323
23808 24149
24344 23333
24410 23250
24306 23447
24328 23409
23333 24349
23870 24095
23533 24323
23985 23922
23829 24113
23960 23930
24344 23333
23826 24146
23344 24334
24400 23135
24330 23328
24180 23746
23716 24153
24224 23504
24369 23175
23472 24320
24071 23884
24161 23866
23826 24126
23613 24189
23981 23918
23526 24284
24288 23436
23943 23930
23858 24033
24177 23769
24281 23437
24224 23504
23854 24090
23544 24222
23883 23952
23576 24212
23862 23956
24288 23436
23458 24319
24381 23108
23707 24136
24169 23573
23611 24179
24160 23799
24074 23864
23856 23946
23770 24057
24329 23285
23539 24198
23956 23915
23477 24235
24240 23435
23953 23917
24173 23497
23847 24038
23832 24040
24285 23332
24262 23361
23471 24311
24323 23291
24103 23842
24131 23804
24210 23469
24107 23812
24210 23469
24270 23336
24267 23357
23237 24315
24368 23068
23679 24073
23576 24143
24328 23229
23502 24198
24166 23464
23809 24017
24237 23397
23839 23976
23955 23907
24158 23584
23468 24304
23369 24314
24264 23300
24276 23268
23990 23833
24065 23829
24140 23667
23412 24305
23960 23846
24101 23750
24128 23719
24090 23811
24091 23782
24135 23690
23402 24287
24342 22870
23795 23937
24314 22962
24102 23591
24284 23223
23570 24118
23674 23955
23933 23882
24059 23739
24108 23414
23484 24166
23639 24070
24139 23381
24253 23235
24226 23360
23439 24189
23643 24011
23997 23795
23979 23833
24218 23377
24045 23774
23949 23880
23458 24181
24270 23228
23258 24252
24314 22919
23592 24001
23934 23880
24033 23533
24069 23373
24028 23749
24274 23105
23443 24174
23309 24204
24250 23158
23967 23805
24186 23281
23544 24069
24183 23323
23480 24102
23253 24252
24278 22752
23822 23876
23544 23904
24021 23356
24176 23314
24198 23070
24020 23602
23428 24036
24191 23126
23481 23999
23915 23856
23392 24162
23540 23980
23307 24184
24018 23701
23272 24199
23375 24164
24000 23739
23931 23820
23966 23769
23964 23801
24194 23081
23196 24233
24159 23172
23452 23966
23621 23845
23256 24089
24147 23266
24015 23451
23867 23841
23982 23621
24008 23497
23966 23675
23930 23755
23881 23759
23858 23828
24120 23125
24001 23289
23993 23467
24107 23152
23949 23643
23918 23728
23863 23780
23383 23810
23976 23440
23761 23807
23936 23619
23792 23757
23862 23670
23876 23630
23433 23751
23964 22992
23713 23693
23887 23606
23958 23273
23571 23695
23507 23744
23931 23390
23913 23463
23915 23456
23444 23689
23909 22736
23894 23135
23770 23562
23569 23661
23855 23301
23650 23593
23837 23532
23841 23437
23616 23604
23531 23638
23881 22712
23672 23526
23857 23045
23870 22840
23357 23600
23724 23006
23518 23439
23545 23163
23722 23028
23709 22562
23822 24914
23822 24914
24782 23250
23944 24193
24353 24183
23926 24754
24408 23864
24506 23719
24643 23586
24677 23357
23833 24827
23743 24813
24693 23205
23778 24351
24580 23466
24267 24022
24660 23299
24344 23984
24537 23582
24392 23829
23806 24237
24463 23660
24096 24039
24409 23716
23887 24158
23995 24042
23962 24090
23920 24157
24083 24040
24693 23205
24693 23205
24693 23205
23636 24743
24669 22482
24667 23188
24669 22482
24140 24013
23913 24030
24325 23823
24204 23909
24451 23627
23663 24476
23826 24124
23902 24069
24487 23433
24641 23235
23692 24413
24178 23924
24575 23254
23698 24288
24549 23389
24389 23758
24570 23316
23794 24157
23707 24233
24487 23433
23738 24191
23760 24171
23663 24476
24410 23631
24393 23686
24410 23631
24549 23389
24392 23751
24393 23686
24389 23758
24393 23686
24549 23389
23060 24659
23060 24659
24662 23068
23324 24591
24499 23203
23632 24276
23618 24547
24429 23568
23571 24565
24281 23809
23916 23981
24057 23944
24495 23389
24296 23661
24649 23153
24495 23389
24347 23636
24413 23609
24179 23813
24121 23935
23672 24228
24126 23870
23870 24024
24166 23843
23735 24174
24649 23153
23797 24095
23838 24038
23663 24241
23782 24136
23571 24565
23735 24174
23782 24136
23797 24095
23838 24038
23735 24174
23838 24038
23838 24038
22961 24565
22961 24565
24662 22732
23407 24514
24623 23077
24618 23145
24495 23325
23609 24303
24284 23633
24267 23809
24069 23878
24410 23566
24435 23367
23515 24426
23836 24026
23628 24208
23515 24426
24273 23783
23721 24073
23841 23992
24399 23599
23978 23901
23915 23935
23690 24163
23718 24077
23684 24174
24060 23881
24435 23367
24468 23342
23915 23935
23935 23904
23935 23904
24468 23342
24402 23596
24060 23881
23400 24503
24602 22529
24598 23088
24458 23334
24202 23776
23484 24425
24467 23219
24250 23663
23646 24170
24018 23854
24032 23806
23558 24269
23741 24017
24387 23447
23668 24098
24533 23145
24135 23797
23522 24273
24533 23145
23833 23927
23920 23903
24297 23539
23799 23981
24135 23797
24351 23457
24328 23538
24350 23507
23496 24339
23651 24140
23496 24339
24267 23588
23894 23926
23751 24002
24267 23588
23668 24098
24387 23447
23894 23926
23920 23903
23558 24269
23817 23962
23920 23903
23817 23962
23751 24002
23817 23962
22859 24484
22859 24484
24595 23048
23261 24373
23128 24472
24075 23783
23624 24137
23128 24472
23970 23851
24165 23747
24445 23128
24269 23529
24240 23646
24003 23829
24383 23402
24335 23403
23475 24340
23515 24226
23836 23886
23698 23940
24444 23258
24321 23502
23527 24183
24438 23334
23379 24366
23475 24340
23379 24366
24220 23650
23654 24071
24460 23106
24545 23079
23689 24007
23652 24076
23781 23914
24190 23708
24438 23334
24444 23258
23689 24007
23764 23934
24190 23708
23830 23898
23515 24226
23527 24183
24570 23068
24460 23106
23764 23934
24278 23515
24314 23513
24545 23079
24570 23068
24278 23515
23830 23898
23836 23886
24314 23513
23527 24183
23003 24469
23003 24469
24568 23068
23066 24369
24371 23191
23344 24278
24134 23703
23552 24117
24369 23330
24222 23568
23895 23848
23917 23819
23475 24201
23253 24362
23417 24241
24279 23443
23253 24362
23707 23930
24011 23742
23680 23985
24371 23191
23802 23895
23993 23757
23642 24013
24340 23372
24178 23622
24153 23631
23623 24063
23587 24083
24252 23492
23472 24220
23772 23914
24340 23372
23780 23909
24278 23483
23802 23895
24252 23492
24278 23483
23993 23757
24011 23742
23772 23914
23772 23914
24340 23372
22781 24397
24531 23066
23244 24306
22899 24351
23474 24195
24319 23133
23587 24012
24238 23400
23426 24211
23891 23832
24214 23444
24316 23229
24168 23601
23784 23889
23952 23742
24051 23694
22844 24384
23720 23900
23626 23904
23625 23953
24318 23221
24069 23627
23988 23719
23588 23985
24146 23607
24074 23614
23970 23724
23454 24187
24525 22877
24315 23194
24334 23034
24516 23030
23514 23985
24199 23330
24167 23577
24184 23356
23790 23779
23577 23899
23923 23739
24127 23601
24014 23634
23773 23865
23995 23643
23539 23948
23948 23717
23691 23896
23691 23896
23787 23827
24165 23600
23933 23723
24197 23353
23365 23981
24503 22925
23515 23939
24006 23627
24161 23522
23680 23890
23802 23642
24189 23294
24337 23026
24199 23254
23786 23728
24304 23184
24313 23161
24149 23593
23745 23842
23779 23820
24429 23015
24451 22985
24149 23593
24451 22985
22777 23916
24503 22430
24264 23155
24464 22628
23194 23911
23719 23833
23898 23605
23441 23898
23613 23875
24160 23328
24495 22597
24127 23401
24034 23583
23930 23601
24102 23469
24037 23539
24096 23509
24141 23339
23387 23887
24209 23107
23703 23785
23996 23577
24155 23242
23472 23837
24083 23397
23656 23830
24175 23147
24045 23483
24003 23531
24074 23450
23249 23846
24130 23060
23655 23794
24075 23373
23779 23542
23694 23671
24083 23138
23947 23524
24018 23480
23984 23491
23535 23789
23996 23033
23958 23472
23661 23634
23967 23142
23616 23778
23644 23725
23631 23730
23570 23744
23922 23262
23734 23409
23627 23524
23205 23740
23864 23033
23549 23682
23613 23288
23597 23327
23300 23700
23212 23712
23417 23632
23542 23194
23449 23593
23649 24645
24733 23026
24036 24523
24630 23760
24363 24269
24620 24090
24397 24136
23601 24607
23601 24607
24708 22214
24043 24184
23678 24311
24549 23968
24561 23272
24292 24156
24628 22705
24604 23254
24611 22717
23649 24388
24447 24022
23620 24549
24366 24093
24468 23982
24357 24121
23532 24581
23532 24581
24613 22203
23856 24169
24556 22748
23652 24256
24161 24137
24461 23712
24466 23295
24547 22982
24193 24098
24355 24037
24489 23157
24433 23904
23605 24449
24365 23960
23558 24539
23575 24455
23444 24549
24593 22125
23913 24096
24319 24030
24462 23060
24449 23550
24511 22656
23646 24105
24407 23678
24579 22203
23601 24400
24345 23962
23621 24119
23552 24505
24485 22843
24487 22735
23520 24536
24485 22843
24579 22203
23520 24536
24330 23994
24323 24012
24330 23994
23447 24486
24549 22169
23893 24046
23588 24298
24464 22630
24295 24030
23873 24066
24431 23459
24543 22195
24435 23069
24382 23623
24454 22884
24341 23847
23585 24347
23480 24451
24307 23978
24323 23929
23480 24451
24295 24030
23873 24066
24312 23942
24549 22169
24312 23942
24323 23929
23295 24466
24489 22102
24428 22788
24420 23426
24091 24022
23890 24030
24432 22249
23699 24060
23484 24312
24280 23979
23361 24425
23575 24078
23530 24174
24321 23777
24355 23515
24467 22143
24338 23586
24297 23870
24294 23887
24338 23586
22852 24447
24447 21946
24415 23012
23278 24391
24213 23947
23904 23955
24321 23395
23381 24286
24302 23707
23758 24023
24282 23821
23530 24119
24336 23249
24403 23191
23654 24059
23479 24208
23895 24008
24372 23200
24294 23728
23687 24044
23479 24208
23492 24123
23654 24059
23687 24044
23492 24123
23895 24008
23895 24008
23895 24008
22892 24382
22892 24382
24412 22622
23878 23995
24298 23481
24211 23931
23189 24288
24271 23811
24313 23214
24388 23013
23629 24006
23526 24109
24391 22795
23352 24135
24390 22825
24375 23150
23253 24177
23538 24014
23253 24177
23352 24135
24344 23170
23623 24009
23530 24065
22895 24286
22895 24286
24398 22563
24256 23731
24308 23137
23153 24227
23917 23927
23238 24110
23510 24104
24090 23917
24382 22965
24383 22817
24208 23765
24373 23090
23580 23998
23770 23992
24190 23891
23174 24224
23238 24110
23526 24028
24390 22713
24398 22563
24170 23910
24325 23129
23845 23964
23770 23992
23845 23964
24390 22713
23510 24104
23580 23998
24308 23137
23174 24224
22440 24240
22440 24240
24392 22086
24311 23122
24240 23663
22888 24185
24136 23864
23695 23969
24384 22622
24386 22153
24382 22869
23410 23989
24370 23074
24238 23671
23919 23868
23146 24104
23241 24052
23410 23989
24384 22622
22991 24140
23831 23954
22925 24149
23192 24088
23889 23891
23841 23938
23241 24052
22991 24140
22888 24185
24386 22153
24392 22086
23831 23954
22888 24185
22399 24169
22399 24169
24382 22741
23227 24042
24135 23689
24104 23842
23599 23967
24359 22882
24164 23494
23824 23946
24232 23235
24222 23314
23859 23855
24209 23453
24248 23093
24334 23004
23624 23965
23856 23889
24297 23064
24305 23022
24307 23015
23856 23889
24274 23078
24274 23078
23599 23967
23624 23965
24305 23022
23599 23967
23599 23967
24305 23022
22170 24093
24379 22691
22967 24015
22182 24077
24168 23388
24078 23775
24356 22832
24263 23063
24220 23273
23853 23880
23536 23959
23137 23982
24379 22691
23343 23960
24323 22963
23948 23840
24078 23775
23135 23991
23343 23960
24216 23297
23599 23944
23948 23840
23795 23934
24285 23005
24276 23042
23683 23937
23683 23937
23736 23935
23795 23934
24321 22990
23736 23935
24321 22990
24323 22963
24216 23297
24220 23273
23683 23937
23795 23934
24321 22990
23273 23949
24375 22553
23531 23927
24101 23371
24071 23747
24339 22773
23363 23944
23726 23895
24165 23220
23800 23784
24105 23331
23737 23866
23855 23776
24227 23058
24205 23176
23968 23752
24248 23037
23947 23767
24307 22987
24316 22880
24071 23747
24199 23204
24313 22964
24316 22880
24313 22964
24313 22964
23233 23935
24371 22513
23670 23879
23358 23917
23942 23760
24084 23357
24294 22768
24179 23199
24180 22962
24069 23618
24286 22944
23995 23702
24069 23618
23175 23921
24344 22511
23608 23879
24279 22921
24082 23357
23849 23757
24113 23155
24066 23567
24032 23611
24137 23018
23897 23623
24232 22937
23850 23722
23885 23641
24159 22964
24151 22979
24264 22930
23500 23851
24336 22410
23848 23751
23518 23841
24261 22896
23890 23559
24142 22955
24099 23143
24049 23420
23944 23503
24223 22911
24107 23121
24031 23488
24032 23421
23508 23798
24332 22069
24231 22751
24308 22292
23700 23751
24079 23004
24109 22826
24049 23368
23871 23409
24029 23371
23762 23597
23806 23580
23857 23451
23404 23741
24257 21993
24221 22736
23865 23382
23683 23599
24102 22822
23600 23618
23939 23260
24045 23204
23475 23720
24057 22976
23283 23738
24201 22329
23673 23553
24194 22691
24000 22975
23859 23374
23298 23722
23970 23194
23271 23678
24115 21788
23970 22731
23604 23489
24101 22127
23913 23139
23290 23661
23792 23357
23814 23347
23270 23463
23937 22467
23841 22904
23616 23347
23812 23336
23523 23301
23929 22308
23821 22557
23674 22904
23524 23031
23197 23178
23884 22040
23707 22266
22519 24610
22519 24610
24467 23757
24065 24192
23104 24411
23726 24284
22921 24485
23794 24196
22805 24523
22664 24601
22507 24606
24297 23185
24267 23675
24047 24106
22950 24305
22884 24479
24286 23236
22634 24581
23404 24230
23957 24147
23608 24153
23404 24230
23587 24182
23590 24173
22436 24488
24267 23116
22876 24361
24171 23561
23317 24207
22873 24474
23961 24080
23969 23761
23813 24123
23554 24164
24054 23669
23481 24179
24006 23748
23930 24109
24104 23578
23363 24197
24104 23578
23346 24205
23317 24207
22862 24455
22862 24455
24187 23033
23016 24194
23486 24090
23991 23742
23786 24072
22870 24377
23915 23978
24110 23474
24141 23303
24187 23033
23288 24181
24094 23577
24141 23303
23838 24027
23414 24151
23161 24188
24037 23660
23161 24188
23414 24151
24053 23651
23896 24002
23908 23990
24053 23651
23161 24188
22402 24455
24131 23101
22853 24388
23282 24167
24088 23233
23898 23716
24044 23511
23897 23919
23700 23969
23879 23946
23502 24042
23641 24013
24109 23210
24025 23571
24131 23101
23939 23647
24044 23511
23307 24148
23659 23984
23348 24125
23970 23631
23452 24058
23401 24084
23986 23601
23371 24116
23454 24049
23939 23647
23985 23604
23387 24094
23387 24094
23401 24084
23985 23604
24044 23511
24044 23511
24131 23101
22398 24347
24117 22973
23266 24150
22846 24211
24030 23246
24028 23311
24115 23101
23336 24043
24024 23498
23478 24030
22494 24325
23643 23965
23757 23880
22776 24314
23332 24122
22591 24317
23850 23734
23843 23805
23886 23690
24115 23101
24117 22973
23512 23988
23643 23965
23776 23816
23936 23557
23898 23638
22804 24229
22591 24317
22802 24282
23757 23880
24005 23500
23512 23988
23927 23616
23936 23557
24005 23500
22795 24306
22846 24211
23927 23616
23776 23816
22846 24211
23927 23616
24117 22973
22606 24306
22606 24306
24112 22979
24028 23260
22783 24285
23634 23927
24021 23454
22869 24144
23119 24134
22869 24144
23713 23787
24044 23080
23781 23765
23428 24026
24110 23070
23280 24096
23934 23484
23312 24059
23892 23583
23513 23936
23831 23723
23874 23651
23199 24132
23440 23987
23935 23465
23831 23723
23874 23651
23892 23583
23713 23787
23496 23959
23119 24134
23199 24132
24044 23080
23309 24073
23496 23959
23513 23936
23434 24004
23434 24004
23935 23465
22562 24297
24088 23048
22831 24136
23051 24131
22775 24205
23999 23411
23830 23697
24007 23199
23482 23939
23393 24005
23626 23921
23654 23765
22630 24263
23309 24059
24024 23145
23841 23562
23422 23960
23626 23921
23186 24128
23841 23562
23881 23500
22630 24263
23676 23757
23881 23500
23907 23443
23762 23719
23730 23748
23186 24128
23235 24095
23953 23439
24015 23193
24024 23145
23762 23719
23268 24091
23907 23443
23953 23439
23276 24079
23730 23748
23235 24095
23276 24079
23654 23765
24007 23199
24015 23193
23841 23562
22359 24278
22359 24278
24078 22991
23621 23720
23811 23647
23528 23910
24011 23189
22863 24125
23133 24099
22608 24260
23981 23208
22409 24277
24077 23043
23822 23565
23390 23970
23578 23867
23955 23358
23955 23358
23880 23462
23880 23462
23285 24041
22735 24183
23344 24004
23212 24095
23243 24062
22654 24198
22804 24127
22619 24220
23819 23610
23578 23867
23380 23987
23133 24099
22717 24189
22804 24127
24077 23043
22863 24125
22717 24189
22717 24189
22600 24260
24062 23015
22843 24093
23576 23761
23837 23346
24011 23121
23710 23639
23814 23608
23942 23251
23121 24074
23487 23850
23438 23876
23902 23340
23237 24010
22698 24148
23359 23977
24062 23015
23386 23953
23807 23638
23236 24056
23165 24065
22639 24198
22639 24198
22671 24160
23370 23959
22671 24160
22698 24148
22671 24160
22536 24236
22536 24236
24055 22982
23072 24070
23801 23364
22684 24133
23798 23580
24008 23114
23434 23859
23669 23622
23489 23728
23924 23237
23304 23928
23924 23237
23572 23664
23153 23974
23518 23675
23222 23960
22592 24179
22684 24133
23283 23955
23131 24030
23124 24049
22566 24206
22566 24206
22592 24179
22536 24236
22684 24133
22381 24236
24042 22945
22862 24055
23782 23484
23116 23961
23926 23086
23416 23853
23819 23226
23667 23575
23478 23697
22630 24106
23887 23206
23299 23925
23600 23620
23265 23950
23502 23653
22494 24189
22613 24123
22526 24147
22494 24189
22526 24147
22494 24189
22526 24147
22299 24151
23989 22826
22824 24042
23408 23580
22345 24145
23400 23853
23836 23056
23066 23943
23237 23942
23725 23329
23621 23498
23677 23462
23811 23120
23787 23218
23778 23266
23626 23478
22330 24096
23799 22828
23390 23728
23103 23869
22739 24005
23523 23489
22657 24037
23689 23218
23735 23071
23677 23399
23753 22922
23288 23826
23567 23446
23192 23839
23153 23849
22701 24007
22148 24033
23696 23059
23671 23399
23388 23546
22724 23854
23148 23835
22603 23967
22189 24023
23245 23759
22624 23942
23308 23641
23303 23651
23232 23801
22724 23849
23638 22644
23453 23386
23060 23834
23350 23498
23107 23743
23189 23627
23267 23603
22455 23847
23393 23352
23058 23636
22908 23826
22971 23785
23263 23553
23332 23384
23312 23473
23282 23490
22604 23814
23269 23250
23078 23534
22874 23654
23254 23438
22871 23809
22720 23763
22989 23524
