901 66.5705
31507 31585 32193 32132
31073 31108 29271 29702
31786 31684 31716 32041
31687 30032 29316 30234
32181 31669 30010 30466
29743 29784 32109 31235
30872 30648 30950 31853
31786 30284 28224 29542
31776 31810 29947 30872
32536 31358 29870 30809
31319 31316 32083 31974
31784 31957 30029 31232
30984 30644 32204 31131
32568 31253 29829 30736
31556 30342 28414 29788
31403 31274 31646 32468
29223 29519 31569 31101
31471 31261 31082 32062
30149 30543 32054 31681
31964 31762 30814 31552
31871 30215 29449 30175
30999 30205 29654 29876
31766 29834 29343 30177
31990 31186 30410 31358
29259 30426 29695 30362
31691 30380 30409 30195
31391 31732 31490 31795
29183 29066 31403 31385
31495 30429 28449 29408
31648 31358 31485 31665
31926 31361 29873 30215
30987 30259 31975 31416
31472 31619 30397 31899
31303 31041 31294 32033
31471 31401 31664 32298
32564 30584 29582 30738
30816 30686 31913 32300
32518 31235 29784 30677
32320 32093 30674 31572
30703 31127 31799 32126
31466 31285 31313 31461
32354 32061 30768 31232
32453 31832 30376 31196
30746 30732 32202 32012
31603 30227 28527 28318
31632 31487 30998 31645
31184 30970 31299 31761
31540 31149 31650 32547
31184 31691 31260 32310
32615 31118 29755 30361
28797 29021 31319 31040
30990 31030 32067 31828
32037 31942 30257 30868
31754 31295 30257 30002
32343 31583 30215 30630
30096 30105 31187 32092
31257 31011 29656 29023
31769 30574 30227 31455
31725 31234 30903 31232
29190 29536 31750 30673
31826 31301 30340 31339
32038 31238 30030 30871
32004 30797 30761 30840
32052 31358 30299 30453
29035 29401 30531 29828
31719 31956 30266 30638
31886 31308 29956 30294
30916 31131 30893 30891
32641 31882 30483 31100
31820 31529 30069 30516
29815 29540 31514 30479
32223 31870 30725 30951
31450 30475 30454 31727
30822 31298 31934 32243
32239 31490 30638 30926
31395 30322 30446 31058
30708 30806 30548 31474
31173 29700 27577 28512
32223 32011 30176 30708
31286 30423 29542 29026
30071 30417 32057 31161
30477 30332 30557 30567
32217 31312 29864 30715
31790 31429 30943 31154
31339 31295 31431 31959
31329 31293 30571 32141
32162 31795 30124 30071
29280 29798 30264 30822
31263 29656 28320 29586
31171 31036 32025 32332
32324 31474 30588 30873
31845 31535 31623 32326
31616 31109 29618 29714
31298 31209 31764 31882
31821 31617 29741 29811
31001 31126 31064 31818
29477 30336 30939 31620
29151 29298 31546 30693
30966 30721 31921 31508
31535 31152 30571 31342
31893 31406 30731 30795
31746 31496 31109 31875
31653 31667 31838 32121
31432 30966 30599 30130
30081 29798 31789 31197
31712 31334 31341 31257
30928 30891 28599 28753
31534 31556 32211 32145
32287 31769 30546 30905
30108 29905 28370 29497
31830 31652 31585 31988
31278 30663 30755 30169
31899 31727 30157 30554
31506 31262 29082 29004
31093 31261 31492 32720
31046 31162 32224 31880
30994 30786 30072 30139
29208 29867 30570 30884
29863 29857 31833 31385
31735 31058 29156 29689
31522 30066 29695 29686
30547 29615 29921 30537
31596 31344 30494 30459
32318 31339 30084 30355
29675 29977 30358 31125
30168 30429 28340 29666
30163 30511 32212 31888
30742 30765 29826 31179
31371 30370 29610 30345
31279 31180 31602 32515
32040 31704 31198 31471
30153 30248 30029 29135
31336 30893 29344 28726
32453 32017 30568 31238
30397 29531 28359 28600
32045 30193 28765 29844
31457 31378 31420 31447
28866 28432 30236 31009
31621 31299 31341 32492
31956 31151 30086 30239
32235 31597 31013 31768
31218 31171 31963 32534
30592 30522 31868 32436
30920 29776 29670 28662
31404 31265 30700 31545
31587 31495 31164 32298
32234 31166 30652 30716
31000 30710 29657 29594
31759 31258 29275 29213
31447 31147 31398 32125
31651 31067 31579 31379
30159 31050 31030 31864
30781 31106 32143 32312
31855 31152 30418 30665
31856 30654 29901 31133
31868 30861 30747 31124
31522 30742 28800 28572
31276 31577 31142 32224
29740 29019 30237 30908
30899 30592 30745 31608
31923 31059 29263 29142
31947 31409 29891 30374
30324 31131 31787 31848
30479 30699 30308 31638
30685 30038 30374 29784
30028 31005 30613 31820
30666 30538 31676 32455
30403 30151 31881 31284
32241 31194 31011 30860
30974 30896 31667 32218
31602 30964 30701 31722
30297 30730 31647 32126
30771 31004 31909 31677
31629 31526 31491 31993
31578 30974 30702 31251
31837 31184 31365 31897
31789 31890 30443 31794
32381 31477 30072 29910
30792 31209 32206 32344
32204 31712 30816 31793
31266 31238 32372 32289
31994 31924 31120 31519
31359 31162 30880 31643
32151 32015 30553 31065
31504 31428 32000 32399
32044 31428 30666 30465
30545 30362 31295 31613
31692 31217 29721 30181
32123 30263 29406 30561
31204 31101 32176 32201
29126 29709 31106 30904
31578 31434 31765 32464
30516 30896 32237 31698
30673 30561 32406 32099
31700 30836 29440 29448
31579 31724 31464 31989
31640 31253 31873 31962
31196 30309 31322 31482
31551 31082 31379 32228
30598 29588 31447 31134
32481 31889 30912 31272
29573 30175 31237 30809
32360 32035 30673 31437
31735 31301 30048 30337
31065 31018 28582 29069
31062 30135 29445 31050
30818 31490 31106 31900
29273 29139 30903 31353
31135 31343 30452 31134
31823 31622 30144 30550
31538 30622 30686 29989
31862 31098 31176 30933
30788 30071 31416 31788
30302 30457 31964 31634
30488 30450 31773 31147
31248 30825 30960 31715
31966 31980 29699 30898
30674 30840 32090 32087
31661 31786 30777 32122
32310 31717 30560 31068
30510 30723 28039 29054
31415 30421 30010 31022
31484 31244 32058 32447
30892 31721 30811 32067
31386 31479 31475 32233
31078 30818 28775 29512
31460 31101 29362 29611
30793 31109 30003 29565
31098 31239 32325 32062
31768 30940 30519 29741
30934 30774 31436 32413
32190 31975 29948 30307
29734 30120 31060 31401
29544 29640 31713 31208
31617 31215 30696 31911
30502 31342 31748 32187
31453 31255 32116 32553
31661 31308 31211 31396
31503 31413 31536 32592
30719 29818 31498 32048
31979 31514 31578 31845
31568 30834 31020 31606
29279 29892 31345 31402
32356 31618 30859 31322
32476 31820 30369 31435
31382 31233 31295 32074
31318 31273 30623 31749
30312 30542 31063 31935
30766 29426 30248 29787
30319 30398 32090 32210
31488 31264 31609 31669
31858 32066 31138 31484
31706 30069 28686 29222
31529 31373 31546 31973
32019 31937 31246 31396
31597 31763 31009 31808
31481 31123 31937 32336
31599 31418 31052 31500
32529 32061 30540 31078
31174 31598 31889 31945
30518 30642 31333 32286
30984 30429 31183 31866
31931 31091 30341 31139
31095 29983 30390 30909
31664 31334 31258 31417
31523 31349 31455 31888
31684 31382 30859 31003
31665 31491 31452 31960
32389 31809 30355 30958
31398 29391 30098 29334
31512 31306 31405 31075
31561 31954 30700 31264
31704 31765 31114 31140
31149 30418 30128 32209
31022 30900 30226 29897
32151 30799 29450 30630
31455 31533 31494 32042
32184 31327 30085 30274
30313 30353 29866 30886
31305 31845 30211 30997
31680 31572 31292 32002
31540 31541 31126 31635
31238 30888 29546 29302
30041 29870 31580 31992
31109 31399 32328 32020
32166 30794 29995 30137
32016 31624 30165 31904
31792 31398 30935 31483
31137 30705 31335 31743
30875 29370 29010 29723
31837 30981 30439 30311
32156 31564 30052 30347
31030 30655 29975 30433
30964 30732 31934 31352
30898 30760 31640 31569
31679 30689 30764 30418
30557 30845 30263 31102
31814 30571 30755 30129
31049 31306 31188 31904
30137 29996 30934 30610
31326 30870 31270 32050
31580 30931 31810 31342
30355 30567 31327 32310
32229 31620 30384 30637
30862 30569 30195 31656
31267 31128 30810 30086
31773 31228 30835 31110
31803 30147 29476 29232
32062 31658 31224 31443
31626 31689 30745 31266
31768 31293 32075 31720
30402 30069 30569 31827
30430 29753 30813 30877
31626 30478 30537 30152
31556 31526 31525 32022
31471 30747 30749 30893
29276 29129 31102 29765
31982 31945 31131 31820
29995 30412 31176 31916
31529 31494 31602 32407
31425 31436 31846 31883
30765 30345 31437 30889
31472 30879 30869 30684
32121 31556 29890 30453
31302 31528 31653 32184
30446 30728 32031 32472
30760 30482 32419 31322
32039 31973 30532 31029
30253 30571 31804 31122
31505 30961 29269 29350
31405 30725 30314 32061
29432 30005 28958 29902
31055 30730 29716 30488
31613 31541 30249 31013
31461 31534 31160 31728
31942 31350 30757 31326
30338 29673 27026 28627
31183 31603 31012 32398
31514 30844 30679 30765
31275 31609 30651 31609
31390 31321 31030 31759
32014 31966 30582 31288
30143 30239 28884 30751
31254 31264 32150 31636
29895 29905 31589 31292
31563 31412 31353 31349
29785 29519 31636 31345
31360 31436 31114 32115
30405 30615 31844 31330
30754 31033 32330 31834
30457 30053 30852 30366
31493 31453 31418 31714
30416 30645 31330 32353
31875 31923 29798 31274
28368 29206 29278 29834
31954 31335 29839 30209
31876 32041 30815 31631
32145 30936 30259 29991
31172 30649 31788 31515
32321 31922 30479 31550
31658 31533 31769 32129
30585 30651 31727 31353
32135 31804 31206 31651
31990 31537 31251 31710
31680 30826 30217 30429
31497 31141 32025 32187
31044 30715 32082 32111
32186 31164 29473 30409
30420 30986 30583 31515
30429 30633 31623 32009
30574 30818 30396 31453
30651 30668 31749 31821
30519 30079 31154 30662
32046 31845 30146 31273
32240 31612 29967 30054
32041 31912 30469 31051
30677 30732 31973 31090
31184 30901 28649 29002
29572 29942 29175 29622
31352 30996 31772 31386
31211 31394 32080 32089
30570 30671 29390 29200
30199 31241 32005 32313
29880 29588 31267 31688
31976 30954 30804 31842
30415 30642 31003 31878
31540 31327 29458 29531
32448 32069 30432 31108
31254 31319 31711 32065
31587 31491 31357 32189
30324 31005 31954 31865
31773 31630 29846 30096
31844 31458 29990 31590
31762 31635 31373 31746
30447 30977 31929 32159
31517 31618 30942 31896
32107 31696 29852 30337
31664 31938 30424 30609
32246 31360 30045 29868
31566 31457 30868 31706
32073 31151 29976 30262
31730 31560 31456 31851
31976 31445 29983 31064
30390 30257 31861 31093
31584 29962 28190 29460
31234 30584 31715 31798
31841 31478 31733 31998
30264 29553 28501 29188
31000 31353 31939 32256
31944 30602 29344 29780
29965 30064 32016 32159
32111 31357 30967 31104
31904 31765 30235 31512
31257 30973 31117 32022
30747 30545 28089 27870
30646 30528 31650 32259
31858 31792 30466 31809
31357 30841 30536 30993
31708 31240 29790 29901
32238 31308 30482 31441
31729 31339 31638 31250
31748 30649 29187 28944
30612 30655 31988 31164
30767 30916 32097 32179
32150 31545 29914 30092
29653 29810 30741 30580
29685 29954 31842 30980
30960 30707 32456 31680
31514 31153 30288 30789
30306 30663 31245 32199
29255 29272 30915 30883
30243 31161 31139 32470
31420 30995 30557 31618
31805 31607 30702 31266
32137 30455 29513 30838
30519 30415 31972 31006
30935 31411 30669 31646
32334 31521 29573 30149
31410 31091 31139 30896
31365 31354 30794 31765
31504 31174 30974 31445
31390 31647 30432 30948
31562 31061 31358 32474
31344 30726 29152 28875
29063 29309 29724 31161
31551 30788 31009 30750
31956 31675 30531 31057
31978 31875 31253 31637
31151 30505 28662 28923
31387 31019 28582 29816
31395 31372 31697 32120
32112 31419 29571 29709
