895 4.22655
3473 3994
4244 3307
4230 3367
4215 3423
4230 3367
4244 3307
3489 3987
3540 3982
4198 3432
4197 3462
3749 3893
3732 3908
3616 3956
3585 3958
4197 3462
3732 3908
3704 3912
4094 3612
3884 3813
3907 3806
4089 3635
4121 3595
4122 3569
4182 3478
4050 3680
4041 3697
4121 3595
4102 3602
4139 3546
4151 3534
4182 3478
4041 3697
4018 3698
3540 3982
3632 3949
3556 3975
3473 3994
3489 3987
3616 3956
3672 3925
4168 3505
4050 3680
4056 3666
3688 3919
4175 3491
3990 3731
3977 3738
3839 3836
3855 3832
3653 3936
3963 3761
3952 3769
4152 3528
4164 3521
3822 3857
4064 3660
4071 3649
3918 3792
3870 3826
3909 3801
3787 3870
3797 3862
3952 3769
3938 3773
3763 3878
3778 3875
3806 3860
3635 3938
4164 3521
3556 3975
3582 3970
3585 3958
4010 3716
4014 3705
3704 3912
3690 3914
4200 3424
4215 3423
3666 3926
4100 3603
3660 3935
3753 3885
3963 3761
3964 3748
3635 3938
3632 3949
3582 3970
3879 3817
4082 3640
4056 3666
4064 3660
4074 3646
3929 3778
3938 3773
3860 3830
3870 3826
3568 3971
4244 3307
3879 3817
4009 3717
3997 3718
3568 3971
3966 3747
3970 3739
4168 3505
3924 3786
4174 3499
3918 3792
4082 3640
4089 3635
3762 3881
3806 3860
4139 3546
4136 3554
4014 3705
3990 3731
3994 3724
4018 3698
3797 3862
4198 3432
4200 3424
4094 3612
4175 3491
4174 3499
4128 3560
3825 3851
4125 3566
3822 3857
3884 3813
3825 3851
3831 3848
3779 3871
3787 3870
3751 3891
3688 3919
3927 3783
3977 3738
3660 3935
3970 3739
3653 3936
4152 3528
4151 3534
3907 3806
3690 3914
4128 3560
3909 3801
4130 3555
3929 3778
3834 3842
3838 3839
3855 3832
3860 3830
4136 3554
3672 3925
4130 3555
3666 3926
3753 3885
4125 3566
3924 3786
4074 3646
4071 3649
4122 3569
3779 3871
3762 3881
3996 3722
3778 3875
3997 3718
3927 3783
4094 3612
3568 3971
3832 3845
3839 3836
3838 3839
3831 3848
3763 3878
3751 3891
3994 3724
3996 3722
3749 3893
4164 3521
3832 3845
3833 3843
4102 3602
3964 3748
3966 3747
4100 3603
3635 3938
4010 3716
3834 3842
3833 3843
4009 3717
4009 3717
3977 3738
4089 3635
3927 3783
4050 3680
