1 0.128678
21997 20617 22443
22219 20625 21834
21538 21706 21546
22029 20795 21906
21627 21605 20977
22338 20619 20553
21685 21096 21443
21941 20896 21142
21870 20837 21641
21849 20934 21137
21997 20617 22443
21538 21706 21546
22548 19821 21416
22018 20620 21215
22111 21064 21138
21965 21545 21431
22241 19409 20828
22077 20005 20877
21665 20757 21237
22050 20823 21289
21469 21120 21792
21535 20771 21090
22338 21081 21906
21035 21476 21252
22040 21126 21692
21790 21314 20966
20180 19994 20066
21526 20479 21911
22081 20473 20486
21591 20446 21026
21372 21588 21591
21525 20346 20744
21816 20405 21357
21254 19822 20597
21542 20111 21628
21134 21164 21020
21342 20449 20599
22211 19979 20895
22027 20731 22171
22011 20670 21818
21511 20059 22105
21858 20746 22320
21331 20947 21032
22000 20880 22033
22018 19892 21166
21862 20646 21968
21497 21047 20966
21261 20736 21249
21182 20780 20896
21405 20460 21068
22362 20798 22165
21540 20724 21039
21161 20288 20422
22020 21115 21469
21473 21316 21928
21677 20862 21370
21988 20744 21292
21679 20527 21869
21422 20264 21452
21879 20600 21663
22005 20165 21660
22424 20059 21036
21432 19853 20870
22014 19767 20753
21746 20290 21408
21192 21545 21412
21580 20391 20679
21698 20311 21805
21551 20363 21875
21677 21215 21109
21442 20628 20880
21193 20684 20872
21672 21570 21991
21743 20743 21642
21759 20411 21802
21080 20473 20712
21661 20618 21603
21506 20666 20650
21872 20594 21341
21792 20741 21192
22060 20750 20727
21401 20529 21314
21749 20330 21961
21701 20193 21658
22071 20299 20835
21514 20416 22124
21659 20307 20708
21925 20569 21707
22007 20966 21324
21639 20606 20969
21895 20643 21542
22738 19504 21771
21398 20592 21746
21787 20636 20897
21504 21671 21572
21527 20800 21294
21905 20900 21219
21191 20876 21247
21740 20346 21932
21872 20466 22186
22992 20040 21375
22085 20919 21833
21138 21445 21990
21503 20575 21437
21788 21100 21673
22161 20762 21538
21676 20735 21993
21889 20336 21030
21381 20287 20845
21364 20317 21221
23029 20769 21220
21962 20446 22001
21633 20423 20624
21957 20766 21665
21915 21046 21861
21769 20662 21399
21593 19935 21621
21271 20239 21057
22109 21401 21346
22282 21012 20874
21355 21641 21680
21284 20285 20627
20887 20215 21071
21919 21222 21328
21487 20773 21441
21410 20473 21103
22174 19810 21084
21499 21232 21484
22294 20486 20094
22118 20573 22002
21682 20360 20359
21406 21793 21791
21936 20499 21940
22251 20163 22288
21950 20813 22151
21284 21162 21487
21998 20565 21918
21873 20731 21030
22881 19500 21269
21510 20875 22259
22196 20208 21402
20975 20976 21362
21073 21425 21505
21239 21517 21304
21790 20441 21478
22148 20677 20566
21385 20569 21519
21361 19392 20758
21845 20893 22213
21177 21239 21606
21540 21096 21679
21108 21364 20982
22295 20169 20699
21569 21500 21577
22316 20871 22039
21467 20172 20636
21703 21365 21325
21108 20173 20725
21294 20584 21978
22025 20710 21602
21557 20238 20971
21436 20987 21054
21305 20791 21288
21572 21159 21022
21333 20988 21451
21852 20625 21289
20991 21501 21214
21128 20933 21169
21377 21472 21593
21535 20136 21107
21673 20585 21013
21477 20742 21636
22005 20097 20747
21410 20178 20924
21115 20955 20881
21304 21007 21129
21062 19946 20568
21747 20822 22230
21135 20762 20784
22560 20046 21315
21108 21399 21663
22026 20439 21045
21232 20475 21653
21086 19967 21651
21804 20535 22184
22305 20980 21670
21640 20154 21845
21354 20621 21320
21459 20222 21138
21661 20910 21755
21694 20650 21606
21471 21386 21575
21437 20781 20904
21933 20819 21809
21542 21841 21524
21813 20411 22070
22004 19708 20630
21413 20606 21060
21736 21085 21144
21810 21219 21514
22714 20176 21260
22072 20367 21436
21674 20498 21295
21662 20817 21042
21746 20750 21355
21964 20990 22034
20911 20772 21368
21636 21056 21749
21709 20822 21347
21059 20130 20273
21690 20813 20903
21656 20422 21951
20905 21116 21725
20949 21295 21764
21932 20418 21781
21937 20648 21797
21448 20509 20655
21196 21106 21576
21558 20510 20967
21294 20525 22005
21548 21314 21491
21583 20653 21766
21483 20171 21430
21550 20370 21900
21865 19614 21301
21788 20664 21813
21707 20233 20190
22175 21753 21594
22279 20131 20510
21331 20967 20892
21402 20377 20841
21932 20354 22185
21470 20148 21046
21405 20831 21352
21506 21334 21816
21280 21139 21177
22147 20573 21094
21346 20141 20343
20832 20793 20613
21293 20127 21582
21651 20797 22020
22362 20878 22660
21202 21395 21211
21302 20574 21370
21788 20444 21831
22062 20825 22095
21444 20801 21248
21644 20203 20202
21386 20317 20771
21519 20762 20516
21127 20885 21599
21555 20582 20726
21443 20659 20748
21965 20568 21188
22018 21132 21957
21096 20232 21026
21203 20133 21861
21569 21914 21732
21910 21050 22188
21327 20134 20881
20947 20549 20879
21954 20583 20689
21158 21323 21714
21919 21470 21218
21251 20749 20592
21877 20760 22324
21538 21107 21195
20788 20376 20257
20842 21375 21120
20528 20289 20829
21759 20737 21489
21899 20483 21832
20427 20796 21266
21647 20542 21684
21295 20611 21680
21994 20057 20995
20994 21402 21545
21418 20276 20488
21207 19942 21701
21485 20281 21325
22301 20902 22163
21601 20048 21793
21315 20697 21092
21840 20334 21446
21650 20240 21682
21942 20494 21928
22067 20775 20820
21240 20246 20891
22115 20383 20765
21652 21401 21181
21958 20433 22228
21018 20193 20875
21975 20835 20985
21810 20642 20904
21378 21063 20644
21602 20314 21862
21158 21163 21778
21407 21109 21573
21580 21009 21222
21897 19644 21267
21934 20216 20792
21550 21490 21522
22109 21000 21494
21947 20327 21330
21859 20243 20315
21998 20182 20631
21630 20554 21182
21753 20391 22164
21199 20926 20819
21403 20507 20948
21372 20487 21157
21524 21562 21817
22565 20194 21183
21736 20637 21920
20933 20046 21067
21503 20720 21080
22540 19964 21163
21383 19765 20786
22186 21017 22193
21724 21516 21351
21662 20628 21616
22478 20228 21488
22039 20836 22107
21643 20430 20872
21707 20668 21252
21682 20599 21710
21544 20218 20824
22609 19982 21368
21859 20879 21357
21714 19453 21153
21860 20458 20964
21328 19969 20190
21862 20625 21313
21483 21195 20757
21883 20317 22088
21451 21270 21279
21747 20320 22068
22379 21109 22146
21798 20012 20942
22110 20365 21837
21468 21128 21181
21233 21104 21614
21724 20720 20814
22032 20858 21874
21519 20748 21050
20427 20963 21426
21518 20100 20524
21873 20660 20977
21415 19976 20766
21202 20246 20791
22072 20973 21347
21705 20967 22198
21767 20741 21126
21305 20569 21774
21033 20771 21022
21494 20564 21269
21402 20380 20769
21267 20584 21996
21988 21353 21259
21722 20663 21412
21447 20884 21052
22083 20695 20864
22395 20320 21640
21992 19792 20093
21454 21082 21406
22466 21084 22482
21566 20623 20661
21290 20769 21787
21306 20280 20479
20880 21163 21454
21790 20977 21298
22209 19994 21302
21799 20386 22062
21615 20784 21661
22064 20943 21693
21632 21006 20820
21619 20420 20935
21463 21937 22381
21211 20298 20868
21382 20395 21229
21501 21525 21500
22184 20764 21892
21215 21154 20775
21673 20830 21771
21041 20360 21089
21779 20890 20755
21225 21296 21625
21411 20900 21344
21647 20381 21541
21805 20840 21392
21758 20545 20622
21606 21180 21725
20936 21124 21124
22240 20024 21173
22885 20352 21598
21900 20718 21259
21685 20913 21829
21225 21063 21469
21260 20895 20877
21383 20344 21096
21339 20309 20786
21892 20700 21046
21854 21122 21282
21447 20696 20353
21839 20945 21059
22125 20568 21766
20736 21361 21732
21946 20779 21956
21418 20284 21267
21655 20368 20794
22230 19876 21202
20724 20925 20945
21730 20923 21297
21254 19970 21413
20806 19993 19980
21879 20805 20611
21939 20974 21158
21675 20179 20917
22438 20045 21432
21915 20527 20503
21320 20739 21879
21986 20625 21866
22135 21044 21613
21972 19904 20897
21494 20464 20939
21048 20307 21172
21721 20801 21560
21929 20552 21163
21458 21470 21259
20682 21715 21107
21740 20560 20774
21331 20807 20600
21421 20664 21221
21713 20944 21979
21396 20825 21499
20815 20301 20472
22691 20108 20939
21089 20389 21101
21523 20660 20966
22073 20965 21200
22089 20673 21570
22343 20524 20908
21736 20520 20967
22073 21018 21691
21304 20136 21191
22044 20635 21872
21732 20681 21336
22459 20286 21402
21472 21212 21529
21409 20633 21278
20874 20936 20868
21656 20734 21671
21607 20576 21622
21901 20276 20373
22400 20470 21057
21235 20542 21419
21391 20618 21106
21645 20596 21697
22130 20472 20273
21979 20532 21735
21855 21118 21736
22333 21020 21156
22083 19596 20747
21909 21555 20919
21475 20480 22019
21852 20686 21437
21693 19798 20220
21707 20549 21162
21794 20420 21027
21558 20606 21869
21477 20435 21473
21768 20633 21343
