77 6.62812
30424 26380
26575 30993
27234 31213
30172 28575
26762 31099
29625 29489
29208 31033
30409 28229
27442 31247
29546 29726
28764 30343
30448 27663
27921 30866
30534 28004
29222 30114
30443 27908
26384 31033
29046 30249
27866 30869
30448 28047
28329 31452
30027 28777
28541 30554
30546 27230
27066 31173
30061 28878
28858 30306
30079 29672
27403 30955
30684 28336
29963 29544
30545 26678
26383 31167
28957 30693
28035 31123
30886 27142
27988 30784
30402 28149
28794 30322
30422 27408
27723 30892
29823 29643
27173 31364
30631 27703
28347 31158
29911 29779
29487 29836
30528 27575
26077 31034
29430 30025
28239 30693
30538 27424
27762 30747
29911 29779
28013 31898
30705 28185
28095 30965
30165 29068
29208 31033
30688 27289
28347 31158
30275 28865
28992 30788
30547 28005
26524 31516
28521 30697
28893 30604
29850 29314
27233 30954
29822 29285
28535 31669
30661 27975
27198 31384
29734 29393
29154 30240
30432 27767
28149 31061
30539 28260
29317 29807
30481 27061
26604 31560
29292 29758
28190 30931
30451 28030
26934 31004
30278 28991
28686 30360
30547 27734
26529 31234
29842 29661
28326 30848
30583 28073
28534 30835
30136 29112
29226 30059
30468 27212
26524 31516
29545 30048
27927 31046
30037 29304
27670 30999
30138 29521
28220 30544
30768 27128
26657 31602
29867 29057
28256 30942
30682 29162
27614 30889
29899 29217
29054 30071
30700 27377
27792 31402
29771 29510
28123 30645
30660 27768
26996 31516
30019 28830
28867 30162
30474 27102
25785 31321
30138 29521
28916 30379
30335 28106
28035 31123
30114 28423
29116 30276
30606 26539
26062 31311
28516 30732
28840 30431
30268 28543
27619 31280
29704 29272
29408 30078
30768 27128
27623 31065
29771 29510
27793 30797
30682 29162
26535 31071
30076 28780
28764 30245
30705 28185
26803 31436
29740 29362
27506 30901
30533 27903
27865 30891
30349 29032
28720 30372
30790 27651
27270 31148
30147 29378
28958 30264
30505 27557
27919 31566
30275 28865
30079 29672
30538 26317
26726 31272
29603 29521
28059 30906
30299 28180
27776 30802
29846 29496
28884 30727
30410 28286
26923 31032
30298 29537
27769 31423
30767 28262
28470 31141
30412 28067
28761 30297
30633 28218
25592 31107
28911 30407
28059 30906
30437 28019
27559 31020
30750 28033
28788 30371
30314 28570
27658 30889
29868 29047
28472 30743
30513 27311
28159 30898
30618 28275
29437 29594
30667 27280
27280 31073
29595 29461
27929 30733
30201 28482
28137 30888
30044 29651
28225 30919
30633 27344
26473 31023
29825 29457
29338 30179
30547 27734
27878 31230
30049 29295
28441 31167
30665 26823
27345 31154
29530 29688
27181 31931
30365 27885
27287 31028
30218 28481
27747 31460
30789 28334
27134 30995
30563 28412
28535 31669
30402 28163
27474 31066
30116 28624
29837 29596
30586 27750
26829 31186
30278 28991
28160 30798
30667 27280
27363 31773
30128 28880
28521 30697
30491 27984
26406 31335
29668 29310
29622 30097
30388 27893
28228 30623
29990 29009
28958 30264
30470 27706
26286 31341
29295 30209
27882 30790
30166 29162
27782 31155
30750 28033
29048 30330
30461 26912
27474 31072
30324 28393
27619 31280
30658 26522
27866 30844
31131 28786
28651 30478
30529 27409
27325 31298
29980 29359
27877 30924
30395 28054
26424 31136
29430 29860
28869 30157
30481 27304
27099 31521
30172 28825
29023 30515
30183 29075
27091 31012
29994 28661
29221 30155
31066 26370
27669 31299
30060 29049
27506 30901
30615 27467
27440 30976
30153 28747
28293 30813
30786 27525
26665 31153
28936 30672
29435 30601
30338 29176
27659 30799
30324 28622
29443 29708
30389 28006
26703 30899
29783 29422
27110 31119
30359 28528
26209 31394
29837 29596
29387 29906
30409 28229
26492 31099
30215 28894
28497 30644
30563 28412
27164 31002
30684 28336
29336 29961
30493 26753
26062 31311
29505 29658
28168 31093
30497 28142
26733 31125
30298 29537
28662 30411
31054 27105
28006 31121
30082 28711
28261 30795
30428 27499
28759 31342
30085 29062
28749 30414
30916 27277
26946 31254
28948 30472
28402 30907
30747 27470
28011 31196
30044 29651
28666 30456
30496 27263
27652 30876
28761 30747
28068 30663
30555 27385
27039 31434
30751 28748
28940 30228
30662 27234
26373 30934
29196 30225
28168 31093
30549 27681
26996 31516
30349 29032
29858 29813
30558 27501
28128 31609
29687 29545
29317 30050
30903 26059
27871 31109
30286 28502
29829 29488
30456 27887
26900 30973
29582 29952
27518 30982
30172 28575
26105 31243
30095 28737
29600 29983
30718 26662
26575 31252
31131 28473
28200 31517
30358 27727
27524 30931
29701 30050
28908 30155
30630 27324
27663 30950
29828 29341
28497 30644
30789 28334
26907 31243
29683 29711
27782 31155
30419 28504
26893 31040
30075 29104
28435 30795
30445 27940
28759 31342
30127 29208
28534 30835
30430 26727
25628 31139
29235 30346
28090 31368
30252 29056
26368 31022
29313 30102
29058 30678
30406 28136
27307 31254
30056 28951
28792 30672
30486 27739
26893 31089
30542 28066
27804 31181
30451 28030
27297 31262
29783 29422
28293 30813
30164 28773
27469 31391
29683 29711
28984 30084
30489 26627
26912 31105
29902 29156
28013 31898
30181 29253
27972 30836
31131 28786
28788 30354
30667 27280
27630 31220
30075 29104
27387 31229
30916 27277
27676 31047
29644 29456
28450 30454
30600 28169
27385 31194
29295 30209
29233 30139
30496 27357
27717 31181
30103 29444
28909 30242
30651 27412
27309 31230
29670 29721
28410 30987
30513 27441
27632 31337
30183 28483
28315 30775
30757 27041
27389 31417
30165 29068
28745 30697
30688 27289
27717 31181
30751 28748
28761 30330
30520 27086
27274 31040
28992 30788
27975 30776
30196 28889
28329 31452
30099 29528
29358 29825
30391 28408
