1354 80.8103
7210 6576 7845 6722
7820 8706 8351 7121
7717 8628 7765 6804
7720 8411 8435 6743
7544 8399 7298 7049
7641 8677 7602 6678
7867 8233 7514 7642
8511 8253 8140 7393
8070 8817 7669 7161
7837 7296 8103 6790
7908 8711 8147 7015
8086 7285 8212 7035
8130 8227 8489 7772
7504 7263 8480 6653
7356 7578 7653 7234
7705 7565 8675 7428
7415 8312 8355 6563
7758 8476 8511 6969
8342 8061 8427 7858
7727 8724 7586 6924
7467 8312 8239 6680
7685 6862 7972 6884
8530 8045 8333 7477
7605 7314 8254 7106
7926 7973 8061 7498
7775 7486 6773 6979
7480 7181 8325 6598
8410 7897 8197 7485
7666 8068 7442 7108
7768 6992 8316 6907
7299 7957 8304 6711
7328 8468 7613 6751
8004 8468 8225 7926
7895 8532 8212 7423
7986 8522 7188 7346
7218 7511 7123 6807
7422 8380 7985 6650
8048 7202 8441 7127
7849 8194 7178 6862
8194 8796 8125 7205
7416 8611 7967 6841
7410 7735 7675 7103
7532 8682 8060 6929
7832 8525 8173 7222
7843 8561 8221 6883
7542 7210 8634 6793
8632 8114 8378 7336
7625 8353 8298 6963
7994 8400 8410 7235
8011 8405 8414 7470
8248 7592 8136 7221
8271 7086 7834 7259
7481 8128 8012 6557
8212 8020 8731 7592
8167 8677 7952 7382
8052 7550 8576 7254
8377 8706 7954 7520
7369 7926 6761 7020
8085 8317 8297 7112
8230 8726 7894 7455
7795 7307 8272 6533
6936 7534 8093 6486
6991 6991 8228 6413
7408 7044 8431 6905
7592 8139 8230 6783
7209 7403 8346 6432
8087 8454 7826 7026
8088 8704 7469 7098
8412 8029 8410 7020
8094 8349 8460 7110
7334 6870 8384 6595
7795 7823 8033 6977
8053 8566 8374 7214
8145 8431 8092 7041
7833 8404 8067 7202
7812 7052 6286 7151
7342 7077 8241 6431
8168 8673 8041 7634
8497 7583 8500 7296
8238 8158 7646 7454
7585 8362 7233 6822
7622 7151 6465 6942
8180 8441 8141 7237
7651 7537 7636 6565
8018 8095 8390 7055
8333 7107 7798 6936
8129 7323 8461 7376
7944 8894 7941 6921
8360 8055 8571 7447
8066 8800 7649 7006
7758 7998 7789 6695
8423 8561 8244 7396
8064 8294 7947 7083
7630 8258 7807 7260
7667 6806 6960 7337
7444 6344 7076 6860
8379 8475 7911 7541
8094 8121 8407 7334
7307 7737 7889 6322
7741 7443 8575 7154
6996 6487 7819 6460
8189 8033 8712 7692
7557 8501 8397 6888
7566 8564 7848 6624
6541 7076 7899 6121
8214 8492 8122 6693
8356 8081 8573 7712
7565 7111 8077 6983
7812 7048 8081 7292
8343 7967 8633 7754
8489 8062 8219 7274
8441 8103 8231 7315
8310 7906 7618 7015
7990 7196 8041 7338
8289 7746 8436 7303
7671 6949 7256 7369
8018 8552 8390 7347
7949 8408 7915 6721
7905 8383 8256 7418
7987 8127 7676 7497
8514 8295 7800 6857
8134 8505 8140 7455
8013 8754 8189 7109
8150 8216 8048 6954
7679 8375 8280 6627
7207 6434 7362 6148
7958 8468 7393 7366
7611 8357 8004 6713
8255 8733 7931 7381
7935 8514 7811 7181
8023 7690 8163 7016
8061 7641 8656 7321
7886 7406 7711 7553
8067 8025 8571 7259
7418 6287 7648 6293
8144 8706 7505 7198
8017 8677 7462 7374
8147 8011 8652 7621
7743 7266 8412 6976
8190 8570 8323 7393
7139 8012 7592 6289
7911 8224 7239 7017
8004 8802 7870 7526
7594 8399 8069 6595
8351 8212 8181 7688
7852 8722 7618 7162
6939 6819 7558 6059
8117 8727 7484 7272
8021 8297 7758 7305
7946 8612 8405 6892
7701 8055 8507 7081
7908 8007 7617 7092
8393 8614 7974 7367
8560 7933 8287 7256
8079 8553 8012 7216
6851 6277 7635 6494
7056 6666 7530 6746
8149 8432 8146 7618
7553 8234 7077 7139
7032 6139 7268 6615
8172 8835 7629 7404
8104 8515 8427 7338
7948 8374 8516 7304
7801 8652 8463 7016
8259 8236 8280 7455
7449 8090 6953 7268
7784 8863 8167 7091
7884 8707 7358 7386
7404 7674 8055 6207
7539 6961 8353 6479
7649 8790 8064 6922
7278 7829 6987 6549
8023 7119 7799 6977
8179 8266 8410 7216
7240 6613 8064 6566
7939 7671 7443 7450
7761 7295 8340 7153
8144 7838 8544 7669
8362 8701 8122 7524
7730 8519 8471 6923
7929 8736 7398 7308
7681 8621 7887 6619
8206 8271 8513 7558
7850 7835 8039 6936
8058 7508 8103 7674
7498 6672 7413 7154
7890 6963 7561 7394
7456 7649 8548 6857
8034 7690 7730 7223
8233 8234 8488 7590
7699 8281 8238 6897
8217 8474 8304 7115
7584 8555 8184 6908
8169 7809 8247 7431
8263 8010 7908 7492
7851 8807 7881 6854
7607 7399 8749 6980
7551 7161 7139 7804
6930 6710 7534 6755
7436 7049 7933 7263
7952 8300 8209 7018
8145 7602 8794 7446
7891 8368 8113 7304
8245 8316 8115 6870
8105 7036 7932 6843
7822 8786 8129 6850
7640 8074 8425 6848
7687 7210 7111 7556
7530 8231 7165 7080
7950 8413 8369 7115
8563 8166 8198 7235
7701 8491 7777 6895
8015 8071 8229 7773
7513 8511 7837 6735
7184 8015 6736 6976
7216 8296 8001 6620
8053 7486 7882 6952
8270 7705 8554 7691
7935 8431 7507 7184
7603 8187 8634 6853
8406 8413 7855 7296
8564 7946 8151 6982
8245 8522 8017 7418
7826 7606 7979 7128
6590 7124 7742 6454
7994 8229 8611 7477
7928 8537 7297 7215
7779 8031 8618 7391
7748 7338 6990 7381
8140 7854 8686 7611
8227 8348 8495 7642
7916 6843 7486 7202
8076 7619 8437 7739
8208 8042 8536 7342
7891 8243 7841 7329
7673 6928 7871 7050
7996 6735 7611 6981
8314 8017 8595 7397
8000 8262 7958 7772
7527 8667 7667 6576
8465 8397 8270 7375
7945 8736 8277 7225
7953 8696 8161 7234
7970 8579 7345 7201
7757 7071 7988 7315
8201 8553 8108 7643
8229 7797 7579 7201
8093 8337 8542 7569
8059 7935 8554 7369
8109 7185 7906 7495
7980 8231 7787 7461
8277 7595 7755 6903
7907 8412 7724 7060
7925 7643 7994 7407
7732 8533 7121 7328
8084 7567 8648 7263
8325 8313 8302 7586
8004 7174 7221 7323
7623 8638 7992 6829
7728 7142 8375 6978
8211 8803 7889 7367
7775 8749 7984 6896
7980 7979 8516 7548
8089 8402 8414 7569
8132 8610 8199 7549
7753 8507 7557 6918
8122 8367 8372 7068
7244 6454 7745 6882
7544 8319 8296 6611
8320 8220 7916 7346
8117 7973 7673 7635
8095 8054 8651 7193
8206 8163 8514 7631
7373 7901 7216 6595
8107 7243 8098 7113
7980 8228 7618 7417
8179 8564 8289 7649
8528 8059 8255 7239
8205 7657 7671 7389
7540 8550 7410 6912
7967 7755 8481 7460
8136 7255 7912 7221
8012 8450 8350 7144
7814 8240 8466 6933
7047 7348 7687 6994
7737 8627 7936 6898
8111 8608 8169 7245
7542 8280 6959 7022
7909 7460 7596 7100
7944 7947 8392 6920
7872 8511 8434 7287
7528 8188 8591 6689
7153 6927 8492 6769
8352 7935 8599 7514
7728 8042 8072 7648
8135 8239 8253 7112
8551 8007 8327 7316
7988 7560 8725 7272
8592 8102 8161 7370
8424 8274 8317 7477
7823 8296 7530 6914
7852 8108 8352 7477
7860 7247 8491 7031
8238 7479 7965 7508
8214 7526 8549 6845
7774 8168 8584 7468
8542 8235 8326 7495
6936 7708 6682 6485
7767 8677 7981 6835
8334 7965 8495 7752
7906 7732 8497 7125
8069 8446 7860 7513
8260 8742 7867 7435
7511 7835 8228 7210
8010 7657 8211 7820
8022 7710 8112 7447
8092 7922 8580 7535
8387 8548 8052 7463
8126 7734 8168 7290
8134 8094 8409 7541
8017 7213 7856 6934
8029 8727 7438 7391
7838 8654 8474 7186
7828 8333 8268 6665
8141 8262 8496 7399
7216 8062 7331 6834
7374 8344 7743 6523
7845 8365 8486 6767
8446 7995 8093 7324
8087 8117 8689 7676
8232 8038 7665 7168
7990 7364 8377 6909
8320 7957 8402 7261
7984 8441 8090 7740
8233 8595 8215 7194
7421 7719 8439 6627
7427 8355 7706 6463
7853 8568 8463 7074
7855 8554 7872 7231
7923 8209 8192 6924
7730 8565 8051 6790
8192 8297 8388 7594
7931 6499 7083 6872
7535 8342 7902 6795
8229 7999 8547 7701
8006 7666 8781 7533
8329 7735 8600 7156
8323 8657 7972 7458
7852 7885 8477 7319
7524 7919 8272 7427
8070 7133 7639 7180
8287 8721 8002 7546
8221 8109 8514 7725
8279 7995 8370 7613
7438 8539 7874 6924
7560 7985 7343 6816
8185 8708 7477 7161
8086 7601 8226 7372
7993 7692 8291 7498
8132 8845 7991 7367
8430 8378 8201 7467
8383 8479 8030 7479
7707 8485 8526 6940
8302 7733 8558 7473
8453 8458 8101 7331
8257 8780 8014 7604
7292 6387 7105 6635
7857 8454 8495 7086
8189 8584 8269 7493
8408 7538 8128 7217
7951 8353 8432 7167
8428 8031 8449 7026
8031 8122 8060 7634
7739 6792 7718 7252
7666 8464 8278 6899
8177 8491 8328 7265
7681 8284 8317 7169
7938 8620 7896 7186
8260 7731 8482 7520
8223 8750 8140 7395
8159 8200 8233 7604
8538 8082 8336 7549
8354 7759 8243 6932
8451 8333 8210 7524
8237 8491 8286 7223
7901 8315 8451 7084
8182 8465 8473 7488
8142 8638 8336 7066
8108 7223 8623 6914
6829 6785 7884 6214
7799 7364 6764 7322
7850 8455 8514 7010
8004 8470 7964 7540
8188 7726 8518 7400
8068 7208 7811 7325
8477 8217 8040 7113
8118 7950 7524 7137
7876 7259 7243 7309
8281 8672 8060 7429
8488 8254 8201 7118
7236 8220 7655 6618
8171 8729 8306 7333
6674 6958 7864 6047
7633 8028 8006 6701
8206 7536 8491 7335
8522 8244 8106 7272
7208 7542 7826 7213
8063 7293 8262 6991
8183 8712 8297 7704
7847 8523 7445 7221
6911 7861 7935 6743
7884 8308 8434 7243
8345 8310 8101 7327
8033 8475 7637 7090
8227 7661 8473 7067
7499 8587 7869 6474
8021 7637 8504 7275
8646 7977 8215 7122
7975 8880 8055 7045
8013 8564 7524 6941
8313 8267 8103 7260
7908 8149 8321 7533
8275 8200 8116 7175
7631 7317 8465 7086
7999 7436 8627 6845
7810 7457 8230 7535
8240 8082 7642 6782
8369 7472 7891 7030
8051 8026 8590 7576
8527 8373 8086 7303
8369 8327 8060 7432
7873 8711 8220 7023
8123 8784 7522 7371
7581 7887 7978 7041
8325 8560 7695 7260
7957 8380 7795 7513
7961 7955 7737 6307
7928 8078 7370 7593
7316 7089 8158 6490
8043 8730 8111 6966
8052 8275 7022 7108
6900 6588 8423 6417
8453 7603 8276 7363
8495 8579 8011 7259
7716 8402 8358 7232
7486 7273 8003 6886
8032 8797 8033 6962
8550 8393 8180 7378
7263 7527 7569 5679
8037 8238 8582 7411
7830 8821 7885 6973
8218 7824 7829 7298
