89 8.24226
7854 8620 8677
8001 9387 7916
8217 8324 8778
8912 8321 7950
8935 8707 7682
7902 8644 8615
8028 9370 7899
8136 8580 8732
8201 8384 8684
8912 8663 7790
8925 8689 7748
8618 8330 8496
8663 8383 8417
8585 8376 8465
8834 8859 8003
8925 8689 7748
8136 8580 8732
8474 8704 8476
8737 8916 7829
8682 8725 8371
8526 8932 8269
8555 8750 8308
8754 8506 8366
8776 8531 8252
8743 8879 8109
8015 8886 8555
8394 8560 8546
8880 8681 7856
8785 8814 8049
7868 8686 8618
8625 8841 8168
8601 8691 8390
8028 9370 7899
8145 8530 8658
8893 8670 7795
8421 9144 8243
8230 9175 8304
8809 8613 8130
8763 8730 8073
8444 9082 8153
8861 8486 8141
8401 9230 8086
8272 9280 7982
8817 8969 7819
8063 9312 8140
8298 9129 8299
8308 8654 8527
8128 9286 8101
8498 8856 8334
7902 8644 8615
8716 8710 8187
8041 9334 8162
8095 9346 8020
8459 8953 8239
8540 8452 8512
8083 9302 8147
8746 8439 8378
8105 8769 8553
8482 9127 8064
8449 8519 8520
8876 8397 7978
8566 8945 8173
8322 9232 8232
8851 8745 8009
8476 9000 8202
8344 9104 8359
8244 9163 8353
8505 8855 8328
8879 8838 7954
8564 8491 8489
8190 8555 8639
8390 9059 8508
8460 8894 8282
8460 8894 8282
8428 9092 8208
8001 9387 7916
8591 8529 8424
8880 8764 7823
8260 8756 8599
8880 8681 7856
8168 9204 8298
8211 8424 8671
8001 9387 7916
8484 8744 8399
8621 8387 8406
8182 8725 8611
8732 8687 8354
8096 9310 8025
8785 8814 8049
8696 8600 8405
8312 9239 8036
8900 8327 7955
8334 8627 8514
8373 9111 8269
8396 9221 8143
8365 8473 8609
8737 8916 7829
8642 8670 8386
8348 9189 8211
8061 8592 8652
8187 8443 8658
8445 9052 8194
8355 9188 8188
8533 8458 8533
8207 9247 8248
8088 9327 8107
8211 8424 8671
8329 9196 8255
8190 8555 8639
8889 8475 7974
8817 8969 7819
8533 8458 8533
8645 8780 8180
8289 8663 8509
8326 9117 8374
8168 9204 8298
8561 8609 8446
8846 8590 8039
8476 9015 8184
8256 9263 8180
8710 9019 8138
8323 8630 8515
8438 8988 8250
8521 8676 8422
8287 9229 8243
8100 8787 8600
8561 8412 8574
8276 8593 8586
8488 8603 8452
8560 8970 8221
8237 8590 8631
8588 8797 8295
8244 9163 8353
8889 8475 7974
8505 8855 8328
8391 9169 8192
8491 8976 8208
7868 8686 8618
8057 9281 8148
8585 8376 8465
8563 9108 8121
8396 9048 8268
8120 9298 8122
8120 9298 8122
8503 9116 8043
8384 8587 8521
8434 9034 8259
8365 8473 8609
8561 8412 8574
8623 8774 8297
8095 9346 8020
8595 8974 8139
8715 8582 8369
8813 8531 8070
8785 8814 8049
8575 8401 8497
8096 9271 8146
8408 9224 8102
8408 9224 8102
8697 8752 8254
8014 8591 8680
8434 9088 8220
8308 9105 8440
8524 8640 8437
8436 9149 8162
8207 9247 8248
8091 9290 8126
8051 9331 8132
8900 8327 7955
8454 8983 8262
8707 8732 8184
8312 9185 8294
8834 8859 8003
8614 8641 8401
8536 8753 8364
8051 9331 8132
8237 8590 8631
8312 9185 8294
8588 8797 8295
8433 9043 8489
8390 9059 8508
8454 8983 8262
8256 9263 8180
8575 8401 8497
8521 8676 8422
8536 8994 8156
8276 8593 8586
8561 8412 8574
8707 8732 8184
8100 8787 8600
8581 8947 8161
8436 9149 8162
8433 9043 8489
8524 8640 8437
8384 8587 8521
8925 8689 7748
8265 9275 8042
8256 9263 8180
8477 9128 7976
8488 8603 8452
8434 9034 8259
8708 8440 8402
8276 8593 8586
8642 8670 8386
8575 8401 8497
8645 8780 8180
8312 9239 8036
8710 9019 8138
8168 9204 8298
8536 8994 8156
8088 9327 8107
8583 8556 8437
8614 8641 8401
8581 8947 8161
8258 9192 8260
8091 9290 8126
8265 9275 8042
8265 9275 8042
8258 9192 8260
8014 8591 8680
8834 8859 8003
8434 9088 8220
8583 8556 8437
8091 9290 8126
7868 8686 8618
7902 8644 8615
8256 9263 8180
8505 8855 8328
8785 8814 8049
8785 8814 8049
8925 8689 7748
8925 8689 7748
7798 8645 8603
7955 8512 8662
7959 9338 8018
8484 8308 8503
8912 8605 7688
7898 8712 8580
8876 8741 7778
8024 9300 8112
8228 8476 8554
8098 9279 7980
8846 8534 7824
8276 9206 8116
8840 8601 7827
8870 8398 7969
8137 9240 7909
8716 8853 7902
8530 8651 8353
8748 8503 8365
8325 9125 8198
8171 8389 8662
8461 8450 8443
8718 8709 7994
8472 8375 8460
8793 8587 8120
8175 9209 8238
8368 8829 8295
8043 9225 8139
8491 9088 8004
8393 8946 8254
8122 8874 8482
8478 8324 8482
8585 8767 8165
8246 9221 8171
8527 8906 8192
8300 9013 8401
8651 8746 8217
8682 8733 8126
8520 8936 8216
8480 8526 8420
8715 8571 8360
8436 8389 8451
8318 8430 8528
8488 8788 8315
8602 8754 8288
8335 9037 8341
8411 8821 8475
8610 8892 8078
8476 9066 8066
8565 8764 8214
8425 9059 8196
8521 9087 7926
8826 8425 7905
8240 9122 8290
8553 9027 8093
8596 8824 8142
8397 8859 8242
8108 9231 8069
8308 9036 8379
8480 8971 8131
8387 9083 8193
8231 8722 8548
8242 8439 8535
8617 8798 8099
8625 8575 8358
8695 8800 7981
8348 8979 8335
8345 8987 8251
8639 8638 8239
8741 8712 7981
8604 8616 8319
8283 8997 8472
8552 8605 8395
8645 8392 8386
8469 9001 8094
8349 8997 8197
8809 8513 8078
8817 8619 7989
8718 8623 8165
8280 9123 8201
8824 8608 7989
8476 9066 8066
8521 9087 7926
8603 8640 8391
8694 8717 8215
8809 8513 8078
8694 8717 8215
7745 8490 8512
8021 9295 8103
8100 8285 8648
8156 8218 8594
8783 8626 7652
8807 8609 7813
7941 8443 8561
8746 8679 7746
8055 9227 7863
8196 9126 8045
8433 8367 8424
7953 8672 8473
8109 8245 8610
8614 8840 7848
8348 8977 8223
8325 8913 8317
8422 8387 8441
8539 8925 7935
8748 8560 7897
8206 8695 8407
8295 9022 8366
8318 9084 8124
8504 8763 8194
8098 9046 8267
8703 8583 7954
8252 9071 8135
8415 8779 8298
8481 8868 8160
8681 8526 7968
8728 8481 8006
8099 8305 8605
8170 9176 8225
8801 8270 7823
8588 8631 8391
8787 8439 7960
8568 8729 8228
8042 9202 8139
8641 8693 7876
8418 8810 8162
8386 8727 8401
8776 8504 7990
8540 8662 8245
8276 9180 7989
8343 9062 8173
8411 9058 8082
8525 9020 8028
8670 8671 8005
8286 8883 8399
8373 9012 8149
8548 8878 8016
8755 8522 7814
8495 8923 8039
8596 8522 8266
8362 9056 8108
8375 9023 8091
8505 8680 8234
8590 8596 8148
8102 9192 8091
8640 8440 8238
8430 8877 8152
8364 8872 8240
8411 9058 8082
7923 8287 8509
7945 9238 7994
8086 8239 8568
8568 8736 7719
8797 8501 7778
8054 8360 8432
8019 9198 8135
8695 8384 7978
8123 9166 8175
8497 8906 7833
8184 9055 7956
8759 8453 7943
8661 8614 7901
8216 8837 8383
8612 8702 7766
8494 9008 8024
8279 8766 8349
8340 8530 8306
8428 9016 7966
8376 8967 8067
8517 8656 8234
8046 9035 8184
8795 8548 7778
8583 8311 8361
8196 8493 8406
8554 8589 8248
8275 8941 8326
8649 8634 7939
8341 8982 8110
8147 9016 8106
8267 9011 8319
8528 8631 8283
8567 8773 7737
8608 8663 7999
8788 8588 7739
8374 9011 8090
8526 8872 8006
8097 9175 8175
8566 8571 8124
8760 8499 7925
8213 8853 8376
8502 8518 8365
8402 8768 8285
8276 8599 8401
8397 9021 8016
8386 9035 8018
8578 8497 8358
7972 9184 8036
8109 8730 8366
8504 8737 7706
8556 8331 8226
8780 8546 7713
8696 8419 7871
8035 9171 8102
8505 8710 7924
8117 9047 8138
8048 8741 8275
8653 8575 7861
8491 8870 7859
8247 8509 8360
8280 9012 8003
8118 8643 8322
8455 8855 7868
8378 8607 8192
8364 8977 8040
8316 8636 8207
8435 8659 8018
8367 8683 8066
8256 8892 8190
8359 8516 8309
8461 8472 8319
8249 8998 8240
8088 9175 8035
8482 8640 8148
8459 8440 8349
8504 8535 8280
8367 8659 8181
8269 8523 8341
8270 8872 8205
8366 8867 8006
7736 8563 8352
7881 9168 7979
8060 8526 8365
8375 8799 7761
8396 8341 8335
8563 8528 7854
8195 8915 8095
8119 8954 8212
8444 8592 7880
8351 8360 8276
8278 8432 8251
8504 8448 8237
7853 8545 8338
8491 8531 8216
7868 9114 7958
8257 8340 8301
8456 8177 8189
8522 8414 7804
8161 8861 7945
8319 8516 7813
7909 8930 7904
8364 8395 8126
8110 8915 8132
8342 8278 8241
8446 8423 7873
8489 8309 8138
7944 8915 7925
8077 8899 8100
7836 9322 8002
7838 9337 7935
8016 9336 7816
8124 8276 8823
8952 8487 8107
7968 9335 7854
8808 8655 8455
8724 8783 8204
8234 9264 7926
8706 8557 8648
8305 8279 8812
8137 8311 8814
7907 9312 7878
8262 9169 7955
8207 8408 8748
8600 8666 8429
8591 8676 8498
8009 9295 7884
8006 9197 8227
8256 8386 8788
8034 9295 7862
8067 9290 7980
8016 9336 7816
8859 8395 8244
8711 8852 8123
8042 9272 8057
8952 8487 8107
8415 8953 8373
8921 8540 8050
8451 8736 8534
8647 8602 8550
8282 9001 8414
8622 8568 8631
8083 9189 8283
8327 8702 8640
8687 8831 8254
8298 8333 8780
8269 8375 8767
8858 8420 8154
7867 9244 8139
8594 8644 8464
8824 8350 8352
8402 8922 8392
8697 8590 8579
8607 8888 8144
8332 8789 8601
8841 8525 8308
8464 8729 8561
8024 9240 8222
8245 8321 8792
7842 9311 7880
8388 8985 8339
7876 9304 7935
8221 8537 8736
8366 9023 8400
8300 8944 8453
8143 9113 8335
8611 9007 8097
8894 8343 8186
8627 8467 8732
8535 8812 8456
8486 8809 8463
8462 8870 8524
8301 9090 8248
7907 9312 7878
8470 8754 8485
8200 8714 8674
7836 9322 8002
8403 8503 8706
8562 8620 8606
8108 9188 8270
8921 8496 8063
8164 9130 8329
8292 9072 8316
8116 8613 8724
8153 9236 7944
8521 8687 8514
8141 8517 8775
8552 8971 8312
8668 8843 8183
8026 9234 8193
8687 8831 8254
8884 8438 8150
8584 9032 8096
8346 9138 8005
8884 8438 8150
8177 9164 8079
8236 8571 8723
8151 9206 8068
8314 9054 8350
8809 8639 8278
8462 9074 8024
8569 8841 8384
8334 9103 8092
8361 8344 8756
8635 8483 8696
8140 9154 8202
8179 9219 7941
8402 9097 7983
8372 8964 8383
8659 8861 8138
8117 9211 8011
8423 9076 8046
8520 8684 8584
8095 9107 8354
8480 8996 8172
8352 9065 8301
8228 9135 8295
8245 8321 8792
8338 8911 8427
8608 8541 8688
8587 8903 8355
8230 8630 8710
7864 9316 7877
8855 8363 8315
8404 9112 7965
8349 8940 8405
8130 8582 8763
8433 8747 8549
8186 9056 8347
8226 8914 8460
8192 8762 8696
8513 8708 8619
8891 8499 8080
8500 8722 8544
8309 9161 7963
8200 8714 8674
8085 9287 8045
8360 8714 8613
8847 8493 8163
8385 8681 8686
8890 8401 8108
8514 8703 8542
8643 8519 8694
8575 8934 8348
8890 8360 8116
8884 8438 8150
7864 9316 7877
8398 8871 8596
8500 8722 8544
8190 9155 8034
8475 8982 8231
8411 9014 8310
8627 8467 8732
8108 9188 8270
8270 9137 8164
8129 9065 8361
8724 8783 8204
8311 8943 8417
8851 8537 8158
8637 8878 8308
8542 8744 8483
8044 9229 8184
8697 8590 8579
8216 8584 8715
8412 8777 8610
8111 9163 8127
8369 9037 8311
8668 8843 8183
8513 8708 8619
8889 8564 8069
8166 9101 8352
8633 8714 8425
8559 8635 8556
8085 9287 8045
8182 9046 8453
8524 8643 8641
8659 8861 8138
8644 8843 8241
8398 8871 8596
8405 8899 8404
8470 8662 8683
8216 8584 8715
8376 8976 8352
8540 9043 8116
7876 9304 7935
8530 9062 8116
8433 8747 8549
8542 8744 8483
8521 8687 8514
8121 9214 8005
8061 9097 8381
8637 8878 8308
8190 9155 8034
8181 9133 8325
8412 8777 8610
8006 9197 8227
8101 8636 8710
8410 8686 8644
8052 9211 8225
8470 8662 8683
8575 8934 8348
8817 8836 8138
8817 8836 8138
8452 8786 8530
8886 8730 8131
8009 9295 7884
8047 9231 8168
8475 8982 8231
8530 9062 8116
8886 8730 8131
8894 8343 8186
8561 8683 8547
8480 8996 8172
8129 9065 8361
8608 8578 8645
8052 9211 8225
8061 9097 8381
8627 8467 8732
8192 8762 8696
8542 8744 8483
8376 8976 8352
7876 9304 7935
8921 8496 8063
8405 8899 8404
8164 9130 8329
8047 9231 8168
8423 9076 8046
8559 8635 8556
8181 9133 8325
8452 8786 8530
8889 8564 8069
8486 8809 8463
8101 8636 8710
8016 9336 7816
8402 9097 7983
8608 8578 8645
8121 9214 8005
8417 9073 8163
7838 9337 7935
8452 8786 8530
8635 8483 8696
8482 8714 8610
7838 9337 7935
8140 9154 8202
8417 9073 8163
7864 9316 7877
7864 9316 7877
8190 9155 8034
8452 8786 8530
8530 9062 8116
8894 8343 8186
8921 8496 8063
8952 8487 8107
7832 9292 7994
7879 9331 7831
7998 9302 7776
8089 8750 8692
8796 8314 8168
8854 8493 8128
8776 8346 8188
7975 9286 7896
8743 8337 8375
8681 8825 8103
8186 8758 8615
8245 8782 8486
8694 8512 8461
8282 8865 8370
7995 9280 7797
8608 8617 8455
8852 8561 8108
7879 9331 7831
8646 8433 8640
8641 8833 8212
8017 9240 7950
8120 9121 7933
7859 9248 7972
8568 8403 8661
8409 8762 8537
8001 9216 7958
8500 8907 8346
8578 8538 8524
7950 9147 8271
7874 9245 8043
8058 9160 8247
8470 8942 8223
8164 9003 8436
8327 9101 8057
8384 8885 8357
8078 9187 7956
8485 8463 8593
8836 8413 8148
8438 9065 8003
8460 8798 8412
8528 8671 8423
8501 8492 8570
8484 8699 8508
8617 8808 8278
8355 8716 8604
8752 8459 8282
8598 8498 8528
8561 8783 8320
8165 9037 8280
8108 9006 8349
8084 9095 8268
8828 8406 8153
8046 9102 8275
8335 8955 8300
7950 9147 8271
8577 8740 8313
8439 8947 8239
8169 9081 8242
8373 8644 8673
8459 8774 8484
8798 8461 8160
8555 8902 8114
8095 9056 8309
8392 8979 8275
8510 8446 8596
8391 8959 8295
8431 8975 8053
8099 8707 8682
8168 9258 7918
8316 8664 8657
8426 8658 8643
8518 8717 8442
8548 8794 8374
8168 8795 8565
8438 8680 8568
8111 9173 8003
8371 9102 7931
8293 8783 8441
8119 9114 8246
8097 9172 8123
8470 8632 8658
8319 8779 8443
8481 8649 8524
8641 8409 8647
7832 9292 7994
8168 9258 7918
8290 8775 8469
8462 8701 8567
8469 8794 8434
8469 8666 8566
7832 9292 7994
8290 8775 8469
8169 8775 8598
7950 9147 8271
7832 9292 7994
7847 8516 8680
7854 9320 7821
7935 9192 7808
8731 8236 8336
8841 8415 8054
8835 8353 8074
8196 8779 8393
7881 9276 7867
8134 8849 8418
8654 8495 8349
7922 9206 7887
8759 8464 8127
7972 9149 7963
8395 8708 8523
8483 8578 8465
8339 8649 8632
8255 9028 8022
8417 8610 8577
8352 8487 8645
7982 9074 8240
8426 8876 8287
8599 8777 8097
8469 8571 8607
8007 9123 8040
8628 8803 8080
7852 9241 7977
8728 8453 8265
8083 9000 8149
8266 9059 8020
8721 8459 8186
8513 8695 8329
8432 8931 8238
8558 8706 8235
8040 8789 8439
8445 8700 8558
8569 8827 8166
7898 9241 7809
8064 8970 8290
8057 9055 8183
8456 8655 8422
8080 8552 8665
8076 8688 8576
8395 8772 8439
8004 8959 8316
8417 8727 8338
7911 8989 8326
7942 9134 8151
8295 8724 8451
7959 9144 8139
8575 8798 8204
8835 8541 8031
8561 8785 8211
8482 8832 8196
8289 8962 8047
8293 8957 8134
8443 8719 8444
8454 8702 8452
7719 9230 7887
7909 9199 7754
8190 8600 8599
8623 8155 8284
8798 8410 8004
8725 8471 7981
8066 8842 8312
7814 9176 7867
8661 8273 8245
7984 9025 8176
8732 8254 8053
8463 8809 8104
7885 9177 7807
8624 8325 8199
8326 8763 8338
8110 8675 8556
8001 9096 7938
8753 8392 8042
8548 8636 8128
8441 8528 8570
8009 9037 8108
8378 8921 8207
8547 8747 8210
8382 8696 8512
8408 8683 8461
8374 8893 8232
8284 8589 8546
8419 8639 8418
8300 8564 8590
7953 9135 7915
8422 8688 8371
7887 9153 7840
8368 8711 8432
8728 8424 8122
7910 9130 8035
8424 8796 8179
7931 9117 8124
7895 9144 7896
8284 8726 8431
8435 8613 8538
8437 8575 8531
8410 8676 8545
7885 9123 8023
7886 9126 7867
8086 8551 8560
8718 8213 8063
8035 8832 8107
8580 8228 8238
8261 8875 7959
8359 8700 8367
7933 8991 8078
8681 8449 7928
8154 8878 8056
8418 8605 8520
7986 8958 8094
8374 8664 8397
8641 8358 8052
8461 8261 8220
8545 8646 8208
8711 8400 7984
8360 8743 8041
8417 8627 8369
8503 8717 8049
8440 8435 8530
8377 8649 8536
8706 8382 8033
8526 8709 8031
8368 8656 8532
7867 9027 7960
8317 8573 8536
8556 8403 7845
8605 8160 8054
8649 8340 7941
8216 8664 8387
8274 8717 7939
8324 8691 8295
8357 8528 8350
8509 8441 7962
8327 8552 8476
8513 8404 7924
8340 8422 8494
8565 8363 7929
7752 8915 7831
8220 8328 8466
8497 8075 8027
8532 8357 7813
8295 8604 8066
8006 8533 8281
7963 8538 8253
8469 8399 7880
8503 8414 7836
7698 8313 8382
8081 8660 8767
8097 8604 8796
8513 9312 7742
9004 8863 7684
9030 7936 8326
9165 8345 8036
8166 8635 8672
8987 8092 8320
9026 7997 8302
8689 8517 8721
8510 8720 8526
8984 8788 7776
8328 8739 8592
8631 9193 8079
8370 8763 8562
8330 8968 8532
8886 8468 8346
8222 8601 8688
8287 8672 8659
9165 8345 8036
9037 8237 8239
8306 8564 8671
8733 8430 8617
8524 8887 8442
9026 7997 8302
8777 9151 7936
8652 9298 7748
8925 8565 8178
8381 8674 8627
8989 8310 8195
9138 8502 8004
9078 8159 8237
8638 9278 7807
8428 9086 8304
8557 8538 8709
8643 8645 8488
9030 8204 8296
8553 9292 7764
8774 8920 8207
8288 8626 8680
9096 8539 8177
8721 8387 8618
8947 8754 8148
8864 9022 7910
8454 8940 8404
8697 9166 7845
9022 8283 8231
8885 8233 8400
8987 8092 8320
8970 8948 7861
8597 9057 8299
9026 8542 8126
8573 9278 7865
8994 8255 8267
8963 8198 8337
9078 8159 8237
8891 8936 7969
8976 8409 8283
8803 8993 7998
8256 8560 8693
8707 9107 8029
8663 8612 8584
8548 8927 8373
8772 8492 8510
8418 8890 8416
9135 8374 8167
8401 8998 8346
9135 8374 8167
9066 8199 8205
8642 9261 7828
9090 8744 8093
8815 8815 8255
8650 8641 8540
8753 9220 7844
8638 9046 8101
8886 8128 8367
8676 9177 7868
9120 8684 8095
8581 9232 7925
8666 9033 8227
8793 8860 8142
8224 8595 8714
8614 8898 8371
8804 8701 8323
8489 9247 7953
8672 8593 8500
8737 8502 8501
8873 9001 7877
8785 9073 7984
8770 8989 8083
8551 9245 7899
8910 8822 8243
8728 8770 8324
8642 9261 7828
8920 8287 8357
8405 8698 8536
8532 8952 8382
8513 9312 7742
8633 9127 7960
9012 8296 8223
8682 9028 8247
8478 8830 8467
8256 8560 8693
8422 8847 8475
8815 9081 7930
8825 8550 8367
8851 8597 8366
8246 8600 8687
8530 8689 8614
8633 9127 7960
8741 9014 8013
8821 8763 8277
8751 8697 8454
8551 9207 8011
9034 8255 8243
8835 9156 7873
8428 8575 8651
8708 8795 8338
8886 8128 8367
8673 9238 7882
8330 8582 8656
8868 8898 8115
8630 8641 8571
9017 8613 8113
8788 8961 8099
8836 9097 7915
8848 8748 8269
8689 8746 8462
8718 9015 8157
9012 8296 8223
8635 9197 7918
8373 8881 8452
8478 8830 8467
8869 8607 8332
8701 9160 7923
8525 8634 8643
8885 8975 7983
8838 8616 8311
8454 8940 8404
9120 8684 8095
8583 8799 8515
8638 9278 7807
8532 8952 8382
8637 8789 8414
9001 8677 8148
8468 8953 8359
8760 8807 8280
8727 8558 8557
8373 8881 8452
8468 8693 8590
8754 8494 8471
9066 8199 8205
8793 8860 8142
8422 8847 8475
8630 9214 7887
8715 9160 7869
8418 8890 8416
8897 8930 7863
8554 9246 7889
8590 8520 8683
8989 8310 8195
8889 8415 8245
8838 8616 8311
8963 8198 8337
8880 9027 7876
8812 9102 7949
8618 8977 8354
8741 9014 8013
9019 8573 8152
8489 9247 7953
8602 9250 7867
8912 8562 8199
8602 9250 7867
8785 9073 7984
8616 8676 8624
8525 8634 8643
8423 8975 8360
8618 8977 8354
9002 8557 8156
8881 8529 8271
8756 8745 8351
8952 8745 8097
8976 8409 8283
8246 8600 8687
8590 8520 8683
8760 8807 8280
8583 8799 8515
8881 8529 8271
8897 8930 7863
8630 8641 8571
8530 8689 8614
8707 9107 8029
8727 8558 8557
8885 8233 8400
8812 9102 7949
8772 8571 8372
8770 8989 8083
8468 8693 8590
8994 8255 8267
8889 8415 8245
8224 8595 8714
8812 9102 7949
8952 8745 8097
8222 8601 8688
8912 8562 8199
8614 8898 8371
8373 8881 8452
8525 8634 8643
8532 8952 8382
8642 9261 7828
8727 8558 8557
9012 8296 8223
9120 8684 8095
9135 8374 8167
9165 8345 8036
8009 8622 8719
8505 9267 7809
8965 8799 7686
9026 7997 8255
9103 8289 8062
8028 8511 8636
8364 8996 8300
9017 8157 8232
8379 8922 8366
8453 8821 8465
8942 8894 7797
9069 8398 8021
8587 8667 8501
8658 8482 8706
8935 8269 8188
8636 9220 7879
8916 8209 8203
8651 8737 8424
9039 8319 8171
8563 8631 8581
8710 9076 7832
8995 8459 8124
8650 9159 7918
9056 8623 8008
8679 9142 7820
9012 8442 8068
8703 9014 8043
8813 9005 7908
8561 8754 8444
8828 8716 7969
8680 8863 8055
8748 9034 7888
8716 8384 8610
8677 9054 7848
8793 8679 8206
8961 8190 8216
8728 9039 7951
8523 8526 8601
8732 8715 8339
8844 8660 7866
8853 8614 8113
8885 8347 8224
8638 9182 7832
8590 8540 8499
8535 8898 8317
8869 8583 8294
8660 8823 8243
8610 8920 8089
8621 8944 8051
8495 8970 8353
8778 8657 8270
8667 8699 8431
8474 8549 8594
8717 8850 8047
8537 8963 8083
8017 8606 8713
8477 8755 8429
8754 8706 8155
8999 8162 8285
8568 8915 8114
8905 8590 8136
8786 8977 7965
9019 8344 8081
8764 8625 8309
8590 9180 8067
8996 8179 8178
8730 8493 8359
8910 8384 8141
8528 8933 8163
8610 9145 7957
8566 8573 8584
8481 9036 8268
8906 8280 8277
8467 8665 8585
8881 8936 7809
8715 9049 7834
8893 8620 8083
8563 8631 8581
8942 8894 7797
8828 8716 7969
8942 8894 7797
8271 8847 8354
8391 9245 7726
8617 8416 8630
8811 8098 8289
8920 8894 7664
9019 8105 8158
8322 8651 8524
8972 8338 8045
8898 8172 8135
8686 9069 7808
8983 8101 8205
8401 8949 8342
8850 8267 8172
8433 8816 8411
8555 8453 8451
8424 8444 8581
8624 9106 7907
8681 8706 8256
8589 9179 8011
9015 8287 8119
8837 8116 8173
8673 9130 7765
8639 8774 8113
8876 8512 8128
8586 8799 8019
8624 8584 8429
8777 8666 7860
8635 8385 8541
8914 8401 7944
8744 8796 7887
8501 8549 8480
8705 8866 7899
8767 8565 8108
8509 8537 8549
8730 8725 7961
8675 8625 8260
8540 9217 7779
8548 8500 8465
8918 8798 7678
8840 8927 7754
8471 8814 8316
8524 8673 8285
8545 8744 8276
8919 8392 8066
8788 8524 8130
8897 8281 8171
8457 9200 7805
8758 8575 8150
8461 8916 8338
8674 8841 8000
8664 8913 7835
8549 9194 7839
8812 8550 8048
8723 8545 8310
8830 8816 7785
8481 8939 8309
8422 8871 8339
8664 8576 8289
8786 8641 8059
8517 9208 7799
8739 8734 7957
8761 8654 7946
8687 8904 7798
8691 8733 8002
8407 8869 8340
8786 8562 8282
8481 8562 8472
8682 8836 8002
8488 8931 8286
9016 8388 8006
8732 8871 7783
8488 8931 8286
8146 8353 8629
8496 9177 7823
8780 8702 7686
8895 8113 8133
8987 8383 7979
8313 8588 8492
8183 8415 8592
8970 8217 8081
8387 8737 8395
8438 8561 8466
8620 8924 7852
8474 8537 8548
8600 9036 7795
8842 8465 8080
8633 8634 8181
8734 8795 7712
8493 9033 7986
8570 9105 7923
8543 8733 8270
8764 8479 8231
8645 8658 8108
8627 8759 8021
8715 8311 8306
8670 8821 7868
8554 8720 8075
8395 8635 8347
8726 8884 7690
8753 8611 7903
8700 8523 8138
8586 8276 8597
8479 8845 8267
8595 9056 7701
8887 8385 7983
8586 8508 8312
8561 9147 7974
8691 8334 8239
8567 9042 7958
8389 8638 8358
8643 8434 8243
8719 8570 8006
8486 8773 8117
8670 8638 7926
8584 8410 8604
8772 8457 8085
8581 9162 7894
8639 8538 8114
8774 8381 8083
8734 8795 7712
8493 9163 7896
8103 8452 8536
8354 8387 8566
8506 8099 8491
8522 9140 7713
8673 8757 7664
8864 8224 7879
8179 8651 8374
8589 8840 7758
8750 8264 8156
8263 8545 8481
8804 8223 8017
8349 8813 8065
8686 8163 8293
8559 8976 7899
8453 8474 8436
8120 8513 8500
8345 8835 8239
8638 8543 8051
8719 8298 8217
8558 8565 8136
8194 8580 8319
8581 9111 7807
8601 8581 7980
8706 8469 8214
8819 8349 7994
8744 8182 8231
8552 8685 7964
8380 9000 7954
8414 8542 8247
8443 8408 8519
8206 9025 7963
8476 8730 7978
8259 9011 7981
8581 8505 8270
8819 8364 7973
8403 8432 8497
8569 9136 7722
8454 8374 8553
8477 8396 8537
8534 8999 7916
8533 9032 7926
8444 9065 7891
8529 9058 7837
8528 9112 7831
8571 9052 7891
8558 9017 7899
8049 8707 8225
8392 8276 8503
8506 9075 7810
8573 9029 7759
8579 8247 8092
8716 8283 8043
8116 8494 8375
8281 8726 7976
8310 8882 7944
8433 8416 8369
8612 8529 7868
8683 8324 7887
8545 8670 7823
8642 8411 7842
8539 8994 7802
8531 9018 7916
8562 8514 7954
8216 8374 8125
8466 9012 7656
8611 8204 7952
8286 8404 8088
8482 8856 7880
8515 8999 7837
8493 8995 7851
8158 8691 7826
7680 8253 8784
7732 8233 8793
7974 9154 7893
8174 9118 7776
8900 8028 8367
9013 8270 8169
7763 8297 8764
8354 9009 8010
8318 9041 7949
8032 9123 7854
8244 8200 8748
8933 8085 8330
7969 9012 8070
8101 9134 7828
7916 8431 8724
8845 8134 8353
8517 8122 8557
7847 8459 8701
7996 8498 8699
8561 8721 8427
9010 8336 8184
7689 8273 8774
8587 8981 8140
7732 8233 8793
8619 8941 8135
7847 8459 8701
8166 8377 8755
8610 8756 8267
8370 8229 8620
8892 8045 8377
8500 8179 8601
8960 8178 8229
8639 8689 8367
8907 8611 8049
8213 8466 8585
8979 8408 8164
8318 9041 7949
8055 8445 8722
8717 8552 8511
8835 8596 8365
8381 8610 8502
8358 8207 8645
8355 8368 8721
8868 8059 8342
8795 8562 8394
7936 8652 8546
8672 8919 8142
8131 9068 7864
8855 8385 8304
8838 8349 8323
8688 8827 8059
8802 8612 8387
8961 8310 8214
8116 8624 8659
8389 8992 8074
8696 8633 8420
8398 8256 8614
8972 8551 8050
8074 9104 7886
8072 8433 8676
8647 8682 8442
8937 8579 8078
8773 8627 8352
8420 8309 8580
8757 8567 8409
8849 8639 8283
8734 8521 8428
8522 8900 8198
8595 8864 8311
8950 8517 8128
8068 9088 7923
8579 8791 8336
8882 8064 8331
8484 8456 8569
8611 8930 8150
8524 8774 8468
8600 8656 8451
8450 8286 8608
7889 8483 8700
8949 8279 8303
7989 8754 8476
8268 9047 7878
8223 9097 7792
8937 8556 8112
8650 8880 8193
7974 9154 7893
8533 8074 8543
7889 8483 8700
8110 9085 7872
8528 8749 8465
8229 8556 8540
8939 8378 8279
8347 8411 8572
8566 8671 8484
8476 8854 8347
8382 8491 8531
8678 8804 8235
8853 8660 8024
8626 8741 8347
8622 8895 8190
8542 8800 8312
8289 8504 8562
8287 8413 8672
8529 8826 8314
8412 9045 7909
8471 8297 8570
8187 9091 7843
8620 8920 8100
8540 8935 8178
8625 8937 8096
8182 9100 7820
8508 8803 8409
8450 8286 8608
8606 8779 8388
8849 8660 8158
8751 8788 8243
8174 9118 7776
8897 8589 8140
8262 9075 7839
8625 8840 8225
8279 8508 8558
8419 8458 8519
9013 8270 8169
8103 8206 8777
8412 9045 7909
8738 8733 8362
8650 8675 8384
8652 8755 8320
7936 8652 8546
8257 8424 8656
8191 9108 7795
8261 9078 7802
8751 8788 8243
8734 8521 8428
8995 8280 8211
8299 8425 8601
8068 9088 7923
8757 8510 8425
8365 8303 8635
8477 8808 8363
8738 8733 8362
8598 8635 8481
8853 8660 8024
8957 8497 8192
8566 8671 8484
8261 9078 7802
8131 9068 7864
8257 8424 8656
8625 8840 8225
8202 9116 7792
8215 9054 7840
8299 8425 8601
8215 9054 7840
8191 8458 8635
8182 9100 7820
8318 9041 7949
8970 8293 8197
8202 9116 7792
8995 8280 8211
8995 8280 8211
8190 8561 8528
8131 9068 7864
8365 8303 8635
8347 8411 8572
8477 8808 8363
8751 8788 8243
8191 8458 8635
8970 8293 8197
8190 8561 8528
7889 8483 8700
8287 8413 8672
8652 8755 8320
7974 9154 7893
7974 9154 7893
8202 9116 7792
8202 9116 7792
8287 8413 8672
7666 8168 8769
7696 8108 8774
7900 9106 7854
8228 9004 7795
8890 8098 8291
8983 8291 8135
8305 8939 7982
8195 8341 8701
8773 8590 8118
8292 8989 8067
8853 8574 7998
8337 8876 8159
7913 8600 8505
8819 8410 8216
7984 9014 7922
7950 8558 8601
8618 8694 8333
8459 8755 8379
8385 8803 8391
8553 8873 8070
8150 9082 7833
8564 8671 8444
8515 8818 8305
8070 9041 7857
8954 8293 8195
8150 9082 7833
8948 8119 8266
8817 8381 8326
8327 8995 7910
8665 8537 8396
7785 8426 8656
8608 8639 8364
8350 8241 8616
7761 8320 8741
8451 8447 8545
7980 9027 7880
8941 8225 8255
7824 8621 8590
8540 8849 8281
8412 8203 8567
8011 8585 8532
8811 8515 8306
8657 8573 8414
8718 8630 8332
8240 8512 8474
8588 8768 8150
8298 8466 8458
8472 8841 8345
8720 8624 8302
7832 8496 8654
8922 8352 8259
8472 8401 8565
8023 8573 8515
8637 8623 8424
8457 8782 8381
8593 8304 8443
8083 8501 8577
8043 8205 8738
7865 8199 8749
7884 8426 8631
8224 8421 8585
8268 8294 8621
8120 8345 8732
8111 8513 8537
7887 8436 8628
8079 9015 7864
8257 8474 8535
8898 8199 8287
8236 8479 8551
7761 8320 8741
8120 8345 8732
8308 8264 8580
8458 8768 8360
8922 8237 8278
8938 8260 8264
8472 8401 8565
7979 8523 8620
8875 8213 8296
7865 8199 8749
8620 8543 8435
7839 8275 8738
8620 8543 8435
7785 8273 8752
8294 8500 8470
8079 8533 8583
8875 8213 8296
7785 8273 8752
7839 8275 8738
8302 8428 8552
8922 8237 8278
7979 8523 8620
8938 8260 8264
8302 8428 8552
8875 8213 8296
8922 8237 8278
7571 8282 8678
7768 8161 8745
8058 9072 7793
8259 8977 7655
8743 8046 8288
8957 8197 8101
7988 8987 7968
7844 8223 8710
8048 8952 7912
8509 8819 7750
8159 8127 8657
8926 8247 8192
8394 8231 8558
7784 8324 8614
8858 8316 8165
8134 8995 7905
8621 8622 8410
8147 9022 7730
8744 8564 8113
7654 8168 8729
8789 8443 8020
8296 8422 8517
8696 8474 8310
8760 8415 8064
8518 8763 8235
8017 8721 8340
8230 8457 8475
8465 8777 8320
7690 8243 8725
8190 8989 7839
8410 8365 8499
8281 8429 8424
8067 9038 7791
8563 8681 8329
8655 8553 8386
8603 8656 8258
7999 8519 8498
8493 8803 8275
8764 8382 8283
8216 8974 7762
8528 8668 8383
8680 8523 8291
8837 8349 8098
8827 8336 8252
8203 8287 8543
8793 8202 8268
8573 8461 8418
8050 9049 7800
8157 8299 8667
8037 8674 8355
8029 9038 7833
8663 8346 8352
8153 8163 8681
8043 9038 7817
8049 9068 7795
7561 8233 8699
7725 8197 8708
7744 8050 8675
8040 9061 7733
8051 8927 7682
8886 8172 8161
8669 8389 8135
8118 8559 8384
8195 8791 7855
8815 8233 8069
7927 8697 8216
8149 8138 8598
8055 8798 8000
8741 8315 8256
8481 8637 8301
8587 8588 8259
8309 8298 8438
8456 8755 8195
8123 8800 7946
7867 8886 7902
7840 9001 7803
7912 8455 8431
7590 8230 8702
8884 8230 8059
7987 9041 7787
7803 8241 8658
8554 8507 8397
8153 8159 8572
8030 8909 7867
8008 8420 8471
8556 8289 8285
8123 8848 7787
8341 8213 8524
8456 8676 8201
8401 8223 8496
8527 8603 8299
7882 8250 8520
8319 8199 8554
8140 8894 7785
8493 8680 8153
8147 8165 8641
8384 8229 8482
8046 8984 7798
7995 8341 8504
8336 8498 8407
7821 8329 8509
7994 8935 7802
8524 8311 8410
7868 8650 8285
8140 8314 8470
7999 8988 7790
8334 8227 8519
8134 8314 8501
7591 8207 8635
7643 8090 8708
7802 9019 7776
8018 8923 7635
8682 7977 8251
8156 8722 8060
8010 8905 7848
8464 8602 8074
8555 8074 8251
8465 8546 8295
8136 8854 7782
8333 8440 8364
8497 8448 8228
7970 8948 7679
8527 8372 8241
8651 8199 8117
7705 8132 8653
7874 8480 8393
8073 8894 7779
7924 8980 7795
8246 8450 8327
8275 8233 8431
8334 8714 8109
7778 8235 8568
8624 8294 8087
8415 8288 8328
8362 8328 8389
7828 8166 8523
8373 8222 8469
7686 8197 8644
7931 8994 7714
8008 8921 7733
7699 8207 8600
7840 8248 8410
7619 8204 8633
8130 8298 8401
8397 8470 8303
7780 8128 8534
7961 8992 7719
7816 8238 8501
8549 8312 8245
8394 8120 8393
8335 8204 8492
7837 8265 8403
8012 8916 7784
7568 8089 8674
7682 8024 8579
7769 8924 7698
8632 8133 8044
8225 8637 8107
7628 8708 8045
8067 8871 7699
8434 8522 8214
8036 8888 7776
8165 8474 8245
8382 8287 8276
8485 8283 8136
8224 8419 8352
7856 8916 7724
7703 8217 8562
7587 8083 8652
8360 8114 8438
7980 8915 7764
8333 8395 8353
8317 8274 8376
7773 8185 8562
8475 8088 8169
8021 8259 8389
7651 8145 8591
7988 8903 7740
8339 8208 8404
8329 8221 8430
7632 8165 8583
8352 8149 8371
8031 8890 7723
7692 8141 8574
8335 8138 8420
7678 8841 7616
7694 8217 8555
7710 8131 8547
8407 8403 7880
7766 8834 7723
8070 8616 8009
8218 8614 7826
8016 8257 8359
8370 8193 8130
8078 8363 8290
8313 8151 8394
8203 8313 8273
7700 8173 8545
8318 8307 8337
8198 8240 8355
8297 8226 8355
7695 8135 8529
7697 8093 8535
7966 8596 8007
8282 8075 8360
8300 8195 8210
8292 8222 8333
8257 8208 8349
8261 8145 8366
7788 8595 7838
8177 8037 8345
8099 8202 8320
8171 8060 8128
8128 8193 8313
7673 8062 8267
7979 8058 8277
7785 8771 8793
7854 9230 8043
8003 8499 8881
8783 8614 7975
8924 8039 8088
8958 8150 8083
8388 8371 8741
8911 8093 8137
7998 8525 8856
8884 8472 8229
8732 8596 8388
8037 9144 7992
8400 8989 8049
8157 8569 8802
7885 9184 8101
8368 8950 8203
8189 8990 8435
8774 8576 8440
8091 8393 8813
8659 8853 8262
8849 8549 8254
8541 8737 8406
7835 9014 8611
7933 8775 8685
8205 8457 8801
8688 8624 8518
8275 8422 8745
8375 8557 8709
8137 9043 8249
8228 8884 8617
8446 8809 8530
7785 8771 8793
8812 8447 8266
8308 8745 8596
8786 8450 8376
8222 8438 8779
8328 8993 8173
8327 8415 8760
8560 8904 8360
8351 8659 8728
7950 8813 8664
7909 9148 8296
8028 9130 8155
8849 8549 8254
8260 8943 8394
8003 8499 8881
8091 8393 8813
7866 9153 8207
8499 8715 8521
8590 8871 8255
8470 8897 8441
7972 9036 8495
7918 9174 8095
8895 8417 8334
8213 8591 8771
8251 8505 8746
8015 9161 8142
7854 9230 8043
8256 8924 8503
8004 8899 8627
7982 8756 8754
8688 8720 8382
8716 8680 8308
8122 9079 8098
8075 9084 8318
8421 8907 8462
8023 9108 8157
8783 8614 7975
8037 9144 7992
8529 8661 8523
8411 8648 8574
8394 8579 8681
8332 8385 8770
8526 8942 8272
7830 9105 8352
7889 8793 8777
7927 8959 8672
8152 9013 8223
7814 9125 8481
8071 8895 8641
8576 8695 8414
8651 8635 8422
8594 8852 8307
8651 8635 8422
8478 8765 8460
7885 9184 8101
8585 8832 8370
8240 8772 8739
8812 8447 8266
8707 8658 8342
8289 8749 8588
7999 9203 8092
8482 8805 8400
8571 8644 8660
8582 8607 8529
7858 8820 8769
8703 8716 8208
8413 8435 8697
8432 8685 8555
7814 9125 8481
8238 8999 8412
7985 9136 8288
8083 9084 8254
8339 8978 8143
8362 8446 8740
8046 8967 8610
7999 9203 8092
8063 9100 8234
8573 8839 8310
7862 8901 8716
8326 8848 8564
8309 8919 8381
8009 9108 8226
8093 8993 8474
8321 8787 8584
8563 8753 8402
8389 8709 8672
7958 9145 8237
7985 9136 8288
8617 8677 8499
8328 8993 8173
8630 8791 8347
8018 9069 8435
7818 8935 8714
7859 8981 8588
8112 9039 8449
8516 8759 8520
8058 8619 8777
8697 8576 8488
8396 8691 8559
8617 8677 8499
7898 8973 8503
8129 8972 8540
8112 9039 8449
7900 9072 8412
8635 8886 8248
8350 8748 8585
8210 8888 8559
8043 9102 8315
8253 8740 8649
8413 8435 8697
8152 9013 8223
8699 8512 8443
8628 8787 8365
8078 8930 8576
7863 8970 8638
8095 9061 8351
7958 9145 8237
7920 8863 8684
8053 9003 8489
8895 8417 8334
8584 8917 8277
8483 8810 8375
8603 8816 8371
8571 8718 8455
7972 9036 8495
8603 8816 8371
8435 8712 8552
8439 8703 8551
8129 8972 8540
7857 8980 8648
8095 9061 8351
8584 8917 8277
8388 8371 8741
8706 8610 8406
8621 8578 8547
7911 8955 8704
8627 8651 8447
7911 8955 8704
8095 9061 8351
8298 8918 8492
8639 8813 8336
8639 8813 8336
8698 8759 8313
8298 8918 8492
8063 9100 8234
8421 8907 8462
7818 8935 8714
8688 8624 8518
8339 8978 8143
7920 8863 8684
8699 8512 8443
8078 8930 8576
8053 9003 8489
8046 8967 8610
8516 8759 8520
8621 8578 8547
8571 8644 8660
8085 8957 8556
8439 8703 8551
8483 8810 8375
8627 8651 8447
8009 9108 8226
8628 8787 8365
8253 8740 8649
8085 8957 8556
7863 8970 8638
8439 8660 8564
8635 8886 8248
8003 9071 8477
8529 8661 8523
8321 8787 8584
8003 9071 8477
7814 9125 8481
8439 8660 8564
8326 8848 8564
7854 9230 8043
7885 9184 8101
8003 9071 8477
8571 8644 8660
8699 8512 8443
7737 8889 8652
7845 9206 7959
7943 8544 8780
8951 8072 8043
8862 8162 8075
8653 8342 8385
8760 8478 8208
8833 8407 8172
7859 9190 8003
7739 8915 8586
8694 8465 8331
8105 8628 8736
8596 8574 8513
7880 9153 8099
8477 8815 8369
8000 9150 8119
7970 9088 8190
8893 8137 8090
8380 8952 8038
7964 9120 8229
7982 8856 8561
8281 8776 8512
8157 8747 8621
8634 8669 8305
7911 8975 8465
8437 8708 8461
8307 8616 8683
8074 8990 8418
8429 8899 8177
8045 9043 8291
8013 8927 8488
8505 8621 8354
8110 9021 8410
8112 8972 8147
8731 8350 8292
8704 8473 8312
8203 8657 8617
8142 8384 8701
8168 8859 8427
8372 8827 8443
8346 8920 8045
8039 8722 8722
8566 8688 8346
8369 8694 8492
8307 8366 8711
8918 8118 8081
8256 8738 8595
8515 8619 8608
8745 8344 8253
8566 8802 8326
8217 8832 8471
8249 8829 8473
8120 8597 8690
8335 8723 8567
8605 8719 8288
8568 8828 8265
8546 8870 8327
8128 8877 8282
8738 8550 8180
8328 8945 8068
8584 8730 8186
8053 9022 8412
8137 8935 8241
8940 8086 8014
8935 8076 8062
8186 8848 8609
8918 8118 8081
7848 9150 8155
8125 8909 8383
8159 8374 8697
8199 8836 8611
8127 8768 8686
8089 8689 8688
8293 8700 8594
8641 8407 8415
8940 8086 8014
8119 8941 8151
8650 8691 8230
8550 8855 8289
8252 8852 8420
8134 8853 8593
8951 8072 8043
8940 8086 8014
8646 8704 8290
8642 8469 8414
8935 8076 8062
8935 8076 8062
7802 9140 8051
7941 9038 7990
8069 8375 8685
8892 8089 8054
8846 8149 8032
8694 8262 8178
8568 8471 8342
8785 8322 8083
7882 9089 8114
7865 9061 8165
8740 8337 8069
8401 8648 8434
8672 8401 8317
8220 8577 8501
8459 8719 8309
8124 8759 8624
8885 8107 8063
8554 8534 8451
7922 9026 8264
8117 8867 8212
7837 8941 8422
7910 9004 8358
8309 8692 8478
8155 8799 8585
8296 8543 8659
8131 8853 8593
8349 8873 8094
7969 8885 8404
8071 8882 8387
8341 8552 8521
8092 8982 8194
8185 8787 8570
8323 8552 8554
8067 8996 8274
8297 8447 8578
8535 8833 8295
8029 8901 8288
8484 8607 8452
8020 9031 8094
8432 8617 8422
8692 8409 8172
7925 9121 8085
8498 8556 8475
7888 8969 8417
8110 8742 8664
8109 8902 8268
8530 8769 8298
8256 8546 8562
8249 8768 8406
8427 8753 8332
8490 8850 8202
8563 8668 8327
8336 8798 8402
8208 8778 8460
8680 8464 8289
7884 9131 8039
7831 8868 8471
8209 8669 8562
7902 8748 8661
7815 8973 8461
7815 8973 8461
7703 8830 8500
7764 9126 7968
7885 8612 8661
8665 8281 8248
8783 8282 8076
8718 8320 8017
8259 8496 8654
8020 8682 8628
8427 8533 8386
7836 9059 8093
7871 9014 8103
7714 8780 8575
8590 8399 8172
8658 8364 8248
7829 8928 8325
8444 8419 8332
8303 8656 8476
8306 8684 8455
8373 8611 8350
8502 8816 8160
7927 8884 8359
8680 8311 8218
8199 8606 8509
8239 8720 8400
7917 8986 8266
8178 8766 8360
8069 8967 7983
8111 8792 8342
8144 8628 8529
8077 8853 8304
8454 8572 8310
7769 8832 8410
8532 8581 8296
8561 8638 8205
8560 8618 8229
8516 8734 8292
8498 8747 8292
8032 8875 8250
8067 8768 8538
8072 8956 8179
8027 8899 8263
8073 8652 8549
8072 8708 8521
8026 8805 8443
8461 8833 8248
8073 8822 8429
7856 9000 8173
8514 8786 8194
8443 8785 8253
7768 8998 8355
7721 8997 8055
7758 9047 8012
7818 8679 8628
8323 8827 7966
8778 8045 8075
8737 8175 7975
8475 8560 8291
8003 8788 8379
8177 8500 8447
8095 8583 8495
8602 8314 8134
8384 8614 8253
8641 8205 8210
8289 8439 8407
8217 8442 8551
8454 8731 8233
7931 8938 8072
7860 8656 8587
8582 8271 8173
8060 8744 8429
8335 8736 8103
7813 8900 8287
7788 9047 7992
8018 8855 8161
7857 8974 8034
7895 8955 8209
8300 8771 8143
8538 8473 8171
8213 8668 8405
8017 8584 8565
7767 8994 8197
8550 8475 8163
8004 8839 8187
7808 8977 8167
7802 8696 8356
7864 8925 8092
8161 8368 8492
8744 7995 8008
8778 7997 7904
8671 8133 7972
8111 8600 8405
8016 8737 8328
8477 8410 8154
7888 8891 8146
8209 8382 8331
8400 8452 8248
8380 8723 8218
8475 8522 8208
8138 8544 8328
7933 8615 8344
8136 8634 8246
8431 8414 8227
8404 8537 8124
8423 8526 8150
7795 8884 8029
7835 8911 7985
8051 8561 8385
8449 8296 8059
8382 8502 8150
7882 8868 8083
8083 8614 8217
7824 8563 8248
8300 8532 8002
8233 8513 8047
8106 8570 8066
8101 8610 8089
8105 8505 8248
7778 8526 8290
8026 8390 8382
8053 8571 8177
8337 8477 8024
7823 8545 8251
7656 8532 8223
7776 8521 8243
8067 8373 7978
8309 8387 7892
8029 8494 7981
8195 8439 7905
7801 8525 8237
