27 0.448948
7890 9004 7803
7890 9004 7803
7892 8386 8756
8270 8048 8628
8980 8300 7959
8229 8143 8584
8961 8357 8049
8834 8598 8026
8760 8292 8384
7899 8982 7923
8047 8664 8397
8261 8082 8691
8706 8417 8384
8808 8493 8295
8597 8467 8458
7947 8315 8719
8336 8604 8380
7972 8365 8673
8110 8889 8314
8558 8338 8465
8073 8483 8590
8370 8813 8206
8492 8389 8514
8149 8818 8306
8476 8543 8456
7920 8910 7842
8627 8900 8197
7920 8910 7842
8270 8048 8628
7996 8726 8334
8429 8697 8273
8686 8590 8104
8393 8603 8545
8652 8525 8161
8663 8585 8142
8646 8558 8397
8759 8538 8115
7906 8966 8112
8543 8561 8242
8519 8596 8319
8167 8750 8318
8297 8396 8547
8313 8691 8351
8682 8546 8122
7992 8752 8362
7892 8386 8756
8555 8765 8205
8440 8394 8464
8113 8358 8549
8553 8562 8223
8118 8751 8331
8189 8718 8267
8250 8909 8262
8189 8718 8267
8652 8565 8157
8829 8315 8160
7906 8966 8112
8149 8818 8306
8313 8691 8351
8646 8558 8397
8485 8560 8353
8555 8765 8205
8485 8560 8353
8250 8909 8262
8652 8565 8157
8250 8909 8262
7892 8386 8756
7920 8910 7842
8555 8765 8205
7629 8602 8375
7797 8345 8694
7830 8917 8050
8761 7949 8291
8915 8308 7829
8956 8271 7981
7882 8421 8581
8840 8354 7896
8117 8881 7935
8915 8308 7829
8823 8193 8007
7797 8345 8694
8266 8250 8542
8714 8052 8229
8761 7949 8291
8230 8056 8605
8312 8508 8410
8450 8545 8390
8009 8764 8282
7694 8592 8475
8074 8820 8160
7830 8917 8050
8230 8056 8605
8240 8853 7980
8780 8437 8100
8642 8455 8190
8617 8591 7899
7629 8602 8375
7694 8592 8475
7946 8784 8231
8058 8649 8338
8317 8685 8266
8698 8114 8215
8749 8144 8208
8712 8554 8023
7938 8137 8576
8535 8456 8234
8730 8388 8196
7992 8707 8295
8766 8293 8121
8173 8567 8536
8485 8561 8066
8121 8742 8249
8605 8123 8367
8535 8265 8325
8155 8810 8225
8412 8379 8439
8577 8558 8213
8513 8478 8314
8591 8804 7968
8500 8165 8459
7938 8137 8576
8423 8737 8135
8362 8717 8140
8486 8376 8511
8272 8638 8288
8500 8165 8459
8400 8616 8213
8363 8463 8488
8790 8331 8082
8443 8575 8255
8956 8271 7981
8517 8386 8351
8250 8735 8227
8196 8745 8163
8590 8546 8146
8121 8678 8289
8074 8373 8541
8155 8623 8305
8798 8285 8117
8058 8649 8338
8292 8612 8271
8196 8745 8163
8502 8491 8341
8731 8587 7952
8294 8799 7985
8667 8489 8088
8701 8579 7979
8287 8585 8435
8363 8463 8488
8470 8774 8014
8834 8470 7984
8208 8694 8261
8685 8502 8087
8522 8352 8370
8470 8774 8014
8798 8285 8117
8691 8448 8290
8208 8694 8261
8790 8331 8082
7992 8707 8295
8605 8501 8192
8296 8268 8517
8698 8114 8215
8667 8489 8088
8362 8717 8140
8177 8798 8202
8731 8587 7952
8177 8798 8202
8296 8268 8517
8155 8623 8305
8230 8056 8605
7629 8602 8375
8287 8585 8435
8287 8585 8435
8287 8585 8435
8956 8271 7981
7694 8592 8475
8790 8331 8082
8915 8308 7829
7651 8685 8244
7982 7997 8537
8068 8837 7937
8437 7841 8460
8569 8711 7674
8931 8092 7967
8512 8618 7730
7940 8722 8016
8785 8289 7940
7799 8507 8500
8700 8461 7847
8931 8092 7967
7819 8474 8490
8678 8184 8261
8194 8647 8247
8534 8601 7892
8492 8022 8375
8721 8114 8206
8741 8225 8059
8664 8438 8093
8467 8301 8345
8583 8554 7930
8450 8767 7989
8763 8433 7864
8157 8709 8139
8302 8619 8118
8090 8829 7956
8361 8802 7701
8602 8351 8286
8450 8767 7989
8323 8408 8468
8262 8461 8398
8027 8569 8317
8715 8335 8188
8127 8236 8536
8267 8080 8478
8235 8554 8290
8361 8802 7701
8757 8320 8017
8533 8457 8104
8127 8236 8536
8524 8477 8031
8725 8200 8189
8482 8360 8281
8365 8607 8047
8717 8378 8085
8098 8543 8453
8074 8710 8225
8223 8311 8480
8503 8507 8169
8442 8569 8160
8045 8491 8473
8364 8588 8130
8282 8517 8320
7952 8497 8459
8305 8532 8303
8268 8426 8367
8376 8574 8238
8116 8387 8536
8425 8369 8459
8501 8522 8195
8396 8413 8329
8357 8417 8434
8135 8495 8417
8143 8443 8431
8434 8195 8444
8450 8536 8207
8265 8701 8133
8408 8427 8312
8487 8313 8335
8312 8602 8258
8264 8478 8389
8140 8487 8437
8776 8346 7949
8320 8509 8312
8111 8417 8475
8432 8350 8420
8689 8289 8259
8479 8477 8247
8272 8461 8326
8129 8560 8391
8599 8378 8247
8776 8346 7949
8141 8562 8372
8370 8534 8240
8267 8080 8478
8686 8411 8235
8146 8312 8485
8686 8411 8235
8146 8312 8485
8686 8411 8235
8776 8346 7949
8931 8092 7967
7709 8456 8494
7975 7845 8535
8226 8710 7891
8496 8513 7815
8727 8327 7929
8453 7992 8274
8220 8177 8479
8552 8432 8018
8262 8660 7840
7821 8691 8182
7854 8447 8464
8118 8611 8157
8394 8275 8346
8695 8074 8090
8376 8410 8290
8408 8106 8434
8183 8218 8453
7963 8348 8527
7748 8354 8521
8604 8408 8067
8058 8638 8210
8144 8308 8465
8280 8591 8048
7975 8649 8023
8326 8572 8117
8439 8007 8358
8042 8482 8410
8349 8551 8219
8434 8055 8441
7771 8359 8494
8382 8262 8406
8046 8037 8492
8264 8623 8125
8231 8585 8199
8651 8415 8047
8574 8369 8224
8612 8237 8247
8415 8459 8192
8466 8450 8168
8182 8477 8236
8569 8484 7908
8683 8366 8035
8462 8499 8149
7847 8450 8424
8493 8390 8216
8167 8496 8252
8398 8227 8375
8632 8383 8108
8562 8091 8255
8270 8658 7920
8672 8316 8150
8540 8411 8104
8352 8275 8434
8386 8227 8388
8555 8314 8257
7963 8348 8527
8050 8572 8212
8625 8385 8220
8446 8449 8243
8540 8411 8104
8351 8408 8387
7739 8480 8330
7921 8086 8491
8222 8688 7791
8283 8542 7610
8467 7890 8237
8717 8197 7842
8410 8003 8281
7892 8268 8474
8668 8344 7776
7974 8124 8418
8113 8678 7822
8555 8402 7947
8131 8595 8101
8042 8388 8336
8368 8177 8288
8607 8316 8153
8150 8524 8183
8494 8472 7900
8186 8290 8383
8214 8580 8060
8439 8471 8011
8072 8408 8299
8315 8505 7861
7982 8415 8388
8648 8361 8025
8689 8268 7828
8443 8455 8068
8428 8423 8069
8323 8329 8252
8348 8308 8359
8518 8352 8214
8571 8219 8227
8257 8253 8401
8338 8408 8112
8474 8372 8101
8365 8106 8369
8265 8402 8317
8363 8494 8035
8305 8497 8206
8324 8230 8412
8253 8584 7794
8513 8404 7800
8345 8502 8082
8575 8361 8162
8575 8361 8162
7685 8421 8264
8140 8654 7706
8231 8198 8405
8571 8091 8083
8630 8098 7964
7925 8555 7954
8041 8521 7931
8513 8338 7859
7753 8391 8332
8368 8145 8247
8217 8453 8181
7916 8512 8071
7959 8330 8319
8348 8211 8338
8604 8162 7890
8542 8236 8058
8451 8385 7914
8272 8494 8022
8482 8189 8118
8621 8271 7869
8121 8502 8084
8237 8346 8150
8404 8341 8200
8122 8484 8032
8225 8502 7983
8313 8392 7958
8315 8358 8056
8513 8302 8075
8481 8309 8197
8248 8273 8322
8438 8340 8052
8253 8389 8104
8496 8324 7956
8124 8350 8185
8405 8389 8026
7915 8447 7956
8085 8484 7726
8154 7976 8392
8605 8234 7852
8285 8069 8304
8372 8136 8192
7924 8308 8271
8225 8021 8335
8058 8386 8164
8528 8203 7903
8472 8297 8031
8264 8381 7737
8234 8378 7988
8434 8276 8134
8193 8441 8098
8542 8223 7877
8347 8203 8257
8300 8348 7948
8097 8264 8193
8390 8252 8149
8208 8401 8122
8504 8297 7948
8146 8323 8174
8202 8432 7879
8336 8296 8185
8131 8440 8158
8221 8261 8322
7840 8244 8210
7982 8439 8134
8219 8145 8314
8347 8105 8127
8558 8163 7678
8205 8381 7772
8408 8183 7952
8031 8225 8176
8400 8236 7928
8100 8438 8113
8260 8293 7948
8197 8336 8106
8154 8363 8066
8263 8147 8060
8146 8315 8124
8350 8232 8023
8200 8380 8024
7966 8133 8184
8033 7988 8254
8056 8409 8054
8134 7962 8236
8198 8077 7852
8113 8320 7943
8167 8000 8094
8063 8251 8085
8132 8126 8169
8158 8249 8076
8058 8341 8072
8057 8035 8150
7806 7867 8129
8001 7997 8083
7729 7676 7737
