817 0.42784
8386 8860
8386 8860
8386 8860
8386 8860
8532 8823
8386 8860
8386 8860
8386 8860
8386 8860
8532 8823
8386 8860
8386 8860
8386 8860
8386 8860
8532 8823
8386 8860
8386 8860
8386 8860
8386 8860
8386 8860
8386 8860
8386 8860
8386 8860
8386 8860
8386 8860
8386 8860
8386 8860
8386 8860
8386 8860
8386 8860
8544 8802
8386 8860
8386 8860
8386 8860
8386 8860
8386 8860
8587 8787
8467 8809
8547 8787
8547 8787
8386 8860
8547 8787
8547 8787
8547 8787
8547 8787
8547 8787
8547 8787
8547 8787
8547 8787
8547 8787
8547 8787
8547 8787
8547 8787
8547 8787
8547 8787
8547 8787
8532 8823
8547 8787
8547 8787
8547 8787
8547 8787
8547 8787
8547 8787
8547 8787
8547 8787
8547 8787
8547 8787
8386 8860
8547 8787
8547 8787
8547 8787
8547 8787
8547 8787
8547 8787
8547 8787
8547 8787
8547 8787
8547 8787
8547 8787
8547 8787
8547 8787
8547 8787
8547 8787
8547 8787
8547 8787
8547 8787
8547 8787
8547 8787
8547 8787
8547 8787
8386 8860
8547 8787
8547 8787
8386 8860
8547 8787
8547 8787
8547 8787
8547 8787
8547 8787
8547 8787
8467 8809
8587 8787
8547 8787
8386 8860
8544 8802
8386 8860
8386 8860
8386 8860
8386 8860
8386 8860
8386 8860
8532 8823
8386 8860
8386 8860
8386 8860
8547 8787
8547 8787
8547 8787
8547 8787
8547 8787
8547 8787
8547 8787
8547 8787
8547 8787
8547 8787
8547 8787
8386 8860
8547 8787
8547 8787
8547 8787
8547 8787
8547 8787
8547 8787
8547 8787
8532 8823
8547 8787
