41 4.06724
30796 32894 31954 31480
30896 31404 32152 32395
31040 31563 32672 31691
31724 33162 30994 31319
31747 31745 31407 32884
31905 32630 32047 31011
32460 32619 30676 32084
33036 32161 31201 32164
32826 31617 30779 32280
31118 32989 31684 31803
31427 32894 31743 32070
32485 31739 32439 31525
31663 32656 31099 32227
32651 31933 31290 31965
32230 32396 30984 32336
31598 33044 31463 31912
32279 32250 31769 32660
32072 31915 32590 31661
32495 32131 31474 31613
31451 32943 31875 31501
32395 31701 31823 31803
32003 31885 32211 31886
32226 32778 31809 32182
32537 32225 31412 31421
32792 32630 31006 31700
32670 32193 31639 31462
31747 32070 32251 31925
31643 32893 31621 31962
31942 32323 32078 31523
31756 32403 31374 32816
32361 31465 31669 31983
32132 33009 31466 32141
32061 32149 31972 31794
31740 32270 31703 32628
31756 32403 31374 32816
31660 32172 32303 31566
30896 31404 32152 32395
31797 32257 31432 32505
32549 31861 31398 32558
32652 32482 31184 31936
32161 32505 31268 32302
31040 31563 32672 31691
31845 32350 32249 32199
31503 32552 32215 31893
31930 31889 32616 31457
32549 31861 31398 32558
32141 32582 31953 32399
32365 32169 31545 31960
32182 31900 32158 31696
32804 32746 31247 31661
31916 32634 32026 32390
32333 32073 31342 32497
32159 31791 31905 32198
32361 31465 31669 31983
31848 32314 32148 31752
31631 32274 31429 32407
31432 32278 31561 32456
32272 32400 31203 31723
32549 31611 31421 32294
32489 32388 31210 31760
32804 32746 31247 31661
31503 32552 32215 31893
32159 31791 31905 32198
32333 32073 31342 32497
31848 32314 32148 31752
32276 32383 31127 32173
32276 32383 31127 32173
31660 32172 32303 31566
31432 32278 31561 32456
32652 32482 31184 31936
31660 32172 32303 31566
31432 32278 31561 32456
31916 32634 32026 32390
32333 32073 31342 32497
30896 31404 32152 32395
31432 32278 31561 32456
32333 32073 31342 32497
30896 31404 32152 32395
31756 32403 31374 32816
30896 31404 32152 32395
31660 32172 32303 31566
32159 31791 31905 32198
30825 31515 32201 31951
30906 31136 32367 30785
31032 33029 31172 31729
31406 32782 31527 30657
31519 31483 31011 32691
32061 30953 31901 31504
32399 32291 30335 31793
32898 31748 31095 31613
31323 32819 31664 31603
32764 31950 31195 31848
32353 32342 30339 32052
32610 31917 30801 31962
32212 32222 31662 31219
31130 32069 30971 32660
31359 32414 31687 32116
32554 32085 30928 31462
32356 31992 30504 31544
31166 31663 32218 31050
32187 32463 30883 31653
32696 32018 30832 31130
32162 31001 31370 32246
31225 32751 31794 30728
32356 31992 30504 31544
31467 32021 32129 31712
32302 32315 31146 31061
30884 31761 31609 32339
30906 31136 32367 30785
30929 31248 32323 30779
32878 31913 30680 31101
32257 31802 31269 32185
31767 32122 31968 31555
31236 31589 31559 32377
32437 32201 30939 30958
32681 31788 30688 32011
32294 32072 31261 31376
31636 32728 31586 31941
31103 31047 32033 31927
31992 32421 31807 32082
32434 31923 30722 32055
31937 32071 31211 32448
31570 31796 32097 31292
30864 31799 32226 31624
31702 31669 32019 32250
32042 32170 31838 32033
32035 32490 30640 32063
32271 31905 31748 31981
32280 31430 31540 31894
32338 31962 31328 30867
32338 31962 31328 30867
31863 32027 31552 32479
32407 31774 31498 31336
30896 31354 31724 32553
32503 31984 31302 30711
31706 32643 31464 32130
31123 32606 31935 31761
31724 31845 31968 31786
32025 32290 31953 32237
31587 31856 32048 31906
31227 31672 32148 31682
32080 32256 31671 31888
31260 32512 32006 32032
31028 31575 31616 32591
31949 32606 31165 31778
31652 31195 32335 31275
31177 31586 32274 31466
31818 31942 31987 31472
30931 31758 32149 30780
31711 32681 31456 31982
31867 31507 32156 31483
32084 31290 32045 31315
32503 31984 31302 30711
31711 31569 32298 31551
31406 32782 31527 30657
31596 32188 31152 32508
31930 31388 32136 31269
32147 32500 30997 31679
30825 31515 32201 31951
31375 32202 31966 31428
32237 32182 31156 32491
32154 32654 31409 31656
32696 32018 30832 31130
32139 32154 31432 31330
32109 32633 31420 31297
32035 32490 30640 32063
31103 31047 32033 31927
31889 32024 32043 31416
31897 32761 31741 31868
31603 31581 32201 30990
31642 31585 31633 32568
30924 31585 32197 31873
31823 32663 31805 32053
32111 31928 31567 31481
31028 31575 31616 32591
31373 31973 31439 32577
30931 31476 32067 32004
31652 31195 32335 31275
30896 31354 31724 32553
31260 32512 32006 32032
32021 32570 31410 31492
32878 31913 30680 31101
31675 31298 32282 31575
31603 31581 32201 30990
32016 32783 30948 31999
31711 31806 32063 31551
32139 32432 31155 31927
32037 31775 31316 32048
31928 32155 31528 32396
32021 32570 31410 31492
31909 32158 32040 31471
31902 31388 31421 32405
31675 31298 32282 31575
32016 32783 30948 31999
32177 31771 31938 31449
32437 32201 30939 30958
32177 31771 31938 31449
31930 31388 32136 31269
31675 31298 32282 31575
31675 31298 32282 31575
31902 31388 31421 32405
30931 31476 32067 32004
31930 31388 32136 31269
31675 31298 32282 31575
32035 32490 30640 32063
30758 31339 32216 31536
31120 31029 31956 31990
31259 31264 31118 32557
31863 32685 31588 31555
32127 31801 29948 32042
32151 31178 31792 30449
32517 31438 30589 31267
30784 31630 32088 31207
31975 32390 30792 30574
32059 32283 30879 30652
32510 31175 31012 31492
32325 31507 31083 30814
31072 32566 31710 31947
31127 32388 31466 32097
32415 31710 31003 30820
31317 32090 30951 32310
30981 31790 31551 32315
32380 31620 30831 31271
32090 32237 30780 30937
31519 32491 31611 31651
31282 31729 31195 32452
32202 31903 30665 31862
31801 32183 31875 32205
31606 32313 31621 31938
32020 31558 31945 31100
31257 31321 31912 31976
31365 31968 31876 31762
31974 32539 31230 30988
31739 31512 31990 31090
32111 32120 30856 32373
32241 31865 31471 31605
32261 31516 31407 31041
31808 32058 31675 31846
30992 32343 32001 31324
31460 31193 32046 31889
31642 32350 31787 31722
31997 31390 31817 31821
31926 32260 31632 32223
31424 31952 32087 31284
31779 32459 31763 31926
31933 31778 31826 32073
31925 32509 31042 31747
32177 32121 30881 31508
31324 31374 31966 31478
32217 32143 30980 31245
32002 32186 31288 31532
30766 31211 32011 31663
32282 31529 30734 31696
32087 31554 31382 31656
32067 31471 31499 31947
32144 32170 31136 31089
31959 32372 31413 32012
32027 31921 31413 31409
32283 32022 31106 31209
31843 31506 31182 32311
31871 31914 31771 31773
32012 32152 31671 31191
31909 31813 31717 31978
32101 32013 31009 31964
31099 31537 31443 32506
32426 32020 30747 31320
31910 31300 31952 31291
32192 32084 30839 31407
31642 32208 31819 32095
32145 31882 31287 31716
32136 31665 31626 31357
32178 31635 31735 31604
31396 31960 31920 31483
31926 32318 31489 30964
32081 31741 31708 31705
31770 32280 31910 31660
32089 31765 31484 31447
31494 31313 31966 31681
31479 31913 31514 32414
31469 32537 31789 31352
32060 31765 31170 31912
31509 31660 31946 31583
30981 31790 31551 32315
31990 32200 31106 31229
31099 31537 31443 32506
31771 32468 31086 31720
31901 31192 31923 31378
32148 31657 31573 31323
31966 32250 31547 32018
32426 32020 30747 31320
32012 32152 31671 31191
31806 31352 31953 31235
31479 31913 31514 32414
31901 31192 31923 31378
32209 31758 31026 32015
32210 31754 31109 31928
31124 31555 32013 31534
31099 31537 31443 32506
31966 32250 31547 32018
31479 31913 31514 32414
30922 31239 31853 31584
31019 31180 31311 32444
31050 32674 31337 31115
31362 31403 31928 31255
31386 32548 31565 30612
31429 30814 31808 31301
31975 31523 30192 31579
32224 31413 31235 31304
31772 32134 30683 31669
31049 32303 31688 30904
31811 32360 30380 31906
31816 32355 30453 31439
31636 32216 31623 30955
32105 31393 31506 31230
31139 32608 31356 31352
32174 32015 30876 31326
31891 31335 30980 32078
31218 32641 31299 31372
31348 32156 31155 31971
31579 32171 31258 31662
31069 32289 31714 31741
32025 31627 31521 31466
31909 31741 30993 32046
31936 31348 30825 31581
31920 32340 31094 31109
31069 31801 31459 32274
31764 32017 31777 31806
31698 32008 31110 31989
31394 31955 31847 32176
31489 32399 31669 31494
32005 31543 31416 31547
31536 31854 31782 31733
31852 32069 31435 31857
31283 32132 31557 32223
31258 31747 31452 32351
31445 32454 31325 31316
31839 31850 31597 32121
31359 31751 31880 31147
31834 31898 30859 32040
31679 32056 31779 31627
31053 31445 31216 32370
31985 31441 31640 31532
31932 31965 31081 31484
31746 32081 31609 31592
31656 32095 31689 31934
31885 32135 31359 31497
31749 32274 31585 31446
31457 31998 31833 31262
31814 31632 31525 32219
31440 31906 31791 31280
32222 31800 31299 31486
31637 32349 31450 31176
31900 32122 31549 31699
31653 32390 31294 31587
31944 31975 31450 31351
31053 31445 31216 32370
31916 32005 31250 31692
31446 32114 31401 32218
31446 32114 31401 32218
31359 32152 31444 31547
31909 32016 31520 31739
30841 32456 31308 31335
30997 31056 31769 32000
31120 31504 31117 32330
31240 32051 30355 32125
31323 31280 31892 30784
32157 31687 30930 30892
32005 31390 30683 31284
30904 31188 31838 31361
31802 31311 30905 32211
31502 32338 31172 30882
31353 32253 31097 31242
31780 31948 31405 31667
31135 31709 31662 31777
31068 31978 31741 30932
31717 31627 30701 31969
31592 31593 31748 31021
31345 31684 31012 32072
31828 31880 31359 30979
31874 32038 31123 31170
31696 31601 31702 30898
31515 32175 31508 31372
31193 31773 31357 32023
31895 31760 31212 31510
31503 32082 31582 31329
30874 31221 31635 32033
31376 31388 31625 31972
31396 32160 30881 31612
31240 31594 31401 31904
31873 32083 30849 31665
31440 31831 31200 32055
31867 31825 30924 31600
31916 31758 31264 31476
31977 31720 31132 31350
31579 31749 30953 32066
31614 32002 30861 31280
31580 32199 31460 31278
31529 31843 31257 31818
31720 31542 31486 31992
31488 31545 30924 32107
31853 32031 30850 31445
31495 32087 31493 31848
31324 31729 31636 31868
31611 31784 31435 31823
31889 31874 30689 31620
31601 32026 31437 31815
31704 31716 31440 31475
31877 31616 30877 31612
30400 31591 31063 31877
30594 31092 31821 31329
30727 32106 31376 30789
30840 31355 31605 31940
31630 30907 31275 31787
31657 31859 30453 31624
31979 31144 30811 30727
31862 31119 30878 31045
31497 31796 31435 31430
31044 32093 31295 31352
30941 31405 31464 31554
31692 31641 30981 31214
31765 31167 31117 30835
31833 31605 30990 31195
31574 31902 31245 31768
30571 31878 31524 30957
31646 31529 31236 31891
31183 31290 31327 31653
31420 31241 31431 31572
31268 31729 31580 30931
31416 31430 31238 31910
30958 31295 31554 31732
31122 31352 31536 31782
31272 31883 31295 31702
31605 31687 31309 31350
31748 31168 31068 30933
31339 31720 31268 31748
31345 31814 30984 31937
31630 31597 31079 31617
30570 30684 31513 31883
31006 31947 31197 31273
31062 31885 30186 31674
31419 31192 30849 31885
31562 31631 31043 30660
31789 31586 30474 30736
31149 30758 31405 31553
31646 31381 30806 31435
31329 31125 31357 30960
30883 31655 31293 30865
30922 31498 31219 31414
31527 31239 30997 31054
31413 31835 30918 31191
31017 31724 31125 31515
31462 31549 31203 31666
31486 31774 31053 30977
31567 31620 31305 31037
31382 31760 30856 31448
31368 31870 30947 31444
31417 31648 30904 31535
30490 31673 31024 30587
30849 30539 30984 31150
30851 31880 30598 30727
31094 31318 30961 31412
31419 31018 31208 30833
31439 31675 30488 30764
31532 31414 30847 31015
31333 31827 30734 31303
31270 31518 30843 30635
30972 31019 30977 31229
31305 31382 31027 31076
30848 31535 30687 30719
31062 31046 30940 31246
31187 30994 30403 31268
31294 30967 30821 30518
