56 10.3871
24647 25203
25894 23542
25288 25162
25771 24307
25860 23708
25479 24471
25687 24368
25345 24921
25381 24737
25416 24578
25871 23623
25034 25149
25862 23442
25472 24433
25325 24835
25686 24176
25594 24230
25198 24974
25272 24929
25728 23992
25122 25072
25527 24275
25830 23600
25137 25057
25753 23823
25527 24275
25815 23689
25731 23939
25762 23696
25840 23483
25736 23861
25795 23690
25762 23696
25745 23847
25840 23483
25859 23465
25859 23465
25862 23442
25840 23483
25859 23465
25859 23465
24691 25149
25855 23464
25016 25123
25813 23689
25326 24427
25728 23976
25296 24775
25513 24216
25425 24399
25684 24063
25468 24316
25238 24888
25598 24137
25574 24196
25657 24114
25266 24826
25111 24992
25140 24963
25046 25052
25818 23541
25078 25050
25452 24361
25826 23483
25191 24920
25183 24928
25296 24775
25818 23541
25855 23464
24485 25136
25854 23310
25065 25038
24587 25132
25660 23990
25722 23699
25360 24390
25570 24131
24765 25115
25290 24532
24919 25112
25179 24925
25714 23944
25277 24616
25802 23559
25505 24215
25412 24366
25256 24777
25828 23424
24790 25113
24919 25112
25815 23470
25449 24292
25854 23310
25227 24828
25791 23669
25764 23680
25714 23944
25556 24165
25193 24853
25454 24255
25279 24571
25182 24917
25251 24797
25556 24165
25791 23669
25454 24255
25193 24853
25179 24925
24537 25085
25854 23284
25229 24554
25278 24378
24823 25063
25064 24986
25699 23829
24753 25082
24941 25037
25222 24809
25721 23664
25508 24090
25652 23940
24999 25030
25357 24344
25575 23988
25698 23932
25140 24923
25812 23388
25755 23650
25794 23467
25470 24175
25143 24841
25530 24015
25380 24287
24753 25082
25812 23388
25385 24212
25368 24310
25141 24899
25436 24200
25793 23501
25194 24814
25769 23590
25557 23999
25390 24206
25187 24836
25779 23589
25428 24201
25532 24000
25470 24175
25222 24809
25788 23559
25789 23536
25187 24836
25140 24923
25470 24175
25788 23559
25789 23536
25769 23590
25428 24201
25789 23536
24532 25045
25791 23449
25220 24653
25697 23871
25740 23644
25238 24368
24710 25043
25174 24821
24856 24994
25217 24746
25429 24168
25139 24905
24976 24980
25323 24329
24822 25016
25379 24250
25506 24054
25524 23954
25238 24368
25778 23511
25589 23939
25636 23934
25776 23576
24737 25038
25753 23614
25439 24100
25352 24263
25537 23946
25071 24906
25022 24947
25689 23931
25689 23931
25472 24072
25489 24070
25064 24922
25345 24307
25002 24974
25345 24307
25444 24083
25031 24924
24737 25038
25002 24974
25031 24924
25071 24906
25444 24083
25064 24922
25064 24922
25071 24906
24307 25029
25788 23425
24762 25003
25233 24342
25214 24649
25170 24735
25138 24833
25696 23705
25362 24234
25418 24161
25691 23867
24805 24990
25561 23938
25076 24868
25196 24654
25483 24060
25304 24291
25497 23956
25435 24087
25305 24266
25619 23927
25770 23511
24885 24974
25766 23539
24885 24974
24964 24963
25648 23874
25026 24881
25627 23894
25494 23990
24998 24931
25697 23642
25441 24063
25030 24870
25749 23586
25703 23624
25731 23614
25749 23586
24997 24951
25731 23614
25494 23990
25770 23511
24964 24963
24983 24957
25304 24291
24983 24957
24998 24931
25699 23628
25699 23628
24998 24931
25770 23511
24629 25002
25759 23497
25202 24601
24709 24971
24946 24958
25212 24298
25350 24219
25155 24714
25030 24861
25547 23907
24953 24921
25675 23696
25375 24089
25116 24782
25483 24005
25196 24645
25744 23564
25212 24298
25300 24269
25672 23826
25085 24816
25065 24838
25300 24269
25725 23607
25404 24084
25661 23847
25438 24058
25693 23647
25578 23875
25698 23618
25459 24048
24653 24974
24709 24971
25617 23864
25617 23864
24653 24974
25570 23898
24946 24958
25479 24031
25672 23826
25573 23889
25479 24031
25483 24005
25479 24031
24425 24998
25759 23438
24521 24977
24876 24955
25199 24501
25210 24280
25722 23607
25264 24260
24927 24910
25667 23701
25481 24003
25281 24108
25507 23904
25192 24584
25404 24075
25059 24775
25150 24648
25743 23501
25315 24102
25661 23837
24999 24848
25422 24031
25572 23856
25007 24839
25561 23882
25135 24701
25093 24750
25662 23786
25757 23465
25113 24740
25118 24709
25662 23786
25569 23878
24320 24979
25756 23433
24700 24954
24973 24814
25188 24406
25693 23576
25659 23751
25196 24253
25554 23873
24879 24869
25101 24739
25269 24103
25157 24504
25480 23957
25352 24057
25143 24565
25132 24644
24841 24912
25235 24203
25243 24160
24759 24944
25735 23492
24794 24929
25642 23777
25570 23805
25596 23801
25420 23994
25387 24043
25108 24691
25452 23960
25700 23532
25407 24014
25722 23519
25105 24717
24222 24970
25742 23329
25243 24093
25179 24356
24434 24954
24872 24845
25432 23958
24680 24891
25054 24700
24961 24809
25539 23804
25151 24492
25634 23707
24574 24944
25115 24611
24587 24904
25728 23455
25475 23834
25128 24576
25733 23373
25652 23702
25653 23595
25712 23515
25445 23933
25686 23565
25689 23530
25466 23894
25472 23892
25658 23583
24555 24942
25711 23393
24807 24819
25160 24315
25211 23994
25620 23601
25409 23930
25127 24428
25027 24696
25515 23745
25501 23772
24941 24784
25104 24597
24889 24802
25067 24608
25354 23935
25280 23958
25700 23417
25699 23508
25294 23954
25643 23543
25679 23518
25645 23523
24516 24934
25696 23367
24920 24738
25138 24310
25255 23923
25438 23690
25379 23801
25511 23596
25110 24416
25338 23917
25014 24619
25688 23481
25634 23540
25577 23556
25102 24576
25033 24607
25101 24592
24902 24702
25682 23472
25099 24287
25331 23847
25476 23494
25408 23668
25054 24563
24906 24670
25084 24495
25607 23491
25355 23786
24810 24701
25662 23393
25079 24441
25263 23826
25637 23470
25190 23844
24848 24675
25661 23443
24846 24695
24837 24684
25648 23241
25390 23450
25139 23712
24918 24414
25622 23446
25082 23817
25049 23952
24947 24200
25020 24076
24956 24131
25647 23278
24701 24683
25635 23225
25550 23443
24907 24259
24886 24373
25615 23377
24668 24681
25592 23282
24892 23963
25539 23331
24780 24358
24879 24293
24620 24619
25571 23198
24812 24180
25302 23312
25432 23310
23597 25259
24930 24080
24109 24973
23843 24985
24448 24795
24730 24153
24666 24260
24656 24475
23662 25074
24630 24576
24283 24862
24283 24862
24564 24675
24564 24675
23662 25074
23235 25113
24915 23904
24612 24096
23524 24977
24611 24334
24319 24774
24380 24662
24530 24637
24543 24389
24159 24820
23752 24974
24782 23941
24004 24953
24033 24836
23536 24975
23808 24965
23944 24955
24740 23966
24530 24637
24738 24057
24543 24389
24738 24057
24075 24825
24075 24825
23154 25078
24865 23463
23606 24971
23726 24966
23977 24948
24859 23711
24361 24626
24312 24732
24774 23870
24516 24297
24612 24088
24136 24808
24825 23833
24508 24441
24726 23967
24255 24756
24423 24606
24841 23717
24605 24221
24011 24828
24504 24496
24432 24533
24004 24884
24674 24009
24702 23994
24184 24774
24600 24229
24184 24774
24646 24039
24582 24284
24582 24284
24471 24532
24011 24828
23995 24917
23995 24917
24471 24532
24646 24039
24646 24039
24859 23711
24605 24221
24011 24828
24011 24828
24471 24532
24605 24221
24646 24039
23046 25073
23046 25073
24824 23674
23049 24988
23447 24968
24578 24273
24296 24688
24456 24525
24818 23753
24703 23957
24175 24744
23447 24968
23686 24958
23866 24948
24498 24385
24482 24430
24352 24601
24103 24789
23686 24958
24746 23866
24003 24823
24763 23853
23943 24925
24352 24601
23984 24867
24579 24165
24120 24759
24631 23999
23915 24945
24579 24165
24583 24098
24631 23999
23047 25013
23993 24853
24485 24386
24596 24036
24583 24098
24592 24062
24596 24036
24595 24058
23047 25013
24763 23853
24592 24062
23686 24958
24579 24165
24583 24098
24596 24036
24763 23853
22948 25047
24788 23709
23032 25030
23643 24944
24732 23813
24291 24673
24573 24262
24124 24722
24477 24401
24659 23949
24578 24050
24522 24265
23757 24927
24764 23748
23902 24911
24301 24588
24430 24487
23942 24864
23721 24931
24593 23998
24618 23950
24025 24773
23004 25035
23902 24911
24315 24578
23971 24856
23643 24944
24379 24496
23978 24817
24449 24437
24584 24024
24093 24762
24449 24437
24001 24811
24323 24529
24323 24529
24350 24497
24522 24265
24048 24767
24093 24762
24578 24050
23032 25030
24001 24811
24048 24767
24350 24497
24573 24262
23031 24982
24781 23637
23090 24938
23550 24934
24072 24708
24568 24099
23778 24899
24582 24009
24450 24396
24264 24646
24567 24247
23912 24843
24514 24265
24649 23922
24279 24527
24647 23935
24673 23803
24275 24606
24730 23775
24733 23719
24774 23689
24441 24431
24068 24758
24365 24445
24007 24772
24292 24475
23598 24919
23699 24917
23699 24917
24673 23803
23932 24824
24347 24467
24514 24265
24781 23637
23550 24934
23598 24919
23942 24800
24001 24794
24318 24471
24264 24646
23942 24800
24001 24794
23550 24934
23550 24934
24673 23803
22944 24957
24776 23632
23453 24934
24251 24644
24434 24419
24600 23837
24568 24075
24057 24665
23920 24799
24436 24267
23647 24915
24741 23664
24047 24756
24648 23811
23674 24887
24526 24208
24545 24139
24724 23770
23771 24853
24054 24729
24724 23770
23771 24853
23865 24840
23865 24840
24562 24110
24499 24257
24505 24237
24724 23770
23173 24931
24756 23570
23379 24913
24560 23933
24034 24751
23633 24905
24287 24375
24637 23797
24239 24551
24436 24246
24555 24088
23915 24775
23729 24849
24344 24328
24187 24634
24500 24233
24730 23628
24069 24635
23654 24882
24686 23669
24517 24154
24232 24611
24069 24635
24532 24136
23877 24794
23856 24822
24665 23704
23802 24832
24309 24345
24643 23747
24238 24565
24661 23740
23811 24830
24337 24338
23046 24928
24730 23505
23532 24902
24614 23775
24551 24053
24221 24384
23897 24760
24162 24602
23741 24824
24620 23615
24103 24617
23637 24870
24315 24251
24023 24691
24407 24207
24701 23598
24495 24145
24231 24307
23967 24716
24428 24186
23676 24833
24308 24305
24517 24102
24666 23611
24550 24085
23984 24694
24162 24602
22918 24923
24728 23415
23523 24895
24569 23768
24602 23625
24214 24346
24299 24213
24543 24008
23729 24808
24674 23491
24157 24399
24377 24186
24491 24118
24132 24539
23814 24736
23629 24864
23878 24732
23949 24702
24532 24064
24692 23433
23586 24865
23970 24676
24008 24607
23972 24614
24114 24579
24088 24606
24540 24036
24103 24602
23378 24878
24672 23462
24528 23759
24617 23471
24165 24339
23605 24863
24231 24211
24122 24533
23722 24769
24358 24183
23843 24721
23921 24606
24515 23901
23648 24799
24504 23965
24476 24068
24401 24108
24080 24599
23872 24691
23909 24650
24453 24100
24098 24595
24083 24598
23070 24857
24671 23431
24506 23589
23561 24851
24496 23904
24132 24233
23682 24765
24118 24434
24265 24175
23771 24713
23885 24630
24348 24167
23573 24837
23977 24589
23857 24685
24103 24494
24466 24008
24374 24073
24529 23460
24535 23448
24050 24550
24423 24066
24031 24571
24458 24038
23049 24846
24490 23713
23449 24835
24033 24526
24225 24167
24112 24398
23788 24640
23656 24741
23571 24830
24465 23942
24368 24066
24255 24111
24434 24032
23725 24666
24064 24454
24487 23818
24468 23838
24107 24424
23767 24662
22929 24844
24490 23364
23554 24825
24477 23803
24174 24104
23754 24631
23813 24412
24112 24334
24416 23951
23635 24668
23911 24411
24285 24059
24461 23870
24029 24378
24336 24023
23590 24716
23561 24755
24050 24346
24334 24031
23544 24817
24477 23637
23845 24281
23724 24606
24275 24029
24471 23770
24095 24031
23984 24040
23585 24661
24407 23940
23941 24205
24402 23951
23713 24609
23947 24145
23548 24687
23302 24783
24428 23524
23970 24023
24228 24015
23721 24279
24364 23760
23819 24141
24398 23571
23847 24062
23494 24720
23425 24765
24303 23947
23653 24399
23581 24653
23600 24571
24358 23886
23612 24427
23277 24780
24426 23238
23572 24063
24173 23974
24349 23280
24341 23878
23430 24596
23529 24341
23371 24733
23456 24349
24281 23931
23005 24762
24315 23657
23360 24312
23972 23868
23334 24668
24124 23799
24287 23770
24302 23759
23329 24664
24311 23640
23858 23857
24272 23725
23282 24637
24270 23673
23111 24595
24237 23615
23246 24562
23033 24522
24179 23393
23962 23426
24350 25514
25393 23784
25393 23784
25353 24681
25097 24687
24678 25242
25078 24907
24928 24969
24857 25139
24704 25174
24678 25242
24872 25042
24198 25387
24198 25387
25342 24269
24581 25239
25048 24787
24914 24923
24330 25250
24670 25142
25154 24452
25248 24386
25131 24491
24812 24961
25248 24386
25088 24555
24785 25035
24835 24925
24752 25107
25056 24664
24315 25322
24294 25376
24777 25071
25059 24612
24330 25250
24676 25109
24298 25347
25056 24664
25085 24603
24676 25109
24294 25376
25085 24603
25085 24603
24676 25109
25056 24664
24165 25312
25289 24259
24391 25225
24595 25140
25225 24357
25045 24652
24311 25249
25141 24413
24870 24912
24998 24728
25049 24533
24928 24766
25064 24513
24756 25034
24770 24994
24937 24754
25226 24301
24899 24838
24169 25305
24266 25302
24875 24880
24621 25107
24797 24935
25108 24469
25141 24413
25108 24469
24679 25095
24734 25073
24652 25102
24891 24839
24734 25073
25226 24301
24771 24939
24266 25302
24303 25285
25001 24655
24999 24685
24303 25285
25049 24533
24679 25095
24999 24685
25001 24655
24771 24939
24797 24935
24169 25305
24899 24838
25045 24652
24266 25302
24266 25302
24734 25073
24771 24939
24999 24685
24091 25311
25283 24073
24895 24836
24982 24707
24354 25183
24517 25132
24249 25298
24654 25050
25121 24387
24559 25096
25274 24208
25283 24073
24300 25234
25141 24310
25030 24549
25101 24422
24763 24933
25024 24648
24989 24694
24716 24970
24819 24896
25024 24648
24705 25018
24517 25132
24559 25096
24276 25236
25227 24231
25274 24208
25147 24280
25187 24251
24873 24871
24788 24904
24273 25278
25187 24251
25044 24477
24709 24976
25044 24477
25086 24462
25035 24529
24354 25183
25086 24462
24694 25042
24354 25183
24255 25284
24839 24872
25227 24231
24839 24872
25147 24280
24679 25046
24771 24916
25035 24529
24771 24916
24873 24871
25227 24231
24679 25046
24873 24871
24354 25183
24354 25183
24354 25183
24679 25046
24771 24916
24771 24916
25035 24529
25227 24231
25283 24073
25283 24073
25283 24073
24027 25303
24027 25303
25283 23980
24517 25105
24262 25277
24985 24516
24582 25042
25269 24167
24351 25148
24810 24872
25283 23980
24678 25040
25014 24450
24893 24688
25204 24231
24136 25298
24981 24654
25094 24381
24855 24817
25145 24258
24683 24950
24136 25298
24747 24918
24277 25176
24889 24783
24713 24949
25065 24434
25121 24349
25129 24287
24868 24794
25065 24434
24282 25172
24332 25155
25241 24203
24948 24679
25260 24187
24743 24920
25121 24349
24962 24662
25129 24287
25241 24203
24889 24783
24948 24679
24980 24658
24332 25155
24351 25148
24277 25176
24282 25172
24743 24920
25283 23980
23952 25281
23952 25281
25276 23979
24296 25144
24977 24629
24516 25102
24673 25032
25028 24433
24184 25270
24527 25040
24732 24917
25132 24256
25075 24331
24843 24817
24809 24863
24254 25260
25033 24413
24873 24756
24878 24707
25147 24178
25222 24112
25121 24327
25266 24080
24742 24879
25210 24173
24931 24670
24931 24670
25263 24087
25193 24175
24198 25268
24254 25260
24741 24891
24198 25268
24178 25255
25261 23643
25250 24036
25260 23742
24474 25047
24645 25030
24994 24395
24259 25079
24975 24558
24369 25071
25100 24272
24725 24902
25126 24153
24871 24693
24215 25249
24671 24914
24400 25050
25029 24320
24831 24746
24765 24857
24908 24594
25166 24134
25120 24253
24903 24669
24803 24852
24829 24804
25203 24090
24951 24578
24245 25172
25027 24341
24669 25000
24247 25162
25197 24097
24669 25000
24144 25253
25161 24078
24277 25022
24573 25020
24830 24715
24965 24543
24895 24667
24177 25210
24907 24594
25034 24234
24218 25133
24970 24450
25112 24165
24993 24325
24790 24815
24980 24358
24656 24992
24746 24853
24684 24889
24242 25081
25068 24207
24583 25015
24689 24888
24646 24996
24262 25067
25095 24195
24779 24846
24789 24841
24130 25239
25149 24048
24564 25014
24190 25044
24976 24226
24905 24565
24735 24808
25071 24166
24796 24673
24945 24495
24975 24324
24848 24645
25080 24116
24686 24886
24176 25155
24646 24921
25147 24075
24709 24834
24600 24940
24188 25084
24593 24993
24149 25199
24959 24408
24957 24412
24816 24653
24143 25230
24814 24669
24108 25219
25148 23888
24425 24991
24163 25103
24961 24259
24811 24647
24717 24725
25134 24055
24683 24869
25019 24099
24878 24544
24600 24896
24935 24383
25051 24095
24557 24925
24505 24945
24471 24983
24932 24479
24898 24528
24112 25148
24132 25128
24934 24430
24054 25203
25130 24027
24127 25117
24680 24785
24931 24129
24414 24979
24768 24637
24875 24510
24286 24985
24913 24390
24928 24275
24543 24904
24808 24599
25041 24042
24603 24818
24078 25172
24589 24892
24296 24983
25095 24028
25057 24037
23918 25179
25130 24022
24896 24358
25032 24039
24840 24449
24740 24586
24255 24949
24672 24727
24117 25002
24065 25139
24092 25004
24293 24924
24807 24536
23977 25163
24422 24904
24403 24905
24542 24894
24588 24812
24582 24882
24790 24579
24057 25160
24664 24759
24612 24762
24604 24776
24546 24892
23971 25124
25090 24006
24885 24156
25043 24018
24827 24319
24227 24916
24682 24563
24496 24893
24813 24434
24107 24984
24567 24876
24721 24496
24645 24725
24637 24759
24041 25044
24187 24925
24006 25107
24506 24890
23892 25118
25056 23936
24805 24376
24878 24147
24204 24878
24087 24938
24999 24005
23983 25091
24451 24858
24672 24520
24582 24741
24508 24793
24629 24625
24622 24713
24495 24843
24631 24556
24671 24552
23824 24897
25024 23832
24764 24368
24776 24052
24986 24005
24652 24524
24323 24858
24495 24842
24562 24735
24034 24868
24597 24601
24125 24863
23800 24851
25022 23763
24735 24302
24324 24838
24876 23946
24570 24527
24488 24819
24493 24568
24959 23859
24975 23838
24535 24554
24965 23843
24302 24809
24837 23779
24693 23963
24611 24287
24661 24188
24484 24668
24495 24438
24408 24700
24491 24448
24377 24791
24312 24797
24403 24772
24282 24769
24460 24397
24383 24693
24377 24764
24077 24672
24433 24313
24374 24651
24213 24645
24362 24479
24165 24615
24247 24184
24239 24464
24197 24578
24206 24345
24505 25162
24505 25162
25883 23310
25439 24723
25434 24863
25511 24211
25047 24883
25741 23523
25023 24944
24803 25070
25693 23919
24748 25071
25837 23472
24563 25100
25669 24124
25693 23919
25883 23310
25807 23487
24563 25100
25609 24144
25555 24164
25524 24170
25669 24124
25596 24153
24301 25127
25824 23441
24779 25039
25388 24742
25664 23786
25021 24944
25394 24242
25062 24845
24555 25079
25283 24840
25646 24043
24489 25094
25665 23522
25710 23510
25342 24799
25813 23446
25537 24151
25556 24096
25437 24174
25394 24242
25437 24174
25631 24090
25538 24134
25631 24090
25813 23446
25813 23446
24243 25116
25820 23395
25310 24792
25021 24913
25684 23508
25633 23836
25625 24020
25347 24571
25341 24775
25554 24066
25366 24534
25369 24325
25004 24925
24706 25028
24551 25029
24748 24938
25633 23836
25506 24122
24382 25086
24843 24930
25387 24253
25433 24123
24436 25073
25726 23439
25762 23397
24715 25000
25696 23477
24829 24931
25369 24325
25387 24253
24518 25072
25433 24123
24382 25086
25366 24534
24532 25069
24549 25062
24549 25062
24518 25072
24829 24931
24843 24930
25366 24534
24278 25073
25710 23359
25614 23979
25634 23494
25358 24493
25135 24788
25377 24199
24522 25060
24748 24916
25393 24116
25259 24762
25340 24702
25021 24874
25498 24099
24887 24914
24599 25023
24715 24998
25285 24729
25341 24560
25670 23485
25540 24029
24530 25046
24715 24998
25502 24071
25683 23413
24599 25023
25377 24199
24979 24898
24940 24905
25540 24029
25341 24560
25021 24874
24887 24914
25695 23397
25695 23397
24959 24901
24959 24901
24522 25060
24959 24901
24959 24901
24959 24901
25021 24874
25540 24029
24425 25059
25667 23428
25607 23759
25354 24364
25339 24616
25427 24089
25573 23903
24497 25049
25007 24807
25259 24717
25336 24691
24723 24908
25374 24193
24860 24902
24679 24996
25116 24778
25510 23997
25374 24193
25180 24743
24580 24999
24571 25017
24860 24902
24966 24895
25470 24044
25003 24848
25213 24740
25116 24778
25581 23834
25501 24040
24966 24895
25581 23834
25510 23997
24702 24932
24691 24964
24691 24964
24702 24932
24723 24908
24723 24908
24860 24902
24966 24895
24405 25056
24405 25056
25654 23390
25585 23703
25646 23409
24824 24895
25036 24737
25163 24733
25554 23887
25371 24115
25334 24569
24985 24836
25338 24328
24652 24991
25350 24265
24652 24991
24484 25018
24918 24857
25410 24056
25295 24629
25248 24717
24561 24994
24848 24886
24892 24863
25501 23966
25265 24651
24440 25047
25411 24024
25257 24687
25479 23967
25514 23901
24537 25012
25307 24574
25514 23901
25450 24014
25465 24005
24537 25012
24561 24994
24435 25048
25341 24298
25248 24717
25307 24574
25338 24328
25341 24298
25457 24012
25465 24005
25450 24014
25457 24012
24435 25048
24537 25012
24561 24994
24561 24994
24561 24994
25338 24328
24327 25042
24327 25042
25605 23404
24680 24879
25337 24153
24615 24963
25078 24710
25322 24404
24866 24854
25538 23601
25201 24695
24980 24731
24918 24785
24485 24971
25295 24442
24405 25028
25463 23970
25410 24010
25537 23773
25538 23601
25339 24057
25291 24584
25371 24037
24883 24851
25254 24653
25261 24639
24440 25001
25525 23873
25537 23773
25481 23916
25500 23910
25291 24584
24471 24997
25314 24415
25525 23873
25525 23873
24075 25003
25591 23326
25454 23957
24341 24969
25311 24267
25536 23693
25548 23380
24671 24874
24571 24963
24878 24842
25268 24484
25142 24673
25005 24700
25507 23868
25244 24652
25521 23814
24591 24896
25274 24339
25272 24390
25227 24653
24924 24719
24881 24763
24976 24718
24905 24758
24200 24969
25556 23128
25509 23423
24647 24874
24352 24955
24484 24934
25487 23461
25465 23702
25366 23773
25300 24107
24840 24828
25345 23926
24964 24702
25299 24237
25250 24399
25452 23749
24438 24940
24725 24837
25244 24573
25303 23970
25087 24657
24903 24721
24704 24838
25144 24650
24871 24795
25031 24672
25253 24375
25271 24290
25264 24302
25307 23930
25031 24672
25230 24636
25181 24649
25238 24574
25234 24634
24879 24738
24877 24755
25181 24649
24878 24748
25181 24649
24075 24956
25489 23381
25343 23681
24453 24923
24601 24874
25331 23904
25146 24641
24835 24810
25237 24329
24917 24669
25233 24468
25293 24035
25215 24608
25283 24152
24481 24894
24898 24672
24869 24786
25286 24131
24867 24789
24359 24912
25488 23237
25326 23276
25312 23795
25102 24640
25283 24147
24733 24809
24865 24695
24581 24821
25291 23890
25199 24607
25234 24320
24436 24834
25227 24440
24861 24756
24363 24873
24296 24888
25289 23507
25276 24057
24861 24736
24731 24776
25102 24607
24415 24783
25214 24380
25164 24587
25217 24156
25227 24127
24344 24799
24311 24847
24337 24833
24045 24858
25283 23288
25267 24014
24412 24768
24703 24759
24932 24586
25209 24366
24285 24846
25156 24526
25114 24580
24812 24640
24300 24821
25206 24370
24793 24649
24743 24696
24735 24708
25127 24566
24152 24821
25261 23578
25240 23893
24296 24815
25203 24228
24538 24721
24732 24677
25063 24517
24581 24714
24763 24610
24856 24567
24917 24540
25177 24323
25100 24463
25161 24359
25142 24430
24912 24557
25150 24414
24266 24801
25260 23463
25231 23743
24431 24720
25114 24290
24887 24546
25180 24146
25051 24495
24292 24768
25222 23847
24701 24565
25043 24512
24821 24552
24652 24609
24558 24630
25120 24243
25199 24002
25189 24006
24528 24716
24543 24712
24543 24672
25224 23510
25171 24055
24882 24536
24669 24540
24637 24568
24935 24506
24982 24432
25108 24125
25048 24373
25065 24259
25147 24067
25099 24221
25014 24382
25081 24251
24326 24669
25150 24004
24483 24627
25034 24219
25079 24058
24636 24550
24973 24335
24910 24457
24745 24530
24963 24400
24846 24502
24821 24514
24246 24654
25133 23902
24950 24244
24473 24625
24879 24443
24999 24103
25093 23998
24529 24518
24643 24489
24757 24452
24398 24587
25080 23995
24864 24415
24439 24536
24932 24239
24997 24020
24275 24577
24955 23952
24408 24532
24660 24362
24919 24236
24819 24295
24752 24327
24738 24344
24172 24497
24914 24125
24544 24354
24337 24336
24295 24160
23759 24958
25169 23355
24270 24863
25037 24219
25149 23525
25065 23827
23903 24904
24471 24851
24705 24341
25126 23822
24656 24501
24858 24309
24485 24682
24944 24245
24616 24613
24564 24625
25169 23355
23775 24914
23903 24904
23775 24914
23775 24914
23903 24904
23745 24950
25165 23353
24841 24292
25014 24124
24620 24409
25034 23808
24452 24766
24274 24768
24182 24804
25126 23464
24583 24503
24504 24594
25124 23667
24053 24816
25113 23783
24478 24651
24609 24475
23863 24858
23756 24904
23965 24856
23898 24857
25124 23667
25148 23372
23807 24888
24485 24608
24027 24833
23807 24888
25139 23431
25068 23789
25068 23789
24010 24853
24478 24651
25139 23431
24010 24853
25165 23353
25124 23667
24010 24853
25139 23431
25139 23431
25165 23353
23720 24895
23720 24895
25117 23545
24798 24285
24618 24404
24829 24142
25106 23670
24008 24819
24561 24496
24460 24650
24106 24791
25026 23719
24985 23973
24986 23793
24256 24741
24481 24569
23784 24856
24501 24520
24362 24707
24218 24744
23877 24821
24919 24104
24936 24009
25008 23762
24410 24694
24157 24776
24157 24776
23841 24840
24928 24065
23831 24841
23877 24821
24986 23793
24956 23977
24919 24104
24928 24065
24362 24707
24392 24698
24956 23977
24985 23973
24392 24698
24410 24694
23831 24841
23831 24841
23831 24841
24392 24698
24410 24694
24410 24694
24956 23977
23678 24891
25111 23425
25088 23669
23837 24836
24978 23954
23949 24807
24145 24744
24794 24213
24410 24564
24986 23759
24727 24249
24995 23746
24468 24507
24020 24788
25102 23575
23742 24855
24394 24657
24379 24689
24526 24495
24802 24100
24608 24364
24556 24427
24870 24050
25102 23575
24637 24262
24945 23968
24269 24692
24615 24271
24595 24368
24285 24690
24020 24788
24911 23989
24202 24706
24882 24015
24816 24057
23710 24865
24802 24100
24816 24057
24170 24714
24528 24446
24544 24430
23710 24865
24170 24714
24202 24706
24528 24446
24615 24271
24637 24262
24902 24008
24902 24008
24285 24690
24595 24368
24202 24706
24202 24706
24285 24690
24285 24690
23744 24836
25110 23409
25060 23663
24974 23925
24498 24487
24374 24664
25080 23589
24865 24046
24782 24141
24057 24744
23915 24772
24096 24730
23836 24805
24894 23940
24192 24693
24888 23977
24613 24268
23787 24833
24192 24693
24304 24687
23905 24796
24772 24194
24974 23925
24548 24386
24596 24341
24600 24327
24650 24248
24528 24435
24730 24197
24681 24219
24718 24215
24366 24670
24304 24687
24339 24682
24670 24225
24339 24682
24501 24451
24546 24420
24548 24386
24546 24420
24720 24200
24522 24449
24501 24451
24667 24245
24650 24248
24667 24245
24596 24341
24600 24327
24681 24219
24718 24215
24526 24448
24367 24669
24600 24327
24730 24197
24526 24448
24192 24693
24650 24248
24650 24248
24681 24219
24718 24215
24730 24197
24974 23925
23628 24812
25079 23245
24001 24741
25058 23601
24295 24676
25012 23657
24375 24475
23828 24776
24963 23835
24573 24313
23913 24755
24531 24375
23677 24789
24370 24654
24917 23903
24750 24183
24771 24070
24834 24040
24483 24430
24863 24020
24473 24458
24635 24247
24953 23845
24877 23960
24735 24188
24367 24658
24891 23940
24635 24247
24775 24061
24683 24215
24683 24215
23672 24795
24475 24446
24473 24458
24370 24654
24473 24458
23647 24782
25037 23589
23997 24671
24352 24618
24271 24630
24953 23771
24427 24383
25008 23647
24891 23892
24736 24063
23927 24738
23801 24766
24890 23933
24641 24215
24710 24152
24559 24267
24795 23982
24499 24299
24748 23996
24596 24245
24683 24166
24473 24321
23871 24748
24437 24365
23818 24754
24793 23985
24428 24366
23746 24747
24995 23588
24235 24628
23913 24680
24870 23884
24982 23641
24726 24031
24335 24454
24866 23928
24349 24296
24321 24573
24470 24226
23872 24710
24681 24154
24443 24286
23757 24732
24590 24201
24594 24196
24709 24101
24695 24106
24994 23612
23639 24747
24975 23415
24437 24274
23872 24702
24324 24432
24086 24602
24569 24170
24887 23574
24858 23698
23696 24717
24739 23905
24708 24056
24911 23464
24216 24571
24855 23822
24127 24594
24622 24114
24290 24531
24320 24522
24839 23898
24967 23427
24818 23901
24656 24099
24670 24063
23569 24740
24970 23412
24302 24517
24414 24242
24903 23455
24844 23626
23709 24676
24064 24561
24791 23900
24578 23969
24551 24139
23911 24586
24840 23822
24841 23710
24553 23973
24443 24145
23793 24640
24045 24577
23856 24639
24802 23880
24434 24214
24421 24230
23703 24661
24927 23410
24821 23630
24756 23871
23999 24571
23757 24601
24290 24260
24563 23894
24541 24120
24548 23977
24288 24442
24451 24132
24141 24510
24366 24187
24782 23746
24797 23733
24401 24183
24056 24539
24208 24503
23718 24619
24257 24474
24048 24551
24250 24501
23552 24635
24926 23347
24795 23691
23958 24551
24529 23992
24756 23839
24272 24416
24225 24496
24347 24149
23745 24575
24519 24098
23615 24613
24389 24130
24764 23746
23496 24608
24924 23333
24697 23533
24604 23830
24359 24117
24247 24372
24606 23632
24173 24487
23705 24566
23933 24550
23953 24494
24528 23971
23622 24571
24451 24092
24507 23993
24238 24390
24371 24099
23453 24566
24917 23323
24671 23487
24604 23723
24523 23906
24549 23753
24457 23960
24232 24362
23890 24495
23683 24541
23858 24532
23606 24544
24441 24068
24170 24387
24304 24108
24062 24479
24109 24471
24235 24214
24246 24208
24348 24083
23445 24547
24863 23255
24558 23659
24441 24064
24805 23305
23625 24487
23904 24458
24238 24088
24208 24285
24148 24347
24222 24140
24047 24448
24078 24413
24820 23298
23546 24482
24854 23062
24526 23559
23949 24434
24705 23292
24435 23907
24319 24057
24206 24251
24126 24322
24764 23196
24831 23189
24143 24275
24427 24033
24428 24018
23769 24409
24506 23203
24424 24022
24015 24311
24252 24049
24202 24233
24382 24028
24108 24256
24127 24248
23560 24341
24492 23107
24371 23961
24480 23192
23822 24308
24197 24178
24157 24213
23955 24271
23998 24233
23983 24237
23966 24218
24360 23957
24143 24090
24032 24141
24119 24120
24117 24089
24305 23908
24234 23805
23602 23767
24093 23748
