1268 116.396
6766 8265 7961 7811
7499 7689 9460 7361
7714 8005 6418 8101
7716 6795 8322 8681
7817 6630 8332 8489
7838 9317 7352 6552
8151 8680 8234 5773
9305 7802 7871 6976
8173 8195 6672 7676
7634 9188 7890 7088
8277 8666 8421 6056
6984 8359 7944 7660
7129 7966 8379 8097
7671 6914 8303 8518
9209 7765 8034 7145
7039 8330 7968 7716
7393 7638 8450 7903
7714 8005 6418 8101
8478 8808 8146 6234
7260 7656 8269 8218
8308 7872 6846 7608
7535 7590 9350 7582
7996 8207 7057 7479
8081 8945 7564 6974
7772 6846 8179 8500
8419 8154 8609 6821
9116 8057 7856 7014
8010 8213 7202 7391
7950 7577 9239 7298
7927 6705 8328 8402
8064 7192 8834 8269
8200 8068 8631 6748
7820 7313 8987 7530
8125 9032 7457 6907
8229 8636 7656 7111
8162 8956 7528 6876
7167 7869 8198 8037
7838 9317 7352 6552
8129 8038 7335 7430
8479 8749 8090 6164
8929 7777 7963 7174
8475 8857 8230 6316
7743 6968 8180 8498
8370 8877 7721 6976
8016 7949 7135 7704
8494 8702 8082 6130
8609 7714 8025 7589
8024 7158 8772 8355
8078 8133 7248 7269
8435 8552 8541 6398
7535 7590 9350 7582
7812 7366 9175 7537
8158 7048 8752 8174
7940 7129 8920 8177
8798 8068 7994 7136
8725 8121 7998 7140
7786 7347 9055 7981
8055 7107 8754 8314
8666 8067 7897 7163
7324 7542 8403 7949
8535 8365 8077 6448
7832 7497 9166 7414
8996 8022 7930 7199
7808 6753 8392 8624
8136 7264 8523 8034
9010 8003 7998 7066
7024 8348 8043 7736
8019 7102 8852 8214
8303 7810 7381 7777
7959 7469 8683 8126
7168 8128 8260 7952
8189 8062 6907 7759
8139 7758 8907 7250
8767 7738 8145 7462
7900 6728 8305 8595
8505 8423 8459 6440
9305 7802 7871 6976
7934 7420 8723 8158
7584 8573 7640 7295
7873 7394 8971 7503
8139 8050 6966 7783
8409 8783 7387 6573
8361 8713 7671 7013
7748 7232 8949 8010
8641 7682 8039 7669
8151 8980 7614 6961
8039 8972 7430 7025
8173 8008 6977 7778
7331 8208 7825 7407
8330 8016 8710 6770
7441 8510 7479 7427
8885 7979 7966 7112
8010 7621 7381 7821
8320 7792 6887 7623
7472 8581 7393 7303
7487 8649 7489 7237
8326 8764 7691 6984
8864 7994 8003 7188
7786 7347 9055 7981
8028 8143 7139 7382
8555 8356 7777 6614
9089 7991 7986 7087
8106 7073 8788 8237
8746 8064 7946 7206
7800 7395 9233 7503
7959 7469 8683 8126
7514 8177 7918 7479
7933 7788 7456 7915
8033 7520 7430 7851
8052 9017 7459 6917
8031 7200 8729 8370
7584 8573 7640 7295
8150 7074 8789 8160
8460 8819 8190 6330
8482 8370 7794 6791
8272 7880 7417 7815
7802 6764 8262 8485
8270 8822 7811 7067
8582 8372 7768 6641
8120 7090 8777 8106
7811 7412 8947 7504
8518 8421 7810 6574
8586 8501 8035 6379
7887 7240 8610 8440
7484 8541 7514 7379
8520 8396 7732 6574
8434 8662 8496 6375
8345 8166 8616 6706
8451 8410 8067 6441
7874 7365 9126 7491
8378 8857 7753 6961
8880 7920 8002 7155
8582 8372 7768 6641
8535 8454 8434 6415
7967 7060 8836 8228
8519 8409 7875 6710
7446 8661 7480 7368
8496 8471 8385 6357
8053 8184 7243 7334
7528 8583 7361 7202
8544 8452 8390 6417
7160 8126 8232 7978
7744 6938 8252 8500
8549 8516 8421 6353
8039 7934 6865 7798
8875 8025 8012 7177
8555 8453 8092 6398
9089 7991 7986 7087
8729 7691 8186 7665
8028 9003 7500 6932
7286 7541 8399 7962
8275 8853 7790 7007
8493 8485 8402 6402
8412 8596 8499 6355
8179 8669 7515 7078
7715 6929 8257 8564
7286 7541 8399 7962
8565 8351 7839 6752
8075 8981 7409 6986
8111 7315 8518 8099
8033 7520 7430 7851
8005 7229 8836 8220
8540 8352 7747 6753
8125 9032 7457 6907
8210 7924 6871 7740
7976 8189 7243 7300
7715 6929 8257 8564
7874 7365 9126 7491
8345 8166 8616 6706
8074 7207 8835 8216
8767 7738 8145 7462
8210 7924 6871 7740
8028 9003 7500 6932
7887 7240 8610 8440
7922 7204 8610 8457
7914 6760 8325 8504
7874 7365 9126 7491
8053 8184 7243 7334
8313 8830 7793 6996
8767 7738 8145 7462
7915 6723 8307 8504
7329 8191 7830 7408
7915 6723 8307 8504
8864 7994 8003 7188
8412 8596 8499 6355
7922 7204 8610 8457
9010 8003 7998 7066
8313 8830 7793 6996
8310 7937 6902 7606
8345 8166 8616 6706
8310 7937 6902 7606
8111 7315 8518 8099
8310 7937 6902 7606
8549 8516 8421 6353
8313 8830 7793 6996
7286 7541 8399 7962
8310 7937 6902 7606
8549 8516 8421 6353
8549 8516 8421 6353
9089 7991 7986 7087
6919 7876 8291 8075
7693 6928 8238 8563
7771 6669 8258 8550
7772 7334 9186 7411
8055 8967 7398 6891
8133 7890 6773 7551
8173 8735 8198 5691
8945 7994 7797 7079
7624 6829 8276 8510
8025 8058 7171 7268
8198 8697 8210 5977
8457 8669 8070 6105
8802 7918 7932 7184
7470 8566 7536 7220
7682 7251 9046 7506
7707 6806 8156 8429
7203 7524 8305 7930
8034 8035 6936 7657
8493 8422 8375 6378
7316 7481 8383 7907
8314 8139 8568 6588
7682 7263 8860 7948
7953 7377 8657 8117
8168 7785 7282 7814
8493 8502 8385 6330
8186 7717 7254 7794
8173 8735 8198 5691
7002 7966 8199 8015
8283 8781 7731 6973
7777 7284 8964 7478
8382 8648 8445 6152
8392 8429 8492 6206
8566 8398 7899 6259
7316 7565 8413 7742
8883 7923 7856 7047
7988 7646 7362 7776
7393 7548 8402 7862
8611 7600 8170 7561
7699 6702 8187 8541
8216 8685 7580 7034
7771 7328 8979 7922
8140 8926 7510 6864
8423 8272 7817 6637
7436 8593 7388 7336
8565 7683 8096 7601
8490 8395 7831 6635
7805 7147 8538 8370
7873 7054 8600 8407
8348 8031 8555 6697
8706 7521 8169 7492
8278 8084 8563 6727
8245 8838 7676 6908
7982 7061 8708 8267
8918 7865 7826 7128
8271 8862 7653 6892
7429 8630 7460 7312
8399 8742 8180 6329
8254 7868 6864 7686
7073 7871 8288 8070
6982 8221 7902 7523
8206 8094 8614 6591
8227 7812 6888 7636
7995 7024 8791 8223
7126 7855 8265 8025
8427 8805 8109 6200
8012 7137 8669 8343
8203 8606 7460 7070
7926 7126 8761 8172
7411 8162 7814 7435
8630 7555 8111 7615
6974 8248 7902 7706
6958 8229 7912 7617
8686 7678 8164 7602
8044 7308 8404 7228
8211 7813 7272 7766
8070 8937 7513 6964
7124 7927 8222 8053
8045 6973 8725 8036
7097 8038 8249 7886
8018 8897 7531 6953
7966 7174 8752 8245
7886 7119 8553 8375
7992 7202 8749 8206
8079 7007 8657 8226
8092 7018 8690 8183
8180 8657 7548 7054
8151 8861 7544 6953
7404 8161 7839 7322
8206 8797 7669 6927
7906 7123 8782 8205
8019 7083 8778 8208
7998 7893 6871 7679
8239 8082 8591 6646
8292 8089 8573 6662
8652 7992 7916 7186
8109 6979 8679 8027
8118 6974 8668 8142
7877 7105 8577 8360
7109 7852 8294 8055
7961 7102 8684 8246
8099 7061 8724 8130
8280 8091 8524 6644
8273 7903 8665 6676
8283 7906 8597 6627
7417 8161 7814 7448
8015 7194 8385 8031
7693 6928 8238 8563
8652 7679 8108 7650
8701 8040 7914 7154
7109 7852 8294 8055
8219 8039 8594 6639
8701 8040 7914 7154
8652 7679 8108 7650
8706 7521 8169 7492
8140 8926 7510 6864
8140 8926 7510 6864
7693 6928 8238 8563
8701 8040 7914 7154
8652 7679 8108 7650
8652 7679 8108 7650
8701 8040 7914 7154
7693 6928 8238 8563
8173 8735 8198 5691
8173 8735 8198 5691
8173 8735 8198 5691
8652 7679 8108 7650
8701 8040 7914 7154
8701 8040 7914 7154
6865 8171 7808 7576
7602 7091 9068 7339
7647 6802 8192 8517
7672 6832 8181 8550
8032 8893 7409 6848
8154 7740 7196 7745
8226 8709 8178 5706
8701 8012 7883 7119
8272 8772 7689 6903
8459 8389 8298 6378
7279 8047 7748 7334
7010 7894 8117 7880
8183 8548 7533 6963
8456 8330 7795 6555
8125 8636 7462 7022
7919 6946 8677 8227
7085 7941 8113 7834
7418 8576 7428 7250
7341 7515 8373 7828
8245 8057 8502 6604
8157 7746 7214 7728
7957 7054 8747 8192
7386 8486 7436 7244
8360 8747 8028 6156
7648 7240 8844 7877
7848 7368 8545 7951
7824 7115 8559 8343
7697 7328 8962 7369
7737 7272 8977 7475
8222 8733 8157 5750
8003 7061 8656 8315
8225 7980 8540 6654
8384 8756 8002 6158
7673 7119 8993 7453
8458 8415 8087 6254
8413 8690 8071 6177
8603 7659 8100 7619
7893 7435 7306 7749
8260 8719 8160 5922
7660 7220 8992 7430
8646 7593 8104 7575
7891 7295 8622 8110
8519 7502 8124 7457
8490 8405 8061 6235
7897 7348 8599 8096
8260 8719 8160 5922
7956 7493 7322 7744
7948 7079 8729 8211
7897 7516 7281 7744
8613 7459 8113 7534
8644 7665 8045 7608
8631 7649 8130 7416
8642 7539 8110 7552
7886 7083 8611 8343
8248 7998 8555 6649
8370 8693 8095 6172
8617 7639 8035 7617
8637 7639 8105 7598
7897 7348 8599 8096
8636 7662 8110 7597
8637 7639 8105 7598
8637 7639 8105 7598
8637 7639 8105 7598
7141 7391 8272 7809
7648 7163 8896 7294
7651 6736 8147 8507
7866 7372 7213 7677
8164 8707 8119 5670
8234 8737 8003 5766
8589 7539 8080 7275
8443 8377 7942 6223
8075 8474 7417 6997
8586 7595 8071 7539
8414 8399 7941 6204
7266 7431 8362 7722
8080 8607 7334 6949
7824 7113 8516 8330
7896 7007 8688 8141
7653 7139 8840 7364
7872 7285 8615 8102
8308 8699 8024 5843
7866 7005 8643 8310
7249 7465 8317 7650
8466 7511 7976 7597
8180 8702 8157 5708
8098 8541 8053 5811
8115 8599 8138 5785
7868 7005 8632 8261
8241 8685 8066 5738
8107 8662 8143 5714
8215 8687 8061 5777
8230 8710 7967 5826
8455 8389 7968 6216
8241 8685 8066 5738
7576 6733 8124 8483
7824 6987 8520 8217
8001 8515 8138 5609
8274 8663 7946 5738
8313 8367 7832 6105
8516 7569 8027 7500
7813 7046 8516 8316
8511 7574 8054 7434
8409 8336 7859 6098
8208 8656 7995 5745
8516 7569 8027 7500
8516 7569 8027 7500
8516 7569 8027 7500
7743 7042 8044 8190
6766 8265 7961 7811
7499 7689 9460 7361
7714 8005 6418 8101
7716 6795 8322 8681
7754 6734 8292 8525
7838 9317 7352 6552
8270 8831 8078 5799
9305 7802 7871 6976
8173 8195 6672 7676
7634 9188 7890 7088
9116 8057 7856 7014
8107 9015 7727 6800
8309 8733 8386 6142
7535 7590 9350 7582
6875 8180 7767 7906
8121 8869 7829 6858
6952 8301 7932 7758
7838 9317 7352 6552
7714 8005 6418 8101
7949 7635 9087 7363
8644 8536 7985 6260
7764 7252 8967 8073
7205 8377 7926 7725
8177 7096 8840 8187
8278 7941 6868 7642
7814 7434 8924 8129
7699 6845 8312 8560
8232 8078 8583 6418
7843 7394 9269 7339
8213 8093 8301 6668
8554 8619 7675 6757
7029 8040 8347 7976
8960 7951 7847 7105
8487 8501 7693 6749
8348 8009 6984 7536
8317 8587 8551 6057
6848 8241 7704 7906
8075 8460 7192 7280
8054 7761 7487 7829
7955 7115 8865 8296
7713 6888 8233 8597
8107 8231 6804 7612
7795 6999 8161 8522
8142 7885 6993 7495
8069 7060 8727 8324
8344 8786 8144 5940
7897 7104 8770 8436
8812 7879 7613 7259
9305 7802 7871 6976
8433 8417 8670 6022
7724 7406 8828 8140
7406 7555 8513 7809
8897 7863 7732 7227
8485 8570 8574 6472
7167 7869 8198 8037
7587 8655 7301 7268
7024 8348 8043 7736
9209 7765 8034 7145
7459 8318 7872 7409
8409 8783 7387 6573
9209 7765 8034 7145
8507 8525 7677 6624
7135 8048 8259 8000
8374 8616 8367 6254
7997 7213 8722 8236
8810 7795 8098 7438
8075 7704 7563 7862
7503 8671 7170 7291
7762 6950 8197 8515
7475 7641 8486 7833
8376 8614 8518 6346
7272 8391 7794 7753
7622 8744 7396 7262
8666 8435 8212 6504
7768 6837 8184 8514
8743 7612 8206 7590
8029 7150 8809 8392
8142 7867 7082 7467
8359 8745 8124 5897
7751 7385 8806 8130
8153 8147 6812 7578
8366 8716 8128 5983
8002 7287 8649 8250
7307 7540 8284 7859
7955 7171 8745 8369
7770 7505 9222 7440
7553 8286 7783 7289
7611 7932 8236 7049
8048 7229 8718 8334
7614 7916 8073 7131
7747 6895 8239 8582
8062 8415 7258 7363
8899 7948 7855 7163
8505 8541 8110 6617
8362 8020 7086 7463
8548 8418 7659 6819
8368 8537 8405 6473
8275 8692 7665 7195
8396 8547 8575 6400
8311 8776 8188 5972
8315 7953 6862 7578
7128 8118 8337 8058
7915 7579 9115 7416
7082 8362 8150 7299
7364 8206 7950 7352
8316 8907 8063 5819
7364 7517 8505 7860
7962 8436 7265 7202
7352 8312 7892 7345
8880 7986 7629 7092
8020 8328 7287 7278
8143 7245 7989 7876
8706 7621 8213 7545
7997 7575 9173 7492
8682 7622 8167 7595
8137 8958 7841 6844
8873 7978 7643 7172
7297 7535 8338 7843
8767 7738 8145 7462
8960 7951 7847 7105
7278 8387 7739 7735
8162 7290 8645 7792
7754 6734 8292 8525
8052 7157 8769 8457
7082 8362 8150 7299
8316 8907 8063 5819
8112 8898 7849 6831
8101 7962 8571 6475
8120 7129 7976 7895
8137 8958 7841 6844
7603 7469 8768 7791
8050 8351 7272 7328
8111 7315 8518 8099
7915 7579 9115 7416
8398 8649 8365 6350
7999 7656 7576 7879
7129 8142 8336 7991
7716 6799 8295 8587
8056 7450 8665 8248
8767 7738 8145 7462
7978 7177 8632 8443
8133 7159 7882 7880
8111 7315 8518 8099
8370 8829 8162 5884
7603 7469 8768 7791
8370 8829 8162 5884
7950 7577 9239 7298
8009 7249 8670 8337
8391 8589 8500 6411
7978 7177 8632 8443
7997 7575 9173 7492
8035 8114 6865 7443
8317 8584 8525 6412
8101 7135 8792 8247
8214 8104 8577 6348
7482 7950 8159 7140
8698 7757 8162 7415
8879 7974 7700 7150
8034 7693 7649 7865
7305 7552 8328 7834
8398 8649 8365 6350
8009 7249 8670 8337
8873 7978 7643 7172
7503 8671 7170 7291
7552 7939 8185 7086
8107 8231 6804 7612
8101 7135 8792 8247
7272 8391 7794 7753
7747 6895 8239 8582
7999 7656 7576 7879
7352 8312 7892 7345
7770 7505 9222 7440
7552 7939 8185 7086
8706 7621 8213 7545
7978 7177 8632 8443
7128 8118 8337 8058
7998 8425 7261 7414
8362 8020 7086 7463
8391 8589 8500 6411
7998 8425 7261 7414
7978 7177 8632 8443
8370 8829 8162 5884
8391 8589 8500 6411
8398 8649 8365 6350
8111 7315 8518 8099
8362 8020 7086 7463
7978 7177 8632 8443
6758 8180 7749 7837
7665 6893 8084 8501
7875 6587 8487 8452
7909 7531 9168 7396
7961 8826 7802 6832
8000 8173 6661 7370
8293 8759 8168 5887
8892 7898 7690 7070
7591 6882 8235 8457
8806 7868 7847 7020
8577 7684 8103 7293
8236 7898 6814 7558
8324 7983 7051 7457
7875 6587 8487 8452
7800 7556 9068 7215
8235 8744 8188 5967
8423 8545 8497 6308
7089 8070 8247 7990
7417 8529 7084 7221
7071 8300 8098 7265
8867 7826 7808 7101
8672 7612 8024 7330
7976 7296 8882 7169
6892 8125 7764 7970
7779 6989 8090 8470
7238 8355 7758 7662
7917 8817 7669 6847
7982 8067 6746 7543
7708 7377 8679 8086
7602 8729 7295 7065
8492 8417 8034 6585
8364 8598 8415 6346
7492 8711 7146 7192
8299 8723 8368 6132
8231 8393 8281 6465
8299 8723 8368 6132
8380 8529 7596 6648
8471 8492 7971 6573
8016 8775 7697 6745
6833 8283 7779 7637
7951 7616 7467 7700
8815 7835 7824 7087
8052 7537 7418 7845
8163 7999 8557 6388
8055 8139 6770 7491
7539 8574 7195 7197
7724 7015 8101 8449
6822 8127 7794 7897
7357 7550 8435 7771
8109 7298 7910 7956
8072 7251 7944 7933
7622 7424 8729 7765
7485 8585 7214 7183
8252 8085 8498 6440
7263 7491 8291 7854
8458 8502 8480 6409
7858 7510 9166 7415
8173 8646 7540 7094
8151 7985 6783 7483
6835 8218 7859 7555
6870 8229 7738 7676
8268 8459 8398 6424
7958 7296 8625 8148
8000 8363 7237 7257
7902 7130 8596 8363
8200 8746 8103 5895
8179 8669 7515 7078
8087 7214 7970 8018
7333 7543 8320 7832
8375 8442 7592 6714
8082 7218 8058 7927
8034 7655 7447 7861
8034 7440 8565 8162
7977 7119 8790 8333
7699 7010 8137 8453
8869 7974 7662 7130
7300 7577 8269 7806
8466 8525 7699 6608
7289 7504 8343 7846
7959 7339 8825 7261
8107 7946 8558 6458
8086 7103 7982 7872
8035 7031 8638 8305
7938 7554 9122 7353
7292 8244 7786 7289
8158 7048 8752 8174
8627 7566 8092 7368
7954 7420 8581 8174
8470 8499 7670 6697
8018 7155 8764 8268
7492 7927 8135 7072
8003 7338 8557 8196
7905 7514 9080 7454
8315 8539 8391 6441
8876 7880 7706 7141
6829 8203 7851 7681
7340 7599 8407 7789
7973 7584 7488 7780
8047 7203 8431 7951
8408 8562 8487 6415
7980 7189 8693 8219
8090 7163 8011 7851
8017 8314 7235 7276
8218 8067 8542 6416
7987 7182 8706 8236
8035 7170 8715 8254
7257 8336 7746 7672
7922 7082 8751 8371
8637 7542 8048 7392
7533 8648 7199 7182
7978 7263 8820 7221
7861 7539 9096 7354
8877 7884 7746 7058
7934 7110 8749 8383
7912 7031 8822 8285
7976 7106 8729 8393
8023 7215 8683 8317
8636 7594 8023 7389
7971 7371 8611 8163
7614 7306 8763 7809
8013 7084 8724 8380
8216 8685 7580 7034
6892 8125 7764 7970
7904 7537 9151 7456
7904 7571 7450 7815
8216 8685 7580 7034
7621 7318 8726 7809
7992 8340 7237 7360
8869 7974 7662 7130
8216 8685 7580 7034
7533 8648 7199 7182
7971 7371 8611 8163
8877 7879 7754 7074
7978 7263 8820 7221
7976 7106 8729 8393
7976 7106 8729 8393
6724 8235 7771 7569
7629 6886 8116 8431
7821 7418 9167 7314
7984 8137 6704 7369
8244 8749 8053 5827
8838 7855 7667 6976
8407 8400 7627 6628
8412 8492 8346 6364
8121 8589 7503 6945
7324 7538 8272 7819
7023 8044 7779 7938
8294 8614 8356 6118
7862 7545 7251 7725
8225 7835 6763 7549
6791 8121 7746 7836
7080 7986 8198 7965
8218 7886 6784 7544
7709 6953 8068 8415
8092 7959 8492 6411
7827 7441 9145 7319
7803 7543 7268 7637
7466 8616 7137 7086
7917 7506 8958 7235
7905 8272 7197 7183
8061 7077 7983 7887
8012 7144 8744 8255
8110 7877 6968 7452
8353 8501 8458 6312
8058 7143 7904 7802
8074 7978 6896 7416
7486 7854 8128 7053
7935 7169 8902 7171
7480 8607 7105 7146
7027 7991 8200 7921
7704 7172 8695 8109
8109 7040 7929 7861
6761 8085 7629 7840
7920 7366 8561 8109
7446 8599 7112 7179
8387 8547 8457 6341
7531 7278 8620 7734
7916 7481 7399 7797
8127 6963 8680 8166
7927 8268 7182 7261
7979 7155 8678 8263
7943 7337 8565 8164
8112 6993 8644 8134
8324 7963 6964 7405
8031 7240 8462 7973
8312 8505 8455 6373
7559 7232 8621 7831
7966 7498 7344 7739
7568 7352 8643 7724
7945 7250 8472 8184
7601 7255 8641 7780
8310 8441 8487 6391
8253 8457 8382 6388
7614 7357 8617 7824
8253 8457 8382 6388
8002 7167 8549 8261
7826 7489 7376 7750
7997 7161 8667 8257
8018 7487 7354 7797
8031 7240 8462 7973
7983 7487 7382 7788
7983 7487 7382 7788
6714 8109 7613 7829
7459 8575 7106 7076
7872 7189 8868 7120
7964 6959 8676 8131
8016 7927 6855 7400
8116 6902 8624 8076
8398 8042 7952 5957
7757 7485 7278 7683
8362 8360 7584 6555
7223 7423 8258 7745
8069 7838 6918 7438
7297 7532 8208 7748
7852 8231 7137 7153
8020 7144 7898 7877
7566 7326 8570 7797
7616 7265 8492 7743
8312 8527 8321 6307
8365 8020 7994 6129
8088 7888 6910 7371
8192 7948 8458 6367
8068 6984 8639 8098
8262 8572 8220 6038
7985 7147 8470 7975
8208 8359 8378 6346
8355 8471 8396 6313
8358 7971 8099 6354
8011 6917 8715 8095
8198 8400 8439 6341
8393 7994 7987 6012
8015 6934 8658 8072
8080 7940 6896 7378
6668 8018 7594 7803
7511 7253 8569 7714
7530 7249 8548 7737
7922 8429 8193 5766
7976 7842 6826 7359
8207 8484 8191 6075
8322 7880 7949 6021
7552 7258 8480 7717
7501 7253 8543 7778
8322 7880 7949 6021
7501 7253 8543 7778
7501 7253 8543 7778
7501 7253 8543 7778
7906 8430 8125 5867
8157 7688 7903 6037
7773 8234 8071 5809
6791 8200 7781 7948
7499 7689 9460 7361
7714 8005 6418 8101
7716 6795 8322 8681
7838 9317 7352 6552
7875 6587 8487 8452
8287 8758 8087 5689
9305 7802 7871 6976
8173 8195 6672 7676
7634 9188 7890 7088
8046 8186 6816 7525
7535 7590 9350 7582
8382 8648 8445 6152
7992 7134 8920 8213
6919 7876 8291 8075
9209 7765 8034 7145
8277 8666 8421 6056
8173 8008 6977 7778
7714 8005 6418 8101
9087 7964 7933 7177
8965 7904 8042 7211
7830 6793 8384 8492
7822 7822 7142 7643
7913 7325 8779 8291
7055 8208 8095 7754
8590 8516 8360 6457
8064 7198 8823 8328
8110 8101 7045 7515
7389 7652 8361 7851
7744 6938 8252 8500
7698 6811 8339 8557
8552 8581 8421 6401
9116 8057 7856 7014
7838 9317 7352 6552
6848 8241 7704 7906
8325 8312 8622 6257
7950 7577 9239 7298
7565 8784 7242 7262
7716 6795 8322 8681
8268 9040 7798 6897
8252 8873 8049 5780
8280 8876 7800 6855
7275 8162 8376 7946
8096 7347 8670 8106
8412 8596 8499 6355
7840 6842 8234 8485
7806 6878 8269 8540
7335 7581 8545 7889
7825 7342 8984 8023
7768 7384 8949 8040
8880 8101 8058 7222
8631 7656 8157 7513
9031 8040 7953 7064
7968 7258 8694 8092
7227 8116 8393 7979
8285 8843 8156 5909
7664 6885 8346 8424
8923 7812 7945 7223
8533 8610 7701 6685
8466 8540 8481 6222
8101 7274 8596 8095
8518 8500 7706 6572
8085 7722 9060 7616
8178 7065 8684 8171
7639 6922 8315 8459
7888 7398 9097 7386
8819 7728 8032 7345
7008 8372 7890 7802
8171 8833 7560 7020
8131 7690 8951 7294
8257 9098 7820 6919
8020 7583 7400 7810
8421 8387 8191 6533
8492 8268 7556 6981
7232 8298 7334 7249
7161 8394 7278 7188
8193 8948 7626 6959
8443 8332 7686 6788
7625 8718 7237 7163
8393 8444 8387 6504
8538 8468 7655 6645
7296 8062 8470 7903
9031 8040 7953 7064
8626 7618 8116 7577
8529 8480 7585 6737
7570 8771 7192 7160
8078 7176 8871 8341
8304 8220 8152 6619
7584 8678 7211 7205
8047 7143 8730 8387
8755 7778 7940 7335
6791 8200 7781 7948
7500 7636 8513 7843
7789 7549 9087 7416
8044 7165 8800 8405
8767 7738 8145 7462
7173 8320 7291 7217
8449 8436 7656 6722
8105 7002 8729 8182
8441 8447 7729 6627
7084 8350 7980 7849
8459 8313 7460 7020
8717 7607 8112 7637
7851 7476 9182 7423
8217 8938 7782 6950
8178 7065 8684 8171
8236 8858 8130 5862
7202 8353 7222 7347
7937 7420 8672 8189
7658 8758 7329 7147
8446 8729 8106 6308
7329 7611 8401 7881
8435 8543 8463 6295
7138 8261 8087 7786
8467 8303 7510 7024
8497 8735 8167 6273
6951 8360 7853 7870
8680 7578 8091 7646
7257 8085 8394 7907
8524 7592 8173 7547
7770 7505 9222 7440
8075 7764 9132 7317
8324 8859 7817 6885
7579 8695 7210 7181
7838 7317 8810 7883
8783 7739 8001 7350
8257 9098 7820 6919
8434 8410 7724 6771
8105 7002 8729 8182
7835 7531 9147 7378
6952 8368 7914 7806
8758 7753 8015 7371
7774 7434 8862 8004
7114 8184 8073 7838
8272 8862 8072 5835
8572 7652 8149 7634
8032 7564 7352 7819
8563 7506 8177 7455
7926 7258 8738 8348
7104 8323 8026 7816
8482 8414 7672 6741
8477 8749 8254 6289
8197 8986 7838 6929
8197 8986 7838 6929
7853 7467 9203 7409
8033 7520 7430 7851
8285 8929 7728 6933
7126 8320 7848 7827
7932 7606 9166 7339
8285 8856 8185 5870
7774 7434 8862 8004
8480 8391 7674 6754
8467 8303 7510 7024
6968 8413 7857 7832
8033 7520 7430 7851
7926 7258 8738 8348
7872 7446 9219 7418
8285 8843 8156 5909
7085 8201 8089 7801
8680 7578 8091 7646
8488 8654 8153 6283
8299 8873 7799 6967
7257 8085 8394 7907
7980 7637 9122 7377
7918 7469 9169 7337
8272 8862 8072 5835
6968 8413 7857 7832
7980 7637 9122 7377
7853 7467 9203 7409
8446 8469 7628 6783
8783 7739 8001 7350
7698 6811 8339 8557
7872 7446 9219 7418
8197 8986 7838 6929
8085 7722 9060 7616
8085 7722 9060 7616
8131 7690 8951 7294
7698 6811 8339 8557
7830 6793 8384 8492
8285 8856 8185 5870
8285 8929 7728 6933
8467 8303 7510 7024
8285 8929 7728 6933
8446 8469 7628 6783
7853 7467 9203 7409
8446 8469 7628 6783
8131 7690 8951 7294
6791 8200 7781 7948
7774 7434 8862 8004
8285 8929 7728 6933
6791 8200 7781 7948
6791 8200 7781 7948
7257 8085 8394 7907
7872 7446 9219 7418
8085 7722 9060 7616
6716 8129 7759 7859
7369 8569 7173 7158
7689 6750 8192 8540
7729 7425 9168 7336
8195 8768 8130 5785
8231 8975 7691 6883
8929 7807 7989 7182
8312 8498 8442 6228
8526 8415 7620 6659
8153 8721 8129 5893
8417 8175 7483 6899
7187 8278 7288 7200
7527 8607 7308 7039
6764 8245 7753 7861
7330 7636 8336 7838
7406 7555 8513 7809
7895 7189 8771 8321
6940 8388 7819 7719
7467 8462 7243 7140
8157 8859 7775 6887
8003 7663 9103 7314
7905 7587 9028 7603
8720 7724 8014 7402
7949 7176 8721 8182
8861 8037 8011 7104
7632 8760 7293 7065
8270 8831 8078 5799
7700 6865 8247 8513
8405 8212 7397 6912
8508 8408 8265 6402
8024 7054 8672 8182
7127 7836 8369 7823
8116 8845 7734 6964
7947 7108 8836 8214
8440 8493 8396 6328
7680 7312 8818 8006
8844 8006 8029 7140
7831 7519 9120 7323
7060 7951 8213 7941
8644 7639 8105 7410
7502 8666 7262 7132
7116 7898 8186 7947
7035 8284 7867 7674
8109 6949 8579 8157
7751 7324 8950 7904
8072 7635 8980 7271
8037 7090 8653 8397
8474 8525 7650 6603
8217 8803 8118 5831
8339 8425 7672 6618
7359 8511 7183 7149
7841 7401 9110 7382
8727 7599 8028 7419
7474 8719 7266 7132
7718 7342 8783 7960
8200 8191 8188 6436
7983 7269 8558 8073
7726 6788 8107 8440
8321 8401 8339 6361
8391 8218 7670 6588
8550 7611 8032 7470
7090 8238 7831 7775
6943 8290 7938 7790
8928 7850 7996 7175
8864 7994 8003 7188
8555 7628 8115 7327
7964 7560 7370 7806
8385 8617 8109 6273
7780 7450 9150 7417
8496 7614 8030 7492
7063 8266 7721 7597
7025 8332 7881 7785
6948 8393 7804 7755
7998 7205 8636 8079
8480 8598 8026 6246
8403 8633 8079 6293
8089 6991 8663 8164
7004 8323 7905 7829
7967 7425 8945 7581
7927 7566 7296 7718
7978 7256 8597 8056
7650 6765 8252 8512
8242 8751 8113 5831
6989 8365 7768 7799
7783 7448 9144 7356
8138 6987 8661 8125
7055 8279 7848 7737
7767 7365 8883 7948
8079 7247 8650 8064
8687 7607 8105 7575
8441 8493 7655 6634
8085 7205 8611 8097
7011 8156 8095 7846
8047 7622 8865 7348
7891 7370 8602 8159
8019 7102 8852 8214
8542 7571 8108 7571
8044 7591 8981 7423
8002 7582 8900 7575
8102 6967 8605 8178
7701 6766 8224 8486
7011 7862 8226 7838
8234 8244 8113 6516
7796 6783 8241 8450
7966 7540 7385 7796
7695 7317 8891 7983
6979 8287 7751 7846
6999 8289 7921 7758
8234 8244 8113 6516
8025 7616 9000 7323
7115 8195 8082 7781
8033 7264 8566 8084
8026 7389 8835 7595
7706 6751 8186 8457
7729 7425 9168 7336
8723 7656 8086 7406
7704 7390 8845 8004
7892 7393 8657 8138
7796 6783 8241 8450
8864 7994 8003 7188
8542 7571 8108 7571
7947 7205 8652 8001
7729 7425 9168 7336
7892 7393 8657 8138
7729 7425 9168 7336
6712 8112 7684 7843
7469 8570 7154 7077
7657 6794 8207 8499
7915 7607 9066 7252
8156 8963 7625 6863
8214 8711 8112 5747
8921 7788 7969 7131
7993 6973 8610 8173
7979 7190 8515 8070
8026 7221 8645 8047
7617 6849 8324 8393
7685 7350 8847 7902
8162 8771 7593 6874
6806 8187 7745 7813
6988 8216 7866 7656
7664 7279 8840 7934
7443 8524 7274 7046
8248 8587 8015 5792
8240 8438 8379 6242
7279 7550 8204 7704
8789 7948 7931 7121
7491 8628 7248 7028
7967 7566 8915 7354
7024 8121 8071 7710
6992 8173 7823 7514
8465 8340 8238 6375
8495 8412 7604 6659
7342 7505 8311 7741
8168 8765 7617 6833
8836 7880 7887 7078
7008 8084 8078 7776
8233 8777 8057 5766
8013 7577 8978 7329
8479 8383 8177 6300
8340 8400 8367 6250
8151 8757 8062 5779
8610 7591 8064 7319
7412 8516 7218 7070
8802 7918 7932 7184
8424 8461 7641 6585
8228 8123 7956 6434
8439 8438 7627 6539
7987 7579 9041 7298
7665 6799 8146 8471
6990 8316 7842 7799
8535 7594 7895 7209
8395 8545 8071 6256
7314 7418 8326 7764
8269 8407 7651 6556
7312 7468 8390 7763
7945 7473 7236 7684
8255 8133 8152 6388
8532 7445 8063 7496
7327 8396 7175 7079
7446 8682 7262 7048
7383 8475 7165 7121
8610 7591 8064 7319
7376 8615 7165 7054
7467 8590 7166 7119
8516 7569 8027 7500
7011 8318 7672 7693
8488 7595 8004 7507
8223 8663 8058 5777
8832 7942 7891 7047
7002 8112 8049 7808
7312 7468 8390 7763
7659 6826 8169 8497
7659 6826 8169 8497
8532 7445 8063 7496
8532 7445 8063 7496
6802 8121 7718 7807
7405 8564 7100 6959
7591 6718 8133 8491
7782 7448 9006 7190
8109 8673 8091 5745
8538 7543 8016 7232
8012 7219 8562 8014
7004 8111 7769 7507
8218 8219 8093 6373
8009 6863 8595 8000
7868 7401 7234 7663
8416 8341 8164 6210
7952 7534 8803 7247
8013 7353 8924 7302
7407 8435 7185 7033
7604 6785 8238 8391
7402 8483 7141 7043
6958 8201 7783 7635
7233 7499 8257 7723
7241 7441 8262 7649
6984 8243 7819 7560
7629 6743 8141 8439
7300 7338 8180 7744
8458 7484 7942 7496
8459 7467 8004 7432
8358 7449 8015 7444
6963 8280 7739 7799
7278 7435 8205 7706
7291 7433 8239 7687
7251 7343 8148 7805
6740 8134 7651 7777
7374 8503 6997 6912
7789 7234 8735 7271
7866 7302 8738 7167
8097 8566 7984 5743
8424 7407 7992 7407
7286 8314 7155 6913
7197 7490 8196 7635
8348 7360 7936 7448
7214 7407 8208 7564
7195 7442 8192 7641
7839 7270 8665 7201
7245 7351 8060 7674
7904 7241 8673 7207
7226 7432 8197 7652
7226 7432 8197 7652
6766 8265 7961 7811
7499 7689 9460 7361
7714 8005 6418 8101
7716 6795 8322 8681
7838 9317 7352 6552
7875 6587 8487 8452
8297 8685 8172 5691
9305 7802 7871 6976
8173 8195 6672 7676
7714 8005 6418 8101
7535 7590 9350 7582
9116 8057 7856 7014
7744 6938 8252 8500
9209 7765 8034 7145
7618 6796 8182 8560
8382 8648 8445 6152
7634 9188 7890 7088
6965 8299 7907 7831
8195 8109 6728 7609
7806 6878 8269 8540
8161 8186 6837 7597
8797 7920 8071 7132
8827 7457 8028 7631
7838 9317 7352 6552
8347 7890 6974 7450
6791 8200 7781 7948
8670 8243 8194 6088
7300 8436 7794 7728
8316 8937 7473 6605
8569 8498 7784 6707
9031 8040 7953 7064
7757 8819 7339 7208
7950 7577 9239 7298
8435 8473 8617 6331
8872 7550 7969 7604
7915 7086 8218 8413
8282 7730 6888 7537
7236 8316 7808 7643
7789 7365 9101 7427
8554 8619 7675 6757
8124 9125 7626 6816
8935 8063 8042 7240
8729 8234 8283 6229
8052 7215 8640 8327
7547 7662 8437 7785
7896 7172 8832 8135
8666 8193 8337 6250
8272 8862 8072 5835
7780 7439 9172 7499
8152 8921 7630 6942
8011 7025 8793 8272
8997 7972 7944 7199
7365 7620 8552 7887
8512 8549 8439 6427
8286 8756 8139 5898
8213 8720 8192 5770
7829 7409 9219 7421
8015 7509 7410 7840
8422 8526 8520 6367
8135 8867 7728 7002
8198 8697 8210 5977
7473 7684 8359 7770
8225 8159 6993 7544
8077 7873 7174 7431
8277 8666 8421 6056
8316 8937 7473 6605
8855 8096 8056 7158
8495 8334 8415 6504
8910 8081 8065 7179
8202 9016 7720 6880
7809 7317 9038 7471
7416 7822 8478 7861
7650 8508 7534 7308
7177 8232 8142 7831
7650 8794 7299 7252
8296 8769 8102 5779
8009 7646 9135 7180
8028 7550 9013 7327
8153 7941 7139 7261
8045 7255 8852 8066
8088 9079 7624 6865
7913 7184 8780 8192
8298 8660 8314 5991
7684 7423 8967 7827
8191 9107 7712 6843
8726 7723 8165 7472
7922 7065 8793 8351
8479 8371 7640 6776
8075 7120 8736 8158
7997 7200 8791 8162
7365 7620 8552 7887
7139 7948 8334 7970
6977 8369 7934 7826
8237 9034 7636 6929
7002 8345 7905 7925
8274 7791 7038 7576
8091 7106 8755 8113
8017 7598 8946 7628
8021 7303 8599 8017
7871 7324 8687 8248
8297 8685 8172 5691
7237 8288 7698 7755
7103 7967 8261 8020
8179 8980 7693 6916
8338 8780 8087 5858
7629 8760 7251 7320
8450 8466 8371 6488
8234 9058 7762 6867
7626 8658 7521 7309
8622 7734 8158 7502
8604 7712 8253 7492
7044 8030 8299 8003
8157 8237 7082 7609
7152 7878 8132 7976
7686 8772 7360 7194
8318 7978 7108 7500
7955 7115 8865 8296
8500 8493 7751 6763
7972 7269 8637 8298
8102 7566 9033 7286
7943 7033 8664 8346
6791 8200 7781 7948
7715 7339 8843 7744
8264 8732 7808 7050
8326 7832 6986 7431
8526 8441 8510 6498
7035 7974 8377 7971
7091 8053 8356 7977
8120 8778 7781 7090
7295 7620 8513 7934
7931 7137 8799 8222
7432 7751 8474 7751
7734 7381 9210 7444
7931 7137 8799 8222
7018 8065 8308 7973
8645 7554 8217 7446
8259 7850 7035 7513
8000 7285 8471 8074
8472 8509 8515 6462
7878 7327 8680 8208
8012 7565 7425 7848
7049 8043 8425 7917
8535 8454 8434 6415
8495 8547 7708 6736
8538 8541 8463 6370
7655 8507 7398 7184
8179 8980 7693 6916
7167 7869 8198 8037
8088 8810 7718 7035
8011 7623 7384 7834
8278 8798 8069 5870
8218 8705 7787 7072
8186 7036 8670 8199
7102 8000 8333 7944
8436 8400 8609 6400
7629 8760 7251 7320
8319 7860 7030 7446
8436 8400 8609 6400
8233 8745 7781 6998
7442 7819 8462 7789
8470 8337 8519 6448
8600 7719 8290 7564
7969 7320 8463 7995
8560 8461 7699 6757
7918 7298 8635 8204
7734 7381 9210 7444
8017 7598 8946 7628
7272 8391 7794 7753
7056 8317 7789 7921
7955 7115 8865 8296
7272 8391 7794 7753
8099 7057 8700 8150
7669 7406 9024 7833
7093 7973 8286 7949
7170 7822 8063 8042
8342 7809 6998 7514
8012 7264 8528 8123
7618 6796 8182 8560
8342 7809 6998 7514
8099 7057 8700 8150
8463 8388 8265 6499
8600 7719 8290 7564
7721 8769 7352 7260
7056 8317 7789 7921
7669 7406 9024 7833
7956 7283 8704 8256
8088 9079 7624 6865
8729 8234 8283 6229
8012 7264 8528 8123
8549 8496 7703 6769
7956 7283 8704 8256
8088 9079 7624 6865
8012 7565 7425 7848
7169 7856 8153 8051
7442 7819 8462 7789
7956 7283 8704 8256
8549 8496 7703 6769
7442 7819 8462 7789
7169 7856 8153 8051
8463 8388 8265 6499
6976 8372 7905 7836
6976 8372 7905 7836
7091 8053 8356 7977
7956 7283 8704 8256
7669 7406 9024 7833
7169 7856 8153 8051
8342 7809 6998 7514
7056 8317 7789 7921
6976 8372 7905 7836
7955 7115 8865 8296
6976 8372 7905 7836
7955 7115 8865 8296
8012 7264 8528 8123
6821 8220 7869 7904
7791 7303 9201 7361
7925 7020 8127 8343
8037 6958 8565 8083
8108 9102 7673 6815
8131 8216 6974 7560
8204 8752 8083 5742
8970 7911 7807 7126
7909 7070 8775 8262
7351 7492 8451 7881
7615 8496 7487 7235
7742 7360 9147 7441
8139 8615 8059 5870
7117 7752 8057 7989
8056 8932 7457 6897
7994 7519 8968 7202
7989 7439 8907 7302
7836 7250 8626 8140
8659 8162 8234 6175
7647 8671 7164 7117
7928 7571 7339 7794
7733 7386 9159 7475
7896 7217 8398 8118
8549 8465 7601 6675
8595 7638 8216 7554
8241 8162 7246 6986
8732 8012 7919 7158
7639 8715 7312 7086
7068 8030 8344 7930
8117 9055 7728 6801
8037 8926 7489 6885
7968 7010 8584 8280
7199 8378 7682 7666
8265 8649 8214 5743
6955 8259 7808 7887
8177 6968 8496 8141
8171 8582 8108 5800
8071 8108 7053 7284
8237 8831 7985 5765
8317 7889 7043 7466
8209 8586 8164 5762
8445 8298 8254 6497
8455 8451 7730 6625
8809 8056 8056 7123
8330 8419 8502 6384
8601 8166 8292 6224
8384 8465 7697 6724
8901 8044 7894 7117
8195 8538 8089 5839
8796 8046 8036 7152
6917 7943 8238 7950
8317 7889 7043 7466
6902 8421 7782 7719
7253 8353 7702 7639
8649 8154 8220 6194
6828 8265 7733 7892
7238 7552 8374 7802
8921 7974 7833 7126
8907 7995 7980 7153
8185 9057 7677 6867
8597 8133 8058 6241
7297 8292 7746 7673
7259 8307 7758 7732
8502 8509 8388 6307
6939 8346 7846 7821
7309 7514 8480 7863
8588 8226 8231 6183
8480 8465 8339 6417
8086 8779 7657 7006
8950 8016 7841 7059
8384 8529 8369 6323
8081 8768 7751 7018
8435 8415 7646 6712
6952 8283 7894 7851
8948 7913 7876 7147
8071 8108 7053 7284
7263 7512 8400 7914
7904 7238 8364 8006
8492 8184 7857 6409
8462 8440 8408 6364
7971 7231 8423 8090
8483 8431 8501 6477
8456 8526 7642 6670
8480 8403 7659 6695
7920 7235 8290 7988
6922 8212 7867 7865
8088 8847 7674 6878
8494 8518 8448 6347
8497 8317 8264 6395
8444 8478 8427 6409
8473 8412 8265 6484
6902 8421 7782 7719
8502 8509 8388 6307
8088 8847 7674 6878
8498 8433 7717 6650
7904 7238 8364 8006
8494 8358 7700 6705
6952 8368 7914 7806
8797 8056 7985 7143
8498 8433 7717 6650
8809 8056 8056 7123
6952 8368 7914 7806
8088 8847 7674 6878
8088 8847 7674 6878
8317 7889 7043 7466
8809 8056 8056 7123
6755 8173 7786 7855
7693 7221 8083 8116
7699 7176 8993 7461
7715 7370 9143 7408
8085 9002 7635 6849
8089 8655 7940 5670
8241 7835 6885 7362
8932 7821 7804 7038
7172 7408 8378 7727
7604 7272 8946 7462
8452 8487 7549 6670
8488 8464 8424 6333
7976 7488 8867 7124
8074 7999 7092 7102
8564 7620 8214 7496
7904 7491 8888 7151
8062 8528 8044 5850
7868 7189 8254 7980
7155 8246 7758 7559
7066 7975 8281 7902
8127 8992 7664 6820
8554 8123 8233 6140
8053 8774 7588 6893
8733 7891 8026 7121
8554 8109 8203 6148
8873 7764 7689 7131
8412 8477 8316 6311
6789 8249 7750 7859
6896 8263 7763 7834
8365 8391 8340 6338
7723 7218 9109 7389
6950 8368 7910 7768
8453 8367 7669 6592
8423 8291 8418 6443
8392 8383 8250 6463
8006 8874 7654 6862
8219 8530 8154 5729
8049 8757 7682 7000
8005 8073 6973 7402
7671 7261 9108 7442
8211 8628 8191 5708
8060 8582 8023 5749
8421 8338 8368 6361
8060 8874 7674 6826
7672 7246 9037 7461
8303 7967 7027 7146
8755 8015 7969 7085
8893 7912 7866 7058
8063 8764 7627 6991
8194 7819 6991 7408
8448 8319 7657 6631
8269 7806 7005 7404
6925 8323 7910 7792
8859 7949 7915 7030
8122 8138 6931 7507
8826 7964 7895 7045
8799 7927 7978 7145
8295 7773 6994 7458
8772 7963 7820 7135
8122 8138 6931 7507
8228 7819 6901 7370
8060 8582 8023 5749
7684 7190 8982 7463
8887 8001 7808 7062
8892 7929 7949 7114
8787 7959 7959 7124
8864 7978 7966 6997
7684 7190 8982 7463
8122 8138 6931 7507
6803 8098 7612 7822
7664 7238 9045 7419
7678 7256 9108 7403
7974 8870 7521 6845
8031 8001 6764 7357
8189 8493 8180 5650
8845 7908 7873 7101
8304 8342 8325 6272
7933 7797 6773 7441
6946 8314 7812 7760
8231 7775 6990 7306
8530 8099 8050 6068
8031 8672 7588 6957
8348 8254 7501 6536
8811 7923 7868 7104
6838 7688 8115 7777
8519 8057 8102 6026
8285 8243 7514 6548
7991 8473 7980 5753
8393 8392 8312 6313
6935 8298 7825 7720
8205 8540 8141 5699
8034 8539 7925 5748
8307 8280 8189 6383
8264 7766 6963 7425
6852 8298 7742 7762
7933 8049 6964 7092
8381 8332 8231 6325
6830 7706 7995 7779
6900 8317 7888 7757
6640 7959 7617 7750
7632 7216 9089 7362
8117 8513 8075 5609
8224 7740 6882 7306
8496 8071 8011 6066
7615 7251 9028 7402
8273 8342 8107 6291
6669 7985 7681 7713
8170 7752 6923 7360
8193 7705 6887 7252
8248 7688 6921 7265
7957 8407 8046 5639
8184 8474 8031 5653
8224 7740 6882 7306
8224 7740 6882 7306
8224 7740 6882 7306
8224 7740 6882 7306
7886 7728 6546 7154
6766 8265 7961 7811
7499 7689 9460 7361
7714 8005 6418 8101
7716 6795 8322 8681
7838 9317 7352 6552
7875 6587 8487 8452
8272 8862 8072 5835
9305 7802 7871 6976
8173 8195 6672 7676
8277 8666 8421 6056
7634 9188 7890 7088
7714 8005 6418 8101
9116 8057 7856 7014
8382 8648 8445 6152
7499 7689 9460 7361
7838 7480 9244 7349
7838 9317 7352 6552
8308 7872 6846 7608
8404 8712 8214 6237
8592 8470 8394 6427
7854 6739 8349 8581
8295 8832 8201 5954
9305 7802 7871 6976
8494 8736 8211 6231
8409 8783 7387 6573
8565 8527 8509 6361
7774 6850 8361 8463
8506 8573 8590 6470
8983 7975 7992 7110
8119 8985 7651 6847
7629 6944 8294 8482
8362 8020 7086 7463
7955 7115 8865 8296
8248 7902 6998 7590
8154 9118 7697 6791
7683 7308 8917 7849
7167 7869 8198 8037
7126 8431 8166 7255
8169 8866 7875 6905
9209 7765 8034 7145
8529 8360 7691 6650
9087 7964 7933 7177
7134 8088 8364 8055
8158 7048 8752 8174
8828 7512 8029 7549
8318 8720 7543 6596
8534 8336 7655 6711
7915 7167 8827 8243
8278 8913 7769 6851
7993 7345 8933 7230
8105 7166 8716 8117
8565 8527 8509 6361
9031 8040 7953 7064
7924 7154 8620 8365
7974 7264 8785 8216
8148 9092 7748 6818
7950 7577 9239 7298
7455 8539 7432 7360
7800 6813 8306 8521
8657 7564 8206 7517
8161 7945 6903 7576
8238 8572 7580 7072
7887 7240 8610 8440
8190 9064 7631 6733
8619 7615 8111 7625
8158 7048 8752 8174
6813 8238 7794 7903
7529 8613 7295 7271
9209 7765 8034 7145
8343 8811 8148 5897
7845 7429 8577 8000
7545 7726 8588 7512
8465 8395 7735 6715
7206 8351 7813 7800
7628 8414 7013 7425
8036 6929 8646 8340
8026 7218 8770 8194
8346 7989 7114 7454
8260 8972 7720 6742
7752 6786 8248 8603
7807 6766 8268 8597
8064 7198 8823 8328
7644 8507 7239 7366
8027 7403 9009 7188
7079 8299 8180 7188
6897 8287 7724 7892
8352 8820 7532 6640
7590 8533 7137 7350
7909 7240 8554 8330
6901 8261 7766 7865
8019 7102 8852 8214
7312 8128 8374 7988
7380 8474 7470 7283
7890 7371 8678 8140
7577 8561 7192 7387
8782 7504 8014 7632
8082 7310 8982 7214
7575 8590 7218 7320
8806 7485 8065 7591
8750 7454 8071 7599
8712 7649 8047 7650
8285 8929 7728 6933
7246 8348 8136 7369
7205 8377 7926 7725
7351 8332 7865 7699
7890 6783 8279 8540
7991 7300 9040 7183
7393 8482 7390 7422
7277 8360 7855 7690
6939 8393 7912 7605
8929 7777 7963 7174
8051 7358 9041 7170
8877 7527 8004 7538
7540 8494 7299 7365
8116 9097 7718 6760
7866 6788 8325 8503
8166 8112 6862 7534
7840 7547 9137 7338
7326 8095 8354 7824
7178 8374 8111 7359
6791 8200 7781 7948
7938 7623 9060 7383
7913 7325 8779 8291
7427 8528 7540 7212
6969 8357 7971 7662
7973 7426 7384 7869
7824 6784 8233 8517
6948 8169 8162 7288
7023 8302 8035 7683
7274 8114 8435 7929
7852 7422 9179 7423
7547 8637 7200 7315
7272 8391 7794 7753
7016 8296 7981 7715
7317 7557 8456 7813
7361 7543 8306 7791
8271 7934 6932 7598
9031 8040 7953 7064
8343 8811 8148 5897
6868 8172 7716 7903
8929 7777 7963 7174
7053 8245 8041 7617
8271 7934 6932 7598
8470 8501 7704 6810
7161 8404 8083 7279
7597 8501 7059 7398
6793 8175 7801 7821
7772 7531 9191 7404
8212 8563 7558 7134
8179 8543 7438 7219
8272 8862 8072 5835
8208 8549 7510 7179
7600 8410 7047 7425
7905 7326 8672 8113
7752 6786 8248 8603
8877 7527 8004 7538
7923 7621 9076 7383
7312 8128 8374 7988
7247 8405 7807 7779
7924 7154 8620 8365
8690 7681 8106 7662
8036 6929 8646 8340
6791 8200 7781 7948
7555 8533 7265 7337
6848 8241 7704 7906
8194 8575 7522 7146
8074 7337 8921 7212
8777 7548 8040 7612
8019 7102 8852 8214
7609 7368 8991 7839
7980 7702 9107 7277
8600 7719 8290 7564
7980 7702 9107 7277
7056 8244 8008 7657
8246 7996 6857 7665
7853 7467 9203 7409
6964 8344 8145 7316
7854 6739 8349 8581
7892 7393 8657 8138
8247 8597 7562 7121
8692 7659 8201 7610
8038 7365 8984 7131
8285 8929 7728 6933
8732 7674 8159 7612
7892 7393 8657 8138
7551 8566 7245 7406
7018 8242 8106 7749
6848 8241 7704 7906
8705 7635 8092 7687
7411 7482 8271 7705
8190 9064 7631 6733
7400 8535 7520 7217
8600 7719 8290 7564
7412 8545 7493 7270
6946 8375 7953 7679
7853 7467 9203 7409
8178 8473 7565 7114
7412 8545 7493 7270
8064 7198 8823 8328
8190 9064 7631 6733
7555 8533 7265 7337
8705 7635 8092 7687
8732 7674 8159 7612
7129 8338 8175 7177
7018 8333 7980 7672
7609 7368 8991 7839
7887 7240 8610 8440
7247 8405 7807 7779
8194 8575 7522 7146
7016 8296 7981 7715
8190 9064 7631 6733
8285 8929 7728 6933
7312 8128 8374 7988
6791 8200 7781 7948
7980 7702 9107 7277
6791 8200 7781 7948
7312 8128 8374 7988
7853 7467 9203 7409
7924 7154 8620 8365
8732 7674 8159 7612
6800 8116 7678 7907
7812 7498 9112 7330
7817 6705 8326 8569
8104 7845 6728 7622
8142 9063 7645 6754
8291 8757 8103 5805
8876 7888 7917 7042
8769 7959 7801 6983
8495 8521 8451 6395
7513 8434 7211 7286
7710 7448 9054 7355
7167 8007 8394 7879
7976 7296 8882 7169
8372 8646 8110 6139
8271 8787 8105 5876
8301 8767 7437 6573
8358 7830 7062 7428
8288 8650 8176 6177
7791 6811 8214 8490
7279 8128 8351 7883
6903 8234 7541 7723
8414 8396 8446 6396
7404 8501 7417 7205
8013 7295 8978 7131
8544 7623 8114 7496
6945 8325 7961 7633
8150 8980 7697 6735
7603 8430 7010 7356
6804 8145 7655 7838
8276 8793 7369 6604
7020 8282 8020 7632
8412 8364 7578 6678
8135 7829 6974 7535
7914 7245 8547 8075
7955 7701 9090 7264
8338 8625 8165 6173
7692 6737 8207 8535
7350 7292 7999 7675
8040 6957 8600 8164
7961 6931 8674 8307
8249 8805 7498 6623
7109 8061 8309 7975
7872 7063 8754 8234
7527 8442 7158 7367
7854 6998 8531 8365
8237 7818 6802 7649
8555 7489 8089 7626
7852 7157 8523 8356
7979 7214 8673 8119
8161 7876 6879 7574
8141 8906 7686 6903
6853 8118 7646 7908
7299 7501 8182 7681
8134 8514 7466 7067
7045 8090 8299 7959
7349 7500 8247 7735
8270 8730 7376 6648
8457 8406 7632 6595
6828 8195 7621 7861
8231 8706 7645 6766
7976 7193 8813 8178
7049 7840 8246 8006
7760 7169 8743 8297
8442 8384 7731 6675
7100 8298 8092 7168
7562 8560 7145 7324
8206 7910 6862 7551
8617 7578 8109 7570
8160 8474 7408 7123
7596 8481 7142 7327
7863 6774 8264 8496
8193 7900 6773 7585
8108 6987 8744 8145
7136 8368 8067 7306
7922 7683 9094 7254
7739 6760 8121 8538
8635 7536 8050 7619
7325 8497 7468 7236
7038 8244 8135 7257
7952 6953 8696 8239
7946 7095 8633 8261
8670 7599 8166 7558
8023 7254 8803 7207
7913 7193 8790 8209
7557 8476 7173 7244
7835 7128 8579 8334
7948 7007 8671 8302
7143 8193 8126 7247
8219 8848 7666 6888
8162 8866 7771 6850
7805 7121 8645 8291
8639 7562 8157 7569
6802 8206 7698 7864
7063 8344 8109 7233
8159 8904 7693 6869
8646 7527 8090 7596
7887 7110 8610 8336
7810 6727 8314 8531
7927 7188 8685 8218
7791 6811 8214 8490
7571 8481 7151 7317
8181 8765 7750 6758
8215 8854 7681 6814
8139 7907 6838 7604
8167 8870 7734 6815
7052 8322 8119 7226
8245 7877 6822 7582
7970 7165 8627 8317
8237 7818 6802 7649
8225 8849 7677 6826
7805 7128 8637 8325
7890 6767 8277 8534
8187 8861 7373 6634
7046 8350 8089 7266
8670 7599 8166 7558
7974 7098 8798 8218
7807 6768 8280 8490
8670 7599 8166 7558
6800 8116 7678 7907
8670 7599 8166 7558
8141 8906 7686 6903
8167 8870 7734 6815
8167 8870 7734 6815
8167 8870 7734 6815
6661 8110 7755 7833
7672 6643 8257 8502
7787 6722 8190 8526
7867 7339 8901 7094
8110 8932 7564 6727
8166 7837 6798 7564
8211 8716 8064 5673
8614 7521 8108 7562
7454 8428 7044 7149
8493 8484 8399 6305
8288 8736 7399 6566
8110 8683 7948 5693
8525 7587 8147 7523
8224 8522 8064 6094
6931 8022 7880 7191
8424 8340 7670 6539
7131 7919 8231 7790
7759 7206 8544 7990
6902 8298 7906 7624
7873 7283 8815 7084
7701 7293 8830 7311
8094 8843 7543 6823
7292 7470 8126 7695
7849 7087 8555 8320
7011 7839 8156 7903
8224 8836 7471 6622
8364 8517 8151 6188
7621 6750 8173 8521
7971 6915 8660 8191
8311 7528 7991 7575
7819 6992 8678 8160
6748 8104 7739 7878
7924 7045 8745 8158
7224 7458 8178 7654
6818 8099 7711 7812
7008 7825 8195 7901
6802 8104 7760 7805
8565 7508 8050 7599
7817 6727 8269 8459
8055 8865 7616 6754
7917 6870 8640 8214
7865 7135 8669 8131
7269 7335 8156 7726
8355 8318 7570 6587
7949 7176 8846 7176
7726 6786 8093 8490
7952 7122 8611 8247
8045 8896 7566 6782
8088 8774 7705 6807
8122 8900 7558 6649
7906 7159 8602 8232
7221 7491 8284 7711
8143 8826 7702 6819
7221 7491 8284 7711
7773 6697 8246 8490
8602 7522 8081 7559
8161 8723 7645 6763
7848 7047 8650 8216
7008 7825 8195 7901
7687 6770 8204 8481
7886 6746 8240 8517
7716 6757 8207 8485
8121 8719 7899 5678
7008 7825 8195 7901
7120 7348 8015 7584
7737 6593 8215 8488
7844 6900 8638 8212
8068 8817 7670 6711
8156 7795 6755 7519
8161 8696 8022 5672
8391 8364 8311 6293
7642 6767 8137 8475
7146 7208 7959 7672
8131 8512 7214 6419
7210 7322 8032 7633
7931 6867 8463 8198
8374 8394 8324 6300
7815 7053 8517 8292
8011 8683 7557 6815
8116 8694 7272 6562
7783 6662 8259 8455
8088 8750 7538 6743
8046 8677 7554 6769
8113 8750 7614 6733
7842 6727 8220 8477
8020 8699 7572 6752
7184 7329 8021 7579
7184 7329 8021 7579
7184 7329 8021 7579
7632 6686 8128 8461
7714 6675 8122 8368
8074 8703 7573 6714
