37 0.164542
3120 3586
3772 3009
3713 3126
3637 3191
3213 3580
3713 3126
3627 3291
3627 3291
3546 3394
3591 3369
3465 3425
3429 3517
3637 3191
3275 3562
3438 3453
3319 3543
3275 3562
3367 3529
3426 3519
3367 3529
3509 3417
3319 3543
3509 3417
3557 3376
3454 3445
3591 3369
3591 3369
3557 3376
3509 3417
3438 3453
3319 3543
3367 3529
3367 3529
3426 3519
3454 3445
3438 3453
3454 3445
3438 3453
3591 3369
3426 3519
3426 3519
3275 3562
3319 3543
3319 3543
3319 3543
3319 3543
3319 3543
3319 3543
3319 3543
3319 3543
3319 3543
3319 3543
3319 3543
3319 3543
3319 3543
3319 3543
3319 3543
3319 3543
3319 3543
3319 3543
3319 3543
3319 3543
3367 3529
3367 3529
3367 3529
3367 3529
3367 3529
3367 3529
3367 3529
3367 3529
3367 3529
3367 3529
3367 3529
3367 3529
3367 3529
3367 3529
3367 3529
3367 3529
3367 3529
3367 3529
3367 3529
3367 3529
3367 3529
3367 3529
3367 3529
3367 3529
3367 3529
3367 3529
3367 3529
3367 3529
3367 3529
3367 3529
3367 3529
3367 3529
3367 3529
3367 3529
3367 3529
3367 3529
3367 3529
3367 3529
3367 3529
3367 3529
3367 3529
3367 3529
3367 3529
3426 3519
3426 3519
3426 3519
3426 3519
3426 3519
3426 3519
3426 3519
3426 3519
3426 3519
3426 3519
3426 3519
3426 3519
3426 3519
3426 3519
3426 3519
3426 3519
3426 3519
3426 3519
3426 3519
3426 3519
3426 3519
3426 3519
3426 3519
3426 3519
3426 3519
3426 3519
3426 3519
3426 3519
3426 3519
3426 3519
3426 3519
3426 3519
3426 3519
3438 3453
3438 3453
3438 3453
3438 3453
3438 3453
3438 3453
3438 3453
3438 3453
3438 3453
3438 3453
3438 3453
3438 3453
3438 3453
3438 3453
3438 3453
3438 3453
3438 3453
3438 3453
3438 3453
3438 3453
3438 3453
3438 3453
3438 3453
3438 3453
3438 3453
3438 3453
3438 3453
3438 3453
3438 3453
3438 3453
3438 3453
3438 3453
3438 3453
3438 3453
3438 3453
3438 3453
3438 3453
3438 3453
3438 3453
3438 3453
3438 3453
3438 3453
3438 3453
3438 3453
3438 3453
3438 3453
3438 3453
3438 3453
3438 3453
3438 3453
3438 3453
3438 3453
3438 3453
3438 3453
3438 3453
3438 3453
3438 3453
3438 3453
3438 3453
3438 3453
3438 3453
3438 3453
3438 3453
3438 3453
3438 3453
3438 3453
3438 3453
3438 3453
3438 3453
3438 3453
3438 3453
3438 3453
3438 3453
3438 3453
3438 3453
3438 3453
3438 3453
3438 3453
3438 3453
3438 3453
3454 3445
3454 3445
3509 3417
3509 3417
3509 3417
3509 3417
3509 3417
3509 3417
3509 3417
3509 3417
3509 3417
3509 3417
3509 3417
3509 3417
3509 3417
3509 3417
3509 3417
3509 3417
3509 3417
3509 3417
3509 3417
3591 3369
3591 3369
3591 3369
3627 3291
3627 3291
3627 3291
3637 3191
3637 3191
3637 3191
3637 3191
3086 3569
3752 2925
3743 2997
3611 3273
3542 3355
3336 3523
3611 3273
3167 3562
3526 3383
3441 3394
3395 3480
3611 3273
3424 3415
3413 3469
3743 2997
3752 2925
3234 3540
3214 3555
3283 3529
3283 3529
3230 3552
3743 2997
3743 2997
3743 2997
3743 2997
3743 2997
3743 2997
3743 2997
3752 2925
3752 2925
3092 3558
3722 2821
3704 2974
3588 3254
3433 3365
3513 3359
3402 3439
3249 3517
3169 3554
3378 3458
3333 3482
3535 3282
3323 3513
3535 3282
3215 3537
3206 3550
3323 3513
3182 3536
3700 2922
3570 3122
3670 2937
3518 3271
3506 3343
3462 3355
3316 3492
3405 3359
3253 3498
3372 3405
3344 3419
3401 3396
3207 3526
3328 3438
3326 3471
3228 3508
3698 2931
3240 3507
3097 3528
3673 2888
3547 3115
3456 3352
3196 3524
3509 3188
3501 3256
3388 3357
3222 3501
3327 3435
3345 3379
3516 3118
3502 3253
3256 3466
3322 3449
3250 3487
3290 3458
3376 3363
3354 3371
3292 3453
3516 3118
3253 3481
3194 3524
3582 2775
3522 2956
3430 3336
3576 2805
3336 3340
3507 3107
3472 3191
3493 3181
3324 3413
3319 3437
3282 3449
3243 3485
3253 3472
3267 3450
3213 3492
3215 3489
3582 2775
3093 3517
3559 2792
3506 3026
3422 3147
3509 2814
3421 3303
3179 3515
3324 3388
3229 3484
3360 3335
3297 3401
3262 3431
3182 3487
3255 3447
3378 3330
3378 3330
3378 3330
3378 3330
3106 3515
3499 2959
3418 2970
3410 3301
3297 3395
3176 3491
3216 3476
3255 3441
3347 3329
3336 3334
3122 3505
3261 3397
3121 3494
3408 3293
3338 3307
3291 3380
3245 3413
3165 3481
3287 3390
3190 3462
3207 3459
3228 3431
3214 3435
3059 3488
3398 3074
3319 3301
3386 3228
3394 3208
3207 3421
3289 3368
3163 3462
3143 3477
3244 3401
3269 3381
3145 3473
2965 3483
3375 3178
3308 3292
3130 3477
3240 3351
3183 3408
3270 3331
3159 3428
3153 3457
3257 3346
3182 3412
3153 3457
3108 3462
3335 2922
3285 3265
3238 3333
3168 3403
3143 3452
3147 3416
2991 3454
3300 2907
3280 3216
3223 3333
3096 3435
3253 3248
3159 3356
3124 3411
3151 3394
3107 3413
3158 3383
2924 3442
3241 3080
3083 3427
3232 3191
3215 3263
3134 3374
3201 3322
3189 3327
3152 3358
3152 3358
3057 3365
3196 3136
3162 3212
3150 3331
3161 3286
3117 3356
3085 3357
3142 3274
3159 3240
2971 3254
2842 3254
2846 3187
