19 1.38737
23629 22437 23170 22415
22960 21731 22881 22990
23079 22147 23157 22616
23212 21950 22534 23107
22976 21827 23281 22581
23087 22064 22754 22988
22855 21500 23632 22412
23247 22111 23439 22444
23554 22200 22720 22548
22135 20823 22458 23539
22855 21500 23632 22412
23441 22726 22769 22191
23804 22327 22577 22296
23200 22028 22677 22277
23492 22301 22903 22277
23191 22058 22527 22415
22777 22210 23033 22427
23010 21824 23395 22314
22682 21227 23354 22332
22740 21175 23193 22195
21917 20739 22257 23290
22821 21836 23194 22233
22707 21019 23136 21997
22978 21758 22907 23067
23493 22298 22862 22183
23628 22188 22728 22358
22788 21264 23280 22307
23331 22260 22597 22231
22988 21308 23366 22270
22754 21715 23139 22465
23342 22398 22665 22283
23145 21927 22419 22352
22817 21418 23076 22121
22830 21348 23302 22236
22949 21847 22726 22844
22834 21674 23272 22603
22863 21641 23495 22390
22074 20764 22265 23222
23096 21680 22419 22660
23385 22212 22677 22346
22962 21819 22436 22907
22990 21532 23471 22192
22968 21432 23249 22284
23211 21984 22575 22120
23415 22224 22525 22288
22961 22051 22955 22490
22693 21096 23284 22026
23035 21812 22694 23029
23040 21558 23489 22443
22848 21351 23249 22236
22981 21680 22497 22634
23052 21828 22856 22751
22886 22039 22855 22332
22651 21380 23523 22352
23250 22418 22619 22118
23107 21864 23408 22312
22723 21578 23522 22303
22987 21736 23346 22466
22670 21349 23165 22040
22905 21710 23262 22417
23034 21573 23498 22423
22879 21595 23278 22130
22820 21641 22309 22713
23245 22280 22751 22065
23175 21763 22490 23013
23358 22068 22591 22513
23035 21937 22559 22881
22856 21936 22903 22337
22894 21725 23093 22367
23038 21836 23147 22147
23120 22159 23043 22437
22839 21520 23305 22175
23122 21900 23160 22283
22752 21834 22785 22452
23158 22520 22488 22019
22883 21678 23175 22058
22087 20807 22252 23077
22798 21552 23094 22198
23153 21833 23211 22316
22711 21586 23365 22261
23461 22075 22854 22272
22857 21695 23070 22228
21987 20771 22201 23259
23130 22556 22580 22170
23284 22216 22521 22369
22824 21846 22856 22997
23004 21807 22630 22937
23041 21563 23081 22090
22148 20719 22321 23160
23348 22317 22874 22111
23303 22516 22548 22117
22698 21278 23271 22084
21982 20704 22229 23326
22754 21571 22386 22546
23109 21918 22719 22924
22662 21377 23207 22124
23067 21700 22744 23059
23044 21727 22808 22785
23404 22151 22487 22215
23021 21952 22459 23055
22853 22118 22905 22388
23537 22148 22560 22287
22993 21732 22647 22775
22713 21260 23370 22273
22695 21568 22290 22590
22831 21633 22383 22585
22735 22076 22884 22483
22736 21559 22616 22567
22871 21684 23303 22534
22914 21528 22260 22904
23020 21783 23233 22337
23156 22658 22858 22092
22899 21618 22441 22715
22783 21560 23350 22318
22898 21637 23361 22301
23102 21457 23510 22236
23326 22151 22816 22740
22911 21856 23131 22578
23069 21930 23382 22422
22800 21266 23401 22192
23667 22189 22993 22185
22813 21236 23336 22141
23003 21346 23362 22271
23186 22099 22832 22272
22992 21692 22727 22956
22117 20996 22420 23167
23205 22575 22712 22134
22251 20949 22284 23401
22832 21749 22722 22673
22732 21166 23262 22002
22912 22156 22882 22326
22762 21443 23393 22234
22191 20994 22424 23299
22771 21736 23168 22147
22675 21339 23357 22389
22995 22196 23075 22450
23204 22429 22507 22058
23591 22132 22765 22256
22761 21378 23135 22054
23293 22142 22585 22244
23669 22220 23074 22342
23601 22194 22507 22228
23458 22126 22710 22593
22875 22069 22899 22538
22541 21399 23416 22146
22993 21868 22883 22901
22852 22141 23021 22424
23153 21835 22742 22995
23349 22209 22686 22302
23659 22305 22944 22298
22058 20827 22268 23228
22950 21533 23240 22136
22889 22089 22846 22456
23484 22041 23016 22243
23097 22224 22453 22155
22842 22070 22895 22268
23203 22108 22539 22487
22822 21533 23373 22165
23159 22575 22486 21959
23548 22261 22500 22181
23115 21915 22552 22892
23409 22560 22746 22122
22851 21875 22880 22437
22724 21223 23330 22033
23468 22339 23127 22160
23021 21797 22903 23206
22924 21786 22803 22875
22765 21407 23266 22234
22923 21956 22990 22458
22968 21671 22652 22687
23128 21928 22526 23191
22873 21690 23351 22510
23047 21879 23319 22441
22837 21517 22652 22912
23529 22380 23126 22200
22814 21517 23418 22059
23415 22149 22622 22384
23562 22127 22719 22468
22909 21773 23178 22386
22614 21493 23379 22220
22717 21755 23089 22209
23323 22158 22496 22606
23426 22172 22886 22257
22843 21431 23404 22244
23036 21705 23289 22243
22636 21273 23288 22286
22731 21358 23309 22114
22985 22091 22543 22897
23517 22201 22675 22535
22888 21728 22691 22755
23429 22178 22308 22052
23001 21745 22877 22944
22890 22101 22907 22592
23028 21761 22841 22918
22780 21391 23394 22287
23400 21985 22842 22087
23092 21934 23157 22348
23222 22475 22629 21914
22002 20896 22269 23295
22814 21881 23163 22205
22888 21689 22978 22504
22958 21780 22610 22910
23458 22254 22820 22247
23379 21938 22570 23018
22991 22107 22920 22574
22853 21383 23407 22271
23700 22274 22695 22307
23080 21777 22525 22627
23014 21722 23239 22433
23134 21802 22495 22945
23223 22468 22670 22170
22944 21705 23245 22212
23132 22424 22681 22032
23747 22119 22623 22377
23115 21968 22580 22987
22871 22054 23017 22434
22783 21875 22819 22516
23060 21869 22331 22959
22812 21867 23269 22199
21944 20913 22197 23319
22782 21310 23422 22131
23451 22492 22848 22126
23316 21973 22363 22465
23319 22055 22302 22189
22678 21099 23151 22152
22842 21794 22752 22778
23027 21926 22663 22898
23200 22161 22497 22085
22950 21432 23419 22291
23158 21792 22695 22905
23630 22171 22580 22334
23240 21763 23452 22261
23104 21823 22890 22994
23552 22257 22920 22259
23278 22270 22855 22055
23219 22003 22713 22380
23145 22035 22551 23003
23661 22255 22718 22399
22877 21506 23596 22182
23228 21879 22585 22839
21904 20652 22185 23229
22895 21663 22397 22802
22938 21657 23342 22132
23700 22004 22551 22277
22995 21583 22392 22756
23136 22191 22479 22249
23070 21770 23037 21916
23399 22192 22750 22495
23726 22175 22499 22237
23014 21819 22683 22836
23027 22052 23401 22273
23260 22011 22666 22230
22907 21958 23017 22347
23513 22158 22392 22213
22044 20908 22302 23410
22940 21752 23352 22477
22978 21791 23306 22141
22688 21120 23124 21910
22681 21220 23072 22102
23059 21954 23169 22173
23249 22273 22517 22494
22989 21815 22645 22875
22776 22063 22942 22400
22915 21490 23357 22321
23385 22609 22676 22163
23158 22362 22461 21949
23400 22148 22868 22192
23585 22698 22753 22141
23011 21900 23435 22179
22756 21540 23418 22105
23066 22269 22421 21982
22087 20808 22281 23311
22969 21761 22402 22827
22982 21864 23323 22210
22630 21251 23353 22247
23206 22515 22740 22121
22991 21836 23277 22486
22683 21920 22951 22386
22083 20887 22437 23455
23345 22130 22447 22396
23069 21937 22560 22895
23467 22105 22926 22196
22686 21915 22783 22340
23533 22072 22863 22359
23480 22404 22701 22193
22828 22041 22768 22197
23623 22187 22414 22243
23487 22155 22849 22200
22980 21720 22481 22940
22937 21764 22793 22954
22759 21565 22844 22700
23291 22033 22491 22348
23157 22365 22560 21804
22909 21328 23419 22165
22689 21770 23151 22335
22922 22016 23159 22360
22691 21284 23293 22212
23238 22507 22375 22232
23099 21882 22358 22930
23451 22088 22521 22490
23181 21809 22447 23018
23495 22212 22582 22409
23429 22075 22797 22164
22661 21302 23355 22025
22680 21662 22593 22799
23601 22220 22903 22367
23053 21764 22476 22778
23456 22123 22659 22461
22762 21513 23343 22188
22264 20825 22349 23217
22947 21775 23378 22513
23355 22160 22939 22217
23058 21808 22573 22792
23789 22296 22774 22202
22960 21486 23301 22416
23347 22083 22833 21989
23094 21617 23450 22407
22882 21327 23347 22335
23131 21789 23392 22198
23721 22410 23366 22382
23408 22428 22866 22360
23294 22361 22768 22351
22579 21292 23324 22235
22884 21921 22941 22244
23441 22195 22728 22589
23038 22321 22639 22091
23159 22002 23217 22289
23677 22199 22569 22266
22896 21799 23192 22314
22938 21564 22785 22724
22930 21630 22663 22717
23443 22450 23027 22255
22946 21449 23320 22407
22594 21312 23151 22221
22958 22015 22842 22426
22767 21728 23094 22130
22832 21760 22853 22700
23422 22408 23079 22321
22833 21701 23202 22209
22717 21170 23117 21999
23523 22153 22747 22331
22728 21308 23503 22324
22956 21711 22791 22983
23466 22184 22746 22060
22832 21510 23443 22220
23612 22220 22669 22137
22798 21462 23454 22175
22858 21656 23019 22224
23332 22044 22535 22926
22874 21818 23319 22432
23111 21913 23402 22371
21945 20596 22044 23021
23011 21891 22599 22957
23706 22046 22454 22177
22772 21599 23580 22200
23381 22612 22345 22065
23480 22310 22967 22235
23497 22519 22514 22193
22684 21458 22262 22483
23537 22313 22995 22196
22786 22057 22840 22401
22757 21582 23214 22369
23409 22200 22544 22456
23623 22270 22904 22434
22918 21609 22727 22918
23603 22406 22989 22241
22807 21891 22977 22393
21969 20842 22297 23146
23564 22348 22664 22345
22683 21474 22283 22635
23017 21846 23375 22575
23048 21712 22885 22777
23238 22446 22707 22072
22599 21316 23080 21955
23351 22537 22568 22163
22788 21795 23092 22601
23054 21898 22424 22911
23186 21646 22535 22989
23185 22031 22678 22346
23167 22386 22462 22200
22875 22112 22852 22290
22538 21422 23228 22139
23083 21950 23325 22164
23056 21606 23182 22152
23255 21930 22462 22901
22723 21785 23080 22248
23039 21840 23187 22361
22883 21738 23118 22517
22714 21723 23091 22327
22728 21365 23254 22136
23487 22301 22893 22434
22925 21860 22806 22767
23294 22352 22611 22056
22928 21824 22468 22892
23077 21762 22644 22918
22856 21658 23161 22245
22738 21365 23288 22206
22941 21888 22673 22885
22862 21548 22406 22595
23404 22344 23046 22180
22895 21599 22447 22882
22889 21640 22719 22785
22955 21822 22501 22850
22857 21599 23215 22460
23561 22501 22675 22189
22862 21628 23116 22044
23483 22167 22900 22126
23084 21970 23364 22432
23459 22341 22834 22475
22994 21695 23316 22462
23150 21873 22545 22873
22047 20864 22311 23260
22085 20827 22268 23156
23056 21811 22745 22693
23008 21886 22668 22763
22656 21336 23438 22222
23575 22248 22890 22348
23114 21737 22970 23011
22786 22091 22928 22172
22641 21196 23263 22110
21920 20750 22137 23384
22858 21953 23016 22436
22964 21656 23316 22211
22851 21803 23179 22536
23124 21829 22741 22800
22896 21396 23477 22403
22902 21777 23079 22387
23076 22485 22783 22030
23068 21619 22675 22698
22808 21434 23349 22353
22886 21661 22655 22825
23117 21839 23370 22241
23145 21717 22565 22706
22748 21682 23226 22075
23172 21951 22431 22906
23039 21926 23188 22295
23330 22434 22580 22009
22781 21627 23483 22269
23056 21540 22535 22667
23517 22163 22972 22309
22973 21638 23200 22103
23003 21817 23619 22634
22921 21816 22535 22820
23309 22607 22780 21967
22765 21549 22514 22695
23242 22360 22799 22212
22984 21700 22723 22874
22544 21073 23199 22020
22947 21600 23458 22271
23246 22024 22668 22372
23229 21771 22649 23046
22894 21677 23405 22299
23658 22197 22614 22041
22946 21651 22677 22924
22802 21255 23124 22061
23104 22460 22496 22066
22668 21367 23221 22297
23235 21820 22641 22882
22884 21947 23071 22222
22577 21161 23396 22166
22732 21722 23307 22305
23643 22304 22619 22050
23021 21720 22336 22644
23629 22186 22953 22214
23100 21863 23469 22479
22925 21688 23348 22181
23547 22351 22813 22283
23032 21881 23225 22266
23520 22252 23101 22325
22997 21949 23206 22177
23031 21840 22624 22764
22904 22023 23027 22437
