1 0.455047
20254 21439
21394 20450
21131 21129
20609 21380
21327 20794
20786 21184
21364 20757
21373 20474
20773 21285
20780 21213
20780 21213
20243 21419
21352 20399
20634 21267
20917 21094
21327 20787
21107 21027
20703 21252
21351 20757
21086 21055
21086 21055
20032 21217
21336 20507
20210 21187
21306 20756
20900 21088
21016 20882
20990 20977
20630 21099
20630 21099
21190 20773
21190 20773
20084 21167
20084 21167
21336 20005
20349 21075
21329 20442
20796 21054
21292 20664
21125 20748
20993 20880
21167 20671
20988 20911
20889 21038
20900 20991
21142 20725
20900 20991
21292 20664
20053 21120
21304 20355
20859 21008
21042 20636
21078 20532
20668 21027
20290 21057
20937 20854
21222 20426
20402 21047
20969 20790
21295 20391
20969 20790
19787 21116
21285 20354
21285 20354
19846 21106
20637 21027
20967 20644
20930 20814
20793 20993
21027 20539
21035 20426
20804 20839
20637 21027
21164 20372
21164 20372
21221 20358
20804 20839
19654 21110
21271 20349
20916 20775
20280 21027
19843 21055
20931 20486
20627 21004
20783 20868
21044 20364
21271 20349
20989 20438
21018 20384
20777 20917
20965 20471
20719 20930
20691 20978
20651 20982
20735 20926
20691 20978
19600 21072
21234 20307
20091 21020
20712 20924
19959 21027
20897 20738
20544 21004
20824 20760
20902 20518
20914 20397
21067 20323
20587 20931
20905 20491
21234 20307
20550 20959
20983 20364
21020 20356
20905 20491
19662 21024
19662 21024
21223 20285
20260 21002
20953 20349
20895 20521
20892 20691
20903 20428
20592 20913
20703 20745
20691 20829
20764 20715
20501 20962
20664 20888
20434 20975
20364 20976
20501 20962
20685 20866
20747 20728
20364 20976
20690 20856
20747 20728
20690 20856
20189 20994
21182 20198
20892 20518
20499 20950
20938 20290
20655 20779
20768 20636
21122 20268
20742 20714
20521 20901
20613 20861
20575 20890
21023 20285
20938 20290
21048 20270
20611 20863
20750 20675
20768 20636
20742 20714
20750 20675
21048 20270
20613 20861
19745 20970
21136 20114
20179 20960
20692 20710
20949 20283
20874 20444
20342 20929
21051 20246
20771 20497
20603 20824
20712 20620
20466 20907
21135 20154
20185 20937
20842 20485
20747 20598
20551 20832
20874 20444
20995 20257
20479 20868
20995 20257
20747 20598
20479 20868
20541 20865
21135 20154
20603 20824
20541 20865
20179 20960
20015 20938
21039 20010
20328 20926
20837 20280
20455 20893
20981 20250
20723 20577
20835 20427
20607 20692
21003 20129
20592 20819
20767 20484
20554 20823
21024 20091
20691 20659
20688 20688
20802 20480
20554 20823
20802 20480
20309 20894
21019 19821
20994 19976
20685 20669
20338 20888
20690 20537
20568 20699
20438 20837
20739 20484
20753 20432
20878 20224
20799 20395
20942 20118
20972 20085
20687 20617
20490 20820
20540 20756
20930 20177
20820 20237
20813 20303
20446 20829
20800 20339
20551 20714
20972 20085
20820 20237
20513 20791
20905 20195
20513 20791
20905 20195
20808 20315
20564 20704
20438 20837
20564 20704
20568 20699
20272 20894
20966 19865
20796 20327
20866 20223
20922 20100
20730 20460
20379 20819
20468 20758
20305 20848
20556 20681
20696 20475
20636 20667
20453 20816
20647 20560
20556 20681
20914 20175
20914 20175
20922 20100
20646 20644
20647 20560
20463 20784
20722 20474
20646 20644
20722 20474
20268 20880
20901 20074
20384 20790
20619 20607
20806 20144
20729 20442
20776 20275
20684 20465
20828 20075
20776 20275
20510 20672
20419 20755
20454 20737
20512 20652
20578 20632
20684 20465
20729 20442
20583 20619
20454 20737
19720 20877
20885 19908
20089 20855
20600 20551
20726 20437
20771 20250
20804 20096
20511 20604
20771 20250
20877 20013
20664 20438
20303 20790
20196 20833
20495 20654
20405 20717
20837 20043
20439 20696
20203 20791
20375 20769
20375 20769
20664 20438
20813 20075
20439 20696
20203 20791
20821 20060
20821 20060
19897 20852
20843 19770
20702 20417
20797 19834
20109 20831
20561 20515
20339 20760
20432 20668
19978 20850
20222 20784
20736 20246
20796 20068
20723 20344
20279 20778
20503 20604
20482 20645
20752 20140
20843 19770
20784 20075
20523 20540
20767 20130
20532 20537
20752 20140
20767 20130
20796 20068
20523 20540
19619 20843
19619 20843
20791 19830
19957 20795
20130 20746
20706 20270
20781 20071
20460 20623
20327 20727
20640 20386
20746 20133
20327 20727
20693 20345
20482 20622
20483 20489
20539 20419
20766 20127
20521 20449
20781 20071
20539 20419
20493 20464
20483 20489
20493 20464
19721 20762
20781 19515
20727 20039
20734 19659
20716 20114
20270 20658
20118 20730
20465 20615
20682 20342
19919 20736
20585 20369
19919 20736
20253 20678
20734 19659
20781 19515
20127 20707
20465 20615
20474 20484
20682 20342
20538 20416
20513 20424
20727 20039
20486 20448
20127 20707
20474 20484
20479 20457
20479 20457
19854 20734
20695 20070
20447 20596
20682 20265
20500 20409
20656 20339
20206 20638
20071 20680
20151 20651
20071 20680
20531 20404
20531 20404
20206 20638
19544 20715
20667 19945
20662 20242
20667 19945
19860 20654
20123 20641
20134 20621
20401 20586
20441 20478
19771 20678
20437 20584
20496 20362
20468 20401
20582 20303
19771 20678
20593 20274
20627 20250
20530 20322
20468 20401
20530 20322
20134 20621
20401 20586
20132 20608
20661 20094
20460 20379
20370 20562
20618 20241
20413 20535
20646 20121
20584 20269
20584 20269
20370 20562
20413 20535
20324 20562
20654 19807
20443 20321
20646 19913
20618 20174
20536 20259
20536 20259
20611 20184
20329 20506
20400 20409
20374 20481
20654 19807
20399 20437
20375 20447
20374 20481
20375 20447
20400 20409
20611 20184
20295 20549
20616 19930
20435 20295
20589 20174
20373 20392
20349 20470
20600 19967
20589 20174
19877 20530
20560 20142
20560 20142
20161 20523
20388 20189
20300 20379
20296 20396
20551 20167
19923 20518
20552 20064
20552 20064
20264 20330
20127 20383
20233 20374
19444 20460
20551 19995
19995 20293
20247 20235
20358 20005
19371 20369
20496 19368
20443 19934
19814 20231
20208 20046
20096 20176
20200 20170
20104 20171
20262 19816
20400 19749
20275 19743
20349 19418
20399 21788
21462 20840
20592 21285
21294 21171
21003 21244
20876 21247
20347 21508
20347 21508
21414 20809
20645 21244
20373 21396
21273 21049
20991 21232
21281 20819
21058 21074
21058 21074
20991 21232
20335 21347
21354 20602
21150 21038
20926 21188
20529 21203
20935 21119
21197 20785
21251 20768
20411 21237
20356 21260
20529 21203
21251 20768
21197 20785
20926 21188
20224 21273
21332 20372
20939 20983
21222 20752
20612 21182
20916 21160
21251 20581
20334 21183
21274 20457
21240 20724
20323 21238
20920 21105
20918 21126
20918 21126
20179 21263
21312 20078
21291 20277
20546 21173
20932 20841
20299 21218
21095 20740
20814 20941
20742 21141
21251 20571
21188 20694
20788 21061
21238 20606
21210 20680
20765 21069
21251 20571
20128 21228
21264 20118
21240 20512
21093 20694
20468 21161
20919 20803
21182 20642
20575 21126
20741 21038
20762 20838
20914 20834
21232 20551
20468 21161
20750 20909
20630 21051
20630 21051
20750 20909
21232 20551
20023 21197
20023 21197
21235 20058
21219 20406
20345 21148
21036 20496
21197 20416
20918 20733
20741 20872
20967 20630
20345 21148
20490 21097
20767 20779
20717 20993
20627 21016
20560 21068
20840 20771
21031 20584
20592 21019
20731 20945
20982 20605
20875 20761
20728 20963
20522 21091
20875 20761
21007 20588
20490 21097
20522 21091
20767 20779
21219 20406
21007 20588
20731 20945
19947 21173
21219 19867
21218 20348
20239 21066
20077 21127
20536 21061
21115 20393
20559 20994
20832 20766
20737 20843
20991 20459
20988 20566
20680 20980
20694 20961
20731 20869
20927 20618
20908 20714
20967 20616
20991 20459
20847 20737
20898 20725
19613 21152
21215 19885
20965 20544
20046 21086
21184 20146
20504 21055
19979 21088
20828 20751
20731 20862
21056 20338
20828 20751
21163 20245
20564 20964
21145 20290
20504 21055
20570 20955
20639 20905
20639 20905
21067 20312
19979 21088
21066 20329
20012 21067
20012 21067
21207 19813
20476 21052
21034 20237
21104 19841
20801 20732
20873 20529
20952 20417
20557 20941
20992 20314
20491 21030
20926 20512
20613 20892
21104 19841
21207 19813
20696 20768
20698 20738
20632 20837
20641 20803
21011 20255
20873 20529
20635 20806
21011 20255
21034 20237
20476 21052
20698 20738
19933 21067
19933 21067
21121 19707
21007 20118
20338 21027
21087 19782
20794 20714
20855 20518
20595 20864
20649 20722
20934 20363
20479 20901
20967 20233
20967 20233
20423 20973
20608 20762
20871 20473
20889 20449
20469 20938
20374 20989
20794 20714
20374 20989
20907 20407
20638 20760
20477 20929
20930 20397
20638 20760
20907 20407
20930 20397
20469 20938
20280 20984
21032 19343
21010 19584
20515 20825
20993 20112
20726 20707
20457 20932
20873 20437
20338 20938
20787 20643
20934 20297
20964 20150
20893 20330
20783 20681
20888 20395
20728 20682
20934 20297
20964 20150
20786 20652
20051 20978
20943 20120
20545 20683
20434 20880
20787 20541
20834 20374
20247 20910
20887 20369
20368 20882
20654 20667
20766 20595
20905 20232
20247 20910
20718 20662
20918 20213
20834 20374
19887 20967
20883 20181
20677 20654
20421 20864
20200 20897
20805 20347
20743 20480
20421 20864
20305 20877
20717 20564
20873 20323
20200 20897
20736 20513
20845 20337
20845 20337
19627 20955
19627 20955
20860 20101
20142 20889
20374 20690
20669 20642
20695 20426
20859 20212
20300 20829
20735 20402
20825 20298
20676 20574
20343 20743
20245 20874
20142 20889
20268 20861
20676 20574
20853 20289
20343 20743
20735 20402
20825 20298
20853 20289
20000 20867
20000 20867
20855 19264
20839 19946
20831 20197
20209 20842
20726 20290
20364 20650
20665 20482
20305 20731
20244 20829
20472 20626
20835 19977
20684 20296
20558 20610
20317 20672
20478 20621
20589 20578
20652 20553
20653 20538
20572 20580
20684 20296
20209 20842
20835 19977
19653 20865
19653 20865
20798 19690
20717 20288
20782 20022
20062 20819
20617 20553
20761 20149
19833 20838
20542 20592
19833 20838
20223 20757
20310 20672
20346 20615
20155 20770
20430 20597
20617 20553
20310 20672
20155 20770
20218 20760
20410 20613
20410 20613
20430 20597
20218 20760
20223 20757
19904 20787
20793 19430
20754 20037
20793 19430
20259 20619
19962 20751
20177 20747
20716 20253
20607 20500
20394 20573
20721 20092
20532 20569
20394 20573
20505 20572
20608 20410
20635 20274
20178 20728
19962 20751
20212 20663
20212 20663
20614 20366
20750 20069
20615 20315
20635 20274
20615 20315
20505 20572
20532 20569
20754 20037
20735 20084
20735 20084
20177 20747
19755 20775
20780 19297
20748 19710
20707 20183
20086 20735
20218 20617
20404 20564
20590 20465
20607 20334
20486 20554
20173 20732
20510 20492
20634 20212
20624 20269
20173 20732
20404 20564
20510 20492
20629 20236
20634 20212
19704 20763
19704 20763
20741 18810
20704 19575
20741 18810
20083 20727
20700 20068
20583 20464
20181 20607
20358 20559
20482 20536
20466 20544
20605 20267
20695 20181
20605 20267
20167 20620
20358 20559
20112 20702
20695 20181
20112 20702
20101 20698
20101 20698
20694 20130
20171 20596
20374 20536
20655 20175
20548 20443
20555 20275
20465 20513
20548 20443
20584 20218
20574 20230
20397 20529
20465 20513
20555 20275
20374 20536
20397 20529
19819 20675
20689 19716
19967 20534
20374 20512
20609 20142
20537 20400
20673 20031
19959 20645
19857 20673
20441 20433
20676 19834
20674 19871
20630 20122
20537 20400
20432 20462
20627 20140
20674 19871
20432 20462
19917 20596
20682 19564
20252 20472
20512 20389
20617 19993
20667 19802
20429 20452
20628 19941
20441 20422
20647 19851
20629 19862
20441 20422
20629 19862
19859 20553
20682 19164
20473 20368
20643 19745
20518 19845
20163 20440
20199 20438
19646 20425
20632 19019
20632 19019
20478 19769
19950 20342
20394 20248
20142 20315
20493 19458
20585 19261
20559 19422
20615 19068
20263 20268
20235 20275
19749 20280
20586 18811
20459 19747
20169 20273
20352 20234
20453 19762
20101 20250
20452 19022
20350 20181
20446 19582
19058 20173
20367 19436
20207 20141
20334 19908
20254 19958
20246 20101
20205 19877
20165 19753
19948 19611
20227 21690
21442 21266
21172 21523
20282 21663
21101 21460
21101 21460
21411 20143
21292 21068
21394 20813
21040 21435
21391 20626
21280 20721
21134 21065
21266 21006
21348 20696
21150 21055
21246 21047
21134 21065
21280 20721
21246 21047
20695 21417
21307 20600
21307 20600
21023 21242
21224 21039
20937 21410
21235 20898
21276 20698
21252 20759
21252 20759
20887 21380
21291 20424
20984 21016
20935 21345
21107 20967
21206 20791
21245 20629
21170 20844
21125 20880
21267 20562
20984 21016
21266 20609
20786 21365
21247 20536
21083 20956
20951 20979
20934 21264
20891 21332
21166 20752
21166 20752
21179 20690
21179 20690
20891 21332
20934 21264
20670 21340
21222 20271
21222 20271
20927 20956
21119 20421
20908 21239
20801 21324
20942 20742
21090 20508
21075 20670
20881 21323
21016 20692
20978 20717
20996 20714
21005 20695
20440 21339
21117 19778
20776 21314
21094 20061
21090 20398
20873 21232
20939 20707
21117 19778
21067 20615
21011 20688
20787 21270
20881 20813
20878 21011
20878 21011
20881 20813
21058 20655
20776 21314
20726 21301
21090 19180
21081 20038
20729 21057
21061 20422
20968 20617
21041 20585
20863 20892
20814 21007
20925 20652
20925 20652
20862 20918
20819 21004
20819 21004
20639 21298
21037 20091
20739 20999
20696 21271
20861 20664
21027 20370
20833 20814
21013 20541
20802 20982
20945 20576
20947 20575
20802 20982
21013 20541
20254 21285
21024 20124
20662 21137
20817 20806
20309 21202
21013 20141
21007 20487
20710 20984
20502 21143
20832 20555
20465 21174
20832 20555
20973 20537
20773 20943
20796 20939
21002 20513
20465 21174
20973 20537
20796 20939
21024 20124
20111 21241
21000 20028
20536 21131
20193 21212
20998 20386
20658 21075
20752 20934
21000 20028
20859 20527
20811 20743
20580 21115
20796 20898
20815 20646
20193 21212
20964 20476
20966 20429
20815 20646
20924 20511
20796 20898
20924 20511
19823 21202
19823 21202
20997 20304
20787 20840
20073 21138
20801 20596
20450 21099
20051 21195
20564 21029
20681 20928
20309 21112
20805 20575
20911 20463
20780 20878
20309 21112
20646 21001
20953 20380
20646 21001
20928 20415
20971 20332
20911 20463
20944 20407
20972 20314
20805 20575
20972 20314
19634 21181
20993 20045
20296 21101
20755 20865
20627 20936
20515 20988
20797 20448
20950 20370
20775 20671
20379 21045
20988 20177
20925 20377
20988 20177
20790 20564
20355 21088
20786 20649
20790 20564
20308 21096
20778 20650
20308 21096
19929 21069
20973 20150
20708 20861
20200 20995
20103 21006
20757 20659
20474 20979
20781 20390
20757 20659
20616 20907
20564 20925
20866 20280
20834 20312
20491 20965
20934 20236
20973 20150
20934 20236
20794 20358
20791 20380
20781 20390
20794 20358
19624 21024
20932 19851
19773 20999
20039 20993
20685 20849
20749 20364
20687 20676
20918 20052
20812 20310
20383 20944
20746 20551
20195 20957
20927 19979
20896 20236
20464 20940
20499 20863
20734 20607
20169 20992
20896 20236
20499 20863
19900 20968
20882 20231
19969 20934
20374 20927
20734 20499
20665 20744
20482 20844
20738 20311
20698 20591
20675 20640
20410 20867
20662 20826
20629 20837
20735 20401
20765 20233
20735 20401
20765 20233
20374 20927
20629 20837
19620 20953
20842 20010
20842 20010
20373 20918
20840 20231
20715 20376
20574 20778
20451 20839
20733 20308
20690 20578
20665 20701
20690 20578
20665 20701
19540 20934
19540 20934
20837 19056
20026 20902
20822 19929
19607 20926
20325 20899
20689 20560
20715 20264
20793 19975
20776 20219
20570 20615
20539 20745
20639 20602
20434 20807
20334 20881
20410 20814
20539 20745
20743 20221
20743 20221
20410 20814
20434 20807
20334 20881
20247 20886
20820 19901
20684 20313
20775 20169
20775 20169
20680 20494
20652 20525
20270 20821
20361 20802
20525 20652
20481 20728
20408 20757
20592 20590
20592 20590
20389 20791
20524 20701
20512 20712
20262 20867
20248 20882
20262 20867
20512 20712
19854 20879
19854 20879
20767 20058
20026 20875
20488 20712
20578 20563
20216 20779
20298 20749
20488 20712
20644 20403
20103 20793
20680 20280
20710 20152
20091 20823
20598 20489
20298 20749
20677 20381
20680 20280
20578 20563
20598 20489
20710 20152
20726 20078
20726 20078
20767 20058
20670 20392
20677 20381
19628 20876
20716 20078
19978 20844
20457 20693
20673 20330
20293 20710
20215 20740
20650 20331
20596 20457
20499 20558
20215 20740
20552 20552
20586 20465
20499 20558
19557 20869
19557 20869
20710 19825
20127 20731
19841 20838
19943 20823
20660 20297
20669 20074
20553 20397
20388 20654
20271 20701
20669 20074
20677 19907
20309 20687
20449 20626
20541 20491
20677 19907
20482 20547
20579 20330
20579 20330
20645 20316
20455 20590
20534 20492
20516 20531
20287 20696
20455 20590
20645 20316
20500 20533
20516 20531
20500 20533
19826 20767
19826 20767
20671 19862
20308 20634
20144 20656
20659 20097
20671 19862
20517 20314
19841 20740
20516 20482
20650 20227
20018 20730
20605 20266
20587 20311
20659 20097
20370 20581
20354 20617
20473 20542
20439 20574
20105 20677
20018 20730
20072 20716
20474 20502
20072 20716
20092 20688
20439 20574
20474 20502
20092 20688
19488 20759
19488 20759
20653 19913
19942 20712
20631 20146
20259 20631
20555 20310
20102 20672
20337 20605
20418 20510
20053 20705
20486 20415
20596 20251
20631 20146
20480 20473
20595 20260
20364 20545
20364 20545
20486 20415
20480 20473
19922 20686
19922 20686
20579 19526
20561 20253
20049 20625
20256 20606
20361 20517
20457 20443
20304 20545
20480 20428
20514 20290
20256 20606
20551 20284
20514 20290
20561 20253
20479 20435
20479 20435
20047 20606
20532 20213
20279 20486
20428 20402
20121 20605
20377 20437
20053 20547
20529 20154
20427 20365
20271 20413
20094 20473
20163 20452
20224 20430
19979 20514
20527 19799
20342 20333
20520 20136
20425 20174
20119 20442
20110 20449
19975 20430
20497 20020
20287 20264
20078 20283
19811 20376
20470 19696
20218 20252
20380 19811
20140 20239
20182 20179
19914 20211
20170 19896
20133 20118
20077 20102
20153 19163
20040 19935
20074 19902
19728 19616
21440 21773
21756 20990
21540 21315
21594 21274
20527 21648
21514 21302
21123 21498
21234 21495
21234 21495
20298 21454
21478 21258
21045 21311
20861 21390
20828 21449
21433 21275
20516 21444
21378 20790
21377 21237
20725 21418
20270 21442
21356 20166
21324 21087
21256 21211
20907 21217
20487 21333
20710 21320
20480 21422
20710 21320
20907 21217
20480 21422
19910 21361
19910 21361
21297 20096
21297 20096
21249 20580
21052 21210
20563 21234
21276 20207
21227 21052
20363 21350
20444 21328
21224 21071
21224 21071
20363 21350
20252 21342
21270 20138
21185 20957
21044 21205
21238 20309
20487 21213
20404 21276
20332 21277
19917 21302
21270 20108
21161 20606
21182 20293
20454 21204
20641 21188
20871 21168
20248 21268
20183 21283
21201 20182
20891 21041
19934 21295
20926 20977
21101 20884
21155 20734
21101 20884
21270 20108
21155 20734
21005 20936
21005 20936
19934 21295
19917 21274
21265 20100
21146 20474
21140 20669
20218 21181
20834 21016
19980 21228
21079 20877
21079 20877
20411 21150
20628 21132
21146 20474
20387 21165
20651 21091
20777 21078
20827 21038
20628 21132
20777 21078
20411 21150
19827 21222
21234 19911
21129 20427
20107 21151
20364 21145
21039 20867
21135 20059
21127 20636
21062 20680
20820 20904
20574 21098
21145 20046
20794 20996
20759 21019
20574 21098
20684 21054
20684 21054
20820 20904
20070 21142
20070 21142
21127 20365
21020 20839
20749 20946
20336 21116
21070 20548
20506 21054
20600 21001
21087 20474
21076 20489
20591 21021
20591 21021
19822 21114
21125 20182
21067 20433
21004 20754
20568 20989
20348 21045
21118 20267
20151 21104
20809 20820
20259 21072
20889 20803
20715 20887
21000 20784
20605 20897
20157 21098
21125 20182
20605 20897
20715 20887
19875 21102
21120 19953
20240 21004
20408 20975
20108 21092
20566 20958
20994 20493
20810 20789
20018 21099
21119 20147
20937 20765
20990 20604
20737 20808
21054 20295
20655 20835
20974 20670
20577 20877
21080 20245
21103 20150
21028 20409
20583 20839
21031 20374
21080 20245
20971 20734
20971 20734
21028 20409
21031 20374
21103 20150
19667 21078
21092 19344
21034 19888
19994 21063
21022 20336
21035 19583
20176 21004
20932 20701
20528 20954
20761 20758
20957 20549
20333 20962
20333 20962
20559 20908
20976 20484
20602 20817
20737 20763
20670 20778
20976 20484
20660 20780
20637 20816
20637 20816
19873 21051
21019 19589
20474 20948
20940 20333
20971 19940
20961 20075
20156 20953
20553 20830
20076 20965
20919 20606
20807 20697
20743 20706
20897 20635
20625 20743
20656 20741
20076 20965
20156 20953
20919 20606
20656 20741
19708 21028
19708 21028
20958 19279
19976 20960
20472 20933
20953 19920
20937 20322
20157 20937
20592 20708
20953 19920
20790 20690
20550 20795
20907 20602
20916 20372
20157 20937
20828 20633
19680 21025
20904 20494
20328 20929
20537 20756
19931 20952
20436 20883
20790 20582
20773 20679
20897 20570
19786 20960
20623 20690
20436 20883
20626 20688
19832 20957
20773 20679
19634 21016
20891 20061
20878 20400
20184 20916
19903 20945
20506 20739
19903 20945
20890 20184
20426 20827
20720 20615
20596 20682
20866 20511
20843 20560
20275 20899
20393 20859
20890 20184
20891 20061
20275 20899
20654 20664
20393 20859
20686 20643
20686 20643
20654 20664
20859 20546
20845 20549
20859 20546
20843 20560
19777 20913
19777 20913
20869 20021
20417 20798
20852 20400
20859 20102
20092 20910
20568 20676
20842 20430
20772 20532
20568 20676
20692 20606
20284 20806
20175 20898
20756 20535
20692 20606
20859 20102
20092 20910
20220 20847
20198 20852
20239 20812
20239 20812
20198 20852
20084 20906
20852 20024
20847 20269
20242 20803
20319 20794
20811 20362
20740 20494
20172 20875
20576 20590
20782 20424
20673 20580
20409 20768
20440 20662
20509 20616
20167 20876
20409 20768
20440 20662
20633 20587
20516 20611
20680 20496
20680 20496
20809 20415
20809 20415
19821 20858
19821 20858
20851 19876
20842 20138
19976 20827
20158 20823
20851 19876
20535 20590
20365 20727
20801 20285
20678 20309
20416 20640
20664 20351
20287 20784
20628 20491
20287 20784
20636 20453
20841 20265
20617 20571
20396 20677
20580 20576
20841 20265
20413 20659
20636 20453
20617 20571
19636 20831
19636 20831
20838 20247
19966 20809
20099 20781
20630 20335
20616 20525
20624 20406
20447 20572
20326 20667
20167 20717
20597 20553
20698 20285
20717 20282
20838 20247
20624 20406
20176 20707
20369 20624
20253 20686
20253 20686
20383 20617
20426 20589
20426 20589
20601 20537
20369 20624
20383 20617
20717 20282
19777 20796
19777 20796
20834 20138
20655 20280
20597 20535
20315 20658
20179 20684
20113 20716
20040 20779
20819 20215
20446 20569
20040 20779
20567 20548
20682 20256
20392 20572
20320 20582
20714 20225
20747 20218
20320 20582
20567 20548
20597 20535
19993 20740
20832 19794
20548 20500
20644 20242
20826 19963
20216 20609
20404 20566
20414 20558
20085 20654
20051 20674
20765 20190
20832 19794
20810 20139
20568 20422
20194 20631
20597 20398
20604 20275
20817 20037
20817 20037
20604 20275
20793 20173
20597 20398
20784 20186
20194 20631
20216 20609
20765 20190
20404 20566
19753 20739
20795 19680
20742 20179
20767 19964
20580 20297
20323 20562
20790 19726
19868 20712
20135 20598
20408 20532
20134 20626
19991 20699
20551 20363
20017 20672
20540 20439
20458 20497
20458 20497
20540 20439
20017 20672
20135 20598
19362 20732
19362 20732
20762 19357
19601 20673
20757 19842
20025 20618
20520 20330
20684 20178
20728 20106
20107 20580
20422 20377
20319 20521
20757 19842
20330 20503
20029 20608
19775 20560
20730 19799
20496 20200
20311 20500
20388 20344
20651 19995
20727 19977
20316 20469
20651 19995
20311 20500
20727 19977
19743 20555
20724 19857
20724 19857
20462 20072
20136 20468
20007 20479
20355 20300
20384 20288
20654 19939
20654 19939
20058 20451
20616 19874
20336 20174
20331 20243
20027 20406
20602 19242
20513 19796
20057 20336
20279 20027
20363 19833
20308 19968
19866 20203
20220 19962
19948 20146
19973 19951
20065 19945
19992 19818
19668 19736
21349 21702
21605 20577
21536 20976
21412 21583
21382 21667
21382 21667
21342 21603
21501 20784
21501 20784
21420 20852
21346 21212
21382 21005
20906 21574
21482 20458
21482 20458
21341 21563
21370 20840
21425 20740
21370 20840
20381 21568
21361 20677
21361 20677
21318 21292
21212 21397
20650 21436
20461 21492
20650 21436
20433 21483
20433 21483
21316 20710
20802 21326
20526 21347
21223 20901
20849 21121
21019 20955
20993 21095
21258 20734
21278 20720
21258 20734
20402 21413
21312 20687
20540 21307
20588 21139
21015 20935
21238 20720
20713 21105
20420 21387
21087 20879
21203 20870
20893 20974
20830 21049
21203 20870
20797 21078
21287 20694
20837 20978
20797 21078
20837 20978
20893 20974
20303 21362
21287 19939
21281 20581
21287 19939
21154 20615
20497 21205
20814 21023
20515 21202
20940 20933
20956 20885
20653 21081
21091 20820
20736 21043
21091 20820
21281 20581
20662 21073
20653 21081
20662 21073
20056 21170
21281 20558
21089 20583
20352 21107
21048 20777
20797 20998
20889 20823
20432 21023
20069 21161
20757 21020
20918 20812
20432 21023
20757 21020
20046 21152
21274 20318
21241 20476
20342 21035
21026 20697
20880 20810
20783 20984
20626 21011
20695 21009
20925 20723
20626 21011
20935 20715
20935 20715
19953 21125
19953 21125
21269 20047
21115 20474
20268 21024
21226 20339
21003 20512
20601 20977
20896 20704
20827 20808
21226 20339
20007 21035
20983 20644
20410 20994
20700 20962
20403 21004
20770 20830
20007 21035
20944 20664
20724 20908
20750 20889
20746 20898
20410 20994
19936 21116
21127 20104
20379 21003
21085 20453
21092 20339
20933 20617
20525 20962
20662 20907
20379 21003
20854 20636
20802 20788
20750 20863
20802 20788
20740 20877
20873 20627
19915 21115
21065 20420
20786 20785
20012 21002
20355 20977
21033 20441
20814 20628
20471 20935
20680 20789
20012 21002
20916 20531
20635 20891
20643 20884
20880 20594
20913 20552
20820 20608
20355 20977
20405 20949
20405 20949
21065 20420
20916 20531
19905 21106
19905 21106
21063 20316
20852 20577
20487 20883
20052 20955
20735 20660
20292 20948
20947 20420
21027 20349
20052 20955
20292 20948
20709 20752
20909 20518
20548 20863
20641 20818
20911 20460
20716 20706
20632 20836
19761 20980
19761 20980
21056 20018
20621 20828
20485 20862
20270 20906
19989 20954
20212 20938
20635 20624
19895 20977
20808 20575
20657 20605
21048 20101
20900 20482
20926 20393
21044 20174
21029 20232
20946 20291
20908 20412
20825 20514
20821 20537
20946 20291
20961 20237
20961 20237
20825 20514
20055 20931
21014 20188
20925 20380
21014 20188
20619 20696
20551 20806
20701 20548
20339 20836
20227 20899
20577 20742
20227 20899
20722 20531
20827 20473
20387 20807
20875 20403
20840 20452
20612 20699
20384 20815
20701 20548
20722 20531
20827 20473
20384 20815
20612 20699
20011 20923
21004 20005
20984 20086
20904 20321
20659 20530
20547 20781
20353 20814
20580 20697
20122 20889
20391 20792
20226 20887
20712 20514
20776 20398
20727 20451
20580 20697
20838 20391
21004 20005
20735 20420
20226 20887
20885 20351
20853 20360
20853 20360
19907 20921
19907 20921
20982 19683
20208 20877
20972 19943
20370 20791
20701 20510
20878 20204
20982 19683
20702 20377
20574 20512
20888 20017
20869 20309
20548 20655
20888 20017
20474 20757
20784 20363
20269 20805
20269 20805
20508 20730
20562 20615
20784 20363
20875 20280
20481 20736
20566 20564
20566 20564
20508 20730
20875 20280
20474 20757
20204 20858
20961 19931
20446 20750
20697 20488
20868 20255
20872 19987
20757 20349
20513 20616
20728 20363
20583 20505
20859 20295
20872 19987
20961 19931
20475 20704
20538 20560
20557 20527
20475 20704
20548 20553
20861 20280
20868 20255
19593 20855
20941 19916
20070 20840
20177 20835
20833 20268
20861 20060
20861 20060
20307 20738
20426 20726
20578 20500
20544 20537
20670 20407
20745 20338
20464 20648
20745 20338
20814 20287
20315 20729
20618 20451
20670 20407
20618 20451
20497 20569
20464 20648
20493 20613
20493 20613
20497 20569
20814 20287
20833 20268
20307 20738
20315 20729
19848 20837
19848 20837
20910 19636
20809 19844
20805 20078
20163 20810
20759 20285
19919 20829
20255 20734
20404 20695
20707 20322
20284 20699
20655 20380
20433 20643
20065 20826
20466 20583
20563 20463
20065 20826
20526 20509
20612 20417
20759 20285
20555 20493
20460 20586
20612 20417
20526 20509
20460 20586
19682 20805
19682 20805
20857 19242
20813 19514
20782 20023
20127 20785
20857 19242
20173 20724
20305 20678
20485 20496
20757 20146
20686 20277
20306 20646
20412 20556
20761 20068
20731 20238
20396 20624
20631 20378
20142 20741
20591 20405
20396 20624
20412 20556
20654 20326
20557 20418
20516 20444
20655 20321
20553 20442
20731 20238
20127 20785
20514 20476
20600 20382
20600 20382
20514 20476
20655 20321
19686 20719
20780 19995
20479 20494
20043 20671
20729 20113
20383 20611
20043 20671
20272 20665
20780 19995
20631 20372
20646 20247
20534 20398
20686 20198
20320 20616
20562 20396
20272 20665
20646 20247
20686 20198
20631 20372
20339 20614
20534 20398
20021 20666
20763 19784
20758 19967
20526 20398
20104 20629
20285 20616
20689 20109
20432 20491
20635 20238
20689 20109
20577 20323
20345 20522
20339 20560
20622 20288
20104 20629
20558 20394
20432 20491
20285 20616
20635 20238
20208 20570
20743 19868
20672 20051
20507 20353
20282 20528
20620 20269
20356 20456
20582 20282
20409 20389
20689 19971
20700 19949
20743 19868
20393 20438
20404 20427
20615 20278
20700 19949
20620 20269
20126 20543
20723 19847
20594 20234
20683 19970
20478 20352
20303 20452
20385 20430
20337 20450
19649 20458
20712 19841
19967 20434
20247 20423
20444 20339
20474 20188
20570 19904
20481 19990
20475 20055
20640 19850
19940 20403
20614 19812
20442 20239
20422 20308
20430 20299
19708 20402
20436 19813
19843 20386
20360 20303
20427 20175
20375 20244
20416 20194
19811 20334
20415 20178
20343 20276
20261 20276
20396 19951
20340 20162
20306 20235
20337 20173
20313 20070
19900 20035
20271 19951
19784 19770
20012 19715
