3 0.266909
20660 19812
20772 20990
20280 20625
21256 20398
20343 21468
20950 20979
20581 20497
21109 20343
20616 20970
20681 20501
20915 20341
21172 20846
19964 20828
21016 20684
21154 20062
21512 20388
20320 20851
20079 21325
20752 20994
21501 20745
21126 21445
20642 20378
20262 20653
20600 20516
20478 21425
20996 20483
20819 20536
20911 20001
19652 21047
21064 19872
20730 20585
20730 19514
20715 21031
20392 20745
20694 21188
20874 20923
20496 20576
20564 21012
20308 21260
21109 20343
20343 21468
20637 20520
20398 20607
20915 20341
20578 21160
21132 20388
20538 21083
20969 20871
20381 20636
21445 20700
20246 21063
21357 20020
20850 21202
20954 21040
20445 21190
21246 20246
20959 20710
20576 20511
20156 20685
20741 20287
19930 21074
20805 20531
20343 21049
20966 19518
19885 20785
20478 21425
20471 20492
20936 21060
20535 21184
20636 20414
21525 20753
20929 19756
21155 20733
20809 20697
20779 20776
20747 21167
20527 20686
20631 21097
20753 20535
20944 20473
20552 21119
21626 20759
20919 20862
21117 20663
20359 20698
20932 20866
20752 20680
20623 19814
20619 20865
20342 21045
20334 20560
21344 20764
20666 21232
21326 20162
20939 20541
21344 19312
21013 21078
20432 20793
20951 21320
20758 20326
20305 20759
20650 20378
20920 20597
20785 20322
20968 21075
21344 20764
20148 21063
20747 21167
19637 20830
21489 19781
20239 20885
21192 19804
20648 20895
21626 20759
19937 20983
20665 20472
19888 20738
20876 20696
20951 21320
20935 20276
20383 20939
20830 19983
20428 20812
21181 19958
20343 20681
21032 20135
21026 20893
20972 19963
20187 20961
20715 21031
21154 21064
20880 21052
21807 21525
20757 20705
21807 21525
20621 20319
20862 20739
20847 21432
20831 20339
20892 20062
20937 20665
21839 20751
20720 20590
20961 19781
20712 21110
20927 19858
20609 20748
21117 20663
20514 20735
20822 20904
21554 20998
20936 21060
20489 21082
21197 20923
20173 20923
20817 20134
19991 20761
20821 20746
20997 20213
21433 20318
20507 20939
20847 21432
19192 21123
20670 20094
20822 20946
20881 20314
20380 20982
21081 19669
19730 20636
21328 20585
20509 21248
21219 20228
20303 20494
21229 20764
20575 21179
21031 19986
20481 20761
20962 20500
20576 20479
20915 21080
19827 21140
21839 20751
21016 20684
20650 20266
20350 20784
20698 21023
20766 20282
21618 20524
20739 20876
21117 20368
20588 20845
21219 20228
19924 21210
20772 20318
20391 21106
20961 20580
20821 20746
20807 20428
20885 20906
20972 20135
20436 20885
20526 20308
20779 20778
21061 20491
20819 21393
20814 20462
21096 20391
21171 20467
20632 20944
20803 20631
20149 20762
21025 20945
20358 20556
20876 20003
20660 20709
21294 20971
20934 21027
21501 20745
20829 20646
21187 20013
20185 20729
20824 20544
20748 20505
21233 19805
20707 21335
20996 20483
21154 21064
20317 20997
20399 20762
20663 20887
20119 20884
21090 20047
20934 21027
20822 20696
20509 21248
21181 20993
20694 21188
20793 21197
20618 20650
20713 19588
19656 21073
20833 20606
20149 20762
21220 19955
20616 20680
21489 19781
21400 21122
20874 20923
20522 21224
20439 21257
21070 20861
20802 20240
19964 20828
20606 20821
20807 20393
20966 19518
20903 20731
20239 20885
20885 20906
21105 20333
20541 20872
20935 20289
20733 20438
21121 20489
19910 20554
20593 20956
20675 20894
20897 20249
19827 21140
21297 20798
21224 20682
20973 21056
20588 21080
20892 20907
20588 21046
20712 21110
19881 20997
20879 20604
20268 21024
20725 20652
20011 20545
21206 20776
20779 20778
20605 20457
19801 20773
20774 20867
21344 20743
21237 20051
20707 21335
20747 20681
20919 20862
20855 21000
20487 21125
20411 21194
21172 20344
21433 20318
20619 20865
20631 20516
20141 20747
20666 20497
20702 20756
21030 20622
21072 20717
20938 20193
20189 21084
21072 20927
19970 20672
21400 21122
20616 20680
20813 20289
21294 20971
20855 20865
20950 20979
20719 20611
20581 20497
20983 20851
19941 20690
20686 20301
20532 20432
20827 20653
20588 21080
20632 20944
20401 20758
20917 20162
20521 20795
21435 20889
20766 21251
21502 20590
21106 20919
21249 20774
20814 20741
20909 20453
21350 20801
21297 20798
20780 20939
20748 20205
20757 20705
21086 20694
20192 20810
21100 20081
20973 21056
20605 20514
20753 20535
20876 20845
20575 20600
20861 20652
20527 20457
21343 20677
20479 21360
21105 20333
21169 20401
20629 19688
21098 21248
20736 20715
20861 20652
20752 20627
20882 20990
20600 20901
20599 20548
20918 20542
20724 20927
20671 21296
21181 20993
21009 19902
20090 20853
21191 20684
20479 21360
20933 20513
20215 20681
20600 20901
21171 20467
21430 21054
20230 20530
21223 20378
21224 20682
20911 20440
20507 20939
20416 20618
21114 20701
20666 21232
20406 20673
20986 20238
20932 20866
20903 20339
20968 21075
20291 20996
20075 20964
20730 20585
20807 21048
20788 20540
20552 21340
21445 20700
20646 21013
20815 20210
20822 20946
20691 20319
20431 20553
20906 20548
21434 20970
20522 21224
19753 20808
20844 20655
20597 20764
21172 20846
20263 20964
20746 20723
20569 20894
20918 20198
19952 21029
21404 20146
20876 20845
20705 20032
20766 21251
20992 20617
20106 20828
20747 20681
20819 21393
20588 20845
19846 20824
20842 20009
20429 20749
20912 20634
20934 21149
20724 19913
20344 20758
20958 20517
20827 20653
20707 20340
20247 20590
20940 20346
20825 20424
20693 20401
21106 20919
20798 20464
20868 20733
21104 20696
21169 20401
20584 20725
21096 20391
20680 19734
20292 20630
20222 20865
21434 20970
21093 20601
20902 20685
21013 21078
21512 20388
21098 21248
20072 21139
21000 20516
20015 20650
20878 20802
21070 20861
21058 20144
20577 20683
20766 21098
