1222 81.1617
7569 8831 7257 7490
6894 7175 8012 8145
6900 7448 8403 7887
8121 8791 7554 6497
7638 8467 8358 7466
8109 8633 7856 7286
7138 7475 8719 7403
8035 8069 8406 8170
8401 8304 7576 6805
7857 8111 7539 6893
7248 8444 7131 7013
7185 8350 8333 7721
7453 7994 8710 7258
7720 8909 8259 7373
7574 7773 8630 8174
8373 8568 7913 7048
7883 7678 8000 8090
7453 7038 8150 8116
7814 7581 8464 7814
7320 7152 7885 8283
7762 6875 7966 7802
7454 8283 7826 7792
8191 8562 7968 7318
7942 8739 7909 7275
6952 6544 7755 7757
7842 7902 8003 7522
7787 7508 8286 8158
7585 8560 7471 6409
8439 8021 7710 6513
7456 7751 8668 7693
7373 8524 7832 7076
7793 8684 7613 7351
7980 8538 8094 7614
7153 6768 7919 7981
8120 8912 7879 7082
8121 8082 8620 7947
8110 8827 7989 7409
7261 6667 8046 7895
7741 7694 8665 7847
6958 7080 8409 7464
7615 8500 7992 7671
7819 7621 8544 8245
7604 7511 7932 8444
8104 8582 7814 7395
7493 7313 8685 7905
7638 8149 8844 7802
7771 8923 7742 6876
7710 8699 8394 7180
7369 6657 8028 7652
7692 8605 7550 7153
7413 8348 8353 7792
7540 8603 8435 7437
7741 7927 6988 6362
8266 7267 7967 7277
8004 8018 8253 8208
7215 8555 7958 7393
7509 8049 8853 7975
7711 8384 8555 7969
7796 7566 8300 8442
7755 7819 8104 8347
7840 7151 7820 7805
7799 7972 8400 8324
7945 7941 8414 7798
7659 8625 7340 7225
7626 8840 7773 7175
7004 8274 7717 6907
8443 8343 7807 6649
7636 8462 6902 6460
8550 8514 8241 7469
8106 7254 7713 7854
6918 6473 8235 7298
7598 7647 8290 8391
7560 8413 8734 7887
8003 7639 8444 7880
7908 8165 7805 6762
7263 8218 8837 7941
7434 8107 7093 7196
7700 8255 8049 6743
8259 8175 8514 7517
7390 7129 8401 7585
7741 8778 7378 7005
7750 7812 7648 7773
7699 9048 7702 6919
8038 7048 7575 7172
8105 7553 7934 8079
8073 8054 8801 7881
8109 8012 8376 8188
8351 8717 8092 7333
7453 8117 8967 7667
7169 8117 8936 7585
7796 7667 7356 6397
7573 8011 8830 7951
7716 7975 8814 7952
7665 8013 7726 7207
7781 7850 8880 8112
7978 7803 8349 8213
8011 7857 7965 7339
7475 8306 8760 7923
7809 7191 8252 7953
8428 7991 8433 7490
8222 8700 7985 7237
7692 7472 8537 8097
8181 7492 7227 6305
7683 8317 7929 7676
8397 7924 7760 7119
7451 8699 7685 6718
8014 8112 8706 8184
7270 7956 8866 7972
7946 8789 8067 7581
6706 7658 8653 7320
7222 7712 8408 8220
8476 8465 7997 6951
8543 8163 8257 7085
7757 7819 8871 8076
7920 7697 8640 7501
8138 8814 8119 7346
7492 8265 7976 7885
7873 8709 7978 7220
7348 7298 8388 8036
7485 7752 9035 7428
8233 8306 8576 7821
7844 7112 7196 5828
8273 7556 8124 7666
8392 7694 7878 7471
7511 8206 8760 7804
8489 7919 8317 7244
7628 8894 7821 7375
7708 9096 7631 7325
8091 7360 7955 7790
7422 7314 8758 7416
7922 7982 8461 8100
7758 9156 7714 7093
6880 7823 8386 7815
6811 6244 8125 7417
6711 8066 8001 7088
8490 8439 8140 7478
7648 8277 9057 7536
7612 8398 7187 7158
7911 8064 8932 7963
7696 8610 8062 7782
8390 8493 8310 7524
7711 6997 8086 7172
7671 8718 7561 6778
7848 7485 8573 8252
7459 7757 8765 8250
7484 8062 8526 8076
7945 8506 7782 7126
7389 8084 7806 7848
6683 6041 7773 7454
7555 8680 7729 6709
7633 8750 8188 7505
7414 8563 8541 6940
7386 7017 8263 7971
7835 8083 8402 8176
7515 7862 8568 8258
7733 7889 8435 8324
7577 7129 8108 7204
7591 7482 8848 7516
7814 8163 8850 7620
7856 8310 8522 7687
7315 8118 8761 7889
7580 8402 8854 7551
7237 8441 8777 7686
8249 8810 8162 7247
8077 8770 7695 6943
7177 8101 8875 7685
7645 8208 8596 7976
7305 8446 8670 7808
7852 8569 8645 7687
6823 7852 8551 7463
7734 8410 7545 7851
8084 8997 7742 7094
7471 8356 7230 7106
7733 7513 8759 7881
7458 8101 8906 7918
8543 8022 8533 7621
7920 8357 8558 7712
7191 7011 8515 7688
7665 7213 8434 8174
8121 7654 8173 7023
7869 7335 8580 7724
8364 7697 8213 7804
7145 8383 8292 7305
7592 8547 8394 7116
8313 8058 8699 7537
7069 6809 7929 8164
7008 7159 8400 7690
7686 8693 7516 6588
6864 7322 8792 7111
7296 8410 7969 7303
8025 8142 8635 7780
8570 8005 8141 7311
7697 7370 8520 8178
7649 8992 8165 7530
7348 8738 8033 7262
7803 8532 8394 7102
7993 7793 8461 7959
7013 8191 8508 6970
8427 8172 8370 7525
7608 8290 8684 7734
7980 8671 7688 7447
7523 8529 8230 7167
8126 8354 7706 7399
8181 8649 8108 7470
8258 8698 8100 7557
8151 7934 8763 7740
7468 6617 7345 7525
7160 7559 8329 6736
8369 7786 7491 6811
7282 6971 8383 7877
8463 8141 8559 7850
7900 8133 8563 7930
7963 8484 8445 7761
7357 7186 8206 7903
7819 8021 8919 8070
7786 8117 8409 8058
7924 7387 8247 7621
8342 8048 8320 7158
7188 6868 8065 8038
7859 7791 8576 7704
8021 9037 8052 7350
7148 8259 8439 6909
8353 8131 8465 7320
6972 7080 8213 7909
7480 7725 8998 7212
8030 8605 8498 7524
8056 8841 7724 7212
7715 8675 8040 7160
7989 8122 8491 7939
7563 7217 8249 8353
7911 8945 8176 7579
7903 8550 7316 6877
7277 8225 7788 6977
7582 8517 7620 6533
7944 8574 7373 6953
7603 8246 8595 6983
8198 7597 7909 7926
8126 8461 7663 7022
8207 8877 8130 7570
7900 8712 8469 7558
8051 7939 8781 8010
8580 8248 8134 7528
7710 7591 8727 7929
7434 7975 8996 7732
7531 7972 9020 7560
7859 7471 7984 8205
7712 7618 8433 7040
7578 8108 8484 6769
7475 6728 8072 7644
7708 8740 8163 7389
7801 7754 8291 8284
7974 8207 8292 7434
7385 8447 7476 6746
7758 8140 8404 7974
8125 8286 8334 8019
7971 8154 8594 8149
7398 7915 7781 7967
7831 7540 8499 8037
8353 8225 7336 6698
8562 8078 8381 7457
7826 8926 7847 6970
7910 8869 7546 7189
7363 7714 7939 8184
8138 8066 8456 8175
7582 8364 7867 6816
7638 8251 7405 6070
7176 8037 8877 7761
7730 8230 8666 8025
7974 7648 8320 7828
8154 7896 8488 7879
7262 8436 8064 7135
7272 8549 7283 7567
7128 8277 7844 7725
7305 7233 8204 8110
7393 8048 7977 7805
7483 8971 7778 7219
7502 7737 8307 8324
7672 8975 8054 7339
8198 7640 7358 6967
8164 8635 7824 7156
8135 8701 8198 7322
7563 7466 8761 7814
7840 7799 8597 8120
7722 8933 8247 7366
7274 7272 8007 8443
8023 9080 7931 7160
8284 7879 7935 7063
7686 8562 8135 7832
7989 8356 8276 7638
8373 8577 8466 7342
8135 7970 7662 6934
7283 8112 8494 7259
7313 7709 8696 7808
7577 8425 8483 7820
8194 8345 7617 6939
7323 7242 8700 7407
7583 7986 8693 8123
8069 9056 8060 7224
7958 8643 8176 7515
8005 8671 7273 6584
8256 8778 7988 7146
7983 8753 7650 6674
7541 8526 8547 7181
7154 8167 8923 7661
7028 7920 8829 7533
7688 6959 8035 7611
7284 7760 8768 6867
8160 8788 8121 7570
6928 7670 8526 7337
8213 7986 8540 8046
7841 9093 8063 7361
7586 8807 7287 6732
7339 8201 8785 7938
7661 8876 7664 6850
8288 7631 7523 7263
7193 7344 7739 8360
8065 7957 8458 8288
7804 9057 7986 7105
8060 8764 7918 7090
7556 8734 7365 6934
6848 6939 7995 8102
8154 7921 8512 8057
8291 8232 8682 7717
7897 8447 7547 6590
7601 7785 7853 7462
7580 8378 8403 7153
7881 8703 7859 6775
8438 7990 8428 7695
7190 7085 7823 8392
7893 8107 7816 8100
8474 7786 7982 7229
7314 7615 8566 7788
7135 7678 8844 7823
7271 8038 8480 7938
7773 9090 7613 7235
7915 8324 8383 6682
8104 8070 8153 8022
7868 8294 8483 7678
7638 8242 8053 7875
8142 8784 7638 6908
7828 7657 7734 7403
8312 7229 7800 7307
6861 8064 7451 7772
8177 8549 7512 6664
7470 7471 8841 7060
7407 8232 8960 7662
6980 7460 8495 7262
8072 8373 7246 6721
7755 8122 8195 7776
7988 7721 8358 7740
7840 8781 8350 7380
8092 8194 8832 7929
7671 8569 7420 6473
7943 8270 7878 8017
7741 7406 8572 7814
7225 7922 8884 7768
7741 8595 7974 7013
7254 7899 8481 6961
7748 8487 8643 7334
7978 7665 8278 6503
7312 8439 8693 7927
7974 8771 7650 7130
6956 7792 8066 7558
7668 8386 8708 7812
7531 8479 8783 7841
8050 8143 8417 7808
7883 8982 7808 7374
7851 7671 8903 7626
7315 8299 8778 7386
8012 7871 7322 7261
7533 8632 7385 6916
8124 8149 8414 8069
7661 7662 8493 8291
8061 8297 8266 7984
7172 7745 8923 7496
7234 8082 8140 7978
8144 7783 8803 7911
7770 8710 8449 7233
8268 7614 8289 7417
8150 8011 8692 7796
7853 8651 8182 7174
8065 8951 7949 7329
7918 7650 7377 7625
8322 7868 8460 7708
7684 8711 8215 7196
8393 7983 8654 7754
7965 8179 8656 7649
8178 7932 7362 6587
8154 8629 7425 6986
7362 7734 8991 7109
7435 7336 8625 7690
7789 8473 8425 7735
8277 7534 7686 7397
8674 7973 8083 7504
7754 8954 7990 7105
8084 7993 8448 8031
7124 7012 8089 7128
8128 8056 8812 8036
7369 8370 7332 6429
7573 8008 8797 7978
8192 8464 8385 7186
8228 8546 8336 7181
7098 6921 8538 7467
8131 8136 8703 7924
8213 7645 8620 7747
7486 7570 7859 7766
8085 8283 8026 7544
7824 7925 8416 8243
8231 8395 8124 7005
7766 7675 8697 8177
7724 7576 8862 8111
7437 8293 8816 7994
6902 7854 8846 7541
7872 7471 8363 8435
7876 8738 7774 7440
7899 7664 8529 8170
8526 8375 8388 7488
7664 7693 9049 7674
7661 7813 7534 6990
8040 7664 8366 8290
7239 7647 8560 7608
8195 8588 7972 7590
8251 7734 8317 7857
6619 7873 7955 7285
7037 8131 8719 7434
7507 8332 8332 7759
7416 8014 8724 8025
8049 7566 8188 7852
8099 8548 7967 7560
7212 7909 8660 7972
8005 8303 8677 7817
7547 8207 6827 6510
8081 8639 8100 7541
7591 8169 8639 7883
7660 7925 8892 7883
7614 7465 8252 7783
7998 8247 8711 7449
6822 6729 7879 7734
7856 8683 8463 7261
7888 7636 8991 7846
7540 7914 8729 8128
8323 8254 8603 7736
8122 7959 8249 8116
7002 7153 8565 6724
7222 8498 7546 7587
7892 8907 7874 7230
7177 8014 8872 7240
8214 8785 8052 7417
7920 8776 7791 7132
7056 8261 7929 6985
7819 7573 8405 8281
8070 7791 8759 7817
