14 0.680397
14806 15428 16386
15380 15341 16181
15590 15651 15843
15245 15695 15958
15377 15796 15818
15675 15411 15733
15408 15733 15902
15274 15813 15778
15451 15620 15927
15515 15241 16055
14666 14940 16487
15274 15813 15778
15675 15411 15733
14486 14959 16270
15431 15728 15807
14620 15473 16206
15562 15376 15528
15070 15480 15814
15358 15073 15945
15376 15616 15765
15158 15669 15805
15194 15426 15723
15469 14993 15544
15412 15551 15647
14672 15282 16190
15470 15663 15731
14515 14815 16207
15211 15554 15626
15476 15617 15849
15261 15710 15786
15298 15659 15460
15484 15269 15627
15374 15551 15810
15443 15726 15615
15163 15578 15848
15416 15462 15590
15388 15644 15723
15335 15727 15924
15392 15540 15606
15565 15310 15761
14332 14755 16268
15350 15191 15945
15430 15428 15801
15207 15712 15738
15166 15550 15639
15548 15690 15814
15378 15268 15694
15504 15081 15867
15332 15471 15645
15303 15035 15961
15546 15310 15674
15475 15703 15807
15330 15685 15715
15083 15377 15744
15468 15298 15659
15401 15663 15882
15265 15448 15702
14532 14862 16254
15357 15245 15796
15577 15293 15594
15367 15178 15867
15316 15255 15872
14297 14713 16212
15308 15470 15728
15027 15625 15770
15196 15731 15915
15362 15750 15692
15388 15679 15692
15254 15513 15400
15192 15647 15767
15213 15469 15654
15540 15559 15962
14438 14747 16203
14981 15455 16008
15345 15713 15884
15466 15198 15931
15434 15673 15735
15226 15612 15903
15358 15696 15743
15331 15293 16018
14686 15258 16099
15255 15072 15784
14606 14819 16119
14644 15400 16133
15149 15529 15882
15473 15385 15925
15237 15244 15627
15205 15556 15517
15359 15265 15546
15320 15630 15565
15385 15521 15708
14486 14834 16265
15143 15502 15598
15399 15615 15910
15405 15750 15568
15426 15583 15653
15191 15353 16012
15237 15565 15712
15272 15381 15761
15232 15706 15889
15502 15238 15775
15446 15681 15614
15417 15266 16180
14416 14813 16337
15390 15597 15822
15349 15191 15913
15224 15580 15515
15433 15505 15720
15277 15651 15949
15356 15240 15778
15360 15545 15728
14790 15344 16157
15268 15301 15683
15374 15279 15908
15282 15436 15583
15361 15756 15760
15343 15749 15747
15398 15598 15689
15480 15706 15937
15238 15499 15697
14396 14765 16331
15278 15513 15755
15179 15648 15728
15444 15160 15556
15343 15473 15656
15384 15212 15645
15407 15094 15701
14742 15408 16253
15078 15495 15702
15383 15751 15744
15279 15045 15776
15145 15318 15438
15397 15660 15936
15325 15356 16199
14586 14813 16216
15347 15600 15920
15238 15557 15735
15157 15430 15648
15416 15381 15601
15233 15462 15713
14342 14646 16167
15331 15682 15794
15135 15228 15430
14655 15443 16247
15316 15296 15992
15331 15630 15866
15205 15510 15560
15132 15538 15645
15124 15532 15758
15278 15195 15945
15358 15522 15640
15202 15704 15848
15062 15327 15609
15468 15399 15695
15371 15772 15719
15162 15191 15805
15540 15328 15804
15080 15459 15538
15220 15127 15966
15218 15001 16029
15124 15514 15767
14688 15329 16139
15382 15610 15790
15511 15286 15703
15481 15148 15996
15113 15451 15782
15331 15568 15836
15373 15463 16129
15492 15640 15828
14695 14949 16362
15299 15736 15735
14463 14889 16270
15370 15161 15992
15375 15742 15694
15416 15666 15801
15338 15597 15788
15543 15681 15666
15206 15759 15706
14562 14791 16212
14550 14829 16197
15465 15220 16050
14432 15304 15959
14245 14801 15973
15360 15050 15662
15340 15617 15570
15246 15492 15605
15385 15343 16009
15308 15460 15642
15361 15478 15782
14410 14991 16430
15418 15216 16051
15313 15525 15801
15235 15643 15626
14698 15270 16228
15087 15528 15686
15421 15303 15789
15234 15734 15660
15672 15330 15731
15351 15108 15798
15502 15711 15806
15438 15252 16142
15297 15573 15785
15363 15573 15596
15327 15612 15810
15201 15086 15861
15256 15609 15749
15584 15358 15539
14767 15397 16071
15201 15575 15552
15109 15395 15681
15314 15531 15618
14635 14793 16301
15496 15237 15820
14512 14804 16271
15308 15722 15778
15398 15299 16025
15483 15707 15929
14435 14814 16098
15241 15649 15797
15408 15157 15771
15249 15597 15895
15603 15481 15791
15347 15678 15687
15128 15138 16113
15520 15167 16064
15545 15613 15800
15113 15546 15885
15487 15234 15787
15319 15136 15729
15284 15733 15855
15363 15266 15599
15331 15493 15734
15236 15609 15647
14912 15286 15636
14450 15058 15878
15290 15268 16110
15196 15584 15892
15285 15565 15697
14690 14899 16208
15323 15588 15685
15403 15444 15635
15497 15212 15958
14688 14962 16420
15220 15683 15580
15223 15555 15680
14481 15248 15992
15303 15550 15809
15206 15508 15859
15273 15305 15604
15398 15755 15782
15558 15363 15670
14299 14986 16295
14463 14711 16223
15278 15757 15999
15280 15773 15839
14513 15034 16418
14343 15253 16048
15293 15353 15448
15405 15159 16092
15284 15607 15653
15244 15059 15746
15346 15640 15648
15231 15719 15595
15377 15645 15804
15052 15336 15430
15314 15169 15809
15203 14988 15776
15494 15125 15871
15190 15213 16076
15142 15496 15701
15404 15674 15689
15206 15546 15793
15530 15527 16201
15453 15284 15605
15380 15233 15594
14474 14765 16197
14536 14857 16279
15351 15599 15805
15278 15349 16106
14671 15168 16102
15169 15614 15989
14605 14940 16297
15410 15314 16010
14583 14976 16242
14571 15325 16192
15336 15293 16125
15301 15675 15643
15545 15292 16071
15372 15364 15686
15390 15528 15627
15105 15572 15826
14454 14842 16147
15261 15500 15752
15229 15151 16096
15565 15356 15755
15352 15472 15713
15354 15569 15537
15277 15709 15709
14906 15224 16211
14534 14821 16347
15265 15188 15951
15244 15643 15605
15352 15630 15708
15420 15266 15677
15354 15314 15756
14570 14868 16282
15301 15169 15934
15287 15802 15769
15461 15472 15756
15256 15193 15623
15266 15631 15870
15273 15293 16133
15367 15782 15870
15607 15370 15775
15177 15624 15941
15313 15615 15646
15097 15542 15599
14687 15312 16168
15400 15401 15724
15545 15289 15973
15552 15644 15722
15222 15702 15707
15386 15320 15770
15441 15399 15822
15327 15576 15558
15471 15595 15841
15388 15226 15925
14798 15416 16154
15189 15619 15778
15096 15486 15739
14559 15295 16093
15062 15529 15952
15507 15306 15894
15142 15063 16027
15263 15503 15725
15089 15610 15797
15154 15494 15628
14522 14914 16202
14583 15305 16076
15293 15579 15806
14290 14831 16128
15322 15715 15839
15330 15763 15876
15569 15765 15782
15307 15645 15659
15274 15328 15762
14562 14897 16405
15526 15631 15833
15297 15647 15710
15407 15933 15712
15300 15609 15876
15222 14982 15774
15436 15246 15645
15325 15571 15878
15279 15553 15836
15449 15267 15675
15387 15503 15769
15012 15541 15710
14616 15354 16261
15426 15604 15724
15477 15326 15637
15207 15363 15503
15494 15146 15469
15326 15667 15792
15389 15164 15841
15262 15525 15744
15455 15264 15682
15427 15844 15961
15343 15549 15833
15325 15652 15749
15488 15273 15935
15207 15462 15739
15277 15404 15517
14608 15362 16069
15402 15698 15583
15293 15504 15743
15180 15479 15737
15312 15440 15783
15477 15342 15673
15342 15517 15882
15363 15228 15746
14555 15149 16010
15450 15373 15731
15298 15235 15899
15315 15187 15880
15345 15665 15634
15161 15740 15858
15034 15374 15867
15304 15486 15755
15423 15234 15646
15227 15701 15868
15286 15559 15677
15299 14956 15770
15309 15266 15823
14728 15252 16153
15657 15401 15783
15340 15375 15630
14880 15264 15835
15516 15308 15876
15463 15647 15782
15234 15670 15784
15488 15365 16162
15526 15174 15761
15443 15561 15865
15566 15241 15679
15256 15698 15929
15371 15498 15715
15276 15405 15678
15227 15581 15497
15351 15679 15678
15314 15338 15747
15452 15434 15828
15321 14905 15808
15196 15576 15829
15391 15116 15841
15236 15806 15713
15205 15648 15557
15089 15534 15585
14958 15410 15478
15368 15219 15892
15594 15478 15581
15224 15579 15664
14430 14773 16282
15168 15499 15602
15361 15488 15617
14733 15122 16200
15381 15614 15769
15360 15116 15836
15208 15519 15641
15114 15082 15864
15406 15282 15571
14577 15304 16224
15216 15519 15545
15350 15439 15658
15247 15502 15622
14774 15370 16282
15381 15229 16060
15144 15458 15611
15375 15715 15755
15511 15370 15745
15346 15279 15740
15529 15751 15782
15395 15430 16086
15461 15648 15836
15318 15575 15672
15437 15784 15856
15447 15664 15986
15496 15544 15876
15567 15419 15809
15185 15205 15888
15142 15574 15741
15287 15565 15630
15408 15375 15884
14542 14796 16280
15240 15660 15683
15194 15540 15592
15322 15320 16031
15272 14981 15871
14515 14892 16152
15370 15717 15627
15327 15679 15911
15624 15271 15569
14542 14843 16290
14618 15295 16107
14621 15315 16137
14438 14949 16366
15039 15289 16035
15432 15613 15797
15320 15630 15639
15313 15468 15521
15447 15334 15775
15241 15510 15865
