1266 60.365
2954 3836 3617
3129 3182 3931
3221 4149 2855
3375 3146 3873
4045 3256 3211
2968 3893 3581
4035 3262 3228
3244 3170 3908
4008 3275 3276
3954 3598 3064
3909 3286 3456
3823 3737 3084
3142 3386 3897
3094 3518 3833
3759 3793 3234
3232 4129 2888
3686 3805 3333
3119 4133 3056
3781 3496 3534
3699 3494 3595
3650 3906 3282
3422 3405 3805
4018 3251 3251
3794 3653 3367
3268 4116 2862
3569 3917 3250
3835 3717 3129
3025 3664 3725
3296 4111 2978
3484 3979 3355
3430 3990 3321
3001 3836 3613
3968 3323 3423
3460 3486 3745
3359 3420 3789
3927 3619 3137
3239 3447 3845
3379 3338 3869
3993 3335 3318
3577 3543 3627
3161 4142 2992
3014 3669 3736
3474 3783 3519
3391 3999 3378
3597 3863 3416
3619 3880 3297
3505 3425 3714
3324 4096 2908
3227 4127 2968
3402 3954 3439
3041 3851 3599
3887 3685 3122
3530 3944 3382
3675 3575 3603
3977 3304 3355
3431 3197 3851
3944 3240 3432
3344 4023 3284
3077 3592 3784
3320 3563 3690
3050 3682 3719
3634 3367 3662
3724 3837 3143
3369 4008 3341
3209 3216 3921
3037 3728 3703
3766 3399 3562
3512 3237 3786
3408 3825 3542
3733 3856 3119
3196 3723 3658
3416 3632 3643
3289 4072 3161
3580 3871 3371
3203 3183 3930
3155 3608 3772
3600 3773 3435
3741 3815 3184
3711 3323 3649
3766 3557 3506
3437 3963 3386
3720 3821 3264
3310 3515 3780
3273 4014 3403
3163 4108 3044
3212 4144 2920
3279 4113 2937
3752 3833 3072
3807 3687 3349
3868 3531 3305
3712 3489 3575
3665 3759 3399
3234 4038 3276
3919 3389 3393
3134 3926 3555
3467 4041 3190
3562 3506 3673
3846 3678 3148
3066 4131 3108
3355 3207 3880
3375 3146 3873
3811 3798 3222
3448 3553 3632
3838 3349 3536
3593 3480 3680
3452 4071 3081
3333 4077 3032
3451 3311 3826
3252 3291 3885
3619 3974 3168
3565 3706 3495
3548 3522 3664
3384 3885 3447
3642 3587 3609
3989 3445 3198
3565 3639 3549
3658 3647 3491
3266 4121 2948
3342 3393 3853
3175 4098 3093
3440 3352 3813
3605 3753 3444
3525 3654 3526
3859 3553 3451
3587 3388 3756
3180 4142 2955
3250 3696 3686
3606 3673 3465
3551 3370 3766
3864 3376 3489
3174 4113 3005
3107 4128 3100
3312 4048 3203
3819 3460 3487
3883 3471 3337
3351 3461 3760
3322 4106 3019
3542 3934 3312
3878 3583 3291
3946 3617 3037
3624 3815 3347
3258 4086 3218
3493 3313 3811
3876 3248 3526
3232 3226 3914
3751 3212 3621
3743 3612 3457
3667 3578 3517
3126 3294 3906
3293 4058 3172
3002 3673 3735
3567 3702 3475
3373 4055 3112
3499 3298 3795
3661 3631 3486
3179 4145 2930
3188 3661 3717
3561 3674 3508
3266 4060 3201
3471 3938 3425
3315 3658 3710
3337 4092 3026
3069 3589 3798
3326 4087 3149
3682 3226 3663
3437 4017 3266
3501 3442 3701
3106 3929 3518
3132 3624 3773
3491 3473 3687
3541 3622 3630
3605 3354 3676
3323 3531 3768
3352 4083 3021
3599 3754 3473
3396 4089 3003
3221 4149 2855
3501 3442 3701
3341 3516 3675
3396 4089 3003
3221 4149 2855
3221 4149 2855
3221 4149 2855
3129 3454 3733
3172 3335 3756
3172 4071 2928
3284 4049 2926
3393 3280 3644
3627 3516 3396
3326 3832 3319
3350 3898 3209
3199 3989 3098
3302 3926 3153
3613 3435 3419
3565 3516 3491
3238 4016 2997
3257 3442 3672
3315 3392 3753
3355 3950 3041
3391 3638 3521
3360 3766 3376
3433 3733 3270
3214 3542 3696
3509 3674 3365
3159 3416 3705
3371 3753 3450
3332 3613 3592
3192 4019 2972
3416 3575 3625
3538 3304 3574
3304 3460 3638
3449 3711 3379
3402 3660 3479
3488 3547 3554
3436 3357 3642
3141 3669 3517
3277 4012 3028
3485 3717 3284
3442 3694 3445
3292 3971 2978
3520 3524 3482
3544 3583 3372
3155 3595 3619
3560 3553 3449
3498 3436 3584
3272 3959 3276
3483 3533 3616
3466 3550 3621
3476 3689 3379
3273 3496 3641
3300 4004 2958
3345 3968 2938
3536 3577 3473
3430 3577 3520
3300 4004 2958
3532 3669 3420
3345 3968 2938
3532 3669 3420
3273 3496 3641
3483 3549 3571
3300 4004 2958
3075 3557 3552
3184 3322 3716
3244 3974 2973
3290 3233 3674
3290 3950 2940
3560 3544 3436
3342 3723 3240
3398 3670 3255
3252 3886 3108
3086 3904 3086
3248 3754 3322
3260 3856 3248
3165 3968 2995
3460 3511 3562
3304 3701 3297
3225 3371 3668
3112 3614 3481
3274 3275 3624
3432 3528 3575
3476 3452 3600
3488 3536 3538
3319 3664 3310
3514 3641 3419
3134 3426 3689
3124 3335 3704
3517 3595 3371
3426 3542 3505
3156 3394 3699
3521 3589 3366
3532 3570 3438
3228 3402 3645
3280 3432 3615
3098 3410 3700
3244 3481 3633
3302 3646 3465
3560 3544 3436
3303 3740 3446
3086 3540 3510
3273 3587 3466
3251 3362 3694
3472 3571 3439
3512 3398 3466
3244 3481 3633
3560 3544 3436
3560 3544 3436
2971 3399 3659
3096 3320 3678
3129 3279 3639
3240 3968 2926
3521 3572 3152
3121 3921 2978
3206 3770 3014
3021 3761 3072
3268 3663 3316
3290 3708 3210
3065 3711 3198
3183 3331 3630
3214 3760 3163
3240 3968 2926
3335 3482 3570
3379 3415 3596
3382 3357 3579
3213 3463 3626
3456 3502 3501
3423 3541 3457
3101 3360 3647
3483 3609 3362
3196 3652 3363
3433 3600 3393
3308 3627 3346
3376 3532 3520
3293 3628 3194
3513 3553 3397
3261 3609 3418
3429 3527 3567
3459 3506 3473
3459 3571 3382
3376 3532 3520
3515 3520 3438
3304 3471 3572
3456 3568 3433
3096 3320 3678
3429 3620 3389
3425 3572 3401
3213 3660 3350
3459 3541 3436
3096 3320 3678
3096 3320 3678
3096 3320 3678
3096 3320 3678
3096 3320 3678
3096 3320 3678
3376 3532 3520
2966 3243 3643
3022 3848 2950
3494 3487 3345
3082 3724 3150
3208 3645 3326
3451 3590 3324
3292 3553 3432
3102 3319 3626
3454 3481 3403
3148 3385 3607
3317 3515 3478
3376 3487 3564
3427 3442 3511
3061 3329 3641
3396 3416 3539
3143 3342 3608
3137 3396 3592
3418 3526 3429
3132 3524 3528
3401 3564 3343
3413 3445 3474
3411 3483 3463
3385 3513 3533
3398 3497 3474
2891 3830 2798
3068 3295 3596
3426 3435 3479
3058 3702 2975
3158 3618 3223
3067 3628 3157
3012 3517 3434
3258 3335 3555
3096 3397 3553
3239 3581 3191
3054 3540 3397
3377 3579 3308
3394 3483 3408
3349 3564 3337
3209 3402 3543
3316 3438 3540
3038 3406 3547
3069 3509 3341
3375 3447 3538
3371 3487 3499
3387 3490 3188
3333 3506 3482
3336 3501 3403
3334 3485 3539
3047 3555 3217
3055 3623 3056
3177 3198 3544
3255 3067 3517
3390 3368 3367
3383 3293 3424
3114 3590 3182
3359 3482 3493
3277 3380 3500
3259 3512 3110
3228 3555 3149
3203 3476 3520
3236 3408 3527
2876 3464 3481
3105 3343 3513
3121 3473 3297
3121 3473 3297
3228 3289 3491
3291 3472 3442
3030 3381 3486
3134 3420 3462
3205 3412 3458
3247 3312 3445
3105 3343 3513
3115 3360 3503
3239 3359 3488
2946 3451 3327
3002 3389 3450
3190 3448 3122
3218 3286 3243
3163 3419 3435
3182 3442 3396
3137 3399 3308
3142 3363 3386
2954 3836 3617
3129 3182 3931
3221 4149 2855
3375 3146 3873
4045 3256 3211
3251 4125 2910
2968 3893 3581
3244 3170 3908
3221 4149 2855
3001 3836 3613
4008 3275 3276
3630 3493 3620
4018 3251 3251
3014 3669 3736
3598 3907 3297
3312 4113 2936
3084 3898 3563
3752 3833 3072
3296 4111 2978
3322 4106 3019
3628 3519 3594
3989 3445 3198
3261 3470 3810
3431 3197 3851
3927 3619 3137
3814 3705 3173
3269 3435 3836
3209 3216 3921
3638 3407 3693
3196 3723 3658
3909 3286 3456
3977 3304 3355
3041 3851 3599
3054 3674 3732
3451 3311 3826
3357 3352 3864
3835 3717 3129
3944 3240 3432
3106 3929 3518
3430 3990 3321
3710 3584 3557
3759 3793 3234
3868 3531 3305
3077 3592 3784
3232 3226 3914
3142 3386 3897
3344 4023 3284
3511 3752 3529
3846 3678 3148
3737 3524 3590
4035 3262 3228
3724 3837 3143
3566 3744 3463
3657 3717 3503
3246 3425 3843
3119 4133 3056
3794 3653 3367
3774 3762 3232
3266 4121 2948
3954 3598 3064
3212 4144 2920
3033 3684 3720
3066 4131 3108
3309 3563 3686
3369 4008 3341
3887 3685 3122
3705 3858 3245
3617 3647 3507
3686 3805 3333
3819 3460 3487
3399 3688 3570
3437 3963 3386
3682 3825 3362
3355 3207 3880
3619 3974 3168
3298 3448 3772
3367 3482 3724
3459 3371 3759
3337 4092 3026
3132 3956 3471
3876 3248 3526
3862 3418 3377
3603 3321 3710
3284 3551 3780
3396 4089 3003
3395 4031 3263
3452 4071 3081
3682 3226 3663
3578 3614 3625
3481 3543 3675
3495 3981 3184
3443 3408 3762
3134 3926 3555
3903 3664 3168
3999 3447 3159
3275 3774 3535
3252 3291 3885
3256 3813 3491
3147 3817 3579
3188 3661 3717
3665 3759 3399
3566 3922 3412
3965 3568 3101
3733 3856 3119
3405 4013 3271
3499 3298 3795
3417 3553 3704
3375 3146 3873
3302 4075 3048
3241 4129 3040
3601 3946 3208
3807 3687 3349
3170 3875 3450
3161 4142 2992
3416 3843 3446
3350 3632 3605
3486 3264 3798
3467 4041 3190
3701 3381 3631
3767 3777 3381
3823 3737 3084
3552 3363 3747
3180 4142 2955
3942 3639 3106
3673 3741 3401
3391 3999 3378
3173 4134 2961
3526 3391 3722
3600 3734 3419
3647 3983 3161
3386 3361 3818
3402 3954 3439
3538 3484 3713
3691 3902 3090
3384 3885 3447
3919 3389 3393
3970 3382 3292
3785 3522 3523
3921 3333 3429
3477 3627 3578
3471 3938 3425
3501 3342 3755
3355 4059 3193
3398 4042 3128
3953 3576 3090
3508 3984 3177
3474 3783 3519
3215 4101 3092
3811 3798 3222
3387 3803 3485
3572 3870 3313
3608 3641 3535
3538 3539 3632
3542 3934 3312
3202 4082 3228
3637 3868 3386
3332 4060 3107
3379 3338 3869
3567 3347 3748
3547 3538 3707
3850 3594 3406
3347 3605 3679
3795 3804 3096
3345 3367 3800
3258 4086 3218
3407 3568 3649
3423 3670 3539
3108 4135 3033
3552 3415 3680
3165 4136 2959
3349 4104 2990
3853 3640 3263
3582 3521 3677
3333 4077 3032
3431 3335 3779
3407 3568 3649
3526 3391 3722
3423 3670 3539
3221 4149 2855
3582 3521 3677
3221 4149 2855
3221 4149 2855
3221 4149 2855
3221 4149 2855
3221 4149 2855
3221 4149 2855
3112 4076 3045
3227 4127 2968
3276 4104 2935
3486 3284 3771
3594 3492 3617
3565 3297 3710
3443 3323 3760
3192 3680 3491
3450 3431 3660
3217 3961 3130
3469 3869 3256
3344 3996 3069
3512 3639 3408
3200 3857 3299
3468 3890 3189
3246 3804 3352
3480 3554 3568
3403 3504 3580
3435 3600 3524
3348 3893 3180
3316 4055 2944
3524 3601 3503
3392 3464 3641
3382 3923 2985
3485 3766 3327
3316 3731 3366
3287 3486 3698
3426 3603 3461
3310 3491 3693
3341 3929 3085
3251 3770 3304
3265 4062 2983
3480 3693 3400
3239 3605 3511
3437 3709 3343
3389 3615 3415
3358 3499 3596
3204 4074 3010
3252 4072 3011
3371 3563 3575
3341 3929 3085
3321 3464 3672
3286 3678 3434
3374 3727 3363
3282 3611 3435
3369 3496 3606
3321 3464 3672
3258 3611 3500
3422 3494 3579
3227 3704 3426
3347 3561 3663
3363 3705 3423
3286 3693 3427
3363 3705 3423
3422 3494 3579
3422 3494 3579
3363 3705 3423
3363 3705 3423
3098 3655 3406
3132 4105 2846
3285 3483 3673
3494 3305 3576
3543 3468 3389
3280 3891 3021
3412 3880 3157
3219 3826 3187
3437 3397 3636
3446 3344 3591
3188 4079 2915
3269 3757 3324
3520 3465 3441
3107 4100 2890
3306 3634 3407
3294 3711 3279
3207 3778 3234
3401 3595 3471
3342 3522 3547
3345 3419 3625
3146 4048 2980
3177 3972 3014
3452 3441 3541
3262 4018 2963
3333 3562 3522
3412 3742 3258
3385 3661 3356
3196 3938 3008
3251 3694 3375
3162 3801 3239
3293 3943 2962
3362 3469 3599
3511 3560 3467
3420 3584 3511
3236 4083 2895
3361 3701 3355
3132 4105 2846
3497 3485 3531
3483 3576 3467
3156 3651 3416
3239 4046 2972
3239 3971 3004
3428 3442 3592
3397 3645 3395
3290 3505 3596
3285 3820 3168
3267 3669 3392
3282 3789 3179
3408 3483 3596
3483 3576 3467
3256 3560 3630
3420 3647 3159
3483 3576 3467
3132 4105 2846
3054 3913 3014
3188 4083 2882
3198 4029 2848
3415 3368 3602
3482 3362 3476
3203 3976 2946
3310 3850 3044
3239 3933 2923
3333 3709 3248
3079 3950 2971
3478 3539 3164
3121 3757 3313
3103 3900 3004
3141 3638 3410
3179 3649 3381
3440 3501 3449
3460 3524 3428
3282 3862 3086
3313 3472 3547
3304 3851 3150
3382 3454 3488
3259 3857 3122
3362 3605 3308
3423 3435 3592
3368 3547 3369
3245 3862 3087
3168 3724 3320
3312 3410 3601
3403 3451 3543
3100 3732 3322
3194 4037 2968
3312 3631 3258
3271 3488 3515
3333 3586 3352
3337 3571 3332
3247 3578 3405
3121 3757 3313
3415 3509 3475
3260 3610 3328
3423 3435 3592
3247 3484 3542
3325 3564 3507
3180 3627 3325
3178 3720 3314
3272 3565 3497
3327 3513 3505
3351 3487 3507
3352 3570 3438
3359 3503 3490
3200 3581 3424
3195 3585 3444
3194 4037 2968
3423 3435 3592
3423 3435 3592
3423 3435 3592
3052 3834 3146
3135 4052 2786
3331 3373 3588
3400 3344 3554
3116 3590 3407
3278 3859 3018
3259 3859 3071
3364 3435 3373
3299 3578 3264
3259 3695 3171
3154 3554 3484
3211 3856 3079
3234 3774 3149
3214 3657 3222
3293 3486 3431
3352 3506 3379
3314 3637 3122
3269 3805 3122
3234 3557 3472
3280 3539 3501
3324 3421 3522
3264 3685 3130
3334 3543 3427
3322 3389 3540
3273 3405 3552
3363 3384 3573
3280 3380 3585
3066 3847 3037
3244 3759 2974
3397 3312 3554
3138 3796 3099
3096 3586 3384
3285 3436 3397
3222 3342 3529
3197 3552 3217
3121 3623 3205
3252 3517 3472
3221 3755 3058
3312 3464 3395
3334 3534 3388
3195 3615 3199
3221 3580 3171
3210 3842 2979
3249 3535 3442
3205 3758 3057
3036 3579 3244
3173 3634 3027
3173 3634 3027
3231 3517 3445
3262 3344 3248
3253 3476 3372
3040 3597 3173
3251 3508 3166
3203 3509 3398
3247 3417 3190
3221 3426 3388
3071 3503 3293
3199 3365 3395
3201 3494 3343
3165 3486 3365
3165 3486 3365
3165 3486 3365
3165 3486 3365
2954 3836 3617
3129 3182 3931
3221 4149 2855
3337 4106 2850
3375 3146 3873
4045 3256 3211
2968 3893 3581
3244 3170 3908
3354 4086 3010
3944 3240 3432
3226 4139 2903
4008 3275 3276
3296 4111 2978
3327 4094 3034
3955 3587 3073
3261 3470 3810
4026 3404 3239
3431 3197 3851
3132 3956 3471
3727 3543 3578
4035 3262 3228
3142 3386 3897
3106 3929 3518
4003 3424 3068
3761 3478 3562
3712 3357 3608
3209 3216 3921
3794 3653 3367
3755 3513 3551
3001 3836 3613
3838 3349 3536
3212 4144 2920
3582 3877 3257
3522 3604 3650
3344 4023 3284
3471 3938 3425
3638 3415 3645
3932 3497 3305
3370 4081 3042
3989 3445 3198
3037 3728 3703
3402 3488 3775
3269 3435 3836
3499 3298 3795
3451 3311 3826
3339 3524 3723
3176 3508 3833
3529 3704 3595
3823 3737 3084
3876 3248 3526
3025 3664 3725
3507 3989 3191
3774 3762 3232
3909 3286 3456
3196 3723 3658
3084 3898 3563
3691 3902 3090
3238 4130 2952
3384 3885 3447
3867 3708 3180
3607 3832 3442
3705 3693 3376
3457 3861 3497
3192 4138 2964
3216 4120 2996
3375 3146 3873
3308 3396 3868
3493 3313 3811
3119 4133 3056
3851 3454 3513
3050 3682 3719
3601 3749 3467
3993 3335 3318
3978 3338 3301
3968 3323 3423
3256 4047 3293
3807 3687 3349
3783 3656 3402
3919 3389 3393
3657 3717 3503
3369 4008 3341
3357 3352 3864
3662 3916 3106
3900 3372 3410
3155 3608 3772
3396 4056 3185
3422 3800 3506
3634 3593 3673
3408 3825 3542
4018 3251 3251
3882 3679 3153
3041 3851 3599
3675 3575 3603
3275 3642 3690
3665 3759 3399
3854 3435 3477
3014 3669 3736
3066 4131 3108
3566 3922 3412
3250 3696 3686
3002 3673 3735
3550 3999 3145
3751 3212 3621
3497 3785 3486
3577 3775 3534
3452 4071 3081
3682 3226 3663
3405 4013 3271
3587 3631 3588
3686 3805 3333
3188 3661 3717
3864 3376 3489
3733 3856 3119
3940 3384 3384
3927 3619 3137
3161 4142 2992
3619 3974 3168
3589 3842 3350
3542 3934 3312
3541 4000 3125
3252 3291 3885
3476 4011 3167
3419 4058 3130
3977 3304 3355
3564 3740 3570
3460 3486 3745
3603 3321 3710
3289 4039 3246
3847 3679 3217
3746 3255 3633
3069 3589 3798
3890 3591 3336
3077 4139 3061
3463 4035 2935
3817 3545 3464
3775 3507 3483
3647 3598 3565
3440 3573 3688
3107 4128 3100
3557 3816 3445
3326 3557 3763
3628 3840 3261
3282 4061 3222
3235 3368 3877
3623 3633 3574
3430 3990 3321
3232 3226 3914
3437 3963 3386
3649 3779 3454
3126 3294 3906
3573 3621 3604
3576 3966 3169
3113 4116 3121
3428 4044 3203
3321 3562 3742
3698 3646 3493
3463 4035 2935
3355 3207 3880
3484 3979 3355
3349 4104 2990
3812 3555 3466
3291 4102 3139
3342 3393 3853
3741 3815 3184
3315 4062 3148
3337 3564 3697
3230 3984 3460
3732 3647 3422
3632 3809 3448
3346 3611 3640
3482 3451 3756
3682 3825 3362
3226 4139 2903
3330 4065 3094
3424 3610 3636
3681 3668 3424
3482 3451 3756
3221 4149 2855
3330 4065 3094
3337 4106 2850
3337 4106 2850
3221 4149 2855
3221 4149 2855
3463 4035 2935
3221 4149 2855
3221 4149 2855
3221 4149 2855
3221 4149 2855
3221 4149 2855
3221 4149 2855
3221 4149 2855
3221 4149 2855
3221 4149 2855
3330 4065 3094
3330 4065 3094
3173 4134 2961
3191 3456 3708
3364 4074 2890
3720 3551 3423
3457 4005 3074
3612 3780 3317
3514 3457 3661
3472 3893 2995
3437 3835 3259
3318 3838 3189
3416 3735 3343
3203 4094 2997
3237 4105 2931
3337 3698 3534
3589 3549 3503
3530 3575 3602
3345 3589 3660
3449 3660 3411
3361 3630 3424
3263 4083 2977
3388 4051 3176
3357 3763 3462
3394 3882 3138
3573 3567 3526
3288 4061 3100
3580 3556 3558
3593 3730 3330
3540 3575 3470
3521 3794 3181
3240 4097 2893
3588 3879 3098
3471 3585 3398
3467 3588 3492
3296 4054 3160
3296 4073 2951
3296 4054 3160
3064 3894 3144
3169 4126 2944
3291 3503 3648
3335 4042 2863
3581 3393 3320
3654 3529 3316
3071 3583 3426
3392 3839 3070
3379 3497 3595
3416 3471 3570
3411 3943 3058
3512 3653 3237
3571 3513 3482
3437 3791 3170
3333 3898 3116
3529 3537 3514
3527 3564 3404
3322 4011 3079
3478 3623 3303
3483 3869 3035
3362 3740 3213
3305 3709 3370
3244 4054 2908
3446 3751 3160
3477 3783 3124
3298 4034 2998
3402 3626 3356
3374 3631 3271
3359 4004 2912
3198 4101 2895
3495 3472 3529
3368 3674 3235
3193 3632 3384
3375 3979 2976
3416 3965 2971
3493 3549 3538
3201 4093 2956
3560 3544 3436
3181 3534 3559
3225 4051 3036
3434 3776 3200
3212 4065 2969
3274 4061 2876
3313 3687 3368
3560 3544 3436
3481 3684 3199
3573 3767 3150
3299 3875 3153
3188 4058 2992
3219 3751 3313
3225 4079 2921
3225 4079 2921
3319 4040 2910
3274 4061 2876
3274 4061 2876
3313 4041 2971
3225 4079 2921
3560 3544 3436
3225 4079 2921
3225 4079 2921
3560 3544 3436
3560 3544 3436
3147 3860 3143
3200 4085 2945
3216 4050 2862
3288 3387 3617
3372 3258 3593
3548 3486 3418
3431 3437 3538
3155 3603 3371
3284 3818 3152
3422 3506 3496
3489 3743 3141
3459 3541 3436
3358 3919 2991
3365 3971 2919
3173 4040 3021
3307 3758 3031
3321 3993 2984
3250 3628 3309
3368 3669 3226
3478 3503 3447
3234 3843 3138
3232 3704 3326
3161 3706 3261
3285 3861 3069
3305 3642 3301
3249 3947 3070
3470 3399 3536
3208 4051 2942
3384 3574 3203
3249 3488 3517
3398 3629 3181
3395 3566 3275
3233 4014 2992
3314 3725 3196
3396 3694 3167
3236 3695 3281
3372 3754 3181
3312 4007 2961
3316 3947 3022
3366 3922 2968
3471 3856 2976
3313 3696 3206
3234 3997 2974
3014 3992 2970
3177 4065 2895
3277 3375 3530
3434 3340 3504
3483 3732 3112
3054 3495 3298
3306 3494 3463
3322 3640 3157
3401 3738 3132
3278 3847 3028
3124 3940 3049
3262 3557 3221
3183 3760 3139
3193 4062 2917
3208 3696 3285
3297 3510 3251
3158 3988 2991
3216 3910 3064
3220 3875 3046
3300 4004 2958
3239 3707 3188
3304 3901 3004
3265 3949 2983
3200 3740 3169
3299 3624 3191
3314 3716 3157
3252 3606 3244
3269 3937 2992
3252 3606 3244
3300 4004 2958
3252 3606 3244
3252 3606 3244
3300 4004 2958
3098 4002 2943
3152 4019 2862
3221 3335 3509
3296 3759 2820
3321 3731 3085
3205 3726 3105
3117 3485 3380
3230 3368 3468
3223 3842 3012
3253 3467 3390
3265 3923 2968
3161 3998 2937
3211 3980 2923
3127 4013 2877
3292 3995 2862
3107 3938 2981
3237 3926 2967
3257 3999 2831
3125 3932 2984
3221 3936 2932
3295 3933 2938
3000 3999 2908
3157 3630 3103
3179 3997 2784
3270 3841 2842
3178 3742 3005
3122 3955 2921
3186 3982 2857
3264 3931 2938
3164 3926 2963
3159 3981 2898
3167 3973 2915
2965 3661 2961
3094 3971 2845
3263 3921 2926
3130 3866 2954
3139 3951 2889
3128 3895 2942
3139 3951 2889
3099 3910 2908
3115 3941 2869
3125 3835 2933
3143 3920 2790
3248 3840 2842
3169 3856 2893
3241 3917 2855
3022 3893 2894
2954 3836 3617
3129 3182 3931
3221 4149 2855
3375 3146 3873
4045 3256 3211
3251 4125 2910
2968 3893 3581
3221 4149 2855
3944 3240 3432
3619 3974 3168
3142 3386 3897
3968 3323 3423
3835 3717 3129
3357 3352 3864
3321 3562 3742
3244 3170 3908
3507 3996 2993
3669 3342 3638
3890 3523 3374
3475 3272 3815
3853 3640 3263
3014 3669 3736
3312 4113 2936
3594 3537 3606
3794 3653 3367
3077 3592 3784
3037 3728 3703
3209 3216 3921
3819 3460 3487
3977 3304 3355
3864 3376 3489
3155 3608 3772
3069 3589 3798
3807 3687 3349
3986 3546 3234
4035 3262 3228
3001 3836 3613
3713 3705 3402
3954 3598 3064
3566 3922 3412
3927 3619 3137
3550 3401 3689
3354 4086 3010
3261 3470 3810
3163 3904 3559
3451 3311 3826
3176 3508 3833
3212 4144 2920
3776 3583 3506
3993 3335 3318
3296 4111 2978
3066 4131 3108
3232 3226 3914
3106 3929 3518
4008 3275 3276
3752 3833 3072
3733 3856 3119
3823 3737 3084
3561 3573 3682
3705 3858 3245
3606 3284 3653
3192 4138 2964
3119 4133 3056
4018 3251 3251
3999 3447 3159
3651 3764 3407
3433 3632 3676
3431 3197 3851
3266 4121 2948
3845 3442 3430
3375 3146 3873
3132 3956 3471
3300 3881 3524
3467 4041 3190
3632 3809 3448
3909 3286 3456
3878 3583 3291
3439 3796 3593
3050 3682 3719
3788 3520 3381
3342 3393 3853
3423 3447 3760
3350 4058 3202
3235 3368 3877
3686 3805 3333
3718 3889 3173
3291 4102 3139
3369 4008 3341
3516 3874 3466
3741 3815 3184
3041 3851 3599
3553 3943 3278
3333 4077 3032
3567 3905 3392
3361 3505 3698
3107 4128 3100
3724 3551 3574
3780 3747 3248
3269 3435 3836
3761 3478 3562
3526 3412 3737
3126 3294 3906
3391 3999 3378
3084 3898 3563
3458 3939 3311
3408 3825 3542
3096 3894 3572
3577 3775 3534
3542 3934 3312
3692 3611 3444
3402 3488 3775
3919 3389 3393
3587 3388 3756
3530 3699 3567
3275 4047 3253
3682 3226 3663
3430 3990 3321
3743 3677 3360
3002 3673 3735
3900 3372 3410
3188 3661 3717
3682 3620 3496
3445 4009 3227
3591 3948 3181
3579 3983 3211
3278 3647 3620
3218 3753 3623
3196 3723 3658
3498 3418 3725
3246 3425 3843
3663 3485 3619
3355 3207 3880
3327 4094 3034
3345 3491 3714
3953 3576 3090
3638 3415 3645
3510 3789 3476
3277 4030 3268
3488 4022 3069
3603 3321 3710
3452 4071 3081
3876 3248 3526
3180 4142 2955
3241 4129 3040
3327 4065 3223
3495 3964 3296
3412 3758 3601
3252 3291 3885
3407 4058 3148
3492 3621 3631
3253 4111 3050
3637 3868 3386
3412 3427 3762
3500 3465 3709
3575 3873 3302
3311 3625 3695
3767 3490 3527
3649 3779 3454
3646 3682 3547
3578 3690 3477
3706 3732 3337
3387 4075 3021
3648 3842 3301
3202 4082 3228
3513 3987 3125
3385 4035 3218
3322 4106 3019
3534 3683 3544
3360 4053 3230
3724 3837 3143
3689 3610 3586
3437 3963 3386
3182 4107 3090
3467 3626 3601
3488 4022 3069
3251 4125 2910
3385 4035 3218
3692 3611 3444
3221 4149 2855
3221 4149 2855
3221 4149 2855
3251 4125 2910
3488 4022 3069
3108 4117 2900
3260 3300 3822
3368 3257 3637
3692 3551 3419
3146 3366 3735
3659 3610 3463
3134 3456 3687
3514 3712 3392
3571 3648 3178
3202 3843 3283
3496 3767 3439
3549 3410 3602
3367 3988 3151
3564 3824 3369
3462 3798 3378
3312 4087 2928
3474 3931 3117
3285 4020 3026
3305 3856 3200
3238 4088 3084
3233 3919 3265
3438 3565 3513
3166 4039 3109
3390 3664 3527
3332 3850 3265
3277 4053 3021
3301 4060 2977
3552 3498 3599
3373 3852 3238
3421 3954 3093
3220 4110 2963
3382 3591 3547
3298 4012 3179
3230 4100 2954
3557 3261 3585
3403 3585 3541
3465 3523 3590
3549 3527 3488
3401 3656 3488
3166 3952 3200
3384 3827 3199
3303 3651 3583
3417 3566 3543
3421 3552 3587
3417 3566 3543
3089 3661 3466
3096 3320 3678
3213 4106 2941
3236 4083 2895
3455 3314 3579
3602 3530 3400
3111 3362 3632
3136 4061 2986
3539 3698 3290
3405 3824 3163
3418 3896 3113
3239 3455 3582
3372 3514 3526
3295 3978 3029
3330 3350 3550
3195 4087 2956
3589 3599 3286
3275 4028 2945
3271 3446 3551
3522 3608 3337
3494 3610 3443
3169 4040 3002
3448 3793 3364
3096 3320 3678
3548 3409 3506
3382 3947 3043
3119 3448 3605
3220 3850 3237
3226 3978 3038
3513 3777 3230
3493 3765 3384
3220 3934 3096
3477 3806 3136
3184 4042 2999
3408 3497 3526
3407 3904 3065
3417 3818 3258
3560 3544 3436
3473 3782 3246
3318 3589 3467
3514 3426 3527
3327 3912 3105
3390 3410 3549
3398 3681 3432
3546 3572 3428
3479 3446 3483
3530 3589 3383
3597 3519 3457
3512 3581 3458
3214 4033 3018
3551 3584 3419
3488 3697 3424
3477 3773 3363
3089 3666 3437
3518 3587 3394
3560 3544 3436
3560 3544 3436
3493 3765 3384
3096 3320 3678
3096 3320 3678
3096 3320 3678
3096 3320 3678
3096 3320 3678
3560 3544 3436
3074 3611 3456
3116 4049 2981
3164 3318 3577
3194 4030 2822
3424 3225 3537
3539 3499 3449
3124 4029 2940
3315 3373 3546
3268 3940 3032
3230 3823 3141
3395 3814 3234
3501 3573 3400
3355 3890 3022
3080 3986 2998
3160 3790 3293
3437 3432 3454
3491 3662 3257
3404 3487 3506
3463 3701 3166
3250 3623 3347
3452 3261 3480
3202 3894 3087
3358 3906 2979
3211 3714 3329
3309 3923 3023
3458 3740 3190
3168 3556 3424
3536 3552 3407
3191 4000 2983
3451 3314 3494
3461 3325 3462
3251 3988 2940
3447 3653 3344
3412 3769 3270
3191 3913 3059
3527 3555 3286
3421 3763 3156
3221 3739 3281
2888 3341 3519
3134 3339 3536
3146 3964 2899
3195 3173 3535
3256 3938 2879
3538 3476 3327
2972 3375 3468
3052 3581 3332
3231 3946 2903
3313 3284 3507
3133 3894 3047
3421 3725 3066
3338 3799 3011
3273 3710 3270
3341 3765 3140
3195 3173 3535
3386 3640 3303
3154 3756 3219
3320 3804 3176
3354 3332 3447
3309 3487 3462
3097 3750 3292
3519 3534 3315
3109 3694 3323
3378 3661 3216
3490 3543 3404
3261 3928 3030
3460 3568 3308
3438 3557 3350
3327 3797 3177
3267 3564 3365
3490 3543 3404
3433 3650 3155
3259 3743 3205
3424 3482 3436
3533 3481 3315
3195 3173 3535
2995 3804 3067
3241 3919 2913
3293 3277 3505
3538 3433 3276
3194 3836 2961
3109 3581 3237
3026 3279 3486
3295 3748 3108
3352 3710 3011
3345 3299 3435
3259 3669 3152
3340 3557 3306
3152 3548 3361
3253 3350 3401
3276 3755 3029
3470 3387 3332
3452 3527 3349
3474 3466 3328
3362 3580 3196
3401 3480 3378
3344 3643 3167
3378 3537 3262
3208 3799 3162
3250 3780 3172
3426 3463 3399
3373 3494 3369
3426 3465 3372
3107 3909 2815
3267 3229 3460
3452 3474 3330
3285 3624 3111
3251 3732 3080
3138 3776 2901
3410 3435 3378
3125 3790 2990
3415 3430 3363
3442 3488 3337
3111 3749 3081
3032 3872 2773
3340 3320 3373
3381 3424 3207
3225 3664 2954
3153 3469 3158
3207 3712 3070
3292 3434 3361
3172 3466 3099
3159 3584 2967
3284 3374 3276
3230 3417 3233
2954 3836 3617
3129 3182 3931
3221 4149 2855
3375 3146 3873
4045 3256 3211
3251 4125 2910
3119 4133 3056
3467 4041 3190
3878 3583 3291
3084 3898 3563
3944 3240 3432
2968 3893 3581
3344 4023 3284
3864 3376 3489
4018 3251 3251
3221 4149 2855
3302 3889 3469
3927 3619 3137
3041 3851 3599
3232 3226 3914
3288 3494 3789
3244 3170 3908
3142 3386 3897
3332 4099 2981
3977 3304 3355
3325 4070 3099
3471 3265 3822
3741 3815 3184
3823 3737 3084
3337 4092 3026
3592 3359 3713
4008 3275 3276
3505 3278 3806
3272 4058 3260
3212 4144 2920
3835 3717 3129
3853 3417 3502
3993 3335 3318
3312 4113 2936
3909 3286 3456
3192 4138 2964
3846 3678 3148
3550 3978 3304
3601 3750 3482
3066 4131 3108
3415 3566 3690
3391 3999 3378
3619 3974 3168
3077 3592 3784
3367 3508 3771
3402 3954 3439
3686 3805 3333
4035 3262 3228
3682 3825 3362
3761 3637 3421
3209 3216 3921
3001 3836 3613
3954 3598 3064
3014 3669 3736
3446 3985 3237
3369 4008 3341
3494 3653 3568
3968 3323 3423
3752 3833 3072
3405 4013 3271
3562 3345 3762
3483 3999 3000
3705 3858 3245
3656 3573 3633
3733 3856 3119
3431 3197 3851
3691 3902 3090
3437 3963 3386
3897 3397 3476
3050 3682 3719
3831 3539 3528
3542 3934 3312
3460 3486 3745
3269 3435 3836
3777 3627 3459
3355 3207 3880
3696 3701 3408
3786 3610 3505
3472 4018 3008
3539 3552 3642
3665 3759 3399
3582 3877 3257
3430 3318 3859
3202 4082 3228
3474 3783 3519
3357 3352 3864
3886 3503 3439
3375 3146 3873
3890 3429 3351
3613 3448 3662
3160 4104 3065
3637 3868 3386
3025 3664 3725
3840 3557 3496
3577 3775 3534
3814 3705 3173
3986 3546 3234
3615 3917 3216
3419 4058 3106
3235 3368 3877
3641 3790 3371
3134 3926 3555
3801 3492 3549
3989 3445 3198
3772 3442 3587
3481 3465 3730
3178 3762 3669
3310 3515 3780
3717 3645 3544
3811 3798 3222
3246 3425 3843
3630 3692 3557
3566 3922 3412
3471 3938 3425
3316 3691 3680
3946 3617 3037
3532 3463 3744
3919 3389 3393
3999 3447 3159
3817 3188 3582
3760 3603 3523
3661 3394 3697
3512 3799 3460
3037 3728 3703
3196 3723 3658
3499 3298 3795
3180 4142 2955
3674 3476 3612
3632 3809 3448
3556 3384 3760
3002 3673 3735
3126 3294 3906
3253 4111 3050
3647 3983 3161
3241 4129 3040
3711 3459 3580
3587 3388 3756
3751 3212 3621
3252 3291 3885
3033 3684 3720
3187 3439 3848
3673 3743 3411
3324 3457 3797
3675 3753 3367
3258 4086 3218
3422 3663 3629
3454 3572 3648
3428 3332 3864
3582 3408 3704
3450 3407 3801
3708 3539 3593
3721 3656 3450
3518 3480 3679
3574 3477 3676
3576 3517 3654
3266 4121 2948
3839 3400 3507
3644 3771 3423
3174 4107 3064
3523 3617 3566
3161 4142 2992
3746 3646 3392
3266 4121 2948
3731 3525 3547
3174 4094 3089
3794 3569 3512
3794 3569 3512
3731 3525 3547
3221 4149 2855
3396 4089 3003
3161 4142 2992
3694 3705 3392
3728 3659 3384
3728 3659 3384
3396 4089 3003
3694 3705 3392
3221 4149 2855
3221 4149 2855
3221 4149 2855
3028 4073 3102
3068 4129 2966
3156 4082 2849
3299 3362 3735
3421 3336 3732
3827 3454 3481
3579 3556 3537
3628 3695 3215
3510 3830 3225
3529 3814 3306
3456 3880 3346
3301 4010 3013
3233 4021 2986
3057 4043 3013
3674 3445 3505
3297 4053 2954
3445 3927 3221
3297 3748 3431
3783 3599 3475
3726 3521 3500
3275 4011 3075
3406 3993 2990
3508 3915 3096
3626 3455 3517
3530 3770 3308
3612 3619 3350
3764 3579 3484
3406 3993 2990
3716 3610 3385
3592 3753 3396
3555 3575 3508
3578 3890 3087
3681 3605 3418
3618 3658 3315
3655 3546 3490
3248 4020 3000
3581 3646 3425
3456 3664 3425
3653 3532 3507
3260 4050 2975
3268 4067 2969
3782 3529 3482
3406 3993 2990
3726 3521 3500
3719 3611 3348
3580 3607 3430
3406 3993 2990
3726 3521 3500
3726 3521 3500
3726 3521 3500
3027 4061 3012
3231 3240 3719
3298 4007 2897
3761 3549 3397
3090 3322 3542
3205 3982 2953
3591 3661 3204
3573 3493 3535
3158 3977 3020
3464 3760 3304
3360 3848 3159
3670 3585 3446
3340 3965 2971
3265 3896 3079
3288 3921 3041
3295 3856 3089
3627 3590 3402
3404 3796 3331
3525 3699 3356
3302 3603 3427
3719 3512 3489
3231 3961 3064
3748 3555 3472
3443 3822 3329
3550 3720 3354
3424 3873 3061
3380 3832 3187
3573 3493 3535
3456 3765 3185
3556 3575 3453
3757 3541 3429
3512 3667 3361
3512 3728 3203
3450 3547 3495
3354 3916 3077
3472 3755 3086
3455 3797 3027
3719 3512 3489
3372 3918 3009
3450 3646 3406
3425 3588 3422
3485 3586 3404
3512 3667 3361
3478 3568 3490
3573 3638 3400
3573 3638 3400
3372 3918 3009
3122 3968 3010
3190 3981 2907
3436 3383 3517
3701 3393 3481
3217 3924 2966
3388 3747 3145
3281 3850 3032
3315 3749 3227
3565 3624 3392
3153 3890 3055
3351 3720 3302
3463 3674 3355
3129 3757 3275
3360 3806 3051
3592 3576 3366
3551 3413 3495
3325 3871 2969
3523 3515 3468
3665 3441 3447
3611 3482 3487
3439 3764 3101
3632 3573 3365
3517 3698 3279
3185 3892 2968
3441 3776 3044
3653 3517 3436
3490 3573 3426
3467 3637 3364
3562 3487 3448
3363 3716 3286
3680 3406 3456
3691 3542 3341
3480 3713 3120
3607 3534 3369
3701 3430 3358
3321 3766 3124
3691 3542 3341
3492 3516 3457
3687 3525 3385
3478 3523 3488
3444 3749 3121
3564 3635 3343
3325 3871 2969
3664 3530 3367
3466 3716 3280
3664 3530 3367
3564 3635 3343
3664 3530 3367
3073 3840 3043
3105 3966 2979
3154 3943 2860
3583 3466 3471
3652 3470 3298
3289 3738 3074
3237 3841 2923
3547 3542 3136
3639 3501 3434
3310 3775 2986
3203 3860 2969
3205 3883 2860
3374 3563 3404
3206 3807 3003
3336 3710 3247
3429 3598 3376
3135 3875 3027
3602 3533 3265
3471 3569 3353
3542 3618 3278
3341 3686 3223
3235 3644 3320
3505 3627 3185
3490 3653 3187
3487 3660 3217
3214 3670 3335
3419 3683 3029
3512 3624 3268
3444 3618 3363
3404 3621 3364
3408 3664 3233
3649 3516 3397
3546 3523 3327
3432 3627 3334
3545 3565 3306
3510 3622 3349
3649 3516 3397
3435 3621 3353
3435 3621 3353
3066 3946 2917
3113 3801 2826
3574 3458 3470
3624 3502 3347
3101 3866 2923
3185 3747 2919
3494 3580 3100
3296 3703 3185
3394 3588 3298
3301 3509 3345
3607 3487 3391
3505 3566 3174
3464 3600 3248
3083 3627 3187
3420 3462 3424
3574 3526 3174
3481 3638 3181
3454 3535 3261
3446 3460 3444
3062 3884 2866
3551 3429 3437
3607 3432 3354
3179 3660 3150
3399 3635 3091
3205 3504 3295
3389 3575 3163
3365 3483 3344
3429 3520 3231
3460 3523 3127
3485 3468 3375
3604 3453 3365
3449 3500 3331
3502 3500 3145
3493 3471 3301
3083 3598 3067
3320 3323 3436
3388 3623 2932
3561 3409 3365
3208 3440 3203
3368 3490 3196
3533 3396 3370
3340 3419 3344
3337 3578 3014
3368 3331 3390
3287 3404 3415
3368 3581 3006
3368 3581 3006
3366 3551 2985
