28559 114.168
34915 34350 32764 33731
34915 34350 32764 33731
34915 34350 32764 33731
34065 34644 34107 33529
33948 33876 33236 34380
34306 35062 33480 33618
33675 34695 33166 34052
34266 34785 33765 33633
34146 34024 33584 34276
34306 35062 33480 33618
34575 34734 32955 34202
33675 34695 33166 34052
33675 34695 33166 34052
34408 34354 33886 33911
34143 34536 33106 33889
34730 34290 33457 34324
34143 34536 33106 33889
34399 34571 33689 33551
34766 34525 33272 33996
34266 34785 33765 33633
34507 34439 33532 34102
34436 34700 33656 33802
34009 34434 33801 33995
34469 33882 33688 33736
34469 33882 33688 33736
34469 33882 33688 33736
33963 34011 33606 34090
34659 34281 33055 34362
34507 34439 33532 34102
34659 34281 33055 34362
34009 34434 33801 33995
34766 34525 33272 33996
34399 34571 33689 33551
34469 33882 33688 33736
34609 34330 33676 34033
34271 34218 34072 33686
34915 34350 32764 33731
34644 34752 33226 33869
34609 34330 33676 34033
34562 34411 33368 33813
34846 34233 33095 33821
34562 34411 33368 33813
34730 34290 33457 34324
34644 34752 33226 33869
34885 34493 33306 33636
34477 34442 33513 33818
33675 34695 33166 34052
34766 34525 33272 33996
33963 34011 33606 34090
34730 34290 33457 34324
34069 34566 33709 33750
34069 34566 33709 33750
34659 34281 33055 34362
34609 34330 33676 34033
33963 34011 33606 34090
34469 33882 33688 33736
34846 34233 33095 33821
34459 34206 33493 34258
34295 34491 33533 34088
34306 35062 33480 33618
34295 34491 33533 34088
34009 34434 33801 33995
33948 33876 33236 34380
34766 34525 33272 33996
33948 33876 33236 34380
34295 34491 33533 34088
34271 34218 34072 33686
34069 34566 33709 33750
34846 34233 33095 33821
33675 34695 33166 34052
34846 34233 33095 33821
34885 34493 33306 33636
34469 33882 33688 33736
34846 34233 33095 33821
34885 34493 33306 33636
34295 34491 33533 34088
34146 34024 33584 34276
34885 34493 33306 33636
34766 34525 33272 33996
34885 34493 33306 33636
34542 34404 33574 33751
34266 34785 33765 33633
34885 34493 33306 33636
34436 34700 33656 33802
34885 34493 33306 33636
33675 34695 33166 34052
34146 34024 33584 34276
34146 34024 33584 34276
34408 34354 33886 33911
34069 34566 33709 33750
34730 34290 33457 34324
34609 34330 33676 34033
34477 34442 33513 33818
34885 34493 33306 33636
34609 34330 33676 34033
34069 34566 33709 33750
34436 34700 33656 33802
33948 33876 33236 34380
34408 34354 33886 33911
34846 34233 33095 33821
34469 33882 33688 33736
34659 34281 33055 34362
33675 34695 33166 34052
34408 34354 33886 33911
34399 34571 33689 33551
34846 34233 33095 33821
34846 34233 33095 33821
34659 34281 33055 34362
34644 34752 33226 33869
34562 34411 33368 33813
34846 34233 33095 33821
34507 34439 33532 34102
34146 34024 33584 34276
34562 34411 33368 33813
34730 34290 33457 34324
34469 33882 33688 33736
34885 34493 33306 33636
34146 34024 33584 34276
34009 34434 33801 33995
34436 34700 33656 33802
33948 33876 33236 34380
34542 34404 33574 33751
34846 34233 33095 33821
34766 34525 33272 33996
34295 34491 33533 34088
34846 34233 33095 33821
34469 33882 33688 33736
34846 34233 33095 33821
33675 34695 33166 34052
34295 34491 33533 34088
33948 33876 33236 34380
34644 34752 33226 33869
34562 34411 33368 33813
34846 34233 33095 33821
34507 34439 33532 34102
34507 34439 33532 34102
