262 86.1059
20510 22705 23478 23949
21648 21375 24707 22217
22067 22079 23451 24816
22481 24419 22788 22234
23073 22599 19972 23078
23429 19407 23589 23581
24160 22942 23402 20760
25001 21173 22794 22179
22253 22351 23683 24281
23846 23245 23945 21608
23154 23159 24304 21777
22185 22409 23211 24430
22435 22200 23771 24129
23272 22999 24044 21977
22693 22902 21068 23006
24896 21483 22686 22110
24264 20592 22913 22917
23781 23138 24008 21424
21874 22164 23465 24714
23066 22319 20212 23006
23945 22584 23099 21289
22386 24256 22770 22553
23499 21618 21662 22874
23785 23087 23904 21831
23358 19609 23414 23416
21915 22268 23530 24580
22818 22666 24515 21698
21778 23660 21382 23657
24020 22801 23169 20938
23254 22207 24453 21829
24257 21999 23581 22358
23724 21695 21794 22756
24319 21859 23333 22553
22640 24067 22728 22363
23707 19723 23267 23289
23191 20280 23125 24055
23333 21117 22399 24062
21264 23496 23621 23793
21997 22468 23285 24503
23603 21883 21609 22806
24097 22363 23071 21158
21153 23399 23748 23746
22547 24215 22632 22098
23530 21807 21464 22943
21214 23908 21839 23361
23547 21695 21492 22920
23986 22824 23303 21077
22597 23972 22735 22333
24496 21401 22832 22628
23053 22130 20344 22996
22941 22897 20661 22973
20737 22778 23549 23888
21767 23453 22264 23529
22875 22609 20924 22786
21509 23686 22019 23281
23191 20280 23125 24055
24642 21471 23022 22498
21073 23323 23685 23842
23206 21092 22470 23677
21525 23370 22108 23559
24809 21043 22919 22273
23044 22940 20510 22781
20612 22796 23503 23941
22574 24079 22907 22265
24017 22697 23200 20964
23877 22631 23057 21224
21702 23614 21402 23562
21930 22375 23346 24517
23027 22838 23511 21991
23658 21685 21629 22827
21340 23702 22227 23134
21588 23619 22132 23452
22866 23124 20791 22970
20808 22817 23314 23994
21026 23888 21950 23099
22821 22511 20866 22970
23380 19934 23425 23115
21312 23731 22127 23036
21430 23714 21869 22936
23096 22395 20326 22937
23207 23053 23915 21754
21025 23805 21881 23160
23434 21021 22533 23891
23476 21684 21573 22906
23263 23039 23987 21706
24751 21234 22878 22501
24691 21293 22972 22523
21683 23478 22213 23494
23300 20739 22611 23859
23297 20103 23196 23896
21054 23386 23707 23765
23417 19786 23374 23233
22519 22854 21383 23195
21740 23529 22433 23460
23391 20017 23389 22948
21478 23327 22161 23543
23975 22456 23185 21206
22980 22888 20624 23052
21754 23549 22125 23441
23466 21660 21661 22956
22676 23942 22829 22270
21814 23404 22126 23454
23141 23009 23928 21801
20966 23904 21899 23201
24517 21110 23249 22904
24546 22078 23520 22535
20893 23860 21912 23361
23285 20940 22567 23989
23339 19819 23411 23134
20893 23860 21912 23361
22857 22655 20797 22686
20956 23729 21885 23264
23309 20995 22609 23760
21024 23842 21859 23248
21474 23467 22161 23515
24609 21261 23056 22673
24547 20881 22954 22806
24566 20921 23004 22781
21778 23660 21382 23657
24671 21181 23143 22588
22967 22919 20555 22942
22547 24215 22632 22098
22770 22587 20913 22937
22807 23839 22583 22297
22755 22614 20842 22826
24680 21320 23125 22608
22633 24073 22890 22300
22737 22622 20856 22981
23297 20103 23196 23896
20568 22815 23339 23959
20582 22878 23454 23865
23978 22351 23265 21181
22957 22955 20614 22997
23172 19972 23303 22998
24637 21281 23063 22638
24580 21206 23010 22694
23391 20812 22590 23965
23344 21060 22576 23979
24621 21408 23063 22574
24580 21443 23045 22581
23388 20829 22592 23970
24747 21405 23046 22508
23417 19809 23428 23015
24576 21439 22957 22601
23336 20893 22595 23908
23424 19959 23368 22992
22968 22961 20623 22927
23300 20739 22611 23859
20795 22822 23342 23847
20737 22933 23369 23920
23113 22079 20336 22922
24502 21395 23047 22677
20760 22833 23403 23882
21765 23528 22218 23478
20759 22915 23373 23880
23392 19814 23342 23108
23145 22930 23909 21990
24580 21206 23010 22694
21765 23528 22218 23478
20499 22741 23395 23881
21930 22270 23173 24423
22574 24002 22780 22297
23042 22157 20261 22880
23241 22882 24005 21883
23284 19570 23268 23413
23839 22738 23245 20916
24710 21291 22817 22465
23264 22940 23985 21821
23883 22276 23008 21151
24209 20703 23038 22774
23237 19893 23110 22847
23483 21652 21541 22808
22106 22293 23063 24176
22255 22819 21157 22900
21900 22231 23181 24396
22603 23990 22719 22199
21517 23557 21998 23249
20806 22882 23644 23825
23790 22743 23146 21029
24203 21893 23364 22492
22810 22593 20840 22759
21215 23661 22030 22924
22951 21952 20277 22780
22284 22751 21194 22771
21149 23305 23452 23601
23208 22981 23987 21921
22576 23908 22659 22225
20629 22848 23237 23915
22763 22649 20614 22824
22675 22590 20775 22777
22925 22880 20552 22848
20950 23855 21709 23303
23207 19632 23063 23216
21692 23499 21273 23403
23232 20966 22513 23739
23430 21660 21648 22754
21124 23710 21776 23045
20971 23768 21853 23103
22069 22370 23155 24421
24322 22052 23296 22484
24384 21778 23336 22484
23308 20884 22381 24027
22727 22520 20822 22817
23308 20884 22381 24027
23123 19887 23412 23113
21565 23350 21431 23495
24384 21420 23122 22527
22873 22935 20607 22953
24511 21205 22745 22629
21106 23070 23589 23760
21941 22452 23176 24404
23310 21020 22472 23688
23437 21575 21670 22696
23831 22325 23099 21081
20986 23098 23541 23796
24589 21138 22986 22533
21619 23465 22157 23186
24569 21189 22846 22597
23873 22444 23059 21121
21085 23205 23631 23702
23317 19813 23354 23112
21564 23323 22134 23503
21059 23762 21768 23296
21011 23906 21826 23265
21065 23847 21671 23098
21553 23586 21231 23443
24303 21975 23392 22406
24374 21563 23240 22525
21645 23517 21347 23435
23368 19828 23356 22974
21625 23483 22084 23345
20679 22699 23336 23886
21544 23513 22247 23265
23334 20936 22465 23701
24645 21050 22963 22417
21117 23253 23563 23788
24271 20927 23098 22700
21635 23368 22304 23231
24363 20806 23169 22740
22648 22596 20834 22848
20724 22974 23534 23835
24600 21325 23023 22528
23379 19876 23372 22970
20729 22728 23346 23830
23214 22952 23991 21864
21212 23279 23617 23438
21685 23431 22294 23379
24458 20704 22962 22578
20721 22820 23378 23858
22933 22873 20553 22958
21562 23584 22026 23172
24434 20790 23169 22707
21577 23480 22264 23335
21545 23372 22034 23410
24453 21204 22896 22626
23057 21044 22467 23696
21670 23480 21309 23471
21085 23327 23611 23731
23248 20891 22291 23898
24509 21277 22960 22616
24364 20738 22946 22821
24404 21942 23405 22460
24407 20713 22868 22869
24632 21268 23012 22465
24410 20800 22979 22717
24594 21311 22937 22532
24618 21276 22964 22431
20806 22882 23644 23825
21662 23506 21301 23429
24295 21952 23387 22450
21680 23475 22019 23494
24641 21047 22861 22495
21671 23452 22274 23408
21657 23463 22274 23381
24303 21975 23392 22406
21657 23463 22274 23381
20475 22752 23431 23833
21898 22090 23021 24355
22515 23984 22683 22192
22855 22211 20398 22954
23049 22950 23811 21663
23162 22937 23943 21842
23185 19515 23189 23376
24611 21191 22913 22459
22232 22638 21075 22648
23482 21618 21515 22774
21827 22371 23163 24283
23263 20773 22338 23971
24287 20536 22808 22773
23454 21498 21275 22798
23225 19803 23242 23059
20903 23110 23516 23561
23939 21802 23353 22451
21238 23553 21959 22994
21488 23287 22232 23397
23084 22887 23815 21921
24130 21784 23405 22152
23197 20723 22406 23645
22988 22949 23671 21818
23452 21869 22663 22416
22702 22562 20835 22711
23364 21566 21559 22705
22030 22238 23136 24286
20953 23845 21731 23182
22511 22413 20724 22717
23166 22863 23858 21812
24498 21059 22762 22552
21073 21963 23281 23496
22788 22548 20699 22687
21603 23257 22277 23289
24393 20840 22837 22604
21325 23531 21985 23053
23129 20987 22391 23527
21628 23444 21523 23332
20580 22703 23322 23856
21535 23404 22060 23246
24125 21944 23179 22247
22690 22416 20717 22717
21910 22149 23052 24293
20962 23746 21787 22989
21887 22088 23051 24308
24592 21282 22923 22422
21491 23457 22104 23119
22831 22809 20486 22768
23236 19688 23118 22873
23146 19554 23116 23112
24554 21171 22829 22512
24355 20666 22798 22816
23116 19778 23263 22870
20767 22655 23472 23783
21047 23709 21741 23216
21120 23516 21996 23132
23057 19673 23185 23084
24420 21208 22742 22508
21048 23077 23455 23766
24175 21919 23360 22293
22751 22746 20558 22815
20969 23277 23495 23731
22854 22751 20581 22758
21045 23759 21765 23059
24332 21899 23301 22350
24265 21903 23341 22267
24607 21263 22931 22461
24195 21507 23186 22440
20515 22822 23291 23794
23200 20783 22279 23811
24425 20781 22965 22657
21535 23504 22009 23241
24395 21094 22883 22512
23159 19539 23207 23344
21553 23474 21972 23338
24306 21842 23387 22427
20699 22659 23498 23741
20989 23831 21742 23144
20991 23716 21742 23147
24338 21786 23404 22338
24359 20701 22808 22737
20551 22768 23380 23819
24295 20668 22866 22746
20625 22678 23473 23771
20661 22742 23338 23767
24356 20751 22953 22665
20615 22798 23353 23832
24417 20780 22900 22675
20683 22776 23274 23818
20619 22945 23465 23747
20558 22886 23347 23644
21508 22040 23048 24230
22479 23823 22458 22163
22820 22050 20320 22764
23048 22908 23941 21812
23070 19387 23167 23080
23076 22885 23800 21664
24563 21260 22793 22391
22176 22436 20949 22565
23216 19684 23104 22961
24282 20659 22794 22731
21209 23455 21980 23009
24123 21872 23274 22250
20695 22593 23465 23766
24348 20716 22885 22650
21964 22094 23033 24082
20886 23781 21608 23007
20878 22830 23070 23353
21803 22258 22986 24138
21024 23602 21711 23173
24472 21121 22705 22444
21258 23517 21906 22903
23134 22751 23749 21690
23070 22915 23875 21674
24222 21646 23136 22418
20930 23722 21749 23034
24445 21138 22722 22464
21958 22201 23012 24139
21097 23483 21917 22910
23063 19443 23112 22994
24146 21760 23249 22270
24197 21775 23357 22240
20974 22754 23047 23705
24207 21683 23266 22341
20633 22828 23411 23716
20634 22707 23374 23756
20788 22750 23361 23740
24179 21722 23156 22358
20717 22714 23423 23755
20948 22610 23099 23712
20784 22713 23199 23757
20886 22604 23182 23647
24125 21754 23090 22374
20889 22714 23103 23758
20455 22655 23347 23725
20919 23655 21700 23019
21727 22255 22953 24055
22992 22830 23919 21600
23032 22884 23794 21539
24259 20470 22804 22532
24215 21249 22538 22386
21149 23408 21876 22935
21895 22182 23006 23912
22911 22895 23880 21757
24231 20574 22835 22603
20643 22612 23209 23571
22991 22730 23648 21677
20566 22599 23384 23712
20647 22675 23105 23576
20611 22601 23145 23741
23012 22692 23743 21573
20605 22639 23206 23634
20570 22772 23284 23686
20490 22776 23352 23716
20552 22713 23300 23730
20562 22827 23323 23696
20513 22700 23072 23613
20520 22628 23157 23586
20805 23638 21493 22888
20821 23577 21653 22963
19961 23011 22700 23837
21648 21375 24707 22217
22067 22079 23451 24816
22481 24419 22788 22234
23073 22599 19972 23078
23293 19560 23372 23723
24065 22871 23313 20441
25001 21173 22794 22179
22987 19819 22888 24226
23119 22332 20393 23518
22386 24256 22770 22553
23311 22798 24598 21432
21915 22268 23530 24580
22557 22107 23852 24370
23707 19723 23267 23289
24583 21022 23731 22892
22618 22288 24271 21906
21734 21425 24458 22370
23769 23152 23948 21456
21874 22164 23465 24714
23254 22207 24453 21829
23207 21602 22130 23126
22818 22666 24515 21698
22351 21985 23666 24491
21331 23433 21981 24015
21270 23700 21364 23702
24053 22506 23343 21065
23179 20186 23059 24030
22541 24081 23223 22441
21686 23658 22292 22710
23348 20453 23572 23211
23923 23111 24035 21503
23938 22654 23337 21237
23368 21481 22163 23116
23982 22194 22744 21223
22192 22221 23806 24153
21535 23282 21434 23679
23398 20266 23411 23220
22746 22711 21164 22839
22687 22205 24217 21951
23146 22805 24025 21781
23621 22916 24173 21580
22288 22133 23613 23838
23437 20040 23331 23407
22885 22059 20718 23150
24134 21962 22316 22048
20288 23338 22567 23568
21328 23406 21728 24067
23991 23011 23168 20659
21652 23551 22242 22745
23586 22933 24127 21603
20982 23856 21608 23409
23113 22380 20653 23534
23187 20688 22456 23533
20244 23268 22665 23699
24313 21746 22961 22432
20899 22973 22401 23265
23027 22038 20683 23227
23824 23115 24078 21612
24347 21711 22910 22463
22177 22197 23667 24184
22873 22451 20513 23393
23335 19988 23352 23278
21857 23506 22390 22636
21403 23321 21833 23932
20778 23063 22898 23352
22917 22767 20851 22993
22682 22769 21252 22939
22836 22869 20831 22864
22362 23982 23174 22606
23198 20633 22434 23576
24370 21903 22413 22109
21836 23529 22433 22794
22739 22849 23789 22027
24432 20996 23830 23121
20909 23787 21662 23364
23497 20770 22521 23424
24420 21061 23696 23160
24259 21698 22960 22527
20012 23136 22755 23759
20141 23043 22693 23840
24017 22568 22996 20979
23264 20343 23497 23221
21047 23744 21897 22916
23331 21648 22132 23045
20373 23305 22689 23680
21161 23741 21476 23638
23497 20770 22521 23424
20437 23177 22622 23743
21228 23693 21472 23613
20587 23242 22710 23626
24529 21096 23756 22955
23045 21799 22402 22604
23181 22300 20516 23563
23532 22747 22961 22174
24087 22672 23099 20737
24132 22922 23159 20547
21588 23534 22245 22731
24190 21873 22352 22135
20924 23480 21743 23478
20733 23189 23103 23510
24020 22815 23279 20488
20454 22928 22430 23803
24206 22554 23130 20768
24193 22551 23191 21029
23641 21371 23336 23075
24389 21404 22999 22826
24120 22584 23035 20893
24416 21260 23069 22894
21462 23427 21696 24061
22652 22884 20906 23079
23255 20531 22342 23539
22792 23013 20999 22951
24552 20887 23539 22961
24552 20887 23539 22961
22576 23213 22541 22248
24255 22627 23099 20834
21352 23219 21907 23887
24492 21135 22959 22721
22752 22874 21066 22874
20079 23075 22693 23875
24131 21856 22333 22144
20609 23197 22828 23618
22348 22108 23522 23813
21399 23318 21854 23912
22831 22696 20934 22933
20763 23049 22988 23467
24078 22635 23087 20883
24372 21305 22975 22951
22824 22772 21022 23107
22760 23003 20870 22975
24454 21476 22954 23079
21138 23539 21495 23548
21118 24079 21802 23355
22682 23064 22708 22301
23075 22219 20429 23620
21478 23314 21806 23729
20982 23856 21608 23409
23222 20497 22535 23383
23824 23115 24078 21612
21069 23613 21604 23543
24583 21022 23731 22892
23103 22415 20421 23511
24040 22605 23266 20814
20656 23246 22856 23600
21374 23368 21953 23793
20095 23175 22678 23797
23430 20002 23351 23378
23294 20338 23456 23215
22779 22988 21057 23048
21123 23520 21566 23518
23930 22902 23274 20449
21374 23368 21953 23793
22624 23086 22693 22285
22351 23993 23047 22575
23141 22350 20420 23479
24033 22661 23245 20767
19969 23065 22729 23808
24052 22923 23265 20529
24358 21279 23045 22904
21116 24011 21806 23285
21103 23700 21550 23747
21403 23087 23199 23056
23184 22241 20420 23560
20656 23246 22856 23600
21069 23613 21604 23543
24466 21375 22891 22873
22734 22869 20930 23124
21116 23474 21668 23621
20597 23250 22788 23595
23224 22132 20428 23390
21115 23535 21692 23553
23184 22158 20514 23406
21103 23700 21550 23747
24120 22584 23035 20893
24065 22871 23313 20441
21118 24079 21802 23355
19969 23040 22611 23794
22121 22177 23725 24029
22324 24030 23072 22369
23077 22247 20303 23547
23406 19865 23215 23231
23493 22788 24032 21491
24047 22887 23208 20497
24515 21059 23718 22891
21101 23695 21467 23638
23591 22881 23827 21598
23875 22371 22794 21297
24119 21730 22301 22064
23851 22578 23279 21064
22678 22804 21055 22888
22321 22039 23530 23868
23091 22300 20501 23521
24066 21734 22693 22311
21748 23511 22332 22584
22038 22181 23501 23728
23375 20334 23484 23144
21642 23547 22156 22547
24394 20820 23807 22830
23295 19946 23238 23250
20529 23089 22574 23563
22957 22235 20575 23523
24309 20933 23743 23089
24421 21075 22747 22510
23348 20540 22395 23401
23273 20214 23564 23150
22159 22102 23504 23939
20676 23170 22803 23373
20956 23901 21743 23210
22832 22728 20701 22851
22311 23964 23025 22459
23308 21534 22110 22838
23923 22846 23324 20513
23685 22909 23897 21564
23782 22999 23907 21534
20249 23297 22543 23558
21461 23509 22104 22699
23519 22837 23983 21532
23052 22370 20599 23498
24020 22444 23158 20901
24232 21663 22856 22326
23273 21587 22001 23033
21439 23252 21549 23858
24419 21360 22920 23018
20704 22916 22819 23334
21578 23540 22215 22487
22524 22970 22502 22113
21306 23302 21914 23991
21573 23517 22339 22673
21636 23442 22378 22746
23902 22770 23140 20966
20840 23998 21610 23243
20130 22941 22573 23670
22720 22643 20843 22807
21298 23379 21742 23971
23174 20719 22442 23423
24272 21019 23675 22995
20421 23119 22551 23702
20339 23102 22609 23542
19995 23011 22650 23793
20399 23141 22467 23616
21016 23836 21657 23174
22504 22686 22461 22137
23292 21589 21984 22966
20123 22954 22672 23778
20924 23737 21593 23363
21289 23325 21891 23955
24169 21189 22951 22884
23195 20579 22260 23473
22405 23989 23075 22394
21419 23330 21536 23957
23402 20274 23570 23128
21289 23325 21891 23955
22130 22106 23613 24006
22791 22717 20750 22938
22616 22894 20967 22950
22630 22820 21028 22640
24256 20955 23683 22910
24293 21276 22988 22859
22427 22873 22500 22232
20914 23937 21659 23202
23615 21348 23035 22921
22360 24001 23001 22346
20921 23802 21647 23343
24036 22557 23101 20675
21393 23256 21675 23946
24068 22532 23060 20604
22477 23019 22497 22242
20691 23037 22884 23307
23162 20625 22302 23448
23838 22909 23203 20549
23955 22532 23062 20936
23853 22794 23100 20716
23921 22783 22912 20782
23254 20241 23544 23172
23327 19928 23291 23233
23304 21174 23072 22730
22821 22680 20824 22887
20949 23846 21617 23212
23378 20309 23557 23101
22754 22753 20733 22837
23912 22864 23203 20586
22785 22159 21022 22743
24132 21712 22304 22133
20950 23496 21675 23464
22694 22671 20904 22880
24289 21319 22927 23030
22465 23120 22429 22234
24203 22529 22997 20693
24148 22470 23023 20831
21638 23482 22326 22713
24116 22357 23035 20799
24056 22492 23078 20887
19973 22967 22664 23760
23085 20660 22388 23489
22625 22810 20954 22780
24098 22521 22986 20955
23357 20586 22473 23362
24044 22505 23073 20855
24137 22479 22974 20823
24421 20945 23624 23027
23184 20635 22281 23424
22618 22856 20881 22985
22653 22948 20945 22957
22691 22851 20936 22979
22621 22912 21012 22938
23342 19934 23224 23171
22700 22742 20841 22984
23363 20656 22276 23202
24034 22551 22988 20804
23352 20658 22295 23309
19991 22920 22547 23762
21255 23358 21727 23936
22292 23998 22992 22187
23021 22180 20255 23390
23408 20248 23386 23086
23630 22968 23878 21529
24006 22859 23172 20435
24478 20972 22897 22689
24090 21597 22424 22112
22227 21873 23351 23686
21045 23598 21362 23613
20600 22970 22738 23137
20279 22859 22438 23526
21281 23199 21652 23783
23737 22209 22749 21327
23793 22546 23211 20999
21621 23438 22316 22673
23076 21585 21991 22691
21413 23499 22121 22610
23688 22799 23735 21510
22659 22728 21031 22743
23895 22659 23038 20774
22742 22677 20790 22821
22973 22260 20572 23399
21467 23434 22335 22501
24021 21468 22758 22235
20777 23572 21549 23227
23078 20623 22277 23483
24438 20749 23343 22773
22309 23929 22811 22341
24197 20945 23653 22955
24354 20850 23713 22851
24343 20947 23590 22680
20933 23853 21609 23191
23348 20476 22177 23283
24265 21331 22916 22948
20798 23624 21481 23340
23181 20511 22262 23412
23033 20453 22305 23463
23899 22395 22850 20918
22369 23913 22988 22293
21562 23472 22211 22543
23916 22496 23002 20906
22522 22736 20981 22814
22288 23785 23017 22305
23003 22107 20513 23059
20779 23625 21538 23283
23453 21201 22971 22833
23880 22724 23035 20623
22909 22106 20387 23433
23887 22814 23149 20549
20893 23835 21647 23170
23022 22040 20370 23469
23452 21154 22967 22888
24289 21271 22779 22958
22637 22670 20874 22963
22565 22618 20946 22913
22728 22484 20805 22786
24390 21093 22900 22763
22615 22354 20259 23134
24417 21023 22973 22638
23164 20503 22235 23437
23017 22348 20465 23380
22934 22146 20452 23432
22274 23959 22977 22227
21472 23442 22202 22633
23877 22771 23261 20493
23076 22251 20362 23324
23832 22736 23262 20491
23913 22765 23227 20486
22668 22588 20923 22935
23025 22196 20428 23370
23005 22251 20305 23481
23753 22729 22988 20575
22693 22729 20840 22919
22690 22851 20921 22945
20599 23562 21451 23188
21227 23323 21679 23737
22052 23952 22652 22196
22623 22725 23816 21487
22985 22318 20337 23325
23903 22687 23179 20426
24224 20643 23278 22735
24403 20940 22781 22682
23696 21886 22589 21077
22121 23879 22733 21961
21509 23341 22217 22609
21488 23386 22286 22476
22994 22200 20407 23254
23813 22600 23022 20754
20807 23772 21497 23118
22709 22602 23705 21509
22658 22783 20818 22843
24263 21253 22800 22873
23541 22740 23631 21459
23630 22120 22737 21364
23628 22897 23631 21390
20834 23566 21479 23174
23860 22448 22834 20625
22570 22846 20759 22831
24312 20814 23584 22722
24234 21242 22866 22916
22955 22297 20345 23372
22533 22687 20806 22894
24399 20976 22875 22629
23670 22645 23136 20514
22893 22284 20359 23342
24323 20726 23230 22711
22895 22342 20358 23257
24359 20967 22865 22655
22624 22658 20760 22878
21373 23326 22199 22431
22949 22228 20233 23300
23091 22712 23033 21298
23614 21960 22591 21116
23765 22558 22871 20691
22472 22794 20662 22640
23612 22055 22609 21315
22968 22160 20400 23171
22859 22164 20345 23245
21262 23308 22101 22305
22817 22018 20280 23217
22861 22206 20233 23199
21332 23208 22081 22429
21181 23238 21943 22292
20384 23276 22665 23669
21648 21375 24707 22217
22067 22079 23451 24816
22481 24419 22788 22234
23073 22599 19972 23078
23278 19294 23376 23669
23876 23177 23154 20576
25001 21173 22794 22179
21874 22164 23465 24714
22947 20553 23209 23867
23002 23004 24240 21821
22987 19819 22888 24226
23219 20121 23502 23511
23154 22611 20322 22666
23461 20857 23596 22786
23254 22207 24453 21829
22386 24256 22770 22553
24340 22047 22238 22026
21648 21375 24707 22217
22173 22032 23533 24558
22818 22666 24515 21698
24519 21045 23033 22594
23781 23138 24008 21424
20571 23186 22612 23478
23842 23051 22985 20694
22381 21801 23595 24357
21415 23357 21867 24023
22750 22349 20907 22943
21038 23462 21879 23788
23915 22400 23853 21926
24380 21259 23055 22634
22564 24018 22659 22299
21947 23625 21974 22733
22405 22507 24095 24165
20625 23197 22473 23482
20930 22941 22753 23216
20754 22992 22590 23555
23741 23090 23699 21680
22042 23599 22161 22768
23579 22890 23884 21536
23542 23063 23889 21717
24083 22862 23200 20940
24041 22300 23749 22121
22156 22234 23323 24446
23968 23241 22868 20864
23181 22364 20768 22634
22303 21623 23349 24370
23461 20857 23596 22786
23647 22969 23786 21453
23207 20512 23229 24116
24571 21116 23081 22563
21984 22967 21218 23301
23239 19647 23548 23731
24146 21976 22273 21956
23779 23195 23771 21628
23024 20382 23232 24133
23149 20209 23290 24056
23258 19431 23457 23680
22891 22277 20969 22848
23366 21661 21486 22993
22019 23693 22054 22729
22283 23589 22476 22714
21343 23737 21534 22972
24224 22782 23065 21262
22992 20355 23324 23973
24212 22830 23120 21348
23318 19514 23358 23626
24888 21551 22792 22173
20931 23352 21993 23711
24120 21926 22311 21935
23381 21604 21362 22987
22702 22529 21249 22672
22134 23647 22364 22648
22080 23677 22365 22665
23333 19740 23389 23543
22736 22437 21074 22863
22508 23995 22552 22389
22405 22507 24095 24165
21070 23812 21799 23190
24735 21068 23050 22506
21310 23829 21548 23105
23993 22808 23199 21097
23321 21679 21507 22945
23147 22634 20414 22780
23102 22587 20491 22626
24358 21426 22910 22989
24221 22792 23075 21219
21036 23406 21818 23809
24059 22863 23191 21087
21404 23690 21535 23057
24046 21893 22292 21947
23820 23088 22931 20692
22902 22229 20541 22693
20937 23458 21839 23847
22546 22697 21424 22691
24167 22803 23129 21296
22775 22449 21147 22698
22014 22828 21103 23405
24810 21365 22801 22212
23105 20264 23346 24101
21000 23368 21654 23812
21244 23815 21587 23088
24657 21225 23233 22521
23734 23074 23779 21491
20750 23168 22902 23587
23357 22253 20643 22603
24666 21073 23073 22449
24529 21379 22828 22410
23267 22261 20601 22576
21113 22806 22878 23359
24842 21523 22847 22161
24696 21219 22859 22229
20967 22833 22688 23388
23146 22520 20480 22812
24657 21363 22998 22426
23279 19473 23397 23569
20952 22904 22628 23252
23059 20292 23278 24027
21990 22888 21134 23275
23644 23129 23776 21485
22630 23916 22709 22347
22844 22714 21041 22785
21329 23796 21638 23068
22724 22446 21025 22791
22614 22636 21351 22838
22173 22310 23263 24344
22189 21915 23357 24269
23957 23102 23099 20623
24021 22765 23252 20897
23989 23244 23000 20650
23004 22159 20687 22761
23322 21569 21593 23149
21226 23928 21729 23121
22211 22254 23336 24282
23247 19571 23315 23671
23826 23234 23089 20607
22931 20378 23324 23979
23000 22146 20699 22729
23127 22440 20725 22663
23987 22350 23876 21982
21323 23708 21616 23145
23542 23063 23889 21717
22210 22267 23320 24300
22735 22725 21320 22594
21115 23938 21686 23125
23250 19604 23268 23593
21186 23924 21775 23117
23931 23163 23086 20637
22576 23865 22775 22496
22689 22715 21414 22781
21173 23844 21686 23214
21155 23977 21646 23135
22783 22352 21079 22700
22283 23589 22476 22714
22667 23989 22625 22317
20623 23180 22651 23574
23182 19707 23362 23576
24214 22770 23131 21237
22750 23888 22720 22368
22076 23075 21230 23228
24059 22863 23191 21087
21207 23874 21671 23207
24823 21501 22900 22159
23216 19696 23416 23558
24823 21501 22900 22159
22578 23969 22673 22308
23066 20286 23417 24046
23255 19624 23427 23398
23980 22798 23332 20886
23246 19620 23410 23496
22640 23991 22729 22305
22513 23982 22729 22418
21227 23875 21779 23204
22674 23852 22672 22370
22601 23921 22792 22397
23379 21560 21653 22951
22555 23973 22658 22533
22735 22725 21320 22594
23131 22620 20483 22562
24009 22822 23253 20925
24009 22822 23253 20925
22572 24012 22659 22299
20143 23037 22571 23564
22135 22271 23247 24261
22391 24034 22394 22097
23111 22598 20359 22769
23242 19386 23362 23550
23833 23062 23120 20426
23869 22293 23869 21842
24850 21492 22775 22143
24642 21067 23140 22521
21304 23616 21489 23019
21028 23368 21788 23765
23597 23070 23698 21499
21830 22817 21068 23114
23067 20476 23176 23852
23196 19890 23475 23406
24112 21781 22230 21991
22022 23506 22027 22712
20193 23222 22529 23513
24020 21946 22249 22074
20898 23431 21620 23652
23116 22036 20644 22580
20637 23164 22603 23555
23600 22886 23763 21582
23305 21507 21534 23002
23070 22465 20387 22736
22796 22223 20831 22641
23940 22789 23089 21244
21177 23770 21646 23150
23953 21747 22390 21791
23171 21634 21409 22949
22161 23566 22171 22663
21926 22876 21038 23252
24430 21215 23010 22305
20682 23133 22614 23509
23248 19510 23279 23595
23051 20114 23169 24101
23027 20165 23331 24033
22871 20331 23205 23983
21168 23885 21729 23082
23981 22743 23076 20938
22135 23597 22375 22429
23862 22323 23838 21900
24570 21286 22912 22374
23166 19855 23416 23440
22014 23586 22092 22677
20936 22609 22639 23254
23160 21467 21373 23003
23117 20241 23190 23920
23220 19689 23311 23480
22305 22374 23313 24118
23270 19664 23333 23445
21139 23698 21627 23167
23915 22749 23167 21071
22774 22040 20946 22617
23720 23186 23042 20717
22336 21581 23221 24208
24483 21208 22905 22406
23840 23099 23108 20533
23916 22995 22820 20754
23028 22271 20693 22624
22577 22357 20879 22844
22806 22250 20951 22412
22723 20346 23169 23946
23298 21498 21596 22933
23763 22889 22734 20801
24072 22631 23040 21203
21093 22794 22639 23203
23901 22325 23762 21974
22688 22367 21186 22721
23057 19407 23441 23615
24489 21233 22945 22175
23084 20323 23224 23858
24574 21271 22859 22337
22337 21531 23191 24050
24064 22764 23023 21122
23737 23041 23707 21535
23805 22855 22699 20886
22681 22276 20839 22873
23762 23093 22941 20631
22580 23971 22712 22211
22156 22293 23298 24158
22754 22436 20942 22656
24472 21261 22989 22370
22521 23907 22674 22281
22612 23858 22549 22124
22597 22684 21324 22705
24044 21762 22232 21797
23783 22859 23073 20856
22676 22598 21199 22703
22637 22656 21264 22768
22729 22531 20901 22753
23800 22974 22728 20830
23073 22412 20660 22623
22452 23904 22591 22344
22427 23962 22599 22252
23743 23048 23016 20684
22669 22590 21360 22725
22555 23835 22648 22325
23086 19682 23462 23416
20177 23060 22463 23578
22522 23874 22502 22321
22609 23960 22385 22178
23883 22882 22782 20823
23874 22988 22935 20573
22635 23819 22527 22314
22499 23968 22515 22359
20186 23041 22422 23626
22729 22531 20901 22753
20182 23203 22455 23577
24009 22778 23195 20836
20934 22767 22672 23164
22668 22645 21280 22667
22637 23866 22412 22259
23819 23165 22722 20698
24434 21262 22932 22336
22649 22644 21337 22676
22660 22675 21329 22668
22586 23834 22517 22348
23816 23219 23024 20567
23816 23219 23024 20567
20157 23110 22304 23458
22106 21551 23073 24158
22324 23857 22471 22179
22916 22013 20327 22613
23160 19359 23331 23336
23639 22935 23591 21492
23718 23086 22974 20518
24545 21188 22864 22295
21886 22820 21014 23123
21991 23363 22004 22675
21238 23461 21445 22991
21014 23639 21479 23149
23981 21834 22121 21901
24004 21830 22218 21957
21093 23649 21546 23100
20407 23046 22491 23514
22841 20450 23143 23781
23564 22984 23270 21379
24415 21120 22831 22332
23277 21474 21370 22872
23702 23122 22963 20664
22896 22024 20623 22563
23202 19668 22846 23308
23815 22710 23137 20857
24432 21235 22879 22278
24353 21197 22936 22333
23858 22488 22855 21195
22851 20038 23327 23399
24409 21164 22757 22374
22660 22474 21174 22706
20218 23083 22504 23533
23019 20251 23082 23731
22277 21429 23062 24152
22605 22549 21191 22711
23832 22589 23042 21077
22828 20231 23204 23898
22796 20323 23040 23910
23082 22013 20389 22369
23103 19574 23431 23393
21045 23659 21517 22932
23900 22752 23053 20964
22969 22289 20427 22324
22844 20297 23129 23981
22915 22185 20507 22444
22953 22277 20602 22335
23121 19491 23361 23338
22938 22110 20508 22582
20166 23043 22415 23566
22375 23761 22643 22189
22150 21500 23149 24149
22626 22520 21127 22594
23050 22065 20469 22500
22344 23853 22441 22060
22383 23838 22399 22242
23934 22722 23063 20998
23190 19421 23299 23470
22878 20125 23002 23944
23244 21505 21371 22895
22949 20298 23155 23844
23760 23091 22936 20559
22564 22525 21281 22631
22494 22654 21152 22609
22157 21545 23104 24154
22513 23817 22577 22297
22621 22548 21273 22540
22474 23771 22617 22121
23273 21502 21454 22992
23157 19557 23312 23444
23720 23018 22827 20581
23055 22069 20409 22454
22543 23789 22609 22212
23737 22999 22855 20589
23163 19632 23396 23314
22854 20077 23022 23903
23248 19653 23322 23380
22995 19636 23386 23329
22575 23735 22471 22110
22412 23835 22462 22112
22532 23735 22415 22283
22918 20124 22998 23905
20177 23085 22418 23461
22607 23809 22462 22119
22563 23847 22434 22180
23104 19558 23300 23398
22251 23571 22495 22005
22465 23791 22415 22237
22795 20126 23035 23839
22831 22008 20327 22586
23087 19293 23316 23356
23109 19253 23276 23452
23740 23059 22811 20476
23853 21632 22084 21723
23259 21492 21304 22888
23777 22643 22917 20935
23018 22020 20418 22414
22813 20354 23085 23754
23822 21693 22147 21686
22644 22126 20745 22527
23550 23055 22923 20631
22630 21997 20915 22672
22372 23764 22342 22260
23104 19557 23263 23315
23675 23121 22890 20538
23649 23003 22873 20604
23806 22681 23119 20672
22568 22441 21185 22618
22476 22325 21109 22659
23123 19651 23257 23324
22721 20291 23135 23648
22301 23705 22486 22159
22258 23750 22557 21806
22604 22313 20841 22596
23808 21679 22164 21825
22549 23786 22454 22091
23115 19296 23246 23386
23181 19275 23257 23414
22734 20161 23144 23812
22762 20272 22985 23819
23846 21680 22085 21798
22369 23756 22355 22163
22748 20035 22864 23761
22768 20109 23064 23650
22792 21913 20183 22460
23408 22917 22742 20470
23646 22946 22734 20589
23023 21348 21175 22770
22425 23729 22298 21894
22502 22281 20801 22528
23516 23019 22676 20525
21944 22048 20647 22458
22299 23745 22127 21849
23569 22925 22651 20554
22343 23724 22066 21820
23508 22886 22591 20499
20047 23207 22677 23697
21648 21375 24707 22217
22067 22079 23451 24816
22481 24419 22788 22234
23073 22599 19972 23078
23173 19401 23511 23458
23963 22998 23248 20770
25001 21173 22794 22179
22946 22687 20639 23011
24777 21364 23145 23008
22569 23902 22378 22029
23255 20965 22413 23911
22818 22666 24515 21698
22386 24256 22770 22553
21452 23610 21410 24207
24330 21846 23000 23116
22178 22567 22044 23251
22414 24165 22575 22441
23154 23159 24304 21777
22476 22773 21156 22937
22781 23024 21521 22332
24538 21368 22992 22672
22878 21581 21728 23274
23176 19966 23357 23420
22643 21993 23777 24289
21250 24028 21687 23180
23307 20280 23596 22912
21915 22268 23530 24580
20152 23364 22681 23599
23101 19800 23414 23751
21874 22164 23465 24714
24453 21238 23269 22717
21603 23466 21424 24151
21553 23463 21617 24179
20269 23281 22741 23670
20619 23128 22712 23081
23998 22919 23202 20840
22308 23997 23055 22613
22514 23762 22350 22428
22789 22841 24185 21829
22661 23857 22468 22188
23254 22207 24453 21829
22905 23044 24092 21874
23206 20595 23972 22823
23057 21928 21872 22707
23911 22891 23096 21019
22844 22798 20903 23079
21876 23333 22175 22944
23871 20843 23300 23044
23723 22885 23612 21585
20327 23199 22534 23789
22905 20497 23211 23809
21624 23650 21495 24056
22794 21428 21554 23298
22961 21513 21712 23267
22918 22798 20832 23104
23972 22869 23152 20943
21808 22306 23686 24475
21911 22394 23685 24359
21678 23588 21471 24022
22311 22685 21044 22969
21610 23455 21581 24058
23667 23078 23736 21380
23330 20645 23926 22727
21295 23982 21800 23481
21040 22515 23426 23855
21104 22495 23226 23558
21857 22060 23686 24404
23761 20866 23327 22921
23246 19599 23400 23602
21145 23864 21910 23235
23181 19750 23259 23618
21351 24003 21778 23336
20717 23083 22597 23271
21729 23802 21979 23556
23595 20787 23529 22976
24240 22097 22923 21112
22054 22566 21953 23296
23347 20681 23935 22684
23041 20367 23603 22881
21195 23822 21813 23233
23150 20086 23272 23514
21970 22208 23481 24228
20437 22943 22246 23331
23456 20717 23510 23021
23217 20551 23940 22789
22503 23572 22354 22217
22993 19628 23585 23436
24498 21210 23285 23018
21320 24009 21755 23384
22527 23419 23038 22911
20388 23237 22744 23359
22989 19707 23464 23549
20515 23255 22762 23324
24041 22213 22869 21277
23247 20373 23574 22864
23823 22822 23644 21518
20453 22913 22298 23500
23150 20086 23272 23514
22928 20706 22465 23885
20979 22471 23470 23846
23587 20604 23608 22761
20947 23046 22635 23139
23522 20527 23810 22853
23170 19485 23415 23539
24209 22637 22718 21504
24298 22850 22754 21308
23063 19497 23507 23374
20787 23076 22553 23325
20878 22433 23494 23794
24249 22755 22817 21479
22332 23783 23130 22784
21755 23603 21843 23433
20898 22555 23484 23867
22858 22919 20846 23130
23552 20678 23521 23021
23505 20735 23860 22846
21645 23628 21826 23596
20754 23311 22628 23086
20987 22757 23636 23775
23136 19616 23464 23728
24053 22166 22905 21314
23641 23044 23555 21559
20488 22891 22326 23511
21792 22265 23712 24152
24104 22907 23014 20953
21929 22225 23570 24451
23770 22833 23694 21469
23505 20735 23860 22846
21941 22255 23592 24427
20864 23276 22645 23163
20421 22914 22207 23368
23803 22978 23561 21576
22341 23988 23065 22673
20850 23252 22858 23010
22548 22663 21066 22878
23737 23037 23731 21431
24091 22216 22843 21164
23746 23041 23822 21423
24172 22760 22623 21403
23904 22187 23015 21219
21678 23588 21471 24022
22908 22987 24059 21790
21957 22297 23677 24321
21957 22330 23643 24223
22491 22646 21085 22948
24077 22129 22910 21180
23965 22199 23005 21230
22908 22987 24059 21790
20422 23257 22751 23217
24122 22109 22929 21205
23911 22897 23041 21123
20734 23259 22544 23171
24058 22181 23000 21142
22905 23044 24092 21874
22876 22614 20839 23177
23951 22980 23204 20952
23815 23045 23687 21549
21954 22330 23686 24315
24168 22171 23006 21174
24184 22131 22882 21201
20896 22986 22565 23241
24184 22131 22882 21201
24249 22755 22817 21479
23991 22832 23269 21129
24137 22295 22924 21130
24137 22295 22924 21130
22491 22646 21085 22948
24122 22109 22929 21205
22918 22798 20832 23104
22491 22646 21085 22948
24122 22109 22929 21205
19988 23229 22647 23643
21800 22213 23584 24417
22388 24161 22558 22243
22812 23004 24065 21758
22897 22555 20540 22985
23099 19457 23461 23593
23892 22783 23124 20772
24753 21347 23057 22391
21508 23337 21561 24074
23101 19922 23123 23346
21709 23761 21942 23529
22931 22966 23922 21732
22593 21494 21507 23188
24101 21965 22915 21124
22910 20366 23514 22821
21579 23574 21490 23933
22650 23755 22306 21983
24405 21048 23172 22951
22981 20691 22211 23799
22122 23399 22860 22630
23644 23065 23710 21320
22831 22842 20795 23103
22573 23807 22346 22034
22459 23529 22279 22241
20690 22980 22286 23044
23691 22900 23468 21500
21914 22140 23566 24331
21323 23989 21764 23102
22907 22593 20549 22938
22960 20742 22397 23725
22787 21344 21423 23238
22535 21461 21484 23284
20800 22371 23361 23861
22186 22610 21272 22885
23863 20912 23226 22703
21114 23800 21852 23249
20920 22442 23353 23744
21022 23965 21602 23159
22703 22723 20870 23067
23992 22278 22808 21118
21171 23808 21791 23373
20487 23085 22628 23186
24086 22046 22857 21156
23746 22847 23076 20903
20114 23277 22503 23399
23262 20731 23844 22753
20401 23148 22703 23266
22344 24009 22433 22348
21718 22229 23615 24172
21914 22009 23609 24235
23839 22878 23005 20888
21830 22472 21663 22877
20759 22899 22467 23132
24248 22667 22803 21479
23561 22809 23809 21415
23309 20495 23636 22766
23046 19791 23220 23453
22361 24135 22529 22293
22266 22510 21194 22843
20224 22953 22277 23309
24514 21174 23043 22893
23159 19503 23360 23591
23920 22768 23147 21047
22303 23831 22871 22508
24485 21210 23180 22726
22285 23905 22996 22368
23908 22817 23009 21025
21880 22115 23561 24352
21135 23853 21764 23206
23140 19557 23309 23525
20176 23208 22690 23626
24583 21322 23080 22734
23047 19788 23257 23488
23605 22856 23747 21346
24217 22678 22591 21440
21836 22264 23551 24189
22177 22784 21085 22708
23408 22849 23662 21379
23297 20573 23889 22570
22177 23584 22788 22673
20294 22881 22326 23416
23107 19697 23151 23551
24069 22272 22885 21094
24660 21275 23124 22778
20061 23241 22507 23610
22272 22713 21006 22617
23110 19608 23395 23473
22452 22602 20958 22770
22763 21489 21554 23200
23028 20624 22377 23807
21836 22209 23492 24408
22438 23632 22241 22326
20396 22868 22241 23465
22700 22841 20816 23095
23010 20701 22331 23756
22232 22578 21525 22678
22195 23965 22943 22538
23493 20428 23607 22814
22201 23710 23084 22563
24409 21175 23020 22923
24164 22685 22568 21436
23441 20609 23651 22635
20813 22810 22561 23160
23386 20626 23614 22801
22427 22708 21164 22852
22279 23964 23043 22575
24113 22715 22684 21433
22973 19677 23325 23625
22426 22701 21103 22928
20470 23238 22539 23183
22459 22697 20990 22716
20290 22873 22242 23476
22410 23751 22282 22273
24489 21270 23085 22787
22888 22694 20804 23084
23065 19472 23443 23240
20422 23076 22630 23256
22297 23622 22857 22530
20805 22473 23428 23738
21150 23855 21787 22891
22315 21292 23173 22652
23290 20580 23734 22561
23049 19694 23329 23319
23856 22154 22907 21128
22374 23976 22420 22285
23481 20666 23628 22729
23862 22087 22858 21137
22430 22657 20974 22768
22900 20383 22888 23594
22231 23619 22899 22620
23673 20692 23227 22919
23474 20584 23502 22846
23524 20688 23459 22837
23660 22826 23592 21498
23720 22882 23493 21483
23117 19558 23151 23468
23391 20623 23380 22875
23542 20699 23438 22867
23703 22992 23744 21341
23494 20685 23581 22786
24491 21275 23127 22659
22380 23965 22507 22382
23705 20699 23251 22886
24079 22153 22874 21121
20020 23080 22501 23480
21874 22101 23495 24339
22265 23932 23008 22548
22864 22634 20667 23015
23058 20684 23828 22543
23082 19397 23329 23389
23863 22772 22979 20850
24572 21294 22982 22606
21795 22158 23529 24317
22439 23461 22112 22047
23891 21944 22869 20999
22728 22891 23747 21641
21467 23523 21428 23813
20075 23112 22310 23463
20905 23921 21590 22974
23093 19737 23100 23334
22397 23646 22242 22193
23098 19487 23287 23494
22658 21405 21466 23013
20352 23082 22526 23041
23082 20249 23689 22750
22160 22727 20937 22675
23687 22862 23713 21322
20228 22978 22601 23191
24240 22640 22781 21383
22411 22573 21104 22760
22549 21396 21302 23033
21534 23540 21650 23208
22759 21253 21344 23090
23498 20590 23218 22671
22886 22602 20775 22690
22959 20581 22268 23705
21395 23509 21853 23415
23136 20683 23708 22448
24176 22653 22716 21160
20172 22905 22100 23265
21211 23774 21670 23052
22172 22608 21135 22800
22313 22649 21073 22897
24061 22020 22856 21145
21087 23827 21545 23142
20313 22815 22165 23345
24330 20985 23112 22862
24043 22119 22797 21179
23795 22069 22801 21080
21499 23585 21762 23282
20327 22746 22013 23337
21132 23680 21590 23169
24329 21138 23031 22646
23813 22737 23064 20884
22267 22659 20987 22688
21020 23582 21902 23205
21028 23730 21715 23128
23165 20545 23591 22503
23234 20370 23439 22833
24360 21070 23130 22723
22955 20540 22249 23774
20956 23780 21729 23008
23000 19437 23331 23470
22746 21385 21467 23147
23475 20647 23408 22763
24520 21270 23039 22611
23217 20502 23731 22558
23352 20483 23648 22605
24260 20989 23138 22799
24274 21019 23078 22854
23410 20670 23381 22858
21440 23485 21883 23405
23327 20454 23551 22730
24426 20988 23041 22733
23268 20401 23623 22766
23288 20567 23490 22742
23889 22122 22784 21088
23390 20467 23602 22683
23402 20682 23442 22651
23059 20378 23628 22694
23072 20456 23521 22751
19898 22904 22241 23255
21050 23824 21524 22935
21768 22124 23476 24309
22772 22492 20581 22982
22844 20264 23691 22486
23083 19717 23024 23298
23631 22674 23116 20822
24073 22085 22764 21083
24031 22078 22758 21235
20191 23008 22526 22994
21992 23663 22912 22353
20918 23684 21560 22927
23322 20640 23353 22852
22174 23593 22990 22416
22170 22534 20970 22705
22715 22559 20662 22927
21043 23776 21495 22977
22131 22941 22384 22505
23262 20443 23485 22546
23847 22174 22779 21082
23857 22239 22777 20963
23331 20508 23266 22733
23004 20309 23418 22781
22159 23649 22600 22391
22885 20364 23455 22623
23388 20551 23373 22606
23975 22123 22767 20959
23112 20549 23380 22580
22828 22509 20590 22916
23289 20487 23392 22707
20965 23737 21464 22964
21995 22691 20770 22462
22871 20484 23346 22598
23262 20426 23293 22631
23944 22067 22530 20894
23968 22018 22620 21026
22119 23538 22921 22221
23755 22000 22735 21097
23209 20453 23219 22594
23701 22032 22674 21031
23906 22048 22734 20960
22069 23536 22918 22149
23664 22001 22490 20970
20191 23402 22558 23420
21648 21375 24707 22217
22067 22079 23451 24816
22481 24419 22788 22234
23073 22599 19972 23078
23371 19307 23286 23392
23864 23090 23206 20573
25001 21173 22794 22179
23098 22560 20646 22599
21874 22164 23465 24714
20623 23319 22745 23653
22818 22666 24515 21698
24487 21388 23378 22843
20335 23393 22636 23635
23028 19859 23044 24164
23781 23138 24008 21424
24857 21256 22917 22377
24656 21451 22713 22179
23304 22885 24126 21889
23488 23154 23768 21500
23683 23004 23871 21537
21303 23616 21840 23193
21679 23313 21558 23737
24189 21948 23047 22125
23064 19994 23043 24102
23468 21671 22255 23179
24378 21795 23034 22544
22386 24256 22770 22553
23255 22992 24229 21939
24009 22955 23277 20981
24031 22812 23177 20625
23869 23118 23104 21160
22180 22353 23480 24539
23442 21565 22298 23017
21134 23640 21485 23807
23754 22993 23991 21635
22307 22438 21997 23361
23854 22910 23100 21286
24301 21906 23373 22245
20828 22751 22524 23656
22160 22181 23427 24554
22330 22399 23545 24343
22748 22620 21335 22682
23210 19617 23674 23484
22012 23444 22578 22973
21358 23848 21629 23301
22955 20895 22318 23911
23160 20957 22510 23886
23178 22616 20839 22591
21048 23569 21543 23703
24029 22863 23323 20949
22330 22399 23545 24343
20256 23344 22673 23457
22540 22748 21008 22799
24720 21076 23124 22283
21208 23573 21494 23781
22992 22817 24390 21927
23686 23042 23834 21554
20780 23000 22673 23779
23347 20057 23500 23154
22395 24022 22702 22560
24755 21327 22491 22035
23065 22781 24349 21842
22234 23643 22547 22934
22538 23923 22776 22323
22523 24142 22681 22471
22938 22537 21089 22708
23886 23024 23322 20717
24000 23085 23166 21225
21911 23623 22621 22812
21172 23519 21639 23826
23116 19723 23789 23445
22947 20767 22305 23983
23275 19406 23439 23298
24302 21792 23188 22320
24688 21185 23018 22285
23017 20344 22844 24027
23951 23045 23318 20734
23984 23254 23159 20807
22120 22204 23724 23871
21525 23633 21774 23105
22078 22278 23626 23966
22899 22370 21073 22747
23826 23135 23072 20859
24746 21535 22570 22201
23285 20677 22192 23595
24189 21948 23047 22125
22676 22246 21681 22572
22262 22324 23537 24542
22878 22547 21195 22772
23753 23041 23864 21693
23815 22997 23240 20769
22439 22523 22148 23252
24342 21926 23310 22262
23280 20549 22402 23516
22635 22688 20989 22607
22700 22768 20888 22827
22717 20257 23265 24000
23108 22803 24386 21838
24792 21311 22416 22011
21048 23569 21543 23703
23212 20643 22430 23557
21461 23681 21739 23186
22825 20406 23138 23628
21573 23397 21697 23306
23123 19819 23744 23534
24769 21318 22399 21983
22734 20187 23139 23750
22144 23682 22585 22968
22465 22527 22090 23328
22619 23862 22694 22462
22244 23754 22530 22827
22758 20100 23208 23698
23116 20605 22814 23907
23885 23143 22950 20828
22460 22581 22047 23296
22523 24142 22681 22471
23215 19811 23661 23514
21420 23715 21806 23198
23070 22774 20978 22616
22785 22546 21272 22731
23214 20308 22887 23835
22886 22469 21207 22720
23222 19674 23562 23457
22619 23862 22694 22462
23274 20706 22373 23476
21537 23664 21766 23395
22792 20212 23132 23671
23836 23210 23133 20813
22419 22524 22125 23344
22789 22590 21314 22627
21433 23631 21801 23211
24705 21258 22542 22300
23355 20554 22298 23616
21400 23740 21699 23241
22953 20124 23085 23626
23066 22656 20868 22818
22839 20057 23113 23509
22861 22352 21220 22718
24674 21307 22704 22370
23175 19676 23601 23545
23275 19406 23439 23298
22798 22364 21239 22763
22070 23440 22528 23015
22092 22189 23676 23926
23230 20397 22839 23849
23196 20714 22208 23405
23233 20741 22423 23403
23017 20364 22856 23858
24702 21303 22562 22282
21157 23180 21313 23910
22754 22264 21309 22767
22403 22618 22024 23271
23850 23151 23057 20831
22681 22431 21312 22839
23206 20694 22467 23653
22991 20117 23139 23407
23170 19687 23670 23447
23183 20365 22804 23913
23167 20715 22468 23354
23108 22803 24386 21838
22809 20111 23206 23825
21400 23740 21699 23241
22092 22189 23676 23926
22833 20290 23153 23655
22814 20277 23112 23726
22390 22603 22019 23349
21454 23571 21802 23267
22748 20276 23280 23732
23273 20401 22805 23826
20315 23219 22603 23332
22177 22212 23501 24530
22376 23834 22592 22267
22999 22527 20682 22657
23048 22722 24336 21747
23109 19488 23643 23446
23750 23105 23087 20602
24738 21245 22525 22213
24272 21895 23238 22238
23445 21650 22217 23003
22210 22263 23336 24341
23011 20653 22287 23868
23264 21532 22072 23021
22580 23781 22680 22351
21821 23333 22499 22994
22914 20828 22363 23838
23942 22878 23245 20936
21002 23492 21445 23566
20743 22981 22613 23677
23666 22988 23810 21373
22354 22447 21897 23330
23834 23035 23018 21172
23020 20468 22406 23459
21189 23649 21583 23138
23187 22906 24006 21834
22796 22488 21112 22705
22561 22698 20842 22723
23065 19807 23573 23348
21524 23518 21738 23337
24679 21399 22480 21992
24333 21491 22497 22040
24599 21100 22935 22196
23033 22747 20684 22599
21384 23571 21806 23091
21123 23427 21383 23778
23599 22912 23737 21457
22614 22255 21271 22796
22753 20040 23061 23653
23593 22857 23813 21638
23646 23069 22766 20740
24578 21277 22503 22152
23050 20175 22884 23826
21312 23764 21567 23208
21433 23624 21654 23207
23039 22695 24263 21777
22313 22274 22095 23328
23373 21485 22083 23019
22921 22978 23896 21596
23937 23054 22967 20780
22773 20252 23143 23567
20777 22843 22540 23686
23698 22823 23959 21561
22754 22512 21022 22725
23212 20553 22261 23432
22192 22127 23373 24459
22952 22857 24132 21651
22910 22506 20924 22616
21942 22052 23586 23808
22963 22645 24126 21784
23710 22799 23747 21495
21100 23444 21502 23663
23875 23172 23079 20722
22113 22315 23333 24390
23199 19650 23547 23323
22703 20093 23134 23676
23873 23015 23155 21075
21130 23336 21431 23698
23752 23023 23029 20994
22216 22061 23467 23686
23130 19543 23597 23455
21221 23533 21783 23179
23237 20624 22334 23404
23053 20716 22306 23733
23010 22688 20716 22614
22195 22100 23423 24484
21906 22217 23535 23736
23805 22930 23212 20897
22790 22401 21177 22639
21986 23507 22505 22932
22723 22253 21162 22757
21328 23597 21760 22993
23806 22762 23280 20851
21291 23537 21757 23257
24599 21100 22935 22196
21480 23636 21720 23054
21500 23399 21497 23348
22951 22971 24000 21725
23210 19736 23537 23418
22655 22579 21222 22611
24581 21292 22621 22122
22084 23502 22551 22880
22768 20235 23008 23587
22595 22226 21185 22829
21514 23579 21705 23320
23170 20677 22393 23595
24706 21361 22490 22077
22149 22213 23321 24384
22137 22284 23389 24482
23858 22899 23225 20960
23688 22969 23275 20852
23014 22613 20859 22623
23678 23063 22750 20726
24728 21260 22453 22027
23719 22983 23208 20660
24586 21296 22687 22050
23025 20633 22398 23494
23866 23014 23179 20665
22340 22494 22086 23285
23139 19515 23568 23418
22712 22631 20899 22610
22744 20176 23186 23667
23188 20637 22354 23552
24643 21301 22587 22076
22748 20049 23182 23614
22985 20701 22327 23643
23066 22670 20843 22599
21958 23558 22524 22881
22753 22581 21227 22609
24644 21343 22488 22171
24609 21309 22495 22003
24585 21342 22554 22003
24678 21267 22533 22223
22086 23524 22497 22906
20752 22844 22526 23641
21978 23336 22456 23004
22140 23545 22490 22828
24735 21271 22351 22005
21945 23509 22488 22920
20720 22851 22596 23643
21246 23676 21517 23205
22064 22064 23252 24529
22852 22521 20514 22469
22903 22822 23943 21623
23149 19675 23512 23367
23932 22683 23065 20539
24709 21048 22522 22161
24137 21829 23109 22220
22018 22053 23474 23845
23042 22902 23895 21552
22706 20150 22842 23510
21415 23624 21559 23069
23400 21590 22011 22942
21017 23273 21455 23590
21904 23504 22403 22867
23805 22756 23114 20944
22117 22247 23292 24409
24455 21347 22426 21938
23175 20414 22102 23368
21010 23243 21218 23657
23417 21478 22150 22967
22531 22496 20917 22577
22787 22502 23749 21797
23100 20657 22234 23261
22316 23608 22469 21976
22018 22356 21876 23290
22854 22415 20709 22403
22904 22699 23713 21689
21327 23467 21621 23308
22698 19842 23173 23580
21942 23456 22457 22828
23610 23098 22809 20706
22177 22226 22015 23123
23712 23060 22688 20711
22593 22481 21189 22594
22991 22513 20544 22421
23866 23084 23039 20674
22716 22295 21004 22688
22695 22348 21223 22557
22722 22329 21047 22508
22681 22193 21104 22666
23028 22486 20658 22555
23664 22640 23304 20902
22052 22051 23452 24513
22650 22393 20955 22671
23781 22949 23090 20639
21303 23612 21614 23187
23138 20479 22230 23238
23136 20618 22156 23451
22108 22124 23416 24490
22086 22187 23448 24458
23726 23115 22837 20664
23080 20470 22390 23559
23846 22607 23171 20838
24551 21221 22397 22171
22050 22417 21473 23073
22900 22910 23899 21565
22129 22192 23409 24500
23097 20580 22323 23509
23773 22727 23262 20793
23696 22858 23158 20562
23920 22776 23085 20585
24607 21184 22475 22104
23074 20563 22391 23408
24646 21109 22465 22049
24632 21270 22586 22056
23127 20472 22298 23373
24525 21111 22475 22121
23830 22854 23215 20863
23869 22655 23206 20737
24601 21275 22437 22167
23066 20595 22302 23427
24609 21103 22495 22118
24613 21117 22418 22112
24635 21323 22437 22068
23759 22710 23179 20922
23749 22852 23195 20887
24625 21324 22403 22159
23891 22724 23169 20731
23912 22673 23162 20661
23915 22503 23096 20646
20720 22678 22486 23433
21184 23478 21379 22998
22095 22144 23260 24463
22842 22478 20556 22349
22953 22746 23752 21400
23029 20435 22142 23440
23661 23105 22797 20489
24546 21099 22361 22025
22323 22474 20793 22558
23596 22600 22811 20690
22005 22175 23384 24417
21893 23417 22438 22811
22125 22083 21915 23144
24111 21785 23090 22049
22853 22738 23606 21494
24022 21690 23083 22214
23088 20550 22196 23341
22919 22403 20635 22555
22043 22081 23424 24422
23104 20487 22103 23147
22707 22477 20593 22342
22806 22760 23742 21429
24465 21192 22411 22080
23729 23054 22794 20578
24523 21265 22417 22053
23816 22711 23022 20596
21899 23450 22368 22840
23691 22975 23029 20556
23905 22648 23064 20512
23088 20484 22102 23400
24027 21711 23037 22090
22992 20485 22300 23114
22952 20512 22291 23299
23623 22995 23029 20531
22927 20459 22167 23359
23095 20544 22286 23356
24524 21248 22429 22061
22025 22067 23140 24295
22815 22697 23693 21334
22939 20367 22117 23296
23095 20531 22077 23325
23560 22970 22783 20526
24512 21064 22217 21991
24065 21659 22985 22033
24505 21168 22333 21984
23051 20487 22262 23182
24483 20911 22082 22005
24380 21035 22144 22000
22963 20438 22227 23284
23051 20418 22171 23208
23032 20422 22249 23211
22941 20293 22214 23061
22973 20440 22208 23156
24357 20821 22097 21866
24402 20939 22009 21968
24350 20694 21971 21938
