1 0.121931
6799 7634
7430 6991
7233 7456
7079 7508
7364 7287
7380 7223
6888 7596
6888 7596
6888 7596
6888 7596
6797 7525
7395 6912
7395 6912
7359 7219
7181 7346
6957 7447
7130 7405
6896 7494
6917 7458
7130 7405
6805 7470
7367 6836
7263 7212
7298 6931
7168 7332
7062 7366
6949 7440
7346 6881
7012 7398
6949 7440
7012 7398
7360 6843
7012 7398
6870 7416
7332 6851
6980 7341
7228 7046
7298 6928
6882 7411
7191 7191
7156 7312
7054 7320
7191 7191
7102 7317
7240 6979
7244 6961
7141 7316
7244 6961
6862 7408
7296 6796
7296 6796
7121 7280
7175 7141
7197 7046
7287 6866
7024 7294
6921 7326
7242 6939
7014 7320
6929 7324
7242 6939
7296 6796
6760 7388
7296 6569
7263 6848
6959 7303
7175 7032
6896 7313
7017 7232
7142 7085
7277 6687
7115 7168
6830 7346
7215 6938
7215 6938
6814 7379
7064 7192
7050 7204
7291 6664
7291 6664
6582 7385
7222 6369
7215 6858
6788 7338
6959 7291
6701 7371
7163 7021
7182 6861
7057 7126
7060 7049
7004 7223
7008 7161
7127 7044
7007 7200
7127 7044
6608 7365
7208 6787
6748 7334
6928 7266
7039 7124
7107 7009
7159 6860
7157 6966
6999 7204
6966 7213
7008 7134
7199 6837
6951 7258
7199 6837
7208 6787
7131 6987
7107 7009
7131 6987
6951 7258
7021 7125
7021 7125
6581 7326
7195 6591
7084 6959
7174 6732
6684 7323
7170 6793
7128 6882
7003 7107
7039 7047
6720 7262
6954 7208
6971 7182
6842 7253
6930 7252
6716 7279
6806 7261
7125 6918
6930 7252
7011 7069
6806 7261
6842 7253
6971 7182
7031 7058
7125 6918
7021 7066
7039 7047
6538 7311
6538 7311
7165 6595
7118 6812
6815 7252
6692 7278
6596 7303
6929 7214
7094 6900
6970 7138
6944 7201
7039 7009
7053 6923
6981 7094
7053 6923
7035 7046
7013 7049
6982 7051
7039 7009
6984 7050
6982 7051
6984 7050
6416 7262
6416 7262
7116 6636
6734 7248
7088 6747
6881 7198
7047 6903
7031 7037
7079 6852
7104 6689
6780 7220
6968 7089
6937 7178
7004 7046
6958 7130
6777 7241
6941 7139
7116 6636
7072 6882
7071 6891
6462 7246
6462 7246
7096 6530
6758 7235
7017 7016
7057 6786
7058 6582
7048 6866
6944 7047
6876 7191
6930 7064
6775 7206
6925 7146
7058 6582
6850 7197
6925 7146
7048 6866
7053 6802
6774 7227
6850 7197
6763 7229
7053 6802
6421 7227
7067 6519
6686 7224
7041 6714
7021 6829
7067 6519
7016 7002
6773 7221
6944 7021
6904 7141
6779 7186
6849 7164
7016 7002
6849 7164
6918 7099
6928 7036
7022 6755
7033 6736
6911 7109
6779 7186
7022 6755
6928 7036
6915 7105
6915 7105
6172 7226
7041 6692
6522 7217
7020 6814
6967 7000
7011 6935
6904 7132
6751 7161
6707 7210
6852 7137
6742 7191
6979 6966
6979 6966
6724 7200
6852 7137
6904 7132
6707 7210
6608 7205
6608 7205
7034 6619
7009 6751
6837 7124
6721 7138
6904 7064
7034 6619
6898 7109
6683 7180
6969 6959
7008 6889
6657 7198
7003 6905
6964 6999
6964 6999
7008 6889
6593 7202
7009 6664
7009 6664
6677 7163
6835 7124
6962 6993
6902 7018
7007 6725
6996 6828
6996 6828
6874 7085
6870 7086
6952 6996
6952 6996
6276 7197
6985 6774
6292 7183
6664 7155
6948 6963
6873 7054
6677 7143
6818 7122
6886 6981
6920 6976
6821 7100
6821 7100
6948 6963
6818 7122
6624 7154
6985 6497
6985 6497
6983 6728
6948 6950
6798 7122
6868 7045
6808 7096
6883 6954
6871 7010
6880 6969
6948 6950
6798 7122
6805 7099
6558 7151
6951 6678
6701 7109
6856 7001
6942 6838
6841 7045
6778 7089
6936 6903
6918 6948
6918 6948
6737 7093
6941 6849
6737 7093
6941 6849
6543 7129
6947 6573
6791 7035
6941 6810
6611 7100
6824 7032
6906 6929
6611 7100
6906 6929
6941 6810
6477 7095
6920 6504
6892 6840
6788 7030
6590 7036
6887 6929
6512 7048
6814 7011
6590 7036
6814 7011
6495 7082
6797 7024
6503 7059
6512 7048
6503 7059
6428 7083
6428 7083
6900 6410
6890 6813
6894 6435
6816 6857
6449 7041
6807 6938
6558 7035
6578 7017
6680 7011
6732 7007
6793 6993
6680 7011
6767 7004
6767 7004
6559 7024
6578 7017
6558 7035
6252 7070
6252 7070
6883 6656
6804 6900
6839 6753
6767 6981
6424 7058
6853 6713
6552 7016
6686 7005
6424 7058
6511 7027
6880 6674
6840 6748
6511 7027
6552 7016
6686 7005
6725 7001
6725 7001
6758 6999
6758 6999
6413 7049
6880 6491
6650 6996
6802 6708
6753 6764
6749 6874
6746 6955
6732 6987
6744 6978
6732 6987
6579 6993
6579 6993
6747 6539
6707 6983
6744 6860
6738 6901
6708 6946
6722 6932
6722 6932
6708 6946
6577 6986
6705 6844
6596 6883
6468 6936
6610 6833
6533 6866
6476 6916
6565 6824
6133 6688
6456 6598
6423 6637
7153 7507
7511 6932
7417 7417
7181 7460
7471 7320
7471 7320
6789 7479
7475 6554
7426 6817
7020 7449
7383 7077
7291 7283
7071 7365
7383 7077
7205 7331
7291 7283
7205 7331
7052 7414
7052 7414
6783 7477
7288 7054
7235 7254
7201 7323
6916 7446
6923 7373
7035 7370
7035 7370
6916 7446
6719 7453
6719 7453
7271 6797
6914 7443
7247 7042
7214 7204
7250 6968
7029 7319
6964 7320
7254 6826
7168 7216
7122 7286
7122 7286
6964 7320
6764 7431
7261 6743
7201 7202
6849 7338
7234 6991
7240 6944
6965 7291
7070 7216
6786 7372
6993 7280
7066 7255
6693 7402
7256 6531
6756 7275
7245 6691
7214 6980
6969 7253
7117 7198
7023 7239
7178 7177
6729 7399
7196 7013
6984 7243
7157 7179
7196 7013
7157 7179
6969 7253
6729 7395
6729 7395
7207 6788
7207 6788
6818 7231
6861 7194
7068 7188
7167 7018
7135 7130
7194 6944
7100 7156
7202 6843
7194 6944
7070 7172
7202 6843
6861 7194
6635 7382
7185 6851
6830 7174
6711 7373
6967 7169
7100 7115
7181 6926
7069 7157
7142 7012
7142 7012
6589 7362
7177 6889
7177 6889
6818 7173
7016 7057
7118 6998
6943 7165
7011 7144
6709 7260
7127 6927
6636 7278
6709 7260
7162 6890
6636 7278
6243 7333
7172 6624
6577 7330
7164 6874
7004 7126
6723 7162
7038 6989
6935 7160
6594 7206
7125 6885
6935 7160
7060 6967
7065 6896
6594 7206
6669 7197
7065 6896
6690 7176
7060 6967
6669 7197
6690 7176
6533 7303
7153 6625
6879 7152
6673 7163
7052 6952
7140 6853
6997 7033
7113 6885
7142 6698
6586 7184
6577 7251
6976 7094
6930 7129
7142 6698
6978 7077
6931 7122
6577 7251
6628 7169
6628 7169
6931 7122
6241 7294
6241 7294
7135 6714
6564 7225
7038 6931
6889 7120
7095 6877
7108 6784
6657 7149
6995 7025
6629 7159
6949 7074
6911 7107
6966 7030
6657 7149
6966 7030
6401 7225
6401 7225
7133 6392
6635 7120
6895 7089
6793 7094
6536 7173
6992 7001
7054 6805
7021 6923
7101 6641
7131 6531
7131 6531
6793 7094
7057 6798
6937 7003
7021 6923
7059 6692
7059 6692
7101 6641
6569 7134
6933 7045
6536 7173
6569 7134
6933 7045
6477 7152
6477 7152
7130 6463
7123 6531
7036 6801
6613 7116
6770 7092
6983 6921
7002 6855
6846 7077
6867 7059
6926 7032
6979 6990
6926 7032
6979 6990
7014 6813
7016 6811
7014 6813
6405 7142
7124 6406
7067 6531
6913 6994
6579 7112
7016 6685
6965 6953
7111 6497
6970 6809
6695 7087
6829 7077
6579 7112
6695 7087
6848 7050
6990 6720
6970 6809
6992 6717
7016 6685
6832 7069
6965 6953
6848 7050
6829 7077
6233 7096
7014 6309
6546 7091
6980 6489
6974 6638
6992 6321
6685 7080
6937 6749
6934 6849
6644 7087
6843 7031
6787 7073
6940 6699
6919 6885
6917 6921
6876 6989
6940 6699
6787 7073
6815 7049
6905 6956
6815 7049
6891 6986
6905 6956
6890 6988
6876 6989
6891 6986
6515 7082
6515 7082
6979 6188
6782 7070
6935 6742
6948 6462
6976 6407
6979 6188
6852 6972
6916 6842
6910 6918
6924 6778
6902 6955
6962 6457
6809 7034
6830 7007
6976 6407
6809 7034
6829 7014
6935 6742
6902 6955
6948 6462
6829 7014
6830 7007
6731 7062
6972 6228
6927 6732
6752 7024
6820 7013
6891 6904
6850 6907
6843 6950
6896 6773
6820 7013
6910 6760
6910 6760
6687 7061
6687 7061
6953 6213
6912 6727
6889 6856
6923 6501
6923 6501
6722 7035
6784 6978
6829 6944
6751 7022
6852 6870
6835 6923
6770 6996
6852 6870
6772 6987
6573 7055
6914 6479
6884 6564
6869 6701
6743 6980
6825 6915
6702 7011
6775 6965
6643 7040
6643 7040
6843 6852
6861 6749
6704 7007
6849 6834
6902 6550
6802 6920
6800 6941
6861 6749
6869 6701
6909 6529
6914 6479
6849 6834
6909 6529
6800 6941
6429 7052
6429 7052
6913 6314
6643 7031
6865 6671
6909 6492
6909 6492
6913 6314
6775 6934
6805 6877
6660 7002
6741 6968
6861 6743
6841 6744
6865 6671
6746 6961
6833 6794
6814 6835
6660 7002
6824 6819
6833 6794
6814 6835
6824 6819
6741 6968
6746 6961
6524 7006
6524 7006
6859 6716
6722 6948
6803 6841
6638 6967
6638 6967
6741 6883
6803 6841
6795 6868
6771 6878
6722 6948
6748 6882
6484 6976
6484 6976
6853 6575
6853 6575
6783 6868
6717 6927
6847 6646
6543 6947
6847 6646
6783 6868
6717 6927
6543 6947
6370 6976
6797 6574
6433 6961
6762 6840
6678 6919
6714 6902
6755 6865
6686 6918
6755 6865
6283 6968
6792 6526
6607 6870
6371 6917
6757 6761
6740 6838
6752 6824
6296 6900
6746 6516
6492 6861
6695 6718
6668 6793
6343 6882
6673 6773
6387 6818
6679 6603
6612 6747
6627 6693
6516 6727
6672 6375
6612 6656
6663 6404
6371 6719
6601 6611
6530 6611
7279 7480
7727 7098
7482 7387
6826 7479
7465 6937
7259 7477
7429 7171
7278 7289
7284 7193
7027 7471
7456 6856
7241 7455
7428 6986
7248 7126
7062 7464
7285 7076
7265 7106
7283 7089
7248 7126
6979 7460
7368 6975
7100 7396
7173 7315
7008 7435
7262 7043
7241 7188
7261 7051
7235 7295
7240 7231
7240 7231
6708 7426
7367 6938
7233 7174
7040 7333
6861 7349
7249 6964
7342 6951
7342 6951
7249 6964
6534 7333
7366 6599
7364 6913
6874 7322
7226 7053
7006 7320
7025 7181
7199 7154
7126 7173
7364 6913
7006 7320
6796 7320
7349 6749
7349 6749
7177 7136
7193 7002
7343 6893
6975 7163
6871 7310
6962 7265
7179 7048
7345 6892
6973 7192
7345 6892
6850 7302
7339 6777
7206 6888
6914 7215
7315 6868
6979 7120
7130 7117
6979 7120
7176 6976
6862 7232
7136 7045
7320 6840
7145 7015
7130 7117
7168 6980
6857 7279
6857 7279
6534 7261
6534 7261
7301 6556
7236 6866
6741 7237
7240 6570
7079 7112
7120 7090
6912 7124
6844 7219
7124 6981
6902 7207
7129 6897
6912 7124
7128 6969
7176 6885
7240 6570
6881 7209
7164 6887
7155 6894
7155 6894
6632 7207
7238 6517
7227 6832
6835 7197
7116 7046
7124 6871
7109 7078
6879 7168
6995 7091
6948 7105
7124 6871
7219 6854
6973 7097
6869 7193
6968 7103
6869 7193
7219 6854
7219 6854
7219 6854
6325 7204
6325 7204
7206 6676
6764 7188
7110 7029
7127 6830
7186 6679
7127 6830
6976 7089
7088 7040
6882 7103
7070 7076
6820 7173
6874 7148
6874 7148
6882 7103
6820 7173
7070 7076
6313 7202
6313 7202
7179 6594
7122 6800
6713 7188
7179 6594
7109 6888
6838 7101
6797 7161
7100 6971
6967 7043
6895 7067
7049 7026
6715 7166
6935 7062
7049 7026
7063 6979
7063 6979
6715 7166
6914 7066
6914 7066
6501 7182
6501 7182
7106 6725
7100 6954
6647 7177
6826 7101
6891 7056
7088 6969
6759 7133
6939 6985
6701 7157
6930 7036
6767 7122
6826 7101
7018 6981
7018 6981
6701 7157
6916 7045
6937 6995
6891 7056
6767 7122
6937 6995
6613 7171
6613 7171
7094 6774
7081 6925
6643 7136
7001 6969
6758 7123
6828 7056
6758 7123
7067 6948
6936 6990
6909 7032
6828 7056
6885 7051
6927 6996
6891 7037
7079 6933
6885 7051
6927 6996
6461 7171
7078 6616
7078 6616
6670 7093
7076 6821
6884 7042
7043 6872
6942 6963
6576 7141
6601 7110
6891 7011
7014 6943
7007 6947
6884 7042
6576 7141
7007 6947
6026 7146
6026 7146
7073 6742
6555 7130
7056 6771
6881 6988
6641 7090
6845 7041
7029 6844
6934 6931
6992 6898
7029 6844
6702 7042
6666 7081
6702 7042
6862 7016
6990 6912
6934 6931
6978 6926
6666 7081
6981 6924
6862 7016
6869 7001
6869 7001
6992 6898
6978 6926
6506 7128
7049 6563
7027 6807
6840 7029
6965 6903
6698 7034
6569 7041
6989 6886
6877 6927
6627 7039
6698 7034
6862 7012
6873 6935
6569 7041
6627 7039
6863 6977
6863 6977
6989 6886
6877 6927
6404 7049
7026 6656
6417 7048
6762 7029
6972 6877
7014 6731
6869 6906
6847 7004
7013 6791
6937 6896
7026 6656
7013 6791
6791 7020
6818 7005
6762 7029
6869 6906
6818 7005
6417 7048
6453 7024
7018 6531
6901 6869
6847 6995
7007 6739
6724 7013
6986 6783
6540 7020
6758 7007
6534 7021
6998 6759
6754 7012
7007 6739
6758 7007
6540 7020
6754 7012
6809 6995
7012 6446
6971 6777
6994 6710
6866 6832
6833 6985
6849 6865
6854 6846
6781 6992
6781 6992
6974 6561
6935 6732
6802 6980
6907 6745
6969 6656
6862 6815
6840 6841
6862 6815
6819 6906
6819 6906
6972 6638
6907 6745
6841 6838
6969 6656
6841 6838
6577 6983
6970 6516
6855 6699
6921 6698
6832 6811
6937 6613
6694 6982
6940 6555
6694 6982
6794 6977
6794 6977
6801 6887
6970 6516
6805 6853
6823 6840
6801 6887
6823 6840
6577 6982
6577 6982
6959 6486
6792 6922
6931 6511
6729 6977
6903 6644
6840 6696
6827 6805
6736 6968
6827 6805
6889 6646
6840 6696
6889 6646
6729 6977
6523 6979
6523 6979
6927 6442
6927 6442
6827 6742
6866 6646
6732 6952
6888 6563
6649 6977
6788 6823
6925 6479
6754 6869
6649 6977
6785 6863
6754 6869
6785 6863
6631 6957
6921 6432
6797 6732
6691 6930
6882 6521
6782 6833
6816 6655
6864 6615
6691 6930
6834 6640
6882 6521
6751 6855
6751 6855
6774 6852
6864 6615
6621 6951
6621 6951
6834 6517
6792 6666
6766 6843
6816 6651
6708 6853
6639 6914
6782 6800
6708 6853
6639 6914
6782 6800
6816 6651
6315 6950
6773 6795
6538 6863
6578 6823
6684 6804
6659 6788
6761 6722
6706 6763
6689 6761
6732 6613
6708 6708
6664 6753
6716 6565
6681 6682
6581 6740
6638 6537
6629 6666
6602 6725
6198 6702
6581 6519
7238 7636
7385 7368
7166 7600
7348 6894
7239 7285
7306 7171
7202 7338
7306 7171
7202 7338
7155 7567
7155 7567
7345 6808
7254 7152
7294 6908
7294 6908
7294 6908
6836 7515
6836 7515
7333 6607
7011 7430
7283 6885
7149 7071
7082 7360
7199 6937
7135 7237
7173 7001
7269 6892
7011 7430
7094 7296
7094 7296
7135 7237
7135 7237
7094 7296
6499 7396
7278 6822
7278 6822
7075 7354
6775 7386
7128 6993
7193 6856
7162 6989
7182 6921
7182 6921
7247 6845
7237 6850
7162 6989
7237 6850
6695 7374
7278 6768
6801 7344
7070 7144
6956 7326
7026 7159
7179 6845
7015 7314
7145 6960
7135 6986
7231 6824
7245 6786
7135 6986
7015 7314
7135 6986
6546 7328
7276 6652
6973 7278
6746 7327
7239 6750
7146 6808
6820 7289
7042 7092
7133 6914
7070 7017
6981 7133
6983 7122
7100 6975
7121 6969
6558 7302
7202 6581
6972 7265
6636 7284
7146 6670
7026 7092
7080 6958
7034 7078
7127 6785
7121 6817
7097 6938
7098 6876
6619 7295
7098 6876
7127 6785
6634 7286
6619 7295
7034 7078
6575 7289
7191 6541
6658 7262
7107 6814
6919 7237
6946 7205
6952 7052
7038 6950
7009 7040
7049 6910
7023 7027
7083 6859
6952 7052
7070 6884
6929 7210
7023 7027
7075 6862
6929 7210
6946 7205
7075 6862
6529 7259
7073 6693
6624 7252
6885 7217
7007 7011
7007 7011
7071 6810
7071 6810
6946 7151
6908 7175
6946 7151
6556 7253
6945 7168
6556 7253
6384 7254
7063 6557
6549 7222
6975 7006
6858 7179
6708 7189
6996 6905
7022 6734
7037 6673
6938 7110
6938 7110
7006 6836
6768 7188
6999 6841
7031 6676
6708 7189
6768 7188
7006 6836
6410 7212
6410 7212
7053 6485
6633 7187
6487 7199
6987 6901
6935 7065
6813 7162
7024 6585
7001 6802
7004 6675
6962 6997
6843 7146
6724 7179
7001 6802
7013 6665
6724 7179
6881 7099
6975 6980
6874 7105
7039 6535
7039 6535
7053 6485
6973 6981
7004 6675
6874 7105
6508 7183
6508 7183
7052 6348
6626 7160
7022 6482
6802 7159
6954 6942
6955 6818
7009 6654
6918 7008
7052 6348
6834 7064
6999 6800
7009 6654
6829 7146
6896 7035
6999 6800
6878 7051
6802 7159
6878 7051
6695 7157
7009 6531
6828 7099
6916 6987
6772 7148
6952 6866
6977 6771
6925 6912
6700 7155
6820 7136
6979 6692
6990 6673
7007 6589
6916 6987
7007 6589
7009 6531
6990 6673
6632 7150
7003 6413
6915 6985
6827 7034
6762 7123
6980 6573
6935 6866
6951 6786
6783 7091
6963 6709
6976 6600
6963 6709
6783 7091
6944 6837
6940 6839
6976 6600
6944 6837
6940 6839
6652 7123
7003 6411
6949 6619
7003 6411
6944 6685
6800 6981
6898 6950
6705 7095
6779 7083
6933 6817
6920 6852
6705 7095
6861 6979
6861 6979
6793 7033
6949 6619
6898 6950
6779 7083
6782 7039
6931 6849
6933 6817
6788 7034
6920 6852
6931 6849
6782 7039
6481 7086
6952 6352
6759 7080
6948 6605
6952 6352
6918 6806
6940 6671
6930 6782
6890 6928
6782 7009
6857 6967
6859 6944
6890 6928
6759 7080
6772 7045
6777 7030
6781 7010
6857 6967
6859 6944
6772 7045
6781 7010
6782 7009
6356 7086
6356 7086
6948 6575
6677 7074
6927 6774
6893 6788
6883 6891
6695 7020
6815 6939
6690 7053
6768 7014
6878 6921
6768 7014
6771 6957
6771 6957
6919 6775
6853 6930
6853 6930
6275 7080
6935 6575
6570 7069
6490 7073
6765 7006
6927 6653
6873 6869
6886 6758
6923 6755
6765 7006
6766 6923
6768 6921
6824 6897
6829 6875
6923 6755
6824 6897
6829 6875
6766 6923
6528 7062
6528 7062
6932 6509
6904 6740
6611 7001
6927 6618
6883 6741
6684 6995
6753 6960
6869 6839
6869 6839
6927 6618
6932 6509
6819 6890
6611 7001
6684 6995
6753 6960
6778 6897
6819 6890
6778 6897
6348 7058
6348 7058
6910 6496
6488 7034
6780 6850
6902 6644
6910 6496
6898 6735
6729 6873
6592 6999
6842 6786
6599 6988
6842 6786
6717 6930
6901 6694
6677 6972
6902 6644
6700 6960
6677 6972
6712 6957
6592 6999
6712 6957
6285 7048
6895 6604
6412 6997
6866 6664
6654 6968
6825 6685
6510 6973
6430 6980
6703 6947
6709 6866
6772 6788
6510 6973
6822 6745
6763 6840
6763 6840
6657 6954
6780 6781
6804 6765
6698 6950
6725 6864
6415 6994
6725 6864
6809 6759
6822 6745
6709 6866
6809 6759
6703 6947
6149 6990
6149 6990
6878 6522
6177 6951
6701 6896
6698 6947
6733 6751
6470 6950
6470 6950
6802 6730
6860 6619
6812 6640
6748 6734
6833 6620
6812 6640
6177 6951
6679 6942
6874 6400
6718 6748
6797 6623
6688 6931
6849 6462
6815 6521
6867 6435
6815 6521
6526 6857
6762 6402
6705 6715
6588 6837
6692 6738
6439 6836
6607 6395
6582 6687
6554 6796
6079 6814
6470 6479
6288 6787
7111 7532
7111 7532
7465 7011
7465 7011
7276 7362
7372 7140
7111 7532
7111 7532
6785 7504
6785 7504
7370 6953
7021 7479
7109 7386
7257 7110
7238 7286
7350 6993
7254 7225
7247 7245
6785 7504
6694 7475
7350 6868
7076 7318
7275 6979
7203 7284
6988 7426
7247 7169
6916 7449
7247 7169
7344 6943
6916 7449
7344 6943
6643 7427
7330 6942
6798 7397
7036 7315
7158 7281
7192 7089
7192 7089
6983 7362
6961 7396
7189 7187
7162 7203
6970 7390
7189 7187
6961 7396
6740 7364
7330 6797
7222 6939
7151 7191
7281 6919
7147 7260
7004 7264
6973 7319
6837 7353
6870 7343
6870 7343
6973 7319
7004 7264
7147 7260
6776 7310
7314 6432
7260 6795
7218 6936
7150 7178
7040 7256
6848 7267
7050 7206
6796 7305
6847 7301
7050 7206
6672 7304
6672 7304
7258 6667
6810 7273
7149 7077
7165 6840
6953 7251
7225 6786
7243 6735
7134 7115
7069 7140
7170 6816
6962 7195
7012 7154
7044 7148
7002 7194
7002 7194
6683 7251
7251 6641
6863 7237
7144 6916
7049 7130
7165 6752
6950 7228
7134 7018
7094 7097
6982 7191
7098 7030
7216 6727
7165 6752
7217 6710
6982 7191
7238 6678
7238 6678
7251 6641
6858 7234
7204 6435
6975 7179
7115 7008
7056 7091
7197 6702
7185 6709
7140 6840
6945 7225
7137 6863
7079 7088
7079 7088
6945 7225
6746 7227
7128 6511
7055 7069
6947 7147
7124 6747
7128 6511
6872 7225
7113 6908
6872 7225
6936 7216
7067 7023
7083 6956
7120 6846
7124 6747
7070 6975
7120 6846
6937 7188
7081 6961
6939 7167
6936 7216
6939 7167
6586 7224
6586 7224
7125 6245
7125 6245
7108 6794
6827 7223
7050 7059
6937 7082
7066 6802
6934 7210
7061 6979
6936 7167
7061 6979
6545 7224
7098 6330
7092 6756
6679 7215
6875 7197
6955 7039
7026 6822
7012 6977
6896 7153
7034 6788
6934 7126
6985 6995
6934 7126
6985 6995
7008 6982
7033 6805
7008 6982
6551 7213
7092 6342
6636 7199
7088 6632
6830 7195
6993 6897
7002 6654
6867 7155
7002 6654
6953 6947
6942 6987
6903 7120
6923 7102
6988 6906
6925 7049
6925 7049
6988 6906
6579 7191
7034 6520
7034 6520
6816 7177
6978 6831
6982 6643
6618 7189
6864 7149
6933 6882
6983 6529
6901 7067
6910 7048
6917 6946
6917 6946
6618 7189
6983 6529
6494 7184
6981 6485
6604 7180
6786 7177
6879 7035
6794 7095
6908 6953
6914 6893
6935 6808
6794 7095
6921 6873
6965 6773
6974 6694
6974 6694
6975 6613
6965 6773
6904 6994
6976 6547
6981 6485
6975 6613
6976 6547
6932 6826
6904 6994
6933 6824
6933 6824
6932 6826
6487 7164
6963 6745
6571 7160
6765 7133
6956 6759
6903 6914
6778 7103
6864 7017
6879 6985
6897 6969
6903 6914
6864 7017
6768 7110
6883 6972
6768 7110
6883 6972
6897 6969
6355 7156
6951 6754
6599 7130
6413 7155
6902 6850
6757 7116
6772 7091
6870 6894
6838 6940
6883 6874
6774 7028
6820 6972
6808 6999
6774 7028
6832 6948
6757 7116
6811 6995
6630 7105
6630 7105
6942 6707
6812 6956
6908 6739
6730 7052
6756 7030
6890 6818
6645 7080
6823 6891
6877 6873
6680 7069
6790 6994
6823 6891
6927 6724
6883 6825
6790 6994
6877 6873
6680 7069
6310 7104
6310 7104
6937 6603
6573 7090
6786 6882
6867 6804
6773 6988
6781 6966
6709 7048
6936 6702
6886 6727
6854 6855
6854 6855
6888 6724
6936 6702
6654 7061
6709 7048
6573 7090
6625 7081
6642 7076
6654 7061
6625 7081
6642 7076
6886 6727
6888 6724
6574 7081
6574 7081
6936 6493
6760 6912
6930 6629
6892 6698
6700 6917
6849 6846
6652 7051
6684 6967
6682 7024
6861 6798
6863 6733
6652 7051
6849 6846
6863 6733
6851 6816
6432 7069
6432 7069
6932 6395
6917 6560
6543 7037
6875 6675
6642 7015
6689 6900
6664 7002
6857 6779
6875 6675
6462 7045
6817 6830
6738 6861
6665 6908
6738 6861
6792 6845
6832 6791
6462 7045
6792 6845
6642 7015
6665 6908
6837 6785
6857 6779
6837 6785
6450 7030
6450 7030
6909 6501
6620 6934
6506 6948
6844 6694
6494 6977
6858 6567
6887 6526
6664 6927
6839 6774
6716 6859
6852 6621
6756 6832
6682 6883
6682 6883
6852 6621
6788 6801
6820 6787
6909 6501
6729 6843
6773 6825
6788 6801
6820 6787
6729 6843
6773 6825
6384 6992
6384 6992
6897 6375
6878 6490
6701 6853
6825 6745
6831 6697
6462 6976
6595 6934
6897 6375
6636 6888
6438 6979
6614 6927
6660 6859
6660 6859
6831 6697
6438 6979
6603 6932
6614 6927
6595 6934
6603 6929
6821 6548
6730 6688
6633 6759
6783 6629
6631 6849
6815 6602
6475 6895
6765 6322
6638 6535
6597 6742
6758 6498
6504 6766
6482 6870
6305 6846
6755 6460
6524 6498
6377 6702
6534 6443
6693 6231
6351 6270
6613 6102
