10 1.26193
13922 15106 15438
14090 14318 16093
14114 14182 15932
14127 15732 14792
15031 15524 13916
15231 15225 14360
14887 15522 14282
15013 14951 15494
14920 15072 15532
15059 15265 13948
14795 15480 14453
14718 15546 14337
14065 14389 16023
15156 15139 14502
15112 14634 14894
14263 14700 15684
14357 14795 15600
15069 15125 15302
14224 14833 15660
14658 15307 14538
14310 14462 15856
13969 15101 15452
14155 14607 15817
14995 15466 14414
14474 15589 14830
14548 15451 14970
14281 14570 15738
14512 14536 15619
14575 15405 14637
15068 15201 15331
14036 15354 15125
14217 15668 14806
14463 15334 15013
14036 15354 15125
15231 15225 14360
14128 15204 15435
14410 15631 14899
14349 15667 14717
14061 15233 15066
14907 15275 14486
14387 15665 14811
14565 15626 14777
14261 14606 15897
14353 14488 15754
14612 15318 14598
14328 14498 15646
14068 15369 15043
14626 15249 14899
14254 15386 15034
14562 14500 15622
15027 15321 13920
14612 15318 14598
14626 15249 14899
14556 15420 14784
14556 15420 14784
14127 15388 15030
14127 15388 15030
14127 15388 15030
14127 15388 15030
13885 14335 16000
14030 14160 15954
14373 15636 14692
15078 15146 13955
15197 15057 14228
14727 14393 15330
14655 15249 14520
14410 15338 14930
15142 15075 14143
13950 15055 15474
14973 15118 14044
14793 14347 15272
14639 14756 15518
14554 15519 14381
14587 15214 14842
14244 14575 15737
14034 14258 15897
14548 15386 14901
15087 15020 14246
14178 14546 15761
14677 14614 15253
14360 15271 14972
14890 15098 15169
14841 14805 15171
14030 15349 15036
14856 15461 14386
14088 14473 15832
14946 14930 14843
14021 14340 15961
14215 14623 15631
14725 15175 14984
14557 15387 14408
15126 14923 14252
15015 14908 14344
14907 14882 15020
14041 14707 15561
14216 15606 14889
14139 14784 15557
14272 14495 15627
14209 14490 15800
14050 14355 15864
14056 14287 15892
15078 15146 13955
14343 14866 15444
15023 14868 14774
14124 15623 14853
14990 14919 14764
14285 15462 14872
14307 15179 15266
14335 14582 15570
14557 15387 14408
14137 15376 14932
14653 14656 15212
14088 14473 15832
14370 15614 14725
14653 14656 15212
15197 15057 14228
14324 14278 15615
15106 14577 14785
14395 14321 15558
14927 14852 14872
14292 14285 15602
14041 14554 15767
14395 14835 15525
14219 14854 15530
15015 14908 14344
14403 15610 14809
14890 15098 15169
14343 14866 15444
14957 14855 14813
14957 14855 14813
14548 15386 14901
13684 14869 15433
13815 14229 15948
13998 14110 15903
14376 15589 14758
14815 15397 13871
15092 14928 14209
14867 15064 15097
13945 14258 15881
14545 15347 14517
14622 14661 15425
14289 14857 15399
14217 14534 15556
14729 15432 14208
13861 14167 15894
14137 14204 15771
13764 14837 15422
14900 15105 13882
15019 14719 14635
14208 15500 14777
14660 14198 15187
14551 15077 14698
14237 14484 15659
14946 14997 14195
14704 15190 14358
14025 15304 14988
14899 15067 14002
14470 15263 14737
14334 14585 15525
13798 14904 15306
14212 14351 15692
14037 15420 14873
14630 14386 15251
14217 14953 15162
14994 15065 14066
15083 14399 14670
15085 14971 14167
14251 14358 15534
14100 15193 14926
13927 14965 15272
14945 14739 14681
14814 15074 14091
14147 14819 15447
14166 15535 14759
14514 14428 15505
14966 14475 14782
14898 14762 14815
14519 15316 14598
13998 14110 15903
14797 15407 14313
14704 15190 14358
14374 15167 14967
14797 15407 14313
14438 15375 14900
14399 15121 14923
14130 14452 15697
14395 14696 15469
14490 15375 14321
14348 14764 15457
14105 14706 15501
14216 15159 15213
14334 14585 15525
14002 14167 15885
14474 15283 14690
13798 14904 15306
14524 15142 14673
14166 15535 14759
14539 15119 14659
14447 15296 14795
14093 15408 14797
14388 15417 14613
14130 14452 15697
14495 15173 14672
14466 15309 14771
14393 14785 15415
14237 14484 15659
14102 15376 14848
13927 14965 15272
15092 14928 14209
14393 14785 15415
14102 15376 14848
14519 15316 14598
14900 15105 13882
14093 15408 14797
14093 15408 14797
14100 15193 14926
14704 15190 14358
13571 14045 15887
13706 14038 15906
13811 15586 14446
14834 15005 13930
14944 14671 14681
14524 15250 14517
14862 14996 14108
13986 14185 15711
14289 15460 14195
14001 14467 15541
14605 14992 14670
13690 15030 15189
13923 14127 15804
14794 15049 13982
14104 14569 15507
14592 14371 15337
14065 15518 14707
14789 14807 14916
13962 14874 15199
14256 15082 14882
13911 14225 15826
14157 14353 15633
14339 14732 15255
14804 14620 15006
14766 14694 15097
14298 14976 15020
13888 14243 15880
13706 14038 15906
13811 15586 14446
14456 14578 15374
14699 15295 14313
13820 14927 15167
14237 14266 15479
14020 14761 15367
13583 14829 15428
14671 15143 14334
14569 15055 14361
14439 15192 14670
13983 15560 14729
14538 15326 14500
14399 15348 14383
13925 14633 15408
14776 14918 15089
13851 14844 15231
14417 15342 14405
14246 14316 15444
14155 14583 15464
14303 14430 15431
13862 15001 15135
13851 14916 15147
14308 14325 15434
14785 15377 14257
14177 15423 14701
14030 15379 14818
14846 14683 14480
14435 15341 14842
14195 14654 15404
14126 15364 14702
14647 15378 14299
14245 14135 15518
14207 14608 15426
14190 14453 15601
14046 15421 14709
14371 15342 14815
14098 15310 14869
14242 15416 14687
14275 14835 15345
14581 15016 14760
14586 14438 15215
14654 15366 14292
14845 14812 14864
14181 15016 15107
14279 15357 14787
14190 14453 15601
14333 15163 14869
14699 15295 14313
14333 15163 14869
14681 15378 14261
14672 14993 14458
14196 14609 15454
14030 14842 15247
14346 15351 14781
14220 15574 14686
14370 15358 14735
13583 14829 15428
14220 15574 14686
14370 15358 14735
14663 15310 14296
14436 15320 14770
14346 15351 14781
14436 15320 14770
14681 15378 14261
14245 14135 15518
14663 15310 14296
14245 14135 15518
13660 14762 15189
13690 15495 14528
13827 14085 15878
13865 14017 15777
14658 15337 13909
14825 14804 14792
14628 15086 14302
13993 14925 14925
13906 14171 15709
14173 14459 15417
14548 15364 14165
14273 14705 15333
14564 14260 15232
14445 15139 14500
13764 14087 15712
14072 14207 15626
14120 15484 14683
14335 15220 14841
14097 15395 14684
13970 14682 15364
14743 14874 14974
14613 14495 15065
14052 14562 15345
14153 14423 15480
14336 14638 15090
14677 14721 14994
14506 14285 15223
14160 14338 15543
13840 14019 15759
14489 15306 14335
13824 14822 15176
14673 15311 14189
14530 15267 14411
13984 14441 15600
14770 15305 14165
14096 14382 15532
14099 14358 15516
14530 14906 14883
14289 14543 15164
14293 15348 14332
13779 14912 15159
14761 14659 15042
13783 14870 15021
14644 14769 14993
14389 15321 14622
14395 15321 14422
13830 14867 15072
14534 15146 14449
14052 14758 15341
13865 14017 15777
14381 15287 14824
14355 15346 14583
13852 14760 15038
14355 15346 14583
14373 15333 14821
14348 15316 14831
14290 15347 14451
14534 15146 14449
14395 15321 14422
14530 15267 14411
14373 15333 14821
13631 14054 15867
13848 13865 15658
14035 15480 14569
14516 15319 14013
14742 15125 14040
14139 14363 15457
13748 14623 15360
13824 13982 15607
13924 14269 15510
14582 14786 14917
13765 14072 15799
14418 15186 14262
14038 15013 14831
14689 15261 14151
14081 15432 14549
14333 15313 14385
14243 14442 15235
14553 14224 15179
14672 14642 14995
14472 15141 14341
14724 14874 14706
14554 14215 15211
14570 14478 15026
14105 14250 15530
14019 15472 14654
14231 14676 15307
13766 14044 15734
14268 14737 14946
14510 15122 14380
14042 15417 14669
14676 14537 14941
14215 14871 14836
14305 15218 14819
14378 15176 14707
14062 15452 14645
13774 15269 14797
14435 14835 14875
14695 14720 14870
14439 14481 15020
13898 15314 14785
14217 15312 14771
14742 15125 14040
14389 15177 14356
14734 14658 14812
13703 13715 15617
13807 15443 14564
14689 15175 13753
14740 15050 13937
14111 14150 15420
13914 14651 15130
14477 14476 14964
14569 14819 14373
14181 14590 15212
14111 15249 14719
14344 15132 14695
14678 14879 14134
14635 14892 13945
14577 14310 14822
14179 14631 15304
14628 15232 13929
14643 14283 14963
14514 14732 14884
14270 15190 14809
13886 14837 14810
14255 14753 14816
14689 15175 13753
14410 14707 14894
14456 14636 14906
14388 15116 14247
14265 15218 14252
14394 15184 14224
14713 14612 14714
13506 14429 15150
13767 15318 14398
14322 15003 14096
14530 14271 14934
14712 14598 14700
14082 15177 14433
13826 14724 14856
14309 15108 14394
14475 14516 14840
13927 14364 14934
14241 15119 14749
14267 15073 14671
13841 14648 15052
13720 15152 14526
13897 14397 14987
13654 14379 15067
13567 15165 14576
14480 14545 14738
13608 15161 14559
13417 14585 15024
13846 13934 14960
13857 15109 14201
14535 14520 13737
14282 14329 14491
14424 14005 14772
14224 14887 14241
13940 15047 14518
14199 14953 14711
13736 14570 14999
13598 15020 13781
13694 14298 14786
13777 14081 14705
14129 14701 14526
13863 14400 14636
13767 14951 14412
14043 14900 14443
13606 14317 14557
13861 13772 14599
14005 14852 13672
14107 14571 14482
14104 14574 14194
13668 14406 14407
14029 14209 14023
13116 14373 15666
13319 14341 15658
14166 15571 14922
14636 15188 14542
15104 14496 14784
13857 14977 15514
14470 15475 15146
14156 14924 15368
14412 15207 15179
13864 14925 15294
14897 14854 14835
14636 14617 15083
14613 14818 15043
15040 14496 14821
14647 14395 15240
14527 15119 15056
14756 14464 15014
14479 14570 15180
13167 14395 15576
14600 14920 14954
14812 15059 14812
14291 15039 15254
14291 15039 15254
14565 15067 15018
13163 14458 15551
14481 14893 15112
13143 14356 15607
14463 14921 15529
14481 14893 15112
13143 14356 15607
14412 15207 15179
13074 14330 15535
13273 14323 15588
14000 15545 14790
14332 15351 14329
14333 14290 15429
14828 14797 14798
13770 14889 15489
14232 15284 14861
14542 15179 14467
13988 14652 15370
14423 14700 15129
14637 14963 14718
14134 15415 14834
14319 14384 15367
14419 14453 15329
13890 14862 15507
14499 14970 14931
14694 14830 14571
14577 14555 15035
14292 14490 15306
14655 15030 14607
14621 15068 14517
14397 15220 14937
14170 15331 14578
14640 14954 14630
14456 14564 15173
14361 15144 15156
14244 15192 14956
14088 14823 15286
14160 14811 15216
14530 14954 14987
14048 15471 15039
14270 14834 15208
14380 15144 15099
13973 15512 14829
14493 14851 15012
14057 15504 14809
14409 15186 15051
14658 14928 14591
13956 14689 15296
14041 15483 14841
14420 15082 15096
13914 14856 15471
14313 15343 14531
14677 14877 14573
14456 14564 15173
14082 14921 15254
14411 15101 14478
13914 14856 15471
14475 15091 14470
14411 15101 14478
14025 15086 15164
14082 14921 15254
14287 14914 15168
13956 14689 15296
14313 15343 14531
14640 14954 14630
14287 14914 15168
12978 14579 15470
13082 14006 15554
13934 15522 14688
14435 13700 15032
14506 15099 14228
14769 14109 14420
13145 14371 15507
13542 14669 15433
13926 15322 14892
14741 13820 14484
14506 14999 14370
14175 14252 15350
14374 15048 14975
14447 15071 14292
14639 13777 14699
13652 14905 15094
14026 15367 14827
13015 14418 15482
13800 14469 15383
14687 13916 14441
14097 14398 15213
14563 13860 14734
14037 15475 14783
14115 15383 14746
13617 14548 15443
13734 15096 15035
13764 14750 15366
14265 15211 14517
14042 15427 14632
13984 15506 14668
14134 14261 15420
14602 14867 14657
14517 13906 14807
14671 13978 14593
14225 15182 14572
14002 14440 15260
14047 14431 15157
14537 13960 14687
13830 14804 15309
13894 14460 15460
14195 14316 15336
14163 15157 14744
14497 14755 14878
14383 15121 14447
14344 15136 14276
13878 15512 14817
13740 14697 15401
14273 14935 15088
14533 14964 14249
14313 14973 15018
13564 14556 15470
13919 15512 14717
14507 14595 14987
14316 14296 15330
13620 14356 15501
14200 15010 15020
13947 14841 15177
14214 14387 15182
14198 14384 15305
14265 15211 14517
14617 14955 14525
13998 14464 15234
13587 14869 15172
13943 14643 15347
13627 14695 15422
13837 15463 14879
13742 14897 15171
14397 14762 15067
14367 14366 15072
14492 15001 14283
14391 13857 15133
14391 13857 15133
13542 14669 15433
14664 14795 14557
13648 15098 15150
14264 15002 15053
14336 15106 15007
14528 14001 14679
14628 14857 14611
14425 14958 14633
14434 14626 14996
14664 14795 14557
14416 14358 15058
14279 15112 15019
14330 15186 14486
13805 14627 15349
14216 15176 14678
13999 14784 15223
14002 14440 15260
14330 15186 14486
14422 14554 15051
13837 15463 14879
13766 14695 15397
14121 14419 15179
13833 14779 15335
14278 14356 15326
14516 14869 14606
14506 15099 14228
14350 15085 14486
14617 14955 14525
14442 15084 14284
14388 14880 14690
14628 14857 14611
13947 14841 15177
13766 14695 15397
14388 14880 14690
13617 14548 15443
14434 14626 14996
14198 14384 15305
14442 15084 14284
13617 14548 15443
12808 14283 15489
13044 14119 15507
13939 15496 14627
14268 15148 14082
14554 13862 14624
14719 13886 14362
13180 14348 15404
13668 14529 15390
14097 14614 15063
13092 14205 15422
14491 14882 14280
14449 14908 14158
14588 14071 14502
14550 14831 14586
13985 14429 15201
13892 14585 15288
14205 14360 15123
14360 15036 14909
13780 14404 15388
13759 14688 15349
14719 13886 14362
14120 14405 15163
14543 14931 14157
14574 14880 14354
14443 14856 14637
14288 15100 14531
14314 15046 14655
14665 13869 14522
13961 15280 14810
14030 15211 14103
14208 15192 14300
14402 14302 14988
14238 14217 15241
13746 14768 15185
13858 14709 15142
12888 14226 15501
13749 13968 15420
14030 15211 14103
14232 15016 14959
14312 14488 15026
13998 15457 14725
14195 14353 15317
13832 15340 14779
14269 15065 14716
14646 14589 14406
14196 15110 14942
12900 14331 15482
14374 14597 14830
14593 14481 14465
14358 14551 15017
13945 15281 14816
14503 14538 14985
12981 14359 15467
14259 14980 15019
14486 14900 14441
12808 14283 15489
14368 14996 14922
13691 14795 15260
13832 15450 14738
14629 14317 14455
14597 14813 14445
13686 14014 15439
14056 14314 15334
13064 14227 15481
13851 15357 14733
14320 15080 14412
14107 14247 15352
14298 14271 15192
13003 14577 15421
14458 14551 14782
13822 15398 14823
13686 14014 15439
13037 14333 15443
14373 14936 14529
13831 15420 14759
13979 14545 15157
13822 15398 14823
13025 14295 15483
14320 15063 14477
13720 14742 15335
14324 14523 15020
13720 14742 15335
14325 15057 14442
13749 13968 15420
12981 14359 15467
13831 15420 14759
14208 15192 14300
13691 14795 15260
14374 14597 14830
14217 15066 14986
13851 14600 15328
14107 14247 15352
14456 14725 14812
14456 14725 14812
14195 14353 15317
13961 15280 14810
13851 14600 15328
13851 14600 15328
14030 15211 14103
12833 14231 15483
12833 14231 15483
13882 15450 14648
14271 15031 14276
14664 13827 14389
13995 15346 14724
14538 13912 14512
13410 14973 14965
13743 15163 14737
13594 14571 15253
13235 14422 15352
13067 14210 15387
13010 14190 15459
14457 13858 14568
14332 14993 14332
13304 14690 15079
13740 14021 15366
13964 15407 14594
14350 14965 14434
14074 15107 14498
12852 14347 15450
14254 14262 15082
12983 14253 15464
13847 14507 15235
14398 14616 14750
14275 15015 14806
14308 14872 14859
13706 14333 15340
14166 14831 14935
13634 14911 14986
13794 14533 15269
13740 14021 15366
14091 14333 15135
14143 14290 15006
14290 14838 14914
14518 14588 14529
14449 14772 14530
13979 14409 15200
14157 14938 14837
14067 14602 15033
14254 14715 14928
14078 14370 15072
14373 14449 14922
14454 13831 14647
14043 15073 14531
13965 15377 14659
14427 14393 14962
14034 14662 15009
13794 14533 15269
13920 15067 14838
13912 15426 14671
14364 14836 14685
13032 14328 15409
13669 14663 15184
13919 14418 15175
14359 14640 14736
14427 14523 14848
12989 14446 15418
14081 14260 15233
14070 14337 15138
13680 14850 14964
13882 15450 14648
13037 14311 15433
12995 14200 15438
14066 14809 14992
13653 14340 15363
14346 14867 14671
14054 14345 15258
14451 14811 14503
14340 14341 14993
13037 14311 15433
12833 14231 15483
12839 14254 15413
13706 13820 15298
13837 15444 14575
14157 15006 14278
14533 13821 14371
13118 14329 15344
13546 14900 14929
14484 14065 14296
12884 14485 15239
13639 13922 15187
14444 14640 14486
13980 15164 14698
13829 15054 14712
14377 14713 14398
14375 14743 14488
13008 14163 15376
14045 14541 14998
13586 14589 15168
12968 14256 15388
14048 14324 15133
14062 14800 14936
14172 13911 15065
13896 15045 14804
14275 14839 14643
14087 14507 14910
14399 14336 14890
14176 14853 14838
13924 15320 14622
13859 15304 14674
13905 15228 14653
13707 14392 15181
13944 14357 15039
13892 15386 14556
14213 14134 15061
14199 14215 14926
13767 15387 14652
14045 14969 14711
14235 14846 14815
13842 15371 14660
13732 14485 15015
13878 15412 14639
13729 15423 14630
14201 14160 15050
12865 14202 15383
13739 15399 14519
14213 14826 14137
14361 13638 14781
14410 14585 14434
13215 14373 15141
13612 14217 15018
14141 14844 14267
13397 14289 15129
13054 14280 15323
13902 15210 14323
13345 14960 14735
14279 14057 14474
14345 13748 14824
13395 13811 15280
12957 14171 15367
14160 14071 14925
14044 14681 14932
13375 15028 14653
14366 13867 14611
14317 14634 14354
14184 14773 14378
13923 15024 14560
14257 14161 14797
13769 15281 14632
13833 14278 14957
14075 14330 14816
13734 15367 14622
13802 14989 14710
14270 14720 14427
14373 13839 14770
14068 14764 14564
14148 14606 14655
13794 15339 14609
13887 15317 14534
13855 14177 14948
13816 15374 14550
13869 15334 14614
13869 15334 14614
12910 14154 15246
13851 15331 14587
14176 14528 14223
14257 13799 14486
14351 14134 14377
13295 14261 15036
14104 14704 14235
13819 14388 14905
13993 14406 14781
14237 13970 14425
13926 14634 14899
13962 14356 14917
13973 14402 14813
12762 14149 14976
12883 14106 15234
13800 15127 14399
14090 14060 13872
14351 13898 14264
12942 14590 14627
13563 15079 14512
13505 15088 14545
13923 14413 14603
13885 14559 14881
13639 14014 14911
12897 14053 15213
13886 14464 14480
13567 13902 14793
13726 14764 14168
13764 13866 14679
13852 14403 14594
13831 14490 14477
13653 14397 14659
13724 14195 14482
13713 13686 14482
13551 13611 14408
13357 15391 15029
13768 15833 14247
13956 14534 15580
14319 15594 14126
14847 14251 14465
13684 15749 14566
14761 14939 14474
14057 15676 14877
14587 14317 15051
14095 15329 15384
14171 14747 15479
13450 15377 15074
13770 15757 14205
13839 15717 14430
14222 14853 15167
14109 15250 15260
14137 14630 15489
14403 14500 15117
14428 15175 14942
14618 14970 14334
13399 15444 15023
14233 14679 15160
14344 15516 14374
14515 15117 14683
14267 15499 15022
14349 14671 15295
14495 14833 14808
14577 15096 14308
13807 15687 14496
14365 14891 15119
14149 14773 15482
13450 15377 15074
14564 14655 14887
13721 15732 14359
14374 14595 15115
14554 15289 14545
14555 15031 14716
14616 15093 14497
14438 15247 14776
14443 14559 14965
14561 14992 14513
14283 15420 14948
14435 14671 14822
13706 15718 14436
14527 14960 14795
14363 15343 14362
14305 15413 14982
14327 15402 14985
14374 15131 15027
14344 15283 14779
14515 15117 14683
14418 14521 15041
14458 14983 14748
14328 15023 15042
14378 14967 15049
14368 15318 14731
14437 14511 15067
14403 14500 15117
14458 14983 14748
14476 14976 14722
14448 14516 15045
14476 14976 14722
14368 15318 14731
14618 14970 14334
14433 15095 14787
14328 15023 15042
14515 15117 14683
13375 15407 14937
13752 15819 14179
13757 15789 14112
14061 14614 15473
14654 14030 14328
14747 14245 14242
13561 15705 14346
14603 14254 14139
14077 15264 15354
13999 14632 15420
13893 15643 14378
13458 15373 14963
14281 14827 15054
14708 14249 14315
14039 15519 14556
14151 14713 15261
14516 14480 14852
14541 14360 14873
13661 15699 14458
13669 15772 14183
14162 14801 15137
14505 15041 14635
14452 15282 14521
14244 15369 14882
14048 15593 14482
14114 14559 15361
14126 15458 14541
14121 14900 15049
14372 15008 14880
13417 15309 15150
14542 14914 14595
14157 14529 15437
14426 15173 14822
14009 15641 14800
14208 15480 14401
14360 14384 14951
14234 14568 15226
13818 15652 14318
14319 15045 14982
14304 15105 14841
13847 14664 15430
14192 15080 15010
14363 15152 14824
14431 14948 14696
14399 14818 14849
14431 14798 14716
13726 15671 14381
14218 14909 15014
14017 15602 14843
14470 14924 14661
13413 15390 14955
14233 14592 15179
14293 15408 14876
14287 15345 14947
13388 15406 14947
13847 14664 15430
14431 14948 14696
13819 14729 15423
14182 14610 15154
14153 14708 15197
14470 14924 14661
14334 15071 14850
13680 15647 14482
14430 14749 14765
14515 14926 14421
14430 14749 14765
14508 14727 14735
14542 14914 14595
13726 15671 14381
14426 15173 14822
14313 15265 14774
13680 15647 14482
14341 15266 14739
14153 14708 15197
14515 14926 14421
14341 15266 14739
13661 15699 14458
13665 15684 14405
14309 14552 15166
14360 14384 14951
14314 14586 15159
14309 14552 15166
13665 15684 14405
14281 14827 15054
14314 14586 15159
13680 15647 14482
13338 15350 14934
13715 15759 13911
13888 14301 15467
14567 13884 14292
14674 14147 14197
13557 15695 14346
13353 15697 14196
13939 14453 15401
13677 15728 14135
13820 15524 14611
14457 14668 14715
13601 14907 15327
14333 14984 14797
13702 15739 13988
14527 13985 14286
13792 14784 15303
14117 14894 15030
13614 15656 14378
13987 15525 14537
14241 14405 15124
14426 15140 14772
13825 15591 14577
14037 14607 15291
13975 15208 15076
13733 15614 14409
13673 15476 14782
14594 14210 14135
14159 14535 15189
14101 14564 15144
13931 15426 14584
14351 14881 14840
14273 15277 14518
14016 15186 15265
13839 15642 14355
14553 14203 14192
14652 14174 14217
13882 15261 15092
13702 15643 14259
14450 14783 14491
14005 15491 14367
13702 15739 13988
14181 14903 15005
14567 13884 14292
13950 15611 14516
14316 14415 14919
14075 15404 14392
14194 14497 15223
14339 15176 14717
14239 15334 14913
14307 14556 15095
14397 15148 14782
13762 15343 14781
14668 14171 14145
14212 15348 14230
14491 14923 14462
14243 14707 15008
14038 15396 14449
14286 15269 14909
14289 15275 14766
13788 15198 15236
14525 14750 14461
14340 14683 14874
14597 13946 14286
13914 15202 15220
14659 14199 14214
14531 13946 14297
14219 14487 15218
14058 14970 15081
14333 14937 14806
14491 14923 14462
14159 15398 14301
14073 14538 15242
14179 15340 14484
14188 14577 15092
14367 14568 14870
14375 15176 14461
14342 14903 14840
14426 15140 14772
14038 15396 14449
14672 14166 14219
14525 14750 14461
14246 14970 14913
14058 14970 15081
14219 14487 15218
14292 15208 14358
14418 14697 14802
14674 14147 14197
14527 13985 14286
14342 14903 14840
14072 15476 14216
14597 13946 14286
14170 15342 14917
14159 14535 15189
14333 14937 14806
14531 13946 14297
14418 14697 14802
13882 15261 15092
14457 14668 14715
14367 14568 14870
14159 15398 14301
13677 15728 14135
14597 13946 14286
14375 15176 14461
14367 14568 14870
14342 14903 14840
13316 15278 14915
13482 15688 14169
13629 15649 13730
13699 14743 15277
14547 13942 14201
14667 14166 14198
13503 15642 13863
14349 14287 14849
14546 14011 14211
14667 14166 14198
14471 14630 14418
14093 14465 15143
13512 15433 14703
14305 14947 14757
14418 15137 14713
14283 15075 14784
13847 15581 14460
14039 14503 15086
14092 14962 14917
14114 15376 14235
13761 15604 14468
14187 14675 14950
14208 14804 14875
13998 15316 14293
13814 15640 14342
13699 14743 15277
13638 15566 14524
14215 15247 14610
13966 14874 15185
13920 15512 14523
14167 14536 15051
13506 15444 14549
13723 15173 15256
13915 15525 14512
13992 14660 15239
13708 15628 14352
14278 15181 14661
14105 14578 15026
14280 15244 14398
14138 14594 14984
13920 15410 14580
14277 14486 14999
13989 14877 15033
14078 15201 14863
14244 14672 14875
14259 15113 14868
13916 15526 14431
14127 15296 14491
13984 15395 14472
14145 15204 14862
14165 14739 14909
14120 15308 14314
14252 15147 14806
14173 15175 14832
13967 15125 15179
13960 15180 15155
14013 14730 15112
14125 14728 14912
14143 15257 14219
14010 14593 15155
14005 15309 14534
13990 14874 15123
14249 15245 14803
14013 14730 15112
13490 15255 14659
13681 15631 14000
13973 14518 15226
14429 14427 13793
14440 13790 14222
14606 13989 14119
13566 14733 15168
14419 14217 14054
14042 14399 15138
14471 14174 14115
13960 14833 15042
14542 14120 14049
14598 13909 14181
14141 14637 14897
14093 14490 14935
13638 15472 14444
13843 14917 14923
14099 15171 14750
13706 14703 15150
13892 15439 14367
13755 15115 14802
14148 15241 14319
13820 14659 15090
14010 14955 14860
13748 15537 14318
14253 14796 14782
14270 15206 14287
14232 14997 14844
14466 14046 14148
13618 15232 14637
14554 13939 14174
14278 15053 14774
14310 15007 14579
14404 14895 14592
14205 15178 14602
13732 15594 14439
14360 14483 14610
13809 15420 14421
13888 15359 14507
14350 15016 14519
14385 14937 14561
13663 14641 15220
13975 14656 15191
13932 15373 14384
14577 14052 14136
14565 14101 14133
13733 15136 15064
14002 15242 14546
13780 15324 14572
14273 15084 14015
14206 15072 14695
13941 15323 14407
13924 15294 14484
14064 14823 14891
14357 15002 14712
14072 15211 14521
13917 15370 14504
14057 15292 14299
13749 14950 15120
14244 15220 14433
13790 14826 15148
14054 15295 14408
14218 15077 14590
13736 15229 14634
13430 15609 13845
13591 14547 15220
13727 15465 13723
14575 13905 14169
14430 14081 13998
14304 14321 14700
14404 14743 14163
13810 15426 14236
13941 14462 15161
13844 15207 14453
13910 14673 14946
14138 14966 14799
14048 15113 14741
14308 14995 14670
13650 14626 15103
13832 15389 14309
14021 15276 14369
13723 15105 15057
14191 15062 14555
14382 14814 14538
13724 15556 13827
14227 15176 14294
14295 14916 14689
13661 15480 14391
13925 14682 14886
13977 15273 14404
14162 14832 14837
14240 14522 14755
13713 15558 14351
14357 14992 14682
13640 15582 14304
13953 14534 14923
14168 14942 14829
14206 15051 14686
14382 14493 14547
13723 15471 14428
14199 15112 14368
13475 15434 14284
13524 14455 15005
13585 15560 13698
14052 14249 14829
14389 14473 13922
13809 15267 14387
14211 14975 14497
14326 14562 14168
13681 14998 14840
13877 14639 14921
14311 14564 14579
14150 14850 14802
13612 15514 13817
14047 14930 14778
13632 15328 14415
13966 15200 13989
14119 15084 14352
13990 14957 14696
14053 15166 14247
13590 15507 14086
13578 14738 14945
13864 15058 14400
14319 14754 13954
13517 15376 14383
13668 14693 14925
14178 14988 14670
13529 15418 14302
13678 15416 13989
14190 14987 14591
13872 15131 14363
13668 15493 14253
13605 15546 13978
13062 14929 14521
13366 14490 14920
13676 15237 14280
14273 14466 13891
13934 15051 14106
14174 14647 14550
13540 15164 14402
14080 14813 14783
13793 14920 14628
13884 15097 14179
14129 14716 14749
13430 14703 14806
13762 15005 14334
13720 15178 14338
13902 15035 14308
13724 15199 14290
13421 14789 14482
13453 14397 14770
13478 15109 14019
14167 14153 14258
14235 14282 13825
13650 15049 14256
13732 14721 14659
13961 14694 14646
14052 14649 14599
14158 14518 14503
14029 14534 14727
14024 14724 14489
13415 14831 14013
13937 14501 13833
13971 14104 14722
13980 13690 14298
13650 14501 14632
13282 14860 15524
13310 14752 15602
13749 15701 14554
14714 15312 14086
15077 14105 14767
14123 15615 15166
14562 15401 14559
14196 14626 15279
13515 15328 15279
13384 14987 15464
13954 14693 15425
13648 14786 15418
13752 15685 14398
14515 15257 14688
14767 14668 15110
14711 14814 15019
15062 14393 14498
14625 15074 14422
15074 14385 14310
14389 15333 14833
13335 15038 15336
15012 14526 14871
14598 15314 14195
14662 14591 15371
14059 14534 15389
14799 15116 14246
13614 15117 15275
14316 15104 15165
13743 14535 15489
14092 15013 15233
14949 14878 14821
15001 14226 15051
14714 15312 14086
14612 15165 14330
14116 14229 15569
13896 15029 15242
14655 14984 14634
13805 14839 15388
13768 14538 15437
14634 14512 15535
14551 14954 15257
14447 14955 15146
14697 14427 15309
14474 15288 14787
14702 15136 14214
15006 14280 15028
13858 15096 15186
14915 14686 15030
14955 14757 14663
14864 14806 14846
13282 14860 15524
14994 14410 15448
14469 15203 14840
14332 15384 14812
14864 14806 14846
14585 14689 15133
15043 14264 14813
14980 14472 15296
15001 14226 15051
13858 15096 15186
14654 14827 15112
14980 14472 15296
14332 15384 14812
14549 14968 14671
15012 14526 14871
14686 15176 14274
14972 14684 14772
14686 15176 14274
14714 15312 14086
14329 15396 14785
14680 15264 14325
14469 15203 14840
14680 15264 14325
15043 14264 14813
14516 15097 14813
15006 14280 15028
14549 14968 14671
14516 15097 14813
15001 14226 15051
15001 14226 15051
13086 15432 14577
13219 14642 15562
13735 15565 14328
13857 13632 15558
14670 15159 14103
14992 14095 14862
14067 14049 15498
13462 15370 14986
14432 15304 14378
14544 15293 14519
14783 14724 14715
13576 14652 15405
13976 14131 15539
14178 15084 14858
13988 14202 15481
14566 14811 14621
14903 14562 14894
14696 15116 14157
14720 14351 15436
14867 14750 14678
14980 14340 14871
13326 14908 15407
13910 15293 14966
13174 14741 15541
14267 15162 14768
14307 14982 15009
14005 15046 15108
14583 14579 15295
13662 15286 15119
14428 15388 14188
14524 14193 15449
13326 14908 15407
14406 14759 15082
14222 14885 15115
13280 14650 15508
14334 14861 15004
13606 14965 15273
13810 15311 14828
14680 14645 14921
14600 15223 14218
13721 15252 15104
14642 15192 14283
14822 14382 15371
14478 14616 15219
14663 15065 14306
14632 15242 14113
14532 14493 15339
14433 14860 15063
14050 15383 14583
14497 14396 15395
14822 14382 15371
14424 15136 14791
14312 15239 14704
13773 14861 15182
14109 15375 14685
13643 14440 15501
14895 14451 15286
14429 14956 14611
13885 15345 14759
14966 14407 15199
14527 15174 14521
13777 15218 15023
14964 14419 15130
14109 15375 14685
14453 15327 14240
14621 15204 14323
13822 15189 15100
13190 14803 15524
14448 15188 14593
14591 14623 15027
13992 15078 15046
14924 14425 15055
13232 14974 15462
13874 15127 15165
14592 14474 15251
13873 14860 15223
13723 14736 15335
13190 14803 15524
14460 14436 15465
14980 14340 14871
14458 15053 14606
14616 14450 15345
13885 15345 14759
13897 14616 15257
14063 15336 14798
14645 14690 14969
14645 14690 14969
13994 14413 15479
14064 14775 15136
14453 15327 14240
14499 14698 15090
14533 14650 15077
14924 14425 15055
13232 14974 15462
14499 14698 15090
14710 14726 14793
14498 14751 15160
13901 15175 15115
14452 14894 14816
14452 14894 14816
14638 14482 15146
14712 14409 15289
13723 14736 15335
13773 14861 15182
14616 14450 15345
14064 14775 15136
14638 14482 15146
14680 14480 15103
14529 14694 15025
14592 14474 15251
14527 15174 14521
14063 15336 14798
13899 14652 15253
13899 14652 15253
13092 15298 14815
14004 13849 15481
14004 13849 15481
14373 15335 14180
14620 15203 14100
14954 14377 15153
14551 15062 14283
14089 13975 15445
14536 15273 14456
14117 14096 15421
13536 14453 15267
13360 14600 15264
14782 14396 14706
14834 14207 15177
14420 15133 14598
13892 14156 15455
14134 14980 14859
13128 14799 15369
14681 15055 14125
14598 14584 14755
14814 14690 14547
13609 14386 15443
14263 15171 14544
13278 14893 15309
13330 14549 15319
13958 14991 15040
14635 15067 14224
14752 14290 15191
13730 15114 15101
13791 15225 14935
14351 15131 14712
14085 14339 15419
14442 14822 14575
14658 15097 14156
14622 14426 15074
13290 14615 15308
13213 14928 15344
13092 15298 14815
14415 14735 15119
13213 14621 15382
13828 15110 14914
14050 14254 15440
14598 14310 15215
14210 14932 14838
13738 14760 15191
13957 15022 14970
14429 15094 14508
13245 14714 15313
13773 15022 15152
14531 14575 14955
13536 14453 15267
13200 14768 15421
13589 14928 15224
14462 15239 14495
13868 15045 15014
14450 14511 15244
13230 14516 15398
14320 14840 15015
14321 14785 15034
13882 15112 14874
13819 15086 15028
14516 14502 15167
14497 14376 15379
14210 14932 14838
14634 15175 14210
13831 14943 15146
14517 15204 14490
14026 14258 15424
14757 14487 14873
14320 14840 15015
14059 14941 14987
13730 15266 14963
14037 14195 15452
14024 15035 14823
13843 14692 15215
14410 14524 15227
14545 14540 15025
14475 14702 15139
14394 14769 14967
14269 14931 14967
14477 14598 15201
14061 14391 15374
14493 14307 15390
14465 14703 14828
13093 15277 14982
13730 15114 15101
14757 14487 14873
14477 14620 15084
13093 15277 14982
14634 15175 14210
14478 14616 15075
14037 14195 15452
13869 15293 14817
14408 14703 15145
14517 15204 14490
13869 15293 14817
14493 14307 15390
14026 14258 15424
14269 14931 14967
13038 15235 14949
13054 15269 14866
13965 14178 15449
14036 13938 15437
14717 14545 14105
14939 14174 14272
13474 14689 15162
13303 15095 15090
14359 14071 15306
14688 14410 14611
13581 14962 15107
14297 14825 14663
14848 14274 15122
14861 14204 14760
14927 14340 14523
14634 14981 14159
13935 14899 15004
13970 14149 15370
14094 14712 15059
13708 15179 14929
14517 15088 14338
14535 15214 14160
14178 14953 14699
13226 14637 15261
14566 15036 14133
13094 14626 15376
14147 15151 14509
13747 15030 14969
14315 15226 14230
14089 14018 15411
13711 15160 14827
13755 15115 14767
14501 14850 14441
14095 14233 15345
14408 14416 15221
13871 14365 15367
14424 15038 14470
13258 15237 14905
13798 14297 15413
13170 14593 15420
13148 15265 14933
14507 14456 15058
13831 14583 15213
14089 14018 15411
14248 14662 15064
14487 14506 14956
14336 15128 14641
14654 14375 14927
13816 14900 15024
13867 14593 15181
14189 14341 15329
14200 15117 14680
14654 14491 14380
14920 14162 14929
14232 14921 14951
14412 14469 15153
14097 14938 14849
14483 15126 14382
14273 14620 15135
14043 14180 15367
14369 14580 15113
14507 15130 14349
14289 14838 15006
13220 15249 14897
14384 15116 14475
13784 14673 15107
14469 14647 15104
14434 15216 14429
14394 15224 14259
13731 14906 15102
14521 15218 14241
13716 15144 14876
14474 14611 15093
14366 14684 14880
14355 14592 15129
14434 15216 14429
14097 14938 14849
13220 15249 14897
14502 14488 14930
14434 15216 14429
13123 14569 15322
13185 15245 14730
13673 14189 15413
14152 13952 15301
14535 14760 13932
14815 14151 14952
14152 13952 15301
13502 14581 15165
13268 14988 15030
14597 14245 14901
13733 15168 14299
14073 15101 14518
14530 15046 13992
13954 14817 15006
14500 15116 14209
14510 14967 14105
14024 14883 14787
14450 14393 15099
14259 14810 14915
14399 14620 14680
14470 14387 14745
14340 15008 14442
13744 15121 14606
13825 14572 15169
13225 15204 14872
14431 15128 14425
13785 14212 15364
13863 14238 15335
14330 14656 14864
14388 14606 14832
14429 14496 15091
13837 14922 14719
13598 15120 14913
13975 14294 15312
14327 15178 14064
13826 14298 15331
14302 15159 14080
14459 14537 14859
13149 14506 15320
14106 14652 15057
13203 15179 14892
14366 14643 15060
14081 14172 15326
14020 14232 15318
13966 14902 14924
13634 15137 14903
13828 14563 15072
13759 14919 14907
13792 14653 15037
13640 14903 15093
14306 15122 14426
14444 14575 14741
14429 14496 15091
13118 15165 14881
13120 15204 14813
13935 14147 15321
14306 15109 13943
14484 15082 14178
13483 14223 15143
13845 14164 15255
14402 14471 14743
13663 14587 15050
14364 14555 14571
14331 14379 14852
14223 14851 14428
14141 15159 13998
14027 14765 14849
13751 14562 15075
14076 14737 14664
14369 14938 14393
14350 15002 14267
14416 14851 14349
14071 14711 14860
14440 15091 14077
13559 15088 14890
14470 15071 14208
13580 15075 14810
14073 14586 15026
14233 15121 14255
14262 14555 15027
14324 15084 14423
13371 14468 15032
13578 14050 15266
13583 13983 15085
14461 15075 14164
14478 15001 14052
13461 14076 15122
14004 14734 14661
14299 14591 14423
14256 14909 14411
13950 14690 14799
14080 14315 14878
13814 14463 14889
13706 14442 15012
14345 14335 14700
14067 15049 14286
14157 14988 14415
14048 14396 14992
13534 15022 14851
14071 14372 14691
13345 14948 14839
13540 13909 15056
14297 15059 13993
14455 14984 14118
14099 14862 14402
13653 14551 14454
13992 14041 14815
13815 14540 14751
13682 14349 14976
13744 14440 14873
14448 15007 14069
12947 14521 14613
13070 14349 14935
13778 13743 14386
14421 14964 14057
13540 15206 15423
13978 14677 15612
14359 15823 15194
14476 15454 14535
14724 14484 15418
14860 15020 15007
14518 15433 14637
14735 15395 14963
14418 15540 14570
14032 14894 15476
14266 14857 15366
13914 15358 15205
14382 15688 15026
13714 14697 15606
13957 14689 15568
14112 14780 15426
14810 15232 14984
14485 15268 15151
14379 14863 15298
13658 14751 15609
14109 14959 15400
14611 14962 15092
13610 15075 15253
13700 15065 15267
14665 15284 15005
14690 14925 15018
14202 15090 15231
14137 15256 15217
14567 15259 15057
13977 15315 15244
14443 15033 15253
14589 14979 15050
14187 15226 15228
14744 14695 15416
14616 15119 15022
14576 15110 15030
13978 14677 15612
14597 15425 15024
14616 15119 15022
13584 15137 15217
13633 14662 15569
14215 15601 15008
14508 14231 15301
14780 14393 14535
14828 14246 14652
13727 14886 15429
14357 15532 15008
13952 14618 15548
13860 14647 15565
13991 14800 15467
14164 15127 15226
13991 14800 15467
14821 14297 14559
14708 15306 14706
14619 15374 14633
14314 14730 15236
14678 15210 14808
14402 14347 15363
14300 14530 15319
14734 15101 14816
14167 15396 15009
14632 15261 14711
14614 14441 15074
14458 14937 15051
14268 14990 15156
14515 15085 14966
14321 14601 15165
14525 15293 14918
13919 14880 15336
14680 15035 14853
14244 15186 15079
14655 14381 15268
14457 15180 15113
14225 14568 15360
14664 15040 14932
13658 15270 15194
14644 14833 15017
14654 15123 14868
13892 14856 15392
13602 15037 15253
14195 14829 15333
13892 14856 15392
14547 15235 14929
14580 14535 15187
14429 14935 15121
14226 15222 15128
14477 15157 14963
14264 15385 15073
14813 14315 14708
14584 14999 14963
13658 15270 15194
14568 15155 14925
14171 14801 15334
14525 15217 14958
14429 14935 15121
14601 15145 14961
14625 15147 14868
14607 15156 14858
14813 14315 14708
14632 15261 14711
14525 15217 14958
14171 14801 15334
13991 14800 15467
13038 14814 15346
13916 14591 15527
14161 15592 14280
14566 14271 15133
14806 14310 14672
13490 14955 15221
14213 15430 14382
14689 14485 14627
13845 14830 15280
13922 14731 15419
13602 15432 14991
13887 15002 15147
14563 14416 15027
13690 15121 15167
14652 14752 14531
14631 15127 14802
14749 14383 14530
13966 14513 15465
13975 14596 15446
14072 14531 15309
14732 14392 14477
14049 15499 14880
14198 14561 15245
14638 14303 14691
14323 14883 15118
14210 15569 14643
14254 15041 15089
14123 14658 15290
14382 14354 15200
14489 15264 14896
14527 15165 14734
13956 14780 15342
14153 14659 15180
14454 15066 15075
14252 14919 15107
13912 14754 15396
14601 15144 14734
14154 15507 14861
14732 14392 14477
13528 15269 15175
14313 15411 14851
14272 15311 14945
14525 15219 14902
13590 15101 15215
14415 15146 15059
13690 15121 15167
13861 15370 15065
13915 14793 15371
14075 15411 14985
13594 15173 15123
14578 14333 15118
14186 15318 14960
14043 15327 14997
14717 14368 14634
14614 14812 15007
14335 15358 14892
14467 15109 14944
14439 15216 14917
13570 15120 15216
13906 14947 15201
13898 14748 15457
14449 15292 14884
14307 15219 14968
14310 14570 15193
14110 14780 15216
13997 15280 15066
14574 14922 14904
14124 15400 14899
14150 15328 14928
14626 14797 14862
14159 15153 15101
14207 15356 14914
14126 15219 15070
14645 14367 14654
14543 14408 15122
13997 15280 15066
14160 14590 15175
14332 15158 15065
14543 14408 15122
14622 15133 14861
14645 14367 14654
14418 15128 14923
14207 15356 14914
14150 15328 14928
14439 15216 14917
14418 15128 14923
14626 14797 14862
14150 15328 14928
14150 15328 14928
13136 14734 15343
13791 14515 15423
14141 15482 14511
14203 15415 14356
14308 14172 15185
14761 14299 14564
13476 15229 15071
13735 14699 15414
14201 15439 14398
13616 14841 15198
14158 15395 14483
13674 14783 15316
14638 14332 14538
14717 14373 14526
14277 15365 14603
13844 14689 15331
14703 14246 14657
14590 15102 14623
14003 14505 15271
13527 15024 15110
13902 14898 15197
14083 15435 14738
13999 14279 15303
13698 14960 15129
14480 15119 14689
14703 14246 14657
14245 15207 14820
14619 14319 14670
14285 15165 14848
14108 15146 14957
14560 14562 14934
13936 14548 15255
14528 14408 15107
14002 15469 14868
14434 15054 14918
14481 14891 14904
14568 14443 14993
14384 15083 15008
13712 14997 15060
14410 15237 14769
14119 15337 14806
14186 15311 14803
13924 15255 15031
14225 15270 14894
14069 15296 14829
13499 15146 15120
14349 15276 14760
14154 14979 15075
14600 14606 14819
14222 14583 15098
13983 14641 15246
14031 14681 15209
14144 14467 15224
14317 14670 15068
14418 14689 14982
14046 15433 14827
13949 15087 15048
13599 15280 15032
14137 14413 15238
14488 15035 14817
14012 15411 14985
14213 15384 14782
14457 14771 14915
14178 14919 15061
14532 15048 14782
14267 15127 15044
14546 15014 14857
14468 14755 14912
14323 14324 15166
14098 14772 15207
14324 15288 14790
14116 14623 15228
14116 14745 15095
14201 14523 15140
13983 14641 15246
14201 14523 15140
14134 14629 15162
14327 15035 15018
14237 15279 14859
14179 14282 15226
14202 14449 15162
14178 14919 15061
14284 14970 15042
14479 15122 14854
14223 14412 15184
14326 15087 15041
14169 15138 15034
14358 14744 15033
14327 15035 15018
14559 15017 14812
14134 14629 15162
14080 14752 15208
14178 15164 14917
13599 15280 15032
14144 14467 15224
14373 15120 15003
14169 15138 15034
14373 15120 15003
14559 15017 14812
14365 14755 15032
14365 14755 15032
14223 14412 15184
13047 14841 15196
13742 14480 15306
13812 15414 14646
14565 14054 14773
14675 14289 14283
14693 14229 14622
13412 14733 15211
13178 15056 15054
14090 14539 15159
14582 14755 14572
14164 15398 14390
13884 14330 15264
13527 14848 15149
13989 15277 14891
13486 14972 15090
14647 14254 14504
13920 14632 15210
14569 14092 14720
14675 14267 14450
14257 15349 14417
13601 14885 15120
14489 14809 14856
14450 14289 15098
13948 15126 14944
14604 14299 14619
14399 15023 14803
14522 14368 15060
14104 15318 14784
14624 14257 14494
14343 14987 14909
14571 14422 14657
14133 15234 14840
13616 15196 15026
14373 14976 14983
14200 15378 14700
14293 15155 14736
13700 15149 15030
14149 14585 15068
14497 15024 14676
14338 14894 15000
14146 14697 15024
14222 15133 14875
13824 14816 15068
14199 15263 14827
13856 15202 15025
14592 14082 14636
14490 15042 14744
14254 14479 15046
14319 14998 15013
14255 15088 15008
13706 14884 15066
14544 14705 14621
14155 14430 15065
14184 15172 14834
14342 15117 14966
14115 15364 14716
13925 15112 15039
13986 14994 15032
14100 14935 15049
14101 15182 14880
14100 14935 15049
13884 15125 15043
14524 15013 14838
14156 15360 14720
14524 15013 14838
14569 14092 14720
14254 14479 15046
13455 14963 15007
13847 14257 15178
14146 15398 14367
14199 15176 14148
14499 14044 14772
14676 14178 14564
14199 15176 14148
14613 14184 14500
14110 15346 14426
13541 14735 15110
13979 14638 15015
14066 14564 15057
14210 14415 15036
14571 14366 14505
14554 14168 14597
13645 15183 14956
13971 14532 15102
14468 14595 14844
13860 14827 15048
14160 15140 14805
14452 15005 14739
14348 14945 14912
14532 14371 14555
14116 15288 14669
13516 14857 15078
14146 15239 14700
13968 15358 14597
14376 14908 14828
14519 14273 14655
14146 15398 14367
13824 15102 14891
14498 14283 15048
14421 14962 14758
14307 14744 14969
13477 15276 14768
13593 14874 15068
13705 15093 14996
14252 15033 14992
14205 15089 14872
13752 15047 14995
13918 14886 15031
14175 15055 14969
13948 15179 14887
14321 15005 14964
13676 14938 15043
13890 15041 14993
13580 14940 15022
13787 14937 15025
14114 15250 14821
14510 14877 14566
13802 14922 15047
14286 14881 14986
14274 14960 14978
14298 14931 14975
14268 15044 14959
14146 15398 14367
13426 14820 15069
13797 14240 15098
14119 15321 14224
14599 13988 14302
14547 14336 14489
14011 15177 14783
14441 14274 14874
13698 15072 14917
13885 15243 14593
14027 14609 14987
14048 14214 15035
13832 14813 14997
13604 15050 14979
14269 14427 14941
14317 14943 14705
14141 15246 14359
14365 14384 14773
14159 14828 14986
14105 15221 14632
14082 15235 14663
14143 15291 14261
14028 15281 14308
14225 15019 14940
14211 14945 14967
14379 14271 14966
14215 15007 14956
14323 14238 14974
12910 14504 14989
14051 15317 14084
14142 15242 14031
14400 13886 14488
14508 14141 14477
13279 14969 14879
14438 14222 14214
13487 14885 14951
14260 14627 14565
14079 15173 14278
13777 14832 14789
14202 14364 14745
13408 14484 14986
14334 14070 14766
13912 15018 14703
13838 15162 14708
14041 15295 14137
14097 14743 14979
14172 14583 14947
14161 14791 14802
13998 15189 14639
13997 14984 14691
14234 14859 14651
14024 14806 14880
14332 14084 14782
13875 14974 14739
13534 14685 14976
13576 15156 14488
14292 13951 14385
14356 13982 14295
14166 14390 14833
13981 14931 14653
14063 14623 14909
13704 14771 14764
13953 15139 14387
13845 14741 14875
14193 14724 14563
13968 14701 14744
13694 14552 14906
14107 14653 14285
14190 14223 14439
13937 14607 14560
13268 13909 14877
13931 14496 14509
