1031 44.4087
3340 4028
4200 3424
3364 4021
3415 4017
4195 3454
4195 3454
4200 3424
4136 3554
4014 3705
3732 3908
3749 3893
4178 3476
4121 3595
4122 3569
3540 3982
4089 3635
4094 3612
3512 3986
3595 3966
3616 3956
4178 3476
3732 3908
3431 4009
3888 3812
3927 3783
4102 3602
3704 3912
3453 4003
3762 3881
4050 3680
4142 3537
3751 3891
3938 3773
3907 3806
3415 4017
3969 3747
4041 3697
3839 3836
4168 3505
4175 3491
4164 3521
4168 3505
3481 3998
3556 3975
3616 3956
3690 3914
3964 3748
4056 3666
3977 3738
3431 4009
3688 3919
3763 3878
4175 3491
4041 3697
4074 3646
3990 3731
4151 3534
4064 3660
4071 3649
3997 3718
3952 3769
3963 3761
4100 3603
4152 3528
4164 3521
3825 3851
3831 3848
3870 3826
3879 3817
3918 3792
3924 3786
3855 3832
3787 3870
3797 3862
3635 3938
3653 3936
4041 3697
3466 4001
3822 3857
4050 3680
3952 3769
4010 3716
4014 3705
3963 3761
3469 4000
3511 3987
3778 3875
4121 3595
3806 3860
3660 3935
3666 3926
3994 3724
4094 3612
4125 3566
3595 3966
3635 3938
3350 4024
3364 4021
3977 3738
3556 3975
3568 3971
3672 3925
3497 3989
3938 3773
4056 3666
4064 3660
4128 3560
3778 3875
3787 3870
3884 3813
3909 3801
3540 3982
3632 3949
3453 4003
3340 4028
3350 4024
3870 3826
3632 3949
4082 3640
3568 3971
3672 3925
3918 3792
3582 3970
4089 3635
3582 3970
3704 3912
3990 3731
3838 3839
3806 3860
4142 3537
4010 3716
3632 3949
3860 3830
3909 3801
3797 3862
3822 3857
3834 3842
3996 3722
4128 3560
3490 3990
3485 3993
4121 3595
4152 3528
3485 3993
3688 3919
3907 3806
4050 3680
3497 3989
3653 3936
3660 3935
3834 3842
4082 3640
3855 3832
3666 3926
4071 3649
4122 3569
4082 3640
3540 3982
3582 3970
3704 3912
3860 3830
3879 3817
3490 3990
3860 3830
3879 3817
3749 3893
4010 3716
3909 3801
3490 3990
3340 4028
3340 4028
3340 4028
3340 4028
3340 4028
3340 4028
3340 4028
3340 4028
3340 4028
3415 4017
3415 4017
3540 3982
3540 3982
3540 3982
3540 3982
3556 3975
3556 3975
3556 3975
3556 3975
3556 3975
3582 3970
3582 3970
3582 3970
3582 3970
3595 3966
3595 3966
3595 3966
3595 3966
3616 3956
3616 3956
3632 3949
3632 3949
3672 3925
3704 3912
3732 3908
3732 3908
3732 3908
3732 3908
3732 3908
3732 3908
3732 3908
3749 3893
3778 3875
3797 3862
3822 3857
3822 3857
3822 3857
3834 3842
3870 3826
3870 3826
3870 3826
3879 3817
3879 3817
3907 3806
3907 3806
3907 3806
3909 3801
3909 3801
3909 3801
3938 3773
3952 3769
3952 3769
3952 3769
3963 3761
3963 3761
3963 3761
3963 3761
4010 3716
4010 3716
4010 3716
4010 3716
4010 3716
4010 3716
4010 3716
4010 3716
4010 3716
4041 3697
4041 3697
4041 3697
4041 3697
4041 3697
4041 3697
4050 3680
4050 3680
4050 3680
4050 3680
4050 3680
4071 3649
4082 3640
4082 3640
4082 3640
4082 3640
4121 3595
4121 3595
4121 3595
4121 3595
4121 3595
4121 3595
4121 3595
4121 3595
4152 3528
4152 3528
4168 3505
4168 3505
4168 3505
4175 3491
4178 3476
4178 3476
4195 3454
4195 3454
3404 3963
3404 3963
4160 3450
4086 3486
3918 3772
3536 3949
4077 3612
3834 3815
4022 3658
3947 3710
3766 3871
3834 3815
3632 3930
3680 3903
3611 3944
4077 3612
3950 3690
4008 3669
3701 3889
3706 3873
3766 3871
3706 3873
4077 3612
3312 3923
4119 3449
4073 3586
3551 3913
4017 3608
3985 3649
3851 3750
3814 3776
3627 3882
3932 3698
3943 3673
3766 3857
3594 3904
3686 3869
3716 3862
3768 3815
3788 3808
3912 3735
3912 3735
3551 3913
3781 3811
3912 3735
3912 3735
3384 3895
4058 3409
4026 3542
3593 3891
3673 3849
3794 3745
3876 3735
3786 3782
3622 3876
3736 3831
3762 3826
3895 3710
3984 3611
3957 3644
4022 3577
4002 3595
3917 3683
3940 3660
3920 3670
3920 3670
3920 3670
3483 3890
4019 3439
3983 3606
4011 3470
3830 3731
3878 3692
3667 3845
3570 3886
3886 3661
3606 3847
3955 3642
3717 3826
3936 3645
3761 3801
3772 3734
3745 3821
3594 3869
3763 3767
3732 3822
3587 3876
3764 3765
3767 3747
3767 3747
3587 3876
3767 3747
3408 3889
3408 3889
4006 3461
3983 3558
3634 3838
3796 3716
3754 3791
3541 3883
3539 3884
3953 3569
3934 3637
3950 3605
3873 3679
3831 3681
3816 3699
3693 3797
3883 3654
3719 3796
3661 3827
3947 3631
3664 3812
3883 3654
3664 3812
3541 3883
3458 3860
4001 3398
3535 3858
3977 3546
3634 3803
3985 3414
3883 3653
3796 3671
3886 3611
3744 3744
3743 3787
3771 3714
3935 3588
3690 3789
3773 3693
3950 3576
3679 3797
3942 3580
3938 3584
3488 3858
4000 3371
3499 3829
3656 3793
3929 3543
3738 3769
3885 3609
3977 3464
3746 3683
3965 3478
3844 3628
3815 3651
3679 3786
3773 3668
3773 3668
3679 3786
3773 3668
3420 3851
3977 3414
3645 3785
3698 3759
3492 3801
3876 3534
3852 3609
3739 3674
3450 3815
3803 3642
3952 3439
3885 3457
3920 3456
3767 3648
3753 3655
3885 3457
3761 3653
3885 3457
3353 3839
3917 3272
3786 3613
3881 3367
3695 3744
3868 3499
3461 3781
3841 3530
3582 3769
3691 3755
3577 3779
3399 3801
3393 3836
3550 3773
3866 3390
3701 3585
3832 3489
3573 3754
3863 3473
3661 3719
3688 3668
3651 3747
3691 3641
3652 3743
3600 3747
3668 3658
3646 3710
3479 3746
3635 3610
3611 3687
3567 3715
3533 3736
3630 3618
3381 3726
3531 3687
3414 3699
3433 3674
3495 3648
3231 3606
3340 4028
3340 4028
4200 3424
4136 3554
3364 4021
3415 4017
4164 3521
4200 3424
4151 3534
4195 3454
4014 3705
3732 3908
3749 3893
4178 3476
4121 3595
4122 3569
4089 3635
4094 3612
4195 3454
3512 3986
3595 3966
3732 3908
4102 3602
3888 3812
3927 3783
4178 3476
3704 3912
3431 4009
3453 4003
4050 3680
4071 3649
4168 3505
3855 3832
4121 3595
3540 3982
3511 3987
3907 3806
3415 4017
3431 4009
3660 3935
3969 3747
4041 3697
3839 3836
4175 3491
3666 3926
3481 3998
3556 3975
3616 3956
3632 3949
3690 3914
3964 3748
4056 3666
3635 3938
3490 3990
3938 3773
3997 3718
3672 3925
4175 3491
4041 3697
4168 3505
4074 3646
3688 3919
3977 3738
3990 3731
4064 3660
3952 3769
4094 3612
4010 3716
4152 3528
3870 3826
3879 3817
3909 3801
3918 3792
3540 3982
3791 3863
3616 3956
3977 3738
3466 4001
3822 3857
3762 3881
4050 3680
3832 3845
3838 3839
3938 3773
3952 3769
4014 3705
3469 4000
3763 3878
3806 3860
4125 3566
3582 3970
3632 3949
3963 3761
3350 4024
3364 4021
4102 3602
3556 3975
3568 3971
4195 3454
4056 3666
4064 3660
4082 3640
4128 3560
3787 3870
3884 3813
3453 4003
4009 3717
3350 4024
3860 3830
3870 3826
3831 3848
3568 3971
3582 3970
3751 3891
3778 3875
3753 3885
3918 3792
3616 3956
4082 3640
4089 3635
3704 3912
3787 3870
3990 3731
3778 3875
3806 3860
3595 3966
3994 3724
3994 3724
3797 3862
3822 3857
3825 3851
3924 3786
4128 3560
3645 3937
3963 3761
4041 3697
3485 3993
3963 3761
3879 3817
3688 3919
3753 3885
3825 3851
3340 4028
3540 3982
4151 3534
4152 3528
3645 3937
3653 3936
3485 3993
3490 3990
3907 3806
3909 3801
4041 3697
4050 3680
3653 3936
3672 3925
3797 3862
4122 3569
3778 3875
3924 3786
3415 4017
3595 3966
3704 3912
3763 3878
3860 3830
3749 3893
3924 3786
3635 3938
4178 3476
3860 3830
3635 3938
3963 3761
3340 4028
3415 4017
3415 4017
3415 4017
3415 4017
3415 4017
3415 4017
3415 4017
3540 3982
3540 3982
3540 3982
3540 3982
3582 3970
3582 3970
3595 3966
3595 3966
3595 3966
3616 3956
3616 3956
3616 3956
3616 3956
3632 3949
3632 3949
3632 3949
3632 3949
3632 3949
3632 3949
3635 3938
3688 3919
3688 3919
3704 3912
3704 3912
3704 3912
3749 3893
3753 3885
3797 3862
3797 3862
3822 3857
3860 3830
3860 3830
3860 3830
3870 3826
3870 3826
3870 3826
3879 3817
3879 3817
3907 3806
3907 3806
3907 3806
3907 3806
3907 3806
3909 3801
3938 3773
3952 3769
3952 3769
3952 3769
3952 3769
3952 3769
3963 3761
3963 3761
3963 3761
3977 3738
3977 3738
3977 3738
3977 3738
3977 3738
3977 3738
4014 3705
4014 3705
4014 3705
4014 3705
4014 3705
4014 3705
4041 3697
4041 3697
4041 3697
4041 3697
4041 3697
4041 3697
4041 3697
4050 3680
4050 3680
4089 3635
4089 3635
4089 3635
4089 3635
4122 3569
4122 3569
4122 3569
4168 3505
4168 3505
4168 3505
4178 3476
4195 3454
4195 3454
4195 3454
4195 3454
4195 3454
4195 3454
4195 3454
4195 3454
4195 3454
4195 3454
3395 3951
4132 3554
3991 3660
3558 3932
3983 3729
4008 3583
4045 3582
3842 3831
3713 3886
3870 3810
3882 3770
3770 3851
3662 3902
3738 3852
3928 3737
3884 3739
3608 3905
3585 3908
3565 3927
3280 3948
4119 3511
4101 3528
3982 3688
3601 3905
3327 3944
3682 3876
3767 3847
3828 3813
3867 3776
3930 3717
3926 3733
3874 3751
3648 3886
3981 3695
3631 3899
3778 3827
3870 3764
3307 3947
3770 3835
3808 3826
3811 3820
3981 3695
3981 3695
3444 3899
4092 3397
3978 3623
4009 3520
4086 3486
3527 3898
3629 3890
3810 3815
3841 3767
3956 3672
4020 3497
3862 3748
3737 3823
3926 3689
3658 3857
3707 3830
3907 3726
3907 3726
3934 3684
3661 3855
3694 3847
3737 3823
3694 3847
3595 3878
3595 3878
4071 3341
3984 3471
3877 3713
4027 3404
3962 3584
3611 3868
4034 3361
3659 3837
3796 3726
3714 3816
3788 3806
3794 3788
3942 3623
3796 3726
3675 3830
3906 3683
3909 3674
3934 3660
3934 3660
3704 3824
3960 3618
3961 3606
3788 3806
3704 3824
3714 3816
3906 3683
3714 3816
3714 3816
3788 3806
3934 3660
3934 3660
3584 3858
4044 3291
4016 3359
3978 3452
3776 3801
3795 3714
3672 3823
3693 3809
3876 3704
3601 3850
3961 3525
3792 3755
3955 3597
3932 3626
3956 3563
3886 3679
3923 3649
3904 3653
3894 3664
3567 3855
3959 3320
3958 3514
3775 3795
3674 3807
3937 3573
3902 3642
3863 3698
3814 3704
3599 3832
3627 3823
3792 3752
3919 3628
3666 3820
3848 3699
3776 3762
3917 3630
3781 3754
3781 3754
3383 3846
3938 3475
3565 3837
3863 3697
3785 3738
3930 3542
3916 3575
3681 3792
3893 3631
3872 3638
3766 3777
3753 3791
3613 3798
3576 3803
3588 3799
3551 3815
3935 3338
3893 3587
3612 3792
3749 3788
3851 3636
3761 3748
3817 3696
3560 3810
3825 3694
3825 3694
3749 3788
3375 3810
3865 3561
3496 3793
3744 3707
3564 3789
3717 3751
3810 3667
3681 3784
3819 3610
3798 3680
3851 3609
3693 3775
3583 3783
3862 3206
3805 3530
3710 3690
3796 3662
3689 3746
3804 3644
3604 3782
3654 3774
3649 3781
3632 3778
3791 3514
3715 3662
3673 3738
3767 3611
3743 3658
3772 3542
3658 3742
3606 3763
3761 3548
3724 3650
3644 3683
3628 3730
3745 3588
3759 3580
3745 3588
3539 3757
3727 3569
3699 3632
3599 3733
3554 3728
3717 3557
3687 3631
3569 3725
3507 3727
3658 3496
3567 3672
3340 4028
4200 3424
4136 3554
3364 4021
3415 4017
4121 3595
3732 3908
4164 3521
4178 3476
4195 3454
4195 3454
4200 3424
4014 3705
3749 3893
4094 3612
4122 3569
3512 3986
3540 3982
3704 3912
3888 3812
4089 3635
4102 3602
3431 4009
3762 3881
4050 3680
3635 3938
3751 3891
3855 3832
4151 3534
3511 3987
3907 3806
3415 4017
3431 4009
3969 3747
4041 3697
3839 3836
4175 3491
3595 3966
3666 3926
3481 3998
3540 3982
3632 3949
3690 3914
3964 3748
4056 3666
3490 3990
3453 4003
3672 3925
3688 3919
3763 3878
4175 3491
4178 3476
4041 3697
4168 3505
4074 3646
3977 3738
3990 3731
4168 3505
3732 3908
4064 3660
3952 3769
4100 3603
4010 3716
3556 3975
4152 3528
3825 3851
3870 3826
3918 3792
3556 3975
3453 4003
3787 3870
3616 3956
3977 3738
4041 3697
3466 4001
3806 3860
3822 3857
3997 3718
4050 3680
3952 3769
4014 3705
3469 4000
3778 3875
3660 3935
3994 3724
4094 3612
4125 3566
3582 3970
3632 3949
4071 3649
3963 3761
3350 4024
3364 4021
3879 3817
3568 3971
3704 3912
4056 3666
4064 3660
4082 3640
4128 3560
3927 3783
3779 3871
3884 3813
3929 3778
3616 3956
3350 4024
3860 3830
3870 3826
3831 3848
3568 3971
3582 3970
4151 3534
3938 3773
3834 3842
3918 3792
3595 3966
3616 3956
4082 3640
3938 3773
3990 3731
3838 3839
4009 3717
3595 3966
3909 3801
3963 3761
3797 3862
3806 3860
3822 3857
3832 3845
3924 3786
3996 3722
4128 3560
3645 3937
3797 3862
4071 3649
3485 3993
3963 3761
4121 3595
3340 4028
3797 3862
3616 3956
4152 3528
3645 3937
3653 3936
3787 3870
3485 3993
3490 3990
3688 3919
3907 3806
3909 3801
3929 3778
3879 3817
3909 3801
4050 3680
4151 3534
3653 3936
3660 3935
3672 3925
3938 3773
4089 3635
4089 3635
4168 3505
3778 3875
3924 3786
3340 4028
3879 3817
4122 3569
3860 3830
4089 3635
3749 3893
3924 3786
4122 3569
3860 3830
4009 3717
3340 4028
3340 4028
3340 4028
3340 4028
3340 4028
3340 4028
3340 4028
3340 4028
3340 4028
3340 4028
3340 4028
3556 3975
3595 3966
3595 3966
3595 3966
3595 3966
3595 3966
3595 3966
3595 3966
3616 3956
3616 3956
3616 3956
3616 3956
3616 3956
3616 3956
3672 3925
3672 3925
3704 3912
3732 3908
3732 3908
3732 3908
3778 3875
3797 3862
3797 3862
3797 3862
3797 3862
3860 3830
3860 3830
3870 3826
3870 3826
3870 3826
3879 3817
3879 3817
3907 3806
3907 3806
3907 3806
3907 3806
3909 3801
3909 3801
3909 3801
3924 3786
3924 3786
3924 3786
3924 3786
3938 3773
3952 3769
3952 3769
3952 3769
3952 3769
3963 3761
3963 3761
3963 3761
3963 3761
3963 3761
3963 3761
3963 3761
3963 3761
3963 3761
3977 3738
3977 3738
3977 3738
4014 3705
4014 3705
4014 3705
4014 3705
4041 3697
4041 3697
4050 3680
4050 3680
4050 3680
4050 3680
4050 3680
4050 3680
4089 3635
4089 3635
4089 3635
4094 3612
4094 3612
4121 3595
4121 3595
4121 3595
4121 3595
4121 3595
4121 3595
4122 3569
4151 3534
4151 3534
4151 3534
4152 3528
4152 3528
4168 3505
4168 3505
4175 3491
4178 3476
4178 3476
3473 3969
4147 3424
3709 3905
4058 3642
4111 3470
4105 3547
4066 3583
3573 3947
4003 3696
3618 3906
3779 3850
3842 3831
3601 3941
3782 3847
3845 3800
3919 3747
3943 3745
3960 3730
3975 3705
3908 3778
3872 3789
3964 3713
3887 3781
3881 3782
3908 3778
3400 3967
4083 3528
4002 3693
3486 3911
4030 3613
3704 3855
3850 3770
3940 3736
3552 3910
4060 3563
3667 3901
3788 3815
3841 3786
3636 3904
3960 3729
3765 3849
4049 3600
3782 3834
3340 3936
4082 3445
3598 3900
3393 3911
3939 3735
3806 3778
3969 3665
3757 3808
3945 3696
3830 3740
3975 3614
4040 3597
3649 3859
3726 3823
4060 3501
4074 3493
3681 3830
3367 3935
4004 3601
4054 3552
4054 3552
3815 3741
3668 3849
3661 3858
3649 3859
3649 3859
3649 3859
3649 3859
3649 3859
3362 3924
4048 3418
3949 3665
3550 3890
4040 3571
3974 3572
4042 3451
3939 3722
3722 3809
3578 3847
3776 3763
3830 3736
3655 3810
3623 3831
3550 3890
3792 3755
3827 3737
3250 3913
4041 3409
4019 3536
3430 3885
3576 3844
3753 3730
3450 3854
3921 3643
3634 3800
3914 3721
3937 3611
3914 3721
3972 3562
3684 3797
3944 3567
3721 3754
3705 3769
3239 3895
4037 3354
3422 3861
3575 3840
3991 3530
4002 3424
3925 3575
3629 3790
3693 3749
4031 3361
3717 3736
3632 3775
3899 3685
3777 3721
3918 3627
3910 3639
3832 3711
3810 3719
3885 3709
3892 3708
3885 3709
3250 3845
4027 3352
3989 3504
3895 3599
3515 3830
3354 3831
3992 3369
3579 3766
3630 3763
3710 3722
3880 3682
3808 3716
3844 3708
3846 3688
3760 3720
3775 3717
3468 3822
4021 3346
3749 3715
3889 3581
3978 3460
3952 3502
3620 3759
3840 3700
3503 3782
3850 3657
3601 3762
3847 3669
3493 3808
3501 3804
3414 3820
3928 3416
3887 3525
3689 3690
3564 3715
3850 3617
3871 3577
3774 3685
3819 3668
3451 3814
3522 3758
3501 3800
3527 3739
3809 3684
3501 3800
3426 3810
3911 3303
3864 3516
3681 3690
3894 3343
3807 3683
3533 3693
3832 3589
3497 3749
3445 3787
3230 3692
3891 3309
3853 3510
3603 3666
3822 3588
3770 3634
3686 3650
3788 3600
3629 3652
3680 3647
3840 3315
3817 3568
3737 3622
3782 3596
3707 3631
3802 3585
3667 3618
3803 3562
3744 3594
3713 3580
3775 3533
3572 3575
3772 3514
3670 3520
3670 3520
3751 3514
3659 3447
3340 4028
4200 3424
4136 3554
3364 4021
4121 3595
3415 4017
4164 3521
4178 3476
4195 3454
4195 3454
4200 3424
4151 3534
3749 3893
4122 3569
4014 3705
3732 3908
4094 3612
3512 3986
3595 3966
3540 3982
3704 3912
3732 3908
4050 3680
3888 3812
4089 3635
3431 4009
3453 4003
3635 3938
3751 3891
4168 3505
3855 3832
3963 3761
4102 3602
3511 3987
3431 4009
3969 3747
4041 3697
3839 3836
4175 3491
3666 3926
3907 3806
3540 3982
3616 3956
3632 3949
3690 3914
3964 3748
4050 3680
4056 3666
3994 3724
3490 3990
3927 3783
3938 3773
3997 3718
3672 3925
3763 3878
4175 3491
4178 3476
4041 3697
4074 3646
3860 3830
3688 3919
3977 3738
4064 3660
4094 3612
4102 3602
4010 3716
3556 3975
4152 3528
3879 3817
3909 3801
3918 3792
3415 4017
3787 3870
3797 3862
3616 3956
3977 3738
4041 3697
3466 4001
3806 3860
4168 3505
3938 3773
4014 3705
3469 4000
3660 3935
4125 3566
3582 3970
3595 3966
3632 3949
4071 3649
3350 4024
3364 4021
3568 3971
3704 3912
3952 3769
4056 3666
4064 3660
4082 3640
4128 3560
3787 3870
3884 3813
3556 3975
3822 3857
3453 4003
4009 3717
3350 4024
3831 3848
3568 3971
3582 3970
3762 3881
3762 3881
3778 3875
3481 3998
3870 3826
3834 3842
3924 3786
3616 3956
4082 3640
3952 3769
3838 3839
3778 3875
3990 3731
3870 3826
4089 3635
3797 3862
3806 3860
3825 3851
3832 3845
4128 3560
3645 3937
3415 4017
3952 3769
3963 3761
4071 3649
3481 3998
3485 3993
4121 3595
3879 3817
3688 3919
3907 3806
3825 3851
3340 4028
3870 3826
3990 3731
3990 3731
4151 3534
4152 3528
3645 3937
3653 3936
3485 3993
3490 3990
3909 3801
3822 3857
3918 3792
3653 3936
3660 3935
3672 3925
3822 3857
3924 3786
3927 3783
3778 3875
4089 3635
3918 3792
3340 4028
3556 3975
4122 3569
3990 3731
4168 3505
3963 3761
4122 3569
3340 4028
3415 4017
3415 4017
3415 4017
3540 3982
3540 3982
3540 3982
3556 3975
3556 3975
3556 3975
3616 3956
3616 3956
3616 3956
3616 3956
3616 3956
3616 3956
3632 3949
3632 3949
3632 3949
3732 3908
3732 3908
3762 3881
3778 3875
3778 3875
3778 3875
3778 3875
3778 3875
3778 3875
3778 3875
3778 3875
3778 3875
3822 3857
3825 3851
3870 3826
3870 3826
3870 3826
3870 3826
3870 3826
3870 3826
3907 3806
3907 3806
3907 3806
3909 3801
3909 3801
3918 3792
3918 3792
3924 3786
3952 3769
3952 3769
3963 3761
3963 3761
3963 3761
3963 3761
3963 3761
3963 3761
3963 3761
3963 3761
3977 3738
3977 3738
3977 3738
3977 3738
3990 3731
3990 3731
3990 3731
3990 3731
3990 3731
3990 3731
3990 3731
4041 3697
4041 3697
4050 3680
4050 3680
4050 3680
4050 3680
4050 3680
4071 3649
4071 3649
4082 3640
4082 3640
4082 3640
4082 3640
4082 3640
4082 3640
4089 3635
4089 3635
4089 3635
4089 3635
4089 3635
4089 3635
4089 3635
4121 3595
4121 3595
4121 3595
4121 3595
4122 3569
4122 3569
4122 3569
4122 3569
4122 3569
4168 3505
4168 3505
4168 3505
4168 3505
4168 3505
4168 3505
4195 3454
4195 3454
4195 3454
3465 3957
4123 3464
3782 3847
3655 3911
4053 3613
3595 3930
4061 3552
3855 3812
4019 3686
3892 3797
4074 3495
3499 3932
3962 3705
3940 3758
4091 3492
4019 3686
3953 3729
3499 3932
3923 3778
3923 3778
3960 3714
3923 3778
3433 3942
4100 3421
3746 3846
3626 3875
4017 3590
3831 3800
3580 3919
4026 3439
3949 3720
4004 3678
4022 3504
3908 3767
4015 3662
3856 3776
3581 3905
4024 3491
3940 3739
3940 3739
3576 3919
4047 3338
4012 3658
3695 3846
3746 3834
3844 3757
3938 3737
3976 3676
3877 3747
3867 3753
4000 3659
3979 3666
3431 3916
4008 3612
3734 3774
3850 3752
3541 3915
3582 3841
3712 3831
3553 3880
4002 3647
3714 3809
3893 3709
3877 3726
3974 3670
3935 3690
3573 3855
3943 3676
3712 3831
3503 3911
3994 3314
3984 3566
3665 3823
3841 3741
3534 3869
3712 3790
3889 3698
3955 3668
3523 3885
3844 3714
3686 3814
3977 3604
3699 3794
3963 3641
3960 3655
3971 3620
3844 3714
3971 3620
3971 3620
3971 3620
3971 3620
3265 3880
3977 3471
3977 3471
3828 3736
3336 3876
3512 3865
3694 3782
3959 3639
3527 3836
3976 3566
3655 3811
3889 3694
3960 3587
3882 3696
3661 3788
3110 3867
3972 3439
3968 3564
3434 3842
3442 3840
3647 3805
3776 3736
3672 3776
3953 3629
3886 3671
3952 3637
3851 3688
3824 3715
3827 3699
3868 3673
3655 3783
3653 3794
3824 3715
3672 3776
3647 3805
3672 3776
3504 3804
3958 3454
3639 3755
3769 3706
3946 3561
3638 3802
3951 3485
3928 3629
3839 3680
3819 3705
3873 3663
3895 3637
3878 3644
3925 3635
3359 3804
3944 3546
3553 3802
3598 3712
3925 3579
3718 3699
3901 3622
3759 3691
3812 3669
3842 3629
3841 3636
3839 3663
3834 3665
3546 3795
3904 3544
3689 3687
3825 3661
3760 3667
3883 3621
3888 3589
3262 3775
3902 3496
3473 3742
3882 3585
3539 3676
3476 3741
3857 3598
3637 3666
3701 3660
3791 3655
3823 3648
3539 3676
3823 3648
3404 3711
3881 3561
3778 3643
3855 3589
3799 3630
3858 3576
3795 3640
3060 3650
3858 3573
3572 3639
3627 3632
3840 3580
3796 3602
3778 3608
3778 3608
3626 3633
3782 3607
3778 3608
3391 3630
3847 3417
3547 3601
3779 3569
3832 3535
3301 3577
3831 3420
3790 3530
3631 3568
3531 3548
3672 3495
3672 3495
3039 3544
3608 3475
3533 3477
3533 3477
3533 3477
3558 3448
3256 3326
3340 4028
3340 4028
4200 3424
3364 4021
4041 3697
3415 4017
4136 3554
4164 3521
4178 3476
4195 3454
4195 3454
4200 3424
4151 3534
4089 3635
4014 3705
3732 3908
4121 3595
4122 3569
4094 3612
3512 3986
3490 3990
3732 3908
4050 3680
3888 3812
4102 3602
3704 3912
3431 4009
3453 4003
3616 3956
4071 3649
3855 3832
3653 3936
3540 3982
3511 3987
3431 4009
3660 3935
3969 3747
4175 3491
3595 3966
3666 3926
3839 3836
3481 3998
3556 3975
3632 3949
3690 3914
3964 3748
4050 3680
4056 3666
3977 3738
3952 3769
3672 3925
3688 3919
3763 3878
4175 3491
4178 3476
4168 3505
4074 3646
3990 3731
4168 3505
4064 3660
3963 3761
4100 3603
3778 3875
4010 3716
4152 3528
3879 3817
3909 3801
3415 4017
3540 3982
3797 3862
3749 3893
3616 3956
3635 3938
3466 4001
3806 3860
3997 3718
3762 3881
3704 3912
3938 3773
4014 3705
3963 3761
3469 4000
3907 3806
4121 3595
3994 3724
4094 3612
4125 3566
3582 3970
3632 3949
3635 3938
3350 4024
3364 4021
3556 3975
3568 3971
3787 3870
3749 3893
4056 3666
4064 3660
4082 3640
3927 3783
3884 3813
3929 3778
3938 3773
3822 3857
3453 4003
4009 3717
3350 4024
3860 3830
3870 3826
3831 3848
3568 3971
3582 3970
3751 3891
3753 3885
3924 3786
3595 3966
4082 3640
3990 3731
3836 3837
3778 3875
4130 3555
3595 3966
3870 3826
3918 3792
4089 3635
3797 3862
3806 3860
3822 3857
3825 3851
3832 3845
3996 3722
4128 3560
3415 4017
3787 3870
4041 3697
3485 3993
3952 3769
3879 3817
3753 3885
3907 3806
3825 3851
3340 4028
3540 3982
3616 3956
3977 3738
4121 3595
4151 3534
4152 3528
3485 3993
3688 3919
3834 3842
3909 3801
3929 3778
4128 3560
3787 3870
3870 3826
3918 3792
4041 3697
3918 3792
3977 3738
3860 3830
3672 3925
3924 3786
4122 3569
3907 3806
4168 3505
3834 3842
3918 3792
3952 3769
3822 3857
4130 3555
3749 3893
3749 3893
3340 4028
3340 4028
3340 4028
3340 4028
3340 4028
3415 4017
3415 4017
3415 4017
3415 4017
3540 3982
3540 3982
3540 3982
3595 3966
3595 3966
3595 3966
3595 3966
3595 3966
3595 3966
3595 3966
3595 3966
3595 3966
3616 3956
3616 3956
3616 3956
3632 3949
3632 3949
3672 3925
3672 3925
3704 3912
3732 3908
3732 3908
3749 3893
3749 3893
3749 3893
3778 3875
3778 3875
3787 3870
3787 3870
3787 3870
3787 3870
3787 3870
3797 3862
3797 3862
3797 3862
3822 3857
3822 3857
3825 3851
3825 3851
3870 3826
3907 3806
3907 3806
3907 3806
3907 3806
3907 3806
3907 3806
3918 3792
3918 3792
3918 3792
3918 3792
3918 3792
3938 3773
3952 3769
3952 3769
3952 3769
3952 3769
3952 3769
3952 3769
3952 3769
3963 3761
3963 3761
3963 3761
3977 3738
3977 3738
3990 3731
4041 3697
4041 3697
4050 3680
4094 3612
4094 3612
4094 3612
4121 3595
4121 3595
4121 3595
4121 3595
4121 3595
4121 3595
4121 3595
4121 3595
4168 3505
4175 3491
4178 3476
4178 3476
4195 3454
4195 3454
4195 3454
3387 3982
4143 3429
4085 3581
4022 3658
3459 3964
4121 3501
3556 3956
3917 3755
4126 3493
3697 3884
3600 3912
3962 3729
3570 3942
4002 3693
3799 3828
3662 3902
3833 3805
3907 3800
3856 3802
3630 3908
3910 3781
3991 3711
3783 3844
3763 3861
3743 3875
3967 3714
3766 3849
3743 3875
3743 3875
3403 3962
4137 3362
4056 3474
4020 3618
3530 3950
3923 3713
4000 3683
4105 3437
3658 3886
3592 3902
4117 3386
3754 3859
4004 3629
3775 3819
4093 3473
3689 3876
3862 3796
3815 3800
3716 3860
3906 3769
3569 3918
3793 3810
3569 3918
3893 3788
3892 3792
3906 3769
3431 3947
4087 3452
3980 3673
3914 3705
3994 3609
3587 3892
3995 3559
3896 3755
3545 3902
3862 3795
4012 3470
3526 3941
3772 3806
3751 3855
3656 3879
3663 3876
3720 3857
3770 3811
3881 3774
3530 3939
4009 3478
3997 3512
3997 3512
3863 3786
3728 3856
3772 3806
3772 3806
3772 3806
3456 3937
4080 3402
3615 3866
3493 3891
3898 3702
3989 3472
3937 3650
3863 3776
4066 3447
3964 3619
3716 3855
3842 3792
3981 3542
3966 3546
3771 3806
4078 3418
3738 3846
3750 3820
3769 3811
3746 3827
3744 3841
3238 3907
4065 3277
3976 3513
3613 3861
3416 3896
3937 3639
3876 3656
3356 3899
3784 3789
3711 3847
4023 3432
3861 3747
4056 3346
3695 3854
4030 3426
4049 3379
3838 3760
3823 3777
4054 3371
3815 3784
3854 3756
3815 3784
4049 3379
3854 3756
3854 3756
3854 3756
3273 3880
4032 3283
3654 3854
4026 3392
3965 3472
3925 3513
3915 3606
3711 3819
3841 3719
3747 3781
3915 3606
3799 3768
3841 3719
3680 3842
3841 3719
3788 3776
3798 3770
3915 3606
3676 3838
3965 3398
3886 3583
3936 3458
3835 3647
3819 3712
3855 3597
3693 3819
3779 3731
3736 3781
3942 3454
3754 3769
3771 3751
3680 3837
3762 3756
3740 3776
3739 3779
3581 3835
3957 3292
3885 3571
3901 3429
3790 3662
3639 3834
3678 3773
3671 3830
3755 3697
3744 3742
3780 3685
3737 3757
3710 3767
3710 3767
3710 3767
3578 3827
3900 3397
3657 3814
3823 3556
3744 3732
3880 3503
3763 3657
3762 3662
3512 3826
3860 3334
3653 3814
3776 3531
3696 3712
3753 3627
3844 3484
3855 3468
3734 3658
3726 3699
3630 3808
3841 3324
3775 3461
3725 3695
3751 3621
3642 3798
3394 3804
3809 3300
3758 3461
3648 3642
3595 3792
3626 3791
3631 3650
3324 3793
3722 3442
3517 3748
3626 3648
3658 3450
3601 3734
3623 3716
3562 3697
3599 3632
