4671 10.6068
8576 8143 8819 7631
8175 8184 8903 7772
8576 8143 8819 7631
8592 8290 8573 7837
8452 8082 8663 8028
8501 8484 8688 7689
8513 8004 8791 7775
8237 8280 8922 7719
8303 8189 8840 7964
8441 8422 8632 7758
8510 8212 8876 7865
8175 8184 8903 7772
8441 8422 8632 7758
8554 8222 8665 7806
8381 8154 8793 7909
8613 8086 8738 7703
8337 8329 8811 8019
8237 8280 8922 7719
8357 8100 8909 7959
8423 8376 8823 7766
8501 8484 8688 7689
8532 8066 8770 7883
8290 8332 8808 7806
8473 8260 8705 8007
8521 8282 8653 7817
8532 8066 8770 7883
8664 8263 8642 7674
8381 8154 8793 7909
8439 8356 8613 7794
8664 8263 8642 7674
8357 8100 8909 7959
8476 8237 8749 7633
8485 8162 8878 7902
8613 8086 8738 7703
8290 8332 8808 7806
8413 8174 8788 7906
8337 8329 8811 8019
8439 8356 8613 7794
8452 8082 8663 8028
8237 8280 8922 7719
8576 8143 8819 7631
8434 8215 8752 7877
8515 8223 8582 7896
8337 8329 8811 8019
8501 8484 8688 7689
8423 8376 8823 7766
8357 8100 8909 7959
8476 8237 8749 7633
8538 8133 8770 7708
8428 8232 8746 7964
8337 8329 8811 8019
8359 8257 8837 7829
8359 8257 8837 7829
8538 8133 8770 7708
8381 8154 8793 7909
8515 8223 8582 7896
8175 8184 8903 7772
8509 8231 8716 7866
8290 8332 8808 7806
8452 8082 8663 8028
8515 8223 8582 7896
8532 8066 8770 7883
8476 8237 8749 7633
8538 8133 8770 7708
8538 8133 8770 7708
8439 8356 8613 7794
8513 8004 8791 7775
8175 8184 8903 7772
8664 8263 8642 7674
8476 8237 8749 7633
8515 8223 8582 7896
8664 8263 8642 7674
8529 8174 8654 7886
8501 8484 8688 7689
8357 8100 8909 7959
8441 8422 8632 7758
8501 8484 8688 7689
8529 8174 8654 7886
8357 8100 8909 7959
8381 8154 8793 7909
8509 8231 8716 7866
8532 8066 8770 7883
8476 8237 8749 7633
8237 8280 8922 7719
8529 8174 8654 7886
8576 8143 8819 7631
8337 8329 8811 8019
8538 8133 8770 7708
8237 8280 8922 7719
8513 8004 8791 7775
8439 8356 8613 7794
8381 8154 8793 7909
8290 8332 8808 7806
8613 8086 8738 7703
8501 8484 8688 7689
8423 8376 8823 7766
8515 8223 8582 7896
8515 8223 8582 7896
8452 8082 8663 8028
8501 8484 8688 7689
8381 8154 8793 7909
8237 8280 8922 7719
8509 8231 8716 7866
8423 8376 8823 7766
8439 8356 8613 7794
8413 8174 8788 7906
8290 8332 8808 7806
8485 8162 8878 7902
8532 8066 8770 7883
8538 8133 8770 7708
8513 8004 8791 7775
8613 8086 8738 7703
8554 8222 8665 7806
8592 8290 8573 7837
8381 8154 8793 7909
8509 8231 8716 7866
8476 8237 8749 7633
8476 8237 8749 7633
8664 8263 8642 7674
8175 8184 8903 7772
8439 8356 8613 7794
8513 8004 8791 7775
8439 8356 8613 7794
8538 8133 8770 7708
8423 8376 8823 7766
8452 8082 8663 8028
8381 8154 8793 7909
8509 8231 8716 7866
8515 8223 8582 7896
8538 8133 8770 7708
8359 8257 8837 7829
8337 8329 8811 8019
8428 8232 8746 7964
8357 8100 8909 7959
8434 8215 8752 7877
8554 8222 8665 7806
