428 0.5675
7810 7624 8150
8098 7544 7957
7810 7624 8150
8021 7976 8000
8097 7762 7890
8021 7976 8000
7881 7631 8121
8098 7544 7957
8098 7544 7957
7881 7631 8121
8021 7976 8000
8089 7653 7904
7881 7631 8121
7810 7624 8150
7810 7624 8150
7881 7631 8121
7810 7624 8150
8089 7653 7904
8098 7544 7957
7881 7631 8121
7810 7624 8150
7810 7624 8150
8089 7653 7904
7881 7631 8121
7810 7624 8150
7810 7624 8150
7810 7624 8150
7810 7624 8150
7810 7624 8150
7810 7624 8150
7810 7624 8150
7881 7631 8121
8098 7544 7957
7810 7624 8150
7881 7631 8121
8021 7976 8000
7810 7624 8150
7810 7624 8150
7881 7631 8121
7810 7624 8150
7881 7631 8121
7810 7624 8150
7810 7624 8150
7810 7624 8150
7881 7631 8121
7810 7624 8150
7881 7631 8121
8089 7653 7904
7810 7624 8150
7881 7631 8121
8098 7544 7957
8089 7653 7904
7810 7624 8150
8021 7976 8000
7810 7624 8150
7881 7631 8121
7881 7631 8121
7881 7631 8121
8089 7653 7904
7881 7631 8121
7810 7624 8150
7810 7624 8150
8021 7976 8000
7810 7624 8150
7810 7624 8150
8098 7544 7957
7881 7631 8121
7810 7624 8150
7810 7624 8150
8161 7725 7877
7881 7631 8121
8089 7653 7904
7810 7624 8150
7810 7624 8150
7881 7631 8121
7810 7624 8150
8098 7544 7957
7810 7624 8150
7810 7624 8150
7810 7624 8150
7810 7624 8150
7810 7624 8150
7810 7624 8150
7810 7624 8150
7810 7624 8150
7810 7624 8150
7881 7631 8121
7810 7624 8150
8089 7653 7904
7810 7624 8150
7810 7624 8150
7881 7631 8121
7881 7631 8121
7810 7624 8150
8098 7544 7957
7810 7624 8150
7927 7770 8109
7810 7624 8150
7810 7624 8150
7881 7631 8121
8089 7653 7904
7881 7631 8121
7810 7624 8150
7881 7631 8121
7810 7624 8150
7810 7624 8150
7810 7624 8150
7810 7624 8150
7881 7631 8121
7881 7631 8121
8098 7544 7957
7881 7631 8121
8098 7544 7957
7810 7624 8150
7927 7770 8109
7881 7631 8121
7810 7624 8150
7881 7631 8121
7810 7624 8150
7881 7631 8121
7810 7624 8150
7810 7624 8150
7810 7624 8150
7810 7624 8150
7881 7631 8121
8098 7544 7957
7881 7631 8121
7881 7631 8121
8098 7544 7957
7881 7631 8121
7993 7684 8014
7881 7631 8121
7881 7631 8121
7810 7624 8150
7810 7624 8150
7810 7624 8150
