229 9.57583
8582 7500 7205 6762
7553 8753 7137 5983
6903 6547 8811 5602
6618 6382 6570 8270
7555 8413 8024 6660
7801 8811 7820 6408
7193 6361 7243 8093
8177 7795 7792 6988
7392 8627 7647 6293
7476 8374 7926 6692
7323 6972 6886 8216
7853 8577 7036 6455
7507 6989 7175 8087
8374 7550 7409 7007
8179 8090 7515 6974
7732 7280 8839 6748
7056 7797 7389 7573
8391 7307 7926 6459
7492 7775 8302 6896
8052 8407 7449 6280
7464 6920 8636 6712
7736 7574 7795 7333
8142 7594 7293 7391
8445 7431 7246 7033
7348 7413 8637 6353
7733 8698 7070 6440
7382 7021 8799 5988
7489 7733 8486 6546
7857 7659 7685 7519
8670 7321 7302 6449
7618 7083 7413 7955
8181 7603 8361 6458
7499 8789 7480 6193
8053 8146 7173 7064
7753 7984 8267 6282
7742 8874 7374 6110
7091 7072 6817 8206
8239 7290 7482 7228
8416 7579 7323 7068
7507 8897 7468 6215
7435 6957 8158 7447
8141 7486 7943 7053
8129 7468 7608 7392
8444 7367 7110 7100
7349 8824 7338 5901
6966 7056 8539 7190
7935 7162 7045 7744
8516 7705 7647 6650
7414 7106 8570 7121
7992 6988 8390 6152
7381 7708 8495 6698
7719 7340 8481 6837
7570 7825 7578 7411
8560 7290 7487 6765
7254 8283 8138 6522
7376 7743 8570 6456
7352 7440 8161 7428
7678 8067 7242 7293
7996 7523 7874 7231
8582 7500 7205 6762
6931 6949 6915 8181
8327 8095 7364 6863
8115 6998 8303 7149
7465 8761 7336 6032
7340 7666 8749 6661
7540 7884 8079 7159
7200 7062 7060 8236
8498 7020 7670 7028
7645 8681 7514 6380
7822 8151 7990 6284
7586 7652 7375 7651
7979 8518 7470 6099
7629 6465 8147 7389
8308 7385 7666 6981
7816 8629 7499 6126
7252 7041 8616 6892
7274 6604 7581 7947
8155 8308 7757 6448
8055 7854 7468 7365
8494 7879 7360 7015
6990 6753 8797 5993
7321 7496 7686 7632
8318 7298 7368 7387
8494 7879 7360 7015
7345 7276 8768 6052
7302 8092 7578 7254
8179 7095 8228 6842
7603 8294 8101 6264
7694 8473 7729 6648
8382 7877 7060 6587
6988 6702 7246 8169
8073 7466 8229 6959
7907 8069 7541 6917
7624 8872 7611 6273
8069 6976 8271 6743
7657 8718 7325 5962
7219 7191 6797 8130
8126 7542 7018 7403
7809 8658 7302 6155
7672 8700 7354 5949
7193 7051 7347 8047
7967 8356 7178 6745
7031 6885 6995 8225
8400 7706 7826 7023
7458 8825 6725 6074
7519 7813 8228 7037
8124 7271 8280 7171
8201 8416 7089 6561
7350 7649 8676 6702
8155 8308 7757 6448
7769 8092 7983 6758
7468 7031 8767 6267
6969 7582 7150 7806
8387 7679 7279 6858
7605 6827 8720 6652
7305 8235 7810 7336
7467 7348 8716 6360
7502 8286 7665 6897
8023 7269 8145 7087
8484 7826 7229 6071
6906 6813 6959 8190
8220 7544 7485 7304
8446 7610 7364 7011
7632 8770 7285 6305
7658 8309 8121 6390
7544 8747 7410 5999
7175 7104 7342 7963
8058 7265 8437 6345
7612 8738 7491 6209
7496 8115 7764 7111
7337 7452 7952 7436
7870 8799 7177 6223
7178 7201 6913 8073
8570 7494 7438 7190
7819 8551 7373 6099
7371 6855 8688 6928
7019 7279 6917 8105
8353 7342 7328 7127
7441 7312 8637 7050
8239 8124 6950 6847
7340 6782 8750 6482
8179 7095 8228 6842
8570 7494 7438 7190
8396 8006 7354 6697
7166 7006 8856 6072
7530 7501 7132 7770
7705 6806 8221 7228
8057 7999 8004 6671
7767 8072 7793 7314
8536 7460 7430 6296
6813 7405 6887 8010
7908 8480 8178 5957
7347 7883 8515 6217
7471 8192 7006 7171
8179 7095 8228 6842
7779 8787 7337 6350
7073 6583 6511 8305
8491 7613 7404 7004
8530 7765 7486 7066
7647 8784 7464 6352
7389 7028 8897 6513
7746 7644 8446 6112
7027 7162 7439 7950
8258 8127 7349 6735
7764 8935 7564 6225
7447 7464 8779 6747
7321 6858 6851 8205
8499 7851 7616 6650
7447 7464 8779 6747
8203 6883 8025 6697
7467 7348 8716 6360
7546 7977 8263 6795
7978 7597 7471 7442
8466 7530 7454 7035
7636 8019 8545 6354
7234 8252 8153 6186
7368 7123 8725 6507
7831 7349 7544 7595
8293 7973 7567 7359
8466 7377 7407 6501
6634 7088 6808 8246
8281 7036 7978 7043
7993 7164 8335 7114
7738 8786 7588 6007
7816 8522 7748 6340
7693 8658 7805 6270
7088 6577 6602 8229
8436 7681 7496 7022
7967 8497 7638 5770
7572 8690 7611 6363
6993 7403 6916 8140
7614 8290 8222 5855
6854 7336 8352 7174
8552 7415 7466 7026
7738 8814 7211 6315
7012 7079 8616 6980
7167 7607 7026 7881
8321 7603 7803 6569
7405 7951 8157 6850
7868 8570 7396 6009
7200 6677 8563 7045
7723 7574 8083 7175
7588 6924 7087 7961
8424 7492 7079 7018
7362 7259 8672 6704
7563 8686 7495 6379
7509 7566 8610 6159
7233 7911 8432 6434
7560 8168 7692 7030
8356 7670 7442 6925
6633 6774 6826 8279
7712 7865 8057 7093
7548 8334 8241 6821
8062 8134 7086 7018
8202 7624 8241 6539
7496 8795 7143 5955
6718 6765 7165 8189
8293 7973 7567 7359
8170 8010 7084 7026
7644 8796 7411 6128
7346 6755 7398 8015
8089 8306 6790 6735
7818 7259 6903 7846
8389 7603 8043 6310
7622 8775 7045 6093
6844 6520 7909 7842
7647 7148 7449 8065
8308 8015 7221 6810
7334 6940 8518 7001
8530 7765 7486 7066
7525 8050 8251 6732
7547 6994 8849 6625
7584 8056 7248 7370
8443 7416 7703 6033
7430 7732 8631 6252
7422 7965 8283 6474
7569 7654 8713 6636
7849 7875 7684 7115
8499 7626 7342 6933
8488 7395 7278 6356
6948 6973 7161 8115
8142 7594 7293 7391
7746 7644 8446 6112
7553 8707 7116 6419
7369 7207 8775 6115
7675 8361 7014 6878
7152 7399 6681 7923
8457 7733 8020 6376
7830 8696 7116 6399
7754 8328 7910 6108
7022 7575 7168 7871
7738 8814 7211 6315
6961 7053 7435 8052
8276 7918 7308 7008
8529 7433 7634 6610
7238 6974 8777 5955
7051 7022 7177 8251
7885 7660 8686 6593
7899 7259 8114 7166
8376 7449 7763 7001
7382 7021 8799 5988
6963 7423 8051 7397
7959 7112 7054 7929
8419 7275 7480 6848
7260 7108 8667 6532
7028 7849 7165 7653
7695 6469 8690 6578
8319 8205 7675 6971
7858 8458 7478 6673
8362 8119 7491 6438
6707 7050 7433 7966
7640 7346 8603 6654
7451 8676 7544 6458
7858 8458 7478 6673
7431 7116 8771 6813
7599 8746 6883 6224
7031 6885 6995 8225
8134 7904 7503 7244
8134 7886 8082 6288
7742 8874 7374 6110
7260 6869 6985 8310
7749 8561 7379 6626
7436 7265 6635 8067
8436 7681 7496 7022
7739 8729 7000 6186
7431 7603 8284 7094
7778 7677 7339 7533
8008 8459 7188 6065
7409 6873 8582 7105
8101 6786 8343 6687
7331 7226 8383 7091
7508 7252 8512 6849
7262 7985 7152 7453
8646 7226 7547 6673
8249 7650 8299 6567
7756 8862 7259 5874
7471 7831 8565 6460
7344 8095 7202 7533
8124 7271 8280 7171
8420 7719 7564 6723
7046 7138 6976 8192
7828 7879 7947 6925
8352 6699 8078 6725
7647 8784 7464 6352
7215 8753 7616 6311
7797 8943 7771 6426
6893 7415 6746 8071
8115 6998 8303 7149
8239 8183 7327 6972
7780 8509 7617 6643
7167 7607 7026 7881
8072 8535 7105 6472
7306 7057 6984 8156
8278 7178 7443 7376
7830 8647 7343 6337
7503 6983 8667 6428
7553 7003 6850 7983
8384 7696 7252 6861
7993 8150 7782 6665
8154 8381 6880 6153
7471 7831 8565 6460
7818 7066 7758 7536
7962 7967 7205 7169
8498 7020 7670 7028
7074 7054 8853 6352
7032 7797 8074 7078
8016 7575 7911 7230
7546 7977 8263 6795
7502 7830 7795 7358
8363 7850 7452 7096
6993 7403 6916 8140
8102 8037 7734 6613
7589 7393 8633 6561
7511 8746 7124 6461
7786 7086 8537 6667
7498 8892 7418 5983
7109 6961 7228 8252
7857 7166 7186 7738
7908 8504 7321 6497
7675 8735 7329 6064
7289 6939 8179 7412
7919 8677 7453 5947
7321 7841 7030 7600
8406 7873 7611 6440
7887 8929 7335 6122
8035 6811 8176 7141
7959 7112 7054 7929
8436 7932 7088 6306
7430 7204 8786 6834
8425 7300 7808 6151
7420 7891 8429 6290
7345 7276 8768 6052
6634 7088 6808 8246
8388 7210 7437 7025
7376 7096 8773 6696
7674 8220 8060 6768
7459 7376 8511 6821
8096 7712 7492 7384
8410 7429 7558 6941
8474 7232 7244 6847
7002 6463 6360 8212
8129 7468 7608 7392
8069 7529 7682 7478
7667 8690 7527 6314
7732 7280 8839 6748
7542 8753 7127 6282
7284 7111 6898 8139
8280 7117 8040 6525
7469 8781 7449 6118
7601 8397 8027 6552
7756 7156 7304 7899
8118 8403 7367 6728
7552 6999 8209 7255
8484 7384 7409 6965
7608 8740 7659 5937
7379 7625 8621 5884
7563 7543 8454 6925
7899 7592 8445 6168
7931 7902 7533 7373
7902 8496 7440 6354
7434 7390 8452 7163
7291 7142 8596 6967
7863 7012 7086 7776
8522 7528 7597 6665
7139 7217 8756 6420
7321 7841 7030 7600
7547 6994 8849 6625
7499 7899 8218 7200
7673 7919 7892 7027
8361 7475 7581 7160
7310 6940 7395 8060
7819 7776 8220 6662
7583 8369 7663 6837
8130 8160 6947 7033
8197 8370 7473 6128
7686 8689 7486 6321
7299 6747 7507 8010
8426 7546 7466 7115
8192 8209 7053 6797
7769 8683 7013 6204
7112 7141 8563 7175
7548 8334 8241 6821
7611 7033 7371 7856
8569 7426 7588 6686
7730 8725 7312 5795
7112 7141 8563 7175
7087 6837 7092 8218
8516 7705 7647 6650
7361 7043 8597 6877
8473 7628 7548 6992
7501 7575 8332 7102
7735 6938 8565 6534
7803 7726 7537 7437
8370 7381 7632 6715
7674 8220 8060 6768
7478 7007 8811 6757
7499 7899 8218 7200
7744 7806 6660 7531
8210 8146 7832 6661
8498 7313 7504 6638
6834 6746 6945 8240
8130 8160 6947 7033
7885 7660 8686 6593
7507 8897 7468 6215
7340 7666 8749 6661
7389 8729 7423 6409
6974 7017 7320 8139
8511 7551 7827 6448
7842 8478 7509 6439
7944 8666 7227 6124
7229 8161 7846 6914
7541 8729 7064 6246
6669 6402 7255 8159
8429 7980 7544 7225
8155 8121 7702 6677
7289 6861 8756 6584
7647 7148 7449 8065
8318 7298 7368 7387
8069 7529 7682 7478
8565 7732 7558 6658
7468 7031 8767 6267
7906 7733 7658 7394
8116 7334 7642 7316
8503 7283 7623 6243
7702 6921 8658 6585
7761 8010 7668 7099
8188 7320 8225 6386
7680 8011 8488 6381
7801 8811 7820 6408
8055 8367 7311 6354
7362 6903 7131 8179
7851 7720 8128 6846
7280 7676 8260 7065
7344 8095 7202 7533
8178 7693 7932 6808
7491 8772 7069 6048
