458 208.16
27601 29922 31423 31772
28806 31291 33260 29548
29681 33804 30457 29166
30477 29236 29435 33580
30507 31497 31632 28113
31202 28270 31924 31204
31499 31100 28645 32229
32624 30787 29989 32011
31931 30466 29066 32591
31173 28399 31999 31305
31593 30906 28836 32290
28876 31212 33213 29328
29607 31852 32965 30042
30122 33580 30567 29985
30188 33340 29842 29872
28810 31226 33112 29435
29952 33679 30600 29630
29670 32008 32916 30531
31748 30560 29901 32790
31591 28705 31462 30977
30675 29331 29475 33388
31333 30806 29139 32389
32238 31173 29475 31883
30314 33213 29928 29866
29684 31726 32066 29189
29050 32166 31691 29092
31047 29944 29742 32894
29309 32403 31893 28967
30579 31420 31596 28391
29196 32099 31575 29017
27880 30209 31345 31835
31655 29618 30865 31334
31248 30559 28669 32985
30567 29437 29607 33232
29776 31522 32417 28593
31791 31139 29125 32135
28481 30892 31292 31155
28143 30639 31094 31990
32008 30670 30371 31940
30865 30146 29963 33079
29873 31684 32282 28889
28316 30615 31119 31403
30589 33054 29590 29975
28037 30373 31200 31641
28628 30777 31044 31266
30708 28756 31757 30861
29498 31789 32775 30783
30967 29078 31426 30691
31480 32984 29696 30456
29395 32387 30857 30352
31545 31099 29218 32069
31839 30618 30332 31967
32374 30912 29137 31689
30913 29160 31363 30734
31096 30051 29696 32979
30338 32875 30048 29913
29996 29743 32615 31472
29544 32563 30831 30427
29820 31531 32314 28785
30039 29781 32461 31531
31274 29441 30778 31456
29899 31510 32235 28725
29556 32606 30797 30477
29514 32602 30693 30500
27743 30188 31397 31779
30430 33098 29772 29785
30731 29412 31552 30651
32151 30628 30143 32104
32139 30465 30375 31941
30545 33045 29672 29778
30140 29834 32544 31519
29443 32307 30870 30176
29461 32370 30845 30246
30812 30045 30031 32926
29068 32230 31685 29136
30389 32916 30009 29720
28306 30579 31123 31420
29964 32759 30785 29395
28719 31006 31240 31154
31312 28907 31549 30996
30412 32830 29944 29397
31927 30640 30395 31914
30450 31446 30757 28355
29138 32197 31688 29095
29323 32347 31615 29001
30388 33132 29849 29949
30065 29843 32562 31433
28745 30499 30921 31105
30784 31572 31316 28264
31647 28804 31458 31016
29409 31605 32577 30884
27993 30508 31271 31501
30843 28837 31751 30916
27694 29918 31559 31576
29439 32254 30877 30219
31371 28817 31522 31181
29978 29708 32456 31558
31859 31040 29173 32070
29509 31572 32807 30685
28767 30572 31002 31069
32366 30884 29403 31699
30420 31949 32160 29187
30868 29343 31606 30735
28574 30788 31387 31246
27901 30402 31173 31754
28564 30517 31146 31300
32322 31059 29403 31684
32324 30974 29283 31591
31679 31038 29162 32086
31944 30754 30218 31999
29409 31749 32713 30806
31361 30308 29285 33160
31500 28972 31454 31295
30938 31542 31400 28301
31944 30754 30218 31999
30319 32891 30041 29655
29758 31529 32393 28627
27894 30294 31328 31924
30817 31743 31603 28164
29857 31650 32324 28710
30744 28878 31659 30421
32338 30939 29362 31675
29574 32425 30750 30525
31930 30553 30156 32104
30748 31668 31567 28219
28734 30554 30987 31140
30317 29749 32329 31779
29165 32298 31688 28968
29409 31749 32713 30806
29584 31501 32455 30927
29758 31529 32393 28627
30186 29756 32294 31445
30420 31949 32160 29187
31497 28970 31491 31107
29987 31731 32189 29004
28006 30151 31267 31726
28729 30726 31093 31432
29574 32425 30750 30525
31361 30308 29285 33160
32369 30914 29324 31629
32328 30959 29324 31657
29772 31498 32549 28699
30738 31581 31428 28311
30713 29305 31612 30687
28003 30402 31249 31739
32347 30938 29460 31733
31677 28878 31448 31076
30419 33118 29710 29897
28760 30735 30893 31154
31667 31058 29138 32021
30457 33145 29759 29742
29964 32759 30785 29395
29524 31673 32572 30682
31261 28753 31611 31146
28731 30648 31151 31291
27694 29918 31559 31576
31485 29331 31176 31303
30759 28863 31552 30923
30455 33117 29707 29755
31371 28817 31522 31181
30813 28851 31612 30708
30457 33145 29759 29742
27894 30304 31244 31762
31497 28970 31491 31107
28306 30579 31123 31420
28729 30726 31093 31432
27502 30096 31340 31481
29238 31511 32606 30693
30391 33062 29676 29703
30795 31634 31431 27994
31082 30099 29158 33020
31258 28698 31318 31104
32206 30833 29111 31641
32319 30959 29219 31511
31782 31096 29118 32134
30697 30070 29956 32864
31633 30309 30177 31881
29932 31789 31920 29086
28722 30664 31058 31288
31925 30402 30340 31864
31441 29234 30967 31258
30232 32868 29804 29627
29256 32534 30728 30346
30268 32995 29870 29486
29367 32519 30762 30168
30030 29666 32443 31510
31450 29500 30785 31239
30448 32970 29756 29730
28972 32231 31695 28920
30129 29804 32461 31474
29460 32483 30540 30176
28383 30428 31101 31269
30017 31942 31962 28982
30944 28925 31414 30799
31076 30050 29645 32886
31344 29196 31021 31201
30341 31362 30823 28510
29797 31831 31772 29003
28028 30256 31131 31502
32002 30526 30277 31878
32149 30908 29446 31511
28500 30889 31147 31073
30160 31276 30688 28580
29124 32222 31572 28888
30319 31455 30801 28415
27504 29896 31410 31396
30571 29096 31348 30669
29625 31700 32199 28771
29404 32323 30810 30400
31481 28849 31440 31009
29136 32136 31523 28990
29704 31548 32316 28671
28387 30639 31253 31104
27667 30013 31384 31752
31523 30494 30296 31779
29447 31778 32590 30744
32283 30701 29298 31582
30679 31610 31548 28188
30194 31612 30624 28490
27684 30105 31309 31432
29534 32369 30787 30280
30496 31045 29277 30552
29387 32409 30758 30260
30439 33048 29755 29529
27863 30241 31215 31600
27962 30356 31195 31481
30706 31124 29226 30527
30756 28858 31462 30597
29836 31594 32083 28761
30690 31200 29359 30385
29462 32473 30686 30305
30078 31587 30650 28657
31301 30268 29253 32940
30218 32913 29899 29628
30706 28945 31574 30630
29884 31721 32181 28692
29137 31819 31524 29019
31130 28788 31424 31088
30852 29027 31345 30651
29734 31605 32079 28787
27998 30195 31134 31477
30389 31468 31605 28099
31571 28800 31427 31029
29735 31427 32310 28538
29431 32234 30709 30283
32124 30998 29315 31671
29992 31755 31977 28904
27724 30046 31267 31540
31287 28715 31514 31074
30706 29969 29932 32900
30111 33013 29939 29562
27520 30003 31325 31799
28492 30909 31181 31100
30887 29078 31343 30640
27754 30081 31095 31743
29708 31588 32166 28899
27879 30230 31266 31723
32152 30820 29372 31729
30313 32970 29877 29559
32048 30857 29301 31726
32211 30786 29217 31680
30673 31586 31565 28136
30647 29198 31515 30595
29764 31606 32281 28716
30765 31552 31545 28097
30797 30086 29899 32999
29790 31549 32016 28915
29742 31638 32268 28776
32130 30939 29205 31707
29745 31663 31995 28778
32036 30984 29347 31647
30789 28831 31637 30789
30700 28790 31717 30749
31263 29225 31092 31254
30768 28770 31644 30791
32139 31090 29275 31637
30830 28840 31533 30773
30795 28766 31698 30762
32212 30821 29242 31637
27520 30003 31325 31799
30658 29982 29949 32894
32195 30911 29214 31547
32178 30939 29282 31646
32142 30919 29333 31544
32160 30996 29236 31499
30314 31460 30763 28492
27327 29864 31299 31772
29939 29780 32448 31465
30179 33030 29672 29644
30335 31350 31516 27851
30784 30020 29825 32953
31105 30258 29066 32922
31550 28720 31384 30933
32186 30773 29197 31677
31067 30026 29551 32768
30213 32777 29770 29501
30812 29058 31059 30709
31686 31044 29092 32083
29961 29642 32422 31496
29327 32159 30782 29990
28739 31361 30943 29199
29873 31739 31845 28908
28443 30581 30928 31148
29658 31524 32152 28505
30170 32844 29863 29621
29390 32378 30665 30082
30219 31256 30528 28335
31779 30415 30063 31811
29728 31519 32273 28694
30854 28865 31387 30782
29381 32306 30765 30232
29550 31394 32005 28793
29713 31745 31646 28903
29953 31897 31927 28831
27841 30151 31095 31535
30662 28843 31434 30588
30070 29739 32369 31306
29075 32063 31491 28963
30074 31126 30367 28465
28943 31998 31522 28908
29099 32171 31526 28713
28177 30520 31008 31195
29432 32356 30680 30192
31862 30811 29348 31576
30198 31216 30421 28405
31457 28801 31238 30880
31345 28782 31322 30966
30679 31552 31448 28084
30322 31428 31505 28069
30143 31216 30631 28357
27470 29961 31323 31381
28180 30441 30950 31178
31213 30229 29066 32885
30596 31403 31244 28171
31647 31076 29088 32028
30585 28720 31524 30734
28664 30515 30970 31108
31620 30278 30152 31875
31608 30292 30246 31608
29056 32157 31514 28752
31655 30353 30150 31811
31848 30480 30194 31798
31131 30078 29149 32930
27643 29985 31157 31452
27681 30027 31292 31335
31938 30928 29196 31332
28584 30556 30956 30955
31930 30497 30245 31759
27532 30120 31158 31461
27794 30198 31066 31588
30678 31469 31274 28127
27538 29928 31354 31604
30790 29948 29824 32860
30755 28818 31612 30647
30747 28766 31590 30720
31135 30523 29690 31605
28622 30530 30758 30904
31980 30896 29232 31600
32092 30666 29293 31497
32014 30725 29303 31501
31973 30685 29257 31541
27609 30200 31062 31512
32132 30759 29250 31598
32054 30824 29239 31582
32036 30778 29248 31611
28635 30538 30994 30886
31956 30776 29328 31584
30324 28751 31611 30722
32071 30777 29286 31508
28510 30394 30903 31053
29947 29573 32395 31331
30121 32724 29757 29484
30553 31333 31199 27838
30713 29990 29722 32953
31550 28683 31359 30915
31603 30849 28998 32018
32152 30707 29052 31411
30873 29959 29536 32720
29740 31732 31735 28857
29365 32129 30723 30165
30497 31401 31433 27912
29294 32239 30505 30229
31499 30782 29056 32006
30660 28814 31462 30629
29811 29492 32205 31360
30645 29945 29776 32828
30033 31199 30269 28285
31670 30368 30190 31744
29937 29596 32236 31328
30022 31172 30461 28329
29008 31985 31249 28757
28618 30507 30868 30935
29653 31352 32202 28676
28925 31925 31420 28823
30603 28812 31560 30645
29671 31393 32028 28578
29246 32149 30647 30184
29763 31831 31848 28776
31811 30486 30084 31618
28568 30458 30953 31010
32094 30609 29173 31581
31871 30149 29767 31669
30687 28741 31428 30454
31913 30506 29269 31487
31843 30674 29062 31508
31798 30406 30198 31698
29903 31336 30670 28427
29927 31333 30913 28498
31979 30754 29198 31405
31921 30755 29225 31453
28539 30379 30765 30860
29138 32099 30671 30099
29810 31132 30748 28374
30577 29944 29719 32816
30634 28771 31447 30619
31393 28626 31279 30902
31575 30321 28462 31749
31971 30654 29181 31345
30766 29958 29431 32719
31575 30242 30175 31585
30641 28802 31414 30495
31920 30666 29070 31325
31238 30327 28464 31853
31443 30411 28826 31795
31729 30631 29051 31361
31124 30403 28576 31835
31348 28632 31324 30821
31932 30635 28997 31391
31335 30375 28601 31814
30607 28795 31443 30421
31387 30491 28497 31816
31539 30433 28570 31806
30948 30277 28691 31782
31180 30288 28587 31787
31369 30351 28434 31686
31846 30518 29047 31322
27526 30445 30904 31804
28806 31291 33260 29548
29681 33804 30457 29166
30477 29236 29435 33580
30707 31684 31559 28279
31202 28270 31924 31204
31553 30998 28554 32181
32624 30787 29989 32011
30032 33516 30402 30136
30874 30114 30055 32856
29626 31982 32764 30529
30675 29331 29475 33388
29549 31675 32939 30625
29664 31796 33139 30337
30881 29974 29743 33081
30283 33114 30257 29890
31566 30765 29139 32737
29736 33432 30614 29656
30737 29426 29649 33188
29326 32578 31585 29137
29763 32919 30431 30415
31203 30892 28869 31957
29827 31404 32661 30337
29927 32755 30572 29599
32074 30715 30377 31834
31964 31273 30217 31519
31685 30366 29236 32665
28691 30467 31378 31175
27852 30566 31017 31680
30400 33011 30325 30007
29567 31925 32617 30628
30159 32437 30503 29280
29776 29569 32548 31230
28704 30307 31171 31064
28876 31212 33213 29328
28894 32191 31291 29762
27619 30442 30807 31804
32465 30864 30049 32020
32428 31063 30189 31944
29457 31700 32618 30714
28476 30289 31545 30860
30736 28987 32234 30993
32326 30620 29714 32215
30974 29596 32194 30932
31248 30559 28669 32985
31821 30456 29380 32603
30510 28874 31503 31297
31065 28401 31341 30951
31451 31177 28809 31926
32228 30708 29708 32326
31020 28476 31258 31033
31753 30240 29599 32444
31334 30956 28692 32117
31293 31144 28659 32316
31555 29729 32126 30872
29111 32126 31236 29433
31573 31093 28753 32085
30563 28818 32240 31113
30631 31529 30772 28329
29900 29717 32475 31323
27939 30808 30661 31484
28003 30635 30643 31584
29520 32327 31775 28686
29304 32523 31683 29222
29194 32432 31873 28994
28170 30581 30654 31442
30616 29126 31865 31020
28304 30693 31344 30817
29082 32256 31422 29734
30269 32391 30481 29402
30629 31508 30820 28411
31497 31023 28665 32263
31781 30310 29558 32610
31097 28735 31272 30936
30753 31415 30342 29404
31264 28601 31282 30900
30458 31456 30745 28471
30230 33103 30345 29964
29413 32563 31760 28990
28325 30315 31584 31024
29390 32500 31840 29224
30014 29758 32335 31381
29203 32066 31256 29590
31394 29865 32133 30872
28274 31038 31483 31210
28456 30348 31535 30885
27572 30573 30882 31942
27867 30544 30947 31740
30623 31241 30740 28785
30464 29146 31906 31405
30716 31040 30954 28890
31812 30521 29465 32602
30624 31143 31032 28599
29285 32531 31728 29247
31458 29716 32249 30891
29249 32103 31253 29487
27867 30613 30684 31795
30349 30374 29886 32339
29878 29922 32182 31243
28305 30582 30546 31617
30657 31468 30722 28288
31186 28690 31254 30894
31079 28622 31299 30962
29011 32228 31453 29738
30238 33101 30325 29995
31444 31094 28695 32001
29952 29916 32272 31242
31639 30292 29868 32544
30372 30397 29858 32457
31717 30252 29581 32526
31433 29767 32152 30881
29976 29827 32384 31421
29438 32316 31816 28665
30482 31348 30658 28631
30695 30932 30958 28830
31598 30345 29644 32361
31670 30309 29704 32492
29458 32267 31866 28564
30284 30355 29931 32468
29986 29821 32126 31342
30411 28849 32204 31037
29128 30853 30609 31132
29501 32508 31708 28816
30445 28715 32311 31035
30363 31574 31426 28429
29154 30791 30603 31051
28170 30745 30639 31578
30364 30257 29878 32381
28183 30675 30608 31614
30491 31277 30990 28588
29912 32108 30622 29487
29422 32289 31824 28614
29036 30766 30692 30970
29116 31057 30661 31264
29026 30927 30696 31114
27998 30616 30656 31604
29479 32419 31778 28578
30271 30361 29933 32456
29011 32228 31453 29738
30363 31574 31426 28429
29976 29827 32384 31421
31821 30456 29380 32603
31065 28698 31273 31016
30372 30397 29858 32457
29479 32419 31778 28578
31749 30302 29646 32359
28183 30675 30608 31614
30624 31143 31032 28599
31749 30302 29646 32359
27410 30470 30712 31756
29616 31902 32688 30526
29998 32919 30338 29880
30544 31453 30532 28285
31007 28251 31052 30929
31520 30983 28536 32138
31575 30224 29558 32609
32312 30982 30112 31926
31807 30369 29275 32544
30242 32872 30311 29935
29449 31727 32544 30542
31401 31047 28572 31990
31663 30079 29488 32359
32285 31042 30094 31826
28968 32134 31265 29643
31623 30292 29643 32394
30756 29229 32145 30931
28607 30345 31135 31169
29274 32506 31457 29190
31415 29651 32097 30874
30160 32295 30465 29394
29812 29699 32299 31356
27947 30571 30623 31561
28378 30316 31538 30688
30174 30212 29926 32432
27695 30562 30999 31635
30488 31469 30788 28343
31092 29525 32122 30885
30091 32913 30188 29747
30220 29004 31846 31195
27827 30493 30903 31643
30980 28685 31204 30893
30254 32142 30219 29233
29227 31923 31164 29515
30326 31208 30711 28637
30809 29457 32220 30843
30084 32324 30420 29319
31070 28467 31267 30923
29773 29832 32221 31194
29700 29715 32311 31048
27779 30685 30634 31331
29375 32412 31572 28777
31393 29733 32124 30839
31520 30983 28536 32138
29482 32070 31621 28489
30919 29578 32165 30826
30992 28503 31234 30964
28477 30358 31375 31016
28112 30638 30568 31563
28254 30172 31487 30879
30400 31151 30509 28631
29041 32036 31327 29588
30651 30924 30921 28855
31661 30262 29531 32468
30557 31074 31000 28550
27544 30198 30782 31723
29075 32034 31139 29280
30380 29096 31768 31288
30330 28951 31724 31330
32297 31012 29932 31845
28191 30814 31288 30987
29155 32465 31789 28870
29035 30763 30613 31132
30444 28815 32231 30923
28140 30581 30583 31567
27418 30436 30769 31925
30652 30893 30797 28583
30001 29741 32280 31243
29312 32458 31620 28984
28232 30781 31411 30849
30342 29010 31822 31259
29113 30882 30633 31113
30357 28815 32240 31048
29763 29790 32214 31286
28543 30199 31244 31040
27514 30441 30819 31729
29235 32403 31566 29095
30961 29459 32241 30815
30350 31355 30741 28445
28351 30294 31469 30813
30363 31338 30558 28524
30352 31373 30596 28382
31399 29665 32197 30811
29265 32367 31688 29159
29351 32379 31647 28838
29693 29714 32296 31307
29199 32428 31617 29056
27524 30329 30808 31854
27494 30462 30799 31839
30126 31250 30770 28546
29148 32425 31760 29005
28185 30335 30323 31221
29108 32359 31653 29169
30361 31266 30757 28548
30399 31254 30551 28399
29222 32346 31704 28990
29176 32407 31633 29031
29368 32371 31645 29209
30388 31347 30622 28365
29159 32434 31692 28849
29227 32411 31556 29047
31399 29665 32197 30811
31399 29665 32197 30811
27332 30301 30777 31578
29134 32455 31591 28874
29518 31870 32683 30481
30413 31272 30566 28283
31154 28368 31227 30779
31234 30732 28477 32052
31375 30155 29532 32377
32282 30937 29907 31833
29595 31830 32611 30307
30009 32239 30422 29302
32132 30831 29953 31672
31600 30104 29618 32320
31497 30627 28991 31842
30318 28993 31789 31254
28035 30592 30391 31282
30307 31355 30572 28445
28607 30075 31086 31063
27695 30432 30947 31353
28344 30238 31359 30966
29300 32190 31362 28741
29790 29706 32141 31218
27852 30555 30480 31440
27422 30455 30657 31758
29671 29645 32281 31350
31432 30911 28647 31899
30130 31228 30581 28545
29308 32293 31341 28644
28920 30769 30589 31035
31359 30969 28548 31631
29846 29526 32217 31203
28137 30435 30513 31465
29276 32296 31558 29028
30314 31197 30606 28451
30972 28730 31201 30857
30561 29262 32237 30815
28591 30250 31100 31137
30574 30869 30869 28770
31047 28590 31064 30851
30532 30943 30857 28392
29139 32376 31491 28932
29040 32326 31641 28815
30808 29642 32154 30742
31186 30770 28844 31873
31333 29605 31979 30607
31315 29584 32043 30719
31259 30810 28793 31885
31141 28381 31266 30839
31133 28540 31135 30857
29024 32412 31735 28759
30880 29362 32144 30657
29707 29567 32250 31303
31328 29626 31935 30760
29093 32364 31564 28966
27419 30384 30738 31810
31132 29347 31950 30849
30929 28704 31245 30872
31489 30248 29591 32330
30909 29437 31971 30808
29208 32427 31578 28878
31451 30944 28523 31845
30812 29420 32149 30791
31009 29431 32112 30849
31135 28690 31251 30817
27400 30392 30775 31827
29026 30808 30532 31090
29282 32401 31519 28783
27353 30248 30733 31831
30983 28564 31108 30867
29211 32376 31540 28765
30551 30789 30866 28813
27274 30209 30497 31705
28937 32308 31672 28701
29401 31781 32617 30369
30389 31179 30503 28143
30959 28375 31274 30820
31310 30885 28590 31866
31406 30151 29578 32272
31479 30571 28854 31617
28778 30647 30358 30924
29582 31189 32380 30094
29170 32293 31475 29006
28077 30322 30456 31354
28041 30012 31330 30839
30197 31307 30508 28427
30572 29260 32152 30624
29704 29492 32039 31027
29209 32176 31118 28404
31475 30201 29453 32215
29668 29511 31849 30895
30303 30974 30553 28359
30404 30662 30814 28813
29508 31617 32448 30390
29391 31836 32575 30476
30304 28716 31362 30839
31073 30690 29009 31704
28960 32305 31604 28790
31271 30692 28932 31616
30421 28697 31966 30849
30709 29393 32065 30738
31226 30771 28784 31828
31265 30523 28771 31795
30874 28570 31263 30794
29426 31789 32536 30448
31128 28632 31200 30827
31328 30395 28829 31815
30809 29383 32123 30659
31121 28664 31382 30713
31190 29504 32003 30580
30770 29329 32136 30753
31061 28657 31154 30802
30803 29294 32136 30573
31435 30440 28884 31663
31424 30491 28977 31731
29473 31803 32412 30463
31395 30358 28878 31745
31322 30245 28904 31764
30861 29387 32098 30726
30896 28587 31138 30843
31078 28669 31140 30772
31419 30589 28838 31774
30870 28594 31262 30838
29456 31797 32572 30379
31433 30462 28871 31758
31301 30665 28908 31780
31294 30653 28924 31751
29062 32023 31303 28555
29116 32170 31325 28530
29322 31769 32558 30343
30199 30991 30438 28138
31002 28346 31309 30681
31131 30491 28535 31746
31171 30423 28737 31753
31422 30306 28700 31734
29573 29009 32165 29959
30132 31081 30358 28227
29103 31988 31410 28984
30483 29214 32126 30742
29352 31627 32358 30339
30493 29133 31897 30542
31369 30443 28972 31697
30883 28636 31089 30652
31389 30273 28762 31720
31063 28500 31153 30808
30148 31079 30444 28290
29170 32102 31259 28632
31329 30458 28724 31604
30766 28625 31183 30691
31130 30624 28754 31670
30991 28563 31139 30765
31251 30507 28732 31678
31168 30594 28623 31716
31109 28470 31159 30741
31325 30444 28760 31694
31365 30425 28717 31732
29066 31618 31909 29915
29156 31477 31812 29686
29337 31620 31440 30012
29527 28890 32138 29861
30909 28357 31035 30591
31142 30463 28666 31654
31278 30398 28702 31651
31105 30316 28865 31542
29638 29105 32104 30010
30722 28609 30848 30631
30970 28424 30823 30745
30777 28404 30874 30761
31256 30417 28758 31629
30873 28413 30949 30649
31016 28361 30993 30732
31102 30449 28732 31632
28922 31580 31875 29773
29075 31375 31673 29664
29467 28765 32065 29964
31126 30103 28579 31571
30972 30448 28614 31561
29487 28791 31992 29780
29034 31474 31850 29744
28961 31568 31866 29765
28779 31580 31783 29674
28785 31502 31800 29711
28874 31495 31747 29710
29422 28731 32035 29664
28844 31479 31774 29681
29298 28730 31755 29588
27405 30423 30995 31831
28950 31377 33385 29280
29681 33804 30457 29166
30477 29236 29435 33580
30930 31596 31526 28305
31202 28270 31924 31204
31499 31100 28645 32229
32674 30803 30240 32090
31593 30906 28836 32290
30675 29331 29475 33388
30613 28875 32093 31032
32203 31237 30107 31758
30177 33526 30633 29606
29808 33191 30339 29960
31011 30098 29630 32759
29742 31924 32717 30071
30501 30005 29682 33255
29867 30050 32309 30985
32408 30819 30037 31813
30921 30063 29731 33021
27752 30670 30816 31939
28114 30580 30645 31837
31114 29969 29614 32936
31242 30291 29952 32593
30348 28556 31654 31128
30442 29104 31310 31278
29138 32676 31356 30703
30090 29466 32676 31512
29424 32287 31936 29365
30045 33172 30559 29777
28835 32806 31018 30432
31892 31440 30152 31439
30128 33053 30580 30179
30386 32989 30570 30270
30050 33387 30691 29428
30024 29845 32582 31331
29589 32559 31721 29302
32389 31478 30099 31884
31340 30745 29326 32288
29670 32008 32916 30531
30002 29911 32467 31320
29015 31376 33287 29310
30645 28818 32220 30854
30319 28650 31913 31044
29201 31332 33133 29502
30692 29990 29520 33074
30791 31567 31728 28388
29628 32593 31534 29177
30070 29709 32337 31444
31009 31735 31164 28626
29224 31431 32988 29556
29816 29963 32203 31201
31085 31525 31248 29067
27948 30349 30918 31609
30901 30279 29967 32526
30113 29596 32443 31434
28783 31497 32927 29777
29639 32160 30677 30137
31122 31505 31076 29004
30513 28559 31839 31061
28626 30229 31361 31094
30427 28643 32004 31103
31308 30853 29121 32498
30106 33435 30617 29681
31420 30691 29007 32313
28333 30783 30609 31773
28400 30695 30519 31602
30645 28818 32220 30854
30239 29700 32514 31359
31918 31425 30360 31639
31331 30777 29044 32449
29634 32214 30571 30277
29369 32301 31671 29373
29734 32332 30486 30468
28987 32792 31208 30442
32014 31411 30199 31473
31459 32091 30221 30551
31368 30986 29214 32421
31065 31798 31144 28751
27960 30620 30731 31708
30623 31554 30817 28886
27551 30445 30950 31727
31539 31873 30294 30649
31373 30684 29147 32368
31242 30291 29952 32593
28880 31455 33032 29702
32083 31373 30150 31438
27819 30597 30809 31863
30943 31674 30783 28823
29311 32471 31863 29464
30692 29990 29520 33074
28424 30225 31469 30906
30104 29689 32516 31518
28511 30223 31447 31070
30089 29854 32642 31313
27973 30610 30643 31755
31562 31893 30262 30417
29801 30205 32405 31207
31413 30972 29137 32390
28572 30284 31357 31252
29299 32369 31902 29326
30849 31606 31570 28346
31206 31363 30933 28991
27640 30614 30858 31857
30549 29229 31858 30588
27473 30373 30906 31832
30866 31506 31511 28493
29338 32404 31895 29317
28713 31411 33166 29547
29149 32484 31004 30422
30160 29848 32510 31413
28880 31455 33032 29702
28437 30391 30338 31664
30806 31787 31593 28548
31052 31644 30842 28856
31305 31094 29281 32475
27635 30566 30905 31718
30808 31886 30387 30508
27590 30398 30883 31837
29094 32727 31126 30499
31305 31094 29281 32475
29740 31994 30632 30113
30118 31300 31158 29343
30807 31805 31335 28593
31573 31918 30172 30600
30874 31561 31415 28413
30464 28636 31885 31099
30441 29188 31278 31291
32045 31349 30151 31541
29671 30172 32425 31172
30955 31883 30976 28798
31000 31876 31257 28547
29061 32724 31127 30500
29779 32245 30526 30445
30908 31710 30987 28777
27817 30488 30938 31723
28734 31353 33143 29545
28464 30206 31493 31089
28333 30783 30609 31773
32403 31387 30071 31536
30834 31490 31716 28413
30436 29201 31105 31172
30854 31649 31484 28431
29772 30066 32457 31150
27816 30423 30908 31731
29088 31353 33157 29418
31560 32051 30279 30548
31368 30986 29214 32421
30356 33006 30612 30272
31420 30691 29007 32313
27405 30423 30995 31831
28713 31411 33166 29547
31519 32045 30261 30558
30510 29189 31843 30648
31520 32005 30190 30560
30795 31657 31657 28564
29781 30095 32447 31170
31089 31580 30842 28584
30848 31645 31277 28583
27297 30197 30852 31726
29082 31318 33014 29457
30174 33435 30497 29427
30320 28511 31672 31034
30562 29967 29700 33019
30846 31420 31535 28172
31353 30945 28817 32038
32291 31351 29936 31474
30915 29893 29480 32937
29873 32928 30239 29618
30350 32861 30533 30143
28509 30153 31357 31162
29687 30005 32358 31079
28674 31485 32664 29692
29648 32100 30383 30291
28063 30405 30207 31256
30149 29583 32414 31391
30107 33389 30560 29539
30462 28642 32062 30844
30515 29213 31836 30564
31305 30817 29100 32404
31814 31335 30206 31342
30467 29011 31781 30625
31325 30785 29019 32178
31046 30111 29829 32520
30879 29980 29711 32842
29606 32122 30312 30215
28977 31406 32825 29356
30481 28722 32057 30985
29992 29764 32522 31310
31296 30819 29094 32395
30941 31820 30937 28764
29334 32328 31885 29257
29073 32621 31337 30565
27579 30610 30742 31853
29095 32510 31331 30445
31177 30250 29932 32505
30578 31206 31672 28191
27852 30560 30729 31707
31180 30874 28998 32137
29960 29696 32541 31234
27391 30338 30838 31731
28821 30153 31423 30832
27723 30561 30678 31932
32078 31223 30064 31447
28749 30077 31525 30946
30209 29691 32430 31359
29476 32493 31696 29200
27980 30571 30623 31702
28659 31558 32785 29515
27511 30492 30858 31693
29133 32283 31910 29100
32216 31267 29950 31616
30062 33429 30622 29501
32202 31319 30021 31706
30807 29971 29586 32891
31000 30830 28937 32157
30870 30939 28974 31977
31111 31329 31061 28890
29429 32548 31633 29100
27663 30464 30688 31830
31056 31504 31182 28971
30503 29036 31775 30585
30666 31768 30871 28791
30953 31765 30985 28651
28740 31497 32911 29610
27684 30601 30778 31783
29230 32421 31809 29241
28676 31229 32755 29668
30331 29104 31133 31071
29927 32927 30348 29552
31989 31264 30150 31506
27561 30322 30898 31668
28863 31399 32932 29369
29185 32362 31830 29122
32284 31399 29842 31637
29142 32389 31838 28867
30831 31568 31258 28367
30570 29991 29615 32917
30711 31585 31261 28524
32017 31248 30095 31484
30349 28685 31987 31020
30251 32920 30550 30194
30994 31598 31131 28587
28702 30176 31627 31046
31121 31428 30907 28830
31899 31361 30173 31299
30341 28592 31985 31032
30795 31335 31462 28252
30760 31292 31469 28383
30741 31525 31577 28420
31913 31232 30182 31530
30528 28716 31951 30963
28826 31369 32937 29230
29251 32112 31918 29062
30271 32873 30521 30148
30787 31342 31419 28209
31020 31634 30963 28611
29469 32521 31683 29160
27666 30437 30807 31645
30986 31417 31233 28740
31056 31386 31034 29031
31001 31451 31147 29043
30934 31725 31055 28476
30739 31717 31185 28400
30743 31686 31350 28466
28847 32540 31262 30575
31926 31385 30094 31352
30552 31657 30793 28794
30998 31724 30955 28699
29538 32539 31566 29107
29549 32520 31563 29072
30283 29024 31226 30946
30836 31349 31453 28195
30887 31662 31036 28597
31000 31426 31224 29058
31015 31664 30843 28591
29549 32520 31563 29072
27428 30200 30752 31656
28896 31255 33011 29186
29949 33337 30565 29389
30442 28329 31938 30841
30509 29883 29462 32889
30687 31332 31561 28131
31203 30700 28928 32103
32255 31042 29896 31465
31986 31242 30133 31447
29890 29445 32488 31110
29460 32005 30466 29933
30356 28722 32018 30799
29847 29447 32145 31174
28691 31320 32719 29499
31031 30055 29787 32429
30239 32794 30462 30172
30267 32694 30407 30032
29953 32841 30228 29778
27814 30563 30572 31662
30023 29614 32323 31036
28222 30281 30148 31221
30035 32857 30170 29620
29008 32505 31213 30423
28060 30358 30163 31371
27781 30462 30721 31660
30573 29877 29344 32828
28657 31301 32918 29312
31035 30764 29080 32291
31170 30816 29012 32110
32056 31177 30005 31637
27831 30506 30604 31554
28538 30033 31587 30935
30031 33210 30578 29355
30516 29820 29437 32702
31052 30771 29005 32266
28138 30332 30174 31280
28926 31132 32991 29442
29225 32049 31714 29064
30048 33267 30435 29347
30724 31460 31470 28326
29199 32139 31587 28875
32171 31278 29887 31574
31168 30713 29057 32373
29918 29631 32451 31077
30432 28673 31996 30649
28570 29965 31542 30867
28992 32595 31279 30553
30634 31543 31107 28412
29411 32418 31486 29156
30883 31786 30900 28702
30334 28504 31956 31003
29858 29709 32470 31169
30851 31592 31089 28580
29057 32556 31176 30563
32097 31339 29798 31635
28653 30077 31507 30977
30607 31583 31094 28508
30574 31738 30839 28781
30834 31338 30960 29034
29847 33326 30614 29215
30904 29876 29418 32740
30464 28521 31854 30504
29054 32287 31876 29080
30977 31642 30674 28641
30719 31416 31367 28359
30414 28582 31932 30908
30441 28556 32018 30918
29423 32416 31375 29169
30992 31663 30880 28618
29097 32334 31743 29115
30894 31363 31000 28879
29169 32290 31788 29086
30738 31383 31483 28371
30880 31487 31104 28909
30906 31723 30848 28711
30727 31442 31292 28399
29171 32393 31694 28895
30950 31370 30935 28985
30894 31725 30830 28666
30525 29842 29434 32719
29042 32349 31638 29211
29067 32358 31627 29117
29192 32343 31525 28977
30976 31691 30919 28655
30354 28642 31829 30924
30298 28641 31875 30957
30322 28526 31991 30981
30419 28602 31856 30950
29074 32340 31761 29093
27259 30125 30670 31636
28871 31216 32971 29160
30015 32729 30399 30049
30382 28428 31877 30812
30441 29674 29427 32739
30689 31355 31363 28129
31016 30762 28871 32115
32014 30999 29889 31335
29805 29508 32398 31137
31119 30668 28989 32148
30315 28679 31937 30474
28574 31301 32618 29441
31758 31208 29920 31422
28172 30505 30125 31154
30503 29852 29452 32670
29982 32682 30405 29985
30850 31717 30826 28445
27952 30158 30043 31162
28845 32436 31228 30465
30612 31421 31210 28351
27508 30205 30588 31606
30286 28470 31840 30556
27339 30257 30628 31576
29023 32542 31059 30514
29229 32248 31424 28954
30482 29766 29288 32697
28442 29943 31406 30919
30709 31139 30796 28589
29076 32264 31531 28806
28913 31727 31754 29064
29151 32176 31598 28935
30556 31721 30780 28657
29107 31941 31733 28993
28610 30039 31448 30887
28621 29987 31372 30918
28977 32040 31725 28833
29032 32062 31679 29082
29111 32108 31685 28832
29091 32185 31707 28989
28865 32116 31704 28728
29871 32684 29941 29292
30310 29720 29381 32643
30444 29674 29323 32523
30654 31302 31294 28079
30990 30676 28559 31876
31937 30588 29537 31039
31003 30555 28660 32026
29339 31118 30384 28919
29825 32612 30049 29449
31717 30768 29684 31053
29077 31949 31450 28758
28897 32444 30878 30303
28909 32453 31025 30156
31806 30717 29445 30930
31720 30689 29573 31090
28874 32182 31616 28890
30978 30684 28565 31938
29032 32120 31679 28941
28979 32152 31556 28908
28994 31988 31489 28795
29020 32078 31609 28742
31673 30604 29409 31014
31744 30540 29396 30903
31726 30581 29450 30865
31744 30579 29464 30866
28875 31891 31557 28702
31618 30531 29282 30745
31658 30481 29364 30901
31661 30511 29374 30896
28838 31748 31322 28520
27808 30805 30605 31956
28806 31291 33260 29548
29681 33804 30457 29166
30477 29236 29435 33580
30566 31770 31337 28055
31202 28270 31924 31204
31499 31100 28645 32229
32624 30787 29989 32011
29631 32346 31936 28933
28810 31226 33112 29435
29290 31717 32683 30554
29670 32008 32916 30531
32331 30769 30000 32212
31728 30276 29560 32825
28726 30165 31190 31529
27994 30718 30649 31616
31195 29024 32018 30883
30675 29331 29475 33388
30234 29560 32597 31738
32605 30798 30186 32053
30774 28748 31562 31110
29952 33679 30600 29630
29289 32099 32447 30462
28229 29955 31597 31319
29789 32633 31800 29100
29863 33481 30563 30089
28975 32314 30639 30699
28477 30109 31506 31419
30266 33366 30742 30196
31945 30460 28951 32492
31661 29642 31030 31880
30545 32767 30137 29791
30830 28504 31514 31183
29914 31853 32303 30372
30592 31487 31432 28110
32075 30776 30102 32163
30550 31684 31421 28206
31282 30821 29201 32381
31114 29294 32034 30989
31673 30422 28799 32559
31737 30373 28839 32606
31531 30376 29107 32682
29242 32017 32546 30393
30835 28602 31541 31173
30639 31333 30571 28767
28326 30178 31670 31299
30939 29958 29867 33192
30020 31271 31403 29245
31527 30541 29031 32607
28737 30532 31253 31096
30328 33149 30665 30102
29726 31984 32184 30324
31181 29229 32091 30876
29073 32299 30938 30876
30869 29434 31695 30553
27926 30736 30683 31652
29790 32471 31509 29515
30765 32718 30260 29656
31838 29669 30667 32074
31282 30821 29201 32381
30983 29970 30052 33018
30410 31755 31220 28077
30679 29362 31784 30726
29158 32151 30715 30406
31440 29785 30340 32120
32031 30973 30104 32291
29818 31917 32652 29962
30156 33368 30684 30214
31641 29732 30885 31900
29828 32596 31288 29260
30711 30057 29618 33042
30624 31459 30668 28607
31604 30424 29049 32350
29990 33035 30545 30325
31573 29798 30818 31831
31804 29645 30957 31950
30710 31392 30643 28594
28411 30184 31365 31520
30319 32942 30820 30029
30000 33082 30554 30284
31219 29810 30317 32149
28359 30226 31451 31443
30495 32981 29995 30013
30772 30007 29779 33169
30638 32864 29988 29919
30808 29326 31890 30624
30720 31417 31433 28349
29772 32512 31743 29147
30695 32733 30010 29670
29858 32497 31882 29190
32047 30860 29860 31939
30584 33127 30060 29872
30302 33024 30775 29929
30681 31385 31501 28267
31403 29895 30285 32205
28329 29853 31609 31371
30604 31451 31589 28421
30156 33368 30684 30214
30800 30386 29910 32477
30455 30467 30948 28805
29078 32222 30677 30843
31063 29317 32112 30828
30905 30002 29828 33080
31635 30303 28971 32505
29742 32557 31519 29352
31335 29801 30435 32191
32031 30973 30104 32291
31167 29324 32110 30808
31499 29753 30838 31855
29704 31888 32280 30357
31527 30837 29095 32308
29689 32578 31538 29318
29124 32189 30727 30895
29196 29887 30331 31398
31541 30405 29015 32553
30424 31428 30432 28816
29911 32533 31258 29342
30424 31428 30432 28816
31445 29663 30843 31941
30657 32867 30020 29847
30847 29303 32158 30887
30906 30052 29703 33146
29230 32100 30634 30352
30906 30052 29703 33146
30684 29867 29872 33095
31387 29794 30764 31897
27975 30746 30623 31701
29100 32191 30682 30457
30983 29970 30052 33018
30800 30311 29872 32540
30328 33149 30665 30102
30683 31380 31445 28211
31071 29314 32092 30951
30869 30114 29935 33033
28342 30035 31587 31334
30570 32761 29921 29963
31094 29314 32108 30918
29702 32550 31723 29183
30007 32496 31335 29343
28392 30166 31397 31344
30604 31451 31589 28421
28402 30115 31384 31308
30689 30051 29851 33058
28360 30215 31560 31428
28368 30144 31368 31401
30657 32867 30020 29847
32066 30783 29933 32168
27975 30746 30623 31701
30734 30373 29860 32547
29704 31888 32280 30357
28368 30144 31368 31401
27674 30394 30597 31666
28278 30884 32486 29439
30171 33329 30663 30108
30437 31681 31281 27910
30734 28544 31408 31067
30822 29914 29866 33156
31598 30394 28654 32383
32086 30473 30004 31597
31333 30850 29160 32212
29522 32333 31852 28915
30681 30078 29595 32967
29070 32008 30600 30377
30536 31398 30518 28598
31104 29085 32041 30837
28869 30952 32343 29376
29852 32421 31077 29278
29802 32670 30285 30315
27899 30664 30610 31637
28957 32097 30907 30614
28482 31074 32385 29541
30544 31382 31460 28319
29706 32437 31665 29108
29546 31744 32316 30387
30065 33240 30673 30151
31606 29499 31003 31727
29578 31845 32177 30347
28624 30231 31111 30787
29527 32297 31915 28807
30894 29296 31694 30743
28139 29971 31587 31282
30254 29618 29966 32816
30379 32727 30114 29784
28401 31164 32400 29339
31737 30895 29923 31932
31887 30848 30081 32030
31479 30366 29005 32470
29788 31623 32150 30358
31515 30256 28810 32629
30569 32768 29908 29756
29755 32815 30059 30275
31302 29836 30192 32103
29774 32546 31742 28977
31179 29722 30221 32033
30980 29256 31924 30904
30800 29984 29663 33132
30541 31137 30668 28508
31155 29153 31930 30730
30465 31337 30544 28594
30114 33128 30612 30132
30156 32896 30783 29866
29062 32245 30834 30875
30516 31650 31379 28037
29031 32097 30881 30771
31388 30695 28964 32268
31369 30258 28741 32555
28555 30341 30827 31012
30516 31718 31242 28003
30744 29973 29730 33058
29602 31780 32083 30327
30487 32911 29809 29845
31987 30796 30099 32113
31546 30711 28923 32272
32045 30577 30088 32095
28221 30025 31510 31231
31550 29690 30822 31801
31628 29640 30976 31849
30605 32750 29768 29821
31642 29567 30837 31688
30201 33222 30605 30030
31061 29177 32059 30655
30227 33037 30561 29854
30076 32753 30717 29981
30680 30184 29760 32328
30207 33168 30664 29938
29627 32515 31791 28975
30444 33000 29955 29865
31128 29182 32036 30732
32028 30652 29983 32218
28537 29848 31171 31426
31038 29186 31791 30825
28345 29776 31520 31328
32067 30742 30076 32151
31646 30358 28867 32439
28171 29931 31525 31285
28332 30009 31527 31269
29698 32525 31401 29311
32003 30747 30040 31893
28341 29859 31319 31516
28484 30229 30911 31055
31580 30296 28856 32456
31670 30260 28789 32488
28235 30163 31427 31247
30705 30011 29797 32887
30530 31388 30582 28588
28461 30065 31407 31362
31388 29738 30801 31851
29609 32496 31365 29318
32016 30788 30002 32086
31005 29289 31757 30781
30689 30100 29744 32856
31719 30256 28783 32344
31002 29173 31829 30749
28356 29993 31311 31399
28496 30100 31170 31466
28399 30139 31356 31378
28240 30042 31244 31499
30733 30023 29741 33021
28395 30279 30897 30816
31574 30384 28752 32513
28353 30032 31458 31039
28144 29992 31501 31282
28284 30013 31259 31433
30165 32766 30716 29857
28286 30099 31405 31375
31635 30353 28762 32511
28354 29864 31507 31364
30516 31650 31379 28037
31630 29621 30903 31889
30515 30295 29799 32478
30705 30279 29738 32334
28496 30100 31170 31466
28087 29820 31478 31333
28412 30919 32295 29511
30139 33139 30650 30028
30383 31670 31236 27951
30568 29871 29689 32998
30569 28795 31709 30903
31613 30077 28738 32377
32031 30685 30059 32090
30641 29967 29491 32904
29044 32212 30755 30773
31488 30291 28770 32335
29647 32436 31387 29194
30142 32801 30456 29611
29496 32140 31772 28973
28447 30319 30806 30902
29470 31718 32216 30238
29491 31784 32029 30256
31479 29543 30861 31622
30466 31071 30602 28426
29976 33005 30543 30080
30473 31603 31292 28011
30308 32600 30079 29764
29485 32264 31726 28777
31809 30365 30094 31937
31570 30367 28745 32408
30479 31294 30578 28506
31296 29638 30687 31805
28213 30004 31406 31151
31870 30393 29800 32101
31406 29686 30800 31667
28324 30089 31038 31257
30673 29122 31899 30466
30518 31360 30481 28427
30894 29249 31789 30759
28406 30082 31126 31444
29527 31712 32009 30140
31976 30785 29989 31876
31045 29021 31918 30816
30435 32707 29890 29714
31498 29546 30767 31798
28253 30837 32225 29515
30029 32786 30683 29711
30694 29814 29764 32955
28227 30130 31176 31341
31098 29038 32011 30803
30851 29076 31730 30809
31993 30630 30070 32095
31071 29048 31949 30737
30590 32652 29697 29657
30371 31356 30486 28487
28087 29980 31518 31265
31017 29106 31919 30600
28101 30024 31313 31331
31839 30472 30076 32045
31723 30738 29911 32037
30000 33051 30588 30046
31845 30750 29932 32000
30949 29182 31807 30791
30691 29772 29763 32985
30942 29062 31944 30574
30899 29236 31874 30589
30977 29082 31846 30786
28378 30060 31187 31375
28293 30036 31383 31267
31830 30707 30017 32008
31775 30431 30090 32042
30648 29935 29708 32978
28346 29934 31210 31343
31750 30713 29993 32041
28319 29982 31238 31313
28314 30059 31297 31345
28361 30079 31205 31282
28222 30001 31502 31259
28294 29949 31306 31296
28257 29984 31311 31296
28431 29977 31293 31316
27972 29930 31460 31221
28228 30772 32275 29273
29919 33108 30508 29957
30403 31172 30268 28338
30604 29874 29584 32896
30693 28761 31814 30751
31493 30241 28577 32285
31977 30356 29648 31905
29040 32078 30594 30483
29498 32279 31124 29098
31351 30260 28736 32296
30857 29142 31462 30613
30350 31256 30353 28394
30037 32800 30645 29765
28340 30835 32115 29400
28400 29621 30773 31222
31438 29543 30699 31752
27982 29919 31335 31061
30568 28783 31730 30764
30963 29020 31899 30630
30132 32964 30559 29917
31380 29590 30800 31589
30694 29755 29684 32698
30346 31201 30480 28494
31938 30499 29993 31934
30974 29064 31734 30733
30026 33083 30568 29711
31474 30201 28600 32197
31840 30447 29841 31997
30466 31238 30246 28404
28255 29808 31245 31316
31401 30239 28588 32310
30333 31216 30447 28411
28192 30790 32243 29336
31858 30679 29824 31888
31454 30301 28720 32270
31878 30268 29886 31976
31966 30459 29775 32032
28388 30071 31114 31261
31944 30665 29843 31994
28398 29878 31015 31314
30644 29878 29620 32847
28320 30062 31138 31190
30576 29766 29738 32755
30563 29786 29660 32794
28350 30827 32217 29347
28347 30037 31080 31270
28299 30043 31018 31308
28201 29980 31234 31312
28198 29974 31171 31315
30605 29887 29676 32782
28306 30811 32227 29355
28334 30020 31166 31298
30585 29783 29677 32878
31967 30268 29773 31996
28219 30009 31133 31312
27987 29994 31076 31236
29839 32884 30502 29804
30113 32849 30558 29760
30519 29576 29314 32474
30534 28795 31730 30697
30606 28680 31605 30643
31400 30155 28493 32220
31966 30288 29649 31821
29034 32033 30588 30343
30856 29056 31526 30683
31729 30478 29949 31836
31389 30229 28546 32035
28946 32047 30541 30363
28345 29979 31062 31192
30549 28818 31689 30697
31841 30395 29981 31844
28251 29809 30924 31236
31781 30289 29783 31862
28273 29688 30781 31202
28255 29703 30637 31195
28153 29678 30655 31105
29893 32727 30282 29477
30361 28816 31562 30644
31812 30389 29914 31835
31836 30336 29672 31812
28932 31910 30412 30343
29003 31947 30534 30221
28336 29795 30642 31171
29901 32604 30322 29646
31616 30185 29771 31752
31635 30297 29847 31746
31691 30340 29638 31767
27560 30366 30398 31967
28806 31291 33260 29548
29681 33804 30457 29166
30313 31854 30738 27928
30477 29236 29435 33580
31202 28270 31924 31204
31711 30967 28590 32294
32862 30600 30015 32021
29841 32100 31589 28987
29762 32250 31529 28670
29971 33114 30934 29901
30797 29802 29756 33069
30675 29331 29475 33388
28230 30817 31299 31098
30175 33505 30892 29967
28541 30680 31795 31694
28480 30614 31995 31381
29346 31649 30630 30793
30446 29109 32115 30945
30902 29634 29938 33208
29670 32008 32916 30531
28036 30854 31155 30816
32557 30661 30292 31889
30896 29719 29736 33064
28810 31226 33112 29435
28876 31212 33213 29328
31897 30266 29295 32431
30503 29307 32263 30924
32264 31035 29601 31699
29084 31951 30754 30778
29952 33679 30600 29630
28615 30731 31975 31491
29674 31846 32683 29875
30846 28778 30793 31258
30977 28586 31341 31318
31968 30080 29154 32380
30274 32807 31447 30159
29169 32048 31014 30675
30298 33381 30565 29995
29709 31701 32442 30709
32348 30630 30581 31810
30663 29977 29728 32704
29334 32339 30787 30389
30329 31340 31467 28331
32095 30157 29030 32223
31588 31049 28763 31844
30266 33249 30653 29660
29521 31801 33017 30543
31301 31120 28694 31764
30301 31169 31479 28390
29614 31776 32354 30648
31473 31024 28881 31895
29201 32270 30880 30774
30834 28607 31230 31156
30355 32636 29910 29757
31704 30346 29116 32793
29510 32372 30597 30477
27742 30462 30614 31915
30234 29560 32597 31738
29645 31811 32530 30640
29576 32212 30481 30258
29927 32048 31874 29198
30362 32553 29973 29548
27928 30468 30364 31834
32640 30768 30165 32056
30356 31224 31361 28294
28728 30537 31946 31298
28028 30919 31266 30983
30957 29471 31530 30319
28886 30972 29931 30811
30283 32418 30774 29906
31363 31053 28613 31946
32609 30634 30055 32137
28848 31797 30870 30873
31012 29576 31463 30143
30332 32005 30687 28016
31004 29440 31558 30218
31255 31079 28938 31993
30741 30128 29614 32675
31933 30193 29066 32219
30664 28862 31516 31074
30435 32727 29970 29750
27829 30401 30701 31925
31864 30314 29102 32567
30648 30114 29665 32616
30403 31990 30680 28002
30641 29028 31408 30696
32845 30825 30013 31986
30489 32622 29925 29525
28757 30700 31849 31301
31693 30425 29211 32523
30217 32719 31448 30021
32060 30340 28908 32388
32714 30663 30025 31897
31759 30299 29119 32602
27883 30450 30449 31866
30590 30185 29456 32538
28586 30785 31874 31366
31070 28593 31371 31203
31331 31035 28852 31946
32699 30860 30093 31997
30599 28968 31390 30929
29535 32199 30633 30473
29970 32176 31588 29170
30822 28590 31209 31236
30898 28887 31271 30965
32688 30754 30129 32075
32062 30138 29062 32241
30252 32643 31444 30191
30176 33171 30785 29850
30176 33175 30752 29851
31636 30388 29229 32573
28669 31827 30920 30935
28661 30676 31893 31254
29696 31743 32573 30707
30678 28980 31341 30676
32693 30727 30160 32098
32571 30834 30133 31936
31726 30293 29243 32760
31288 30930 28857 31913
31632 30475 29272 32681
29561 31826 32566 30670
30668 29000 31238 30921
30218 32675 31520 30017
30299 31276 31522 28327
30301 31169 31479 28390
30978 29458 31534 30157
31745 30163 29209 32721
31733 30322 29193 32616
30308 31224 31366 28335
31070 28593 31371 31203
30645 29003 31359 30976
31729 30447 29203 32766
31699 30325 29235 32721
30332 32005 30687 28016
31295 31075 28854 31918
31730 30357 29205 32683
31632 30475 29272 32681
27532 30481 30319 31611
29562 31745 32545 30472
30143 33424 30659 29879
30280 31926 30571 28048
30806 28421 31207 31115
31197 30908 28611 31959
31692 30318 29146 32703
32754 30673 29822 31913
31806 29942 29008 32214
30611 30028 29521 32632
30707 29354 31182 30052
32567 30677 29927 31968
32060 30179 29021 32134
29851 32323 31483 28759
30257 31253 31462 28325
30497 29003 31297 30801
30884 28751 31209 30952
32612 30711 29970 31930
29615 31633 32281 30559
31571 30373 29269 32681
32019 30141 28993 32166
27719 30487 30277 31584
30223 28830 32110 30932
30270 31348 31417 28212
31786 30313 29086 32492
31390 30792 28845 31911
30240 32848 30280 29479
30359 32571 29841 29375
29306 32251 30651 30293
27966 30762 31051 30882
30002 33109 30872 29765
30342 32679 29833 29314
28658 30482 31935 31240
29353 31816 32407 30626
30306 31201 31340 28284
28929 31880 30705 30739
29793 31798 31794 29074
29086 31997 30810 30642
30870 29201 31291 30092
28528 30529 31862 31425
29954 33200 30697 29733
30256 32705 31350 29956
28354 30533 31710 31500
31596 30217 29207 32645
31308 30895 28806 31876
31130 30896 28763 31961
30222 32592 31395 30110
30261 32418 30633 29865
29415 32226 30589 30355
28547 30472 31853 31362
31281 31059 28687 31807
28173 30621 31095 31281
29237 32146 30566 30388
27878 30182 30382 31568
29435 31757 32448 30561
30197 32608 30612 29994
29898 32286 31447 28837
28711 31746 30835 30821
29622 31750 32498 30393
29709 31993 31792 29057
30849 28886 31220 30948
30343 32385 29879 29369
28130 30675 31124 31079
30286 31205 31368 28183
31708 30351 29167 32499
30233 33037 30506 29682
30809 29297 31107 30094
30265 31962 30717 28111
29740 32027 31654 28836
28653 30651 31811 31181
30078 28853 31887 30716
28132 30731 31083 31003
27650 30374 30457 31853
28242 30705 31090 30849
31248 31002 28630 31956
28330 30570 31719 31386
31699 30209 28994 32555
30002 32927 30767 29802
30711 28801 31236 30904
29025 32002 30817 30710
27663 30370 30551 31721
28011 30422 30287 31822
29537 31686 32320 30500
30239 32983 30383 29582
30045 33072 30747 29820
28681 30529 31900 30994
27888 30360 30332 31657
28946 31917 30668 30753
28060 30719 31282 31100
30166 33341 30738 29712
27964 30233 30309 31626
28621 30493 31796 31273
29529 31755 32351 30438
30347 32678 29862 29626
30750 28794 31222 30818
29756 31908 31605 29033
27916 29951 30476 31589
29006 32086 30748 30713
29759 31925 31573 28923
27599 30289 30517 31819
27909 30093 30523 31553
27576 30446 30484 31545
30239 32983 30383 29582
29506 32181 30544 30426
29787 32114 31400 28875
29487 31675 32289 30515
28317 30556 31707 31536
29723 31947 31587 28975
31385 30952 28744 31866
29818 31720 31496 29372
28632 30579 31812 31115
30160 32664 31282 30076
30166 33341 30738 29712
30019 33193 30711 29716
28708 31659 30847 30834
27693 30365 30322 31793
31693 30311 29059 32686
30021 32925 30839 29796
27639 30406 30534 31795
31162 30974 28738 31638
31264 30905 28768 31907
31215 30984 28737 31911
29776 32019 31421 28953
28348 30568 31660 31527
28090 30697 31106 30749
29728 32136 31511 28925
31288 30935 28698 31873
29476 32135 30526 30463
29777 31909 31694 28932
29757 32153 31397 29007
31252 30950 28839 31652
31295 31035 28695 31869
29486 32099 30552 30412
30006 33103 30839 29782
27697 30346 30474 31871
29741 32125 31507 29055
27449 30270 30432 31702
29282 31655 32295 30364
30030 33323 30703 29586
30197 32074 30851 27720
30675 28321 31103 31045
31293 30948 28454 31839
31662 30316 29117 32660
32608 30427 29858 31910
30353 28942 31193 30429
27940 30030 30252 31612
31491 30239 29189 32533
31865 30091 28986 32134
32521 30570 29846 31876
29923 31551 31048 29401
28214 30338 31590 31392
28594 30607 31710 31119
30994 30902 28720 31875
30184 28668 31998 30697
29586 31727 31492 29083
32371 30550 29854 31852
28939 32001 30785 30482
30179 28672 31906 30644
31497 30337 28919 32347
30794 28402 31004 31063
30574 28752 31093 30797
30119 31152 31330 28251
31208 30988 28467 31867
29860 32277 31403 28590
28610 30410 31730 31117
30146 31037 31369 28259
30106 32402 30651 30028
29480 31627 32183 30522
32423 30664 29969 31759
30805 28857 31056 30810
31249 31004 28621 31757
27826 30341 30230 31434
30456 28863 31172 30695
31324 30863 28670 31686
28807 31718 30802 30695
30038 31094 31390 28219
27658 30307 30263 31830
30122 32832 30207 29657
30125 31775 30843 27879
28053 30712 31132 31085
29728 32447 30987 29495
31688 30248 29108 32656
31553 30335 28983 32548
28147 30646 31185 30894
27904 30166 30252 31504
29696 32247 31413 28801
31535 30181 29173 32423
29660 31944 31677 28797
31762 30302 29006 32369
29393 31673 32189 30495
29487 31810 31499 29011
29646 32680 30833 29888
29788 31881 31319 28641
30157 32998 30347 29503
30221 32949 30167 29673
29455 32098 30426 30449
29965 33304 30619 29781
31383 30875 28695 31629
29718 31909 31538 28970
29740 32605 30820 29797
32376 30619 29918 31793
30115 31585 30778 28852
30181 31911 30732 27989
27972 30696 31139 31011
29688 31859 31662 28974
30248 31895 30721 28055
30253 31795 30553 28047
28038 30703 31260 30943
29942 33088 30765 29697
27545 30359 30420 31711
29910 33206 30601 29827
31748 30147 29003 32406
29822 32247 31302 28625
29652 32693 30805 29737
30031 32531 30771 29824
29461 31646 32249 30493
27549 30246 30527 31641
32418 30403 29865 31859
30156 32408 30662 29983
28009 30656 31242 31052
30221 32949 30167 29673
30149 33100 30594 29629
30233 32449 30670 29750
30144 33179 30658 29617
27600 30262 30369 31770
30222 32348 30679 29725
27565 30309 30403 31643
30190 32318 30679 30008
30072 33316 30569 29787
30215 32276 30567 29835
30182 32991 30365 29566
30185 32984 30382 29597
27680 30275 30268 31382
29337 31639 32156 30491
29814 33090 30573 29444
30103 31957 30672 27977
30377 28603 31087 30555
31113 30911 28442 31526
31646 30117 29097 32630
32508 30433 29753 31711
32478 30372 29716 31878
27794 30042 29998 31429
30175 28818 31085 30474
31684 30148 29078 32420
31643 30279 29043 32474
29540 31864 31559 28775
29247 31979 30412 30291
28606 31653 30656 30593
30064 32428 30338 28992
27887 30655 31098 30932
28209 30558 31173 30702
29561 32117 31400 28410
28106 30566 31228 31078
30269 28678 31005 30572
30154 32284 30539 29946
29824 33029 30740 29685
30066 31829 30682 28040
30132 32481 29864 29518
29557 32208 31322 28645
29605 32145 31326 28528
29614 31770 31389 28755
29886 32370 30636 29852
30141 32733 30092 29510
29638 32599 30727 29762
28125 30607 31140 30702
29747 32849 30593 29735
29964 32949 30474 29651
30130 32774 30203 29542
29985 32786 30238 29594
29636 32677 30699 29734
29859 33009 30626 29587
30202 28727 31100 30591
30111 32911 30254 29467
29968 32943 30411 29631
30142 32273 30637 29783
30205 31852 30582 28023
27979 30549 31204 30910
29466 31862 31532 28494
29802 32854 30638 29445
30079 31845 30542 27919
31527 30076 28837 32346
31543 30074 28938 32419
32104 30231 29681 31748
27988 30563 30946 30638
29709 32646 30331 29644
29449 31728 31334 28651
28014 30545 31031 30752
29407 31860 31256 28723
29573 32384 30686 29512
29435 32328 30558 29541
29659 32345 30642 29384
27686 30450 30973 30622
27697 30513 31048 30603
29383 32263 30565 29437
30074 31817 30493 27895
31969 29874 29487 31611
31983 30030 29457 31626
27725 30502 30926 30702
