174 56.1895
35010 37485
35010 37485
37103 35879
36540 37029
36988 36330
36995 35934
35415 37475
35743 37432
35458 37444
35861 37366
36293 37107
36554 36822
36128 37305
36821 36649
36159 37171
36128 37305
36998 35930
36781 36744
35804 37412
36952 36495
36959 36398
36612 36788
36735 36785
36243 37160
36554 36822
36612 36788
36293 37107
36735 36785
36781 36744
36159 37171
36243 37160
35415 37475
36895 36502
36128 37305
36969 36381
36859 36592
36853 36621
36952 36495
35857 37398
36293 37107
36887 36521
36886 36557
36886 36557
35861 37366
36853 36621
36859 36592
35857 37398
36969 36381
36887 36521
36959 36398
36128 37305
36886 36557
35857 37398
36895 36502
36995 35934
36998 35930
35857 37398
35857 37398
35857 37398
35857 37398
36128 37305
36128 37305
36128 37305
36293 37107
36293 37107
36554 36822
36781 36744
36853 36621
36853 36621
36853 36621
36859 36592
36886 36557
36886 36557
36886 36557
36886 36557
36886 36557
36895 36502
36952 36495
36952 36495
36952 36495
36952 36495
36995 35934
36995 35934
35005 37466
35005 37466
37096 35794
36980 36328
37030 35874
36538 36884
36193 37129
35604 37400
36084 37252
35130 37450
35342 37425
36518 36981
35852 37313
36891 36460
36754 36662
36576 36774
36453 37007
35938 37297
36068 37266
36844 36542
37062 35841
36250 37046
36807 36642
35342 37425
35495 37421
35754 37395
36310 37013
36952 36389
36885 36488
36674 36737
35495 37421
36226 37076
35754 37395
35843 37381
35938 37297
36844 36542
36952 36389
36310 37013
36680 36683
36215 37119
36625 36754
35843 37381
37096 35794
35101 37451
36454 36993
36807 36642
36680 36683
35030 37461
36608 36763
36576 36774
36068 37266
36084 37252
35101 37451
35130 37450
36608 36763
35005 37466
35025 37462
36454 36993
36576 36774
35030 37461
35025 37462
35030 37461
35025 37462
35030 37461
35130 37450
35005 37466
35005 37466
35025 37462
35025 37462
35025 37462
35025 37462
35025 37462
35025 37462
35025 37462
35025 37462
35025 37462
35025 37462
35025 37462
35025 37462
35025 37462
35025 37462
35030 37461
35030 37461
35030 37461
35030 37461
35101 37451
35101 37451
35495 37421
35495 37421
35754 37395
36310 37013
36454 36993
36608 36763
34975 37462
37096 35704
36020 37228
36843 36475
35641 37284
35797 37243
35359 37414
36206 37054
36850 36213
36479 36937
35474 37388
36800 36616
36974 35929
36742 36645
36674 36709
36221 37050
36358 37001
37055 35705
36371 36999
36528 36820
36615 36728
36528 36820
36982 35826
37003 35798
36966 36041
36913 36210
35359 37414
35460 37404
36914 36168
36960 36160
36964 36077
36615 36728
36960 36160
37000 35801
36966 36041
36964 36077
35460 37404
36964 36077
36615 36728
36960 36160
36960 36160
36964 36077
36966 36041
35327 37356
37061 35687
36858 35983
36016 37209
36789 36602
35555 37252
36185 37034
36332 36998
36390 36776
35331 37276
36506 36744
36675 36630
36960 35914
36596 36699
36997 35780
36992 35783
36967 35900
36639 36697
36639 36697
36967 35900
35318 37351
37054 35356
36785 36414
36880 35828
35524 37208
36783 36590
36567 36599
36400 36742
35624 37202
35976 37105
36305 36853
35846 37186
36285 36968
36499 36682
36086 37020
36156 37017
36994 35750
35857 37123
37041 35587
36918 35791
37045 35495
37041 35587
37045 35495
36983 35779
36986 35765
36983 35779
36986 35765
36983 35779
36986 35765
34915 37346
36900 35731
36777 36528
35312 37326
35961 37102
36480 36677
35523 37107
36754 36582
35483 37167
36323 36703
36261 36861
36303 36783
36104 36863
36016 37008
36090 36987
36100 36917
35504 37156
36029 37001
36764 36549
35011 37311
36890 35601
36841 35707
36776 36485
35728 37101
35157 37219
36066 36975
36262 36769
36375 36664
35941 37070
35017 37221
35945 37069
36216 36827
36498 36569
36409 36636
36080 36837
36649 36528
36718 36499
36103 36832
36597 36557
36559 36565
34772 37294
36767 36393
35094 37193
36043 36910
35367 37079
35835 37029
35556 37045
34908 37293
36198 36648
36130 36765
36518 36559
36760 36471
36134 36736
36603 36473
36337 36585
36328 36605
36595 36536
35184 37056
36756 36324
35756 36998
36017 36869
35204 37000
36191 36621
36045 36648
36446 36559
36711 36428
36518 36494
36568 36449
36477 36535
36046 36644
36683 36445
35114 36985
36754 36274
35976 36736
36260 36503
35720 36783
35696 36959
35437 36962
36498 36472
36684 36359
36665 36444
35178 36980
34997 36982
36735 36024
35960 36567
35920 36682
35618 36874
36444 36460
35319 36946
35481 36930
36721 36136
36615 36359
36686 36256
36589 36433
36701 36236
36504 36444
35271 36940
36702 35774
36688 36226
35617 36857
36292 36433
35957 36547
35659 36604
35852 36588
36574 36352
36452 36394
36513 36361
35324 36724
36656 35775
35906 36436
36172 36386
36652 36138
36457 36312
36653 35924
36512 36236
36009 36372
36648 36032
36453 36145
36225 36284
36104 36335
36373 36271
36442 36211
35682 36343
36573 35523
35789 36317
36288 36251
36532 36018
36418 36190
36559 35737
36564 35664
36298 36199
35786 36265
36478 35399
36212 36164
36115 36230
36456 35845
36451 36008
36452 35916
35720 36256
36428 35928
35935 36056
36141 36020
36060 35974
36424 35421
36182 35781
36285 35647
36272 35723
35962 35809
35177 37175
36418 36056
35694 37129
36287 36191
36257 36414
35723 36939
36186 36564
36257 36414
35759 36824
35965 36807
36166 36640
35739 36848
36004 36718
35965 36807
36406 36131
36064 36717
36160 36694
35723 36939
36186 36564
36332 36178
36407 36083
36358 36153
36064 36717
36160 36694
36291 36180
36358 36153
35759 36824
36418 36056
36004 36718
36160 36694
35723 36939
35965 36807
36004 36718
36160 36694
36160 36694
36160 36694
36160 36694
36160 36694
36160 36694
36358 36153
36358 36153
36358 36153
35173 37173
35173 37173
36376 36098
36221 36359
36177 36551
35467 37068
35620 36992
35285 37114
36111 36692
36246 36218
35467 37068
36177 36551
35175 37161
35285 37114
35994 36706
35723 36910
36111 36692
35639 36944
35887 36788
35771 36803
35872 36801
35959 36749
35949 36775
35731 36842
35973 36709
36306 36168
35697 36934
36346 36143
36248 36194
36282 36181
35731 36842
35697 36934
35638 36989
36349 36139
35756 36816
36361 36111
35756 36816
35771 36803
35872 36801
36361 36111
36287 36178
35949 36775
35620 36992
35638 36989
36294 36169
35175 37161
36248 36194
36294 36169
35639 36944
36346 36143
35173 37173
36248 36194
35639 36944
35175 37161
35175 37161
35175 37161
35175 37161
35285 37114
35467 37068
35638 36989
35639 36944
35639 36944
35639 36944
35697 36934
35731 36842
35756 36816
35756 36816
35771 36803
35949 36775
36111 36692
36111 36692
36177 36551
36248 36194
36248 36194
36248 36194
36248 36194
36248 36194
36294 36169
36294 36169
36294 36169
36346 36143
36361 36111
36361 36111
36361 36111
35148 37160
36364 36092
35553 36983
35895 36719
36134 36517
35738 36806
36083 36555
35461 37040
36287 36141
35320 37057
35462 37028
36215 36231
35169 37114
35663 36876
35850 36797
35850 36797
36358 36100
36189 36309
35983 36685
35268 37109
35320 37057
35268 37109
36147 36437
36072 36628
35965 36705
35720 36853
36156 36374
36020 36654
36072 36628
36147 36437
36156 36374
35598 36937
35657 36919
36020 36654
35720 36853
36183 36325
36230 36192
36269 36173
36220 36208
35150 37128
35657 36919
36269 36173
35598 36937
35598 36937
35965 36705
36230 36192
36183 36325
36189 36309
36183 36325
35150 37128
36358 36100
36364 36092
35150 37128
35150 37128
35268 37109
35268 37109
35320 37057
35598 36937
35720 36853
35720 36853
35720 36853
36156 36374
36183 36325
36183 36325
36183 36325
36183 36325
36183 36325
36183 36325
36183 36325
36183 36325
36183 36325
36183 36325
36183 36325
36189 36309
36269 36173
36358 36100
35143 37152
36364 36029
35839 36766
35200 37051
36171 36311
36029 36527
35414 36979
36113 36476
35994 36651
35548 36948
36213 36188
35931 36701
35717 36835
36182 36291
35638 36916
35673 36852
36236 36141
35361 37007
35589 36925
35287 37030
35955 36680
36343 36061
36108 36512
36279 36121
36310 36069
35339 37025
36279 36121
35706 36850
35298 37029
36310 36069
36108 36512
36109 36479
35717 36835
36109 36479
35717 36835
35112 37150
35112 37150
36353 35951
36092 36498
36139 36296
35786 36765
35882 36634
35307 37025
36333 36029
36251 36114
35665 36817
35508 36932
35986 36590
35406 36942
36186 36175
35112 37150
35563 36860
35354 37001
35981 36610
35596 36831
36202 36161
35327 37019
35105 37137
36328 35996
35288 36920
35842 36626
36037 36485
36078 36309
35476 36867
35144 36942
35932 36516
35110 37004
35588 36809
35665 36773
35754 36683
35752 36745
36088 36232
35508 36854
36247 36027
35969 36508
36095 36159
36111 36092
36302 36019
36183 36087
36215 36075
36104 36123
36207 36085
35071 37105
36321 35906
36096 36075
36021 36447
35209 36902
35485 36854
36295 35995
35287 36895
36111 36023
35916 36497
35833 36574
35566 36780
35624 36770
35651 36647
35995 36483
35682 36645
35746 36602
35754 36587
35037 36974
36286 35946
35459 36845
36070 36054
36021 36199
35660 36614
36009 36439
35806 36561
35864 36452
35536 36731
35494 36763
35464 36802
36009 36439
34954 36926
36264 35775
35116 36835
35529 36676
36002 36363
35738 36541
36004 36108
35401 36832
36030 36030
35784 36517
34963 36904
35905 36433
36133 35939
36224 35824
36200 35899
35923 36420
35462 36801
35478 36734
36151 35937
35474 36751
34964 36814
36184 35848
35921 36340
35500 36616
35325 36804
36001 35986
35963 36038
35732 36531
35587 36534
35424 36796
35856 36407
35903 36391
35397 36799
35970 36029
35879 36401
35318 36787
36136 35824
35855 36397
35957 35951
35911 36203
35694 36502
35941 35968
35387 36704
35543 36528
35432 36575
35675 36512
35411 36640
35500 36538
35320 36784
35871 36319
35909 36297
35293 36763
36103 35789
35867 36119
35681 36466
35428 36564
35839 36397
35844 36211
35359 36694
35378 36573
35086 36750
36082 35754
35834 36209
35366 36524
35313 36670
35638 36443
35092 36741
35777 36391
35642 36395
35801 36321
35817 36245
35810 36303
35288 36665
35828 36114
35595 36404
35311 36649
35778 36302
35821 36198
34738 36623
35820 36086
35546 36376
35310 36569
35204 36607
35653 36301
35765 36136
35700 36203
35673 36255
35135 36567
35801 35964
35324 36371
35595 36282
35655 36202
35729 36031
35293 36513
35117 36549
35646 35933
35523 36175
35280 36482
35124 36537
34920 36511
35507 36162
35097 37669
35097 37669
36694 36138
36529 36769
36045 37319
36527 36964
35750 37467
36530 36430
36462 37059
35878 37373
36649 36289
35867 37419
36200 37260
35602 37517
35414 37587
36530 36430
36636 36352
36203 37149
36326 37061
35465 37518
35602 37517
35251 37618
35350 37593
35465 37518
36201 37213
36248 37082
36326 37061
36229 37094
36638 36341
35200 37644
35251 37618
35350 37593
35147 37647
35200 37644
36200 37260
35128 37652
35126 37659
36229 37094
36248 37082
35147 37647
35111 37667
35111 37667
36636 36352
35200 37644
35111 37667
35147 37647
35147 37647
35147 37647
35602 37517
35602 37517
36200 37260
36229 37094
36530 36430
36530 36430
35025 37648
36694 36109
36508 36838
36527 36498
35744 37443
35404 37536
36047 37237
36188 37079
35594 37508
35594 37508
36128 37182
36647 36210
36605 36231
36581 36292
36528 36379
36543 36314
36287 37048
35962 37280
36151 37165
36527 36498
35239 37604
36287 37048
36371 37017
35264 37588
35364 37575
35746 37349
35923 37283
35156 37641
35758 37328
35850 37321
36448 36979
36493 36907
36529 36369
35184 37630
35364 37575
35861 37285
35025 37648
35098 37644
36493 36907
36416 37012
36647 36210
35098 37644
36450 36955
36371 37017
36416 37012
36471 36951
35264 37588
35962 37280
36151 37165
35184 37630
35758 37328
35850 37321
35857 37303
36471 36951
35746 37349
35857 37303
36471 36951
36527 36498
35861 37285
35861 37285
35184 37630
35184 37630
35184 37630
35364 37575
35364 37575
35758 37328
35857 37303
35861 37285
35861 37285
35861 37285
35861 37285
35962 37280
36287 37048
36287 37048
36416 37012
36416 37012
36471 36951
36471 36951
36471 36951
36493 36907
36493 36907
36493 36907
36527 36498
36647 36210
35163 37621
36657 36065
36483 36884
36485 36496
36086 37170
36215 37033
36328 36991
35432 37483
36571 36240
35958 37226
35250 37587
36525 36387
36635 36129
35565 37468
35678 37430
35565 37468
35396 37532
35309 37572
36112 37106
36610 36200
36410 36987
35337 37535
35727 37361
35902 37260
36485 36496
36162 37070
35687 37416
36451 36909
36130 37075
36657 36065
35797 37317
35844 37301
36448 36977
36517 36432
36517 36432
35710 37372
36459 36898
35902 37260
35935 37240
35797 37317
36584 36215
35844 37301
36524 36399
36448 36977
35814 37309
36483 36884
36584 36215
36162 37070
35935 37240
35710 37372
35844 37301
35727 37361
35678 37430
35799 37313
35814 37309
36448 36977
36524 36399
36525 36387
36517 36432
35799 37313
35797 37317
36525 36387
35710 37372
35710 37372
35727 37361
35797 37317
35797 37317
35797 37317
35797 37317
35799 37313
35844 37301
35844 37301
35844 37301
35935 37240
35935 37240
36162 37070
36448 36977
36448 36977
36517 36432
36517 36432
36525 36387
36525 36387
36525 36387
36657 36065
35153 37617
36656 36012
36481 36630
36496 36371
36185 36992
35903 37232
36529 36180
36461 36867
35244 37516
36395 36983
35544 37428
35832 37293
36083 37104
35455 37444
35747 37314
35674 37426
35997 37170
35371 37482
36620 36080
36540 36120
35677 37349
35314 37514
36049 37167
36414 36966
36423 36889
36652 36026
36067 37114
36443 36888
36453 36886
36453 36886
36453 36886
36453 36886
35101 37575
36632 35955
36471 36266
35667 37414
36459 36461
35829 37269
36393 36980
36457 36690
35408 37422
36453 36861
36173 36982
35899 37231
35109 37460
36098 36987
35205 37457
35957 37160
35960 37105
35998 37010
35319 37433
35298 37456
35979 37015
34984 37528
36460 36130
36438 36484
36430 36800
36379 36958
35260 37450
36444 36263
36066 36960
35505 37400
35365 37415
35733 37251
35598 37336
35927 37139
35652 37300
35828 37219
35897 37215
35957 37054
35977 37014
36013 36986
36026 36966
34931 37503
36437 36317
36420 36762
35937 37002
36245 36958
35836 37196
35290 37374
35875 37041
35170 37449
35460 37373
36367 36834
35695 37246
36347 36957
35538 37314
35191 37441
35628 37269
35581 37296
34867 37436
36420 36658
35294 37329
36259 36955
36338 36892
36365 36781
35837 37023
35822 37120
35961 36958
35424 37325
35692 37130
35678 37205
36400 36710
35927 36963
35466 37256
35561 37218
35472 37232
35545 37228
35219 37317
36414 36223
35819 37075
36259 36946
36413 36606
35646 37179
35404 37288
36375 36706
36288 36891
35677 37091
35308 37315
35185 37310
36406 36412
35400 37275
35683 37044
36060 36946
36206 36923
35815 37028
36222 36679
36395 36543
36322 36579
36315 36660
35337 37269
36386 36351
36192 36906
36221 36674
35396 37159
35660 37036
36373 36537
35877 36911
35732 36965
35789 36946
34972 37248
36366 36386
36211 36663
35282 37036
36343 36490
36192 36871
35210 37199
35911 36904
36080 36899
35555 37021
35085 37200
35701 36934
35774 36928
35574 36999
35566 37010
35373 37003
36355 36023
36188 36750
35626 36921
36281 36374
36010 36886
36101 36827
36306 36256
35433 36922
36304 36279
35376 36953
35427 36926
35600 36911
36270 36306
35997 36886
36180 36571
36078 36695
36151 36647
35595 36906
36199 36023
35799 36848
36178 36471
35967 36815
36049 36690
36137 36542
36111 36613
36085 36642
35564 36882
36136 35795
36039 36304
36025 36602
35712 36622
35656 36829
35609 36805
36026 36235
35990 36574
35485 36764
35899 35639
35479 36567
35527 37140
37139 35166
36615 36426
37019 35341
36308 36657
36662 36244
36851 35748
36818 35917
36801 36096
36818 35917
35882 36931
37136 35325
37139 35166
36753 36155
37136 35325
36965 35515
37000 35452
36566 36492
36084 36873
36154 36810
36395 36618
35576 37136
35843 37014
35979 36930
36022 36922
36230 36755
36713 36166
35773 37057
36458 36581
36796 36106
36866 35717
36266 36753
36882 35632
36498 36500
35869 36959
37000 35452
35646 37077
36922 35599
36955 35555
36463 36541
36498 36500
35646 37077
36154 36810
36084 36873
35715 37068
36566 36492
35661 37069
35715 37068
35527 37140
35576 37136
36888 35610
36022 36922
36409 36584
36202 36792
35979 36930
36266 36753
36922 35599
36706 36210
35779 37034
36955 35555
36395 36618
36409 36584
36084 36873
35817 37028
36463 36541
36662 36244
36688 36231
36266 36753
35869 36959
36688 36231
36706 36210
36882 35632
36854 35741
35817 37028
36202 36792
36202 36792
35779 37034
35661 37069
36866 35717
36818 35917
36866 35717
36202 36792
36796 36106
35817 37028
35715 37068
36888 35610
36854 35741
35646 37077
36888 35610
36409 36584
35576 37136
35646 37077
35646 37077
35646 37077
35646 37077
35646 37077
35661 37069
35715 37068
35715 37068
35715 37068
35715 37068
35715 37068
35715 37068
35715 37068
35817 37028
35817 37028
35817 37028
35817 37028
36022 36922
36022 36922
36084 36873
36084 36873
36084 36873
36084 36873
36154 36810
36154 36810
36154 36810
36154 36810
36154 36810
36202 36792
36202 36792
36266 36753
36266 36753
36266 36753
36266 36753
36409 36584
36409 36584
36409 36584
36409 36584
36409 36584
36498 36500
36498 36500
36566 36492
36566 36492
36566 36492
36662 36244
36818 35917
36854 35741
36854 35741
36882 35632
36882 35632
36882 35632
36882 35632
36882 35632
36882 35632
36882 35632
36882 35632
36882 35632
36882 35632
36882 35632
36882 35632
36882 35632
36882 35632
36882 35632
36882 35632
36888 35610
36922 35599
36922 35599
36955 35555
37136 35325
37139 35166
35537 37134
37104 35324
36447 36535
36020 36764
36571 36395
36380 36604
36210 36653
36778 35962
36765 36019
36143 36761
35850 36921
36952 35478
36808 35806
35694 37041
35751 37010
36906 35506
35968 36911
36612 36271
36007 36895
35828 36985
36684 36172
36723 36150
36995 35375
37104 35324
36571 36395
36818 35693
36857 35652
36291 36637
36995 35375
36612 36271
35580 37044
35580 37044
36883 35608
36810 35766
36282 36649
36143 36761
36883 35608
36690 36168
36723 36150
36571 36395
35464 37080
37020 35058
35745 37001
35499 37079
36807 35764
35877 36849
36420 36452
36535 36387
36716 36114
35775 36927
36829 35505
36203 36617
37008 35271
36576 36154
36293 36553
36361 36541
35953 36774
36778 35876
36143 36672
36728 36002
36563 36276
36900 35423
36007 36767
36777 35962
36835 35486
36079 36742
36939 35419
36958 35336
36080 36689
36573 36217
36970 35301
35432 37060
36921 35331
36118 36666
36805 35600
36853 35413
36707 36055
35514 36975
35873 36783
36259 36541
35661 36963
36726 35849
36602 36098
36007 36716
35757 36899
36391 36427
36774 35747
35925 36745
36319 36499
36512 36135
36444 36315
36477 36232
35746 36909
36421 36356
36758 35801
36294 36533
36479 36175
36480 36157
35430 36971
36822 35248
36764 35678
36794 35366
35531 36902
36221 36520
35775 36694
36455 36192
36102 36600
36351 36426
36564 36087
35717 36897
36700 35873
35723 36847
36669 36036
36290 36493
36408 36340
35848 36681
36698 35881
35456 36940
36030 36637
36795 35294
35952 36668
35948 36680
36443 36257
36436 36295
36044 36614
36621 36054
36601 36075
35441 36937
36820 35100
36282 36486
36659 35968
35961 36626
36395 36311
35730 36692
36735 35327
35537 36869
36675 35662
36096 36496
36425 36116
36784 35171
36727 35534
35659 36796
36569 36074
36396 36194
36029 36563
36598 36014
36724 35637
35976 36569
35711 36735
36571 36065
35700 36792
35702 36771
35440 36885
36740 35057
36727 35441
36259 36437
35683 36770
35455 36786
36560 36027
36046 36458
36409 36083
35850 36614
35720 36669
36639 35843
36697 35613
35880 36492
36313 36310
35988 36480
36618 35924
36380 36184
36714 35610
36353 36265
36633 35887
36362 36244
36357 36261
35387 36871
36714 35469
35664 36763
35973 36453
36597 35852
35822 36584
36360 36208
36636 35722
36484 36016
35728 36607
36641 35496
36426 36018
36290 36279
36112 36430
36208 36354
36202 36422
35189 36755
36714 35400
36620 35717
36440 35976
35515 36751
35662 36748
35723 36522
35854 36435
36358 36144
36109 36381
36511 35842
36038 36423
36200 36262
36589 35815
36314 36170
35743 36475
36239 36250
35325 36726
36681 35230
35613 36700
35713 36455
35971 36418
36615 35520
36088 36236
36273 36153
36581 35802
36363 35850
36607 35618
36084 36375
36346 36033
36466 35835
36285 36066
35421 36671
36642 35180
36078 36307
35727 36382
36581 35549
36370 35827
36175 36074
36283 36065
35586 36534
35566 36586
36484 35792
36559 35753
36539 35757
35399 36643
36560 35303
35964 36082
36398 35788
35671 36304
36515 35669
35702 36279
35665 36110
36508 35150
35740 35951
36262 35770
36485 35639
36371 35731
35437 35761
36419 35240
36329 35678
36391 35309
36176 35515
36336 34770
35340 37230
35340 37230
36767 36104
35794 37225
35983 37061
36328 36761
36491 36712
36655 36448
36319 36877
36713 36173
36491 36712
36161 37049
36674 36386
36682 36222
36594 36550
36594 36550
35816 37129
36185 37005
36286 36945
35845 37101
35794 37225
36242 36950
36594 36550
36674 36386
36682 36222
36242 36950
36175 37041
35845 37101
35828 37106
36175 37041
35828 37106
35845 37101
35828 37106
35845 37101
35845 37101
36175 37041
36175 37041
36175 37041
36491 36712
36491 36712
36682 36222
36682 36222
35314 37220
35314 37220
36747 36038
35732 37214
35314 37220
36308 36865
36556 36531
36229 36931
36441 36643
35820 37062
36644 36367
35948 37036
36325 36752
36480 36562
36660 36271
36708 36114
36575 36387
36166 36987
36685 36168
35770 37168
35783 37082
36480 36562
36574 36453
36660 36271
36669 36198
36355 36701
36191 36946
36422 36688
36689 36116
36574 36453
36040 37008
36110 37003
36422 36688
35948 37036
36000 37024
36325 36752
36340 36711
35813 37078
36000 37024
36040 37008
36117 36988
36669 36198
35738 37182
35770 37168
35732 37214
35738 37182
36606 36376
36609 36370
35783 37082
36346 36703
36115 36991
36191 36946
36708 36114
36110 37003
36191 36946
36340 36711
36606 36376
36609 36370
36689 36116
36609 36370
35732 37214
36191 36946
36191 36946
36340 36711
36340 36711
36574 36453
36606 36376
36609 36370
36660 36271
36689 36116
36689 36116
36689 36116
36689 36116
36708 36114
35548 37203
36722 36009
36415 36688
36211 36875
36104 36997
35999 37012
35974 37019
36553 36428
36502 36519
35610 37199
36575 36355
35867 37030
35770 37106
36657 36221
36306 36757
36166 36962
36440 36605
36440 36605
36477 36536
36277 36855
36286 36845
36514 36435
36631 36236
35756 37146
36677 36157
35818 37051
36293 36769
36306 36757
36684 36150
36689 36074
35808 37073
36620 36327
36689 36074
36707 36025
36627 36285
35548 37203
35670 37193
35670 37193
35710 37170
35867 37030
36134 36970
36166 36962
36514 36435
36477 36536
36142 36968
35739 37168
36591 36334
36591 36334
36622 36294
35710 37170
35739 37168
36707 36025
36722 36009
36293 36769
35809 37072
35810 37057
35810 37057
36622 36294
36134 36970
36680 36151
36689 36074
36680 36151
36684 36150
35809 37072
35810 37057
35810 37057
35867 37030
36134 36970
36166 36962
36293 36769
36680 36151
36684 36150
36684 36150
36722 36009
36722 36009
36722 36009
36722 36009
35295 37197
36718 35787
35514 37161
35949 36991
36624 36072
35675 37138
36585 36329
36500 36499
36302 36721
36147 36943
36708 35901
36265 36842
35810 37038
36608 36176
36452 36517
36391 36618
36383 36660
35776 37069
36594 36270
36187 36856
36708 35901
36718 35787
35791 37065
36158 36920
36163 36866
36158 36920
36163 36866
36718 35787
35165 37158
36603 36021
35581 37102
36576 36322
35173 37129
35897 36970
36467 36456
36137 36895
35647 37055
36492 36365
36389 36566
36114 36941
36341 36658
35790 37041
36251 36818
35798 36977
36375 36592
36270 36709
36262 36730
36260 36788
36114 36941
36251 36818
36260 36788
36270 36709
35319 37096
36561 36087
36112 36900
35646 37037
35422 37062
35888 36906
36265 36597
36465 36385
36262 36714
36560 36256
36540 36285
36355 36532
36242 36802
35742 36985
36359 36468
36457 36443
35834 36947
35793 36960
36242 36802
35227 37091
36556 36113
36247 36661
36305 36431
35540 37000
36461 36301
36449 36427
35818 36917
35312 37046
36531 36217
35976 36897
36231 36767
35704 36937
35644 36999
36107 36772
36075 36887
36092 36831
36540 36138
35288 37053
35589 36947
36549 36064
36247 36448
36219 36732
36513 36194
35826 36886
36430 36405
36383 36421
36129 36752
35916 36868
36534 36118
36072 36793
35977 36851
36022 36824
36050 36823
35756 36885
36492 35999
36356 36418
35915 36849
36219 36587
36407 36382
36015 36775
36082 36692
36465 36166
36196 36682
36489 36154
36208 36629
36467 36165
35793 36846
36468 35987
36445 36115
36207 36439
36405 36348
35887 36843
36354 36396
36112 36627
36005 36651
35950 36766
36194 36558
35981 36720
36187 36622
36368 36376
35705 36840
36425 35987
36353 36389
35995 36640
36387 36212
36238 36392
35973 36719
36188 36514
36391 36099
35869 36823
36174 36620
35877 36777
36182 36598
36181 36606
35484 36832
36410 35933
36307 36389
36353 36136
35768 36823
36180 36564
36399 35943
36144 36605
35957 36612
35911 36719
35860 36780
35926 36687
35944 36644
35812 36800
36177 36584
35827 36791
35481 36812
36303 36255
36165 36565
35868 36615
36266 36349
35673 36790
35815 36777
36023 36603
36288 36280
36112 36580
35761 36784
36277 36343
36082 36600
35797 36783
35814 36782
35305 36791
36277 36187
35802 36782
36162 36561
35962 36585
36168 36259
35544 36789
36210 36191
35734 36769
36248 36181
36124 36514
35965 36560
36043 36549
35485 36758
36156 36150
35589 36621
35962 36543
36124 36495
36137 36160
35431 36657
36138 36133
36029 36479
35478 36605
36124 36404
36120 36442
35888 36456
36114 36067
36105 36406
35987 36452
36081 36436
36090 36427
35488 36442
36109 35986
36090 36397
36088 36363
36036 36335
36073 35867
36041 36018
35913 36335
35426 36243
35910 36233
35707 36159
35905 36119
35883 36125
35602 36124
35885 36099
