1609 108.994
26058 25030 25907
26198 25066 25772
25989 25081 25948
26026 25112 25894
26072 25176 25751
25954 25116 25946
26002 25176 25873
25961 25188 25894
25939 25245 25870
25964 25217 25838
25899 24928 26047
25916 25342 25692
26207 25054 25763
25989 25052 25858
26058 25030 25907
26058 25030 25907
26058 25030 25907
26058 25030 25907
26058 25030 25907
26108 25097 25856
26058 25030 25907
25930 24977 25770
26108 25110 25855
26019 25029 25834
26058 25030 25907
26058 25030 25907
25930 24977 25770
26058 25030 25907
26108 25110 25855
26029 25066 25852
26058 25030 25907
26108 25110 25855
26058 25069 25816
26019 25029 25834
26019 25029 25834
26020 25050 25834
26058 25030 25907
26058 25030 25907
26058 25030 25907
26025 24967 25831
25989 25052 25858
26058 25030 25907
26058 25030 25907
26108 25110 25855
26058 25030 25907
25989 25052 25858
25973 25042 25855
26058 25030 25907
26044 25081 25812
25930 24977 25770
26058 25030 25907
26058 25030 25907
26058 25030 25907
26108 25110 25855
26108 25110 25855
26108 25110 25855
26019 25029 25834
25998 25021 25811
25973 25042 25855
25945 25023 25859
25937 25023 25800
26108 25110 25855
25937 25023 25800
25945 25023 25859
26019 25029 25834
26019 25029 25834
26058 25030 25907
26058 25030 25907
25989 25052 25858
26014 25040 25880
26058 25030 25907
25989 25052 25858
26019 25029 25834
26108 25110 25855
26019 25029 25834
25945 25023 25859
26058 25030 25907
26058 25069 25816
26058 25030 25907
26058 25030 25907
26029 25066 25852
25989 25052 25858
26019 25029 25834
26058 25030 25907
26058 25030 25907
26019 25029 25834
26019 25029 25834
25973 25042 25855
26025 24967 25831
26058 25030 25907
25973 25042 25855
26058 25030 25907
26058 25030 25907
25930 24977 25770
26058 25030 25907
26058 25030 25907
26058 25030 25907
25945 25023 25859
26019 25029 25834
26019 25029 25834
26071 25046 25911
26108 25097 25856
26108 25110 25855
25930 24977 25770
26019 25029 25834
26108 25110 25855
26058 25030 25907
26108 25110 25855
25937 25023 25800
26058 25030 25907
25989 25052 25858
26004 25105 25837
26058 25030 25907
26108 25110 25855
26058 25030 25907
26108 25110 25855
26058 25030 25907
26058 25030 25907
26029 25066 25852
25989 25052 25858
26064 25049 25934
25930 24977 25770
26058 25030 25907
26058 25030 25907
25930 24977 25770
26058 25030 25907
26004 25105 25837
25945 25023 25859
26058 25030 25907
26058 25030 25907
26058 25030 25907
25989 25052 25858
26025 24967 25831
25930 24977 25770
26058 25030 25907
26058 25030 25907
26019 25029 25834
26058 25030 25907
26019 25029 25834
26108 25110 25855
25989 25052 25858
25989 25052 25858
25937 25023 25800
26058 25030 25907
26025 24967 25831
26019 25029 25834
25989 25052 25858
26019 25029 25834
26108 25110 25855
26019 25029 25834
26058 25030 25907
25989 25052 25858
26058 25030 25907
25973 25042 25855
26004 25105 25837
26025 24967 25831
25973 25042 25855
26029 25066 25852
26019 25029 25834
26058 25030 25907
26019 25029 25834
25989 25052 25858
25989 25052 25858
25908 25108 25833
26058 25030 25907
26025 24967 25831
26108 25110 25855
26058 25030 25907
26058 25030 25907
25989 25052 25858
26029 25066 25852
26019 25029 25834
26108 25110 25855
25989 25052 25858
26019 25029 25834
26108 25110 25855
25989 25052 25858
26019 25029 25834
26071 25046 25911
25989 25052 25858
26019 25029 25834
26058 25030 25907
25930 24977 25770
26019 25029 25834
26058 25030 25907
26058 25030 25907
26108 25110 25855
26058 25030 25907
26058 25030 25907
26058 25030 25907
25973 25042 25855
25989 25052 25858
26108 25110 25855
26019 25029 25834
25908 25108 25833
25930 24977 25770
26058 25030 25907
26058 25030 25907
26019 25029 25834
26058 25030 25907
26029 25066 25852
26019 25029 25834
26108 25110 25855
26058 25030 25907
25985 25076 25825
26020 25050 25834
26019 25029 25834
26019 25029 25834
26058 25030 25907
25945 25023 25859
26019 25029 25834
26019 25029 25834
25930 24977 25770
25937 25023 25800
25973 25042 25855
26108 25097 25856
26108 25110 25855
25989 25052 25858
26058 25030 25907
26058 25030 25907
26019 25029 25834
26108 25097 25856
26004 25105 25837
26058 25030 25907
26019 25029 25834
25973 25042 25855
26108 25110 25855
26019 25029 25834
26108 25110 25855
25945 25023 25859
26058 25030 25907
25989 25052 25858
26108 25110 25855
26058 25030 25907
26058 25030 25907
25930 24977 25770
26058 25030 25907
26058 25030 25907
26004 25105 25837
26058 25030 25907
26058 25030 25907
26058 25030 25907
26058 25030 25907
26108 25110 25855
26058 25030 25907
25973 25042 25855
26019 25029 25834
25989 25052 25858
26058 25030 25907
26019 25029 25834
26058 25069 25816
26058 25030 25907
26058 25030 25907
26058 25030 25907
26108 25110 25855
26019 25029 25834
26019 25029 25834
26058 25030 25907
26058 25030 25907
26019 25029 25834
26019 25029 25834
26058 25030 25907
25908 25108 25833
26058 25030 25907
25989 25052 25858
25989 25052 25858
26004 25105 25837
26019 25029 25834
25989 25052 25858
26108 25110 25855
26058 25030 25907
26019 25029 25834
26058 25030 25907
25908 25108 25833
25989 25052 25858
26108 25110 25855
26058 25030 25907
25930 24977 25770
26058 25030 25907
26029 25066 25852
26019 25029 25834
26029 25066 25852
26029 25066 25852
26058 25030 25907
26058 25030 25907
26058 25030 25907
26108 25110 25855
26108 25110 25855
26019 25029 25834
26019 25029 25834
26058 25030 25907
25930 24977 25770
26058 25030 25907
25937 25023 25800
26058 25030 25907
26058 25030 25907
25989 25052 25858
26058 25030 25907
26058 25030 25907
25989 25052 25858
25989 25052 25858
25989 25052 25858
26058 25030 25907
26058 25030 25907
26058 25030 25907
26058 25030 25907
26019 25029 25834
26108 25110 25855
25983 25061 25809
26108 25110 25855
26071 25046 25911
26019 25029 25834
26058 25030 25907
26019 25029 25834
26058 25030 25907
26108 25110 25855
26019 25029 25834
25989 25052 25858
26019 25029 25834
26019 25029 25834
26004 25105 25837
25973 25042 25855
26004 25105 25837
26029 25066 25852
26058 25030 25907
25989 25052 25858
26058 25030 25907
25989 25052 25858
25989 25052 25858
25959 25098 25813
25973 25042 25855
26019 25029 25834
26019 25029 25834
25989 25052 25858
26058 25030 25907
26019 25029 25834
25989 25052 25858
25973 25042 25855
25930 24977 25770
26058 25069 25816
26108 25110 25855
26108 25110 25855
26055 24981 25839
26058 25030 25907
26058 25030 25907
25989 25052 25858
25989 25052 25858
26019 25029 25834
26108 25110 25855
26058 25030 25907
25973 25042 25855
26019 25029 25834
26019 25029 25834
26019 25029 25834
26019 25029 25834
25930 24977 25770
26108 25110 25855
26058 25030 25907
26058 25030 25907
26029 25066 25852
26019 25029 25834
26058 25030 25907
25989 25052 25858
26019 25029 25834
26058 25030 25907
26019 25029 25834
26108 25110 25855
26058 25030 25907
25937 25023 25800
25945 25023 25859
26029 25066 25852
26019 25029 25834
26058 25030 25907
26058 25030 25907
26058 25030 25907
26019 25029 25834
25973 25042 25855
25989 25052 25858
26058 25030 25907
26025 24967 25831
26079 25014 25902
26019 25029 25834
26058 25030 25907
25989 25052 25858
26058 25030 25907
25952 25102 25844
25988 25095 25834
26058 25030 25907
25930 24977 25770
26058 25030 25907
26058 25030 25907
26058 25030 25907
26019 25029 25834
25989 25052 25858
26019 25029 25834
26010 25155 25869
26019 25029 25834
26025 24967 25831
26058 25030 25907
25989 25052 25858
26058 25030 25907
26058 25030 25907
26053 25126 25811
26019 25029 25834
26016 25014 25838
26025 24967 25831
26058 25030 25907
26019 25029 25834
26108 25110 25855
25937 25023 25800
26058 25030 25907
25989 25052 25858
26019 25029 25834
26108 25110 25855
25988 25095 25834
26058 25030 25907
26108 25110 25855
25989 25052 25858
26019 25029 25834
26019 25029 25834
26058 25030 25907
26019 25029 25834
25937 25023 25800
26029 25066 25852
26058 25069 25816
26108 25110 25855
26019 25029 25834
25930 24977 25770
26108 25110 25855
26058 25030 25907
26025 24967 25831
26058 25030 25907
25973 25042 25855
26004 25105 25837
26019 25029 25834
26071 25046 25911
26058 25030 25907
26058 25030 25907
26108 25110 25855
25937 25023 25800
26058 25030 25907
25989 25052 25858
26058 25030 25907
26058 25030 25907
26019 25029 25834
26058 25030 25907
26025 24967 25831
26019 25029 25834
26108 25110 25855
26029 25066 25852
26029 25066 25852
26004 25105 25837
26058 25030 25907
26025 24967 25831
26058 25030 25907
26058 25030 25907
26058 25030 25907
26019 25029 25834
25937 25023 25800
26058 25030 25907
26058 25030 25907
25937 25023 25800
26058 25030 25907
26058 25030 25907
25989 25052 25858
26058 25069 25816
26058 25030 25907
26108 25110 25855
26019 25029 25834
25937 25023 25800
26025 24967 25831
26019 25029 25834
