17 0.533042
15964 16535
15543 16926
16116 16384
16257 16296
15397 16959
16033 16430
15642 16805
15602 16864
15633 16842
15283 16972
16263 16249
15196 16997
16335 16155
15290 16738
15344 16919
16030 16245
15774 16154
16111 16109
15034 16706
15617 16703
15907 16306
15132 16906
15954 16201
15516 16874
15593 16793
15097 16770
15514 16577
15357 17119
15735 15942
15327 16694
15549 16784
16016 16116
15370 16859
15406 16668
15087 16660
15138 16786
15177 16614
15921 16229
15557 16791
16371 16277
15730 16799
16263 16080
15482 16840
15222 16647
15511 16629
15465 16649
15451 16604
15371 16713
15517 16715
16206 16115
16312 16144
16186 15989
16109 16112
15897 16087
16031 16271
15142 16948
15527 16706
15484 16737
15227 16903
15337 16876
15047 16627
16162 16207
16392 16249
15496 16669
15217 16893
15998 16262
15519 16816
15524 16837
15215 16960
15964 16321
16278 16186
15466 16712
15151 16814
15394 16787
15948 16180
15384 16806
15544 16712
15794 16437
15398 16617
15236 17016
15208 16981
15701 16844
16353 16207
15830 16349
15967 16239
15856 16301
16235 16198
15109 16718
16050 16077
15563 16815
16266 16212
15322 16745
15360 16834
15212 16827
16201 16266
15819 16346
15232 16734
16452 16188
15298 16965
15243 16761
16026 16102
15438 16810
15555 16753
15877 16283
15801 16336
15463 16692
15203 16953
15181 16918
15161 16774
16200 16224
15062 16872
15490 16781
15195 16787
15344 16775
15537 16982
15119 16787
16263 16142
15021 16679
16100 16217
16237 16119
15940 15993
15240 16931
15504 16853
15139 16759
15452 16674
15843 16244
15539 16712
15635 16765
15217 16838
15416 16759
15023 16795
15162 16719
15165 16931
15421 16702
15334 16799
15426 16724
15298 16566
15398 16906
15733 16321
15495 16740
15861 16306
15495 16700
15172 16913
16246 16138
15649 16669
15440 16761
16260 16140
16035 16256
16339 16022
15539 16800
16109 16212
15961 16035
16089 16027
16269 16240
15993 16385
15178 16869
15431 16765
15450 16875
15908 16211
15946 16419
15982 16251
16157 16192
16175 16140
16234 16102
15512 16806
16249 16146
15587 16644
15843 15981
15602 16699
15562 16998
15925 16061
15515 16848
15989 16408
16174 16113
15521 16727
16188 16319
15827 16324
15802 16083
15391 16890
15501 16721
15429 16870
14835 16664
15643 16856
15165 16843
16253 16219
15173 16673
16212 15969
15261 16994
15919 16263
15229 16892
15415 16809
15449 16708
15610 16753
15980 16227
15519 16785
15968 16180
15586 16674
16042 16237
15256 16650
15061 16670
16190 16049
15581 16693
15436 16691
15475 16757
15913 16387
16135 16252
15424 16677
15096 16798
16112 16029
15441 16662
15596 16669
15876 16084
15101 16913
16101 16167
15578 16658
15132 16945
15524 16822
16258 16047
15111 16813
15535 16735
15352 16861
16159 16216
15927 16333
15821 15975
15243 16953
15249 16710
16137 16022
15225 16944
15006 16682
15166 16906
15974 16308
15757 16142
15144 16816
15447 16732
15058 16878
15425 16934
15865 16317
15472 16794
15265 16662
15577 16744
15378 16886
16177 16360
15321 16833
15918 16067
15366 16759
16000 15960
15088 16944
15601 16719
15087 16756
15331 16679
16151 16279
15741 16262
15103 16816
15363 16884
15552 16716
15154 16830
16194 16218
16095 16147
15982 16167
16276 16319
16306 16251
16112 16216
15560 16743
15472 16604
15468 16617
16110 16251
15592 16526
15955 16181
16154 16286
15493 16611
15444 16659
16203 16131
15670 16680
15942 16403
15867 15971
15174 16804
15040 16837
15487 16682
16299 16310
15151 16655
15453 16803
15420 16834
15176 16839
15574 16902
16246 16312
16289 16278
15879 15955
15806 16433
15491 16781
16309 16201
15330 16776
15518 16708
15750 16333
15134 16902
16044 16302
15318 16825
15949 16217
15777 16251
16199 16209
16059 16140
15408 16729
16350 16129
15115 16701
15975 16246
15701 16651
15234 16754
15909 16521
16284 16124
16048 16168
15499 16765
15557 16764
16341 16103
16199 16054
15485 16683
15508 16695
16040 16317
15092 16877
16294 16225
15815 16322
16170 16079
15335 16858
15536 16922
16148 16289
15776 16318
15706 15864
16181 16323
15944 16315
15672 16793
16250 16261
15547 16832
15296 16778
15912 16063
15630 16810
16191 16254
15600 16797
16267 16051
16027 16196
15986 16193
15899 16099
15283 16697
16001 16254
15516 16908
15228 16769
15991 16529
15153 16942
15975 16228
15943 16264
15233 16823
14983 16816
15185 16754
15112 16804
16259 16188
15372 16867
15105 16877
16210 16329
15506 16745
16288 16156
15639 16775
15645 16731
15309 16840
16153 16070
15589 16785
15116 16890
16018 16102
16005 16225
15865 16053
15096 16863
16217 16243
16134 16005
15061 16824
15441 16891
15516 16775
15814 16079
16058 16285
15467 16763
16192 16106
15366 16705
15082 16917
16011 16135
15533 16689
16370 16138
16096 16256
15499 16840
15451 16971
15147 16858
15379 16843
15387 16702
15252 16701
15406 16649
16191 16149
15958 16310
15899 16428
15929 16312
15538 16977
16300 16184
15222 16974
15341 16810
15882 16367
15394 16791
15568 16838
15315 16747
15919 16128
15529 16856
15942 16394
15762 16368
15831 16478
14959 16727
15105 16901
16041 16100
15432 16756
15889 16314
16094 16053
15901 16551
15256 16753
16232 16177
15516 16597
15158 16872
15873 16033
15913 16291
15340 16849
16208 16226
15403 16722
15658 16838
16209 16220
15173 16884
15884 16144
15064 16863
15136 16691
15431 16781
15128 16791
15721 16370
15561 16905
15491 16709
16068 16265
15248 16900
15992 15996
16155 16275
15460 16903
15775 16312
16098 16142
15219 16831
15945 16076
15954 16316
15319 16812
15330 16822
15247 17026
16070 16162
16146 16260
15551 16855
15403 16804
16176 16234
15264 16778
15393 16722
15903 16192
15555 16909
15530 16858
15511 16810
15293 16822
16341 16230
15256 16948
15976 16348
15610 16739
15500 16783
15659 16884
15393 16752
15167 16869
16215 16177
15525 16588
16121 16074
15457 16741
15441 16716
15495 16955
