313 15.4738
15586 16147 15960 16092
15681 16228 16103 15913
15766 15962 15803 16125
15628 16120 16067 16041
15919 15991 15761 15942
15571 16271 15949 15805
15515 16158 16151 16023
15674 16145 16004 15989
15350 16267 15814 15915
15197 15866 15671 16260
15647 16194 16192 16004
15571 16271 15949 15805
15995 15915 15781 15872
15393 16103 16092 15850
15340 15970 15785 15765
15493 16227 15943 15831
15628 16066 15919 15935
15548 15993 15820 15901
15035 15648 15601 15740
15605 15995 15947 15914
15333 15811 15701 15819
15430 15945 15955 15916
15357 16058 15912 15951
15434 16065 15951 15785
15336 15873 15787 16061
15339 15976 15770 15788
15450 15863 15981 15916
15357 16094 15890 15729
15379 15914 15859 15773
15418 15874 15804 15884
15463 15852 15782 15891
15219 15878 15868 15860
15477 15922 15828 15961
15385 15966 15937 16056
15190 16083 15869 15701
15500 16039 15879 15753
15245 15901 15958 15851
15475 16018 15761 15893
15373 15984 15876 15787
15533 16071 15875 16041
15080 15895 15626 15677
15266 15935 15714 15607
15232 15868 15756 15876
15275 15906 15772 15788
15392 16019 15843 15742
15450 16078 15870 15789
15349 16066 15724 15712
15355 15902 15768 15845
15351 15810 15732 15935
15432 15745 15726 15699
15483 16001 15850 15941
15045 15904 15816 15546
15287 15849 15736 15855
15260 15890 15833 15629
15395 15927 15718 15911
15517 15992 15776 15974
15446 16093 15778 15855
15374 15835 15875 16025
15399 15889 15792 15802
15204 15887 15952 15678
15731 16077 15876 15982
15201 15857 15841 15686
15242 15763 15701 15788
15271 15921 15732 15478
15134 15923 15737 15689
15296 15894 15830 15830
15200 16047 15861 15595
15242 16024 15631 15890
15365 15945 15947 15818
15041 15753 15723 15731
15303 15995 15815 15852
15389 15914 15663 15797
15448 15877 15787 15847
15379 15954 15837 15836
15406 15880 15896 15823
15280 15959 15733 15905
15348 15989 15831 15662
15273 15965 15749 15619
15480 15882 15770 15779
15369 16025 15840 15880
15334 15916 15779 15996
15350 16005 15755 15764
15382 16100 15936 15726
15482 15989 15922 15897
15242 15862 15918 15916
15434 16097 15851 15968
15317 15979 15926 15832
15609 16041 15831 15920
15210 15898 15750 15831
15360 15951 16068 15989
15169 15851 15860 15854
15297 16001 15827 15749
15397 16046 15845 15815
15070 16005 15709 15907
15400 16007 15696 15903
15471 16139 15888 15951
15387 15918 15851 15791
15310 15985 15683 15726
15110 15982 15584 15601
15411 15947 15873 15693
15409 16118 15847 15901
15413 15943 15843 15800
15265 16032 16082 15721
15377 15895 15909 15843
15388 15872 15850 15780
15516 15919 15799 15810
15389 15983 15797 15835
15373 16220 16052 15883
15361 15876 15928 15723
15393 15993 15943 15918
15220 15941 15807 15859
15452 15974 15689 15848
15241 15975 15771 15949
15341 15938 15836 15873
15474 15974 16009 15817
15242 15917 15844 15865
15369 16001 15882 15935
15577 16120 16016 15987
15428 16017 15803 15746
15167 16031 15828 15726
15408 15928 15964 15744
15529 16131 15980 16006
15286 15844 15816 15708
15468 16194 15912 15856
15422 15882 15722 15778
15217 15936 15815 15586
15465 15914 15833 15785
15299 15812 15710 15735
15258 15837 15926 15807
15384 16029 15910 15914
15082 15711 15434 15697
15604 16192 15995 15760
15295 15832 15677 15737
15378 15896 15892 15909
15277 16034 15891 15732
15465 15832 16043 15869
15309 15973 15799 16001
15323 15790 15816 15961
15501 16126 15833 15971
15394 15894 15926 15664
15315 16013 15962 15781
15533 15856 15789 16043
15276 15816 15791 15745
15326 16010 15901 15877
15474 16114 15884 15746
15288 16068 15713 15792
15294 16045 15856 15982
15464 15954 15943 15963
15581 15914 15957 15894
15474 15878 15950 15867
15273 15759 15734 15768
15603 15887 15883 15821
15509 16066 15773 15772
15348 16057 15752 15897
15569 16090 15814 15917
15573 16121 15811 15907
15389 15914 15638 15993
15287 15688 15675 15788
14948 15789 15814 15680
15454 16088 15762 15645
15467 15992 15891 15703
15360 15945 15733 15898
15273 16008 15857 15762
15525 15911 15776 15726
15228 16022 15871 15750
15322 15900 15921 15749
15383 15896 15872 15920
15369 15876 15638 15843
15247 16012 15931 15776
15342 15955 15876 15689
15306 16024 15731 15635
15446 15896 15751 15795
15173 15879 15640 15747
15158 15744 15701 15638
15515 16051 15927 16016
15311 15921 15727 15599
15214 16042 15707 15824
15223 15719 15724 15737
15318 16057 15853 15815
15376 15949 15827 16048
15094 15848 15613 15680
15298 15973 15843 15924
15458 16039 15768 15825
15242 16010 15972 15754
15250 15858 15829 15685
15614 15929 15819 15825
15501 15888 15891 15968
15346 16099 15966 15975
15248 15782 15723 15702
15075 15800 15831 15710
15159 15916 15486 15623
15528 16175 15913 15926
15386 16067 15807 15781
15114 15886 15596 15654
15296 15871 15702 15760
15354 15927 15654 15752
15386 16002 15842 15933
15562 15882 15926 15852
15428 15980 15766 15950
15509 15857 15664 15962
15290 15966 15856 15749
15354 15790 15713 15746
15429 16027 15851 15882
15402 15910 15839 15881
15385 16040 15735 15897
15167 15903 15854 15594
15505 15959 15930 15954
15341 15992 15846 15822
15231 15805 15724 15745
15235 15927 15649 15738
15358 15752 15796 15829
15525 16234 16054 15786
15355 16019 15615 15879
15430 15812 15813 15712
15538 16051 15951 15876
15519 16240 16011 15777
15278 15949 15805 15799
15394 15900 15802 15753
15483 16055 15830 15890
15324 15923 15787 15868
15568 16063 16016 15955
15263 15804 15772 15616
15486 15970 15812 15646
15451 16149 15881 15923
15314 15800 15871 15864
15217 15838 15777 15757
15527 16082 15840 15905
15409 16025 15911 15907
15520 16013 15933 15780
15567 16034 15952 15893
15459 15947 15779 15993
15181 15844 15742 15636
15448 15882 15889 15610
15447 15918 15842 15848
15313 15831 15579 15728
15234 15861 15749 15829
15306 15983 15757 15881
15271 16061 15855 15851
15531 16154 15905 15764
15215 15963 15783 15800
15254 15925 15778 15737
15121 15992 16052 15730
15325 15961 15836 15926
15402 15916 15885 15809
15492 16075 15870 15773
15403 15888 15705 15772
15365 15922 15669 15720
15260 15948 15762 15826
15390 16047 15772 15835
15370 15988 15702 15770
15690 16014 16030 15921
15353 15946 15865 15764
15318 15812 15752 15723
15406 16026 15963 15930
15233 15889 15581 15767
15144 15814 15562 15501
15318 16037 15986 15745
15376 15908 15850 15884
15343 16074 15740 15793
15187 15896 15766 15755
15374 16072 15769 15901
15318 15969 15790 15860
15456 15961 15894 15899
15262 15960 15769 15819
15515 15966 15809 15856
15304 15849 15648 15865
15327 15899 15859 15806
15328 15970 15857 15782
15163 16011 15593 15500
15656 15975 15887 15773
15444 15884 15955 15762
15371 15868 15731 15809
15198 15831 15707 15711
15233 15953 15861 15588
15352 15870 15822 15830
15220 16047 15681 15799
15470 15955 15830 16021
15359 15986 15888 15872
15194 15955 15806 15745
15249 15874 15852 15654
15529 16019 15844 15769
15391 15965 15755 15985
15438 15957 15834 15875
15406 15966 15835 15620
15214 15700 15784 15590
15359 16110 15895 15921
15428 15996 15901 15911
15387 16049 15942 15892
15433 15893 15723 15855
15550 16026 15659 15869
15337 15881 15744 15998
15419 15869 15836 15879
15391 15972 15974 15853
15488 16008 15803 15944
15273 15979 15722 15679
15321 15887 15782 16004
15372 15940 15779 15724
15284 15952 15883 15666
15307 15967 15765 15908
15359 15975 15901 15910
15387 15910 15765 15981
15433 15808 15756 15837
15436 16067 15983 15853
15321 15903 15822 15896
15443 15935 15889 15842
15152 15886 15723 15629
15479 15940 15857 15814
15255 15788 15805 15853
15267 15872 15766 16009
15450 15998 15763 15723
15381 15854 15654 15765
15353 15899 15899 15725
15131 15761 15789 15669
15378 16004 15772 15991
15484 15831 15955 15843
15612 15969 15803 16068
15391 15993 15743 15795
15244 15747 15596 15687
15455 15859 15704 15971
15528 15820 15892 15843
15402 15960 15905 15711
15356 15946 15857 15827
15501 15876 15843 15912
15043 15760 15573 15617
15353 15868 15793 15658
15460 15891 15966 15821
15438 16055 15991 15871
15253 15995 15710 15863
15340 15885 15937 15759
15317 15981 15775 15906
15312 16010 15842 15705
15155 15933 15629 15890
15350 15976 15863 15617
15482 16103 15884 15933
15189 15955 15821 15941
15397 15923 15813 15918
15430 15905 15870 15888
15241 16169 15992 15791
15241 15886 15729 15774
15339 15943 15961 15824
15403 16000 15896 15995
15483 16042 15883 15828
15597 15894 15837 15843
15433 15898 15904 15875
15292 15920 15713 15939
15513 16042 15815 15877
15437 15991 15826 15877
15660 16204 15882 15969
15285 15854 15666 15727
15207 15864 15686 15731
15497 15838 15822 15910
15309 15975 15531 15848
15269 15907 15671 15755
15380 15852 15602 15858
15383 15991 15826 15773
15131 15861 15567 15841
15354 16003 15779 15700
15490 16008 15945 15866
15235 15971 15549 15773
15432 16007 15640 16071
15168 15811 15751 15569
15156 15851 15754 15593
15494 16104 15899 15926
15230 16017 15817 15700
15484 16047 15902 15846
15282 15979 15841 15846
15451 16000 15853 15817
15163 15960 15801 15864
15359 16044 15796 15892
15409 15906 15961 15849
15384 15940 15911 15742
15196 15757 15768 15567
15609 16164 15940 15661
15306 15933 15870 15783
15504 15936 15877 15726
15403 15870 15733 15692
15531 15987 15797 15926
15414 16065 15982 15773
15433 16038 15949 15914
15156 15839 15776 15789
15309 16069 15657 15752
15247 15928 15774 15887
15315 16063 15993 15943
15225 15975 15839 15599
15211 16052 15634 15838
15188 15883 15786 15792
15395 16149 15937 15791
15435 15925 15906 15992
15124 15800 15895 15693
15448 16080 15944 15913
15428 15923 15784 15750
15207 15942 15750 15974
15284 16005 15804 15602
15269 15906 15768 15943
15100 16026 15692 15901
15627 15978 15791 15900
15242 15893 15849 15807
15465 16074 15878 15950
15459 16156 16016 15880
15187 15898 15868 15731
15324 15994 15988 15801
15286 15957 15681 15767
15330 15973 15609 15812
15166 15849 15766 15680
15317 16025 15803 15820
15404 15989 15941 15856
15313 15823 15735 15705
15229 15843 15830 15762
15317 15900 15666 15848
15340 15828 15739 15949
15384 15927 15972 15643
15562 15929 15774 16084
15349 15944 15900 16026
15507 16068 15853 15808
15193 15921 15827 15713
15342 15908 15781 15836
15200 15956 15695 15682
15334 15875 15699 15987
15173 15931 15916 15725
15387 16042 15828 15823
15227 15906 15710 15829
15171 16018 15873 15623
15494 16079 15946 15673
15134 15879 15672 15802
15399 15976 15926 15754
15312 15914 15800 15961
15509 15818 15976 15881
15405 15948 15978 15773
15191 16043 15740 15749
15269 16039 15859 15833
15226 15798 15787 15724
15499 16167 16104 15971
15313 15869 15697 15834
15468 15824 15821 15819
15567 16093 15887 15922
15397 15906 15796 15840
15460 15990 15827 16001
15441 16112 15881 15861
15391 15850 15883 15592
15453 16093 16058 15875
15299 16018 15793 15817
15429 16152 15818 15774
15457 16102 16046 15711
15368 15950 15795 15730
15278 15871 15902 15944
15470 15915 15817 15732
15623 15991 15911 15892
15254 15850 15755 15858
15291 15943 15911 15749
15546 15998 15923 15945
15423 16065 15893 15858
15373 16055 15826 15807
15578 15890 15988 15824
15359 15987 15975 15938
15440 16118 16079 15713
15430 16055 15796 15727
15499 16115 15836 15976
15398 15909 15733 15865
15529 16088 15900 15751
15268 15747 15796 15744
15454 15926 15894 15957
15167 15908 15749 15657
15376 16045 15883 15958
15394 15859 16004 15836
15289 15939 15906 15843
15431 15980 16020 15901
15256 15862 16017 15808
15441 16053 15904 15781
15232 15980 15741 15730
15158 15808 15727 15613
15405 15971 15761 15872
15280 15763 15685 15655
