31 1.11832
2360 3352 2966 2851
2593 2993 2870 3344
2711 2877 3308 2714
2782 3382 2403 3113
2843 3763 2846 2976
2940 3040 3117 2487
3038 2497 2975 2850
3302 2986 2448 2947
3003 3250 2706 3153
2724 3171 2870 3303
2661 2741 3024 3196
2794 3141 2841 3281
2901 2781 3032 2925
3185 2798 2659 2751
2969 3323 2629 3222
2838 2757 2985 3029
2705 2799 3012 3241
2801 3643 2834 3002
3131 3017 2502 2779
3154 2719 2897 2804
2376 3439 2978 2806
3266 2918 2619 2764
2519 3531 2893 3155
2634 2822 3055 3137
2581 3260 3135 3104
2974 3270 2734 3249
2911 3409 2592 3019
2468 3569 2799 3116
2733 2741 3287 2604
3169 2622 2908 2860
3134 3119 2424 2800
2735 2840 3264 2709
2624 3520 2843 3067
2871 3431 2513 2999
3169 2581 2909 2893
2973 3474 2550 2900
2849 3696 2813 2915
3095 3049 2486 2697
2401 3361 2946 2868
2729 3004 3103 2561
2729 3071 3084 2537
2538 3568 2728 3164
3070 2567 2966 2847
2752 3209 2846 3138
3213 3154 2417 2704
3060 3284 3069 2731
3232 3060 2454 2886
2747 3184 2911 3182
3035 2675 2964 2859
3260 2847 2641 2830
2466 3106 3157 3103
2863 3366 2534 3023
2940 2979 3122 2615
2920 3290 2585 3229
2492 3186 3154 3002
3239 2736 2674 2733
2687 2888 2976 3082
2806 3507 2769 3029
3172 3083 2463 2817
2634 2899 3223 2683
2854 3632 2782 3001
3230 2901 2598 2788
2488 3589 2789 3128
2446 3389 3022 2836
2553 3725 2857 2823
3106 3112 2435 2796
2972 3390 2560 2867
2791 3693 2895 3060
2978 3458 2533 2928
2593 2993 2870 3344
2595 3524 2934 3089
3118 2906 2924 2928
2866 3518 2635 2987
3076 2825 2947 2646
2444 3617 2726 3101
3039 3008 3099 2641
3126 2671 2883 2859
2843 3763 2846 2976
2926 3497 2517 2848
3192 2802 2719 2663
3283 2801 2580 2685
3096 2917 2922 2940
2772 3142 2918 3174
3059 2941 2939 2955
2809 2997 3164 2501
2809 2997 3164 2501
2888 2877 3089 2926
2553 3725 2857 2823
2811 2983 3185 2593
2545 3152 3222 3011
2517 3613 2715 3245
2775 2984 3142 2589
2687 2888 2976 3082
2985 3047 2903 3144
3197 2649 2895 2832
2711 2877 3308 2714
2997 3301 2719 3227
2658 2695 3065 3028
2819 2810 3120 2706
2762 3188 2888 3145
2517 3613 2715 3245
3188 2868 2590 2841
3172 3083 2463 2817
2810 3480 2675 3100
2798 2996 3146 2571
2969 3323 2629 3222
2367 3392 2957 2822
3189 3054 2478 2851
2809 2859 3192 2735
3172 2671 2736 2649
2767 2827 3213 2686
2713 2954 3250 2671
2488 3589 2789 3128
2758 2921 3222 2670
2729 2827 3259 2757
2567 3252 3142 3045
2658 2695 3065 3028
3254 3007 2621 2786
2595 3524 2934 3089
3253 3014 2431 2834
2867 3629 2744 2911
3098 2960 2813 2874
2803 2979 3076 2646
3228 2579 2902 2825
3197 2649 2895 2832
2400 3508 2945 2831
2820 3576 2763 3048
2766 2933 3197 2603
3283 2801 2580 2685
2867 3629 2744 2911
2940 2979 3122 2615
2771 2960 3209 2523
3039 3008 3099 2641
2713 2954 3250 2671
2978 3458 2533 2928
2627 3160 3239 2995
2649 3151 3091 3029
2826 3496 2757 3056
2754 2967 3083 2961
2360 3352 2966 2851
2755 2961 3198 2589
2997 3301 2719 3227
2826 3496 2757 3056
2627 3160 3239 2995
2820 3576 2763 3048
2771 2960 3209 2523
3218 2676 2727 2668
2811 2983 3185 2593
3070 2567 2966 2847
3059 2941 2939 2955
3247 3044 2438 2826
2809 2859 3192 2735
2729 2827 3259 2757
3247 3044 2438 2826
2649 3151 3091 3029
2567 3252 3142 3045
2810 3480 2675 3100
2755 3110 2877 3178
2843 3763 2846 2976
2865 2783 3087 2953
2400 3508 2945 2831
2367 3392 2957 2822
2567 3252 3142 3045
2771 2960 3209 2523
3222 3045 2483 2844
2627 3160 3239 2995
2553 3725 2857 2823
2791 3693 2895 3060
2360 3352 2966 2851
2593 2993 2870 3344
2488 3589 2789 3128
3098 2960 2813 2874
2810 3480 2675 3100
2538 3568 2728 3164
2711 2877 3308 2714
2926 3497 2517 2848
2762 3188 2888 3145
2755 3110 2877 3178
2798 2996 3146 2571
2444 3617 2726 3101
2826 3496 2757 3056
2754 2967 3083 2961
2444 3617 2726 3101
2798 2996 3146 2571
2360 3352 2966 2851
2826 3496 2757 3056
2766 2933 3197 2603
3098 2960 2813 2874
3218 2676 2727 2668
3070 2567 2966 2847
2538 3568 2728 3164
2865 2783 3087 2953
2754 2967 3083 2961
2865 2783 3087 2953
2713 2954 3250 2671
2754 2967 3083 2961
3222 3045 2483 2844
2843 3763 2846 2976
2367 3392 2957 2822
3039 3008 3099 2641
3222 3045 2483 2844
3218 2676 2727 2668
2771 2960 3209 2523
2627 3160 3239 2995
2791 3693 2895 3060
2444 3617 2726 3101
2766 2933 3197 2603
3070 2567 2966 2847
3098 2960 2813 2874
3218 2676 2727 2668
3283 2801 2580 2685
2711 2877 3308 2714
2755 3110 2877 3178
2444 3617 2726 3101
2754 2967 3083 2961
2810 3480 2675 3100
2811 2983 3185 2593
2367 3392 2957 2822
2400 3508 2945 2831
2444 3617 2726 3101
2444 3617 2726 3101
2488 3589 2789 3128
2488 3589 2789 3128
2488 3589 2789 3128
2488 3589 2789 3128
2538 3568 2728 3164
2538 3568 2728 3164
2538 3568 2728 3164
2538 3568 2728 3164
2553 3725 2857 2823
2593 2993 2870 3344
2593 2993 2870 3344
2593 2993 2870 3344
2658 2695 3065 3028
2711 2877 3308 2714
2711 2877 3308 2714
2711 2877 3308 2714
2713 2954 3250 2671
2729 2827 3259 2757
2754 2967 3083 2961
2755 3110 2877 3178
2766 2933 3197 2603
2791 3693 2895 3060
2810 3480 2675 3100
2826 3496 2757 3056
2826 3496 2757 3056
2843 3763 2846 2976
2865 2783 3087 2953
2865 2783 3087 2953
2865 2783 3087 2953
3039 3008 3099 2641
3098 2960 2813 2874
3172 3083 2463 2817
3172 3083 2463 2817
3222 3045 2483 2844
3222 3045 2483 2844
3247 3044 2438 2826
3283 2801 2580 2685
3283 2801 2580 2685
2383 3456 2897 2806
2484 2923 2865 3323
2731 2818 3251 2646
2752 3026 3103 2472
2791 3666 2809 2893
3096 2483 2910 2773
3117 2993 2393 2842
3211 2703 2522 2659
2394 3299 2960 2800
2891 3440 2524 2880
2443 3374 2956 2823
2861 2500 2939 2869
3193 2682 2596 2687
2625 3118 2746 3250
2816 3396 2650 3007
2503 3226 3027 2998
3162 3076 2432 2776
3209 3043 2467 2776
2551 3661 2841 2908
2645 2798 3234 2677
2806 3597 2730 2868
2781 3482 2675 3044
2809 2943 3173 2563
2841 2957 3063 2564
2956 2828 2760 2964
2943 3231 2660 3091
2717 2936 3146 2583
2797 2729 3008 2860
2701 2921 3164 2626
3027 2933 3015 2670
2773 2930 3177 2593
2491 3559 2673 3107
3208 2797 2632 2646
2457 3503 2760 3134
2795 2776 3188 2724
3085 2893 2828 2722
2569 2944 2793 3315
2625 2963 3188 2931
2685 2819 3170 2709
3089 2588 2902 2903
2476 3568 2699 3170
2516 3583 2863 2988
2444 3498 2777 3084
2930 2870 2870 2915
2716 2962 3045 2937
2610 3028 2825 3190
3002 2911 2815 2897
2495 3541 2691 3165
2565 3111 3168 2991
2701 3078 2887 3057
2598 2934 2801 3277
3107 2834 2865 2705
2515 3072 2819 3205
3020 2787 2878 2706
2521 2998 2790 3280
2930 2870 2870 2915
2758 2779 3179 2689
2520 3514 2762 3058
3065 2796 2868 2675
2801 3449 2662 3094
2501 3528 2701 3128
2695 2814 3060 2958
2715 2806 3058 2653
3117 2651 2896 2870
2616 2938 2742 3294
2606 3057 2850 3263
2529 3021 2770 3302
2644 2969 2745 3264
2812 3055 2754 2923
3174 2625 2768 2652
2797 2973 3169 2576
2616 3077 2811 3213
3002 2911 2815 2897
3102 2682 2848 2853
2693 3048 2784 3251
2604 2955 2702 3275
3110 2733 2868 2685
3075 2781 2916 2709
3101 2765 2906 2679
3110 2594 2902 2849
3174 2625 2768 2652
2495 3541 2691 3165
2529 3021 2770 3302
2443 3518 2781 3053
3075 2781 2916 2709
3089 2588 2902 2903
2443 3526 2823 3006
2616 3077 2811 3213
2466 3521 2768 3085
3117 2651 2896 2870
2466 3521 2768 3085
3110 2594 2902 2849
3065 2796 2868 2675
3101 2765 2906 2679
2604 2955 2702 3275
2604 2955 2702 3275
2529 3021 2770 3302
3174 2625 2768 2652
3101 2765 2906 2679
3089 2588 2902 2903
3117 2651 2896 2870
3101 2765 2906 2679
2604 2955 2702 3275
2604 2955 2702 3275
2604 2955 2702 3275
2616 3077 2811 3213
3089 2588 2902 2903
3101 2765 2906 2679
2334 3347 2903 2814
2462 2931 2791 3269
2735 3621 2675 2838
2744 2966 3127 2564
2809 2936 3105 2511
3020 2456 2879 2776
3199 2940 2314 2686
2904 3162 2627 3078
2534 3029 2998 2938
3065 3021 2454 2710
2546 2986 2762 3239
3109 2672 2719 2578
2926 2824 2803 2869
3081 2492 2848 2835
2378 3318 2929 2755
3046 2744 2828 2661
2507 3096 2690 3200
3045 2645 2826 2785
2789 3313 2508 2968
2433 3052 2742 3132
2776 3414 2640 2962
2996 2781 2826 2680
3048 2774 2778 2582
2468 3535 2644 3049
2351 3441 2858 2804
2461 3533 2814 2870
2795 2952 3115 2536
2789 3313 2508 2968
2471 3491 2750 3007
2385 3024 2747 3156
2496 3523 2655 3122
2399 3500 2781 3023
2510 3001 2754 3211
2471 3529 2642 3078
2407 3026 2744 3117
2411 3437 2823 2807
2509 3021 2817 3236
2789 3313 2508 2968
2789 3313 2508 2968
2789 3313 2508 2968
2789 3313 2508 2968
2324 3326 2880 2728
2426 3437 2623 3070
2518 2924 2759 3219
2683 3279 2441 2876
2761 2929 3036 2525
2955 2473 2834 2803
2585 2818 2622 2923
2472 3016 2782 3165
2437 2955 2813 3150
2374 3372 2817 2784
2377 3377 2810 2815
2336 3379 2805 2806
2336 3379 2805 2806
2336 3379 2805 2806
2336 3379 2805 2806
2336 3379 2805 2806
2336 3379 2805 2806
2336 3379 2805 2806
2336 3379 2805 2806
2336 3379 2805 2806
2336 3379 2805 2806
2336 3379 2805 2806
2336 3379 2805 2806
2354 3351 2692 2801
2384 3014 2773 3116
2445 2995 2619 3072
2472 2880 2640 3164
2443 2944 2666 3121
2397 3221 3154 3090
2539 3071 3348 2780
2553 3725 2857 2823
2556 3013 2840 3331
2734 3381 2370 3064
3038 2497 2975 2850
3040 3131 3030 2509
3326 2805 2587 2784
3299 2963 2498 2686
2529 3551 2847 3173
2817 2764 3135 2622
3005 2541 2946 2852
2786 2766 3255 2653
2420 3152 3166 2998
3164 2585 2923 2859
3320 2856 2526 2842
2673 3439 2429 3135
3273 2921 2595 2706
2711 2877 3308 2714
3067 2594 2908 2841
2915 2635 3102 2886
3212 3045 2569 2896
2725 3375 3087 3020
3026 3353 2610 2868
2649 3282 3109 2946
2717 3205 3204 2991
2894 3224 2699 3251
3239 2963 2660 2819
3002 2836 3066 2975
2969 3323 2629 3222
2622 3136 3347 2865
2448 3324 2960 3121
3051 2737 2848 2821
3260 2902 2636 2826
2643 3081 3267 2730
2588 3662 2859 2955
3023 2992 3094 2596
2978 3458 2533 2928
2870 3213 2739 3203
2836 3280 2578 3235
3196 2812 2762 2953
2956 3459 2449 2807
2691 3605 2773 3023
2693 3488 2478 3069
3013 3150 3033 2571
3141 2664 2917 2837
2734 3381 2370 3064
2768 3121 2715 3281
2980 3109 3042 2554
2592 3165 3280 2766
2959 3348 3036 2791
3185 2869 2728 2904
2883 3406 2561 2998
3106 2880 2969 2638
2432 3380 2956 3111
2543 3506 2829 3193
2760 3239 3189 2672
2673 3439 2429 3135
3040 3131 3030 2509
3085 2938 2992 2671
2666 3123 2788 3226
3186 2633 2878 2893
3165 3001 2804 2841
3115 2591 2927 2820
3293 2914 2649 2774
2563 3619 2881 2968
2738 3337 3098 3058
2734 2865 3296 2674
2624 3520 2843 3067
2870 3213 2739 3203
2622 3428 2472 3124
2779 3289 3038 3046
2645 3241 3152 3013
3176 2837 2840 3006
2828 3304 2673 3142
3066 2707 2911 2850
3056 2898 2912 2719
2792 2864 3238 2761
2643 3081 3267 2730
2518 3354 3003 3093
2705 2984 2817 3271
3019 3074 2982 2563
2811 2983 3185 2593
2796 2809 3244 2643
2574 3536 2794 3119
2811 3248 2754 3230
2914 3401 2598 2915
3085 2938 2992 2671
2949 3333 2549 2923
3026 3038 2923 2528
3002 3065 2971 2634
2751 3322 3053 3055
2935 3269 2662 3312
3013 3011 3090 2685
3131 2710 2887 2808
2714 3417 2480 3100
3054 2826 3051 2564
3285 2877 2680 2761
3026 3038 2923 2528
2633 3163 3285 2775
2778 3309 3050 2721
2574 3111 3216 2965
2692 3595 2836 2784
2618 3596 2857 2829
2771 3263 3135 3042
2471 3207 3153 3102
2588 3662 2859 2955
2824 2660 2861 3195
2561 3610 2790 3008
3000 3105 3105 2630
2949 3333 2549 2923
2771 3263 3135 3042
3222 2876 2780 2900
2705 2984 2817 3271
2497 3181 3123 3075
3246 2926 2688 2805
2889 3409 2682 2953
2768 3121 2715 3281
2824 2660 2861 3195
2914 3401 2598 2915
2572 3540 2771 3184
2610 3028 2828 3255
2715 3076 2842 3248
2575 3425 2949 3130
2979 3391 2452 2854
2518 3354 3003 3093
2891 3197 2750 3179
2497 3181 3123 3075
3108 2849 2941 2661
3108 2849 2941 2661
2486 3447 2892 3107
2510 3311 2967 3106
3246 2926 2688 2805
2486 3447 2892 3107
2574 3111 3216 2965
3141 2664 2917 2837
2563 3619 2881 2968
2811 2983 3185 2593
2602 3412 2991 3099
3222 2876 2780 2900
2751 3322 3053 3055
2980 3109 3042 2554
2828 3304 2673 3142
2836 3280 2578 3235
2930 3284 2646 3230
2935 3269 2662 3312
2930 3284 2646 3230
3186 2633 2878 2893
2495 3355 2948 3190
3000 3105 3105 2630
2471 3207 3153 3102
2974 3270 2734 3249
2609 3012 2854 3188
2811 2983 3185 2593
2828 3304 2673 3142
3131 2710 2887 2808
2610 3028 2828 3255
2573 3604 2879 2925
2497 3181 3123 3075
3294 2858 2472 2766
2734 3381 2370 3064
2610 3028 2828 3255
2633 3163 3285 2775
3246 2926 2688 2805
2700 3380 2451 3130
2495 3355 2948 3190
2935 3269 2662 3312
2935 3269 2662 3312
3285 2877 2680 2761
2602 3412 2991 3099
3141 2664 2917 2837
2497 3181 3123 3075
2510 3311 2967 3106
2605 3547 2851 3072
2605 3547 2851 3072
3285 2877 2680 2761
2974 3270 2734 3249
2572 3540 2771 3184
2796 2809 3244 2643
2588 3662 2859 2955
2768 3121 2715 3281
3131 2710 2887 2808
3040 3131 3030 2509
2979 3391 2452 2854
2891 3197 2750 3179
2700 3380 2451 3130
2486 3447 2892 3107
2692 3595 2836 2784
3040 3131 3030 2509
2979 3391 2452 2854
3285 2877 2680 2761
2891 3197 2750 3179
2836 3280 2578 3235
2510 3311 2967 3106
3000 3105 3105 2630
3131 2710 2887 2808
3108 2849 2941 2661
2575 3425 2949 3130
2734 3381 2370 3064
2692 3595 2836 2784
3294 2858 2472 2766
2796 2809 3244 2643
2588 3662 2859 2955
2486 3447 2892 3107
2539 3071 3348 2780
2891 3197 2750 3179
2539 3071 3348 2780
3108 2849 2941 2661
2935 3269 2662 3312
3222 2876 2780 2900
2575 3425 2949 3130
3066 2707 2911 2850
2539 3071 3348 2780
2828 3304 2673 3142
2692 3595 2836 2784
2605 3547 2851 3072
2734 3381 2370 3064
3000 3105 3105 2630
3066 2707 2911 2850
2824 2660 2861 3195
3066 2707 2911 2850
3000 3105 3105 2630
2588 3662 2859 2955
2588 3662 2859 2955
2692 3595 2836 2784
2486 3447 2892 3107
3085 2938 2992 2671
2574 3111 3216 2965
2914 3401 2598 2915
2734 3381 2370 3064
2510 3311 2967 3106
2539 3071 3348 2780
2563 3619 2881 2968
2574 3111 3216 2965
2575 3425 2949 3130
2588 3662 2859 2955
2588 3662 2859 2955
2610 3028 2828 3255
2692 3595 2836 2784
2692 3595 2836 2784
2692 3595 2836 2784
2734 3381 2370 3064
2734 3381 2370 3064
2734 3381 2370 3064
2734 3381 2370 3064
2734 3381 2370 3064
2734 3381 2370 3064
2734 3381 2370 3064
2734 3381 2370 3064
2734 3381 2370 3064
2768 3121 2715 3281
2768 3121 2715 3281
2768 3121 2715 3281
2768 3121 2715 3281
2768 3121 2715 3281
2768 3121 2715 3281
2768 3121 2715 3281
2811 2983 3185 2593
2811 2983 3185 2593
2811 2983 3185 2593
2811 2983 3185 2593
2824 2660 2861 3195
2836 3280 2578 3235
2891 3197 2750 3179
2891 3197 2750 3179
2914 3401 2598 2915
2935 3269 2662 3312
2949 3333 2549 2923
2974 3270 2734 3249
2979 3391 2452 2854
3000 3105 3105 2630
3026 3038 2923 2528
3026 3038 2923 2528
3040 3131 3030 2509
3066 2707 2911 2850
3066 2707 2911 2850
3066 2707 2911 2850
3108 2849 2941 2661
3131 2710 2887 2808
3141 2664 2917 2837
3222 2876 2780 2900
3246 2926 2688 2805
3285 2877 2680 2761
2369 3458 2872 2899
2504 3614 2678 2953
2560 3067 3305 2789
2685 3343 2401 3048
2870 3191 2653 3261
2991 3016 2902 2401
3094 2533 2795 2963
3216 2818 2702 2748
2798 2798 3043 2673
2721 2816 3183 2614
3038 2752 2765 2897
2434 3525 2799 2999
2998 2627 2771 2897
2754 2983 3091 2550
3178 2837 2712 2861
2493 3523 2864 2728
2743 2956 3153 2640
2632 3060 3240 2742
2956 3350 2522 2893
3027 3042 2892 2504
2949 3071 2997 2477
2880 3326 2553 2920
2389 3423 2867 2874
3124 2615 2843 2821
2853 3249 2611 3245
2993 2870 2921 2570
2494 3096 3277 2768
2901 3238 2698 3210
3082 2908 2850 2528
2875 3262 2671 3130
2848 3191 2721 3215
2613 3400 2418 3070
2790 3178 2887 2739
2684 3329 2427 3029
2575 3245 2996 2933
3108 2563 2815 2848
2735 3311 2408 3060
2926 3120 2953 2462
2560 3379 2940 3077
2650 3050 2805 3244
2507 3577 2796 2913
2623 3095 3083 3004
2887 3184 2634 3248
3048 2903 2860 2635
2915 3237 2664 3144
2381 3472 2872 2890
2893 3389 2465 2845
2973 3193 2662 2969
2523 3516 2821 3157
2926 3182 2917 2424
2893 3389 2465 2845
2524 3163 3113 2947
2516 3437 2824 3066
2964 3082 2850 2462
2551 3583 2742 2966
2700 2598 2836 3136
2616 3381 2438 3057
2930 3189 2725 3237
2557 3482 2727 3097
2697 3318 2412 3030
3142 2796 2725 2980
3056 2609 2734 2953
3055 2579 2792 2947
2574 3215 3056 2982
2553 3481 2672 3105
2556 3149 3138 2983
2870 3191 2653 3261
2952 3109 2967 2525
2566 3503 2834 3048
2746 2851 3134 2759
2989 3147 2978 2444
2558 3336 2983 3050
3142 2796 2725 2980
2506 3054 3151 2900
2540 3181 3085 2953
2622 3180 3109 3003
3090 2858 2925 2626
3094 2533 2795 2963
2685 3343 2401 3048
2574 3215 3056 2982
2989 3147 2978 2444
2523 3516 2821 3157
2952 3109 2967 2525
2989 3147 2978 2444
3101 2593 2810 2918
3054 2608 2832 2946
2617 3481 2824 2961
2551 3583 2742 2966
3090 2858 2925 2626
2746 2851 3134 2759
3142 2796 2725 2980
2746 2851 3134 2759
3090 2858 2925 2626
3101 2593 2810 2918
3054 2608 2832 2946
3054 2608 2832 2946
3101 2593 2810 2918
3094 2533 2795 2963
3090 2858 2925 2626
3101 2593 2810 2918
2574 3215 3056 2982
2574 3215 3056 2982
2685 3343 2401 3048
2989 3147 2978 2444
2989 3147 2978 2444
3101 2593 2810 2918
3142 2796 2725 2980
2436 3086 3120 2982
2512 3054 3280 2736
2597 3418 2509 2945
2615 2528 2740 3063
2722 3004 2701 3229
2732 3286 2377 3007
2943 3048 2927 2397
3065 2543 2781 2905
2744 2751 3130 2613
2712 2948 3135 2517
2476 3409 2677 3089
2865 3169 2666 3190
2985 2568 2724 2855
2827 3224 2611 3226
2995 2855 2903 2624
2947 3285 2502 2793
2896 3201 2519 2838
2548 2933 3108 2659
2551 3104 3101 2998
2820 3181 2664 2973
2897 3049 2901 2438
2594 2886 3040 2630
2974 2565 2802 2777
2620 3063 2693 3229
2940 3062 2868 2407
2947 3005 2833 2492
2531 3263 2840 2973
2594 2886 3040 2630
2943 3048 2927 2397
2533 3176 3061 2999
2533 3176 3061 2999
2594 2886 3040 2630
2594 2886 3040 2630
2349 3251 2747 2860
2450 3392 2613 2967
2550 2888 3056 2647
2674 3226 2297 2971
2911 2917 2883 2387
2966 2491 2709 2820
2511 3136 2999 2897
2431 2852 3002 2602
2431 2852 3002 2602
2431 2852 3002 2602
2431 2852 3002 2602
2431 2852 3002 2602
2431 2852 3002 2602
2352 3372 3016 2807
2553 3725 2857 2823
2577 3056 2958 3325
2711 2877 3308 2714
3040 3131 3030 2509
3043 2497 2910 3001
3072 3086 2362 2823
3283 2801 2580 2685
2941 3043 2687 3098
2729 2827 3259 2757
2420 3270 2984 3143
2927 3425 2615 2951
3000 3217 2955 2583
3046 2967 2413 2974
2577 3647 2730 3079
2631 3459 2843 2864
2971 3214 2590 3305
2397 3407 2966 2820
3162 3123 2523 2766
2766 2755 3160 3031
2682 2956 2854 3176
3121 3067 2402 2841
2883 3333 2651 3243
2602 3603 2801 3070
2628 3525 2765 3008
2747 2881 3199 2790
2586 3619 2785 3121
2974 2525 2916 2986
3184 2980 2517 2767
2985 3175 3005 2621
2825 2692 3118 2926
2494 3158 3204 2978
3030 3154 3010 2560
2543 3637 2758 3133
3007 3251 2900 2523
3171 3028 2542 2921
3242 2933 2711 2936
3283 2801 2580 2685
2693 2834 3281 2784
3267 2899 2626 2743
2528 3263 3064 3019
2451 3657 2717 3072
3043 3167 2973 2648
3209 3043 2467 2776
3146 2641 2935 2808
3065 2586 3001 2950
2512 3674 2811 3067
2732 3139 3186 2810
2987 3065 2440 2876
2643 3485 2797 3026
2590 3538 2894 3051
2401 3491 2960 2905
2935 3269 2662 3312
2894 3168 3129 2781
2871 2712 3076 2888
2441 3229 2986 3058
2480 3401 2895 3063
2923 2738 3046 2897
3174 2878 2887 2855
3027 3191 3024 2542
3135 2938 2595 2738
2909 3351 3117 2701
3070 2765 2926 2885
2621 3244 3174 3056
3247 2868 2895 2902
2786 3129 2823 3197
2714 3098 2845 3229
2866 3383 2741 2951
3094 3037 2629 2912
2818 2590 3099 2965
2690 2942 3241 2670
3236 2928 2832 2775
3032 3056 2492 2792
2666 3339 2943 2712
2985 3175 3005 2621
2354 3391 2981 2834
2841 2675 3094 2924
3060 2594 2999 2892
2532 3697 2755 3067
3142 2994 2445 2948
2617 3194 2990 3252
2561 3500 2865 3064
2980 3298 2676 3213
3177 3076 2489 2832
3164 2891 2808 2805
2981 3209 2980 2544
2784 2772 3166 3026
2604 3368 2913 3044
2816 3231 3088 2752
2665 3100 2948 3186
3079 3059 2958 2581
2556 3637 2835 3119
2675 2946 3305 2714
2917 3287 2632 3289
2796 3217 2718 2956
2810 3327 3097 2736
2695 3134 2787 3185
3099 3163 2875 2543
2518 3640 2817 3159
2492 3363 3000 2815
3270 2889 2756 2725
2876 2658 3087 2915
3072 3074 2381 2895
3189 3059 2463 2779
2667 3003 2848 3227
2848 3204 3180 2721
2868 2720 3085 3004
3072 3086 2362 2823
3149 2779 2772 2955
2974 2525 2916 2986
3233 2872 2772 2814
2792 2731 3128 2924
3247 2910 2839 2779
3111 2589 2910 2867
3127 2966 2562 2918
2693 2834 3281 2784
2556 3673 2794 3048
2906 2717 3064 2985
2880 3289 2697 3275
3040 3131 3030 2509
2935 2612 2864 2922
3016 3201 3028 2523
2909 3351 3117 2701
3131 2929 2821 2733
3014 3149 3068 2651
2770 3156 3222 2759
2770 3156 3222 2759
3225 3015 2578 2746
2860 2742 3057 2994
2532 3697 2755 3067
2859 3303 3002 2758
2917 3287 2632 3289
2638 3029 2963 3216
2615 3571 2865 3047
2801 3078 3237 2787
2615 3571 2865 3047
3187 3012 2475 2872
3039 2995 2471 2948
3225 3015 2578 2746
3127 2966 2562 2918
2673 2941 2847 3245
3186 3093 2458 2794
2612 2986 2892 3259
2849 3312 3143 2737
3042 2599 3018 2886
2860 2742 3057 2994
2711 2877 3308 2714
2568 3631 2825 3060
2907 3075 3157 2746
3079 3153 2932 2535
2665 3100 2948 3186
2849 3312 3143 2737
2568 3631 2825 3060
2827 2653 2914 3066
3083 3014 2384 2961
2459 3404 2958 2806
2789 3003 3238 2725
2628 3555 2888 2964
3110 3156 2407 2742
2864 3021 3183 2663
2836 3294 3167 2653
2980 3298 2676 3213
2907 3329 2660 3265
2650 3066 2875 3296
2354 3391 2981 2834
3185 2871 2842 2656
2612 2986 2892 3259
2518 3640 2817 3159
2864 3021 3183 2663
2650 3066 2875 3296
2628 3555 2888 2964
3014 2598 2987 2887
3149 2779 2772 2955
2880 3289 2697 3275
2842 3412 2693 2876
3247 2910 2839 2779
3079 3153 2932 2535
2836 3294 3167 2653
3185 3048 2451 2898
2690 2942 3241 2670
2650 3066 2875 3296
2577 3056 2958 3325
3083 3014 2384 2961
2638 3029 2963 3216
2907 3329 2660 3265
2935 2612 2864 2922
3185 3048 2451 2898
2801 3078 3237 2787
2459 3404 2958 2806
2849 3312 3143 2737
3186 3093 2458 2794
3083 3014 2384 2961
2675 2933 3240 2833
2842 3412 2693 2876
3110 3156 2407 2742
2842 3412 2693 2876
2518 3640 2817 3159
3187 3012 2475 2872
2880 3289 2697 3275
3016 3201 3028 2523
2827 2653 2914 3066
3065 2586 3001 2950
2354 3391 2981 2834
2917 3287 2632 3289
2711 2877 3308 2714
2695 3134 2787 3185
3072 3086 2362 2823
2935 2612 2864 2922
2518 3640 2817 3159
2675 2946 3305 2714
3040 3131 3030 2509
2615 3571 2865 3047
2459 3404 2958 2806
2842 3412 2693 2876
2842 3412 2693 2876
2907 3329 2660 3265
3187 3012 2475 2872
2801 3078 3237 2787
2801 3078 3237 2787
3127 2966 2562 2918
3040 3131 3030 2509
3247 2910 2839 2779
3065 2586 3001 2950
3186 3093 2458 2794
3247 2910 2839 2779
2849 3312 3143 2737
2354 3391 2981 2834
2917 3287 2632 3289
3110 3156 2407 2742
2974 2525 2916 2986
3065 2586 3001 2950
3185 3048 2451 2898
2860 2742 3057 2994
3185 3048 2451 2898
3187 3012 2475 2872
2532 3697 2755 3067
2354 3391 2981 2834
2518 3640 2817 3159
2518 3640 2817 3159
2568 3631 2825 3060
2568 3631 2825 3060
2615 3571 2865 3047
2638 3029 2963 3216
2638 3029 2963 3216
2638 3029 2963 3216
2675 2946 3305 2714
2693 2834 3281 2784
2711 2877 3308 2714
2801 3078 3237 2787
2842 3412 2693 2876
2842 3412 2693 2876
2842 3412 2693 2876
2849 3312 3143 2737
2864 3021 3183 2663
2907 3329 2660 3265
2935 2612 2864 2922
2974 2525 2916 2986
3065 2586 3001 2950
3065 2586 3001 2950
3072 3086 2362 2823
3083 3014 2384 2961
3083 3014 2384 2961
3083 3014 2384 2961
3127 2966 2562 2918
3149 2779 2772 2955
3186 3093 2458 2794
3186 3093 2458 2794
3186 3093 2458 2794
3186 3093 2458 2794
3225 3015 2578 2746
3283 2801 2580 2685
3283 2801 2580 2685
3283 2801 2580 2685
2396 3373 2909 2792
2492 3612 2790 3103
2596 3067 2821 3233
2634 2852 3260 2685
2972 3223 2870 2453
3038 2497 2975 2850
3047 3112 2393 2719
3250 2877 2519 2676
2873 2683 3047 2976
3233 2769 2658 2764
3158 2771 2551 2884
2955 2578 2916 2943
2834 3347 2714 2900
2946 3137 3000 2560
2641 2972 2851 3215
2834 3188 2582 3145
2457 3262 2899 3022
2763 3373 2580 2857
3195 2818 2754 2740
2841 3125 3138 2669
2622 3465 2847 2815
2568 3599 2805 2983
2656 3119 2820 3133
2514 3575 2627 3094
3174 2904 2652 2736
2844 3295 2632 2964
2987 2544 2862 2924
2530 3592 2825 3063
2807 3312 3001 2632
3211 2792 2764 2854
2781 3197 3052 2611
3115 3081 2439 2690
2716 3035 2758 3143
2477 3517 2831 3092
2731 3076 3176 2761
2482 3539 2841 3012
2800 3032 3220 2783
2607 3558 2834 3042
3090 2930 2516 2859
3083 2987 2497 2807
2771 3046 3229 2776
2721 3065 3185 2809
2425 3210 2936 3017
3082 3057 2418 2694
2949 3034 3021 2506
2765 3049 2776 3126
3071 3023 2460 2897
2500 3229 3080 3016
3014 2557 2990 2912
2828 3125 3148 2710
3105 2998 2510 2674
3027 3021 2924 2531
2622 3465 2847 2815
2500 3229 3080 3016
2859 3221 3002 2695
2593 3301 2876 3021
3018 3135 2922 2482
3040 3013 2470 2859
2428 3298 2910 3030
3190 2877 2785 2775
3089 2982 2463 2861
2992 3089 2853 2555
2994 3068 2962 2599
3002 3076 2828 2520
2989 3091 2943 2526
3051 2562 2912 2921
2819 3226 3032 2696
3049 3109 2448 2693
2792 3195 2914 2702
3037 3166 2954 2480
3049 2567 2951 2909
3029 3084 2841 2509
3186 3004 2461 2699
2994 3068 2962 2599
2971 2973 3036 2629
2542 3598 2799 3088
3037 3166 2954 2480
2612 3189 3167 3038
2542 3598 2799 3088
2542 3598 2799 3088
2971 2973 3036 2629
2596 3067 2821 3233
2612 3189 3167 3038
3037 3166 2954 2480
2593 3301 2876 3021
2500 3229 3080 3016
2612 3189 3167 3038
2994 3068 2962 2599
2596 3067 2821 3233
2612 3189 3167 3038
2971 2973 3036 2629
2542 3598 2799 3088
2971 2973 3036 2629
2994 3068 2962 2599
2994 3068 2962 2599
2500 3229 3080 3016
2593 3301 2876 3021
2612 3189 3167 3038
2971 2973 3036 2629
2971 2973 3036 2629
2971 2973 3036 2629
2411 3053 3088 2928
2527 3597 2754 2993
2536 2961 2788 3206
2758 2921 3222 2670
2879 2470 2795 2883
3017 3013 2416 2818
3027 2997 2856 2447
3180 2786 2760 2787
3120 2768 2714 2844
2791 3235 2568 2915
2847 2577 2864 2862
2777 3075 3124 2642
2507 3541 2743 3080
2923 3060 2947 2530
2774 3344 2548 2850
2602 2913 3026 2734
3010 3014 2447 2808
2667 2842 3174 2768
2512 3524 2805 3018
2587 2952 2822 3188
2574 3436 2771 3041
2950 2522 2882 2878
2755 3345 2618 2873
2670 2904 3190 2725
3003 2479 2903 2873
2934 3137 2940 2487
2917 3090 2929 2523
2610 3026 2795 3104
2855 2541 2809 2907
2510 3027 2782 3157
2627 2893 3206 2772
3128 2782 2722 2809
2574 3436 2771 3041
2650 2824 3201 2751
2755 3345 2618 2873
2644 2969 3219 2687
2944 3127 2897 2462
2892 3112 2940 2493
2731 2901 3197 2731
2943 3033 2938 2498
2536 2961 2788 3206
2731 2901 3197 2731
2644 2969 3219 2687
2574 3436 2771 3041
2598 2848 3192 2759
2823 2492 2839 2854
2916 3085 2918 2495
2922 3084 2903 2463
3070 2745 2601 2613
2720 2795 3118 2693
2686 2852 3149 2707
2687 2817 3151 2678
2633 2841 3171 2722
2650 2847 3159 2722
2698 2844 3120 2696
2639 2837 3139 2692
2639 2837 3139 2692
2651 2822 3118 2700
2670 2836 3104 2682
2639 2837 3139 2692
2639 2837 3139 2692
2639 2837 3139 2692
2352 3372 3016 2807
2613 3740 2824 2825
2687 2976 3348 2670
2935 3269 2662 3312
2941 3225 2933 2425
3025 2468 2937 2925
3244 2975 2455 2752
3352 2891 2652 2837
2535 3404 2959 3080
2488 3589 2789 3128
2880 3340 2556 2969
3030 3138 3058 2595
2837 3423 2676 3056
3030 2602 2900 2891
2369 3475 2949 2845
2419 3624 2781 3165
2670 2711 3026 3203
2746 3260 3114 2687
3322 2946 2682 2796
2971 3214 2590 3305
2549 3502 2923 3242
2937 3014 3199 2467
2509 3323 2990 3087
2917 2734 2935 3011
3041 2564 2916 2908
3052 3090 2906 2643
3077 2865 2882 2938
2891 2764 2844 3164
2809 2875 3186 2622
2824 2660 2861 3195
3019 3221 3018 2473
2902 3306 2689 3285
2987 3155 3132 2645
2895 2959 3167 2594
2593 3529 2917 3101
2708 3252 2990 2778
2933 3178 3199 2532
3256 2845 2750 2855
2735 3672 2876 3045
2871 3431 2513 2999
2757 3194 3157 2654
2741 2969 3252 2722
2764 2953 3271 2733
2653 3276 3150 3007
2568 3022 2871 3233
2574 3432 2953 3060
2428 3277 2979 3126
2466 3106 3157 3103
3303 2888 2697 2787
2548 3116 3266 3022
2580 3442 2860 3105
3125 2846 2794 2904
2807 3513 2727 3116
2774 2936 3212 2597
2988 2535 2931 2872
3263 3114 2482 2744
2732 2812 3011 3209
2812 3311 3008 2633
2968 2899 2740 2982
3147 3042 2623 2937
2788 2879 3210 2703
2823 3467 2614 3093
2780 3633 2803 3046
3225 3076 2529 2730
2771 3645 2832 3095
3171 2906 2847 2868
2951 3261 2610 3134
2407 3273 3002 3008
2698 3701 2816 2840
2458 3220 3013 3026
2738 2862 3050 3178
3109 3040 2693 2825
2928 3177 2907 2552
2694 3394 3045 2764
3152 3143 2575 2839
2723 2938 3303 2774
2817 2686 2874 3129
3119 3126 2502 2858
3244 2975 2455 2752
2918 3281 2537 3187
2568 3476 2776 3144
2967 3191 2978 2508
2905 3233 2995 2467
2613 3740 2824 2825
3205 2926 2775 2954
3044 2497 2897 2857
2612 3659 2877 2910
2560 3379 2922 3086
3001 2484 3013 2896
3135 2897 2841 2889
3185 3018 2497 2834
2723 2938 3303 2774
3352 2891 2652 2837
3257 2875 2700 2795
2945 3168 2691 3237
3160 2911 2809 2853
2746 2926 3209 2760
2663 3043 2771 3261
2943 2640 2870 3143
3042 2527 2940 2846
2755 2963 3230 2702
3209 2966 2476 2862
2613 3740 2824 2825
2677 2877 3333 2695
2537 3550 2837 3083
3266 2829 2716 2799
2740 3001 3316 2719
2659 2888 3323 2781
2480 3211 3176 2994
2661 3218 3119 3113
3214 2894 2738 2852
3096 3135 2650 2853
3306 2867 2657 2846
2870 3336 2534 3048
2736 3297 3127 2674
2537 3550 2837 3083
3266 2829 2716 2799
3093 3141 2573 2874
2663 3043 2771 3261
2698 3701 2816 2840
3009 3320 2548 3152
3040 3131 3030 2509
2613 3285 2869 3294
2802 2676 2866 3163
3081 2907 2827 2953
2480 3211 3176 2994
2928 3177 2907 2552
3168 3050 2566 2883
2740 3001 3316 2719
3104 2791 2881 3023
2562 3534 2838 3143
2732 2812 3011 3209
3009 3320 2548 3152
2447 3660 2828 3136
3001 2489 2935 2884
3232 3004 2534 2798
2927 3274 2631 3143
3104 2791 2881 3023
2742 3286 3021 2751
2967 3191 2978 2508
2800 3237 3141 2749
3040 3131 3030 2509
2749 3468 2635 3138
3096 3082 2674 2831
3045 2509 2928 2837
2928 3007 3191 2541
2928 3007 3191 2541
2407 3273 3002 3008
3120 3085 2602 2812
3222 2931 2727 2881
2870 3336 2534 3048
2755 2963 3230 2702
2967 3191 2978 2508
3168 3050 2566 2883
3182 2931 2768 2875
3108 3042 2809 2784
2677 2877 3333 2695
2736 3297 3127 2674
3194 3066 2531 2831
3081 2959 2697 2912
2802 2676 2866 3163
2943 2640 2870 3143
2694 3394 3045 2764
3014 2476 2932 2851
3266 2829 2716 2799
2660 2973 2791 3130
3182 2931 2768 2875
3194 3066 2531 2831
3120 3085 2602 2812
2580 3442 2860 3105
2895 2959 3167 2594
2653 3276 3150 3007
2935 3269 2662 3312
3266 2829 2716 2799
3045 2509 2928 2837
2764 2953 3271 2733
3081 2959 2697 2912
3194 3066 2531 2831
2903 3281 2724 3174
2935 3269 2662 3312
2480 3211 3176 2994
2749 3468 2635 3138
3209 2966 2476 2862
3014 2476 2932 2851
2723 2938 3303 2774
2447 3660 2828 3136
2800 3237 3141 2749
2935 3269 2662 3312
3120 3085 2602 2812
2746 3260 3114 2687
3306 2867 2657 2846
2800 3237 3141 2749
2800 3237 3141 2749
3040 3131 3030 2509
2774 2936 3212 2597
2746 3260 3114 2687
2903 3281 2724 3174
2870 3336 2534 3048
3187 3072 2481 2763
3187 3072 2481 2763
2677 2877 3333 2695
2764 2953 3271 2733
2895 2959 3167 2594
3187 3072 2481 2763
2755 2963 3230 2702
2698 3701 2816 2840
2749 3468 2635 3138
2746 3260 3114 2687
2447 3660 2828 3136
2903 3281 2724 3174
3009 3320 2548 3152
3187 3072 2481 2763
2903 3281 2724 3174
2903 3281 2724 3174
2698 3701 2816 2840
3104 2791 2881 3023
3209 2966 2476 2862
2774 2936 3212 2597
3182 2931 2768 2875
3182 2931 2768 2875
2740 3001 3316 2719
3303 2888 2697 2787
2447 3660 2828 3136
3045 2509 2928 2837
3182 2931 2768 2875
3182 2931 2768 2875
3303 2888 2697 2787
3120 3085 2602 2812
2447 3660 2828 3136
3014 2476 2932 2851
2928 3177 2907 2552
2698 3701 2816 2840
2755 2963 3230 2702
3244 2975 2455 2752
2870 3336 2534 3048
2928 3177 2907 2552
3120 3085 2602 2812
2746 3260 3114 2687
2447 3660 2828 3136
2613 3740 2824 2825
2613 3740 2824 2825
2613 3740 2824 2825
2613 3740 2824 2825
2613 3740 2824 2825
2613 3740 2824 2825
2613 3740 2824 2825
2613 3740 2824 2825
2653 3276 3150 3007
2694 3394 3045 2764
2698 3701 2816 2840
2698 3701 2816 2840
2698 3701 2816 2840
2736 3297 3127 2674
2740 3001 3316 2719
2746 3260 3114 2687
2746 3260 3114 2687
2746 3260 3114 2687
2764 2953 3271 2733
2764 2953 3271 2733
2764 2953 3271 2733
2800 3237 3141 2749
2895 2959 3167 2594
2928 3177 2907 2552
2935 3269 2662 3312
2935 3269 2662 3312
2967 3191 2978 2508
2967 3191 2978 2508
2967 3191 2978 2508
3009 3320 2548 3152
3014 2476 2932 2851
3040 3131 3030 2509
3040 3131 3030 2509
3045 2509 2928 2837
3081 2959 2697 2912
3081 2959 2697 2912
3081 2959 2697 2912
3104 2791 2881 3023
3104 2791 2881 3023
3120 3085 2602 2812
3120 3085 2602 2812
3168 3050 2566 2883
3168 3050 2566 2883
3182 2931 2768 2875
3182 2931 2768 2875
3182 2931 2768 2875
3187 3072 2481 2763
3187 3072 2481 2763
3194 3066 2531 2831
3244 2975 2455 2752
3266 2829 2716 2799
3266 2829 2716 2799
2326 3637 2662 2972
2588 3735 2761 2693
2607 3040 2689 3286
2706 2761 3253 2628
2984 2506 2905 2855
2989 3147 2978 2444
3196 2974 2418 2754
3350 2883 2610 2722
2848 2722 2823 3133
2767 3182 3107 2686
3061 2923 2570 2882
2841 3179 2672 3202
2895 3284 2498 3007
2758 3608 2805 2925
2509 3504 2850 3094
2851 2945 3164 2516
2934 3219 2548 3106
2786 3389 2712 3081
3265 2815 2697 2780
2966 3101 3019 2575
2326 3637 2662 2972
2856 3304 2619 3195
2631 3140 3077 2999
2394 3615 2743 3038
3020 3000 2808 2477
3177 2950 2465 2802
3144 2873 2741 2851
3281 2920 2588 2698
2413 3197 3038 2947
2634 2997 2763 3259
2498 3489 2866 3189
3101 2763 2871 2978
2538 3427 2773 3098
2868 3165 3004 2491
2962 3114 2997 2542
2785 3159 2978 2649
2515 3251 2919 2980
2926 3175 2602 3153
2675 3201 3068 2561
2572 3716 2776 2772
2788 3208 2976 2550
2427 3297 2962 3030
2696 2831 3218 2692
2721 3613 2755 3070
2754 2771 2805 3071
2661 2883 3208 2758
2604 3709 2811 2819
2565 3404 2902 3047
2634 3661 2762 2736
3120 3017 2560 2921
2508 3484 2868 3084
2602 3260 3049 2847
2509 3210 2959 3014
2462 3257 2909 3013
2645 2914 3203 2724
2989 3147 2978 2444
2905 2963 3189 2515
3013 3053 2627 2831
3200 2918 2442 2865
3013 3053 2627 2831
3232 2979 2429 2729
2530 3412 2823 3149
2444 3619 2819 3013
2689 3279 3007 2742
2612 3224 3029 2801
3246 2942 2443 2792
3184 2931 2568 2702
2951 3237 2568 3075
2612 2991 2820 3281
2516 3492 2856 3106
2702 2859 3196 2713
3120 3017 2560 2921
2910 3077 3195 2514
3213 2926 2445 2823
3214 2841 2604 2755
2980 3112 3047 2548
2550 3612 2823 2768
2701 2763 2915 3050
2686 3399 2590 3081
2910 3077 3195 2514
2711 3232 3041 2688
3224 3099 2457 2740
3224 3099 2457 2740
3245 3023 2426 2714
3245 3023 2426 2714
3245 3023 2426 2714
3245 3023 2426 2714
3245 3023 2426 2714
2989 3147 2978 2444
3120 3017 2560 2921
3245 3023 2426 2714
3245 3023 2426 2714
2359 3183 2929 3024
2556 3687 2745 2696
2598 2940 2796 3271
2678 3144 3014 2548
2919 3018 2954 2416
2935 2525 2840 2849
3142 3051 2411 2715
3260 2855 2577 2679
2950 3010 2844 2532
2783 3342 2619 2898
3114 3011 2515 2877
2712 2659 2746 3115
3176 3031 2448 2724
2541 3591 2759 2814
2840 2564 2801 3060
2814 2682 2822 2994
2761 3267 2443 2963
2740 2975 3008 2557
2416 3539 2697 2976
2861 3041 2505 2872
2475 3279 2891 3030
2915 3066 2980 2552
2668 3442 2581 2981
2750 3011 2666 3201
2646 3198 2990 2705
2716 3417 2702 3002
2568 2990 2814 3186
2544 3300 2882 3041
2598 2940 2796 3271
2821 3156 2645 3196
2726 3552 2734 2885
2579 3629 2740 2754
2597 3668 2779 2740
2407 3584 2738 2987
2654 3151 2905 2699
2584 3644 2793 2751
2584 3644 2793 2751
2598 2940 2796 3271
2598 2940 2796 3271
2366 3549 2669 2917
2575 3173 2918 2642
2771 3184 2361 2860
2806 3119 2587 3146
2840 2538 2683 2896
3176 3019 2444 2686
2510 2837 2775 3122
2644 3470 2715 2806
3163 2975 2380 2689
2776 2663 2702 2986
2440 2882 2773 3137
2572 3513 2701 2751
3080 2883 2406 2664
3139 2995 2444 2576
2461 3660 2833 2841
2554 3735 2869 2831
2587 3048 2790 3338
2672 2996 3341 2675
2807 3432 2404 3115
3038 2497 2975 2850
3040 3131 3030 2509
3335 2979 2679 2789
2927 3339 2762 2631
3040 3131 3030 2509
2779 3345 2411 3172
2504 3317 3003 3125
3295 2999 2845 2933
3056 2575 2968 2869
2705 2925 3305 2770
2817 2672 2877 3149
3210 2942 2862 2993
2944 3479 2478 2966
2568 3681 2823 2834
2935 3269 2662 3312
2991 3150 2717 3053
2645 3201 2896 3238
2853 3469 2626 3071
2901 2703 3064 2909
2971 3214 2590 3305
2738 3279 2918 3193
3321 2852 2684 2803
2778 3019 3218 2749
2859 2759 3055 2893
3311 2904 2751 2729
2538 3506 2905 3142
3096 2619 3012 2805
2737 2994 3290 2698
2747 3301 2793 3202
2689 2761 3026 3213
2943 2724 3101 2898
3128 3125 2457 2874
2583 3535 2855 3182
2761 3444 2549 3074
2559 3578 2744 3087
2548 3116 3266 3022
2871 3380 2634 3024
2524 3560 2839 3140
2834 2821 3011 2948
3015 2521 2945 2935
2885 3388 2576 2923
2954 3494 2524 2955
2593 3659 2816 2849
2808 2808 3196 2685
2907 2696 3091 2943
2960 2695 2986 2902
3073 3062 2812 2794
3081 3063 2537 2945
2479 3443 3039 2873
3209 3043 2467 2776
2508 3575 2603 3119
2791 2861 3230 2679
2783 2838 3250 2657
2554 3735 2869 2831
2807 3432 2404 3115
2794 2791 2892 3064
2734 3254 2860 3227
2796 3273 3155 2638
2887 2810 2989 2951
2465 3121 3115 3060
2885 3109 3164 2708
3015 2521 2945 2935
2477 3603 2914 2825
2658 3042 2816 3252
3149 2868 2854 3032
2731 3426 2619 3166
3298 2890 2669 2835
2666 3619 2883 2927
3003 2639 2963 2934
3016 3110 2749 3028
2760 3239 3189 2672
2783 2838 3250 2657
2611 3571 2807 3017
2980 3183 3098 2784
3113 2965 2863 2990
2756 2808 2975 3141
2786 3004 2786 3279
2729 3275 2832 3220
2636 3088 3283 3017
3111 2589 2910 2867
2607 3549 2913 2827
3003 2639 2963 2934
3192 2955 2801 3002
3137 2980 2884 2876
2861 3387 2567 2931
2689 2997 3329 2724
2636 3088 3283 3017
2626 3167 3227 3045
2565 3543 2816 3056
3011 3126 2766 3000
2939 2717 2949 2920
2694 2931 3229 2775
3116 3017 2844 2860
2692 3007 3116 2926
3303 2888 2697 2787
2828 2781 3138 2901
3095 2768 2966 2912
2689 2997 3329 2724
2767 3265 3155 2757
2510 3599 2900 2825
2767 3265 3155 2757
3162 3033 2695 2851
3111 2589 2910 2867
2610 3182 3211 2993
2828 2781 3138 2901
2718 3216 2874 3199
2587 3048 2790 3338
2585 3009 2823 3291
2626 3167 3227 3045
2920 3385 2495 3162
2734 2958 2693 3305
2657 3157 2755 3276
3089 3140 2779 2844
3137 2907 2883 2932
2534 3597 2664 3044
3140 2967 2838 3008
2731 3426 2619 3166
3156 3029 2833 2887
2903 3191 2870 3164
3176 3007 2847 2885
3118 3096 2533 2847
3335 2979 2679 2789
3075 3163 2715 3032
3193 2979 2857 2962
3156 2971 2779 3022
3094 3037 2629 2912
2878 2782 2764 3183
2920 3385 2495 3162
2718 3216 2874 3199
2920 3385 2495 3162
3181 2929 2845 3007
2693 3051 3045 2946
3128 3125 2457 2874
3010 3160 3115 2810
2788 3187 3148 2756
2957 3238 2642 3001
2978 3188 2706 3015
2863 2815 3013 2908
2559 3578 2744 3087
2863 2815 3013 2908
2957 3238 2642 3001
2939 2717 2949 2920
3145 2945 2823 3027
2558 3046 2800 3252
2657 3157 2755 3276
2885 3109 3164 2708
2723 3293 2757 3251
3176 3007 2847 2885
2874 3440 2553 3055
2885 3109 3164 2708
3118 3096 2533 2847
3145 2964 2875 2900
2874 2695 2948 2994
2585 3009 2823 3291
2760 3239 3189 2672
3089 3140 2779 2844
2874 3440 2553 3055
3145 3015 2864 2925
3010 3160 3115 2810
3161 2907 2807 3008
2723 3293 2757 3251
3193 2979 2857 2962
2954 3494 2524 2955
2559 3578 2744 3087
2607 3558 2834 3042
2920 3385 2495 3162
2783 2838 3250 2657
2954 3494 2524 2955
2957 3238 2642 3001
2723 3293 2757 3251
2666 3619 2883 2927
2978 3188 2706 3015
2607 3558 2834 3042
3075 3163 2715 3032
3156 2971 2779 3022
2760 3239 3189 2672
3303 2888 2697 2787
2788 3187 3148 2756
2657 3157 2755 3276
2534 3597 2664 3044
2587 3048 2790 3338
3210 2942 2862 2993
2693 3051 3045 2946
3181 2929 2845 3007
2978 3188 2706 3015
2610 3182 3211 2993
2878 2782 2764 3183
2477 3603 2914 2825
2907 2696 3091 2943
3162 3033 2695 2851
2666 3619 2883 2927
2807 3432 2404 3115
2907 2696 3091 2943
2554 3735 2869 2831
2559 3578 2744 3087
2666 3619 2883 2927
2723 3293 2757 3251
3303 2888 2697 2787
2607 3558 2834 3042
2554 3735 2869 2831
2534 3597 2664 3044
2788 3187 3148 2756
2585 3009 2823 3291
3210 2942 2862 2993
2657 3157 2755 3276
2878 2782 2764 3183
3210 2942 2862 2993
3111 2589 2910 2867
3118 3096 2533 2847
2885 3109 3164 2708
3118 3096 2533 2847
2534 3597 2664 3044
3193 2979 2857 2962
2760 3239 3189 2672
2693 3051 3045 2946
2828 2781 3138 2901
2878 2782 2764 3183
3210 2942 2862 2993
2610 3182 3211 2993
2693 3051 3045 2946
2807 3432 2404 3115
3210 2942 2862 2993
2477 3603 2914 2825
3210 2942 2862 2993
2828 2781 3138 2901
2534 3597 2664 3044
2534 3597 2664 3044
2534 3597 2664 3044
2554 3735 2869 2831
2554 3735 2869 2831
2559 3578 2744 3087
2587 3048 2790 3338
2587 3048 2790 3338
2587 3048 2790 3338
2587 3048 2790 3338
2607 3558 2834 3042
2610 3182 3211 2993
2626 3167 3227 3045
2693 3051 3045 2946
2693 3051 3045 2946
2718 3216 2874 3199
2760 3239 3189 2672
2767 3265 3155 2757
2767 3265 3155 2757
2807 3432 2404 3115
2807 3432 2404 3115
2807 3432 2404 3115
2828 2781 3138 2901
2828 2781 3138 2901
2885 3109 3164 2708
2907 2696 3091 2943
2907 2696 3091 2943
2907 2696 3091 2943
2920 3385 2495 3162
2920 3385 2495 3162
2939 2717 2949 2920
2939 2717 2949 2920
2939 2717 2949 2920
2978 3188 2706 3015
2978 3188 2706 3015
2978 3188 2706 3015
3003 2639 2963 2934
3010 3160 3115 2810
3111 2589 2910 2867
3118 3096 2533 2847
3303 2888 2697 2787
2308 3407 2911 2820
2539 3634 2782 2803
2582 3060 3212 3015
2655 2975 2757 3255
2658 2839 3164 2565
2788 3353 2357 3146
3063 2541 2909 2892
3294 2871 2739 2792
3069 2662 2953 2875
2848 3339 2403 3130
2991 3158 2645 3010
2410 3390 2979 2832
2697 3100 3129 2678
2481 3466 2833 3124
2631 2872 3160 2610
2755 2807 3109 2581
2946 3091 3045 2773
2884 2699 2990 2844
2696 2770 2997 2839
2929 3361 2508 2948
2816 2792 3093 2633
2849 3383 2454 2959
2725 3162 3087 2713
2734 3196 2749 3078
2358 3403 2942 2784
2579 2983 2618 3224
2717 3243 2875 3180
2819 3393 2476 2927
2547 3488 2747 3040
2950 3187 2683 3014
2600 3124 3196 3009
2602 2907 3165 2655
2575 3533 2781 3007
2783 3406 2434 3068
2510 3519 2855 2995
2788 3353 2357 3146
3087 2568 2923 2810
2545 3568 2677 3073
3108 2802 2801 2939
3259 2920 2728 2749
2895 2796 2796 3162
2458 3368 2995 2812
2702 3273 2794 3182
3144 3009 2862 2905
2600 3164 3172 3034
2871 3414 2439 2917
3153 2961 2798 2921
2618 3027 2711 3211
3256 2890 2676 2857
2352 3372 3016 2807
3073 3017 2559 2897
3211 2844 2753 2770
2865 2796 2831 3155
3171 2848 2789 2722
3175 2921 2770 2854
2704 2969 2749 3249
2870 3260 2540 2900
3087 2568 2923 2810
3233 2965 2632 2855
3205 2986 2581 2853
2872 3371 2524 2935
3287 2831 2711 2814
2482 3610 2833 2821
2501 3513 2792 3150
3190 2913 2727 2798
2579 3502 2740 3137
2488 3521 2847 2812
2750 3060 2775 3078
2308 3407 2911 2820
2514 3474 2787 3034
3063 2541 2909 2892
2747 3112 2760 3184
2662 2913 2995 2902
3272 2895 2703 2810
3068 2882 2723 2933
2618 3027 2711 3211
3246 2963 2548 2835
3205 2986 2581 2853
2580 3475 2879 2896
3294 2871 2739 2792
2544 3619 2806 2916
2544 3619 2806 2916
3237 2917 2773 2730
2352 3372 3016 2807
3252 2973 2724 2822
3063 2541 2909 2892
2778 2846 2851 3126
3144 3009 2862 2905
3239 2974 2705 2833
2747 3112 2760 3184
3237 2917 2773 2730
2580 3475 2879 2896
3272 2895 2703 2810
2747 3112 2760 3184
2778 2846 2851 3126
3287 2831 2711 2814
3205 2986 2581 2853
3087 2568 2923 2810
3063 2541 2909 2892
2352 3372 3016 2807
3272 2895 2703 2810
3087 2568 2923 2810
2352 3372 3016 2807
2352 3372 3016 2807
2352 3372 3016 2807
2352 3372 3016 2807
2352 3372 3016 2807
2580 3475 2879 2896
2580 3475 2879 2896
2747 3112 2760 3184
2747 3112 2760 3184
2778 2846 2851 3126
3063 2541 2909 2892
3063 2541 2909 2892
3087 2568 2923 2810
3087 2568 2923 2810
3144 3009 2862 2905
3144 3009 2862 2905
3144 3009 2862 2905
3272 2895 2703 2810
3287 2831 2711 2814
3287 2831 2711 2814
2326 3367 2953 2770
2539 3566 2742 2773
2571 2984 3210 2966
2621 2956 2695 3228
2798 3392 2411 2897
3016 2467 2880 2848
3213 2861 2711 2696
3280 2810 2714 2778
2961 3154 2592 2737
2394 3256 2958 2814
2425 3499 2683 3037
3051 2614 2917 2792
2553 3091 3066 2933
2847 2773 2726 2980
2829 2785 2736 3146
3147 2932 2767 2874
2994 2604 2800 2848
2495 3121 3171 2990
2677 2969 2822 3101
2753 3364 2502 2923
2696 3043 2653 3117
2328 3368 2898 2748
3108 2934 2767 2918
2480 3001 3198 2921
2654 3021 2765 3103
2797 3346 2506 2927
2688 3061 2720 3119
2527 3020 3137 2926
3241 2973 2698 2747
2797 3346 2506 2927
2527 3020 3137 2926
2797 3346 2506 2927
2797 3346 2506 2927
2797 3346 2506 2927
2307 3238 2913 2769
2642 3012 2717 3098
3118 2919 2601 2696
3215 2776 2688 2618
3229 2748 2680 2632
3229 2748 2680 2632
3083 2885 2757 2780
3136 2814 2693 2832
3117 2700 2551 2594
