33 2.03952
7783 8696 7707
7922 8733 7634
8241 7829 8379
8496 8147 7403
8522 7594 7832
8668 7984 7464
8363 8241 8273
8392 7961 8199
7955 8629 8019
8336 8433 7659
8430 7909 8302
8096 8660 7921
8255 8569 8054
8151 8277 8117
8290 8390 8028
8623 7980 7819
7818 8627 8060
8114 8650 7760
8035 8673 7434
8228 8601 8071
8517 7996 7559
8241 7829 8379
7783 8696 7707
8317 7933 8353
8394 8357 7861
8542 8096 7459
8035 8673 7434
8163 8616 7956
8264 8000 8316
8134 8479 8277
7922 8733 7634
8142 8299 8091
8211 8091 8356
8483 8065 7589
7861 8114 8291
8620 8144 7436
8394 8357 7861
8193 8097 8306
8460 8338 7958
8596 8093 7472
8306 8289 7963
8506 8112 7487
8508 7968 7924
8134 8479 8277
8468 8062 7599
7861 8114 8291
8650 8029 7511
8537 8041 7475
7940 8679 7740
8304 7940 8313
7940 8679 7740
8489 8023 7515
8136 8327 8111
8158 8115 8276
8597 8050 7471
8650 8029 7511
8262 8406 7759
7922 8733 7634
8251 8649 7755
8251 8649 7755
8489 8023 7515
8136 8327 8111
8468 8062 7599
8262 8406 7759
8306 8289 7963
8597 8050 7471
8306 8289 7963
8489 8023 7515
8489 8023 7515
7861 8114 8291
7940 8679 7740
8241 7829 8379
8306 8289 7963
8306 8289 7963
7510 8409 8108
7730 8698 7547
8244 7794 8342
8447 7722 7936
8606 8058 7349
8616 7966 7417
7681 8370 8249
7510 8409 8108
8416 8295 7611
8366 8329 7833
8054 8641 7661
8303 8197 8272
8031 8406 8161
7983 8296 8232
8163 8594 7965
8405 8314 7897
8263 7841 8330
8145 8348 8052
7802 8252 8246
8448 8144 7528
8423 8266 7873
7830 8693 7502
8316 8240 7914
8443 7745 7879
8457 8120 7565
8436 7899 7681
8229 8232 8173
8522 8036 7433
8571 7989 7414
8358 7934 8132
8201 7924 8316
8094 8381 8094
7762 8638 7668
8079 8277 8135
7925 8462 8049
7885 8603 7998
8231 8364 7751
7862 8665 7534
8425 7808 7740
7710 8367 8204
7681 8370 8249
8436 7876 7725
8125 8354 8051
8531 7991 7496
8273 7769 8285
8225 8522 7822
8357 8010 8036
8104 8505 8005
7730 8698 7547
8255 7900 8304
7951 8598 7822
7848 8474 8026
8196 8554 7790
8157 8560 7992
7876 8632 7742
8565 8120 7396
8181 8493 8019
8558 8077 7401
8302 8336 7923
8273 7769 8285
8366 7867 8268
7710 8367 8204
8190 8577 7986
8196 8554 7790
8509 8010 7456
8245 7970 8273
8506 8018 7465
8087 8421 8040
7992 8055 8289
8472 8100 7478
7992 8055 8289
8553 8101 7427
8494 8081 7477
8311 8015 8113
7835 8619 8016
7857 8447 8098
7929 8612 7904
8188 8482 8009
8559 7995 7419
8210 8340 8021
8565 8120 7396
8436 7876 7725
8039 8651 7480
8483 8112 7431
8233 7888 8306
7950 8460 8034
7777 8517 8037
7857 8447 8098
7777 8517 8037
8222 7860 8337
7866 8538 8025
8448 8144 7528
8461 8105 7459
7821 8655 7663
7821 8655 7663
8190 8577 7986
7865 8549 8018
8220 8522 7998
8079 8277 8135
7730 8388 8170
8039 8651 7480
8462 8026 7531
8230 8415 7891
8425 7808 7740
8483 8013 7529
7929 8612 7904
8253 8329 7990
7950 8460 8034
7730 8388 8170
7866 8538 8025
8094 8503 8014
8233 7888 8306
7721 8236 8270
8222 7860 8337
8494 8081 7477
8087 8421 8040
8462 8026 7531
8302 8336 7923
8565 8120 7396
7721 8236 8270
8230 8415 7891
8251 8233 8037
8094 8503 8014
7730 8388 8170
8448 8144 7528
7510 8409 8108
8357 8010 8036
8039 8651 7480
8196 8554 7790
8436 7876 7725
7571 8382 8162
7853 8657 7378
8219 7858 8323
8222 7793 8311
8540 8094 7312
8598 7960 7409
7672 8344 8169
8404 8043 7707
7766 8597 7856
7937 8461 8015
7762 8621 7655
7874 8270 8187
8263 8009 8054
7915 8399 8047
8438 8133 7474
8160 8543 7534
8041 8577 7436
8484 7872 7457
8035 8587 7922
8305 8228 7892
8325 7847 8114
7795 8595 7968
8293 8317 7899
8152 8184 8266
7831 8640 7556
8214 8512 7993
8146 8556 7647
8384 8120 7873
8408 8133 7536
8124 8213 8127
8532 7976 7410
7811 8601 7626
8199 8432 7994
7924 8605 7565
8076 8101 8269
8494 7847 7447
8243 7816 8288
7963 8603 7614
8284 7889 8157
8257 8190 8134
7990 8362 8157
8169 7962 8273
8407 8223 7597
8598 7960 7409
8551 7940 7423
8551 8071 7394
8436 7985 7546
7838 8291 8214
7897 8623 7420
8423 7967 7692
8456 8049 7454
8237 8297 7943
8247 8335 7880
8239 7929 8237
8287 7853 8085
7972 8388 8052
8350 7826 8197
8114 8216 8130
8450 8109 7538
8008 8536 7985
8199 8432 7994
8313 7836 8244
8037 8514 7870
8003 8382 8075
8090 8305 8079
8551 8071 7394
7927 8286 8167
8008 8368 8147
8425 8070 7549
8286 7804 8260
8314 8305 7858
8239 7929 8237
7891 8295 8175
8344 8302 7885
8402 8057 7858
8153 8379 8000
8008 8536 7985
8359 8226 7858
8215 8366 7970
8423 7967 7692
8284 7889 8157
8235 8055 8208
7884 8556 7990
8356 8300 7883
7916 8376 8080
8348 7797 8253
8235 8055 8208
7884 8556 7990
8240 8287 7990
8348 7797 8253
8348 7797 8253
7916 8376 8080
8359 8226 7858
7916 8376 8080
7478 8291 8186
7957 8603 7430
8230 7791 8284
8292 7752 8220
8447 8046 7393
8467 7932 7396
7537 8240 8187
7688 8313 8092
8431 8025 7429
8137 8501 7527
8179 8069 8106
8103 8378 7988
8130 8457 7944
8327 7967 7598
8402 7937 7688
8130 8112 8228
7737 8573 7576
7961 8571 7449
8376 8217 7537
7980 8537 7652
7736 8586 7619
8337 7884 7768
8334 7961 7706
8041 8284 8054
7952 8559 7876
8287 8197 7833
7846 8270 8152
8189 8458 7752
8004 8481 7792
8051 7848 8271
8087 8242 8011
7812 8311 8036
8310 7767 8190
8017 8478 7979
7912 8187 8162
7794 8363 8027
7998 8197 8147
8384 8143 7431
7853 8522 7928
8156 7922 8223
8254 8169 8080
8360 7787 7761
8151 8300 7971
7778 8319 8030
8251 7779 8245
7863 8182 8252
8201 8318 7918
8190 8346 7825
8225 8299 7894
7922 8587 7436
8261 7760 8246
8066 8375 7989
7972 8569 7612
7768 8229 8158
8119 7841 8259
8328 7806 8184
7942 8572 7881
8083 8540 7440
8123 8148 8093
8233 8294 7939
8228 7895 8160
7996 8308 8100
7770 8227 8172
7998 8530 7811
8294 7829 7825
8076 8288 8018
8199 7819 8163
8216 7927 8153
8191 8372 7818
8051 8175 8153
8302 8227 7813
8197 8172 8084
7863 8182 8252
8195 7889 8221
8002 7944 8259
8002 7944 8259
8051 8175 8153
8051 8175 8153
7628 8464 7836
7847 8054 8223
7942 8554 7361
8254 7747 8216
8401 7943 7315
7762 8202 8168
8391 7863 7435
8334 7970 7334
7996 8404 7928
8113 7790 8089
8051 8347 7672
8088 8307 7697
8225 8181 7791
8129 8117 8022
8276 8100 7466
7948 8260 8003
8342 7909 7618
8145 8217 7880
8236 8193 7501
7818 8535 7558
7906 8443 7848
8014 8158 8133
7835 8493 7697
8262 7965 7558
8251 7900 8072
8079 7752 8203
7993 8526 7587
8062 7890 8158
8162 8413 7610
8194 8265 7863
8196 8162 7820
7870 8303 8099
8028 8424 7445
8218 8183 7653
7962 8070 8191
8100 8095 8142
7881 8531 7659
7980 8215 8011
8157 8280 7832
7868 8553 7447
8054 8080 8182
7992 8458 7829
7652 8290 8092
7803 8527 7587
8119 8251 7398
8234 7714 8201
8251 7762 7578
7876 8461 7410
8244 7889 7772
8143 8186 7828
8189 7896 7491
7972 7768 8143
8017 8060 7967
8081 7995 7990
7691 8388 7860
7750 8328 7915
7792 8025 8180
7916 8365 7910
7804 8436 7693
7988 7732 8039
8089 8366 7518
7971 8428 7752
7844 8148 8113
7979 8143 7847
7856 7939 8190
7688 8266 7954
8125 7916 7903
8180 8067 7402
7753 8253 8066
7817 8229 8077
8173 8249 7724
8176 7749 7993
8085 8227 7743
7806 8249 7935
8176 7932 7582
7390 8284 8083
7705 7881 8188
7789 8447 7385
8220 7655 8130
8225 7682 7573
7562 8268 7983
8223 7867 7608
7920 8288 7728
7842 8425 7500
7671 8066 8101
7575 8287 7786
7450 8265 8059
7803 8255 7878
7868 8362 7633
8132 8050 7754
8105 7897 7863
7911 8360 7665
7699 7964 8122
8022 8234 7684
8128 8124 7692
7830 7934 8120
8150 8135 7680
7758 8131 8053
7768 8218 8021
8095 8162 7674
8040 8175 7676
8098 8171 7500
8031 8201 7676
7575 8264 8008
7550 8074 8033
7642 7930 8093
7703 8210 7967
8127 7772 7683
8185 7867 7392
8080 8110 7585
7780 7793 8077
8125 8039 7706
7147 8501 8299
7249 7613 8470
7796 8796 7705
8493 8178 7325
8526 8120 7412
8367 7988 7686
7167 7665 8427
7653 8390 8368
8250 8370 7925
8181 8490 7864
8424 8184 7514
7193 7661 8434
8451 8082 7451
7364 8458 8300
7518 8220 8424
8009 8145 8248
8355 8430 7785
8445 8128 7363
7894 8467 8141
7815 8732 7732
7945 8160 8007
8312 8410 7818
8443 8027 7611
7433 8575 8284
7874 8177 8297
8378 8046 7620
8091 8719 7974
7931 8291 8292
8125 8333 7962
7471 8600 8107
7644 8656 8029
8122 8605 7912
8011 8108 8095
8135 8644 7551
8446 8061 7551
8470 8101 7423
7663 8742 7949
7325 8638 8182
8501 8096 7440
7172 8631 8196
7263 8680 8147
8311 8508 7776
8300 8475 7829
7727 8497 8224
7675 8526 8047
7309 8502 8298
8396 8123 7615
7729 8754 7718
8145 8272 7985
8044 8300 7990
8140 8557 7804
7423 8648 8155
8044 8300 7990
8444 8205 7443
7614 8627 8049
7782 8485 8284
8443 8027 7611
7554 8699 8014
7364 8458 8300
7394 8586 8190
7471 8600 8107
8165 8501 7848
7796 8796 7705
7595 8562 8059
8024 8352 7993
7574 8762 7999
7504 8504 8162
7768 8779 7713
7263 8680 8147
8024 8352 7993
8115 8637 7694
7815 8732 7732
7323 8729 8016
7540 8602 8066
7727 8497 8224
7750 8608 8037
8375 8150 7521
8147 8570 7418
8152 8544 7790
7325 8602 8233
7768 8779 7713
8145 8272 7985
7573 8728 8009
7394 8586 8190
7504 8504 8162
7549 8530 8153
7540 8602 8066
8128 8477 7934
7554 8526 8061
7750 8608 8037
7652 8758 7978
8152 8544 7790
8378 8046 7620
8311 8508 7776
7761 8548 7981
8167 8499 7856
7394 8586 8190
7589 8718 8010
7609 8652 8033
8128 8477 7934
8300 8475 7829
7518 8220 8424
8115 8637 7694
7518 8220 8424
8375 8150 7521
7193 7661 8434
7589 8718 8010
7540 8703 8039
7540 8703 8039
7256 8701 8051
8379 8139 7515
7549 8530 8153
7761 8548 7981
8375 8150 7521
7609 8652 8033
7675 8526 8047
8379 8139 7515
7504 8504 8162
8167 8499 7856
8379 8139 7515
8300 8475 7829
7193 7661 8434
7574 8762 7999
7614 8627 8049
7256 8701 8051
8135 8644 7551
7554 8526 8061
8044 8300 7990
8145 8272 7985
7573 8728 8009
7193 7661 8434
7193 7661 8434
7193 7661 8434
7193 7661 8434
7256 8701 8051
7256 8701 8051
7394 8586 8190
7471 8600 8107
7504 8504 8162
7540 8602 8066
7589 8718 8010
7750 8608 8037
7768 8779 7713
8044 8300 7990
8145 8272 7985
8167 8499 7856
8379 8139 7515
8379 8139 7515
8379 8139 7515
7186 7691 8422
7214 7616 8413
7491 8750 7895
8503 8102 7365
7549 7914 8341
7844 8689 7626
7761 8337 8230
8353 8107 7688
8186 8471 7743
7272 7802 8396
8041 8022 7929
7315 7766 8396
8432 8148 7438
7340 7665 8347
7818 8689 7690
8392 8089 7528
7366 8515 8215
8423 8199 7436
8284 8113 7527
8153 8304 7852
7632 8385 8314
7198 8197 8354
8225 8275 7773
8188 8377 7637
7687 8286 8265
7912 8069 8132
8260 8135 7517
8213 8231 7862
7714 8650 7881
7417 8595 8117
8006 8650 7811
7526 8710 7930
7926 7864 8040
7926 7864 8040
7981 8209 7984
8412 8179 7473
7250 7718 8401
7250 7718 8401
7357 8550 8161
7887 8557 7899
7926 8687 7828
8061 8244 7913
8198 8365 7766
7465 8143 8344
7438 8468 8151
7295 8541 8275
7767 8465 7955
7622 8634 8019
8081 8401 7875
8154 8255 7881
7937 8042 8036
8381 8120 7484
7667 8633 7942
7272 7802 8396
8129 8292 7881
7414 8644 8066
7966 8378 7961
8117 8524 7505
8106 8540 7829
7661 8453 7963
8228 8340 7771
7583 8705 7973
7891 8105 8181
7523 8504 8107
7646 8609 7953
7908 8183 7990
7853 8413 8024
7583 8705 7973
7895 8174 8179
8041 8248 7923
7894 8386 8017
8172 8407 7768
7409 8503 8273
7680 8700 7927
8363 8157 7498
7708 8369 8180
8367 8158 7483
8413 8027 7500
8075 8619 7876
8028 8351 7930
7998 8534 7952
7937 8042 8036
7409 8503 8273
8080 8458 7904
7547 8518 8077
7418 8619 8077
8392 8089 7528
7836 8437 7957
7435 8535 8101
7873 8409 7998
7409 8532 8130
7301 8643 8084
8029 8131 7955
7851 8436 8100
7866 8167 8271
7548 8615 8026
7847 8438 7955
8014 8506 7897
7873 8409 7998
7301 8643 8084
7851 8436 8100
8392 8089 7528
7866 8167 8271
8017 8504 7896
7295 8541 8275
8106 8540 7829
7547 8518 8077
7295 8541 8275
7301 8643 8084
7873 8409 7998
7926 7864 8040
7181 8489 8196
7250 7618 8387
7314 8708 7891
8501 8080 7280
7222 7694 8386
8423 8001 7388
7352 7800 8317
7562 8251 8299
7907 7773 7971
7359 7633 8321
7504 8274 8255
8426 8101 7355
7665 8545 7911
8065 8601 7603
7851 8287 8096
7378 8398 8111
7287 8498 8078
7417 8440 7983
7765 8682 7735
7991 8567 7840
7736 8399 7864
7782 8603 7682
7880 8041 8161
8270 8086 7496
7917 8350 7949
7968 8633 7531
7727 8672 7802
8337 8051 7562
8112 8431 7336
7931 8221 7961
8263 8003 7686
8210 8146 7748
7609 8322 8048
8167 8211 7397
8330 8027 7622
7459 8631 7918
8085 8478 7785
7647 8659 7805
7335 8640 8044
8313 8037 7639
8122 8178 7811
7780 8307 8021
7486 8280 8177
8018 8133 7930
7781 8620 7700
7956 8060 7939
7917 8397 7939
8187 8253 7338
8202 8152 7832
8310 8112 7485
7613 8606 7980
7865 8120 8059
7872 8193 8008
7357 8481 8225
8082 8424 7809
8341 8113 7481
8047 8549 7770
8372 8181 7413
7363 8439 7999
7768 8167 8194
7501 8279 8234
7183 8603 8051
8407 8190 7404
8020 8293 7912
8390 8173 7438
7347 8626 7984
8047 8511 7804
8317 8171 7462
8094 8510 7758
8370 8172 7443
8041 8277 7836
8095 8479 7764
8046 8561 7809
8174 8181 7481
8401 8039 7440
8380 8118 7455
8391 8102 7442
8380 8118 7455
8335 8169 7459
8370 8172 7443
8391 8102 7442
8391 8102 7442
7194 7694 8333
7681 8680 7708
8481 8010 7270
7277 7786 8309
8254 7944 7613
7501 8241 8261
7414 8272 8036
8209 8189 7371
7374 7780 8274
8092 8415 7707
7941 8294 7835
7229 8636 7915
7653 8111 8115
7341 8478 8191
7765 8389 7805
7869 8508 7635
8342 8056 7343
7390 8364 7971
8030 8433 7786
8165 8113 7408
7803 8353 7896
7804 7973 8078
8293 8139 7306
8422 8080 7298
7960 8512 7533
7676 8005 8160
8133 8085 7592
8063 8504 7743
7580 8517 7864
7606 8449 7944
7861 8532 7796
7329 8615 7957
8401 8037 7430
7925 8209 7945
7345 8455 8190
8045 8517 7527
8308 7958 7561
8280 8089 7474
7534 8212 8054
7528 8656 7760
7397 8572 7953
8151 8029 7624
7802 8085 8084
7549 8634 7792
8386 8124 7295
7733 8552 7744
8323 8056 7446
7328 8506 8044
8266 8094 7462
7704 8672 7632
8299 7990 7449
7724 8514 7820
8291 8109 7354
8275 8002 7555
7505 8556 7968
7692 8568 7752
8393 8127 7285
7937 8415 7796
7941 8135 7872
7939 8446 7774
7198 7742 8309
7457 8656 7669
8040 8463 7242
8394 7949 7339
7226 8159 8230
7356 8518 7905
7801 7776 7987
8155 7883 7527
7306 8474 8153
7687 7840 8054
7411 8495 7887
7911 8430 7766
8370 8026 7383
7555 8365 7823
8069 8315 7555
7470 8589 7767
7635 8064 8109
8279 7972 7452
7737 7949 8030
8189 7942 7489
8170 8142 7286
7963 8308 7645
8321 8041 7399
7991 8413 7471
7707 8049 7986
7472 8123 8139
7713 8244 7768
8077 8217 7336
8223 8106 7334
8093 8078 7545
7898 8464 7553
7533 8129 8047
7961 8382 7665
7619 8475 7784
7716 8100 7826
7682 8425 7788
7708 8304 7887
8388 8088 7251
8030 8035 7653
8242 8086 7465
8277 8036 7420
8270 7946 7487
7158 7580 8148
7602 8399 7692
8276 8041 7334
8342 8024 7383
7733 7629 7949
7261 8391 8078
7313 8228 7855
7556 8262 7853
8136 7870 7526
7885 7978 7581
7953 8133 7486
8256 7823 7484
7864 8174 7670
8009 8156 7350
7656 8320 7747
8251 7926 7430
7633 8293 7814
7808 8309 7732
7581 7829 8010
8210 7884 7473
7718 7835 7952
7595 7984 7860
7873 8318 7461
7282 7643 7803
7387 7623 7982
7533 8328 7668
7878 8057 7402
8145 7773 7436
7965 7858 7493
7724 8107 7690
7589 7966 7744
7764 8220 7602
7921 7952 7483
7352 8004 7734
7817 8159 7605
7487 8162 7675
7503 8275 7672
7795 8209 7671
7504 7826 7735
7801 7987 7487
7989 7703 7223
7589 7839 7623
7510 7357 7602
7564 7877 7416
7605 8520 8079
7885 8162 8362
8115 8644 7811
8225 8514 7539
8677 8119 7610
8111 8630 7880
8142 8416 7981
8488 8238 8131
8591 8171 7800
8200 8500 7771
7850 8434 8192
8539 8211 7735
8670 8143 7820
7798 8299 8289
7684 8459 8003
7651 8598 8053
8189 8581 7663
8141 8343 8065
8412 8462 7828
8370 8237 8241
8471 8294 7636
8194 8442 7945
7629 8529 8057
8301 8341 7848
7669 8626 7969
8251 8328 7891
8344 8276 8304
7821 8261 8333
8473 8245 7687
7860 8255 8335
8251 8328 7891
8310 8297 8329
8225 8514 7539
7738 8528 7994
8550 8190 7840
8174 8329 8063
8472 8248 7600
7885 8162 8362
8226 8429 7970
8543 8199 7649
7738 8528 7994
8344 8277 8250
8405 8205 8268
8375 8442 7834
8136 8589 7712
7628 8518 8072
8115 8644 7811
7605 8520 8079
8405 8205 8268
8136 8589 7712
8125 8585 7835
8550 8190 7840
8472 8248 7600
8344 8277 8250
8472 8248 7600
7885 8162 8362
8405 8205 8268
7615 8592 7991
7729 8013 8324
8099 8637 7702
8477 8238 7599
8516 8005 7732
8663 8126 7603
7963 8297 8076
7729 8013 8324
7847 8105 8311
7694 8511 7925
8353 8235 8177
8431 8071 7908
7847 8105 8311
8096 8323 8044
8076 8609 7831
8300 8166 8254
8149 8494 7749
7644 8527 7951
8083 8488 7873
8182 8379 7934
8602 8076 7712
8508 8201 7634
8006 8280 8068
8275 8275 8291
8141 8427 7894
8168 8462 7655
8293 8250 8220
8389 8317 7774
8006 8280 8068
8311 8229 8203
7627 8544 7946
8548 8189 7702
7625 8529 8013
8353 8354 7781
8206 8437 7667
8484 8190 7652
8299 8086 8288
8296 8340 7844
8600 8096 7682
8293 8223 8268
8104 8469 7862
8219 8420 7699
8228 8403 7725
8103 8610 7795
8109 8581 7720
8327 8398 7785
7634 8412 8012
8254 8261 8302
8350 8102 8264
8570 8156 7723
8133 8566 7618
7619 8625 7817
8353 8235 8177
8458 8177 7824
8337 8288 7789
8087 8536 7824
8479 8176 7767
8470 8175 7845
8398 8292 7740
8135 8394 7957
8409 8263 7816
8095 8372 7975
8118 8510 7722
8112 8571 7673
8254 8261 8302
8382 8224 7861
8512 8156 7834
8359 8183 8205
8477 8212 7667
8099 8637 7702
8140 8295 7966
8431 8071 7908
8425 8208 7842
8170 8413 7857
8365 8183 8072
8095 8372 7975
8122 8561 7660
8587 8141 7665
8101 8626 7728
8310 8194 8214
8221 8285 7954
8128 8373 7958
8587 8141 7665
8395 8181 8219
8467 8221 7713
8111 8468 7807
8423 8261 7616
8423 8238 7831
8460 8205 7726
8590 8081 7690
8111 8468 7807
8226 8435 7674
8310 8194 8214
8465 8243 7660
8409 8263 7816
8570 8156 7723
8590 8081 7690
8587 8141 7665
8226 8435 7674
8206 8437 7667
8477 8238 7599
8122 8561 7660
8465 8243 7660
7634 8412 8012
8590 8081 7690
8175 8291 7961
8175 8291 7961
8353 8235 8177
8170 8413 7857
8101 8279 8071
8465 8243 7660
8101 8279 8071
8175 8291 7961
8467 8221 7713
8254 8261 8302
8467 8221 7713
8467 8221 7713
8587 8141 7665
8101 8279 8071
8465 8243 7660
8310 8194 8214
8101 8279 8071
8353 8235 8177
8467 8221 7713
7548 8570 7833
7840 8095 8294
7982 8621 7725
8571 7948 7579
8646 8059 7570
8390 8107 8119
7600 8427 7973
7716 8442 7851
8038 8548 7661
7617 8603 7830
8331 8232 8148
7586 8500 7921
8341 8083 8243
7658 8468 7831
8258 8117 8270
8244 8129 8196
7789 8326 7969
7653 8411 7863
7798 8197 8283
8561 8063 7645
8274 8275 8176
8350 8262 7805
8050 8570 7579
8018 8500 7766
8093 8485 7657
8116 8300 7949
8131 8381 7907
8416 8218 7757
8188 8279 7875
8295 8339 7786
8479 8096 7713
8213 8214 8181
8512 8084 7711
7573 8492 7956
8411 8146 7807
8166 8418 7692
8538 8083 7665
8377 8255 7706
8369 8201 7776
8062 8449 7836
8089 8401 7845
8141 8382 7732
8429 8169 7610
8477 8140 7681
8447 8174 7599
8536 8104 7679
8565 8151 7638
8247 8331 7820
8374 8314 7766
8153 8448 7579
8307 8356 7702
8415 8234 7738
8075 8344 7931
8441 8210 7595
8455 8166 7700
8119 8305 7932
8275 8210 8188
8079 8281 7957
8525 8135 7696
8086 8329 7944
8294 8364 7666
8130 8367 7930
8287 8371 7702
8421 8235 7695
8188 8279 7875
8175 8371 7845
8422 8182 7723
8145 8486 7623
8517 8161 7597
8427 8184 7663
8294 8286 7821
8234 8155 8286
8160 8306 7911
8242 8323 7836
8437 8084 7780
8386 8139 7843
8378 8149 8181
8234 8155 8286
8145 8486 7623
8307 8356 7702
8417 8200 7730
8294 8286 7821
8086 8490 7723
8160 8306 7911
8385 8279 7699
8242 8323 7836
8428 8167 7731
8131 8381 7907
8421 8235 7695
8441 8210 7595
8385 8279 7699
8131 8381 7907
8307 8356 7702
7551 8479 7887
7899 8576 7616
7927 7997 8284
8447 8152 7521
8560 8121 7626
7739 8058 8260
7627 8442 7778
7969 8509 7616
8532 8021 7678
7728 8117 8207
8066 8438 7536
8252 8242 7930
8268 8165 8151
8149 8290 7870
8254 8101 8241
8409 8180 7740
7883 8445 7645
7979 8385 7827
8084 8275 8015
8073 8401 7595
8275 8216 8073
7840 8419 7825
8471 8136 7643
8384 8233 7700
8078 8333 7930
8213 8176 8187
8429 8073 7773
8309 8225 8045
8024 8244 8072
8098 8265 8050
8280 8360 7691
8363 8294 7746
8034 8395 7760
8380 8109 7822
8181 8304 7752
8420 8208 7668
8315 8213 7889
7840 8419 7825
8118 8379 7883
8214 8267 7881
8084 8275 8015
7892 8128 8204
8124 8317 7906
8549 8141 7618
8433 8110 7663
8280 8139 8156
8075 8360 7899
8124 8317 7906
8413 8209 7603
8371 8171 7755
8178 8265 7888
8024 8244 8072
8024 8244 8072
7651 8405 7815
7776 8086 8201
7984 8434 7488
8228 7975 8174
8555 8095 7559
7914 8330 7929
8087 8239 7978
7798 8053 8184
8243 8128 8143
8373 8052 7756
8006 8261 8040
8491 8106 7624
7929 8422 7508
8290 8165 7754
8179 8126 8155
8429 8134 7574
8109 8345 7843
8117 8378 7709
8539 8081 7606
8354 8281 7656
8485 8133 7491
8050 8215 8025
8057 8407 7518
8371 8181 7670
8175 8070 8171
8039 8308 7915
8055 8372 7768
8420 8141 7514
8383 8140 7730
8244 8235 7805
8426 8136 7553
8374 8225 7606
8127 8196 8031
8110 8293 7869
8327 8089 7809
8016 8373 7821
8251 8277 7684
8064 8351 7879
8408 8209 7565
7970 8265 8034
8061 8367 7864
8357 8203 7742
8059 8324 7891
8366 8217 7688
8006 8261 8040
8314 8276 7677
8161 8078 8181
7976 8359 7898
8361 8274 7710
8217 8349 7627
8141 8328 7640
8138 8170 8178
8134 8230 7872
8029 8325 7901
8170 8214 7915
8226 8328 7637
8170 8214 7915
8379 8209 7639
7970 8265 8034
8029 8325 7901
8217 8349 7627
8217 8349 7627
7722 8356 7834
7771 8040 8176
7823 8387 7434
8323 7927 7764
8533 8075 7560
8049 8157 8112
8054 8191 8024
8376 8000 7719
8157 8170 7785
8222 8235 7750
7924 8224 7945
8085 8378 7478
8038 8333 7592
8007 8293 7783
8522 8089 7491
8068 8213 7952
8410 8047 7624
8417 8119 7481
8372 8123 7506
8050 8279 7882
7865 8352 7672
8292 8271 7578
8336 8256 7699
7889 8365 7479
8055 8302 7781
7921 8345 7744
8311 8091 7729
8302 8209 7701
8349 8211 7541
8056 8268 7877
8353 8109 7631
8343 8263 7636
8386 8114 7560
8366 8166 7575
8350 8118 7660
8382 8084 7670
8310 8268 7576
7501 8208 7899
7619 8026 8143
7698 8354 7778
7973 8336 7443
8035 7769 7930
8532 7941 7480
8157 8260 7463
7816 8185 8020
7761 7987 8134
7942 8151 8079
7502 8255 7791
8289 8219 7673
8043 8107 7842
7865 8195 7846
8455 8022 7548
7984 8168 7936
8356 8088 7531
8378 7997 7579
8316 8140 7641
8361 8054 7543
7992 8100 8104
8514 8011 7548
8194 7993 7737
8295 8243 7581
7844 8205 7731
8012 8155 7907
8337 8204 7613
8196 8208 7683
8299 8108 7692
8332 8121 7683
8309 8203 7680
7696 8285 7633
7812 7946 8040
7955 8323 7313
8455 7921 7415
8036 8225 7330
7834 7953 7833
7724 8157 7957
8222 8176 7589
7941 8087 7774
8001 8191 7682
8335 8049 7552
8289 7999 7646
8322 8135 7509
8253 8109 7627
8421 7952 7538
8326 8073 7516
8302 8155 7618
7594 7967 7770
7937 8160 7572
8336 7783 7388
7766 8066 7747
7971 8135 7627
8266 8148 7611
8296 8080 7542
8303 8005 7545
7660 8068 7580
8202 8131 7577
8209 7968 7287
8241 7959 7439
7818 8032 7468
8089 7929 7365
7825 8183 8362
7848 7769 8498
7914 8751 7662
8222 8590 7590
8547 8158 7853
8502 7988 7956
8448 8129 7897
8369 8561 7770
8028 8696 7958
8120 8480 8178
8348 8239 8073
8073 8565 8096
7970 8545 8240
8153 8624 8066
7850 8614 8127
8449 8023 7999
8267 8383 8257
8520 8186 7677
8009 8659 8108
8359 8297 8002
8211 8647 7982
7937 8512 8244
8320 8199 8101
8310 8445 7843
8274 8299 8136
8163 8616 8022
8288 8343 8122
7996 8512 8213
8126 8431 8200
8050 8601 8139
8200 8499 8022
8364 8376 7914
8392 8175 8077
8395 8224 7905
8398 8196 8034
8221 8359 8329
8520 8186 7677
8410 8419 7770
8517 8415 7784
8427 8151 7857
8212 8380 8304
8470 8138 7870
8268 8344 7945
8449 8023 7999
7834 8463 8293
8198 8391 8330
8470 8138 7870
8196 8407 8147
7826 8583 8204
8428 8405 7796
8022 8399 8218
8397 8367 7815
8285 8472 7875
7984 8460 8224
8196 8407 8147
7988 8398 8246
8295 8427 7891
8454 8198 7816
8055 8585 8078
8295 8427 7891
8055 8585 8078
7834 8463 8293
8428 8405 7796
8454 8198 7816
8309 8411 7876
8401 8199 7856
8221 8388 8253
7984 8460 8224
8126 8431 8200
8309 8411 7876
8268 8344 7945
7834 8463 8293
8196 8407 8147
7984 8460 8224
8454 8198 7816
8309 8411 7876
7834 8463 8293
8309 8411 7876
8309 8411 7876
8449 8023 7999
8520 8186 7677
8520 8186 7677
8520 8186 7677
7562 7800 8341
7643 8723 7313
7697 7549 8330
8529 8081 7562
7646 7676 8326
7697 7549 8330
7562 7800 8341
7819 8719 7403
7708 8296 8321
7591 7657 8331
8173 8533 7590
8479 7986 7765
7819 8719 7403
7965 8655 8047
7798 8539 8182
7929 8683 7500
8398 8132 7807
7895 8698 7661
8367 8150 7907
8132 8599 8060
7643 8723 7313
7855 8559 8132
8517 8134 7529
8327 8038 8000
8107 8425 8191
7924 8484 8226
8406 7978 7968
8065 8441 8103
8321 7930 8012
7591 7657 8331
8183 8280 8259
8314 7850 8086
7929 8683 7500
8206 8420 7889
8505 8186 7753
8389 8180 7884
8241 8211 8154
8467 8291 7782
8458 8378 7709
8295 8396 7829
8266 8314 8072
7859 8376 8234
8339 8229 7849
8034 8480 8169
8295 8201 8024
8050 8346 8197
8006 8644 7944
8328 8070 7982
8030 8360 8237
7895 8698 7661
8011 8628 7870
7981 8560 8115
8226 8333 8049
8191 8443 7825
8143 8261 8314
8286 8302 8067
8436 7965 7930
8314 7850 8086
7895 8698 7661
8506 8308 7714
8309 7945 8077
8436 7965 7930
8161 8317 8301
7813 8564 8095
8307 8293 7955
8352 8432 7688
8160 8335 8281
8332 8288 7918
8324 8317 7865
7986 8682 7694
8289 8525 7697
8188 8519 7908
8393 8215 7875
8520 8133 7731
7816 8546 8175
8160 8335 8281
8315 8433 7734
8321 8236 7927
8050 8346 8197
8186 8461 7933
8033 8359 8311
7798 8539 8182
8001 8627 8085
8317 8495 7693
8136 8431 8055
8170 8626 7981
7813 8564 8095
8143 8261 8314
8321 7930 8012
8308 8227 8021
8239 8426 7874
8316 8503 7732
8197 8329 8110
7646 7676 8326
7989 8377 8192
8170 8626 7981
8312 8048 8073
8352 8432 7688
8186 8461 7933
8338 8208 7908
8197 8329 8110
8160 8363 8174
8312 8048 8073
8321 8236 7927
8310 8369 7827
7798 8539 8182
8310 8369 7827
7697 7549 8330
8310 8369 7827
8310 8369 7827
7591 7657 8331
7643 8723 7313
7646 7676 8326
7697 7549 8330
7819 8719 7403
7895 8698 7661
8310 8369 7827
8310 8369 7827
8310 8369 7827
8352 8432 7688
7538 8423 8215
7560 7793 8333
7878 8688 7397
8269 7774 8040
8515 8131 7555
8411 7827 7926
7737 8551 8101
8324 7966 7968
7958 8660 7613
8511 8026 7647
8450 8262 7761
8272 8094 7998
7848 8616 7673
8308 8287 7806
8293 8012 7966
8232 8413 7841
8171 8516 7473
7853 8688 7570
8171 8516 7473
7826 8339 8296
8316 8486 7723
7756 8586 8054
8344 8400 7666
8463 8114 7748
8224 8293 7889
8374 7817 7952
8499 8278 7714
8388 8176 7864
8079 8397 8059
7978 8410 8179
7793 8663 7630
8383 8298 7699
8331 8219 7884
8093 8273 8245
7996 8436 8155
7867 8318 8261
7821 8379 8225
7770 8308 8310
8060 8378 8143
7924 8346 8229
7920 8473 8166
8375 8327 7427
8087 8581 8033
8128 8320 8244
8185 8444 7889
8045 8324 8190
8031 8567 8057
7774 8508 8144
7859 8419 8200
8158 8509 7854
8143 8548 7935
8267 8268 8034
7846 8515 8126
8200 8281 8056
8304 8095 7956
8375 8327 7427
8272 8094 7998
7793 8663 7630
8300 8239 7942
8138 8308 8230
8074 8281 8261
8458 8194 7760
8144 8361 7933
8458 8194 7760
8463 8114 7748
8300 8239 7942
8142 8362 8104
8006 8459 8147
8153 8340 8124
8020 8464 8114
7920 8473 8166
8131 8578 7967
8025 8464 8112
8388 8176 7864
8328 8282 7882
8016 8424 8126
8388 8176 7864
8006 8459 8147
8328 8282 7882
8267 8268 8034
8016 8424 8126
8328 8282 7882
8328 8282 7882
8328 8282 7882
8458 8194 7760
7552 7613 8333
7563 8669 7291
7587 7561 8306
8493 8182 7703
7610 7728 8286
7729 8668 7334
7941 8621 7399
8363 7982 7845
8227 7852 7995
7879 8627 7468
8217 8089 7982
8426 8251 7672
7782 8563 8045
7983 8351 8089
8437 8239 7725
7998 8320 8206
8310 8406 7527
7863 8650 7484
8270 8288 7613
7826 8514 8060
7912 8621 7603
8091 8221 8206
7842 8409 8152
8247 8435 7713
8319 7936 7927
7553 8656 7341
8063 8275 8185
8428 8182 7760
7806 8203 8234
8290 7940 7892
8164 8102 7987
8302 8264 7795
8141 8393 7879
8351 8172 7837
8034 8520 8017
8124 8473 7931
8281 7888 7933
7990 8117 8254
8156 8141 8019
8384 8164 7818
7988 8579 7881
8203 8465 7608
8211 8486 7472
7799 8172 8265
8020 8359 8025
7960 8400 8158
7967 8362 8039
8275 7854 7939
8384 8164 7818
8216 8240 7965
8073 8531 7984
7982 8231 8229
7837 8417 8177
8304 8461 7574
8261 8456 7685
7852 8418 8044
8076 8519 7996
8287 7874 7928
8289 8233 7920
8304 8461 7574
8317 8236 7866
8075 8286 8035
8261 8456 7685
8297 8457 7610
8317 8236 7866
7524 8636 7484
7546 7681 8281
7594 8648 7294
8306 8217 7280
8471 8102 7624
7674 7850 8249
7899 8614 7603
8446 8015 7647
8311 7895 7910
8409 8149 7706
7749 8645 7384
8160 8406 7429
7793 8397 8143
7984 8296 8158
7695 8058 8240
8253 8384 7520
7742 8319 8178
7722 8473 8035
8195 8080 7971
8130 8431 7470
8352 8156 7489
8040 8450 7782
7937 8569 7620
8071 8345 7986
8340 8181 7725
7761 8399 8113
7726 8520 7932
8268 8233 7743
7963 8445 7951
8249 8222 7848
7995 8220 8085
8192 8216 7893
7925 8558 7659
8297 8370 7605
8273 8138 7828
8079 8135 8083
8316 8042 7775
8314 8127 7854
7902 8538 7746
8270 8179 7881
7924 8319 8051
7920 8453 7833
7707 8549 7971
8106 8391 7922
7931 8396 8005
7789 8404 7992
8269 8377 7455
8107 8140 7941
8045 8218 8044
8261 8045 7900
8348 8155 7761
8348 8155 7761
8306 8217 7280
7558 8644 7321
7631 7877 8231
7680 7623 8173
8448 7984 7452
8105 8260 7809
8165 7770 7917
8323 8054 7742
7799 7670 8127
7629 8404 8034
7721 8353 7976
8004 8374 7893
7789 8324 8126
8416 7956 7537
8202 7924 7894
8396 8002 7493
8286 8117 7637
7780 8432 7943
7899 7897 7991
7950 8415 7870
7570 8288 8163
7623 8519 7925
7847 8585 7589
8336 8042 7691
8285 8165 7343
8131 8207 7842
7826 8610 7388
8388 8115 7686
7893 8492 7386
8248 8368 7556
7861 8453 7682
8145 8204 7823
7994 8291 7981
7879 8601 7425
8265 8141 7862
8271 8146 7459
7873 8553 7448
7883 8552 7548
8390 8042 7459
7861 8578 7555
7508 8430 7685
7573 7778 8176
7751 8604 7369
8247 8210 7308
8259 7968 7704
7595 7779 8131
8201 8275 7385
7985 8190 7917
7932 8185 7968
7779 8572 7576
7936 8389 7481
8233 8115 7846
7888 8227 7904
7815 8401 7629
7843 8573 7439
8257 8125 7778
7780 8396 7809
7427 7754 8156
7470 7604 8163
7782 8559 7302
8253 8079 7746
8183 7919 7844
8061 8211 7333
7515 8376 7591
7847 8164 7771
7710 8458 7575
7596 8532 7507
7827 8531 7397
7720 8279 7509
8172 7975 7803
8212 8101 7759
8157 8076 7829
8182 8070 7781
7456 7589 8126
7793 8509 7386
7961 8145 7206
8164 7994 7642
8161 7982 7716
7833 8073 7785
7664 8145 7466
7587 8499 7200
7652 8497 7171
7771 8490 7347
7342 8864 7482
7577 7731 8505
8285 8401 7286
8545 7824 7576
7497 8668 7759
7929 8749 7680
7879 8831 7727
7360 8695 7851
8451 7937 7768
8392 8349 7363
8076 7764 8332
7427 8855 7620
8076 7764 8332
8002 8304 8408
8545 7813 7584
7645 8144 8418
7911 8314 8265
7659 7742 8460
7995 8521 7811
7691 8334 8213
7982 8469 7981
8392 8349 7363
8117 8079 8290
7427 8855 7620
8231 8546 7586
8015 8300 8279
8092 8481 7743
7622 8389 8135
8287 8063 8019
8522 7977 7734
8421 8008 8155
8123 8585 7660
8277 8339 7706
8005 8640 7606
7715 8664 8096
7984 8559 7768
8186 8198 8065
8273 8123 8075
8267 8434 7922
7926 8419 7992
8171 8219 8002
8419 8092 7871
8139 8628 7641
8156 8165 8099
8175 8370 7932
8495 8196 7524
7946 8610 7834
8421 8057 7764
8380 8184 7841
7781 8327 8219
7964 8586 7871
7819 8592 7990
7622 8389 8135
7811 8361 8054
7659 7742 8460
8396 8166 7780
7842 8586 7933
8465 8205 7624
8451 7937 7768
8095 8537 7717
8239 8542 7537
8085 8111 8247
8049 8277 8018
8354 7966 8169
8134 8009 8233
8445 7958 8081
7756 8351 8087
8315 8204 7820
7756 8351 8087
8159 8242 7972
8165 8199 8048
7946 8610 7834
8085 8111 8247
7638 8098 8452
8389 8260 7804
8107 8275 8123
8362 8150 7914
8522 7977 7734
8351 8043 8096
7781 8327 8219
8267 8434 7922
8130 8528 7720
8480 7954 7737
8397 8277 7548
7730 8358 8124
8174 8029 8192
8421 8015 7857
8250 8199 7956
8486 8090 7540
8107 8275 8123
8232 8207 7936
7638 8098 8452
8114 8149 8178
8471 8237 7567
8333 8328 7611
8319 8156 7894
8274 8400 7593
8025 8173 8143
8504 8046 7606
8389 8260 7804
8362 8036 7983
8036 8196 8124
8388 8072 7920
8447 8252 7647
8021 8321 8015
8355 8061 7956
8142 8074 8183
7730 8358 8124
8065 8323 7985
7842 8586 7933
8355 8061 7956
8025 8173 8143
7638 8098 8452
7811 8361 8054
8186 8198 8065
8036 8196 8124
8495 8196 7524
8092 8481 7743
8504 8046 7606
7704 8347 8191
8328 8157 7860
8315 8204 7820
8397 8277 7548
8319 8156 7894
8022 8319 7993
8049 8277 8018
8174 8029 8192
8471 8237 7567
8130 8154 8171
8165 8199 8048
8065 8323 7985
8017 8349 7969
8232 8207 7936
8448 8065 7654
7819 8592 7990
8480 7954 7737
8124 8307 8000
8374 8153 7844
8374 8153 7844
7938 8328 8095
8231 8633 7585
8333 8328 7611
8134 8251 7933
8142 8074 8183
8328 8157 7860
7704 8347 8191
8329 8089 7915
8124 8307 8000
8316 8169 7852
8319 8156 7894
8448 8065 7654
7704 8347 8191
8329 8089 7915
7938 8328 8095
8471 8237 7567
8274 8400 7593
8445 7958 8081
8316 8169 7852
8471 8237 7567
8471 8237 7567
8017 8349 7969
8445 7958 8081
8362 8150 7914
8017 8349 7969
8134 8251 7933
7427 8855 7620
7638 8098 8452
7730 8358 8124
7756 8351 8087
7811 8361 8054
8165 8199 8048
8355 8061 7956
8392 8349 7363
7269 8819 7661
7310 8824 7534
7549 7681 8453
7890 8662 7381
8473 7806 7607
7432 8798 7480
8408 7948 8001
8473 7831 7581
7738 7752 8369
7690 8482 7959
7346 8675 7788
7556 8056 8413
8046 7979 8275
8227 8569 7513
7483 8754 7687
7494 8707 7637
8162 8622 7574
8310 8066 7816
7768 8325 8067
7442 8790 7405
7661 7710 8388
7674 7726 8372
8442 8108 7601
8140 8244 7879
8236 8524 7537
8009 8094 8116
7991 8421 7859
8015 8324 7915
7781 8301 8088
7885 8185 8354
7939 8430 7934
8076 8560 7602
7941 8237 8248
8347 8016 7894
7860 8222 8330
8098 8350 7872
7780 8595 7765
7862 8288 8295
8109 8033 8220
8325 8175 7766
8349 8234 7740
7954 8119 8187
7621 8639 7680
8003 8457 7695
8459 8178 7500
7604 8760 7609
8293 7994 8052
7960 8534 7865
7973 8206 7951
8373 8227 7656
7321 8774 7631
8044 8162 7898
7289 8808 7684
8080 8422 7787
8192 8101 8001
8181 8607 7395
8179 8596 7492
7979 8368 7890
7269 8819 7661
8291 8040 8041
7655 8441 8012
7619 8064 8402
7847 8290 8148
7445 8767 7704
8189 8386 7793
7665 8636 7737
7658 8434 8031
7871 8271 8194
7842 8505 7883
8036 8447 7702
7494 8707 7637
8110 8443 7627
7906 8297 8131
8190 8082 8054
7890 8662 7381
8192 8101 8001
7944 8218 8219
8389 7987 8152
7945 7986 8294
8243 8146 7955
8283 8255 7698
8266 8071 7870
7668 8398 8077
8380 8172 7802
7906 8640 7605
8252 8259 7627
7784 8681 7643
7804 8294 8161
7871 8271 8194
7870 8200 8339
7829 8636 7709
7668 8398 8077
7807 8646 7618
7800 8665 7646
7442 8790 7405
8247 8109 7920
7807 8646 7618
8263 8253 7870
7655 8441 8012
7784 8681 7643
7977 8356 7926
8243 8146 7955
7604 8760 7609
7988 8507 7804
7906 8640 7605
7954 8119 8187
7870 8200 8339
8404 8051 7865
8386 8063 7868
7829 8636 7709
8039 8515 7687
7993 8237 7922
7303 8805 7660
7320 8787 7621
7978 8514 7794
7800 8665 7646
7804 8294 8161
7320 8787 7621
8191 8631 7390
8191 8631 7390
7445 8767 7704
8404 8051 7865
7303 8805 7660
7978 8438 7859
7829 8636 7709
7988 8507 7804
7839 8622 7709
7977 8356 7926
7839 8622 7709
7944 8218 8219
7839 8622 7709
7807 8646 7618
7445 8767 7704
7784 8681 7643
7839 8622 7709
7988 8507 7804
8404 8051 7865
7265 8819 7611
7570 7674 8383
8198 8453 7365
8455 7845 7457
7607 7718 8362
8317 7779 8099
8053 8079 8022
7301 8777 7622
7513 8747 7508
7919 8227 8091
7419 8659 7636
7747 8267 8202
7411 8735 7645
7645 8439 7734
7731 8598 7681
7983 8022 8163
7372 8367 7934
7452 8750 7616
8018 7693 8243
8075 7975 7969
8248 8022 7790
8221 8057 7864
7852 8207 8261
7873 8131 8329
8284 7889 8116
8043 7962 8118
7978 8314 7791
8169 8062 7891
8427 8066 7573
7927 8498 7671
8003 8420 7719
7954 8361 7861
8183 8554 7494
7876 8385 7854
8126 8162 7807
7275 8650 7711
8277 7948 8112
8351 7993 7829
8130 8586 7427
8330 8089 7749
7837 8131 8335
8390 7952 7744
8168 8121 7929
8338 8214 7585
8110 8235 7814
7921 8206 8246
8139 8285 7708
8351 8113 7670
8361 8151 7564
8282 7915 8117
8159 8301 7647
7958 8436 7851
8157 8089 7946
8376 7989 7697
8085 8372 7722
7813 8528 7624
7763 8565 7578
8151 8577 7530
7787 8541 7561
8188 8536 7438
8455 7976 7432
7827 8444 7692
8105 8384 7684
7986 8512 7612
7957 8616 7544
8120 8548 7552
7858 8522 7558
7857 8260 8245
7775 8528 7674
7957 8616 7544
8197 8209 7736
8130 8586 7427
8155 8572 7532
8155 8572 7532
7957 8616 7544
7159 8753 7462
7746 8077 8238
8128 8554 7403
8255 7828 8039
8423 8011 7441
7539 8233 7993
8160 8074 7840
7997 7937 7902
8298 8159 7482
7235 8608 7694
7684 8169 8108
7326 8686 7610
7865 8312 7728
7758 8314 7757
7259 8719 7518
8220 7946 7884
7383 8664 7622
7982 7894 8006
7591 8407 7664
7957 7956 8160
7620 8419 7598
7804 8149 8141
7519 8129 8232
7451 8648 7570
7423 8712 7581
8294 7998 7565
7865 8146 8214
7855 8179 8089
7847 8509 7575
8085 8570 7416
8241 7855 8015
7903 8378 7640
7891 8472 7551
7939 8352 7674
7494 8211 8152
7901 8084 8016
7844 8558 7517
8037 8431 7547
8072 8457 7542
7961 8344 7632
8049 8075 7805
7959 8192 7789
7844 8575 7467
7999 8191 7719
8070 8177 7695
8139 8216 7668
8224 7955 7800
7752 8371 7667
8134 8148 7715
7161 8686 7551
7174 8714 7492
7713 8074 8227
8071 8541 7333
8200 7766 7989
8295 7916 7437
7448 8618 7448
8130 8106 7659
7303 8680 7596
7786 8178 7813
8219 7894 7837
7841 8140 7857
8140 7815 8021
8204 7939 7856
7857 8249 7650
7821 8466 7551
7365 8618 7462
7906 8322 7643
7977 8211 7611
7382 8589 7620
8022 8369 7531
7801 7827 8094
7727 8131 8141
7734 8179 8064
7938 8341 7552
7727 8389 7552
7814 8530 7438
7743 8077 8127
7912 8172 7623
7764 7767 8133
8057 8336 7459
7853 8338 7578
7756 8362 7601
7713 8139 8093
8132 8131 7438
7274 8663 7502
7647 8110 8125
7725 7537 8120
7948 8486 7291
8061 8078 7604
7430 8567 7409
8027 7694 7965
7671 8179 7644
7896 8356 7513
7720 8158 7950
7589 8308 7562
7698 8134 8015
7909 8207 7493
8018 8312 7388
8001 8261 7405
7747 8026 7458
7778 8213 7353
7777 8179 7371
7718 8111 7273
