1 0.880688
20974 21726
21510 21330
21328 21557
21471 21418
21410 21475
21353 21545
21413 21431
20516 21713
21409 21443
20622 21671
21345 21473
20505 21699
21390 21411
20580 21602
21323 21451
21346 21419
20415 21651
21379 21373
21249 21442
20513 21556
20442 21635
20450 21575
21257 21420
21356 21405
21331 21418
21362 21382
20471 21562
20429 21584
21373 21207
20513 21531
21202 21434
21350 21381
21253 21394
21254 21386
20375 21583
21346 20828
21197 21434
20433 21512
21321 21372
21231 21390
20415 21529
20419 21525
20355 21580
21345 20603
21174 21420
20429 21479
21318 21345
21324 20608
21286 21349
20418 21510
20393 21522
20371 21542
20360 21562
20293 21576
21331 20543
21104 21414
21311 21075
20429 21471
21301 21330
21199 21338
21204 21333
20321 21550
20359 21534
20363 21508
20389 21495
20402 21482
20416 21477
20231 21550
21303 20768
21289 21261
21096 21357
20556 21398
20355 21515
20516 21405
20418 21457
20257 21535
20424 21436
21237 21327
21246 21307
21237 21327
20346 21513
21287 20632
20418 21304
21194 21303
21281 20913
21231 21274
21282 20736
20407 21451
20353 21481
21201 21281
20353 21481
20311 21513
21275 20816
21275 20816
21084 21300
20393 21431
21217 21263
20339 21434
21171 21298
21172 21275
21202 21265
21183 21271
20242 21513
21272 20798
21114 21282
20336 21354
21202 21176
21216 20799
20298 21489
21193 21235
20310 21382
20313 21369
20238 21479
21271 20773
20300 21369
21069 21273
21194 20964
21266 20790
21193 21135
21148 21182
21083 21262
20292 21425
21183 21167
20277 21468
20284 21453
20217 21466
21269 20554
20234 21414
20689 21272
21117 20906
21073 21074
21036 21210
21264 20613
21261 20745
20881 21218
20760 21259
21039 21110
20866 21247
21160 20832
20689 21272
21209 20754
21186 20804
21196 20762
21173 20812
21162 20818
20210 21429
21259 20670
20542 21236
20230 21297
20935 21206
21083 20855
21061 20996
21184 20766
21019 21090
21249 20707
21047 21060
21015 21165
20957 21182
21111 20842
21060 21021
21136 20787
21117 20805
20995 21171
21250 20701
21127 20794
20831 21203
21251 20535
21053 21013
20890 21188
21086 20816
21010 21154
20983 21161
21032 21014
21230 20615
21109 20775
21155 20754
21215 20687
21176 20703
21174 20749
21196 20688
21089 20808
20531 21194
21226 20565
21071 20804
21013 20984
20589 21183
21210 20685
20754 21182
20990 21004
20831 21159
20903 21146
20918 21124
20983 21080
20962 21087
21162 20712
21097 20771
20793 21164
21120 20752
21147 20725
20645 21173
21222 20519
20983 21007
20992 20802
20777 21155
21167 20655
21187 20557
21141 20698
20833 21140
20901 21138
20956 21037
21201 20538
21111 20739
21114 20708
20941 21042
21065 20750
21080 20747
21003 20800
21038 20793
21051 20779
20932 21082
20916 21101
20910 21120
20809 21144
20929 21085
20804 21154
21042 20784
20807 21152
20634 21168
21192 20496
20795 21137
21030 20791
20979 20979
21160 20585
20927 21074
20969 20986
21111 20726
20869 21133
21127 20680
20885 21080
21155 20654
21037 20783
21050 20755
21137 20660
21076 20730
20884 21109
21056 20746
20879 21128
21070 20736
21155 20654
20979 20979
20502 21149
21154 20603
20815 21133
20953 20945
21015 20787
20926 20988
21029 20739
21075 20716
21136 20643
21110 20700
21113 20665
20887 21063
20872 21084
20829 21091
20920 21032
21017 20781
20908 21037
20836 21086
20694 21129
21152 20333
20950 20885
21149 20598
21014 20773
20905 20983
20780 21084
20865 21063
20767 21120
21126 20628
20881 21036
21089 20650
21022 20726
21073 20684
21040 20715
21061 20701
20687 21129
21148 20541
20906 20882
20857 21024
20960 20754
20920 20847
21117 20602
20776 21054
21078 20647
20851 21048
20977 20720
21141 20558
20720 21110
20761 21070
21070 20672
21038 20715
21045 20684
20744 21094
21011 20716
20738 21096
21043 20695
21011 20716
20852 21046
20678 21127
21147 20494
20846 20741
20845 21033
21068 20657
21023 20710
21083 20566
20952 20713
20900 20726
20724 21073
20773 21046
20838 21044
21131 20550
20746 21057
21136 20531
21142 20500
20581 21120
21133 20469
20999 20705
20843 20988
20818 21041
21056 20616
21072 20558
20660 21105
21129 20537
20699 21060
21016 20675
20607 21113
20699 21060
20838 21000
21009 20687
21013 20683
20699 21060
20548 21100
21118 20521
20827 20867
20974 20696
20779 21041
20678 21048
21071 20533
20647 21093
21035 20581
20825 20941
21010 20609
20788 20963
21003 20655
20782 20993
20654 21069
20996 20690
20975 20691
20645 21083
21104 20418
20798 20696
20788 20864
20769 21018
20945 20694
20999 20558
21051 20499
20716 21038
20672 21044
20983 20616
21102 20477
21068 20479
20981 20668
20974 20685
20556 21066
21096 20447
20940 20682
20744 21014
20980 20503
20979 20652
21034 20487
20713 21036
20617 21058
20650 21037
20632 21055
20645 21050
20589 21052
21094 20440
20740 20869
20896 20670
20975 20579
20716 21008
20706 21034
20623 21039
20927 20668
20958 20588
20929 20603
20928 20622
20613 21047
20712 21025
20615 21043
20701 21023
21079 20436
20917 20652
20713 20977
20963 20458
20956 20563
20927 20602
20957 20471
20709 21010
20706 21014
20693 21017
21074 20415
20876 20641
20710 20969
20954 20530
20888 20531
20697 21002
20664 21016
21012 20385
20853 20640
20690 20980
20945 20442
20514 21016
20818 20574
20688 20760
20633 21015
20684 20929
20634 20946
20663 20940
20574 21012
20645 20915
20628 21001
20603 20971
20535 20954
20590 20866
20558 20880
20417 20821
20987 21737
21768 20795
21369 21182
21358 21513
21581 21009
21037 21552
21677 20873
21000 21597
21707 20844
20498 21676
21733 20618
21534 20802
21324 21210
21281 21409
20993 21568
20903 21656
21321 21306
21682 20794
21709 20725
21300 21375
20927 21608
20952 21582
21702 20768
20925 21605
21702 20690
21702 20690
21613 20783
21316 21234
20988 21445
21279 21397
20981 21568
21674 20779
21286 21354
21296 21262
21687 20701
21301 21240
20906 21571
21688 20625
21581 20782
21311 21208
21109 21345
20980 21503
21257 21332
21673 20749
21645 20763
21280 21324
20956 21509
20940 21547
21287 21261
21296 21260
20927 21566
21666 20758
20900 21570
21660 20682
21552 20782
21278 21182
21037 21330
21246 21317
20939 21469
21647 20736
20929 21521
21256 21291
21259 21226
21656 20735
21274 21223
20937 21490
20873 21553
21652 20595
21274 21120
21486 20765
21035 21321
20925 21433
21223 21313
21644 20736
21529 20743
21268 21223
21035 21321
20895 21479
20892 21505
21230 21243
21488 20760
21237 21234
20102 21547
21640 20698
21262 21208
21606 20726
20700 21519
20920 21336
21126 21313
21229 21225
20740 21480
20917 21430
20813 21469
21216 21295
20868 21460
21200 21296
20895 21432
21610 20702
21636 20699
20389 21491
21634 20699
21485 20708
21259 21191
20440 21467
20856 21445
20908 21387
21048 21312
21059 21288
21207 21279
20870 21406
21212 21217
21225 21198
21211 21248
21210 21263
20863 21430
20863 21430
20272 21481
21631 20614
21225 21197
21629 20682
20422 21465
20747 21437
20907 21297
21183 21274
21201 21257
20845 21374
20882 21347
20811 21426
20841 21422
20335 21468
20889 21303
20319 21469
21183 21274
20265 21451
21588 20591
21511 20681
21203 21185
20364 21448
20697 21413
20982 21273
20831 21289
21556 20648
21131 21269
20827 21353
20808 21370
20788 21410
21535 20678
20762 21411
21199 21214
21193 21238
21161 21247
21133 21254
21203 21185
20253 21435
21535 20614
21431 20678
21202 21137
21127 21269
20607 21361
20827 21346
20349 21427
21188 21222
20760 21356
21201 21159
21523 20675
21529 20666
20308 21427
21531 20594
21526 20661
21195 21142
20350 21354
21092 21269
21185 21188
21107 21258
21123 21221
20320 21395
21183 21216
21145 21217
20319 21398
20194 21412
21505 20513
21488 20655
21193 21085
20334 21326
21010 21260
21160 21215
21168 21148
20285 21386
20300 21353
20238 21407
21092 21236
21164 21163
21055 21256
21069 21237
20284 21385
21484 20597
21032 21251
20302 21324
21178 20951
21362 20654
21163 21141
21443 20627
21102 21213
21139 21192
21145 21165
21146 21157
20225 21383
21469 20587
21155 21109
21352 20610
20281 21242
20781 21241
21010 21235
20876 21238
20277 21318
21116 21186
20263 21373
21055 21197
21110 21191
21066 21196
20158 21350
21467 20581
21145 21096
20983 21211
20262 21339
21116 21185
21009 21193
20242 21348
21081 21188
20177 21342
21454 20568
21391 20569
21144 21030
20846 21210
20251 21294
21122 21071
21113 21171
20961 21191
20250 21323
20999 21188
21090 21185
21128 21057
21105 21180
20114 21318
21450 20549
21117 21028
20678 21188
20250 21263
20930 21187
21108 21117
21066 21184
21072 21172
20212 21315
20245 21273
20239 21302
20239 21302
20239 21302
20189 21305
21357 20515
21072 21102
21065 21181
20243 21234
20235 21299
20241 21244
20002 21301
21321 20505
21057 21133
20230 21298
21048 21170
20219 21298
21297 20486
21056 21111
20711 21166
20224 21273
20909 21145
21006 21143
21015 21125
21050 21124
20151 21297
21186 20265
21050 21113
21146 20337
20633 21157
20224 21226
20897 21144
20194 21270
20222 21236
20117 21251
21177 20156
21082 20299
21036 21022
20360 21133
20871 21131
20202 21203
21143 20261
20187 21227
21164 20205
20948 21113
21008 21058
20889 21125
20985 21102
20996 21085
21174 20165
20098 21233
21124 20209
21071 20288
20981 21084
20669 21127
20143 21222
20930 21113
20718 21115
21113 20231
20033 21230
21122 20113
20962 21019
21033 20232
20620 21120
20137 21158
20929 21101
20109 21206
21119 20189
21069 20210
21094 20193
20950 21063
21053 20224
20954 21055
20077 21160
21117 20189
20960 20986
20995 20206
20781 21095
20125 21098
20893 21056
20844 21075
20105 21138
20868 21069
20509 21092
21110 20181
20960 20351
20931 20894
21023 20188
20756 21089
20886 21056
20902 20973
20773 21075
20759 21076
20628 21084
21080 19921
20901 20967
21071 20176
20713 21082
20836 21044
21079 20134
20842 21000
20621 21084
21069 19982
20895 20931
21036 20163
20830 21033
20709 21081
20730 21038
21066 20135
20863 20962
20721 21040
20490 21080
21043 20127
20881 20841
21034 20163
20682 21066
20744 20984
20825 20966
20612 21068
20807 20982
20612 21068
20612 21068
20205 21080
21027 20120
20871 20739
20943 20160
20783 20978
20595 21062
20639 21046
20984 20128
20615 21050
20994 20127
20557 21061
20975 20105
20735 20898
20950 20121
20644 20903
20638 21024
20578 21026
20577 21027
20001 21061
20955 20105
20664 20822
20922 20118
20552 21053
20618 20998
20590 21017
20606 21006
20941 20109
20513 21051
20954 20066
20601 20985
20948 20101
20550 21000
20536 21033
20518 21050
20029 21051
20938 19994
20541 20965
20931 20061
20415 21029
20513 21028
20526 20991
20936 20044
20458 21026
20919 20042
20532 20880
20515 20951
20488 20984
20444 20999
20919 19995
20489 20924
20907 20013
20414 20983
20919 19972
20461 20876
20918 19977
20440 20922
20424 20895
20668 19880
20348 20808
20323 20804
20248 20680
21357 21821
21647 20425
21477 21021
21596 20986
21617 20593
21639 20447
20364 21566
21599 20479
20719 21467
21059 21130
20475 21565
20906 21336
21519 20634
21262 21004
21390 20746
20884 21387
21306 20827
21589 20599
21186 21041
21129 21071
21386 20814
21332 20823
21148 21066
20462 21446
21559 20502
20749 21323
20982 21054
21440 20620
20657 21390
21367 20795
21514 20503
21111 21032
21256 20905
21202 20960
21031 21053
21166 20999
21303 20813
21258 20846
21319 20802
21181 20974
21257 20862
20341 21414
21556 20419
20737 21133
21032 21001
21354 20542
21353 20785
20709 21312
20488 21331
21220 20864
21524 20488
21386 20495
21146 20962
20725 21274
21230 20805
20728 21159
21321 20790
20454 21354
20422 21396
21051 20984
21097 20971
20422 21396
21130 20970
20422 21396
20422 21396
20422 21396
20391 21394
21516 20452
21472 20483
21348 20777
20711 21163
20861 20991
20614 21293
21164 20856
21225 20800
20973 20986
21034 20966
20676 21253
21138 20931
21316 20784
20657 21279
21117 20944
21509 20467
21316 20784
21117 20944
21117 20944
20256 21381
21509 20321
20892 20974
20672 21205
21347 20774
21392 20475
21259 20775
21138 20880
20389 21333
20992 20951
20395 21291
21496 20427
20569 21290
21126 20907
20642 21239
21421 20446
20600 21285
21498 20325
20943 20956
21128 20893
21501 20323
20219 21335
21483 20411
21292 20488
20881 20930
21279 20713
20617 21227
21087 20907
20713 20972
21364 20474
20672 21071
20785 20957
21134 20847
21171 20748
20531 21285
20369 21315
21469 20424
20490 21287
20323 21326
20665 21172
21207 20743
21276 20741
20671 21127
21115 20867
21095 20886
20669 21139
20332 21322
20665 21172
21483 20411
20299 21308
21473 20373
20769 20923
21037 20895
21278 20524
20716 20953
21270 20700
20659 21086
21134 20788
21387 20377
21343 20457
20352 21298
21239 20737
20551 21194
20510 21277
20477 21287
21105 20827
20643 21169
21078 20889
21301 20474
20571 21170
20653 21103
21252 20725
20185 21308
21461 20343
20638 21156
20850 20889
20656 21006
20510 21227
21330 20440
21029 20887
21410 20363
20741 20916
21240 20671
20342 21283
20233 21290
21152 20722
21256 20547
20482 21265
20412 21281
21239 20692
21263 20542
20665 20935
21055 20861
21278 20450
21108 20772
21119 20742
21089 20821
21087 20827
21454 20360
20695 20931
21278 20450
20695 20931
21258 20546
20226 21274
21452 20346
20720 20893
20634 21094
20793 20889
21233 20650
21249 20503
20988 20887
21117 20696
20273 21255
21316 20367
20418 21253
21204 20675
20499 21173
21275 20445
21278 20368
21107 20768
20624 21134
20542 21146
21255 20467
20463 21212
21059 20804
20558 21136
21080 20769
20439 21229
21044 20816
21037 20851
21021 20861
20460 21220
21013 20883
21013 20883
21013 20883
20199 21244
21426 20306
20744 20888
20607 20980
20523 21142
20981 20853
20586 21098
20389 21235
21159 20659
21357 20346
21259 20393
21227 20621
21107 20748
20364 21243
21233 20513
21028 20769
21238 20465
21425 20337
21215 20645
21249 20415
21013 20824
21064 20758
20998 20834
21236 20501
21103 20757
20371 21236
20344 21241
21412 20334
20725 20874
21227 20367
20455 21141
21225 20555
21169 20641
20551 21029
20771 20849
20603 20925
20602 20939
21247 20337
21393 20336
20388 21224
20894 20837
21098 20712
21001 20811
21200 20599
21042 20755
20969 20816
20899 20823
20546 21086
20509 21112
21224 20565
21072 20725
21052 20749
20388 21224
21233 20347
20531 21096
21089 20722
20520 21103
20509 21112
21098 20712
20302 21222
21404 20277
20511 21044
20686 20866
20364 21198
20508 21086
20819 20770
21223 20399
21001 20761
21345 20321
20807 20832
21060 20696
20700 20854
21121 20635
21218 20538
21133 20562
21170 20543
21365 20303
21220 20466
21037 20737
21125 20621
21222 20448
21043 20712
20269 21197
21399 20210
20673 20840
20511 20989
21292 20319
21214 20443
20784 20830
21108 20628
21010 20657
20992 20722
20855 20755
20415 21083
21131 20545
20904 20752
20348 21141
20497 21080
21330 20229
21204 20529
20311 21195
20337 21165
21181 20536
21330 20229
20470 21082
21330 20229
20277 21194
21398 20149
20645 20827
20486 21051
21204 20497
21277 20279
20788 20741
21059 20552
20344 21108
20865 20708
20485 21070
20700 20810
21014 20624
21375 20207
20969 20702
20318 21142
21140 20511
21291 20222
21320 20213
20287 21176
20988 20636
20984 20683
21140 20511
20695 20811
20188 21194
21371 20018
20697 20743
20479 21069
21256 20251
20899 20697
21202 20474
21110 20483
20997 20583
20284 21167
20341 21088
20311 21109
21302 20162
21342 20088
20982 20597
21331 20102
21171 20476
20956 20658
21288 20209
20947 20662
21299 20198
20408 21037
21281 20020
20531 20718
20650 20695
21261 20207
20472 21002
20895 20660
21188 20424
21054 20479
20971 20511
21263 20043
20954 20602
21140 20462
20918 20651
21180 20442
20389 21028
21249 20196
20457 20908
20891 20608
21187 20387
20979 20454
21118 20438
20954 20542
20443 20940
20915 20580
21159 20426
21175 20402
20913 20600
20334 21022
21230 20071
20725 20603
20361 20819
20907 20518
21090 20428
21169 20321
20351 20854
20345 20998
21157 20411
21167 20354
20247 20994
21229 20012
20605 20510
20315 20983
21145 20357
21228 20063
20864 20502
20906 20457
21039 20415
21094 20392
20308 20980
21177 20004
21007 20408
21142 20324
21135 20344
20291 20881
21162 19969
21135 20327
20287 20849
21127 20327
21121 20271
21037 20255
21093 20158
21087 20137
21015 19917
20847 21626
21940 20775
21651 20897
21186 21096
20971 21156
21087 21136
21848 20893
21875 20846
21863 20854
20654 21622
21907 20773
21155 21087
21713 20885
20940 21123
20847 21434
20709 21525
21786 20853
21061 21121
20775 21469
20811 21468
21746 20877
20236 21568
21882 20586
20782 21342
21104 20896
21685 20872
21017 21079
20648 21504
21840 20724
21037 20974
20775 21444
21739 20825
21026 21054
21797 20759
20689 21497
20763 21468
21777 20795
20148 21565
21834 20618
20862 21057
20759 21395
20228 21467
21269 20866
21618 20848
21060 20885
20669 21466
21026 21024
21734 20825
21813 20718
21750 20766
20713 21410
21791 20745
20690 21443
20703 21431
21766 20756
20084 21491
21778 20711
20749 21388
20815 21031
20651 21461
21689 20824
21031 20858
21238 20833
21017 21021
21724 20777
21220 20854
20660 21445
20908 21024
20101 21454
21773 20682
20860 20987
20724 21316
20621 21433
20993 20984
21627 20824
21180 20850
21215 20832
20690 21380
21720 20715
21680 20788
21701 20765
20713 21337
21753 20689
20701 21364
20064 21452
21767 20681
20710 21066
20698 21353
20584 21431
20963 20978
21492 20818
20988 20943
21123 20844
21242 20822
21688 20757
21607 20762
20608 21389
21180 20838
20678 21372
20655 21377
20637 21378
20637 21378
20637 21378
20038 21449
21743 20633
20686 21336
20955 20977
21346 20817
21676 20734
21157 20824
20093 21429
20556 21428
20969 20910
21723 20681
20959 20948
20575 21400
20673 21364
20600 21378
20636 21374
20616 21377
20032 21439
21707 20611
20938 20958
20686 21333
20552 21425
21628 20718
21311 20807
20947 20830
21147 20820
20944 20918
21685 20662
21285 20813
20575 21394
20616 21367
21669 20711
20667 21354
21707 20611
20550 21421
21691 20483
20662 21351
20922 20949
21289 20743
21658 20705
21095 20803
20936 20946
21681 20625
21191 20797
21236 20779
20574 21375
20602 21364
21659 20642
21662 20633
20040 21416
21678 20522
20651 21293
20893 20945
21266 20736
20476 21402
21634 20686
20935 20894
21185 20796
20121 21408
21649 20670
20570 21363
20619 21333
21235 20763
21188 20789
20051 21412
20931 20915
20896 20929
20924 20927
21648 20673
20046 21403
21648 20627
20621 21132
20831 20945
20617 21300
20333 21383
21326 20672
20558 21361
20912 20820
21579 20650
21043 20796
20891 20924
20141 21393
21263 20727
21117 20782
21173 20781
20139 21398
21184 20748
20870 20939
21231 20731
21197 20737
20886 20929
20106 21389
21627 20545
20588 21288
20822 20938
20557 21345
21577 20646
20258 21366
21283 20656
20876 20843
21051 20765
21626 20593
21180 20743
21038 20794
20861 20916
20927 20796
21263 20680
20897 20797
20224 21380
21196 20721
21257 20717
20167 21381
20847 20925
21241 20718
20141 21382
20860 20920
20141 21382
20101 21387
21551 20567
20758 20931
20554 21315
21536 20643
21027 20792
20850 20854
21254 20703
20301 21344
20543 21338
21166 20734
20830 20919
20188 21351
21234 20715
21166 20734
20163 21363
20131 21374
20120 21380
21254 20703
21254 20703
20084 21383
21287 20642
20507 21267
20783 20914
20498 21336
20821 20882
20958 20788
20172 21339
21051 20728
21025 20779
21166 20716
21227 20648
20123 21368
21218 20712
20143 21341
21242 20644
21217 20715
19998 21382
21285 20599
20608 20856
20487 21217
20744 20853
20898 20787
20449 21303
20217 21309
21048 20719
20485 21280
21229 20636
21144 20706
21010 20748
20074 21379
20964 20776
21213 20654
20097 21362
20172 21316
20971 20762
21195 20680
20137 21317
20122 21349
20127 21338
21168 20697
21170 20681
20041 21377
21262 20519
20422 21280
20574 20779
20777 20768
20134 21287
21120 20684
21007 20723
20900 20765
20085 21353
21227 20594
20117 21303
21258 20540
20934 20746
21209 20630
21174 20666
21001 20742
21192 20647
21191 20664
21001 20742
19959 21374
21218 20588
20866 20764
20221 21249
21086 20684
21003 20721
20964 20740
20137 21275
20003 21371
20113 21282
20060 21320
20047 21332
21153 20648
21201 20622
21190 20632
21102 20657
21000 20739
21121 20656
19962 21366
21210 20471
20178 21249
20941 20738
21208 20498
21183 20620
20992 20677
21093 20655
20043 21319
19985 21341
20053 21280
20122 21255
20105 21279
21152 20626
20988 20724
21111 20641
20964 20729
19967 21365
21100 20643
19901 21354
21202 20491
20156 21064
20886 20717
20150 21233
21085 20651
21179 20612
20019 21262
20979 20684
19958 21304
21146 20624
19921 21338
20967 20706
20002 21272
20002 21272
20976 20702
19949 21300
21192 20490
20145 21201
20860 20704
21061 20647
20874 20659
21176 20605
20034 21214
20015 21258
21146 20610
19921 21270
21179 20483
20814 20642
20015 21246
21164 20603
20977 20636
21050 20604
21028 20610
19943 21261
19983 21247
21045 20607
19919 21259
21150 20596
20870 20623
20015 21197
21141 20603
19969 21242
19993 21215
19928 21253
19927 21255
19895 21227
21147 20581
21086 20600
20012 21158
19994 21169
19965 21219
19953 21221
21135 20584
21138 20583
19926 21214
21145 20566
19958 21182
21069 20600
21122 20583
21079 20588
21129 20568
19902 21174
21144 20552
20982 20594
19956 21165
21041 20585
21110 20583
21122 20562
19907 21158
21106 20444
19937 20982
20916 20577
19930 21143
21103 20568
21091 20570
19866 21154
21102 20490
20858 20563
19926 21089
21097 20561
19908 21140
19832 21120
21095 20561
19870 21107
19846 21068
21059 20514
20963 20559
19866 21009
19857 21058
19762 21038
21051 20461
20967 20494
21028 20425
21046 20380
21031 20424
20674 20288
20547 21875
21722 21352
21109 21733
21134 21538
21394 21503
21115 21651
21577 21489
21619 21412
21603 21419
20444 21833
21600 21282
20482 21733
21392 21429
20936 21691
21085 21562
21502 21389
21563 21377
21596 21307
20960 21630
21072 21590
21014 21596
20985 21613
20985 21613
20405 21799
21579 20999
20780 21680
20416 21713
21573 21283
21086 21409
21070 21588
21286 21394
21486 21387
20928 21633
20898 21647
21549 21347
21495 21360
21512 21349
21512 21349
20382 21792
21566 21253
21058 21544
21411 21385
20908 21632
20503 21674
20383 21686
20986 21586
21538 21281
21520 21334
20994 21562
21472 21351
21452 21370
20380 21762
21551 21196
20392 21621
21002 21414
20949 21578
21345 21355
20995 21538
21468 21327
21527 21281
21515 21305
20957 21554
20964 21548
20311 21761
21551 21004
20351 21622
21129 21348
20890 21573
20986 21525
21315 21315
21500 21122
21479 21189
21468 21258
21450 21313
20341 21684
20942 21528
20905 21560
21453 21297
20315 21700
20315 21700
20261 21709
21509 20854
21452 21293
20977 21430
20877 21556
20338 21650
21483 21074
21503 20998
20283 21671
20932 21485
20927 21520
20897 21546
20322 21656
20931 21486
20154 21688
21487 20951
20337 21567
20817 21548
20960 21277
20923 21498
21455 21055
21104 21263
21417 21258
21431 21194
20242 21659
20866 21520
20322 21631
20320 21656
20281 21649
21473 20857
20748 21500
20296 21635
20934 21263
21379 21206
21077 21231
20918 21442
21402 21063
21440 20924
20913 21471
21381 21187
21067 21259
21420 20996
21411 21012
21077 21231
20218 21648
21432 20774
20913 21426
20460 21475
20924 21220
21368 21204
21386 21059
20276 21531
21410 20913
21403 20937
20253 21576
20228 21627
20227 21634
20145 21635
21407 20858
20348 21449
20779 21416
21308 21185
20881 21398
21384 21015
21022 21194
21050 21186
20236 21547
21400 20912
20170 21581
20234 21559
21401 20863
20171 21558
21393 20815
21117 21181
20866 21286
21259 21115
20515 21346
20410 21415
20772 21342
21308 20969
20222 21447
21384 20927
20207 21536
20213 21463
21374 20965
21375 20953
20116 21557
21393 20732
20613 21328
21116 21162
21247 21080
20360 21393
20818 21189
21381 20910
20842 21168
21323 20963
20236 21397
20220 21441
20142 21514
21367 20961
20202 21507
20202 21507
21323 20963
20093 21546
21377 20848
20559 21221
20934 21152
20539 21317
21233 21061
20198 21507
20284 21347
20254 21393
21332 20961
21067 21092
21360 20934
21041 21151
21048 21114
20063 21545
21363 20793
20935 21149
20520 21213
20206 21354
20439 21284
20197 21477
21168 21042
21183 20981
20948 21098
20511 21251
21236 20957
20071 21493
21078 21049
20154 21490
21319 20951
21039 21085
21361 20831
21343 20905
21331 20928
21060 21080
21346 20863
21344 20871
19958 21524
21335 20838
20503 21200
20740 21144
20239 21264
20427 21234
20179 21340
20063 21489
21173 20938
20329 21259
20966 21020
20160 21473
20175 21390
21321 20920
21160 20968
20832 21098
21107 21017
20910 21093
21332 20903
21120 21011
20757 21113
20930 21045
20125 21476
20915 21060
20177 21373
20753 21131
21330 20911
19937 21489
21325 20828
20273 21254
20427 21115
20757 21075
21105 21017
20170 21319
21310 20894
20902 21032
20423 21117
20418 21231
21158 20933
20757 21075
20914 21029
21256 20918
20148 21399
20417 21232
20160 21348
20143 21435
20055 21449
20056 21436
19973 21456
21108 20964
21108 20964
19956 21457
20757 21075
20757 21075
19888 21453
21323 20813
20702 21040
21104 21013
20150 21340
20405 21206
20405 21206
20809 21026
21245 20918
20045 21433
20092 21388
19930 21448
21303 20868
20145 21371
21254 20885
21298 20879
19779 21449
21316 20764
20405 21201
20733 21019
20135 21233
21086 20943
20928 21011
20107 21318
20002 21423
19882 21426
21218 20895
21301 20866
21304 20802
20132 21257
20075 21374
20067 21382
21062 21009
21073 20997
21219 20878
19954 21404
19954 21404
21304 20749
20378 21185
20783 21010
20132 21235
20070 21336
21294 20810
20979 21001
21077 20892
20924 21009
20988 20926
21170 20879
20995 20923
21173 20818
20026 21362
21188 20811
21144 20888
19978 21381
19997 21370
19961 21398
19954 21404
19813 21396
21275 20767
20344 21151
20925 20992
20045 21221
21128 20884
21220 20810
20037 21302
20986 20912
20962 20957
21027 20887
20024 21360
19991 21366
19912 21380
19898 21392
20945 20986
21259 20792
21259 20792
19867 21378
21240 20760
20292 21144
20603 20979
20018 21310
20301 21088
20800 20969
21122 20838
20961 20918
21054 20884
21176 20786
19954 21323
20872 20958
20960 20955
21088 20867
19908 21350
21220 20777
19875 21357
19853 21365
21232 20760
19971 21276
20701 20958
20928 20940
20985 20866
19905 21336
20746 20946
21080 20853
21121 20777
21120 20811
19806 21329
21227 20595
19902 21312
20649 20958
21114 20712
21076 20833
20912 20912
20901 20935
21084 20799
20674 20941
20663 20948
20670 20945
19811 21229
21041 20454
20172 20951
20873 20935
19853 21223
21028 20815
20932 20832
20888 20882
20910 20859
19844 21189
21028 20607
20499 20924
20997 20743
20838 20922
20889 20850
20981 20815
20868 20920
19765 21084
20915 20800
20737 20919
20865 20908
19641 21053
20858 20875
20612 20916
20760 20907
20839 20894
20839 20894
20557 20916
20850 20859
20700 20903
20631 20896
20846 20848
20692 20884
20823 20850
20574 20884
20810 20815
20754 20838
20785 20824
20766 20834
20514 20884
20731 20837
20574 20859
20712 20821
20653 20797
20656 20741
20629 20791
