14 2.98747
13644 15084 14884 14110
13975 14315 13895 15049
14114 14115 13954 15384
14166 13973 15634 14241
14186 14141 15781 13977
14703 15337 14341 13562
15045 14954 14345 13493
15228 14726 14498 14167
14415 14007 15360 13979
13934 14355 14020 15166
14203 14252 14039 15313
13895 14632 15466 14157
14690 15244 14278 13623
13742 14390 15270 14466
13830 14374 15329 14407
13699 14984 15231 13968
14259 14341 14230 14923
15078 14947 14442 14329
14295 14425 14207 14998
14337 14177 13935 15111
13981 14431 14091 14820
14726 15306 14367 13620
14326 14351 14686 14724
15164 14848 14581 14171
13921 14398 14060 15004
14458 14459 14769 14691
14388 14274 14316 14889
13982 14264 14004 15085
15121 15062 14243 13509
14474 14468 14724 14655
14044 14950 14820 14189
14247 14908 15132 13752
14229 14265 15624 14188
14531 14330 14546 14723
14064 15000 15036 13889
13644 15084 14884 14110
13957 14625 15556 14237
14114 14115 13954 15384
14745 14929 14658 13642
14971 14694 14586 14389
14328 14234 14103 15328
15141 14803 14458 14206
13806 14191 14109 15061
14177 14295 15696 13993
13745 15101 15326 13833
14313 14591 14170 14570
14858 15134 14385 13616
14322 14214 15526 13834
14272 14453 15307 14248
14587 14430 14738 14628
14243 14851 14942 14084
14832 14400 14362 14498
14539 14581 14123 14541
14173 14880 15197 13770
14298 14654 15420 14101
14621 15137 14329 13665
13973 15027 15007 13901
14785 14766 14685 14224
14044 14542 15498 14239
13783 14864 14979 14171
14442 14495 14624 14690
15009 14952 14390 13724
14175 14264 15698 14134
14813 14716 14360 14342
15021 14965 14337 13535
14339 14517 15065 14096
14575 15154 14115 13650
14181 14564 14207 14624
14981 14873 14506 14141
13826 15130 15208 14029
14886 14492 14345 14468
14066 14818 15029 13980
14178 14972 14985 13827
14094 14155 14112 15081
14925 15092 14286 13664
14514 14377 14731 14646
14551 14469 14528 14583
14174 14494 15172 14269
14149 14897 15307 13690
13968 14924 15170 13924
14501 15177 14224 13704
14375 14368 14137 14849
14619 14185 13945 14607
14079 14631 15408 14390
14667 15079 14405 13998
14237 15154 14947 13939
14918 14972 14630 13897
14298 14664 15079 13964
14667 14789 14638 14029
14841 14606 14967 14099
14659 15330 14161 13620
14724 15053 14537 13764
13930 14883 15292 14094
14871 14988 14309 13842
13964 14992 15090 14118
14115 14549 15484 14220
14871 14375 14602 14605
14726 14471 14487 14533
14323 14279 14138 14844
15149 14843 14451 14225
15043 15047 14345 13505
14809 15201 14098 13695
14739 14949 14504 14046
14078 14943 14978 14072
15102 14775 14451 14230
14191 14616 14407 14484
14809 15201 14098 13695
14501 15177 14224 13704
14155 14774 15546 14130
14077 14995 15086 13862
14232 14541 14135 14574
14103 14778 15075 14010
14087 14894 14985 13907
14441 14275 14520 14844
14946 15136 14283 13687
14185 14137 15549 14218
14076 14964 15018 13952
14459 14845 15177 13953
14371 14431 15491 13968
14331 14515 15217 13995
14366 14549 14424 14486
14952 14778 14491 14194
14182 14254 13947 15092
14374 14986 14673 14013
14362 14601 14345 14527
13968 14928 15143 13964
14949 14991 14273 13507
14362 14601 14345 14527
15014 14698 14498 14357
15014 14698 14498 14357
14335 14549 15141 14112
14659 15330 14161 13620
14785 14766 14685 14224
14316 14542 15213 14243
14316 14631 14103 14468
14176 14618 15211 14111
13485 14942 14758 14072
13844 14359 13906 14926
14179 14166 14066 15236
14180 14117 15720 13888
14232 13972 15335 13883
14725 15253 14307 13561
14770 15089 14288 13351
15125 14839 14521 14149
14672 15186 14096 13682
13604 15034 14792 14001
14932 14956 14302 13369
13688 14753 14857 14090
14996 14916 14339 13963
14263 14034 13959 15144
15067 14725 14528 13991
14814 14684 14417 14376
14550 15152 14130 13595
13561 14980 14987 14016
13522 14217 15101 14313
14168 14243 14006 15050
14725 15253 14307 13561
13825 14113 14261 14786
13882 14277 14030 14985
14504 14359 14672 14600
14897 14464 14439 14312
13941 14585 15270 14141
14607 14545 14820 14068
13892 14314 14020 14940
14266 14190 13918 15167
14193 14479 14335 14507
14320 14471 14126 14393
13696 15103 15119 13966
14249 14612 15264 13970
14419 14991 14044 13728
14858 14961 14388 13789
14381 14241 14495 14726
14710 14451 14282 14468
14558 14983 14534 13650
14183 14455 15018 14239
14116 14523 15182 14169
14140 14155 15656 13958
13968 14644 15509 14076
13815 14868 15054 13812
14643 14200 14957 13471
14157 14794 14905 13566
14446 15003 14163 13636
14094 14007 15477 14107
14156 14073 15589 13906
14774 15037 14183 13575
13731 14758 15106 13978
14510 14303 14226 14563
13925 14602 15316 14167
13803 14824 14952 13985
14764 14499 14790 13823
14286 14067 14056 15119
14248 14405 14415 14579
14218 14298 14112 14849
14231 14366 15353 13643
14365 14186 14625 14645
14706 14923 14500 13550
14009 14267 14240 14889
15107 14829 14417 14216
13911 14311 13991 15113
14086 14659 15373 14079
14544 14285 14595 14413
14913 14413 14423 14345
14215 14427 14455 14586
13871 14903 15005 13506
14630 14888 14514 13539
14106 14081 15686 13909
13930 14771 15128 13844
14459 14986 14204 13689
14107 14134 15554 14053
13950 14514 15465 14178
13779 15097 14933 13955
14372 14309 14646 14623
14369 14227 14613 14685
14214 14435 15149 14207
14173 14113 15564 13963
14715 15082 14292 13606
14138 14639 15405 14128
14668 14344 14562 14412
14222 13983 15413 13901
14084 14703 15326 14117
13774 14745 14999 14122
14232 14344 15153 14038
14146 14493 13997 14426
14397 14242 14636 14637
14147 14063 15688 13972
13836 14788 15031 13936
14109 14252 14199 14724
14504 15048 13990 13765
14492 15087 14123 13609
14208 14006 15436 13971
13919 14544 14814 14211
14644 14365 14580 14544
14907 14857 14366 13919
14066 14123 15707 13778
14101 14828 15172 13751
14435 14258 14610 14660
14046 14870 14829 13804
14871 14760 14581 14138
14724 14876 14607 13520
14248 14179 14061 15227
14184 14514 15380 14036
14250 14279 14078 14868
14055 14853 14779 13942
14509 14828 14569 13691
14862 14939 14258 13950
14647 14418 14839 13948
14252 14149 13985 15207
14252 14149 13985 15207
14133 14227 14109 14860
14024 14906 14956 13965
14622 14858 14611 13365
14239 14524 15324 13966
14074 14120 15336 14337
14073 14265 15510 13795
14633 14743 14602 13940
13863 14774 15006 13919
14643 14200 14957 13471
14053 14218 15535 13911
14014 14234 15536 13906
13838 15001 14908 13885
14184 14354 15433 13769
13857 14947 14992 13953
14668 15084 14164 13618
14067 14788 14963 13784
13948 14767 15132 13902
14439 14255 14842 13901
14133 14490 15457 13971
14009 14267 14240 14889
13778 15044 15102 13997
14113 14828 14781 13925
14079 14119 15460 14129
13387 14927 15018 13954
13806 14200 13699 14992
14014 14104 15715 13772
14126 13808 15161 13991
14138 14140 14049 15232
14608 15206 14117 13543
15023 14838 14371 13486
15110 14713 14514 14057
14656 15114 14289 13558
13713 14299 14765 14217
14308 14437 13789 14367
13471 14945 14846 13993
13657 15012 14912 13956
13603 14965 14833 13969
14640 15203 14269 13500
14251 14020 13967 15081
14587 14392 14675 13980
13953 14167 13877 14871
14008 14154 13924 15155
14990 14771 14453 13865
14017 13954 15287 14176
13871 14886 14919 13637
14908 14737 14291 14190
14606 14230 14530 14322
14867 14885 14227 13773
14221 14262 14049 14720
13772 14835 14778 13736
14512 14290 14144 14402
14054 14686 15266 14022
14755 14647 14539 14073
14229 14067 13766 14957
14022 14362 15364 13658
13652 14934 15103 13774
14335 14155 14148 14665
14157 14072 15560 13894
14706 14336 14374 14174
14131 14517 15333 13987
15110 14724 14321 14149
13629 14843 15049 13927
14080 14229 14089 14784
14828 14804 14238 14049
13774 14717 14855 14081
14158 14038 15678 13816
13837 14723 14588 13783
14164 13980 15504 13959
14386 14180 14476 14635
14610 14314 14090 14209
14117 14146 14050 14909
14730 14904 14154 13862
13693 14912 14821 13685
14536 14409 14624 14034
13928 14146 15611 13920
14654 14742 14558 13602
13924 14486 15454 13989
14413 14243 14543 14524
13860 14198 13892 14952
14174 14059 15547 13756
13935 14238 15186 14139
14468 14352 14574 14508
14766 14467 14371 14073
14849 14791 14401 13927
14061 14601 15291 13816
14051 14589 15350 14121
14093 14007 15454 13918
14216 14253 15229 13647
14729 14560 14449 14146
14472 14491 14567 13726
14167 14398 14351 14458
14142 14142 13990 15115
14373 14252 14505 14521
14819 14594 14368 14189
14148 14150 14018 14819
14537 14234 14148 14483
14189 14026 15253 13701
14605 14473 14814 13937
14317 14196 14606 14603
14036 14092 15452 13838
14027 14276 15425 13961
14848 14944 14327 13571
13797 14204 15163 14159
14168 14422 14151 14554
14224 14128 13985 14849
14526 14907 14436 13488
14042 14127 15431 13825
14499 14354 14567 14499
14193 14032 14005 14792
14758 14851 14348 13773
14650 14569 14546 13854
14136 14274 14061 14632
14381 14214 14553 14587
14219 14198 13958 14803
14065 14393 15294 13990
14039 14161 15517 13688
14136 14340 14326 14570
14025 13955 15516 13930
14216 14298 14354 14612
14398 14151 14544 14589
14128 14137 15347 13763
13308 14865 14677 13972
13845 14088 15682 13615
14020 14072 13950 15155
14062 14088 13868 15141
14155 13875 15323 13865
14573 15190 14245 13468
14588 15049 14246 13414
15069 14602 14418 13686
14040 14145 14045 14813
13646 14889 15037 13766
14109 14105 13937 14995
14519 15032 14111 13541
14209 14179 14452 14400
13513 14937 14734 13928
13992 14555 15240 13808
14436 14772 14267 13730
14062 14193 14122 14608
13764 14485 15346 14012
13923 14116 15570 13895
14453 14245 14447 14299
14802 14430 14311 14149
14694 14555 14263 14110
15002 14631 14159 14035
13630 14573 15016 13993
13526 14962 14697 13945
13961 14104 15405 13836
14106 14069 15556 13839
14044 13973 15333 13964
14567 14379 14778 13861
14037 14652 14899 13594
14802 14678 14447 13775
14593 14533 14383 13935
14081 14019 15395 13848
14860 14617 14188 14025
14945 14638 14273 13903
14783 14457 14199 14116
14215 14159 14202 14571
14119 14408 13973 14418
14265 14277 14431 14412
14828 14497 14350 14005
13582 14872 14776 13838
14075 14344 14902 13917
14406 14092 14302 14305
14408 14139 14255 14435
14403 14307 14259 14490
14342 14211 14439 14525
14287 14222 14435 14519
13848 14464 15396 13912
14143 14357 13961 14554
14182 14194 14337 14554
14025 14536 15301 14114
14394 14325 14434 14300
14345 14220 14417 14501
14117 14345 14414 14501
14572 14643 14418 13934
13402 14904 14683 13925
14022 13946 15483 13829
14037 14081 13900 14990
14059 13864 13867 14873
14487 14994 14183 13270
14541 15165 14123 13396
14565 15066 14111 13429
13855 14295 14522 13993
14517 14535 14380 13865
13956 14230 15214 13727
13973 14061 13923 14759
14186 14071 14198 14501
14014 13893 15289 14113
13937 14407 15233 13989
13968 13977 15267 13712
14523 15029 14128 13453
14249 14202 14399 14473
14383 14164 14150 14388
14097 14043 13871 14818
14313 14115 14249 14318
13977 13966 15440 13810
14263 14161 14228 14285
13933 13977 15300 13731
14097 13877 15376 13839
14263 14073 14268 14376
14283 14146 14186 14429
13318 14855 14675 13886
13970 13898 15413 13820
14036 14032 13881 14634
14539 15103 14005 13306
13863 14346 14895 13387
13897 14292 14633 13478
13641 14059 15201 13784
13608 14221 14976 13331
14268 14160 14014 14372
13831 14196 14209 14229
13808 13947 15181 13803
14161 14189 14002 14136
14111 14038 14330 14382
14197 14126 14341 14381
13668 14079 14113 13991
13906 13857 15340 13782
13992 13868 13833 14582
14104 14009 13822 14255
13395 14678 14319 14544
13531 13990 15310 13459
13544 14700 13320 14527
13768 15200 14052 13930
14335 13948 14153 14687
14592 13471 14461 14249
14662 14109 14926 13058
15242 14152 13758 14209
14652 14190 15131 13246
14592 13471 14461 14249
14404 13631 14549 14351
14772 13662 14318 14280
14476 13792 14557 14322
14337 14462 13497 14262
13658 15138 13967 13980
13696 14074 15275 13484
13834 14666 13426 14436
13915 15014 13844 14206
14190 13859 14777 13876
14074 14007 14969 13822
13882 14806 13386 14517
13889 14933 13604 14299
14861 14390 14515 13420
13883 15044 13819 14103
14150 14099 15081 13806
15129 14232 13680 14455
14149 14779 14751 13670
14227 14827 14631 14045
13652 14967 13901 14018
14216 13811 14881 13921
15073 14113 13761 14241
13742 14658 14384 14498
13421 14837 14525 14493
15200 14189 13705 14622
14545 14216 14915 13307
13639 14888 13965 14022
13667 15064 13915 13934
14592 14436 14445 13523
14113 14754 14726 14040
13451 14666 14338 14377
13786 14630 13571 14520
13422 14510 14704 14579
14014 14141 15194 13716
14859 14211 14855 13384
14061 14752 14639 14141
13822 14332 15123 13733
14855 14039 14096 14521
13996 14358 15295 13451
14234 14227 14942 13552
15027 14050 13728 14316
13484 14581 14356 14518
14413 14303 15068 13268
14115 14169 14926 13601
14126 14259 15004 13347
13963 13980 14272 14510
13511 14558 14671 14536
14245 14060 14119 14677
14644 13975 13742 14611
14292 13922 14231 14566
14903 13969 14002 14573
14646 14150 13784 14180
14828 14090 14254 14496
14706 14000 13715 14585
14425 14232 15196 13280
13599 15016 14018 13965
14433 14033 14042 14636
13915 14701 14792 13755
13804 14672 15037 13819
14930 14245 14854 13315
14508 14376 14134 13594
15165 14145 13909 14210
14882 14320 14784 13464
14501 14599 13664 14111
13771 14962 13911 14013
14276 14090 14173 14585
13948 15015 13806 14256
13868 14876 13770 14296
14794 14337 14509 13474
14335 13901 14546 13561
14269 14617 14587 14022
14524 13884 14516 14197
14013 14870 14617 14194
14692 13922 14405 14355
15042 13976 13938 14498
13805 14729 13722 14423
14758 14353 14560 13454
15152 14194 13686 14259
13614 14444 14437 14572
14935 14133 13975 14542
14452 14099 15239 13274
13902 14574 15074 13886
14581 13819 14524 14388
14431 14286 14891 13358
14448 13824 14486 14330
14049 14172 14925 13745
14359 13845 14568 14327
14996 13911 14007 14548
14393 13889 14236 14559
13796 14136 15242 13503
13998 14247 14977 13500
13766 14645 14976 13969
14681 14361 14796 13338
13766 14738 13496 14453
13666 14550 13628 14573
13791 14887 14026 13987
14120 14749 14762 13696
14487 13935 14457 14281
14323 13825 14297 14537
14255 13898 14261 14429
14478 14128 14116 14608
14672 14213 14797 13358
14196 14782 14678 14135
14198 14166 15078 13715
13612 14571 13576 14553
14374 14259 14413 13986
14410 13852 14612 13692
13914 14600 14836 13963
14500 14348 14301 13686
13610 14718 14306 14338
14790 14272 14809 13272
14269 14680 14568 14120
15057 14104 13762 14291
13563 14529 14418 14455
14987 13989 13984 14583
14294 14026 14131 14635
13561 14351 14742 14505
14983 14023 13906 14496
13912 14548 15069 13742
14703 14221 14839 13345
14146 14872 14674 14132
13610 14515 14564 14380
14309 14149 14144 14598
14363 14142 14167 14599
14116 14720 14697 14289
13667 15064 13915 13934
13828 14377 15077 13476
13563 14529 14418 14455
13489 14574 14297 14597
13766 14738 13496 14453
14790 14272 14809 13272
14050 14726 14744 13954
14050 14726 14744 13954
14983 14023 13906 14496
14432 13907 14677 13467
14318 14058 14118 14624
14581 13819 14524 14388
13489 14574 14297 14597
14318 14058 14118 14624
14581 13819 14524 14388
13306 14320 14108 14559
13593 15180 13828 13875
13642 13942 15204 13422
13770 14738 13232 14487
14335 14120 14061 14591
14567 14164 14946 13102
14637 13581 14387 14230
15163 14121 13657 14480
13841 14563 15008 13698
15044 14172 13648 14318
13798 14938 13608 14242
13831 14767 13260 14316
14266 13980 14492 13593
14403 14499 13589 13975
14792 14025 13909 14384
14577 13620 14391 14209
14982 14059 13667 14500
14121 13989 14856 13753
13677 15028 13808 13999
13629 14535 13412 14566
13651 14628 13503 14428
13751 14581 14890 13811
13641 14857 13844 14048
14901 13848 13773 14553
14078 13754 14743 13901
13549 15094 13802 13936
14275 13671 14369 14348
14509 14135 14996 13120
13798 14392 15057 13495
13979 13966 15091 13322
13824 14672 13356 14420
14601 13715 14370 14268
13706 14403 14460 14178
14674 14184 14786 13216
13712 14898 13754 14225
14842 14186 14620 13310
13661 14356 14796 13909
13907 14717 14631 14100
14108 14754 14683 14031
13601 14665 13462 14360
14417 14029 14940 13268
14948 13905 13912 14531
14068 14643 14552 14126
13758 15139 14029 13831
14236 14214 14778 13401
13722 15056 13921 13926
13702 13992 15174 13352
13618 14938 14041 13853
14329 13705 14447 14314
14304 13939 14068 14514
14041 14194 14980 13210
13348 14566 14212 14543
14502 13719 14402 14329
14641 13834 14338 14344
14192 14633 14444 14109
14359 14080 14920 13272
13505 14447 14319 14411
14001 13785 14867 13536
14713 14131 13730 14444
14366 13796 14401 13553
14099 14825 14635 14068
13963 14204 14933 13471
13347 14681 14433 14482
13394 14637 14312 14459
14113 14697 14628 14008
14485 14338 14753 13336
14540 13795 14517 14167
13537 14456 14278 14321
13745 14256 15077 13574
13860 14317 15038 13572
13377 14486 14536 14443
13747 15109 13992 13862
14640 14132 15085 13174
14365 14515 13463 14048
13471 14551 14395 14424
13631 15040 13952 13948
14357 14085 14295 13530
13416 14751 14300 14429
14343 13906 14556 13449
13436 14591 14237 14406
14527 14007 14163 14233
13686 14596 13357 14348
13673 15169 13946 13887
13731 15120 14034 13914
14103 14160 14850 13385
13992 14559 14638 14056
14051 13776 14670 14119
14137 14680 14594 13981
13968 14852 14667 13855
13453 14474 14595 14322
14760 13846 14029 14233
13704 14610 14899 13864
13507 14587 14252 14481
14854 14286 14526 13364
14432 14154 15023 13215
14254 13942 14073 14544
14544 14396 14367 13414
14090 14157 14955 13509
14746 13874 13956 14420
14143 14047 14933 13475
14241 14537 13652 14096
13926 14345 15179 13332
14438 14253 14289 13567
13575 15033 13962 13929
14706 14292 14491 13389
13602 14496 14174 14412
14542 13948 14151 14177
14484 14353 14509 13410
14641 13827 13973 14420
14462 13845 14231 14223
13927 14065 15001 13332
14813 14228 14682 13321
14883 13895 13942 14320
14167 14065 14858 13360
14689 14302 14637 13375
14405 13784 14522 14294
14455 13761 14537 14288
14151 14448 14541 13890
14455 14158 15039 13190
14712 13994 13743 14506
14142 14111 14864 13447
14449 14166 14986 13182
14099 14825 14635 14068
14755 14062 14566 13423
14142 14062 14959 13432
14746 14282 14556 13392
14881 13887 13958 14410
14461 14310 14562 13443
14691 13979 13966 14328
14813 14228 14682 13321
13973 13840 14982 13562
14749 13990 13735 14520
13693 14594 13650 14497
13605 14592 13654 14450
13452 14454 14391 14446
14453 13884 14682 13391
14542 13948 14151 14177
13315 14620 14129 14330
13574 15162 13747 13831
13698 14647 13108 14392
13786 13999 15139 13222
14273 14094 14051 14538
14593 13408 14304 14182
14596 13921 14904 13026
15043 14152 13631 14157
14874 13838 13880 14477
14604 13484 14307 14109
14372 14317 14355 13236
14202 13858 14064 14360
13806 14438 14863 13639
13608 14842 13728 14166
13559 15016 13819 13909
13441 14263 13343 14514
13900 14685 14644 13965
14758 14216 14653 13317
14526 13676 14345 14204
13971 14691 14545 14066
13485 15096 13820 13883
14053 14782 14514 14020
14124 14243 13578 13814
13807 14251 15008 13564
13746 15018 13919 13800
14473 14032 14971 13102
14394 14230 14424 13308
14655 14001 14666 13153
13362 14487 14170 14374
13728 14570 13199 14464
13738 14517 14912 13471
14581 14064 15050 13074
13673 15088 13879 13895
13359 14490 13971 14174
13531 14539 13357 14469
13660 14470 13515 14337
14451 13710 14389 14305
14121 13978 14811 13721
13624 14165 15031 13385
14099 14816 14628 14011
14351 14067 14953 13187
13802 14518 14759 13590
13993 13677 14574 14045
14287 14250 14216 13547
13745 14217 14682 13750
14361 14457 13446 13993
13607 14591 13461 14454
13653 14498 13479 14493
14537 13939 15083 13150
14625 13916 13587 14385
13675 14488 14745 13695
13610 14569 13401 14375
14062 13969 14822 13422
14047 13769 14668 13930
14001 14130 14829 13186
14007 14608 14552 14070
13736 15132 13904 13797
14064 13935 14812 13542
13723 14578 13271 14261
14566 13762 14259 14218
14474 14080 14204 13409
13785 14447 14929 13587
14503 14004 14916 13140
13591 14616 13302 14366
14393 13777 14447 14243
14423 14211 14261 13545
13535 14819 13884 13825
14081 14677 14654 13778
14121 14045 14908 13365
14574 14164 14740 13141
14558 13739 14297 14280
14621 13742 14281 14320
13581 15093 13880 13837
13336 14580 13469 14285
14352 13792 14483 13559
14002 14674 14561 14037
14601 14164 14465 13340
14409 14146 14275 13394
14498 13791 14314 14302
14402 13813 14332 14263
14545 13807 14334 14251
14049 14581 14325 14108
14634 13739 14265 14198
14560 13705 14319 14334
14077 14574 14661 14012
14417 13742 14462 14261
13207 14589 14014 14311
13466 14357 13442 14466
13509 14475 13293 14414
13521 15057 13791 13769
14335 14051 14981 13050
14368 13976 14967 12941
14501 13336 14331 14173
14955 14132 13601 14073
13651 15043 13787 13884
13880 14541 14525 14037
14895 14072 13626 14136
13591 14772 13860 13934
14604 13500 14270 14069
13990 14650 14617 13995
14098 13861 14000 14378
13276 14415 14135 14331
14180 13983 14582 13241
14223 13756 14323 13712
14548 14040 14842 13025
14358 14003 14179 13530
14310 13595 14416 14151
13436 15053 13842 13886
14451 14175 14055 13139
14205 13742 14382 13354
14253 14057 14722 13132
14354 14077 14146 13477
14493 13413 14218 14267
14089 14227 14040 13844
13634 14187 14911 13288
14080 13786 14628 13824
13509 14443 13327 14339
14043 14765 14623 13940
14245 14347 13413 13958
14460 13791 13916 14218
13629 14406 13389 14315
14372 13992 13951 13517
14185 14109 14713 13134
14538 14030 14900 13027
14575 13670 14207 14135
14394 13743 14314 14095
14293 13715 14335 14188
14602 13614 14281 14252
14472 13631 14266 13960
14406 13681 14319 14224
14208 13661 14357 14149
14496 13697 14245 14242
14477 13622 14341 14197
14232 13706 14341 14054
13418 15038 13794 13862
13467 14360 13182 14356
13497 15042 13735 13726
14181 13929 14888 12981
14251 14036 13173 13923
14284 13947 14861 12855
14488 13428 14122 14166
14572 13447 14140 14048
14197 13806 14691 13088
13903 14603 14523 13711
14160 14233 13285 13830
13724 14089 13600 13984
13977 13670 14489 13915
13705 14414 13946 13953
13590 14877 13769 13875
13900 14703 14584 13850
13464 14988 13414 13861
13936 14483 14528 13758
14342 13959 14645 12986
14432 13537 14304 14124
14238 13888 14853 12960
13520 14660 13762 13903
14438 13630 14183 14222
14457 13461 14308 14141
14334 14051 14789 12972
14196 13974 14844 12866
14518 13601 14250 13990
14549 13459 14234 14090
14288 13611 14252 14213
14458 13480 14198 14158
14168 13970 14802 12981
13497 14875 13739 13783
13548 14850 13657 13816
13845 14634 14489 13830
13900 12889 13985 13549
14186 13879 14740 12824
14316 13969 14654 12956
13899 14064 13996 13534
13574 14666 13830 13790
14287 14019 14698 12906
13290 14746 13548 13808
13773 14592 13868 13809
14096 13667 14482 12919
14163 13897 14559 12898
14224 13789 14453 12761
13694 14601 14392 13791
13640 14563 13668 13740
14100 13709 14544 12800
13564 14995 14035 14499
13658 14950 13985 14480
13670 15251 14103 14206
13725 14035 14717 14867
14115 14809 15392 13824
14261 14703 14241 15138
14578 14425 15403 14247
15431 14667 15061 14433
14389 14337 14453 15078
14191 14929 14154 14829
14512 14946 15173 14037
14415 14397 14115 15000
14847 14516 14572 14881
14814 14668 14663 14896
14356 14927 14235 15108
14419 14739 15303 14125
14440 14632 15252 13953
14132 14755 15357 13915
14807 15188 14737 14339
14414 14653 15192 14139
14420 14535 14000 15019
14223 14650 15372 13870
14686 15139 14953 14342
14607 15079 14889 14377
14969 14876 15116 14549
14724 14552 14481 14907
14597 14493 14373 14956
14947 14798 14982 14602
14797 15007 15023 14367
14669 14725 14562 14849
14475 14602 14817 14810
14300 14856 14268 14696
14420 14886 14259 14660
14862 14826 14956 14644
14562 14601 14517 14944
14491 14770 14304 14746
15159 14866 14870 14556
14524 14629 14323 14942
14580 14622 15119 13998
15093 14778 15011 14306
14629 14473 14387 14935
14938 14689 15075 14729
15063 14565 15055 14459
15323 14683 15051 14396
14391 14585 14138 14945
14316 14466 15220 14291
14274 14727 14392 14792
14569 15034 14850 14392
14698 14719 14398 14853
15160 14850 14920 14383
14894 15070 14849 14330
14355 14466 15151 14267
14598 15163 14842 14431
15310 14719 14999 14338
14475 14819 14775 14736
14377 14681 15147 14265
15210 14683 15069 14350
14495 14736 15220 13985
14293 14747 15371 13922
15250 14867 14920 14246
14341 14853 14244 14720
15104 14883 14985 14223
14272 14737 15327 13966
14218 14686 14298 14869
15119 14665 14979 14506
14894 14880 15012 14409
14749 14906 14863 14481
14906 14743 14839 14624
14804 14714 14791 14852
14827 14860 15046 14622
15222 14772 14927 14396
14820 14877 14900 14437
14548 14645 15163 13969
15047 14616 15015 14511
14749 14906 14863 14481
15222 14743 14975 14485
14799 14819 15036 14629
15018 14824 15049 14517
14597 14493 14373 14956
15018 14824 15049 14517
15036 14771 15058 14448
14570 14543 14463 14921
14570 14543 14463 14921
14548 14645 15163 13969
15032 14771 15016 14552
14418 14718 14244 14925
15250 14867 14920 14246
13550 15184 14105 14197
13984 13676 15097 14287
14254 14712 15291 14053
14273 14402 14106 15086
14289 14639 13970 15076
14354 14679 15256 13803
15328 14566 14985 14306
14293 14143 14746 14623
14260 14906 14127 14964
13869 13755 15062 14302
14389 14317 14509 14840
13633 13927 14673 14823
13806 14014 14784 14631
14163 14743 15242 13857
14621 14991 14775 14228
14322 14336 14375 15057
14085 13834 14894 14698
13720 13943 14676 14781
13692 13983 14779 14808
14464 14423 14011 14949
13796 13685 15148 14262
14344 14759 15166 13871
14688 14736 15105 14042
14051 14770 14315 14654
14834 14838 14982 14295
14867 14794 14749 14553
14957 14751 15031 14542
14584 14531 14402 14905
14317 14651 14209 15073
14394 14540 15237 13940
14447 15149 14719 14368
14916 14594 14991 14588
14764 14808 14575 14349
14335 14685 15288 13815
15010 14757 14821 14206
14322 14586 14067 15021
14535 14643 14548 14735
14071 13714 14901 14601
14916 14787 14958 14465
14085 13834 14894 14698
15117 14708 14920 14418
14339 14407 15214 13945
15237 14583 14930 14392
14029 13731 15056 14265
15206 14531 14843 14408
14317 14645 15093 14132
15030 14862 14687 14203
14563 15128 14716 14243
14357 14453 14609 14817
14523 14504 14504 14936
15017 14793 14625 14515
14383 14372 15154 14164
14359 15030 14800 14402
14343 14549 15200 13986
14728 14514 14434 14777
14430 15089 14753 14271
14927 14767 15015 14379
15284 14591 14891 14337
14650 14655 14425 14887
15050 14718 14866 14107
14368 14501 14582 14805
15179 14668 14947 14450
14752 14678 14536 14765
15069 14696 14969 14391
14326 14654 15073 14092
14318 14619 14059 14981
15163 14645 14989 14320
14298 14783 14243 14592
14667 14566 14462 14856
14417 14716 14295 14683
14683 14809 14814 14520
14540 14702 14466 14806
14288 14795 14255 14685
14448 14840 14924 14023
14487 15072 14599 14350
14407 14691 14639 14654
14405 14625 15141 13858
14371 14425 15165 13980
14300 14602 14278 14941
14572 14600 14458 14885
14589 15112 14644 14291
15014 14722 14971 14435
13999 14772 14281 14639
14474 14587 14290 14921
14264 14667 15189 14104
15307 14652 14903 14300
14726 14561 14536 14799
14330 14578 14054 15010
15012 14774 14792 14162
14761 14816 14784 14448
14384 14610 15047 14174
14617 14431 14705 14651
14618 15037 14856 14240
14492 14437 14505 14817
15129 14702 14788 14168
14587 14854 14696 14312
14944 14772 14886 14599
14431 15058 14849 14297
14401 14667 14598 14714
14401 15050 14730 14302
14318 14721 14209 14875
14425 14594 15235 13863
14424 14637 14524 14798
14946 14633 15044 14065
14330 14578 14054 15010
15057 14680 15021 14268
14605 14639 14427 14826
14402 14434 15099 14068
14388 14554 14691 14710
14356 14510 14627 14831
14358 14572 15148 14024
14329 14611 14540 14793
14370 14642 14644 14638
15124 14600 14953 14339
14526 14792 15101 14062
14480 14589 14666 14784
14282 14581 15162 13943
14453 14658 14575 14683
14480 14589 14666 14784
14333 14665 14508 14822
14318 14721 14209 14875
13539 14839 13995 14487
13908 13673 15061 14234
14018 14588 14001 14979
14184 14682 15257 13837
14195 14729 13904 14738
14352 14539 15214 13811
14509 15113 14670 14210
15211 14521 14921 14310
13771 14123 14599 14777
13646 13897 14702 14722
13625 14266 14811 14573
14404 14089 14328 14863
14156 13846 14868 14592
13558 14822 13949 14433
14705 14648 14534 14681
14017 13686 14826 14638
14106 14509 15170 13934
14663 14533 14454 14814
14551 14716 15017 13887
14786 14766 14883 14481
14605 14924 14775 14235
14189 14336 14989 14281
14008 14743 14070 14910
14421 14471 15101 13994
14265 14368 15102 14078
14394 14987 14637 14257
14318 14690 14137 14645
14866 14680 14759 14532
15050 14688 14950 14161
14988 14580 14860 14351
14937 14743 14947 14148
14520 14943 14739 14074
14529 15018 14711 14221
14454 14456 14503 14849
14350 14687 14271 14746
14052 14748 14525 14535
14209 14873 14788 14250
14355 14459 14090 14925
14485 14392 14501 14782
14025 14509 15227 13903
14771 14755 14889 14416
14337 15056 14720 14271
15132 14504 14934 14267
14110 14709 14191 14587
14633 14567 14296 14766
14215 14555 14985 14173
14415 14583 15097 14046
14147 14475 15157 13857
14211 14577 15131 13862
14328 14697 14198 14585
14267 14513 14049 14888
14463 14544 14559 14649
14295 14698 14363 14621
14897 14732 14850 14511
14738 14788 14792 14273
14191 14818 14015 14861
14424 15050 14810 14248
14262 14614 14193 14959
14181 14675 13983 14899
15136 14660 14832 14381
14371 14626 14087 14871
15039 14550 14843 14295
14469 14548 14486 14714
15040 14491 14842 14375
14247 14592 15219 13845
14184 14769 14360 14571
14377 14375 14398 14903
14648 14559 14439 14750
14412 14662 15081 13929
14290 14430 14693 14587
14628 14650 14424 14853
14740 14599 14798 14534
14302 14560 15209 13853
14302 14504 13918 14924
14382 14547 15086 14060
14915 14657 14943 14382
14018 13683 15040 14257
14270 14622 14575 14637
14522 14373 14479 14761
14193 14404 14400 14922
14985 14672 14900 14418
14295 14678 14623 14557
14948 14682 14851 14419
14406 14428 14624 14547
14278 14534 14594 14741
14410 14651 14409 14630
14916 14613 14975 14525
14920 14713 14859 14522
14970 14578 14923 14381
14304 14579 14624 14584
14912 14730 14977 14529
13594 15043 14030 14121
13615 15107 14169 14101
14010 13500 15018 14093
14085 14628 15243 13745
14146 14591 14022 14946
14343 14467 13948 14853
14967 14498 14593 14094
14571 14298 14280 14689
14115 13757 14868 14539
13940 14611 15224 13822
14027 13734 14778 14589
13684 15053 14014 14049
14668 14763 14680 14214
14414 15042 14771 14239
14345 14333 14977 14300
14513 14521 14530 14639
14180 14596 15160 13781
14278 14887 14777 14143
14656 14776 14734 14100
14309 14643 14523 14562
14583 14579 14269 14793
14319 14568 15084 13851
13660 15090 14046 13984
14536 14600 14405 14845
14736 14543 14876 14466
14365 14965 14774 14107
14879 14524 14948 14373
13969 14685 14360 14532
14771 14674 14860 14526
14859 14685 14847 14432
14243 14445 14101 14875
14846 14714 14952 14462
14312 14515 15064 13917
14102 14571 14149 14914
14561 14549 14330 14814
14546 14632 14280 14737
14376 14398 14993 13835
14324 14378 15075 14058
14934 14676 14882 14158
14252 14498 14001 14869
14917 14498 14888 14388
14190 14730 14078 14515
14663 14558 14397 14619
14906 14633 14915 14457
14197 14685 14188 14705
14127 14495 14073 14941
14388 14528 15030 13775
14141 14614 14215 14827
14301 14731 14192 14432
14948 14564 14749 14130
14897 14501 14708 14463
13635 15083 14040 14100
14118 14767 14245 14549
14540 14424 14403 14732
14560 14618 14134 14548
14231 14579 15045 13943
14232 14522 15054 13968
14327 14582 15041 13944
13496 14740 13915 14470
13554 15053 14023 13987
13948 13576 14966 14135
14041 14582 13901 14832
14114 14313 13971 14878
14276 14507 14979 13865
14309 14415 15035 13884
14892 14563 14906 14319
13838 13614 14949 14079
14299 14065 14474 14561
14275 14202 14393 14715
14293 14947 14718 14138
14042 13752 14857 14477
14696 14580 14696 14464
13591 14720 13990 14531
14453 14459 14298 14620
14381 14826 14706 14111
14810 14539 14923 14238
14294 14427 14559 14507
14012 14622 14078 14593
14177 14619 14427 14367
14016 13714 14899 14423
14456 14324 14512 14540
14693 14660 14837 14293
13564 15035 14103 14086
14536 14599 14932 13957
14065 13745 14769 14404
14852 14566 14778 14386
14261 14649 14868 14229
14603 14687 14861 14272
14136 14594 14249 14777
14151 14633 14184 14510
14249 14637 14127 14487
14371 14590 14150 14617
14464 14408 14369 14760
14196 14481 14396 14753
14522 14604 14895 13968
14142 14697 14366 14393
14412 14544 14385 14823
14634 14497 14908 14392
14420 14515 14168 14757
14395 14585 14380 14777
14197 14501 14997 13877
14124 14710 13995 14503
14482 14672 14862 14137
14119 14450 15006 13879
14262 14426 14954 13883
13364 14710 13816 14175
13471 15001 13823 14021
13799 13479 14891 14093
14198 14500 13806 14757
14233 14385 13926 14822
14263 14489 14951 13809
14757 14334 14588 14068
13612 13959 14602 14437
13683 13537 14915 14230
14283 14933 14709 14116
14297 14246 14868 14295
14562 14290 14647 13991
13850 14604 14194 14270
14448 14452 14910 13989
14056 14516 13953 14749
14195 14394 14453 14465
13478 14969 13975 14015
14387 14508 14100 14520
14455 14496 14521 14235
14178 14079 13973 14801
14407 14238 14173 14529
14103 14580 14332 14578
14136 14574 13901 14608
14291 14568 14315 14682
14337 14463 14250 14664
14309 14294 14348 14748
14293 14538 14049 14676
14129 14149 14246 14805
14158 14335 14534 14454
14159 14379 14223 14746
14339 14414 14246 14606
14320 14545 14167 14438
14129 14373 14901 14056
14169 14476 14187 14778
13592 14932 13953 14093
14081 14438 13947 14777
14258 14542 14701 13953
14260 14376 14220 14644
14305 14506 13865 14340
13616 14560 13984 14266
14010 14558 14063 14500
14188 14501 14273 14665
14110 14443 13931 14676
14287 14525 14198 14590
14113 14394 14241 14674
14290 14553 14054 14574
13582 14883 13945 13914
14112 14359 14222 14605
14121 14490 14266 14494
14139 14402 14083 14657
14151 14547 13850 14471
14232 14478 14168 14565
13945 14522 14134 14357
13712 14465 14194 14563
14209 14513 14013 14415
13795 14520 14089 14387
13492 14507 13853 14220
14098 14465 13836 14565
14115 14414 14076 14458
13627 14432 13971 14285
13545 14486 13971 14280
13804 14255 13859 14353
13916 14319 13986 14240
13831 14097 13669 14149
13129 14443 13796 14345
13490 14477 13353 14400
13762 13725 15292 14299
13974 14119 14438 15091
14053 14579 14742 13003
14243 13218 13843 14631
14773 15115 14151 14247
15236 14460 14071 14061
14153 13384 13930 14369
13874 13575 15132 14176
14216 13348 13883 14399
14436 14272 15004 13453
14165 14447 14795 13298
13631 13748 14729 14737
13909 14224 14499 14833
14301 14364 15042 13655
13699 14543 14898 13786
14398 14303 15032 13089
14834 15031 14387 13941
14661 14364 14636 13556
14488 14414 14947 13400
13375 13806 14737 14767
13620 13640 14779 14617
13485 14562 13479 14492
13284 14607 13639 14425
13806 14539 14859 13733
14427 14429 14855 13444
14817 14948 14564 13983
13210 14603 13626 14430
14968 15019 14420 13962
14561 13938 14471 14160
13436 13614 14762 14668
14778 14949 14018 14212
14484 14632 14641 13874
14098 14228 14416 14971
14354 14417 15163 13580
15220 14355 14121 13851
13177 14591 13381 14677
14189 14237 15108 13583
13587 14135 14557 14574
14531 14669 14202 14299
14882 14829 14593 13865
13309 14713 13538 14448
14245 14188 14751 13674
14023 13992 14519 14927
15161 14536 14037 14006
14503 14373 14926 13251
13309 14713 13538 14448
13321 14753 13747 14416
13165 14590 13415 14514
15060 14405 14294 13932
15184 14491 14235 14012
13816 13711 15183 14172
14737 15091 14172 14286
14909 14874 14439 14043
13562 13744 15232 14068
13543 13837 14692 14637
15072 14501 14173 13928
14724 15104 14144 14278
13341 14578 13673 14431
13561 13902 15001 14539
14292 14426 14977 13111
14127 14486 14901 13169
13204 14459 13435 14539
14227 14548 14761 13057
14041 14072 14563 14902
14395 14409 15092 13149
14607 14994 14192 14120
14091 14148 14475 14881
15039 14985 14365 14080
13857 14376 14880 13817
14699 14975 14205 14237
13740 13676 14794 14403
14828 14753 14536 13923
14558 14837 14028 14294
15043 14793 14239 14073
13480 13818 14703 14554
13932 13827 14968 14216
14614 14042 14519 14106
15039 14985 14365 14080
14027 14151 14441 15033
14176 13348 13942 14565
14580 14153 14422 14069
13966 14414 13958 14565
13925 13851 14974 14314
13830 14247 14512 14546
13732 13871 14645 14290
13566 14524 13398 14300
14667 14769 14446 14062
14937 14513 14041 14195
14131 14540 14867 13213
14008 14005 15125 14108
14926 14889 14289 14128
13338 14549 13756 14404
15061 14575 14094 13870
13444 13725 14794 14659
14006 13785 14944 14354
13992 13889 15093 14131
14750 14796 14443 14064
13365 14590 13672 14467
14107 14599 14647 13118
13959 14142 14516 15048
13990 14605 14758 13203
14926 14889 14289 14128
14242 14536 14867 13250
13967 14377 14493 14922
13375 14510 13670 14445
14884 14796 14209 14169
14106 13771 14970 14053
15045 14502 14125 13956
13438 13814 14665 14649
13488 14551 13356 14333
14923 14796 14515 13910
14083 14046 14529 14918
15067 14553 14043 13855
14398 14062 14685 13563
14245 14188 14751 13674
14688 14519 14611 13832
13317 13740 14784 14556
14612 14987 14607 13990
14679 14417 14616 13843
14061 14235 14430 15058
14025 13793 14680 14905
13829 13792 15177 14146
15236 14460 14071 14061
14061 14235 14430 15058
13863 14023 14654 13929
14613 14046 14618 14061
13863 14023 14654 13929
14395 14409 15092 13149
13829 13792 15177 14146
13210 14603 13626 14430
13187 14536 13658 14467
13389 14355 13335 14282
13645 13620 15195 14141
13857 14649 14527 12730
14005 14084 14368 14997
14108 13330 13923 14417
14548 14993 14153 14074
15154 14320 14123 13824
14937 14874 14305 13964
14828 14739 14467 13841
13387 14396 13436 14285
13970 14580 14722 12868
13195 14500 13706 14366
13188 14630 13558 14385
14634 14675 14500 13948
13679 14462 14835 13582
14071 13853 14247 14169
15116 14326 14015 14005
13902 13542 15048 14118
14640 14874 13986 14253
13307 14545 13605 14348
14173 14412 14884 12922
15029 14359 14103 13983
14225 14156 14982 13511
13769 13558 15105 14175
14091 13406 13862 14620
13551 13663 14646 14765
14315 14356 14925 12989
13239 14350 13792 14400
13852 13823 14948 13912
14281 13963 15032 13305
13633 13774 14664 14506
14602 14848 14004 14201
14777 14769 14418 13896
13807 13647 15156 14153
14327 14109 14845 13424
13858 13487 14791 14295
13247 14603 13571 14401
14291 14078 14769 13469
14482 13949 14541 13944
14250 14036 14680 13638
14439 14255 14797 13363
13690 13717 14858 14318
14815 14843 14214 14049
14670 14926 14456 13968
14656 14944 14202 14071
13801 13413 14744 14301
14142 14247 15079 13349
14420 14239 14856 13275
15146 14356 14070 13873
14211 14372 14958 13120
14068 13514 13969 14693
13938 14138 14423 14957
14706 14966 14088 13984
13297 14583 13687 14411
15054 14420 14235 13858
14366 14551 14597 13812
14125 14390 14815 13160
14513 14008 14516 14040
13226 14549 13816 14283
14821 14809 14093 14042
13976 14192 14350 14923
13971 13915 14421 14915
13413 14144 14712 13685
14148 14341 15032 13046
14279 14174 14902 13627
14014 14140 14337 14836
13609 13591 14705 14586
13380 13682 14681 14718
13757 14447 14768 13656
13520 13643 14669 14426
14735 14536 14570 13768
14414 14562 14545 13735
15128 14430 13927 13972
14402 14208 14959 13076
14324 14221 14950 13216
13947 14247 14355 14821
14741 14769 14460 13794
13304 13755 14621 14635
13338 14151 14635 13755
13464 13841 14740 14537
13755 13705 14857 14303
14335 14019 14883 13491
14595 14960 14124 14274
14659 14485 14588 13846
13782 14416 14402 13988
13582 13664 14547 14546
14091 13406 13862 14620
14399 14623 14594 13794
13417 13601 14716 14600
13437 13719 14595 14881
13613 13641 14638 14573
13427 13667 14633 14727
14081 14521 14791 13209
14564 14379 14546 13931
14216 14319 14995 13486
14304 14373 14875 13076
13460 13735 14700 14574
13575 13684 14595 14673
13822 14304 14415 14664
14436 14327 14892 13187
14312 14297 15013 13202
13872 14109 14437 14860
14000 13915 14438 14697
14068 13514 13969 14693
14164 14331 15018 13633
13390 14103 14664 13766
13765 14421 14669 13599
13475 13700 14597 14866
13822 14273 14366 14836
13794 13740 14632 14511
14513 14008 14516 14040
13486 13748 14653 14630
14149 14377 14674 13162
13997 14081 14450 14839
13918 14172 14428 14837
13864 13745 15008 13951
13827 14301 14463 14825
13493 13740 14632 14847
14583 14589 14537 13749
13858 14259 14439 14832
13818 13739 14887 14120
13921 13726 14953 14189
15122 14416 14233 13972
14583 14589 14537 13749
13921 13726 14953 14189
13088 14477 13471 14404
13205 14530 13270 14327
13741 13608 15156 14059
13936 13990 14313 14895
14053 13113 13941 14327
14296 14014 14882 12930
14430 14910 14057 14177
15116 14372 14049 13908
14076 13343 13855 14429
14337 14246 14799 13181
14141 14119 15003 13426
14021 13412 13851 14514
13342 13816 14681 14469
14182 14090 14797 13370
15014 14416 14057 13671
14837 14615 14212 13773
13584 13545 14593 14548
13822 13492 14897 14131
14123 13352 13754 14216
13349 13721 14624 14742
13654 14443 14574 13674
14705 14861 14124 13901
13986 13948 14362 14741
14817 14814 14236 13894
14184 13924 14780 13486
13145 14214 13564 14401
14239 14361 14839 13021
13255 14578 13645 14306
13176 14537 13682 14262
13388 13640 14625 14820
14486 14734 14042 14190
14642 14739 14437 13793
14371 14599 14149 14073
13201 14640 13626 14274
13833 14109 14167 14855
14572 14523 14503 13569
13335 14017 14654 13733
14690 14593 14110 14015
13508 13651 14453 14608
13971 14467 14776 12986
14261 14173 14966 13138
13917 13510 14685 13770
13763 14094 14435 14639
15100 14372 14004 13956
13529 13573 14553 14680
14525 14750 14057 14103
13128 14490 13401 14384
13741 14187 14307 14611
13195 14383 13318 14393
14306 14004 14313 13926
13865 13632 14950 14100
14118 14191 14872 13622
14759 14575 14108 13987
15109 14309 14089 13916
13487 13680 14597 14701
13439 14273 14723 13471
14228 14042 14634 13517
13478 13651 14645 14660
13201 14466 13791 14280
14563 14782 14018 14179
14457 14129 14521 13784
13552 13632 14550 14439
14271 14155 14920 13079
13703 14356 14557 13478
13848 14053 14663 13630
13283 14378 13374 14344
14276 14362 14411 13867
13428 13631 14689 14284
13290 14569 13514 14252
13350 13683 14513 14725
13384 14577 13538 14243
14811 14543 14053 13985
14211 14077 14729 13458
13197 14487 13619 14374
14303 13977 14503 13854
13190 14557 13365 14376
14065 14153 14917 13539
13116 14336 13443 14380
14062 14446 14762 13095
13313 14349 13452 14244
15054 14335 14204 13912
14486 14786 14436 13848
14250 13989 14710 13557
14037 14099 14585 13670
15086 14340 14108 13886
14193 14260 14888 13090
14266 14012 14760 13450
14034 14125 14895 13604
14027 14401 14728 13160
14264 14568 14441 13831
15062 14402 14150 13907
14479 14064 14443 13917
15048 14373 14212 13870
13924 13980 14449 14728
13078 14405 13408 14379
13110 14459 13393 14325
13700 13515 15066 14031
13827 13915 14114 14813
13906 13267 13898 14555
13926 14443 14748 12855
14489 14755 13912 14137
14994 14331 14190 13877
13199 14458 13691 14258
13669 13877 14325 14533
13979 13308 13812 14571
13940 13394 13937 14422
13278 13612 14412 14779
13476 14165 14607 13372
14073 13948 14859 13280
14280 13746 14356 13884
14096 14080 14799 13490
13706 13497 14949 14098
14134 14154 14898 13110
14936 14338 14051 13841
14970 14257 13944 13953
14781 14745 14157 13750
14139 13833 14536 13320
14052 13720 14479 13539
13835 14436 14693 12870
14208 14146 14900 12994
14190 14348 14835 13007
14647 14696 14221 13795
14428 14008 14234 13854
14681 14659 13998 13856
14491 14662 14014 14020
13443 13490 14572 14621
14661 14559 13945 14003
13416 13557 14608 14630
14793 14504 13965 13872
14464 14715 13972 14179
13312 14175 14520 13640
14371 14503 14397 13638
13964 14119 14680 13595
13749 13589 14750 13967
14023 14051 14543 13649
14384 14038 14321 13884
13809 13589 14153 13992
13403 13549 14633 14602
13471 13601 14447 14268
13379 14169 14440 13544
14790 14345 14202 13889
13340 14073 14539 13614
14006 14060 14857 13614
14047 14445 14643 12869
14471 14040 14417 13790
14482 14154 14411 13844
13118 14423 13808 14171
13230 13512 14427 14595
13761 13110 13477 14360
13900 14427 14738 12777
13958 13248 13468 14335
14135 14156 14810 12867
14364 14709 13929 14040
14961 14154 13877 13744
13943 13872 14767 13355
13610 13814 14224 14468
13470 13455 14713 13881
14681 14562 13952 13809
13308 13534 14581 14529
14896 14191 14104 13633
13549 13359 14584 14055
14520 14359 14072 13690
13549 13696 14507 13447
14210 13911 14276 13686
13529 13667 14055 14479
13506 13718 13913 14574
14346 14298 14163 13685
13542 13614 13962 14477
14603 14647 14105 13683
13982 14062 14384 13389
13224 14118 14531 13522
14917 14267 13959 13826
14390 14599 13929 14055
14054 14075 14356 13501
14397 13955 14308 13602
14434 14375 14208 13358
14074 14006 14557 13363
14347 14643 13945 13922
14182 14105 14311 13794
13271 14031 14508 13635
14206 13872 14155 13746
13147 14107 14372 13611
13546 13441 14358 14054
14427 14656 13944 13816
14055 14132 14294 13379
13075 13863 14378 13409
13099 14188 13169 14098
13451 13654 14072 14441
13740 13086 13441 14048
13787 14385 14467 12686
13921 13588 14566 12961
14211 14494 13852 13949
14680 14087 13781 13813
13682 13828 14217 13217
13209 14275 13714 14050
13464 13606 13893 14401
14618 14243 13790 13744
14333 14459 13897 13837
14336 13983 14125 13507
14266 13736 14130 13559
14104 13976 14136 13723
14148 14002 14080 13669
13190 14080 14312 13364
13157 14054 14317 13465
14041 13795 14077 13738
13378 14315 13494 13701
14093 13674 14120 13443
14023 13783 13968 13636
14073 13846 14055 13547
14074 13770 14109 13675
13923 14850 14334 15235
14341 14772 14510 15446
14360 14794 14327 15204
14700 13896 14800 15149
14863 14895 15534 14926
14893 15168 14991 15008
15503 14515 15047 14020
15643 14356 14984 14156
15266 14839 15154 14046
15080 14997 15046 14346
14493 14147 14893 15141
14565 13946 14663 15321
14520 14043 14847 15129
15411 14555 15372 14457
14534 14155 14733 15210
15511 14353 15266 14204
13976 14809 14495 15150
14220 14777 14364 15265
14617 14284 14756 15183
15580 14434 15200 14249
15395 14644 15180 14103
14345 14626 14366 15435
15022 14676 15390 14575
15153 14826 15195 14144
14825 15142 15102 14672
14523 13962 14899 15115
15473 14402 15275 14218
14985 14758 15394 14785
14945 15052 14970 14996
14320 14790 14340 15298
15315 14600 15476 14411
14113 14838 14430 15163
14017 14705 14546 15237
15334 14772 15433 14516
15457 14580 15316 14233
14949 14472 15419 14675
14044 14972 14390 15188
14563 14339 14600 15294
14697 15115 15038 15067
15046 14614 15335 14560
14636 13945 14780 15123
15315 14600 15476 14411
14754 15061 15090 15015
14551 14015 14807 15122
14849 14994 15186 14765
15037 15072 14873 14867
14677 14990 15100 15105
14529 14308 14698 15172
14879 15025 15025 14888
14804 15117 15137 14981
14196 14848 14425 15195
15000 14707 15079 14949
15010 15038 14819 14955
14825 14938 14785 15057
14826 14903 15184 14830
15045 14898 14654 14877
14917 14602 15211 14853
15355 14825 15391 14514
14140 14500 14597 15210
14081 14685 14530 15126
14534 14321 14715 15140
14141 14562 14577 15312
15078 14918 14985 14766
14420 14581 14408 15127
14391 14643 14409 15319
14949 14472 15419 14675
14615 14286 14751 15178
15001 14972 14862 14921
14716 14379 14749 15131
14913 15037 15116 14858
15580 14434 15200 14249
14901 15016 15082 14946
14413 14765 14529 15311
14143 14855 14406 15122
15361 14433 15397 14136
14856 15055 15086 15038
13931 14898 14537 15123
14825 14990 15350 14896
14996 14850 15360 14845
15361 14433 15397 14136
15436 14615 15195 14028
14804 15117 15137 14981
14143 14855 14406 15122
14716 14379 14749 15131
14917 14602 15211 14853
15436 14615 15195 14028
13906 14793 14540 15088
14006 14719 14226 15316
14228 14697 14486 15394
14564 14566 15408 14420
14578 15125 15060 14586
14616 13917 14686 15100
15293 14700 15302 13885
15564 14280 15013 13901
15026 14387 15085 14494
14088 14825 14540 15050
14597 14037 15077 15048
14973 15071 14709 14826
14458 14128 14913 15064
15508 14342 15203 14127
15537 14313 15153 14246
15167 14644 15288 14060
14540 13927 14759 15114
15379 14197 14434 14411
14074 14698 14382 15325
13925 14767 14312 15189
14803 14963 14951 15000
15353 14617 15232 13987
14848 14869 15078 14713
15320 14535 15327 14374
15421 14356 15109 14089
15218 14451 15367 14231
15345 14506 15245 14188
14390 15021 15117 14568
14164 14722 14432 15251
14952 14906 14789 14937
14828 15103 14979 14754
13985 14858 14366 15068
14627 13945 14789 15079
15094 14539 14966 14466
14349 14756 14289 15057
14699 15057 14955 14774
14303 14664 14401 15280
14771 14808 15237 14852
15386 14375 14899 14008
14458 14255 14810 15090
14928 14631 15065 14641
15194 14362 15044 14450
14020 14936 14346 15050
15129 14555 15305 14294
14230 14750 14461 15160
15383 14344 15253 14221
15236 14617 15359 14290
14299 14275 14536 15062
14123 14728 14353 15266
14516 14152 14813 15085
15393 14182 15089 14259
14885 14926 14838 14894
14578 15125 15060 14586
14857 15029 14991 14837
14836 14544 15402 14636
14935 14592 15197 14435
15274 14774 15005 13891
15218 14807 15168 14377
14312 14734 14260 15087
14632 14976 15018 14976
14268 14795 14326 15099
15184 14726 15178 14321
14958 14625 15118 14437
14841 14993 15101 14856
15107 14678 15232 14283
15341 14472 15088 14328
14181 14719 14362 15183
15265 14672 15228 14257
14640 14964 15075 15035
14656 14708 15112 14953
14483 14994 14898 14852
14655 14138 14882 15055
14169 14509 14504 15133
14686 14948 15076 14922
15191 14713 15204 14111
14588 14165 14839 15082
14903 14920 14861 14790
14914 14923 14857 14911
15144 14532 15089 14464
14405 14715 14490 15252
14464 14155 14796 15094
14885 15048 14957 14758
14006 14948 14505 15056
14638 14860 15384 14794
14320 14694 14365 15254
13921 14824 14272 15069
14878 14717 15019 14736
14850 14747 15375 14740
14262 14580 14501 15259
14552 15009 15019 14739
14922 14590 15246 14735
15341 14472 15088 14328
14891 14715 14888 14782
14255 14764 14490 15148
14925 14713 15388 14572
14255 14543 14496 15264
15298 14663 15105 14089
14177 14715 14475 15265
13906 14793 14540 15088
15159 14697 15368 14253
14924 14822 14861 14844
15298 14663 15105 14089
14627 13945 14789 15079
13967 14933 14494 15052
14218 14609 14453 15322
14327 14606 14141 15181
14452 13784 14770 15001
14661 14432 15366 14361
14669 15092 14855 14421
15399 14206 14924 13991
15443 14295 14899 14006
13988 14666 14251 15260
14300 14681 14368 15250
14112 14705 14287 15222
14494 14015 14753 15060
14083 14915 14510 14977
14703 13904 14774 14978
14291 14624 14391 15205
15358 14255 14967 14027
14521 14088 14705 15050
14615 14215 14643 15035
14225 14715 14450 15138
14037 14444 14482 15287
15039 14661 14729 14364
14561 14930 15055 14695
14527 15025 15009 14440
15287 14310 15241 14331
14594 14292 14586 15019
14747 14478 15225 14828
14858 14999 14840 14482
14520 13868 14675 15053
14371 15090 14936 14512
14435 14187 14574 15074
15290 14514 15073 14052
14999 14646 15176 14119
14818 14888 15041 14773
14919 14551 14815 14389
14538 14778 15289 14553
14873 14344 15201 14423
14691 14722 15127 14321
14401 14961 15000 14522
14664 14186 14767 15000
15227 14641 15129 14216
14722 14943 14773 14919
15104 14724 15135 14132
14436 14974 14970 14872
14769 14877 14878 14964
14364 14581 14484 15100
15320 14491 15011 14177
15003 14758 15068 14271
14957 14542 14978 14363
14159 14702 14463 15226
14553 14761 15154 14617
14833 14814 15009 14816
14791 14566 15210 14598
14990 14512 15053 14346
14145 14868 14577 15018
14346 14606 15322 14773
14244 14702 14464 15214
14775 14935 14941 14949
14911 14829 14760 14820
15195 14340 15304 14186
15317 14395 15273 14122
14401 14036 14911 15057
14595 14618 15339 14590
14852 14956 14790 14668
15163 14539 15156 14148
14467 14733 15085 14820
14476 14362 14678 14991
15128 14604 15307 14189
15150 14798 15101 14228
15132 14525 15363 14216
15218 14380 15028 14222
14774 14608 15164 14664
14814 14935 14792 14490
15310 14259 15149 14125
15190 14481 15012 14275
15170 14456 15151 14249
14822 14599 15268 14589
14922 14704 14691 14879
14456 13881 14840 14999
14454 14842 14716 14993
14772 14773 15043 14586
14635 14949 15013 14888
14490 14026 14710 15083
15148 14727 15102 14242
15183 14440 15147 14139
14635 14455 15029 14976
14638 14785 15009 14883
14398 14036 14660 15081
14805 14872 14660 14881
15000 14576 15320 14240
14522 14375 14654 14992
14367 14550 14469 15215
13834 14850 14400 14993
14093 14299 14440 15295
14186 14693 14149 15171
14473 13900 14838 14931
14677 14916 14827 14341
15077 14568 15271 14147
15162 14361 15203 13793
15380 14248 14885 13947
14445 13934 14665 15066
14819 14632 14713 14489
14929 14585 15073 14029
14281 14473 14230 15055
14726 14419 15192 14371
15193 14238 15237 13902
15019 14423 14928 14245
14468 13980 14642 14992
15139 14160 15063 14231
14080 14538 14512 15016
15280 14253 15184 14073
14534 14117 14602 14992
14609 14019 14813 14969
15109 14225 15172 14127
14348 14028 14752 14972
13982 14909 14559 14949
14781 14367 15132 14596
14580 14760 14997 14786
13937 14599 14300 15221
15217 14332 15163 14044
14637 14813 14877 14725
14347 14869 14861 14740
14971 14489 14903 14339
14042 14622 14174 15223
14142 14694 14259 15027
14770 14843 15024 14660
13839 14838 14585 14977
14243 14617 14401 15120
14709 14894 14845 14838
14226 14526 14467 15188
14516 14653 15249 14532
15206 14267 14983 14150
14379 14519 15002 14831
15186 14380 15021 14190
14535 14733 15066 14241
14235 14662 14273 15132
14190 14597 14354 15227
14769 14291 14736 14758
14629 14581 15034 14569
14592 14067 14859 14886
14812 14551 15087 14533
15112 14306 15111 14176
14724 14502 15260 14496
14584 14826 14910 14866
14814 14282 14994 14309
14782 14850 14573 14826
14264 14632 14343 15053
15069 14793 15018 14102
14216 14553 14438 15265
14033 14671 14455 14974
14207 14679 14395 14965
15080 14484 15108 14077
15047 14685 15066 14225
15162 14061 15191 14137
14122 14818 14309 14956
14036 14584 14434 15221
14165 14788 14440 14896
13969 14781 14321 14986
15057 14258 14995 14276
14592 14581 15160 14259
14670 14302 14729 14895
13956 14916 14244 14981
14527 14266 14572 14919
14240 14346 14348 15179
14106 14784 14329 14984
15151 14580 15068 14182
15136 14484 15011 14242
14081 14787 14347 14964
13845 14510 14182 15241
14121 14507 14379 15257
14226 14630 14150 14940
14454 13696 14661 14866
14653 14432 15202 14300
14692 14863 14769 14311
15187 14267 15146 13862
14167 14493 14432 15056
14707 14572 14995 14368
14780 14526 14749 14181
14445 13848 14536 15021
14370 14007 14937 14716
14755 14540 15086 14320
14703 14429 15022 14591
14906 14499 14757 14150
14072 14558 14224 15043
15095 14099 14996 14120
14583 14654 14810 14769
14024 14593 14294 14944
13976 14675 14312 14895
14184 14299 14412 15211
14350 13922 14658 14888
15121 14394 14908 14237
14452 13811 14652 14964
13866 14831 14411 14797
15122 14178 14971 14121
14485 14725 14979 14699
14989 14478 14991 13891
14580 14485 15163 14276
14538 14818 14847 14856
14500 13839 14594 14874
14699 14803 14848 14650
14406 14825 14889 14709
14497 13968 14623 14859
13913 14670 14251 14952
14550 14787 15011 14622
13946 14735 14186 14965
13978 14666 14371 14885
15058 14310 14993 14046
15037 14397 15043 14131
13916 14771 14412 14929
15063 14297 15040 13934
15051 14225 14993 14057
15117 14448 14953 13993
14439 13885 14614 14966
14970 14436 14906 14179
14357 13912 14606 14999
15133 14304 14993 13972
14210 13820 14812 14943
15103 14524 14920 14104
13855 14625 14381 14970
15094 14397 15023 14011
14975 14414 15039 14154
14687 14618 14810 14793
15045 14267 15023 14077
13864 14618 14296 14863
14004 14497 14358 15198
14188 14437 14131 14889
14205 14793 14475 14733
14400 13627 14530 14937
14599 14426 15053 14270
15054 14171 15015 13915
15107 14215 14940 13989
14120 14430 14289 15020
14350 13901 14741 14771
14349 14131 14715 14832
14422 14723 14916 14506
14766 14200 14635 14190
14984 14155 14876 14041
14499 13847 14828 14838
14572 14557 14765 14345
14625 14679 14657 14625
14065 14310 14362 15137
14898 14320 14788 13957
14316 14244 14465 14825
14452 14738 14833 14693
14946 14271 15024 14136
14678 14247 14746 14307
14890 14471 14825 14087
14816 14475 14785 13989
14751 14524 14757 14178
14081 14295 14409 15171
15090 14283 15003 13930
14521 14475 14761 14577
14381 13848 14515 14896
14572 14564 14678 14754
13961 14314 14401 14899
13891 14315 14406 14905
13972 14736 14326 14831
14446 14582 14307 14745
14325 14464 14360 14784
14001 14717 14295 14848
14444 14680 14471 14780
13809 14351 14347 14760
13859 14686 14213 14755
14000 14397 14253 15143
14407 13691 14772 14813
14912 14236 14992 13989
14934 14167 14826 13820
14950 14155 14853 13906
14817 14163 14753 14068
13879 14081 14257 15023
14350 14613 14669 14511
14372 14550 14825 14411
13879 14139 14434 14816
14182 14493 14699 14576
13958 14342 14312 14951
14096 14285 14342 14669
14017 14629 14406 14640
14277 14181 14416 14671
13817 14658 14289 14716
14810 14196 14827 13723
