46 1.40035
25403 25872
25932 25229
25644 25522
25588 25699
25576 25812
25191 26062
26003 24818
25300 25965
25893 25435
24917 26134
25259 26006
25895 25203
25591 25477
25612 25456
25608 25462
25533 25485
25484 25798
25502 25613
25509 25559
25989 24664
25908 24774
25868 25343
25884 25237
25710 25376
25868 25343
24856 26043
24834 26079
25162 25996
24977 26004
25036 25998
25210 25993
25885 25201
25889 25139
25562 25451
25264 25773
25220 25781
25411 25768
25441 25573
25504 25538
25971 24653
25604 25352
25672 25306
25812 25303
24745 26065
24808 26049
25181 25925
25156 25992
25204 25873
25544 25442
25286 25725
25381 25723
25232 25761
25429 25569
25484 25471
25576 25322
25605 25299
25692 25294
25808 25276
25691 25298
24628 26056
24837 25987
24847 25967
25076 25947
25160 25873
25188 25782
25486 25433
25528 25431
25542 25396
25353 25629
25317 25680
25191 25688
25398 25498
25387 25555
25435 25461
25407 25463
25465 25441
25738 25256
25759 25221
25769 25121
25788 25108
25657 25297
24607 26034
24837 25971
24702 25984
25046 25907
25154 25859
25186 25755
25495 25408
25504 25389
25526 25333
25526 25333
25537 25322
25353 25619
25353 25619
25253 25663
25215 25666
25299 25647
25372 25518
25383 25481
25409 25460
25440 25426
25425 25430
25736 25174
25786 24970
25606 25270
25640 25240
24578 26019
24770 25943
24780 25916
24624 25980
24940 25862
24910 25896
24994 25858
25052 25857
25131 25849
25181 25744
25454 25393
25501 25387
25534 25312
25347 25542
25329 25588
25350 25535
25332 25576
25197 25651
25205 25648
25194 25664
25278 25635
25363 25465
25360 25472
25404 25443
25430 25394
25424 25426
25424 25426
25679 25172
25722 25118
25712 25164
25776 24448
25763 24969
25548 25264
25590 25243
25587 25252
25623 25224
25626 25219
25639 25195
24532 26008
24728 25942
24758 25907
24587 25962
24794 25892
24897 25876
25129 25788
25124 25840
25167 25736
25467 25383
25487 25328
25530 25296
25333 25495
25344 25494
25328 25543
25332 25523
25180 25658
25219 25604
25248 25580
25192 25609
25263 25570
25220 25592
25362 25447
25399 25413
25408 25390
25718 25088
25722 25083
25686 25115
25736 24567
25733 24758
25536 25260
25577 25221
25543 25224
25543 25224
25626 25197
25585 25213
25578 25217
24490 25992
24531 25985
24696 25940
24703 25939
24718 25931
24887 25874
25010 25833
25001 25840
25112 25832
25156 25732
24486 25963
25716 25087
24656 25898
24838 25862
24516 25959
