41 0.86365
8362 8803
8208 9013
8253 8973
8441 8539
7950 9169
7950 9169
7950 9169
7950 9169
7950 9169
7950 9169
7966 9159
7950 9169
8441 8539
7918 9089
7792 9085
7909 8948
7957 9050
7919 9155
8208 9013
7906 9060
7879 8960
7884 9011
7931 9009
7975 9105
7988 9105
7950 9169
8160 8978
7950 9169
7919 9155
7966 9159
7879 8951
7966 9159
7950 9169
7997 9083
8133 8869
7835 9042
7949 8978
7864 9143
7867 9111
7905 9090
7950 9169
8324 8475
7966 9159
8160 8978
7997 9083
7950 9169
7950 9169
8441 8539
7966 9159
7950 9169
8113 8821
7891 9146
8117 8951
8130 8922
7858 9103
8208 9013
7879 8960
7859 9092
8441 8539
7879 8960
8253 8973
8159 8822
7919 9155
7966 9159
8321 8376
8142 8906
8382 8493
7864 9143
7835 9081
7950 9169
8090 8909
7879 8960
8119 8751
7858 9103
7918 9089
7861 9119
8321 8376
7818 9037
8110 8790
7950 9169
8382 8493
7950 9169
8160 8978
7878 8968
7924 9042
7983 9097
7931 9105
7928 9106
7864 9143
7814 9013
7873 8964
8382 8493
7950 9169
7924 8969
8167 8955
7950 9169
8331 8321
7888 8985
7859 9092
7859 9092
7950 9169
8133 8920
7879 8960
7997 9083
8277 8449
7895 9067
7858 9103
7811 9088
7953 9048
8396 8472
7939 9063
7950 9169
8120 8986
7915 9080
7881 9051
7966 9159
7906 9060
7902 9107
8040 8692
7914 9053
7919 9155
7906 9060
7950 9169
7906 9060
8253 8973
7895 9067
7909 8948
7861 9119
8390 8508
7997 9083
7997 9083
7944 8969
7953 9057
7950 9169
8441 8539
7950 9169
7919 9155
7950 9169
7884 9011
7919 9155
7966 9159
7835 9042
8086 8906
7919 9155
8195 8852
7864 9143
8382 8493
7864 9143
7864 9143
8441 8539
8441 8539
7924 9042
8208 9013
7966 9159
8186 8830
8208 9013
7950 9169
8160 8978
8137 8975
7863 9064
7950 9169
8147 8995
8331 8462
7848 9086
8441 8550
8110 8931
7863 9064
7924 9042
7879 8960
7909 9031
8434 8435
8390 8508
7879 8960
7950 9169
8145 8941
8119 8864
7879 8960
7997 9083
7950 9169
8253 8973
8183 8925
8085 8734
7905 8907
7937 9025
7887 9075
8302 8368
7883 9108
7884 9011
7950 9169
7950 9169
8128 9002
8179 8810
7946 8969
8321 8376
8390 8508
7873 9049
7992 9124
7950 9169
8212 8753
7879 8960
7997 9083
8160 8978
8434 8435
8152 8842
7930 9066
8160 8978
7924 8969
7919 9155
7924 9042
8313 8400
7906 9060
8277 8449
7950 9169
7950 9169
7924 9052
7950 9169
7897 8966
7816 9104
8321 8376
8211 9017
8085 8962
7879 8960
7909 9031
7770 8904
7999 9065
8208 9013
7918 9089
7934 9112
8148 8921
7924 9042
7879 8960
7838 9088
8331 8462
8160 8978
8001 9157
8126 8949
8113 8821
8147 8995
7810 8949
8277 8449
8441 8539
7884 9039
7945 9006
7847 9028
7909 9031
8166 8827
7850 9144
7950 9169
7847 9146
8126 9052
8321 8376
7918 9089
7879 8960
8160 8978
8270 8345
7937 9025
7950 9169
7950 9169
8166 8827
8382 8493
7950 9169
7844 9119
8085 8962
7919 9146
8270 8345
7921 9096
7915 9003
8065 8861
7776 8956
8088 8736
8124 8871
7950 9169
8208 9013
8253 8973
8140 8976
7961 9144
8331 8366
8277 8449
8441 8539
8264 8804
8104 9014
8275 8397
7937 9025
7950 9169
7950 9169
7950 9169
8321 8376
8277 8449
8244 8900
8277 8449
7950 9169
7839 8953
8362 8803
7878 8968
7856 9151
7886 9061
8321 8376
8270 8741
7931 9105
8160 8978
7946 8969
7844 9119
8441 8539
8253 8973
7814 9013
7950 9169
7891 9146
8205 8880
7864 9143
7943 9124
7919 9155
7966 9159
7888 8985
7888 8985
7857 8925
7907 9040
7997 9083
7918 9089
8212 8753
7909 8948
7807 9034
7953 9057
8148 8921
8253 8973
8434 8435
8159 8822
8160 8978
7950 9169
7997 9083
8094 8887
8126 8804
7950 9169
7931 9066
8396 8472
7997 9083
8126 8804
7950 9169
8160 8978
7897 8966
8253 8973
7843 9053
7907 9040
8321 8376
7945 9019
7879 8960
7943 9124
7852 9094
8312 8340
8191 8856
8348 8443
7903 9132
7868 9121
7966 9159
8321 8376
7879 8960
7858 9103
7949 8978
8195 8852
8154 8954
7895 9067
7879 8960
8441 8539
7879 8960
7906 9060
8160 8978
7921 9096
8085 8962
7924 9042
7905 9090
8331 8321
8001 9157
7950 9169
8277 8449
8208 9013
7884 9011
8236 8787
7858 9103
7888 8985
7854 9010
8142 8906
7850 9037
8175 8818
7835 9042
7881 9051
8133 8920
8148 8921
7997 9083
7863 9064
7866 9143
7966 9159
8224 8951
8322 8356
7950 9169
8331 8321
7918 9089
8160 8978
7792 9085
7997 9083
8390 8508
7939 9063
7950 9169
7950 9169
8205 8899
7943 9124
7859 9092
7921 9043
8099 9016
8120 9037
7888 8985
8180 8290
7884 9011
8133 8920
8253 8973
7966 9159
8104 9019
7897 8966
8321 8376
7853 8940
8390 8508
8088 8830
8120 9037
8200 8968
7950 9169
7919 9155
7950 9169
8382 8493
7866 9078
8321 8376
8441 8539
7858 9103
7950 9169
7950 9169
7792 9085
7903 9132
7966 9159
7907 9116
8248 8884
8321 8376
7921 9096
7950 9169
8321 8376
7954 9101
7929 9064
8321 8376
7950 9169
7906 9060
7876 8904
7929 9064
7950 9169
8154 8954
8166 8827
8166 8817
8313 8400
7910 8996
7835 9042
8298 8361
7918 9089
7906 9060
8396 8472
7921 9096
7859 9092
8362 8803
8160 8978
7982 9062
7924 9042
8382 8493
7950 9169
8212 8753
7815 9121
7921 9096
7864 9143
7920 8995
