5 3.61019
27927 29484 28343
28137 29230 28596
28197 29744 27815
28538 29126 26658
28938 27766 27750
29006 27818 27414
28712 29074 26959
28691 28099 27495
28134 29635 28104
28636 29095 26736
28423 29569 28262
28567 28859 27361
28256 29303 28558
28777 28455 27201
28973 27980 27686
28330 29240 28291
28801 28307 27095
28893 28259 27334
28494 29631 28250
28985 27902 27315
28213 29684 27941
28737 28651 27108
28891 28069 27698
28298 29405 28449
28186 29693 27997
28727 28528 27169
28762 28707 27072
28832 28275 27116
28297 29670 28072
28705 27951 27872
28604 28755 28215
28516 28754 28435
28172 29482 28493
28822 27999 27721
28549 28737 28379
28258 29467 28484
28539 28806 28324
28579 28767 27326
28977 27908 27437
28724 27966 27806
28279 29481 28364
28765 28467 27417
28557 28693 28294
28609 28517 28218
28312 29470 28308
28708 28517 27193
28824 27937 27726
28106 29200 28529
28288 29670 28037
28583 29010 26512
28632 27623 27781
28971 27791 27415
28721 28365 27156
28813 28154 27130
28860 27754 27644
28223 29371 28451
28621 28982 26545
28524 28667 28284
28352 28769 28225
28795 28233 27008
28656 28459 26986
28632 28860 26817
28477 28593 28321
28304 29631 27943
28265 29488 28129
28731 28238 26966
28541 29088 26589
28348 29629 28080
28387 28710 28420
28570 29052 26660
28152 29178 28476
28591 29004 26736
28564 28068 27472
28380 28755 28269
28170 29234 28460
28965 27864 27282
28470 28763 27504
28824 28000 27346
28607 27854 27886
28411 29622 28049
28305 29181 28299
28576 27865 27856
28760 27847 27695
28185 29424 28148
28168 29165 28492
28746 28541 26882
28746 28535 26945
28541 29046 26817
28170 29576 28154
28661 28632 26985
28543 28574 28234
28411 29622 28049
28247 29380 28443
28679 28039 27573
28183 29417 28398
28892 27955 27548
28565 27928 27747
28764 27958 27598
28560 29023 26769
28954 27882 27305
28938 27826 27526
28947 27801 27397
28173 29520 28232
28688 27888 27755
28698 28067 27403
28177 29448 28314
28914 27947 27593
28638 27938 27638
28749 28234 26915
28792 28004 27552
28875 27857 27600
28257 29405 28433
28802 27830 27613
28693 27996 27577
28473 29065 26763
28961 27759 27592
28738 28607 26952
28470 29083 26800
28928 27840 27362
28739 28006 27570
28167 29413 28460
28170 29576 28154
28928 27840 27362
28470 28763 27504
27906 29468 28171
27981 29649 27653
28138 29099 28487
28414 29084 26437
28710 27659 27645
28933 27784 27287
28900 27899 27549
28801 27960 27174
28082 29599 28048
28431 28374 28313
28696 28219 27044
28296 29619 27904
28192 29171 28418
28688 28146 27113
28141 29343 28402
27927 29244 28428
28441 28684 27363
28571 28943 26575
28163 29637 27936
28225 29486 28107
28112 29408 28403
28570 27720 27801
28341 29591 28012
28601 28028 27187
28768 27929 27414
28651 28311 27070
28544 28985 26642
28720 28597 26916
28470 29081 26497
28321 28432 28294
28272 29572 28025
28675 27959 27448
28385 28527 28286
28409 28745 27263
28251 28792 28223
27945 29300 28407
28632 28630 26978
28554 29014 26471
28413 28932 26813
28706 27693 27689
28743 27931 27202
28605 28710 26731
28086 29128 28464
28403 29040 26701
28520 28884 26725
28585 27767 27784
28682 27747 27735
28475 28896 26793
28658 27870 27668
28695 28162 27074
28454 28521 28265
28618 28849 26674
28532 28848 26797
28237 29285 28406
28340 28648 28192
28738 27841 27581
28543 28478 28187
28629 27850 27750
28225 29486 28107
28126 29123 28470
28734 27778 27599
28492 28590 28216
28731 27974 27440
28723 28556 26951
28266 29630 28031
28540 28912 26714
28711 27928 27577
28490 28445 28233
28410 28552 28263
28612 28006 27199
28648 28576 26940
28651 27995 27194
28404 28637 28211
28490 28445 28233
28648 28576 26940
27913 29420 28012
28135 29033 28438
28142 29622 27915
28548 28904 26543
28571 27564 27667
28899 27729 27461
28461 28798 26692
28011 29319 28302
28172 29141 28066
28766 27926 27348
28703 28593 26891
28237 28470 28229
28061 29262 28403
28126 29342 28276
28328 29586 27943
28528 28341 27102
28605 28145 27035
28558 27658 27714
28360 28671 27106
28861 27879 27461
28531 27818 27811
28161 29241 28387
28679 27971 27429
28450 28950 26581
28619 28277 26996
28334 29554 27911
28212 29113 28193
28415 28552 28189
28433 28447 28217
28491 28544 27992
28573 27987 27125
28531 27613 27903
28655 28060 26945
28869 27848 27277
28488 28899 26666
28382 28641 27302
28598 27773 27615
28741 27893 27549
28714 27948 27181
28874 27787 27181
28897 27691 27497
28538 28911 26658
28640 28298 26984
28398 28610 27032
28651 28109 26965
28623 27866 27603
28747 27899 27510
28878 27777 27524
28457 28947 26557
28624 28562 26956
28711 27917 27470
28165 29122 28414
28542 27980 27320
28234 29579 27992
28622 28602 26929
28136 29247 28206
28132 29584 27995
27787 29416 27956
27921 28977 28405
28145 29563 27857
28449 28928 26564
28460 27521 27963
28895 27681 27411
27912 29333 28111
28531 28600 26858
28343 28800 26619
28332 29094 26620
28572 28282 26896
28429 27544 27918
28746 27856 27229
28023 29332 27972
28544 27743 27589
28883 27726 27359
28521 27787 27739
28264 29473 27850
28062 29207 28273
28188 29104 28175
28625 28217 26955
28504 28888 26609
28509 28037 26975
28612 27647 27570
28098 29157 28363
28481 27967 27107
28450 28407 27056
28363 28527 27016
28472 28400 27037
28225 29461 27892
28316 28169 28180
28481 28158 26979
27962 29290 28298
28787 27821 27423
28155 29393 27956
28133 29077 28399
27985 29250 28373
28141 28519 28368
28558 27952 27183
28838 27798 27382
28073 29198 28326
28582 27838 27560
28717 27920 27219
28677 28544 26880
28487 27542 27813
28874 27777 27406
28668 27878 27491
28004 29257 28291
28835 27772 27514
28829 27832 27422
28211 29278 27905
28220 28400 28198
28134 29519 27916
28083 29322 28198
28325 28598 27160
28652 27906 27444
28511 27735 27779
28128 29204 28309
28323 29555 27840
28629 27889 27495
28692 27813 27428
28613 27907 27444
28509 28593 26867
28727 27880 27425
28528 27934 27429
28357 28535 28177
28512 27849 27562
27863 29258 28259
27870 29205 28340
28185 29449 27830
28342 27555 27909
28483 28758 26479
28853 27682 27336
27976 29291 28159
28175 29099 28138
28344 28134 27240
28450 28379 27049
28199 28681 27105
28698 27912 27211
28103 29055 28140
28769 27721 27192
28542 28245 26870
28246 28612 27694
28428 28774 26585
28044 29128 28280
28684 27742 27352
28299 28934 26714
28516 27626 27732
28522 27826 27555
28184 29390 27876
28380 28597 26697
28558 28438 26854
28648 27874 27444
28722 27857 27276
28609 28292 26861
28239 29016 26704
28503 28524 26680
28806 27686 27461
28506 27658 27597
28434 28551 26817
28001 29191 28325
28470 28825 26555
28592 27857 27488
28332 28914 26481
28603 28495 26753
28460 28875 26560
28319 28823 26757
28593 28217 26864
28663 27840 27473
28001 29211 28261
28029 29286 28139
28036 29233 28142
28443 27893 27265
28242 27669 27707
28313 28918 26559
28551 27884 27268
28608 27857 27459
27796 29147 28322
28089 27372 27841
28170 29351 27735
28312 28834 26481
28695 27688 27185
28366 28406 26660
28215 28100 27236
28355 28712 26568
28600 28203 26854
27869 29075 28192
28464 27556 27624
28606 27875 27112
28509 28299 26838
28003 29286 28087
28300 28739 26590
28480 27885 27131
27979 29129 28155
28157 29191 27767
28574 27480 27442
28537 27817 27416
28446 27845 27308
28672 27742 27311
27849 28935 28253
28691 27650 27326
28521 27661 27497
28025 28983 28168
27828 29246 28127
28035 29230 28128
28446 28728 26507
27844 29133 28248
28516 27704 27448
28012 29174 28130
28590 27730 27422
28521 27732 27421
27775 29109 28176
27824 29190 28097
28422 28678 26267
28530 27657 27383
28605 27709 27248
28313 28283 26738
28043 28983 26386
27854 29126 27949
28170 27783 27648
28106 28099 27047
28017 29088 28109
28473 28044 26620
28210 27996 27069
28395 27875 26966
28326 27799 27359
28193 28006 27098
28368 27875 27054
28490 27822 27096
28378 27850 27069
27881 28771 28105
28017 29031 28054
28156 27696 26966
28479 27539 27216
28153 27953 27085
28432 27596 27172
27967 29027 28059
28020 27919 27033
28103 27571 26461
27894 27833 26985
26676 28513 28558
26910 28316 28838
26960 28079 28814
28259 29643 27752
29068 28453 27511
29173 28287 27694
27140 28387 28517
27956 29631 27845
28739 28947 28413
28541 29068 28339
27999 29208 28103
28399 28740 28498
26929 28176 28772
28624 28589 28447
28731 28724 28434
28802 29056 28353
26757 28351 28636
27094 28363 28596
28234 29145 28090
26949 28348 28667
29050 28350 27555
28564 29289 27875
28519 29291 27553
28153 29365 28021
28325 29622 27823
28821 28555 28351
28196 29564 27934
28277 29533 27937
28958 28472 27736
29021 28410 27744
28611 28248 28468
28044 29464 28026
28913 28361 27811
28480 29400 27899
28376 29160 27982
28028 29468 27998
29125 28299 27789
29094 28221 27816
29128 28258 27730
28470 29405 27851
28096 29429 28021
28737 29195 27951
28189 29423 27973
29059 28179 27886
28110 29458 28004
27999 29208 28103
28110 29458 28004
26747 28301 28613
26844 28214 28780
26845 28158 28773
28067 29624 27676
28324 29447 27407
29099 28184 27532
27961 29259 28013
27021 28241 28488
28839 28429 27454
28628 28640 28422
28169 28754 28398
28715 28640 28391
28133 29545 27891
28237 29507 27933
28771 28816 28326
28989 28253 27765
28468 29380 27560
28789 28991 28086
28502 29037 28195
28175 29113 28003
26896 28210 28728
28942 28308 27508
28572 28972 28131
28474 29168 27838
26833 28288 28659
28793 28875 28154
28350 29403 27466
28143 29535 27817
26910 28228 28669
28374 28926 28297
26939 28384 28503
28273 29288 27906
28726 28844 28282
28498 29288 27617
26950 28346 28525
28517 29234 27686
26873 28329 28598
26987 28226 28554
28442 29020 28232
28650 29015 27960
28634 28280 28433
28686 28925 28183
28852 28379 27440
26876 28349 28559
28834 28367 27707
28353 29135 27945
28386 29323 27646
28581 28858 28271
29045 28244 27739
28293 28978 28345
28302 29203 27722
28532 29252 27632
29057 28194 27645
28569 28905 28343
28636 29003 27988
29055 28272 27553
28419 29152 27936
28899 28368 27659
28613 28913 28184
28289 29006 28245
28386 29323 27646
28448 28907 28262
28918 28319 27440
28330 29186 27892
28629 28370 28406
28148 29540 27659
28916 28324 27620
28547 28995 28183
28298 29199 27750
28845 28291 27716
28414 29265 27646
28300 29399 27745
28414 29265 27646
28135 29196 28001
28135 29196 28001
28328 29262 27716
28330 29186 27892
28300 29399 27745
26697 28243 28636
26823 28091 28736
27988 29587 27658
28823 28315 27318
29040 28125 27615
26966 28460 28394
28462 29380 27524
28317 28767 28330
28331 28619 28380
28673 28534 28352
28611 28363 28382
26907 28094 28573
28050 29525 27749
28235 29290 27722
26955 28195 28447
28293 29016 28036
26890 28357 28495
28270 29025 28005
28399 29219 27561
28364 29247 27595
28335 29192 27646
26801 28179 28703
28167 29433 27895
28668 28983 27931
28070 29452 27791
26840 28205 28665
28580 28977 27983
28073 29500 27665
26726 28234 28563
28542 28975 28073
28392 29137 27748
28783 28182 27845
28328 29078 27848
28993 28154 27683
28135 28870 28281
28027 29493 27896
28770 28563 28319
28889 28214 27695
28860 28270 27564
29001 28226 27589
28562 28950 28114
28938 28189 27765
28731 28613 28240
28187 29063 27863
28245 29347 27611
28380 29302 27550
26867 28141 28548
26865 28110 28649
28465 28274 28433
28249 28952 28129
28336 29058 27779
28163 29450 27925
28974 28118 27728
26713 28324 28511
28810 28338 27532
28724 28782 28257
28630 28924 28154
28826 28302 27615
28167 29481 27760
28600 28579 28380
28706 28813 28317
28590 28829 28212
28480 28893 28216
28069 29485 27865
26801 28179 28703
28816 28278 27697
28693 28949 28056
28269 29158 27737
28835 28292 27531
28348 29154 27771
28651 28906 28123
26703 28273 28535
28502 28865 28165
28708 28810 28176
28476 28852 28229
28136 28872 28280
28151 28977 28182
28740 28896 28068
28522 28849 28178
28331 29334 27541
26904 28252 28509
28261 28931 28167
28598 28836 28160
28375 28849 28262
28667 28820 28170
28634 28946 28064
28638 28252 28388
28302 28915 28256
28394 29074 27738
28331 29334 27541
28302 28915 28256
28146 28950 28212
26904 28252 28509
26608 28303 28455
26794 28163 28659
27963 29518 27731
28226 29299 27327
28796 27967 27722
28986 28147 27461
27147 28320 28373
27930 29355 27846
26797 28095 28624
28755 28392 28162
28230 28977 28026
28734 28849 27989
26834 28197 28580
28505 28945 27942
28403 29214 27516
28666 28498 28348
28630 28784 28199
28787 28285 27415
28550 28896 28080
28117 29123 27897
26957 28243 28433
28187 29309 27344
28972 28006 27658
28383 29089 27683
28816 28251 27500
28163 29330 27773
27047 28177 28402
28973 28040 27573
28895 28213 27571
28243 28727 28243
28519 28541 28324
28387 29261 27514
28706 28511 28249
28238 28784 28280
26875 27978 28515
27029 28230 28394
28776 28217 27566
28057 29466 27821
28088 29476 27616
28100 29427 27678
26726 28204 28526
28512 28616 28244
28256 29153 27733
28661 28667 28164
26889 28254 28410
28070 29381 27707
28363 29100 27655
28009 29489 27593
28064 29324 27876
27935 29444 27833
28271 28676 28314
28436 28853 28214
28188 28913 28177
27996 29489 27688
28296 29104 27744
28059 29430 27801
28210 28587 28358
28308 28565 28361
28644 28886 28058
28687 28281 28286
28209 28958 28058
28418 28871 28148
26741 28263 28387
26888 28198 28479
28408 28924 28109
26672 28261 28501
26682 28293 28439
28336 28877 28123
26709 28270 28453
28134 29367 27683
28243 28928 28133
28277 29153 27702
26658 28302 28379
28280 28698 28284
28804 28160 27715
28292 28856 28217
28316 28694 28217
28384 29093 27605
28507 28858 28117
26721 28205 28455
26658 28302 28379
26567 28092 28526
26736 28080 28637
26791 28027 28599
27921 29465 27758
28736 28387 27284
28979 28144 27461
26983 28277 28345
28461 28942 27915
28256 29133 27715
28594 28325 28301
27953 29407 27806
28054 29263 27710
28134 28837 28214
28434 28646 28123
28093 29367 27535
28569 28498 28334
28362 29216 27468
28641 28414 28161
26664 28261 28386
28013 29373 27614
28643 28546 28117
28702 28290 27596
28199 28913 28023
28285 29233 27496
28805 28110 27552
28401 28806 28189
26874 28054 28454
28656 28725 27952
28882 28079 27536
28583 28721 28083
27951 29435 27669
28835 28173 27439
28387 28924 28006
28746 28285 27364
26749 28144 28515
26604 28194 28437
28764 28220 27402
28630 28513 28136
26766 28047 28535
26583 28192 28460
28744 28240 27647
26716 28228 28422
28487 28776 28016
28515 28764 28060
28666 28090 27779
28328 28889 28070
28270 28851 28145
26739 28083 28570
28419 28768 28058
26833 28225 28353
28569 28744 28114
26850 28169 28347
28774 28227 27368
28322 28849 28103
28791 28087 27664
28281 28894 28102
26730 28217 28422
26745 28185 28425
26736 28227 28369
28282 28893 28068
26470 28274 28268
26652 28052 28582
26750 28014 28515
27838 29455 27551
28719 28226 27372
27731 29399 27712
27082 28225 28332
27925 29365 27790
28265 29075 27470
28025 29214 27649
28066 28802 28176
26861 28140 28335
28154 28905 28011
28605 28458 27640
28366 28655 27956
26566 28166 28439
28304 28883 27938
28355 28604 28040
28242 29131 27622
28194 28700 28125
26830 28043 28395
28495 28298 28226
28516 28387 28221
28713 28226 27547
26637 28088 28475
28186 28744 28079
28233 28893 27753
28365 28847 27694
26661 28022 28541
28512 28214 28306
26722 28095 28363
28669 28270 27414
28610 28306 27463
28625 28402 27439
28310 29198 27467
28198 28761 28043
27939 29389 27637
28124 28870 28071
26621 28156 28376
26697 28052 28516
28549 28265 28279
28643 28258 27441
28359 28865 27998
28539 28298 28028
26588 28084 28475
26685 28029 28482
26691 27687 28449
27893 29358 27644
28600 28334 27409
28647 28203 27438
26840 28284 28199
27817 29229 27750
28311 28554 27995
28154 28870 27914
28158 28657 28087
27883 29028 27782
28561 27991 27485
26676 28152 28324
26756 28221 28288
27898 29308 27696
28054 28768 27945
28545 28165 27503
28013 29133 27538
28036 28795 28169
28233 29075 27538
28182 29041 27593
28237 29064 27471
28167 29060 27605
26551 28152 28294
26613 27907 28470
27935 28917 27504
28602 28043 27402
26851 28203 28155
28043 28640 28010
27974 28694 27889
28584 28131 27404
27916 28893 27447
26760 28310 28334
27297 29722 27326
27444 27847 28800
28531 26840 28499
28969 27909 27213
27130 28028 28576
26807 28412 28299
27465 27313 28341
27780 29547 27331
28431 27162 28413
28723 27663 27836
27550 29230 27570
27547 29525 27916
27566 28538 28147
28277 28161 28127
27889 29129 28035
28867 27947 27344
28387 28500 28092
28500 27150 28481
28392 27030 28496
28067 28672 27976
28727 29050 27403
28162 28126 28215
27842 29180 27937
28779 29008 27549
28188 28327 28151
28819 27992 27372
28807 27711 27715
28200 28994 27649
28044 28829 27772
28016 28892 28006
28284 28755 27939
28691 29141 27482
28698 27744 27677
28346 28111 28247
27956 28961 27969
27987 29051 27628
28055 28515 28210
27930 29070 27845
28818 28004 27517
28645 29058 27500
28653 27948 27645
28593 27803 27864
28607 27796 27795
28400 28611 27902
27972 29050 27923
28727 27797 27597
28346 28111 28247
28502 28596 28008
28425 28638 27706
28052 28950 27692
28316 28603 27917
28538 27902 27819
28691 27782 28000
28570 27885 27707
28692 29095 27487
28366 28662 27803
28055 28768 27888
28181 28796 27799
28063 28530 28010
28354 27091 28486
28354 27091 28486
28683 27786 27758
28554 27886 27855
28682 27892 27691
28350 28789 27873
28683 27786 27758
28396 28654 27845
28396 28654 27845
26584 28270 28177
26860 29568 27211
27085 27902 28484
27311 29443 26745
28478 27031 28414
28825 27912 27327
28520 29037 27144
26679 28233 28276
27343 27360 28386
27694 28382 28125
28162 28068 28069
28385 27102 28418
27805 28200 28078
28410 27087 28320
28634 27668 27672
28245 28433 28056
27467 29309 27770
27095 29216 27855
27228 27569 28401
27290 29470 27163
28031 28860 27632
27777 29105 27905
27595 28500 28030
27165 29554 27262
28790 27924 27390
27513 29357 27492
27525 28484 28133
27758 28028 28159
28106 28776 27735
28587 27574 27690
28003 28547 27974
28122 28645 27914
28476 28586 27913
27388 29315 27777
27622 28509 28000
26914 27905 28437
28478 27860 27831
28327 28720 27805
27879 28968 27954
28550 27762 27616
28709 27781 27558
27084 29530 27327
28514 27801 27791
27920 28821 27745
28051 28711 27863
27026 29395 27705
28233 28525 27996
28360 27101 28462
28577 27473 27698
27839 29093 27866
26988 29507 27541
27846 28918 27988
26869 27988 28419
27934 28989 27540
28564 28988 27474
28742 27996 27413
28670 27787 27586
27469 29398 27474
26963 27921 28419
27918 28937 27885
27962 28400 28076
28750 27693 27621
27121 28017 28400
28818 27999 27354
27165 27795 28359
27070 29326 27857
27953 28753 27920
28754 27462 27624
27199 29393 27852
27309 27427 28352
27323 29377 27838
27108 29485 27342
28534 29016 27403
28115 28737 27809
27309 27427 28352
27876 28267 28077
27171 29452 27692
28652 28948 27353
27951 28942 27581
28541 27888 27582
28737 28925 27541
28568 29017 27347
28048 28724 27858
26560 28029 28208
26962 27854 28484
27027 29548 27258
27341 29261 26936
28276 26823 28273
28770 27653 27213
28247 26959 28371
26675 28423 28123
28446 27307 27753
26906 27889 28450
26770 28205 28098
27228 29453 26972
27354 29167 27596
27156 29496 27083
27573 28392 28010
27201 27469 28267
28392 28306 27906
28727 28146 27375
27458 29229 27574
27063 29518 27153
27708 28544 27976
28149 28203 27916
28506 27537 27558
27211 27338 28104
28301 28595 27653
27818 28849 27947
26994 27820 28407
28732 28889 27337
28031 28722 27758
27446 28402 28043
27058 27657 28191
27708 28242 28024
27316 29213 27634
27649 29002 27474
27600 29077 27436
28591 28866 27443
26961 27924 28368
28516 28974 27307
27932 28737 27820
28685 28803 27460
28125 28485 27951
28461 27693 27696
28610 28855 27435
28481 27729 27674
28352 28456 27909
27310 27324 28325
27834 28175 28057
27164 27613 28275
28409 28538 27875
27148 29484 27191
27103 27633 28248
27914 28930 27789
28645 27608 27531
28709 27915 27386
27127 29499 27233
27267 29395 27166
27608 28437 27995
27151 27576 28349
28258 28645 27757
28636 28848 27503
27290 29425 27159
27053 27691 28407
27308 29337 27834
28711 27758 27468
27864 28889 27909
27270 29375 27811
27177 29398 27206
27032 29450 27277
27315 29319 27526
27848 28949 27581
27930 28747 27804
27314 29274 27734
28063 28691 27755
28452 27750 27724
28058 28689 27773
28050 28705 27849
27597 28600 27958
27025 29497 27307
28671 28922 27384
28415 28518 27828
27597 28476 27983
28684 27841 27506
26983 27899 28366
27129 29449 27672
28674 27910 27486
27103 27633 28248
27043 27895 28340
27657 28423 28004
28438 28519 27781
27922 28232 28048
27827 28976 27729
27843 28190 28049
27930 28745 27855
28272 28520 27908
27657 28423 28004
26566 28235 28097
26897 29539 27118
26953 27846 28462
27243 29407 26878
28246 26929 28254
28721 27844 27272
27143 27510 28210
27455 29127 27569
27290 27320 28259
27362 28353 28005
27636 28635 27906
26928 27860 28300
28621 27628 27447
27168 29422 26979
28115 28095 27940
26953 27846 28462
28374 28536 27821
27778 28962 27652
28474 27668 27492
28626 28008 27444
27676 28841 27865
28021 28602 27699
27849 28228 28015
28233 28471 27825
27191 27329 28265
27033 29467 27206
28670 28864 27298
28120 28129 27933
27238 29397 27060
27393 29205 27418
28210 28511 27879
28417 27736 27640
27176 29368 27357
28139 28491 27893
27742 28882 27799
27049 29443 27132
28699 27898 27233
27220 29390 27090
27907 28805 27621
27867 28740 27713
27802 28940 27724
28447 27718 27595
27992 28708 27717
27127 29314 27735
27289 29266 27776
27040 27838 28290
27410 29136 27466
27074 29346 27621
28687 28802 27277
27179 29157 27818
27089 29411 27393
28002 28657 27799
27995 28687 27694
27821 28881 27384
27141 29303 27669
27052 27663 28267
28432 27700 27777
27891 28718 27625
28702 27897 27251
27289 29269 27521
27234 29279 27498
27025 29448 27519
27006 27890 28287
26981 29406 27633
27278 29276 27413
28685 27881 27406
27821 28855 27794
27047 29465 27222
27189 29312 27436
26995 29323 27821
27138 29313 27468
27849 28228 28015
28439 27728 27646
26731 27818 28312
26872 27761 28413
27047 29464 27031
27354 29193 26771
28206 26804 28233
28630 27785 27334
27416 29004 27402
27822 28783 27607
28335 28482 27781
27238 27217 28257
28025 28017 27925
27857 28665 27582
28479 27648 27434
28108 28278 27858
27071 27418 28120
27299 29164 26943
27412 28349 27887
27835 28214 27984
26811 27777 28371
27320 28806 27539
28049 28021 27923
28386 27645 27644
27082 27304 28232
27833 28598 27716
28163 28204 27812
27084 27415 28086
26967 27874 28250
27171 29325 27217
27844 28189 27900
27041 27551 28242
27035 29451 27128
27309 29127 27374
27259 29274 27291
27201 29279 27038
28414 27701 27479
27089 27329 28099
27154 29376 27006
27172 29340 26952
27278 29180 27685
27016 29438 27510
26914 29374 27618
27109 29208 27751
26967 27729 28271
28436 27647 27549
27050 29365 27171
27209 29271 27332
27011 27688 28265
27038 29412 27166
26941 27707 28391
27200 29246 27576
26944 29214 27752
27155 29248 27370
27289 29200 27011
27252 29182 27371
26517 28077 27927
26809 27701 28348
26987 29439 27035
27137 27153 28097
27233 29144 26817
28585 27468 27302
27564 28084 27845
27809 27988 27930
27331 28483 27558
28420 27641 27439
28096 28480 27609
26753 27840 28234
28258 28378 27524
27694 28757 27548
27712 28778 27534
28227 28424 27717
27073 27300 28182
27229 29058 27538
28335 27548 27637
26974 27482 28095
28183 28453 27671
26909 27779 28135
27201 29232 27100
26963 29380 27212
26923 27429 28327
27113 29153 27324
27028 29405 27125
26870 27832 28203
27165 29116 27619
26810 27744 28278
26934 29409 27493
26792 27757 28249
26942 29398 27365
26943 29438 27178
27139 29325 27202
26938 27523 28313
26954 29290 27353
26879 27662 28276
26927 27707 28179
27147 29261 27065
27217 29251 27062
26791 27642 28041
26895 29375 27177
27012 27332 27920
27092 29113 26676
27826 28336 27314
27200 28850 27394
26981 28933 27603
26952 29240 26926
27024 29096 27486
27058 29279 26678
26936 29345 27033
26966 29199 27120
26859 29287 27274
26898 29356 27227
26868 29236 27261
27058 29111 27231
26870 29277 27123
26878 29322 27052
27042 29066 26586
26969 29162 26619
26948 29188 27041
27036 28519 28515
27067 28431 28539
27544 29530 27721
28707 28139 28309
28901 29244 27248
29068 28656 27969
28346 29094 28268
27803 29391 27324
28676 28299 28492
28576 29283 28025
29035 28516 28213
28541 29295 27967
28632 29239 28165
28956 29238 27476
27168 28754 28284
28392 28906 28186
28655 29101 27826
28680 28933 27802
27571 29460 27637
27139 28563 28425
28365 29389 27885
27445 29373 27993
27141 28894 28316
27331 29419 27779
27246 28713 28292
27112 28667 28326
27713 29434 27534
28723 29322 27406
28849 29267 27345
27633 29437 27610
28681 29207 27677
27327 29428 27727
27177 28534 28471
28836 29289 27306
28756 29195 27631
27130 28654 28321
27700 29412 27585
28793 29378 27401
27184 28696 28303
27460 29394 27815
28704 29341 27604
27139 28563 28425
28791 29265 27552
27109 28932 28494
28723 29224 27628
28838 29236 27626
28756 29195 27631
27709 29408 27552
27709 29408 27552
26822 28694 28415
26980 28359 28505
27557 29449 27538
28768 29344 27165
28816 27874 28212
29035 28313 28069
27889 29382 27665
27355 29350 27711
28204 29009 28223
27705 29339 27843
27161 28685 28284
28871 29099 27362
26886 28637 28379
28679 28237 28125
27312 28725 28234
28820 28612 27823
28730 27940 28168
28514 28017 28351
28855 29214 27237
28796 28308 28100
28675 28159 28189
28956 28346 28004
28494 29296 27472
27508 29384 27667
28728 28071 28130
27497 29346 27872
26967 28836 28260
27140 28529 28430
28415 29056 28163
28680 29239 27422
28767 29323 27310
28232 29080 28159
28661 29238 27581
28918 29137 27335
28292 29029 28168
28303 28811 28164
28445 28125 28299
28458 28906 28081
27021 28543 28374
28722 28502 28014
28846 29175 27276
26841 28730 28351
28621 29164 28074
27140 28787 28237
28710 28432 28074
27061 28978 28235
28534 29294 27622
28676 29288 27467
28903 28421 27897
26990 28695 28317
28952 28368 28017
28667 29359 27257
28950 28415 27923
28226 28917 28228
28416 29254 27962
27113 28962 28228
27094 28626 28314
28837 28596 27849
27105 28569 28347
28565 29215 27968
28696 28127 28201
26955 28794 28348
28569 29174 28010
27121 28827 28288
28724 29226 27616
28934 28417 27941
28703 29227 27547
28851 28389 27948
26974 28571 28360
28456 29246 27878
28807 29229 27328
28458 29216 27836
28815 28585 27947
27157 28416 28427
28823 29221 27545
28728 28397 28015
27507 29343 27833
28685 29251 27331
26957 28799 28347
26957 28799 28347
27508 29384 27667
26801 28758 28243
26893 28299 28497
27527 29399 27497
28669 27983 28183
28795 29147 27135
28990 28197 27999
27840 29317 27429
28242 28985 27994
28759 29291 27262
28777 29226 27297
26948 28621 28302
28655 28084 28140
27096 28489 28376
27002 28717 28283
27128 28552 28275
28423 29185 27824
28901 28248 27982
27225 28775 28219
27594 29361 27622
27788 29333 27559
28346 28901 28036
27070 28498 28334
27401 29245 27879
27230 28824 28139
26970 28519 28373
28722 28472 27949
27356 28585 28210
28602 29112 27728
27480 29329 27806
28576 29041 27783
28265 28958 28120
28507 29190 27653
28718 28401 27990
28609 28884 27548
28849 28322 27915
28730 28121 28080
28951 28287 27718
27714 29362 27449
28613 28095 28171
27127 28671 28258
28335 28853 28043
27689 29262 27681
28547 29002 27795
27037 28980 28223
27638 29305 27760
27333 29310 27833
28281 28831 28133
27339 28674 28193
28677 28369 28047
27684 29267 27742
27654 29378 27605
28820 28343 27846
28794 28203 28074
27390 29333 27780
28870 28167 28053
27529 29214 27873
28519 28158 28111
27395 29169 27937
28799 29130 27491
28925 28276 27946
28585 29156 27656
28814 28196 28058
28252 28984 28029
28706 29294 27294
28509 29023 27988
28608 28147 28180
28671 29263 27457
27654 29378 27605
27536 29313 27830
28789 28327 27945
28520 29133 27831
28675 28492 27848
28801 28488 27874
28862 28277 28038
28706 28496 27783
28758 28492 27656
27536 29313 27830
26742 28332 28351
26890 28294 28443
27401 29372 27493
28705 27947 28051
28712 29142 27084
28895 28201 27978
27762 29118 27702
28695 29048 27228
28111 28859 28097
27210 28575 28195
26750 28298 28412
28881 28153 27996
28544 28476 27826
27283 29184 27862
28494 28985 27905
28549 28034 28149
28678 29258 27273
28836 28280 27898
27574 29303 27638
26903 28780 28220
28663 29209 27338
27672 29241 27728
28349 28854 27985
28398 29161 27597
26948 28626 28279
27114 28750 28211
28251 29023 27969
27760 29252 27369
27491 29331 27608
27002 28699 28249
27495 29355 27569
27631 29299 27428
28135 28940 28024
28641 29123 27484
28713 28338 27934
26940 28585 28295
28270 28897 28008
27405 29313 27770
28602 28006 28078
28613 27978 28055
27630 29276 27687
28740 28211 28029
28145 28764 28025
28794 29009 27485
28441 28994 27811
27396 29219 27781
27067 28662 28254
28434 28731 27967
28598 28089 28053
28585 28465 27859
28123 28771 28119
27337 29221 27861
27080 28388 28333
28732 28254 27970
27046 28410 28278
28429 29227 27395
26995 28860 28208
28705 28075 28038
26901 28425 28336
27606 29344 27384
28554 29148 27531
27538 29323 27537
28725 28373 27817
28342 28859 28008
26943 28898 28204
27636 29260 27537
28572 29206 27389
26933 28405 28349
27069 28677 28215
28736 28394 27743
27626 29299 27754
28701 28409 27839
27659 29264 27536
28609 28381 27979
26760 28219 28387
27437 29350 27559
28754 27825 27984
28755 28888 27036
28849 27989 27785
27791 29193 27247
28188 28824 27953
26829 28415 28297
28689 29141 27073
27231 28593 28046
26999 28448 28236
28612 29031 27393
28535 29111 27475
28565 27944 28056
28386 29023 27588
27736 29239 27324
27774 29082 27531
28459 28720 27811
28738 28110 27995
28636 28361 27696
28647 29191 27150
28277 28709 27901
28542 28194 27976
28221 28951 27854
27558 29267 27682
27168 28534 28068
27588 29313 27352
27604 29265 27742
28721 28286 27778
28566 28053 28044
28257 28890 27932
27092 29288 27669
28595 29183 27185
26856 28771 28212
26934 28865 28177
27646 28995 27613
27133 28747 28036
28793 28252 27888
27673 29240 27336
27018 28733 28121
28433 28435 27941
26921 28614 28220
27075 28669 28078
26952 28661 28139
26940 28804 28171
27186 28683 28007
28625 28327 27897
27031 28541 28133
27598 29285 27627
26869 28605 28224
28769 28256 27851
27222 28650 27993
27647 29233 27485
28743 28265 27876
27059 28684 28132
27637 29219 27532
28760 27987 27896
28566 29229 27208
28218 28754 27991
27660 29215 27475
28580 29238 27203
27638 29187 27587
28265 28819 27981
26735 28338 28284
27549 29275 27581
28604 29079 27107
28735 27888 27993
27735 29173 27217
27367 28593 27987
28171 28641 27965
27033 28652 28111
28653 28253 27854
28234 28399 27647
28288 28302 27779
28410 28915 27465
26882 28816 28164
28477 28073 27990
28532 29056 27315
27647 29152 27245
26934 28858 28067
28495 27949 28018
28587 29078 27113
26900 28726 28164
28598 28986 27391
28684 27965 27898
27618 29226 27437
28687 28036 27753
28558 28014 27927
28602 28892 27387
28211 28796 27911
27580 29012 27696
27420 29160 27675
27564 29269 27514
27620 29169 27582
27386 29190 27724
27572 29216 27512
27478 28872 27709
27482 29137 27706
27491 29256 27647
26920 28840 28156
26909 28854 28125
28531 28021 28009
27568 29194 27652
28206 28843 27921
27480 29158 27685
26581 28412 28104
26709 28304 28126
27489 29244 27571
28489 27715 28000
28516 28894 27242
28662 27731 27847
26983 28644 28093
28144 28796 27791
27234 28468 27966
27376 29088 27595
27595 29115 27495
28446 28154 27725
27493 29160 27488
28370 28001 27934
28641 28064 27779
28493 27854 27966
28528 28211 27560
28189 28761 27856
26878 28790 27918
27507 29139 27511
28542 27928 27887
26902 28719 28096
28555 27955 27850
27390 29216 27573
27395 29148 27594
28150 28745 27906
27218 28451 27918
27452 29232 27543
27458 29191 27370
28329 27681 27811
28536 27783 27806
28144 28793 27784
27493 29048 27455
28449 27857 27805
27361 29194 27566
28504 27832 27755
27488 29158 27452
27390 29100 27553
27300 29024 27556
27394 29227 27200
27440 29199 27522
27246 29177 27521
27254 29178 27219
27392 29013 27411
27411 29027 27395
27299 29053 27312
27295 29138 27450
27208 29167 27191
27347 29025 27370
27248 29078 27309
27677 29307 27770
28028 29471 27523
28187 28724 29080
28667 27371 28347
28758 28536 26796
28770 27478 27947
27936 29165 28098
28484 27943 28649
27704 29286 27805
28479 27946 27511
28663 27606 28175
28024 28746 28797
28333 29018 27033
28648 27495 28289
28687 28657 26892
28467 28545 27471
28124 28844 27298
28072 28743 28671
28649 28615 27197
28437 28772 27642
28401 27944 28547
27982 29354 27691
28031 29356 27688
28435 28709 28277
28099 28977 28434
28121 28963 27337
28261 28947 27140
28159 28796 27862
28292 28958 27062
28755 27530 28038
28697 27436 28309
28267 28918 27172
28370 28930 27124
27959 29009 28174
28708 27540 28027
28144 28788 28484
28148 28802 28448
28708 27540 28027
28263 29009 27108
28027 28798 28512
26491 29174 27772
27349 29356 26110
27981 28719 28776
28665 27372 28252
28754 27381 27914
26723 29186 27718
27564 29348 26125
28640 28583 26678
28483 27797 28576
28719 27505 28003
28608 27593 27918
28517 28356 27066
28564 28450 26792
28299 27913 28464
28436 28156 27265
27597 29299 27629
28041 29009 26868
28399 27985 27516
27732 29333 27566
28240 27886 28484
28371 28251 27613
28554 28531 26920
28018 28702 28669
27917 28857 28296
28386 28229 27668
28082 28736 28061
28016 28707 28365
28648 27590 28075
27800 29213 27461
28422 27977 27457
28108 28635 28687
27778 29105 27554
27619 29187 27652
28209 28627 27800
28350 28657 27414
28600 27433 28131
28522 27475 28262
28150 28968 27095
27948 28809 28173
28521 28554 27023
28226 28765 27173
28473 28615 27172
27750 29135 27603
28396 28486 27498
27993 28755 28204
28436 28156 27265
27876 29053 27500
27900 29009 28136
27871 29082 27579
28754 27381 27914
28167 28711 27250
27993 28957 28161
28597 28643 26777
28351 27815 28513
28370 28519 27466
28159 28648 28531
28313 28816 27090
28006 28963 28110
28476 27836 27292
28399 28536 27219
28393 28585 27327
27834 28916 28277
28293 28977 27027
27933 28885 28172
28601 28522 26739
27891 29165 27387
28630 28519 26704
28443 28522 27226
28385 28571 27372
28336 27833 28498
28333 28919 27067
28293 28977 27027
28104 28976 27079
27888 28876 28257
28328 28585 27515
27844 29213 27386
28484 28614 26788
27937 29139 27462
28659 28543 26697
28215 28542 27516
28316 28608 27460
28221 28914 27094
27868 29171 27500
27617 29197 27642
28209 28627 27800
28476 27836 27292
28433 28526 27384
28385 28571 27372
27617 29197 27642
28331 28531 27567
26416 29183 27553
27524 29309 26052
27962 28634 28736
28712 27175 27957
27466 29058 27571
26870 28916 27645
27638 29210 26238
28127 27844 28436
28596 28492 26590
28320 28124 27489
27613 29259 26233
27916 28814 28296
28451 27654 27864
28466 27311 28145
28500 28241 26811
28556 27528 27992
26594 29182 27656
26706 29106 27638
28418 27744 28362
28666 27372 27900
28552 28382 26665
28482 28405 26956
28280 27725 28514
28613 27458 27944
28207 28738 27124
28018 28491 28644
28164 28696 27203
28295 28279 27524
28300 27797 28484
27927 28654 28577
27749 29039 27519
28563 27487 28060
28711 27244 27737
28099 28666 27230
28107 28597 27795
26804 29087 27629
28545 27221 28098
28258 28164 27608
27537 28952 27623
28649 27498 27927
28490 28528 26798
27821 28822 28116
26815 28968 27758
28311 28868 27015
28362 28579 27176
28548 28493 26684
27994 28641 28627
27827 28837 28097
26616 29165 27708
27699 29061 27527
28074 28618 28629
26605 28973 27725
28393 28548 27215
28133 28469 27976
28345 28557 27346
26648 29101 27692
27860 29165 27473
27894 29085 27461
27733 29024 27526
28314 28561 27416
28433 28513 27333
28211 28827 27092
27731 29173 27122
28361 27821 27432
28345 28443 27488
28461 28574 26979
28247 28919 27062
28688 27477 27874
28473 28490 27023
28328 28608 27307
28210 28622 27297
26629 29071 27695
28359 28417 27419
28254 28252 27546
28277 28160 27536
28124 28958 27071
28230 28655 27207
28668 27478 27876
28199 28931 27017
28195 28528 27482
28259 28534 27449
28271 28473 27532
28325 28508 27451
26648 29101 27692
28248 28524 27555
28549 28569 26679
28549 28569 26679
28210 28622 27297
28248 28524 27555
26532 28982 27677
27488 29256 26215
27594 29236 26003
27850 28554 28719
28323 27043 28153
28676 27198 27869
27480 29168 26301
26716 28998 27564
28358 27900 27408
28124 28202 27630
28620 27351 27923
28560 28458 26578
28393 27483 28086
28232 27651 28383
27797 28777 28220
28295 27725 28334
27921 28586 28699
28368 27200 28124
28098 28692 27159
27988 28632 28439
26564 28825 27774
27661 28974 27515
27883 28903 26970
28490 28440 26649
28090 28239 27616
28110 28883 26811
28245 27780 28206
28440 28531 26764
28049 28560 28527
28310 28318 27424
27567 29201 26152
27588 29217 26089
28014 28387 28602
28542 27440 27967
28401 27668 28051
27546 29219 26190
27885 28637 28203
26646 29081 27638
27495 29159 26295
27712 29126 27419
28445 28376 26925
27776 28824 28048
28548 27384 27902
27772 29146 27323
28146 27769 28431
28527 28536 26618
28328 28398 27301
28400 28479 27186
28555 27367 27980
26679 29044 27634
27681 29037 27492
28148 28859 26931
28110 28577 27098
28352 28395 27252
28197 28426 27496
28197 28840 27041
26612 29098 27580
28470 28367 26939
28353 28575 27039
28028 28487 28573
28125 28506 27388
28193 28434 27477
26709 29042 27590
28272 28531 27376
27832 29140 27400
28038 28548 28569
28286 28524 27256
28040 28580 27358
28231 28376 27473
27816 29105 27443
26594 29162 27514
26578 29153 27619
26610 29038 27655
28538 28435 26581
28470 28367 26939
27807 29110 27456
28110 28523 27451
28289 28373 27460
26273 28939 27663
27441 29195 26142
27475 29191 26116
27961 28485 28546
28558 27042 27913
28628 27087 27824
27146 28779 27727
28153 28069 27366
26641 28961 27566
28314 27756 27329
27759 28552 28491
27429 28775 27494
28357 27476 28048
28498 28389 26561
28428 28339 26931
28385 27181 28006
26439 29141 27448
28492 27361 27868
28038 28564 27220
28337 27560 27681
27620 29002 27482
28221 28464 27210
28246 28376 27049
28057 28834 26761
27823 28984 27343
26528 29119 27585
28440 28376 26837
28023 28823 26989
28067 28519 27294
28390 27530 27728
28415 27423 27811
27675 29028 27457
28163 28493 26936
26587 29021 27642
28520 28382 26609
28095 28402 27353
28459 27418 27843
28270 28536 26681
26567 29102 27523
28378 27458 28013
26550 29041 27569
28279 28372 27311
27795 29079 27451
28433 28433 26715
28376 28483 26756
28337 28377 26990
28359 27550 27848
28236 28430 27216
28497 28453 26582
28392 28436 26684
28397 28463 26595
27785 29136 27311
26555 29135 27462
27806 29103 27363
27806 29018 27455
26450 29085 27571
27436 29136 25903
27798 28473 28487
28569 27069 27765
26743 28731 27564
27330 29105 25998
28030 28503 27090
27889 28062 27347
28260 27425 27971
28487 28285 26526
28197 27807 27286
28373 28334 26736
28277 27743 27224
28431 27167 27814
28442 28341 26444
28017 27487 27446
27821 28916 27128
27609 29090 26215
26574 28968 27604
28343 27342 27851
28413 27333 27774
27642 29071 26234
26481 29023 27507
27556 29044 27412
28315 27454 27654
28234 28411 27186
26606 29049 27436
27963 28470 27157
27669 28922 27455
27943 27466 27495
27779 29031 27296
27721 29041 27421
28269 28370 27103
27658 29078 25987
28009 28491 27128
26443 28988 27452
27528 29037 27320
27547 29033 26200
27742 28420 28336
28481 26974 27760
26491 28877 27601
28116 27754 27218
27466 28481 27427
28197 28294 27078
27728 28532 26805
27719 28837 26417
27560 28448 28182
28087 27429 27425
27861 28308 27146
28248 27400 27802
28416 27039 27714
28322 27292 27704
28357 27202 27578
28327 27219 27533
27480 28681 27416
28255 27359 27578
27650 28764 27407
27647 28693 27408
27535 28910 27389
27647 28959 27353
27553 28827 27415
27516 28569 27408
27517 29019 26833
27689 28745 26328
28236 27137 27748
28279 27220 27576
28187 28277 26624
27670 28088 27066
28234 27384 27505
27594 28911 27353
27607 28836 26682
28268 27266 27583
27636 28601 27387
27562 28764 27399
27196 28898 27041
27445 28928 26277
28263 27194 27570
27708 27305 27155
27548 28482 27368
27506 28712 27348
26751 28640 26946
26845 28811 26914
28065 27098 27485
26797 28590 26788
