353 38.4114
35199 33577 32166 32488
32991 32711 34651 33676
32096 34106 33197 34111
32952 32194 33186 34771
31957 34156 33871 33524
34998 33133 32524 31985
32059 33860 34572 33123
33010 32279 32879 34944
34243 34079 31813 32608
32297 33962 34654 32560
32854 34194 33072 34078
33408 34044 33815 32544
32891 33585 32983 34542
32033 32684 34631 34019
33264 34952 33092 32640
33443 33480 32634 34079
32614 32691 34200 34382
33832 33419 33242 33586
33325 31418 34228 33424
34624 32850 32946 32853
33399 34783 32565 33219
33160 32832 33494 34626
33529 33273 33953 33186
34369 32504 33059 33440
34638 33260 33824 32615
32865 34307 33375 33584
33404 31885 33946 33732
32549 32122 35223 32921
33771 33839 33975 31563
32252 32803 35384 32256
33260 32197 32951 34867
33259 33767 34722 31455
33385 33446 34633 32523
32858 32644 34005 33982
33720 32527 33836 33459
34323 32857 33950 33050
32904 33471 33327 34085
34403 33957 32675 32259
32979 32404 35088 32581
35086 33154 32229 32893
33457 32708 34621 33162
31968 32974 34699 33565
32554 34797 33671 33649
32333 33171 33790 34025
32675 34885 33145 32970
33427 34066 33020 33150
34320 31912 32731 34402
32600 33353 34585 32992
33902 33683 31778 33720
33801 32886 32585 34478
34399 32348 31945 34346
34180 33188 31430 34158
33732 32648 33257 34059
34252 32130 32863 33925
34354 32359 32508 33978
32650 34226 33892 33236
33016 33382 34011 33644
31803 33287 34882 33168
32811 34517 33639 32583
34044 34178 32579 33523
34311 33391 32607 33585
32683 32048 34660 33905
32737 32913 34940 32457
32660 31994 34665 33760
33434 32595 33131 34472
35189 33539 31935 32547
32340 32949 34306 33815
34436 32137 33211 33191
34593 33901 31877 32445
32235 33584 34372 33239
32152 33009 35072 32995
33176 33602 34339 32801
33735 34700 32581 32597
33487 33119 33699 33541
33014 33074 33660 34012
33424 32247 33901 33593
32442 33076 34218 34205
33213 33326 32945 34506
33613 34183 33283 32155
32946 33879 33682 33523
34631 32605 33405 32799
34217 32362 31918 34314
33231 33764 34324 32024
32636 32822 34369 33649
32940 32525 35051 32641
33441 33364 32259 34263
34779 33259 32138 32880
31994 33941 33763 33442
34312 32461 32523 33980
33786 33817 32680 33570
33898 34539 32514 32775
34215 32151 32729 34314
33862 32482 33485 33857
34288 33229 32026 33946
34325 32216 32918 33913
32610 33591 33997 33441
33600 32942 32368 34312
32562 33091 33937 33917
32811 32254 33136 34792
31948 33886 34517 32927
34104 33601 32659 33382
32916 33940 34354 32279
33298 31386 34188 33445
33094 32281 32908 34786
34427 33500 32683 32506
32770 32701 33872 34516
32379 32965 35121 33213
33236 34053 32367 34077
31939 33650 33383 33971
32451 33735 34183 33161
33415 32827 34198 33189
34902 33391 32368 32306
33560 31787 34017 33654
33419 34204 33155 33329
32606 34697 33557 33482
32918 33156 34070 33120
32247 32699 34428 33948
34346 33595 32855 32357
32665 34465 33650 32538
34651 33225 33685 32473
32497 32728 34798 33245
33176 32400 33687 34498
33234 31339 34105 33447
34679 33943 32417 32395
33784 34566 32386 32826
32545 33727 33545 33911
34185 33057 33535 33143
31972 33243 33960 33697
32247 34012 34333 33139
34167 33029 32151 33856
33430 33187 34086 32348
31959 32979 35123 32861
31853 33745 33261 34019
34601 33386 32169 32752
32295 33934 33741 33508
33068 33724 34306 32805
34191 32278 32593 33930
32818 33646 32871 34320
33052 33883 34505 32085
34088 33102 33154 34158
33407 32508 34388 33339
33459 32796 32952 34394
32979 34714 33080 32936
33094 34316 33229 34046
34334 32645 32959 33412
33847 33976 32716 33150
33533 33705 33452 33532
33796 33510 32395 33667
32851 33302 34337 33140
33593 34127 33354 32191
32244 32841 34421 34018
33449 31736 33897 33668
32768 32247 33307 34774
32999 32297 32940 34768
35091 33046 32278 32224
34161 33451 32711 33559
34925 33453 32302 32464
35089 33053 31904 32613
32543 33716 34179 33504
34369 33300 33409 32669
34180 33080 32114 33991
32984 33919 33634 33238
32542 32599 35174 32816
34083 32802 34204 32861
33304 34066 33295 33925
32104 33571 34174 33617
33310 33711 33633 33183
33098 32407 33978 33775
33010 32553 35024 32661
33649 33018 34070 33531
33585 34513 32873 32600
32216 32726 35376 32304
32423 32712 34387 33547
33188 32803 33485 34526
32408 34020 33499 33723
34908 33298 31945 32621
33365 34632 32776 32477
32768 34517 33550 33320
34345 32767 33777 32786
33788 33108 32043 33865
31999 34039 33736 33625
32029 33846 34464 33216
33780 32682 34354 32481
32876 32581 34948 32655
34260 32797 32036 33980
33170 34007 32397 34236
33050 32429 33512 34730
34013 32788 32474 34398
35205 33347 32152 32301
33351 33698 33978 32155
33108 32949 34586 32937
34234 33113 32030 34021
32857 32202 32860 34970
33735 32862 33256 33886
33067 33833 34737 32020
32383 32679 35241 32160
34435 32948 33243 33027
32260 32811 34396 33996
32493 33214 33937 33977
35038 33467 32292 31859
32615 33289 33445 34187
33233 33561 32280 34349
34357 33412 31801 33442
32305 33705 34780 32268
33106 34532 32280 33396
33292 32872 34837 32992
33149 33834 33911 33361
33988 32529 33514 33675
34264 33378 33737 32831
32304 33123 34511 33847
33336 33116 33875 33719
33576 34335 32996 32595
33197 34680 32594 33233
33340 33253 33672 33790
32624 32834 33942 34171
34037 33682 33287 32203
32630 32785 34978 33190
34535 34018 31957 32390
33978 32595 33270 33558
31745 33300 34763 33089
33400 33418 33600 33351
32869 32466 35068 32546
34233 32332 32571 33937
32561 32543 35207 32835
32994 34390 32863 33828
33434 33191 33087 34366
32870 32677 33823 34528
32066 33409 35078 32424
34919 33492 32173 32435
33394 33967 32744 33849
33464 32964 33734 34217
34172 33091 32074 34044
33501 34432 32200 33158
32713 33574 34141 33386
33102 33859 34582 32285
34390 33634 32503 32931
32875 33366 33444 34071
32164 33324 34628 33343
33213 33799 34280 32662
33060 34472 33420 33135
32595 32268 34225 33897
33937 33026 33579 33430
31935 32688 34572 33979
33088 32958 34621 32906
34442 32044 32861 33551
32234 33761 34358 33361
34674 33138 32991 32337
34745 33617 32639 32350
34800 33098 32339 32444
33240 34225 33197 33816
32083 32891 35197 32898
32222 33992 34708 32529
33431 32695 34674 32483
33244 33593 32257 34281
34075 32907 33568 33325
31976 33954 33888 33782
34406 33043 32063 33013
33692 33261 34016 33044
34934 33349 32122 32550
33312 32712 34370 32985
33662 31910 33986 33471
33214 32229 34318 33829
33088 32296 33017 34906
32972 34109 33430 33075
34628 33257 33498 32751
33548 34666 32703 32599
33432 33969 33335 33264
33539 32645 33162 34429
34312 33328 33713 32412
32513 34005 33678 33270
32798 32968 34177 33267
33152 33294 32995 34500
32337 33456 34591 33458
33318 34119 33205 33814
32350 33738 34735 32348
32788 33795 33362 33998
33213 32462 34095 33540
33450 32709 34567 33179
32770 32565 34660 33538
33213 33629 34731 31355
33475 34442 32886 32545
34683 32625 33586 32769
32325 32671 35279 32055
34366 32706 31857 33946
33744 33804 33297 33783
33623 33853 32736 33480
34621 34029 31854 32298
33752 32686 32261 34561
34639 33969 32214 32303
34315 32526 33283 33688
32201 33793 34252 33144
33193 33255 34576 32567
32601 34769 33158 32854
33038 33041 34399 33246
34180 33188 31430 34158
35060 32951 32262 32253
32999 32400 34139 33830
32148 32773 34424 34042
35138 33590 31928 32591
32560 32572 35246 32807
33522 32766 32790 34211
33719 33816 33807 32693
33601 33754 33514 33387
34016 33134 33643 33106
33493 33209 32919 34328
34479 33554 32581 32572
31837 33940 33952 33494
35086 32828 31948 33103
34519 33028 32064 33049
32844 32576 35016 32556
33224 32735 33261 34595
33426 34825 32494 33350
34158 34040 32075 33283
33851 33440 33290 33553
33668 33892 32822 33386
33323 34306 33298 32456
33692 33044 33894 33177
34460 33512 33129 32448
32011 32983 34606 33910
34226 33010 32072 33909
32898 32696 34990 32580
32263 33740 34535 33077
33309 32652 34195 33331
32883 32500 33968 33806
34540 32360 33302 32899
33494 32678 33389 34414
35010 33052 32340 32354
33731 34695 32664 33053
35033 32728 31954 33061
32514 32536 35298 32774
34724 32741 33248 32413
33106 33817 34615 32192
34946 33512 31956 32521
32853 33171 33609 34121
32582 32841 34775 33149
33480 34441 32920 32571
33686 32811 33247 33889
34610 32875 32400 33604
32177 34138 33705 33526
33835 32789 34245 32478
33173 34553 32697 32781
33512 33018 32368 34359
34419 32211 32802 33956
33033 33684 33983 33308
33013 33318 33001 34353
32291 33651 34309 33467
33084 33699 34552 32872
33342 32943 34742 32944
34328 32200 32837 33741
33244 33548 32264 34278
33213 32638 34323 33509
32918 34778 33000 32919
33091 34052 33494 33803
34692 32919 32729 32272
32850 33734 33760 33597
33434 32783 34276 33260
34237 34018 31929 32619
32169 32752 34532 34055
34291 33583 32069 33434
33517 33071 33803 33941
32082 33242 35077 32362
32663 34015 34158 32571
33185 32391 33529 34352
33883 34343 32832 33067
33143 34646 32987 33249
34023 34328 32480 33521
32433 33905 34219 33082
33921 33434 33118 33462
32981 33149 33150 34332
34015 33383 32240 33844
34260 32159 32944 33826
33488 32602 32918 34465
34025 33075 33642 33151
33412 33335 34297 31968
34011 33176 33280 33013
33526 32869 33239 33787
32364 32463 34748 33319
32800 32760 33873 34150
33077 33912 34065 32729
33449 34510 32933 33352
34174 32296 32550 33969
32913 33214 34254 32905
33295 34196 33293 33924
32440 33584 34039 33510
33176 33779 34355 31964
35233 33389 32084 32557
32712 32936 35156 33109
33752 34741 32734 32589
34351 34106 32710 32080
31931 33962 33899 33706
35000 33392 32382 32184
35310 33540 32090 32496
33894 32630 34083 32875
32263 33033 34523 33478
34241 33438 33819 32904
34332 32726 32412 33715
34354 33271 33769 32698
32012 34119 33711 33712
32936 32676 33371 34638
32886 34370 33338 33547
33664 34347 33032 32534
33388 33129 34342 31990
33393 33646 32678 33962
32500 33934 34160 32431
31963 33456 34815 32501
33157 33767 33643 32911
33953 33956 32838 32083
33068 32806 34496 33215
34120 33382 33057 33850
33150 32339 34305 33755
34229 32312 32989 33918
32741 34747 33587 33346
