326 2.46126
3556 3975
4244 3307
4218 3400
4230 3367
4230 3367
4232 3327
3632 3949
4176 3475
4197 3462
3600 3952
4232 3327
3749 3893
3732 3908
3732 3908
3582 3970
3556 3975
3704 3912
3680 3918
4094 3612
4089 3635
3635 3938
3660 3935
3704 3912
4122 3569
4121 3595
4215 3423
4041 3697
4121 3595
4102 3602
3907 3806
3888 3812
3778 3875
4139 3546
4151 3534
4018 3698
4041 3697
4050 3680
3854 3832
3759 3881
4168 3505
3822 3857
4199 3443
4197 3462
4244 3307
4200 3424
4164 3521
4056 3666
4199 3443
3963 3761
3952 3769
4152 3528
4164 3521
3806 3860
4071 3649
4064 3660
3918 3792
3909 3801
3870 3826
3879 3817
3787 3870
3797 3862
3938 3773
3952 3769
3836 3837
4050 3680
4175 3491
4176 3475
3963 3761
3997 3718
4200 3424
3975 3732
3990 3731
4215 3423
3966 3747
4014 3705
4010 3716
3660 3935
3666 3926
4100 3603
4094 3612
3672 3925
3680 3918
3632 3949
3635 3938
4136 3554
4056 3666
4064 3660
4074 3646
3929 3778
3787 3870
3938 3773
3778 3875
3870 3826
3860 3830
3583 3958
3582 3970
4082 3640
4082 3640
3600 3952
4009 3717
3967 3746
3971 3738
3759 3881
3918 3792
4174 3499
4089 3635
3590 3954
4244 3307
4139 3546
4014 3705
4018 3698
3994 3724
3990 3731
3590 3954
3583 3958
3797 3862
3806 3860
3971 3738
4168 3505
3975 3732
3753 3885
4174 3499
4175 3491
4128 3560
3825 3851
3924 3786
4125 3566
3879 3817
3924 3786
3831 3848
3825 3851
3751 3891
3753 3885
3884 3813
3860 3830
3854 3832
4151 3534
4152 3528
3836 3837
3929 3778
4130 3555
4128 3560
3907 3806
3909 3801
3927 3783
3834 3842
3666 3926
4130 3555
3672 3925
4071 3649
3927 3783
4122 3569
4074 3646
4125 3566
3884 3813
4050 3680
3836 3837
3996 3722
3888 3812
3704 3912
3832 3845
3831 3848
3996 3722
3749 3893
3994 3724
3751 3891
4136 3554
3966 3747
3822 3857
3832 3845
3833 3843
4100 3603
4102 3602
3822 3857
4010 3716
4009 3717
3967 3746
3834 3842
3833 3843
3997 3718
4121 3595
4199 3443
3778 3875
4102 3602
4215 3423
3909 3801
4010 3716
4056 3666
4168 3505
4050 3680
4136 3554
3582 3970
4010 3716
3556 3975
3749 3893
3632 3949
