15193 82.3489
33702 34535 33505 33405
34013 33473 33542 34120
33916 34170 33521 32886
34106 34369 32713 33356
33606 33420 33766 33942
34360 34042 33003 33615
33450 33896 33684 33597
33916 34170 33521 32886
33716 33650 33592 33582
34244 33807 32897 33735
34106 34369 32713 33356
34063 34060 33137 33501
33916 34170 33521 32886
33826 33867 33384 34111
34217 33974 33284 33415
34013 33473 33542 34120
34133 34072 32778 33637
34013 33473 33542 34120
33910 34258 33133 33064
34217 33974 33284 33415
34051 34162 33275 33160
33826 33867 33384 34111
34063 34060 33137 33501
34312 34246 32894 33392
33606 33420 33766 33942
34261 33843 33128 33490
33841 34121 33387 33415
34051 34162 33275 33160
33925 34126 33103 34019
33701 34314 33485 33477
33565 34204 33495 33474
34312 34246 32894 33392
34191 33735 33078 33639
34052 34047 33052 33780
33925 34126 33103 34019
33701 34314 33485 33477
34061 33940 33265 33816
34312 34246 32894 33392
33565 34204 33495 33474
34312 34246 32894 33392
33883 34012 33639 33565
34001 33894 33316 33970
33869 34313 33299 33370
34312 34246 32894 33392
34051 34162 33275 33160
33483 33954 33583 33760
34001 33894 33316 33970
33883 34012 33639 33565
34005 34059 33195 33785
34001 33894 33316 33970
33973 34047 33427 33844
34106 34369 32713 33356
34051 34162 33275 33160
33565 34204 33495 33474
34135 34051 33351 33688
33916 34170 33521 32886
34004 33854 33283 34065
34261 33843 33128 33490
34135 34051 33351 33688
34312 34246 32894 33392
33973 34047 33427 33844
33973 34047 33427 33844
34004 33854 33283 34065
33883 34012 33639 33565
34061 33940 33265 33816
33702 34535 33505 33405
34061 33940 33265 33816
33848 33679 33568 33618
34261 33843 33128 33490
33973 34047 33427 33844
33841 34121 33387 33415
33450 33896 33684 33597
33973 34047 33427 33844
33883 34012 33639 33565
33917 33679 33343 33887
34261 33843 33128 33490
33707 34189 33527 33703
34135 34051 33351 33688
34016 33961 33818 33262
33450 33896 33684 33597
33826 33867 33384 34111
33917 33679 33343 33887
33606 33420 33766 33942
33701 34314 33485 33477
33483 33954 33583 33760
34051 34162 33275 33160
34135 34051 33351 33688
34312 34246 32894 33392
33702 34535 33505 33405
34360 34042 33003 33615
34133 34072 32778 33637
34244 33807 32897 33735
34061 33940 33265 33816
33917 33679 33343 33887
34016 33961 33818 33262
34013 33473 33542 34120
34135 34051 33351 33688
34261 33843 33128 33490
34061 33940 33265 33816
33973 34047 33427 33844
34013 33473 33542 34120
34133 34072 32778 33637
34191 33735 33078 33639
34360 34042 33003 33615
33565 34204 33495 33474
33606 33420 33766 33942
34135 34051 33351 33688
34013 33473 33542 34120
33826 33867 33384 34111
33701 34314 33485 33477
33869 34313 33299 33370
34061 33940 33265 33816
33716 33650 33592 33582
34106 34369 32713 33356
33606 33420 33766 33942
33702 34535 33505 33405
34004 33854 33283 34065
33883 34012 33639 33565
33973 34047 33427 33844
34001 33894 33316 33970
33841 34121 33387 33415
34001 33894 33316 33970
33917 33679 33343 33887
34051 34162 33275 33160
33869 34313 33299 33370
34135 34051 33351 33688
33910 34258 33133 33064
33701 34314 33485 33477
33917 33679 33343 33887
34052 34047 33052 33780
34191 33735 33078 33639
34013 33473 33542 34120
34191 33735 33078 33639
33826 33867 33384 34111
34061 33940 33265 33816
34217 33974 33284 33415
