353 29.6887
21906 21301 22754 23273
21659 21224 23327 23729
20982 21808 20519 20381
22846 21655 23146 22960
22803 22079 23410 23236
22123 20736 24314 22573
22624 21301 22482 22363
22938 21654 23592 22415
21258 21219 23158 23511
22859 21411 24137 22771
22280 23687 21663 21874
21805 20308 23031 23483
21965 23388 22011 22057
22598 22900 21472 21288
23079 22730 22154 21703
22703 23546 22329 22213
21831 20062 23754 22393
22719 23248 22267 22249
23118 22136 23442 23183
21555 21295 23425 22747
22441 21988 22851 21717
21061 21317 22538 23411
22546 23038 23096 22888
22271 23080 22306 22604
20980 20380 22896 23046
22570 21157 21301 20663
22163 22978 22488 22899
21102 20792 22549 23296
21123 22009 20742 21129
23619 21811 22266 21351
23742 22763 22506 22133
21892 22296 22148 22657
22525 22598 22544 22153
21306 22405 20691 20203
21539 19489 23189 22300
22468 21418 21201 20186
21400 20245 23084 23424
22058 23595 21760 21795
22300 22572 22631 22870
21357 19163 22499 22824
21516 22460 20812 21649
22743 20495 23158 21938
21668 23283 20921 21452
22445 20126 23140 22411
22201 23396 22336 22499
22524 21646 23385 23179
21315 22353 20428 20197
21740 20904 23444 23075
21823 21947 22886 23229
22890 23053 23135 23107
21714 23272 21655 22037
22591 21897 23435 22761
21386 23342 21691 21694
23052 21540 22624 22710
22351 21444 22931 21893
21676 22802 22234 22572
21583 20872 23712 23873
22569 23208 22849 23241
21837 22696 21307 21407
23287 20957 22543 21220
23466 22444 22313 21618
23465 21537 22395 21348
23183 21471 22503 22034
22567 22462 23268 23180
22960 22495 21560 21124
23873 22578 22967 21866
21324 22716 21241 21299
21888 21788 22702 22640
20766 21123 22594 23068
23128 23050 22379 22064
22124 21182 23767 23332
21258 20398 22215 21902
22577 20607 23760 22427
21903 22594 21002 20935
21564 22555 20702 21423
21680 20467 21969 20708
23584 22917 22716 21489
23530 21246 23311 21916
22144 21705 22552 22540
21901 19826 23147 21919
23393 22855 23622 22557
21409 22331 20978 21251
21627 22519 22347 23381
21951 21805 23143 23149
22057 20305 22848 22923
21661 22744 21130 21290
22017 21580 23037 23441
23946 22676 22789 21749
22251 22507 21250 21438
21562 23004 20800 20697
21325 23000 20862 20940
21139 22074 22620 23013
22473 21956 23999 23102
22324 21901 23290 22674
21388 21013 23326 24032
22942 21911 23848 23552
22307 23094 21329 21644
22669 21624 23893 23155
21983 22050 20751 20417
21687 21653 20450 19844
21772 21428 23011 23196
22851 23097 23081 22940
21073 23041 21265 21263
22789 22257 21855 21007
23346 22709 23472 23209
21912 22024 23138 23861
22939 23181 23441 22796
22941 22611 23288 22553
22057 22739 22419 22945
21017 20357 23117 22661
22671 22788 23146 23113
23780 22020 23918 22627
21374 20404 22938 23624
21369 22558 22489 22757
23468 22967 22222 21569
21298 19750 22735 23341
21719 20041 23506 22525
22150 22009 21669 20557
23336 22854 22726 22304
21562 21820 21058 20420
22692 21529 23622 23118
21175 22847 20865 21126
20615 20630 22054 22656
22497 22452 21393 21154
22403 22117 23255 23439
21434 21006 22926 23152
21055 21560 21722 22523
22742 21001 23152 22188
21059 20536 22834 23246
23210 23058 23581 23176
22002 22825 21348 21263
22834 23417 22426 22709
23147 22801 22250 21994
23273 21276 23197 22331
21805 22662 22725 22646
20967 22510 21620 21499
22381 22269 23203 23273
22668 20603 23070 22596
22363 21772 21494 20541
22208 23490 21934 21985
21312 20720 23199 23368
21152 20486 23159 22673
22439 20553 23288 21982
23135 22461 23123 22688
23319 20607 22608 21650
22782 22743 21509 21612
21325 22215 22772 22826
21970 23513 21508 21533
22980 20289 22797 21416
22135 21551 23256 23552
22008 22293 22819 23212
23405 22288 22521 21669
23464 22654 22811 22030
20969 22985 21317 20763
22445 22519 22738 22480
19621 21684 21187 21618
21194 19919 23543 22389
22177 20786 23610 23635
22257 20135 23057 21988
21760 20607 23624 23602
21388 22729 22438 22806
21190 21183 22661 23098
21294 20910 22965 22548
22117 23544 21964 22143
23244 21411 23618 22574
22343 21267 22307 22627
22514 22414 21334 20962
23093 21871 23556 22806
23311 21551 23258 22916
22472 21016 21162 20336
21191 22168 20432 20194
22927 21800 21613 21009
21769 23374 22158 22252
22638 20620 22346 21228
23497 22950 22706 22246
22513 23000 22109 21707
22291 22123 23457 23196
23191 22120 23645 23011
20980 20545 22864 23028
22706 23318 22872 23147
22660 22231 21656 20913
21601 21378 22481 23245
23167 22498 23804 23426
20695 22458 20925 21532
22910 20554 22064 20977
22379 22581 21242 21250
21093 20161 22988 23223
23071 21349 23048 22421
22969 21472 23542 22855
22154 22317 23143 23095
20897 20754 22433 23023
23090 23371 22684 22418
22032 22487 21732 21305
23046 22490 23466 22786
22613 23095 22578 22843
20326 20270 22238 22634
23653 22819 22782 21764
21204 19996 22169 22477
21165 20798 23016 23336
22301 21250 21067 19984
22455 22319 23374 22969
22997 21966 23838 23043
21313 22465 22560 22917
23360 22644 22859 22274
23514 22775 22748 21993
22271 22379 23520 22757
22742 20674 22191 20900
22611 23300 21280 21419
21555 23034 21868 22142
22516 21643 21621 20646
22731 21907 24080 23134
21569 22963 21135 21228
22537 21692 23241 22008
21262 21204 22728 23043
22000 20927 23545 23904
23534 22001 22548 22196
22690 23471 22241 22715
20233 22610 21156 21647
23261 21721 22850 21605
21284 22818 21158 21068
21180 23161 21222 21173
21534 19991 23641 22508
21209 22911 21267 21465
22617 23580 22436 22662
23229 21918 21421 21180
23490 22818 22645 22279
23295 21470 23906 22525
21572 21834 22300 22932
22446 21361 23705 23470
22949 22945 22889 22615
20791 20240 21617 21695
23090 21319 23729 22858
22718 22153 21395 21298
22576 22626 23395 23542
22742 23189 22234 21865
21205 22242 20723 21207
21920 22924 22175 22512
20922 20022 22870 23297
21057 21913 21954 21966
23182 23095 22173 21602
23022 22952 23541 22990
22541 23308 22531 23106
23168 21230 23927 22841
22326 20671 23595 22933
22663 22137 23342 23271
21760 20344 23606 23755
22524 22751 23158 22860
21626 20774 22990 22215
22259 22962 21828 22087
21382 22244 21694 22467
22661 23290 23076 22962
21380 23395 21665 21181
21915 22671 22231 23538
23027 21433 23431 21932
21147 19365 23623 22193
22101 21071 23785 22596
22132 23553 21972 22469
21868 21285 22950 23705
20740 22646 20432 20618
21447 22423 21839 22629
20928 21523 20636 19728
21040 22714 20976 21548
23069 23080 22505 22501
22470 21367 22451 22716
22212 22821 21702 21260
20962 21871 20230 20269
22883 23202 22692 22939
23010 21612 23972 22952
21344 19916 22996 21920
21210 20235 23196 23290
21085 21752 19871 20399
21467 21777 21469 20824
24036 22585 22938 21614
23512 21821 23062 21752
21832 23101 20956 21159
22142 23280 22820 22618
23687 21950 22782 21673
22710 22907 21318 21618
21793 22104 23190 22439
22429 20892 24338 22937
23288 21839 23559 22913
23204 21971 23478 22775
22202 21307 23720 22787
22648 21521 22771 22147
22629 23307 22464 22535
21186 22035 21221 22163
22288 21870 22107 22321
23291 22934 22743 22169
22333 23365 22664 22707
22114 21564 23303 23535
20677 19538 22510 22620
21822 22633 22479 23081
20820 21981 21181 21175
20401 20819 22123 22454
22343 20791 24261 22738
22664 23152 21966 21623
22331 22287 20278 21028
23280 22617 23611 23110
22293 20676 23224 21620
22640 22995 22514 22650
22803 22401 23478 23409
20429 20617 21803 20432
21762 21119 23563 23842
20761 21450 21935 22750
21389 21990 20672 20390
22714 23371 22737 23031
22925 22981 23383 23097
23127 23177 23305 22967
23334 21818 22332 21361
22208 19998 21915 21952
22759 22988 21544 21694
22547 20727 23027 23004
22307 22587 23680 22926
23230 22766 23405 22732
22770 22826 23399 23004
22669 21609 21842 21833
21640 22790 21743 22495
21347 21784 22165 23243
22891 21980 23108 22597
22627 22981 23147 23379
22022 20763 23579 23732
23150 22024 23204 22375
22436 23632 21992 22359
21135 22510 21922 22141
22505 20316 23696 22478
22980 20895 23041 21746
23565 22146 23551 22635
22714 22269 22235 22158
21618 20891 23596 22550
21960 22492 20430 21133
21665 22472 21221 21475
22954 22889 23283 23315
22890 22105 23691 22985
22860 21007 23734 22570
22919 22779 21722 21762
22210 22232 21371 20946
22730 22028 23742 23478
23026 22116 22619 21792
22456 22648 23241 23242
21902 21691 23292 23420
23002 22244 22012 21572
22266 21700 23273 23411
23144 22684 23486 23178
23456 21944 23322 22521
21718 23418 21702 21856
22950 22981 23395 23123
23796 22734 22700 22174
22321 21673 23339 23152
22463 22874 21768 21616
22421 21250 22037 20916
22527 20656 24119 22192
21702 22093 20995 21543
21842 20750 23544 23770
22829 22886 23140 23144
22638 23264 22729 22330
22932 22001 21200 20710
23050 21045 23339 21592
23854 22689 22837 21634
23468 21917 22573 21468
21496 20152 23130 23375
23662 22020 22830 21816
21796 21154 23624 23769
21798 20784 23355 23793
22521 21030 23297 23019
23346 21759 23466 22502
23119 21465 23581 22657
23244 22633 23123 22795
22237 23350 22541 22569
23099 22710 23122 22647
23179 22698 23904 23320
20208 21644 21170 21397
22332 23497 22535 22905
22149 22819 22227 23074
21422 22171 22222 23072
22143 21159 21031 20856
22478 23633 22075 22381
21972 20760 23468 23159
23037 21283 22169 21045
22144 22475 22402 23155
21458 20016 23574 22717
22721 22337 23103 22853
22811 21269 22866 22538
23306 22867 23008 21986
22733 22321 23815 23068
23182 21862 23807 23305
23678 22045 22887 22062
23336 22204 23654 22877
22831 22995 22113 22224
20247 20481 21535 21977
23813 22905 22599 21547
21647 20452 23442 23385
22249 22554 21472 21601
22602 23460 22461 22348
23145 20711 23197 21805
23532 22674 22962 22164
21811 21891 22512 22758
23152 21250 22155 21750
23421 23202 22359 21880
22648 23305 23082 23067
21765 22175 22993 23206
21385 20471 22941 22871
22158 21997 22398 22947
22422 22252 23178 23579
22751 22028 21474 21473
22897 23174 22805 22715
22464 22114 22265 21657
22850 21492 23926 23356
21885 21823 23061 21999
23183 22659 23184 22731
21802 22228 21907 22307
21522 19662 22742 21545
23120 22186 23684 23278
23691 22446 22765 21830
22958 22154 23841 23319
22933 22348 23713 22885
21064 22068 22202 22964
23185 21195 24057 22772
23133 21744 23777 22813
21800 20644 23404 22064
21315 20327 23814 22700
21615 21188 22927 23559
22020 23685 22179 22428
22866 21302 23818 22853
23879 22449 23005 21771
21855 22487 21924 22400
21991 22883 21612 21852
22597 23267 22803 22827
22505 22267 22565 22127
22440 22243 22829 22140
22404 20115 23538 21982
22190 22219 21219 20420
23300 22699 23398 23043
21693 23741 21938 22208
22736 22573 23320 23011
22062 23273 21387 21697
21391 19941 23154 23032
20784 19117 22446 21861
22355 21947 21280 21409
22508 22707 22591 22711
22922 22091 22315 21386
21882 23447 21541 21591
22711 23061 22347 22347
21804 20733 23536 23700
22649 23102 22905 22552
23136 22397 23367 22745
20931 19641 23004 22407
22239 23865 22259 22389
21956 21281 22932 21862
22311 20899 24347 22786
22333 20996 23590 22842
22455 22823 21651 22200
23322 21584 23791 22882
