19 0.306312
8373 9147
9026 8356
8860 8823
8926 8403
8637 8974
8673 8875
8447 8988
8448 8979
8673 8875
8257 9042
8989 8280
8500 8968
8916 8386
8857 8494
8848 8601
8746 8780
8645 8845
8958 8296
8838 8709
8579 8912
8772 8750
8532 8955
8634 8889
8838 8709
8052 8989
8976 8210
8851 8384
8837 8669
8273 8954
8875 8285
8144 8969
8364 8903
8635 8783
8437 8893
8558 8862
8752 8746
8766 8680
8685 8775
8950 8243
8557 8890
8950 8243
8557 8890
7948 8948
7948 8948
8891 7765
8220 8936
8833 8665
8890 8237
8891 7765
8461 8885
8839 8357
8534 8808
8684 8748
8728 8746
8851 8328
8533 8881
8890 8237
8848 8354
8890 8237
8891 7765
8129 8927
8129 8927
8888 8214
8724 8745
8833 8501
8840 8352
8533 8786
8384 8863
8858 8226
8726 8656
8804 8623
8193 8892
8308 8874
8496 8858
8787 8627
8193 8892
8308 8874
8496 8858
8523 8823
8129 8927
8523 8823
8804 8623
8076 8889
8859 7996
8790 8616
8244 8870
8829 8362
8658 8744
8515 8786
8858 8151
8840 8224
8715 8714
8835 8330
8452 8854
8352 8858
8352 8858
8704 8718
8455 8830
8491 8821
8485 8823
8491 8821
8071 8866
8071 8866
8846 8108
8779 8441
8832 8239
8627 8736
8317 8843
8514 8774
8706 8648
8223 8864
8846 8108
8770 8573
8769 8602
8820 8275
8658 8649
8450 8790
8812 8355
8656 8730
8418 8842
8243 8849
8812 8355
8432 8841
8504 8786
8223 8864
8770 8573
8846 8108
7657 8856
7657 8856
8839 8091
8765 8598
8787 8313
8119 8844
7657 8856
8334 8842
8150 8843
8815 8180
8803 8293
8690 8626
8605 8721
8394 8827
8810 8215
8645 8671
8409 8807
8523 8736
8510 8771
8617 8685
8663 8629
8553 8730
8448 8790
8810 8215
8815 8180
8484 8780
8448 8790
8801 8309
8553 8730
8488 8778
8119 8844
8663 8629
8620 8675
8620 8675
8488 8778
8620 8675
8323 8841
8829 7933
8789 8272
8343 8823
8440 8787
8777 8309
8762 8429
8690 8562
8607 8679
8735 8541
8578 8705
8625 8620
8468 8763
8541 8707
8670 8599
8759 8461
8506 8745
8450 8769
8515 8709
8649 8615
8737 8487
8737 8487
8656 8605
8510 8722
8506 8745
8209 8841
8788 7972
8784 8210
8777 8296
8310 8840
8544 8693
8498 8736
8425 8753
8669 8564
8761 8406
8744 8450
8652 8591
8710 8482
8371 8781
8332 8823
8473 8742
8551 8667
8581 8623
8560 8625
8694 8518
8611 8594
8746 8412
8399 8777
8700 8495
8600 8596
8373 8779
8477 8739
8399 8777
8694 8518
8761 8406
8315 8824
8332 8823
8315 8824
8600 8596
8600 8596
7777 8838
8770 8109
8304 8831
8758 8319
8639 8583
8687 8477
8735 8444
8754 8367
8374 8763
8536 8664
8331 8799
8570 8607
8410 8748
8576 8595
8700 8474
8452 8692
8454 8680
8320 8821
8448 8734
8508 8676
8441 8735
8522 8672
8570 8607
8508 8676
8177 8827
8757 7864
8754 8302
8628 8548
8671 8471
8341 8752
8535 8657
8436 8732
8266 8814
8210 8824
8595 8576
8730 8385
8699 8454
8298 8801
8753 8329
8729 8437
8551 8604
8477 8667
8557 8579
8315 8766
8442 8675
8477 8667
8440 8692
8326 8758
8182 8826
8436 8732
8182 8826
8082 8824
8747 8276
8535 8642
8360 8728
8724 8369
8254 8814
8433 8687
8601 8514
8265 8789
8493 8647
8589 8557
8589 8557
8626 8479
8300 8754
8305 8739
8441 8662
8712 8404
8682 8438
8657 8448
8647 8466
8699 8422
8254 8814
8440 8675
8701 8411
8078 8816
8078 8816
8737 8243
8266 8724
8719 8285
8708 8403
8360 8706
8540 8553
8666 8423
8230 8785
8111 8796
8199 8795
8625 8461
8561 8519
8406 8651
8534 8627
8395 8683
8594 8498
8601 8480
8470 8647
8527 8640
8486 8641
8078 8816
8476 8643
8470 8647
8067 8802
8707 8003
8705 8271
8228 8762
8330 8705
8515 8638
8161 8791
8688 8398
8419 8642
8533 8540
8388 8669
8557 8506
8645 8419
8619 8437
8587 8460
8592 8452
8069 8791
8676 8381
8490 8637
8276 8695
8160 8760
8499 8554
8369 8644
8355 8668
8582 8456
8223 8723
8531 8486
8616 8390
8169 8731
8611 8428
8517 8529
8529 8518
8615 8420
8066 8767
8671 8254
8519 8454
8166 8722
8489 8587
8438 8635
8598 8403
8072 8749
8637 8330
8338 8647
8328 8664
8229 8676
8632 8350
8220 8686
8476 8598
8581 8444
8566 8445
8479 8591
7805 8734
8659 8057
8118 8705
8580 8347
8315 8663
8540 8441
8481 8537
8572 8390
8354 8628
8408 8605
8465 8568
8434 8587
8322 8646
7919 8703
8579 8340
8073 8679
8301 8655
8457 8457
8520 8411
8443 8545
8315 8611
8558 8385
8382 8587
8430 8580
8441 8562
8435 8568
8301 8651
8571 8225
8381 8575
8504 8334
8457 8423
8553 8263
8414 8557
8548 8329
8443 8500
8438 8525
8453 8429
8521 8333
8198 8641
8569 7873
8533 8261
8447 8342
8293 8590
8387 8459
8516 8326
8347 8565
8382 8557
8531 8291
7960 8632
8512 8117
8474 8284
8382 8510
8209 8560
8093 8591
8080 8620
8283 8552
8350 8541
7929 8608
8511 8097
8414 8277
8081 8541
8449 8113
8301 8523
8379 8418
8150 8531
8345 8473
8362 8445
7959 8518
8487 8005
8373 8404
8194 8511
8285 8456
8330 8446
8155 8493
8452 7904
8367 8340
8323 8433
7891 8476
8349 8324
8146 8468
8174 8410
8304 8399
8313 8326
8271 8404
8130 8427
8317 8233
8253 8396
8289 8332
8134 8407
8036 8414
8242 8384
8193 8395
8215 8361
8229 8118
8227 8302
8197 8292
8180 8236
8109 8170
