87 14.8063
15653 16395 17634
15653 16395 17634
16073 17669 16768
16225 16015 17453
16500 17291 16355
16725 16772 16650
16225 16015 17453
15796 17335 17051
15671 16349 17623
16614 16986 16716
16411 17281 16527
16461 17159 16925
16391 17313 16387
15943 16499 17617
15671 16349 17623
16211 16543 17407
16344 17264 16612
15837 16667 17571
15872 17434 17032
16153 17522 16890
16042 16819 17523
16646 16938 16648
16532 16758 17116
15972 17214 17320
16148 17585 16851
16176 17327 17064
16245 17177 17043
16285 16879 17299
16332 16511 17273
16391 17275 16548
16574 17059 16777
16178 17011 17229
16500 16731 17212
16261 17488 17002
16098 17616 16811
16367 16961 17213
16184 16625 17360
16003 16472 17583
16682 16864 16961
15859 17394 17038
16510 17215 16904
16402 17263 16669
16682 16864 16961
16570 16925 16788
16098 17616 16811
16096 17098 17338
16148 17585 16851
16280 16973 17148
16206 16974 17188
15872 17434 17032
16342 17389 16985
16379 16899 17109
16426 17248 16978
16195 17511 16901
16430 16863 17025
16038 17201 17285
16391 17313 16387
16280 16973 17148
16500 17291 16355
16147 16358 17408
16428 17236 16645
16261 17488 17002
15839 17070 17490
16375 16666 17255
16003 16472 17583
16093 17124 17373
16381 16860 17194
16111 16637 17420
16562 16943 16903
16110 16385 17471
15944 17067 17384
16307 16433 17355
16313 16691 17268
15671 16349 17623
16110 16385 17471
15955 16839 17432
16067 16677 17454
16002 17234 17266
15845 16822 17508
16313 16691 17268
16307 16433 17355
16153 17498 16942
16300 16828 17355
16379 16899 17109
16375 16666 17255
16093 17124 17373
15653 16395 17634
16038 17201 17285
16552 17061 16788
16158 17498 16903
16085 16803 17408
16127 16821 17358
16310 16758 17332
16003 17025 17426
16002 17234 17266
16552 17061 16788
16184 16625 17360
16020 16822 17410
16085 16803 17408
15839 17070 17490
16402 16845 17030
15959 17332 17016
16127 16821 17358
16391 17275 16548
15845 16822 17508
15653 16395 17634
16225 16015 17453
16500 16731 17212
15959 17332 17016
16111 16637 17420
16020 16822 17410
15943 17323 17349
16301 17265 17037
16342 17389 16985
16402 17263 16669
15955 16839 17432
16003 17025 17426
16500 16731 17212
16067 16677 17454
15842 17498 16980
16505 16772 16981
16574 17059 16777
16067 16677 17454
16153 17498 16942
16310 16758 17332
15944 17067 17384
16402 16845 17030
16093 17124 17373
16206 16974 17188
16381 16860 17194
16147 16358 17408
16020 16822 17410
16505 16772 16981
16085 16803 17408
15943 17323 17349
16307 17277 17019
16307 17277 17019
16184 16625 17360
16428 17236 16645
15671 16349 17623
16003 17025 17426
16111 16637 17420
16310 16758 17332
16002 17234 17266
16301 17265 17037
16379 16899 17109
16375 16666 17255
15653 16395 17634
15653 16395 17634
15653 16395 17634
15671 16349 17623
15671 16349 17623
15944 17067 17384
16003 16472 17583
16003 16472 17583
16003 17025 17426
16020 16822 17410
16020 16822 17410
16067 16677 17454
16085 16803 17408
16093 17124 17373
16127 16821 17358
16127 16821 17358
16184 16625 17360
16225 16015 17453
16225 16015 17453
16225 16015 17453
16307 16433 17355
16307 16433 17355
16307 16433 17355
16307 17277 17019
16310 16758 17332
16381 16860 17194
16391 17313 16387
16428 17236 16645
16500 16731 17212
16500 16731 17212
15593 16481 17592
15690 16420 17608
16100 16247 17387
16132 17528 16816
16363 17274 16338
16663 16619 16801
16563 16947 16629
15854 16709 17514
16501 17034 16781
16044 17104 17369
15928 16713 17489
15742 17522 16873
16033 16266 17375
16394 17272 16451
16432 17202 16452
16472 17198 16579
16527 16672 16723
16325 17385 16934
15791 16382 17596
16098 17440 16975
16187 17496 16881
16192 16959 17158
16409 17146 16920
15593 16481 17592
15976 16549 17434
15834 17204 17304
16339 16994 16923
16015 16541 17510
16429 16825 17022
16216 16655 17315
16156 16870 17190
16225 16445 17337
15933 17456 16951
15994 16795 17396
16135 17345 16973
16521 16942 16696
15785 17259 16995
16250 16829 17270
15982 16741 17409
15770 17350 17000
16119 16587 17359
16145 16903 17204
16361 16943 17082
15961 17225 16998
15646 16463 17597
16272 16849 17247
15646 16463 17597
16133 16772 17350
16474 17171 16666
16287 16958 17088
15943 16595 17511
15690 16420 17608
15690 16420 17608
16472 17198 16579
16017 16817 17394
16223 16885 17184
16351 17221 16711
16254 16950 17162
16275 17358 16968
16285 16425 17254
16287 16958 17088
16517 16957 16661
16515 16565 16968
15791 16382 17596
16350 16740 17208
16350 16740 17208
15932 17159 17307
15978 17209 17203
16431 17189 16797
16272 16849 17247
16474 17171 16666
16515 16565 16968
16363 16833 17204
16283 16948 17176
16283 16948 17176
16224 16823 17314
16431 17189 16797
16472 17198 16579
16432 17202 16452
15690 16420 17608
15690 16420 17608
15690 16420 17608
15690 16420 17608
15690 16420 17608
15791 16382 17596
16350 16740 17208
16350 16740 17208
16350 16740 17208
16474 17171 16666
15371 17519 16275
15722 16402 17510
16076 16021 17298
16157 17404 16194
16549 16932 16580
15555 16790 17369
16006 16526 17434
16226 17248 16390
16245 17201 16465
15774 16703 17492
15795 16987 17327
16420 16773 16897
15917 16975 17312
16290 16737 17068
16517 16843 16692
16352 16576 16991
16078 17488 16805
16344 17153 16305
16321 17162 16743
15980 17285 16960
16353 17016 16700
15967 16625 17352
15928 17102 17174
16519 16779 16634
16070 17315 16933
16390 17125 16605
16206 16821 17224
16092 16864 17181
16179 17366 16872
15972 17414 16841
16144 16791 17232
16030 17012 17284
16373 16905 16888
16123 17354 16889
16041 17516 16813
16265 16827 17103
16262 16598 17137
16307 17175 16829
16334 16716 17128
16017 17187 16934
16104 16916 17150
16245 16947 17114
15946 16938 17348
16238 16833 17153
15945 17016 17166
16387 16935 16874
15549 16690 17429
15573 16288 17473
16016 16071 17238
16018 17512 16605
16401 16904 16242
16508 16869 16562
15670 17207 16916
16285 17154 16510
15836 16709 17324
15924 16249 17428
15967 17460 16708
16456 16814 16686
15618 16477 17444
16228 16727 17040
16302 16405 16824
15866 17138 16951
16003 16484 17362
16075 16943 17059
16215 16552 17140
16119 16584 17115
16114 17356 16672
16179 17323 16868
16017 16365 17228
16350 17108 16512
16275 17114 16786
16167 16883 17098
15975 16758 17255
15923 17050 17172
16503 16684 16653
16010 16626 17187
16382 16913 16792
16027 17121 16897
16325 16978 16667
15885 16788 17292
16293 17100 16585
16253 16678 16924
16184 16500 17203
16095 17023 16873
15946 17498 16657
16247 16775 16843
15911 17335 16857
15942 16498 17287
15848 16880 17318
15839 16997 17243
16188 16872 17111
16167 16932 16906
15838 17181 16923
16105 17332 16855
16097 16873 17132
16081 17140 16870
15105 16837 17261
15426 16254 17430
15891 17425 16639
15931 17297 16443
16142 16081 17200
16424 16853 16457
16301 17108 16505
15543 16291 17380
15342 16588 17321
16226 16504 16933
15672 16739 17243
15693 16689 17272
16157 17193 16766
15962 16399 17343
15535 16285 17425
15785 16967 17085
15930 17330 16661
16191 16655 17032
16025 17275 16855
15378 16872 17221
16164 16807 17004
16140 17262 16745
16365 16899 16791
16410 16622 16663
16080 16730 17104
15854 16785 17164
16417 16587 16576
16103 16822 16832
16179 16564 17073
15769 16803 17130
15979 16279 17333
15965 16870 16904
15777 17284 16703
16370 16789 16691
15912 16493 17143
16163 16941 16542
15972 16921 16870
15795 16804 17128
16107 17265 16798
15905 16429 17251
15969 16454 17164
15864 16915 17055
16177 16590 17049
16415 16838 16546
16164 16718 17091
16136 16795 17085
15887 16463 17341
15792 16578 17202
15881 16501 17262
15350 16780 17144
15652 16454 17335
15859 17400 16505
16017 16020 17185
16138 17099 16266
16320 16796 16783
15502 17247 16684
15679 17320 16554
16236 17083 16343
15762 16244 17307
16165 16385 17008
15939 16192 17268
15384 16642 17231
16116 16707 16920
15915 16893 16810
15627 17014 16758
15565 16464 17228
16087 17169 16690
15894 16444 17075
16121 17236 16433
15964 16922 16725
15823 16814 16982
15775 16963 17063
16290 16816 16446
16126 16557 17066
15927 16621 17020
16270 16947 16476
15834 17056 16694
15575 16769 17159
16002 16767 17014
16035 16776 16808
16103 16711 16785
15698 16460 17229
15873 16940 16778
15284 16688 17129
15494 17311 16516
15623 16314 17226
15913 16137 17177
15942 17163 16080
16315 16773 16208
15562 17210 16355
16067 17060 16644
15818 16819 16734
16123 16518 17062
16124 16433 16798
15689 16254 17070
15647 16907 16891
15778 16932 16778
16190 17048 16264
16276 16801 16196
15948 16726 16969
16207 16742 16646
16184 16290 16773
15924 16731 17002
15382 16204 17081
15437 17152 16363
15874 17015 16180
16156 16646 16413
15499 16687 16688
15826 16536 16946
16059 16791 16402
16014 16329 17015
16120 16498 16916
15868 16686 16804
15988 16499 16940
15845 16426 17015
15861 16439 16951
15352 17133 16217
15778 16481 16930
16012 16387 16882
16093 16462 16825
15352 16522 16700
15495 16509 16827
15100 16369 16647
15245 17118 16194
16011 16318 16752
16007 16331 16726
15643 17677 16784
15697 16409 17894
15865 17924 15721
16039 16319 17592
16145 17699 15556
16739 16706 17085
15944 17742 16078
16497 17372 16476
16315 16888 17407
16597 16720 17237
15697 16409 17894
15816 16676 17669
15766 17787 16612
16027 17813 15699
15914 17852 16574
16256 17588 15893
16186 17609 16036
16145 17699 15556
15781 16559 17798
16481 17012 17349
15913 16536 17721
16029 17707 15771
15880 16630 17684
16094 17806 15742
16512 17301 16478
16158 17440 17165
16408 17316 17085
15881 16572 17663
16201 17324 17546
16683 17061 16953
16186 17502 16916
16323 16942 17363
16085 17142 17553
15770 16618 17714
15771 17893 15851
16460 17363 16769
16022 16396 17657
16404 17039 17346
15734 17671 17092
15944 16513 17762
16533 17257 17235
15829 16509 17766
16739 16706 17085
16323 16942 17363
16223 17174 17455
15947 16447 17718
16014 16356 17667
15860 17870 15888
16527 17268 16934
16039 17649 17115
16639 17207 16699
15944 17742 16078
16481 17333 17050
16378 17534 16657
16643 17157 16719
16074 17514 17330
15964 16473 17605
16374 17379 16894
16561 17255 17179
16163 17551 16840
16667 17098 17197
16065 17045 17581
16632 17283 16830
15916 16565 17659
15964 16473 17605
16680 17066 17041
16232 17606 16045
16255 17263 17273
15780 17691 16661
15989 17625 17129
16467 17362 16874
16301 16524 17449
16014 16356 17667
15739 17692 16629
16568 17243 16961
16342 17374 16995
16473 17577 16654
16281 16451 17549
16157 17645 16830
16287 17248 17414
16263 17675 15726
16667 17098 17197
15781 16559 17798
16180 17695 15826
15829 16509 17766
16335 17276 17186
16576 17184 17048
16681 17094 17008
16569 17115 17170
16282 17198 17446
16234 17565 16822
16596 17234 17002
16509 17319 17025
16117 17698 15819
16643 17157 16719
15986 17854 15870
16183 17411 17390
16597 16720 17237
16263 17429 16767
16211 17350 17137
16065 17045 17581
16297 17399 16907
16614 17155 17074
16074 17514 17330
16039 16319 17592
16121 17533 16899
15964 16473 17605
16136 17670 15854
16117 17698 15819
16342 17374 16995
16242 17617 15861
16192 17413 17127
16255 17263 17273
16683 17061 16953
16227 17402 16914
16596 17234 17002
16739 16706 17085
16329 17380 16891
16330 17352 17032
16614 17155 17074
16027 17813 15699
16236 17652 15881
15986 17854 15870
16263 17429 16767
16211 17350 17137
16297 17374 17014
16497 17372 16476
16562 17210 17076
15860 17870 15888
16597 16720 17237
16163 17551 16840
16129 17436 17393
16288 17368 17042
16569 17115 17170
16202 17295 17334
16022 16396 17657
16242 17617 15861
16234 17565 16822
16223 17174 17455
16129 17436 17393
16562 17210 17076
15989 17625 17129
16223 17174 17455
16202 17295 17334
15864 17651 16645
16460 17363 16769
16192 17413 17127
16614 17155 17074
16256 17588 15893
16236 17652 15881
16576 17184 17048
16329 17380 16891
16136 17670 15854
15739 17692 16629
16282 17198 17446
16180 17695 15826
16512 17301 16478
15881 16572 17663
16208 17264 17393
16408 17360 16897
16576 17184 17048
16208 17264 17393
16408 17360 16897
16121 17533 16899
16039 16319 17592
16281 16451 17549
15739 17692 16629
15864 17651 16645
16163 17551 16840
16288 17368 17042
16117 17698 15819
16342 17374 16995
15864 17651 16645
16408 17316 17085
16562 17210 17076
15739 17692 16629
15881 16572 17663
15964 16473 17605
16014 16356 17667
16022 16396 17657
16027 17813 15699
16039 16319 17592
16163 17551 16840
16242 17617 15861
16281 16451 17549
16282 17198 17446
16288 17368 17042
16288 17368 17042
16323 16942 17363
16614 17155 17074
16643 17157 16719
16667 17098 17197
16739 16706 17085
16739 16706 17085
15554 16391 17799
15708 17804 15902
15950 16253 17605
16085 17721 15573
16598 16535 16951
15683 16293 17794
15998 16759 17538
16334 17471 16207
15807 17724 16455
15866 17666 16162
16160 17239 17492
15719 16589 17682
16050 17648 15689
16185 17064 17509
16319 16891 17334
16473 16988 17302
15774 16508 17677
16521 16869 17201
15836 16417 17722
16415 17353 16823
15862 17789 15883
15969 17711 15777
16230 17532 16764
16588 17110 16936
16162 17241 17407
16480 17292 17048
16219 17617 15856
16447 17309 16636
15707 16417 17756
15741 16583 17695
16084 17392 17038
16572 17175 16780
16536 17048 17100
16303 17336 16958
16259 17573 15791
16530 17271 16504
16594 17178 16703
16370 17323 16930
16461 17156 17150
15945 17411 17354
16259 17375 16819
16002 17616 16866
16236 17137 17368
16030 17482 17247
15935 17462 17308
15927 16491 17597
16440 17026 17217
16268 17207 17147
16325 17399 16592
15927 16491 17597
15892 17257 17376
15879 16579 17561
16507 17247 17080
16290 17269 17119
15886 16563 17656
16377 17037 17273
15842 17663 16543
15822 17549 16886
16594 16993 16906
15935 17732 15736
15992 17675 15748
16015 17356 17253
16069 17726 15631
15865 17684 15817
16035 17620 15736
15725 17798 15756
16311 16885 17385
16520 17225 16622
15841 17624 16780
16434 17328 16880
16008 17184 17505
15939 17148 17525
16069 17726 15631
16296 17535 16629
16085 17721 15573
15866 17666 16162
16377 17037 17273
16521 16869 17201
16331 17210 17090
16230 17247 17245
15842 17663 16543
15821 16564 17665
15889 17721 15815
16514 17209 17092
15821 16564 17665
16069 17726 15631
15719 16589 17682
15719 16589 17682
15927 16491 17597
16085 17721 15573
15523 16548 17520
15603 16498 17653
15858 17778 15590
16088 16367 17496
16535 16974 16828
16216 17505 16128
16149 17358 16466
15683 17403 16903
15991 17591 15930
16484 16672 16941
16437 16825 17137
16399 16951 17269
15904 17209 17382
15825 16520 17625
15795 17712 15685
16315 17236 17066
16097 17125 17449
16045 17658 15628
15853 16456 17549
16061 17532 16613
15732 17728 15769
15748 16742 17498
15963 17164 17435
15772 17592 16542
16473 16760 17219
15955 16601 17517
16182 17261 17013
16265 16991 17170
16019 17308 17189
15688 17721 15809
16266 17084 17114
16524 17077 16686
16423 17041 17124
15704 16461 17645
15871 17589 16555
15924 17598 16466
16240 17279 16871
16349 17332 16713
16468 17229 16982
15956 16406 17515
15952 17605 15655
15944 17344 17321
16052 17169 17341
16447 17268 16758
16365 17262 16887
16167 17536 15731
16233 17108 17146
16518 17045 16831
16157 17355 16769
16202 17337 16702
16016 17543 15804
16395 16957 17230
16515 16977 16881
16155 17099 17232
15959 17377 17066
16004 17532 16723
15996 17571 16761
16213 17092 17338
15862 17718 15632
16011 17371 17230
16000 17577 15743
15857 17380 16880
15995 17603 15747
15505 16585 17445
15511 16494 17630
15845 16176 17505
15957 17624 15495
16514 16504 16762
15715 17351 16988
15897 16317 17499
16215 17368 15855
15785 16448 17480
16019 17515 16080
16253 16805 17248
15926 17611 15609
15814 17143 17415
16348 17215 16940
16227 17284 16366
16412 16671 17133
16074 17059 17291
15852 17557 16200
15934 17420 16669
15720 17587 16493
16432 16767 17062
16158 17030 17096
16131 17247 16775
16457 17089 16964
15779 17571 16491
16139 17313 16151
16129 17217 16908
16371 16944 17172
16390 16969 17022
15993 17532 15772
16400 16632 17158
16024 17494 15776
15933 17463 16726
16435 17151 16430
15863 17567 15705
16361 17177 16613
16236 16893 17239
16086 17481 15816
16213 17072 16988
16115 17052 17198
15994 17478 16586
16395 16854 17237
16361 17007 17110
15952 17326 16986
16009 17103 17203
16005 16782 17433
16080 17488 15714
16232 16865 17258
15878 17153 17203
15996 17292 17108
16231 17167 16961
16390 17101 16916
15686 16936 17284
15725 16315 17448
15741 17534 16448
15760 16275 17437
16079 17477 15677
16443 16494 16771
16128 17312 16143
16010 17465 15834
15860 17415 16658
16228 17187 16375
16279 17058 16916
16337 16676 17081
15961 16509 17355
16238 16768 17127
15883 17308 16959
16046 16924 17161
15829 16934 17202
16198 17173 16838
15918 17272 16923
16164 16813 17217
16384 16997 16940
15952 17494 15762
16061 16872 17249
15712 16750 17320
16413 16962 16929
16305 17183 16821
16080 16841 17207
15968 16448 17256
15979 17482 15783
16401 17041 16675
16192 17190 16852
16395 16993 16710
15941 16407 17385
15840 17197 17055
16347 16723 17054
16327 16734 17150
16396 16712 17033
15721 16374 17432
16124 16995 17034
16206 16862 17060
15965 16813 17285
15851 16683 17414
15914 17183 17049
15844 16292 17426
15735 16414 17415
15945 17483 15834
15957 16381 17416
16280 16813 17074
15854 17184 17071
15510 17333 16635
15668 16557 17393
15890 16345 17388
15911 17479 15686
15938 17425 15433
16405 16953 16896
15796 17201 15861
16151 16682 17135
16260 17062 16763
15914 16456 17309
16185 17087 16671
15786 17278 16894
16338 16674 16998
15672 16969 17045
15741 16528 17392
16322 16609 17127
16172 17186 16644
15695 16612 17386
15702 17082 16936
15446 16622 17003
15709 16509 17367
15788 17408 15656
15792 16288 17317
16106 17126 16619
15867 16289 17303
15680 16888 16922
16071 16589 17120
15544 16999 16885
15752 17277 16848
15583 16245 17351
15785 17399 15627
16014 16963 16558
15929 17081 16590
15683 17178 16526
15939 17074 16363
15508 17081 16279
15687 17032 16109
15743 17352 15606
15665 17054 15893
15579 17068 16149
15779 17259 17384
16345 17127 17608
16489 17799 16880
17216 16985 16423
17242 16742 16812
17278 16954 16810
15890 17333 17307
16933 17482 16685
16197 17566 17162
16354 16953 17432
16548 17206 17280
17215 16979 16785
17227 16843 16895
16993 17400 16690
16395 17039 17413
16775 17118 17355
16278 17307 17363
16875 17014 17191
16600 16898 17402
16979 17405 16831
16801 17430 17143
15779 17259 17384
17199 16813 16958
16925 17065 17143
16925 17637 16863
16696 17493 17134
17183 16924 17077
16267 17682 17018
16742 17161 17327
17103 16952 17143
17182 17286 16813
16441 17735 17002
16992 17396 16797
16671 17701 16867
16501 17744 16973
16716 17464 17265
16462 17522 17177
16922 17354 16916
16731 17475 17237
16888 17564 16929
16607 17700 16954
16482 17764 16968
16406 17672 17010
16807 17150 17187
16869 17597 16947
17020 17282 16909
17199 16813 16958
16600 16898 17402
16855 17646 17039
17020 17282 16909
16762 17127 17324
16226 17517 17252
17194 16919 17087
16930 17230 17020
17141 16920 17136
16424 17261 17383
16868 17545 17115
16489 17799 16880
17087 17341 16876
16433 17180 17364
16226 17517 17252
16886 17532 16991
17054 17157 17142
16433 17180 17364
16671 17701 16867
16501 17744 16973
17054 17157 17142
16631 17568 17078
16716 17464 17265
17141 16920 17136
16475 17659 17090
16451 17574 17121
16226 17517 17252
16631 17568 17078
16930 17230 17020
16774 17468 17125
17087 17341 16876
16855 17646 17039
16482 17764 16968
16410 17587 17108
16933 17482 16685
16731 17475 17237
16446 17248 17359
16954 17471 16805
16762 17127 17324
16837 17655 16948
16862 17641 16880
16908 17553 16946
16877 17476 17084
16837 17655 16948
16876 17577 16917
16922 17354 16916
16485 17263 17279
16475 17659 17090
16197 17566 17162
16807 17150 17187
16410 17587 17108
16197 17566 17162
16446 17248 17359
16485 17263 17279
16908 17553 16946
16954 17471 16805
16908 17553 16946
16855 17646 17039
16886 17532 16991
16992 17396 16797
16869 17556 16994
16954 17471 16805
16869 17597 16947
16491 17654 16995
16410 17587 17108
16862 17641 16880
16491 17654 16995
16491 17654 16995
16433 17180 17364
17182 17286 16813
16876 17577 16917
16869 17556 16994
17087 17341 16876
16886 17532 16991
16485 17263 17279
16908 17553 16946
16197 17566 17162
16197 17566 17162
16197 17566 17162
16226 17517 17252
16226 17517 17252
16491 17654 16995
16886 17532 16991
16908 17553 16946
16908 17553 16946
16954 17471 16805
16954 17471 16805
17182 17286 16813
15713 17247 17287
16234 16969 17568
16450 17795 16854
16809 16481 17137
17226 16843 16326
17240 16836 16442
16946 17315 16633
16157 17148 17294
15829 17107 17394
17240 16836 16442
16812 16591 17115
17215 16892 16360
15781 17125 17362
16326 16742 17504
17077 17244 16819
17029 17308 16763
16620 17154 17275
16922 17387 16660
16490 17685 16973
16852 17367 17084
15824 17233 17339
16524 17663 16920
16712 17275 17169
17121 17286 16728
16658 17442 17248
16406 17559 17026
17191 16950 16708
16575 16791 17351
16401 17452 17224
16178 16985 17516
16730 17023 17151
16892 16703 17078
16820 17557 16907
16392 17768 16878
16868 17521 17065
16794 17493 17097
16831 17591 16755
17153 16752 17063
16913 17488 16839
16465 17746 16929
16258 16713 17549
16686 17106 17301
16317 17714 16944
16295 16935 17538
16633 17457 17139
16571 17653 16881
16798 17620 16961
16693 17396 17255
16805 16656 17158
16242 16991 17421
17198 16809 16848
16731 17418 17129
16940 17258 16766
16891 17567 16785
16306 17096 17348
16765 17423 17116
17208 16757 16866
16872 17612 16722
16805 16656 17158
16286 16982 17464
16919 17288 16786
15824 17233 17339
16400 17730 16938
17184 16918 16867
17226 16843 16326
17193 16899 17044
16264 17305 17278
16869 16968 16989
16284 17129 17285
16712 16980 17270
16223 17067 17458
16766 17062 17131
16620 17595 16983
16242 16991 17421
16324 16966 17454
16223 17067 17458
16452 17051 17350
16234 16969 17568
16574 17649 16878
15829 17107 17394
16404 17658 17043
16392 17768 16878
15829 17107 17394
17184 16918 16867
16324 16966 17454
15829 17107 17394
16452 17051 17350
15829 17107 17394
15829 17107 17394
15829 17107 17394
15829 17107 17394
15829 17107 17394
16452 17051 17350
15721 17215 17314
16066 16898 17559
16386 17682 16747
17070 16995 16194
17171 16658 16934
17216 16690 16367
17066 17038 16300
16342 17577 17024
17145 16866 16437
16209 17082 17337
16905 17389 16603
15855 17209 17275
17026 17115 16726
17080 16969 16677
17070 16995 16194
15834 17133 17283
16684 17368 17150
17050 17213 16546
16857 17471 16800
16910 17342 16581
16066 16898 17559
16778 17460 17091
16548 16991 17261
16501 16733 17293
16617 17431 17182
15968 17182 17266
15743 17259 17239
16289 16946 17352
16172 16918 17388
16095 16771 17526
16948 17257 16757
16493 17529 16918
16726 17387 17123
15968 17182 17266
16820 17360 16874
17010 17295 16563
16806 17441 16857
16158 16957 17456
16325 16742 17389
16973 16882 16785
16627 17428 17201
16263 17026 17311
16226 17418 17231
16966 17167 16814
16476 17653 16902
16170 16862 17503
17128 16806 16954
16924 17283 16734
17068 16986 16389
16738 17507 16975
16252 16801 17429
16105 16974 17399
16425 17667 16969
16736 17609 16868
17084 16826 16985
16094 16840 17512
16800 17461 17062
16284 16677 17430
16458 17143 17275
16798 17497 16984
16483 17636 16915
16663 17388 17232
17048 16879 17002
16242 16830 17401
15721 17262 17266
16441 16838 17289
16158 16957 17456
16235 17162 17263
16288 17625 16994
17010 17295 16563
17137 16874 16941
17138 16683 16959
16731 17465 16993
16285 17669 16936
15694 17230 17249
16024 16824 17466
16355 17646 16862
17094 16849 16354
17109 16687 16793
17131 16737 16715
15971 16889 17351
16886 17266 16489
16913 17257 16622
17082 16859 16577
16389 17116 17242
16811 17198 16665
16564 17545 16859
16649 16986 17114
16288 16720 17321
16638 17038 17187
16721 17051 17107
16852 17379 16587
16215 17483 17000
16677 17605 16781
16187 16800 17399
16525 17400 16969
16802 17311 16726
16477 16912 17228
16476 16921 17194
16083 17404 17178
16647 17288 17169
16084 16858 17394
16045 16874 17374
16797 17450 16966
16180 17039 17320
16656 16891 17127
16672 17392 17042
17107 16742 16936
16409 17587 16948
16712 17355 17097
16764 17326 17069
16642 17523 16789
16423 17230 17199
16894 16822 16920
16039 16739 17414
16268 16869 17315
16363 17629 16929
16811 17383 16639
16444 17485 16892
16702 17485 16676
16454 17459 16964
17108 16846 16840
16752 17385 17071
16668 17486 16861
16413 16857 17274
16030 17342 17197
17086 16837 16848
16400 17590 16937
16197 16919 17287
16278 16863 17352
16274 16917 17295
16709 17480 16867
16757 17471 16844
16183 17318 17172
16707 17477 16928
15544 17194 17224
16116 16590 17363
16372 17577 16872
17088 16653 16317
16803 17050 16635
16929 16796 16429
15793 17253 17138
16022 17028 17265
16794 17301 16569
15810 17226 17163
17025 16779 16373
16211 17476 16981
16539 17140 17149
16792 17420 16786
16405 17533 16821
16080 16888 17251
16191 16943 17214
16348 16737 17267
16670 17364 17042
16892 17207 16616
16446 17439 16897
16715 16684 16948
16353 16627 17206
16740 17399 16801
17078 16728 16841
16267 17276 17123
16647 17332 17072
16108 16823 17346
16277 16834 17246
16900 16831 16380
16586 17003 17156
16503 17209 17152
16224 16794 17316
17073 16676 16885
16786 16973 16913
16596 17183 17146
16607 17187 17096
16261 16984 17209
16679 17322 17052
16757 17183 16927
16224 16676 17330
16687 17231 16917
16618 17326 17080
16277 17231 17157
16668 17427 16912
15581 17190 17160
15870 16608 17238
16235 17554 16805
17016 16646 16094
17022 16583 16622
16970 16714 16362
15987 16675 17176
15833 17249 17116
16328 17503 16704
16885 16927 16411
16698 17015 16909
16814 17098 16539
16395 17134 17140
16870 16817 16541
16137 17166 17141
16678 17312 16954
16632 17416 16857
16885 16785 16466
16517 17352 17037
16314 17524 16848
16566 16877 17037
16374 17240 17050
16856 16679 16632
16904 16656 16512
16627 17161 17023
16684 16763 16920
16225 17355 16972
16763 17410 16765
16530 17148 17076
16745 17259 16774
16767 17183 16683
16654 16913 16967
16723 17391 16784
16185 17258 17062
16702 16857 16918
16263 17185 17071
16226 17391 16897
16902 16635 16690
16856 17172 16518
16149 17079 17100
16256 17466 16806
16340 16681 17133
16833 17146 16398
16728 17280 16620
16525 17055 17012
16382 17408 16815
16650 17404 16747
16295 16891 17033
16737 17206 16763
16359 17332 16975
16589 16855 16903
16312 16798 17129
16206 17113 17030
16646 17253 16883
16611 17257 16805
16637 16818 16894
16280 17155 17009
16343 17256 17004
15515 17124 16956
16129 17104 16957
16479 17357 16741
16588 16561 16877
16751 16900 16157
16810 16746 16350
15960 17132 16868
16498 17268 16556
16705 17184 16562
16413 16855 16937
16620 16804 16746
15917 16974 16865
16141 17333 16683
16278 16469 16851
16666 17038 16421
16593 16660 16743
16263 17226 16606
16518 17071 16491
16467 17125 16603
16328 17097 16726
16631 17033 16552
16168 17179 16445
16395 17062 16542
15665 17294 16874
15785 16318 17873
15928 17429 16196
16070 16184 17630
16906 16619 16305
16303 16223 17336
16034 16314 17725
16433 17051 17071
16877 16703 16262
15769 16332 17818
15939 17394 16728
15732 17403 16803
16849 16549 16651
15909 16503 17647
16144 17349 16676
16099 16369 17574
16260 16804 17217
16822 16569 16474
16785 16849 16455
16461 16959 17033
15829 16544 17607
16329 16983 17134
15746 17355 16781
16077 17092 17296
16398 17203 16920
16067 17420 16381
16437 16784 17155
15928 17429 16196
16500 17173 16919
16490 16983 16996
16712 16659 16631
16188 16937 17289
16383 16646 17173
16210 17125 17227
15787 16530 17612
16202 16699 17417
16742 16573 16577
16892 16690 16335
16500 17173 16919
16038 17191 17183
16162 16777 17483
15834 16465 17717
15922 17375 16769
15983 16343 17779
16193 16995 17248
16476 17073 16942
15807 17258 16936
16466 16884 17058
16597 16389 17285
16352 16204 17376
16052 17045 17311
16784 16603 16532
15981 16331 17784
15891 16429 17699
15878 16371 17754
16602 16968 16474
16349 16766 17176
16534 17124 16399
16667 16624 16954
15785 16318 17873
16562 16884 16953
16671 16927 16535
15964 17246 16834
16029 16396 17675
16168 17024 17397
15865 16514 17703
16653 16960 16483
15781 17315 16795
16043 16723 17548
15966 16419 17639
16168 17024 17397
16752 16337 16701
15773 17285 16903
16227 16792 17299
16735 16914 16542
16646 16990 16466
16217 16904 17218
15932 17204 16974
16620 16592 17240
16784 16603 16532
16355 16601 17253
16008 16341 17720
16128 16701 17544
16799 16858 16409
16634 16646 17028
16735 16914 16542
15922 17375 16769
16571 16687 16944
16032 16321 17684
16906 16619 16305
15781 17315 16795
16021 16487 17630
16854 16590 16413
16103 17086 17261
16270 16678 17502
16740 16898 16583
16293 16960 17201
15807 17258 16936
16534 17124 16399
16693 16698 16626
15865 16514 17703
16705 16923 16607
15994 17055 17328
15878 16371 17754
16570 16779 16898
16620 17039 16271
16280 16523 17382
15886 16450 17699
16387 16588 17326
16021 16487 17630
16329 16983 17134
16622 16682 16693
16880 16624 16352
16789 16677 16468
16113 17240 16845
16298 17213 16848
15834 16465 17717
16799 16858 16409
16063 16697 17548
16542 16443 17250
16139 17235 16728
16854 16590 16413
16318 16874 17139
15986 16755 17535
16270 17224 16706
16590 16659 17027
16352 16204 17376
15986 16755 17535
16853 16744 16401
16247 17227 16613
16542 16443 17250
16237 17090 16970
16114 17033 17260
16280 16523 17382
16591 17082 16866
16162 16777 17483
16898 16662 16347
15737 17350 16812
16029 16396 17675
16251 17225 16585
16785 16849 16455
16318 16874 17139
15773 17285 16903
16653 16960 16483
15732 17403 16803
16705 16923 16607
16156 16571 17556
16139 16774 17510
16590 16659 17027
15994 17055 17328
16156 16571 17556
16318 16874 17139
16568 16746 16931
16139 16774 17510
16189 17249 16400
16293 16960 17201
16752 16337 16701
16237 17090 16970
16598 16732 16873
16693 16698 16626
16298 17213 16848
16227 17233 16774
16880 16624 16352
16106 17079 17233
15886 16450 17699
16202 16699 17417
16270 17224 16706
16210 17125 17227
16620 17039 16271
15737 17350 16812
15966 16419 17639
16106 17079 17233
15964 17246 16834
16634 16646 17028
16898 16662 16347
16251 17225 16585
16262 16774 17296
16114 17033 17260
16568 16746 16931
15986 16730 17571
16387 16588 17326
16247 17227 16613
16355 16601 17253
16622 16682 16693
16591 17082 16866
16202 16699 17417
16898 16662 16347
16598 16732 16873
16262 16774 17296
16534 17124 16399
15986 16730 17571
16227 17233 16774
15986 16730 17571
15737 17350 16812
15981 16523 17637
16667 16624 16954
15981 16331 17784
15781 17315 16795
16789 16677 16468
16227 17233 16774
15981 16523 17637
16387 16588 17326
16789 16677 16468
16622 16682 16693
15732 17403 16803
15966 16419 17639
16106 17079 17233
16247 17227 16613
16262 16774 17296
16270 17224 16706
16298 17213 16848
16500 17173 16919
16542 16443 17250
16880 16624 16352
16906 16619 16305
15604 16369 17675
15716 16331 17768
15869 17405 16229
16314 16200 17301
16860 16649 16318
16527 16790 16592
16830 16703 16385
16272 16935 17042
16721 16517 16541
16067 17332 16259
15968 16388 17639
15905 17305 16290
15654 17258 16755
16527 16899 16437
16578 16278 17139
16060 17070 17289
16643 16619 16714
16125 17123 16925
15716 17359 16730
15953 16332 17728
16554 16312 17143
15915 16721 17431
16038 17215 16557
15768 17225 16932
15989 16378 17551
16484 16851 16574
16241 17169 16789
16769 16617 16412
16201 17116 17190
16426 17149 16834
16005 16768 17410
15975 16281 17683
15824 16481 17661
15752 16552 17518
16265 16589 17275
16738 16713 16261
15674 16513 17547
16260 17106 16853
16602 16420 17090
16472 16470 17214
15886 16346 17669
16444 16430 17230
16383 16314 17250
16161 16666 17480
16485 17016 16403
16667 16884 16417
16703 16562 16589
16393 16533 17104
15835 16474 17519
16223 16488 17470
16628 16990 16416
16457 16498 17197
16204 16622 17500
16632 16616 16867
16340 16742 17116
16158 16677 17488
16419 17024 16856
16618 16515 16897
15914 17246 16759
16223 16531 17331
16336 17005 16961
16235 16770 17232
15956 16914 17359
16570 16643 16732
15994 16913 17344
15906 16899 17396
16440 16563 17080
15954 17177 16989
16150 17001 17215
16604 16512 16971
16365 17001 16944
16362 17020 16911
16418 16919 16864
16363 16863 17063
16638 16893 16423
16346 17191 16734
15827 17256 16716
15911 16742 17481
16271 16927 17066
16267 16879 17140
15954 17177 16989
16437 16990 16858
16346 17191 16734
15962 17155 16939
16438 16858 16967
15962 17155 16939
16346 17191 16734
15620 16432 17550
15708 16235 17755
16020 17326 16190
16263 16208 17271
16658 16743 16119
16803 16577 16333
16691 16553 16499
15829 17228 16280
16115 16972 16963
16803 16657 16238
16607 16710 16412
16306 16901 16927
15982 17073 16817
15914 17123 16839
15898 16796 17375
16211 16846 17127
16462 16602 16568
16034 16994 17089
16400 16624 16939
15926 16352 17610
16584 16803 16405
16549 16344 17010
15892 17182 16288
16451 16401 17205
16157 16701 17145
16135 16584 17346
16021 16669 17437
15883 16270 17657
16464 16447 17031
15850 16388 17614
15680 16476 17486
16327 16507 17056
16426 16696 16530
15874 16276 17701
16355 16318 17226
16316 17134 16713
15807 16278 17686
16343 17043 16662
16138 16639 17171
16425 16937 16796
15812 16879 17184
16499 16565 16648
16347 16848 17007
15740 17168 16772
15692 16465 17521
16586 16884 16256
15777 17146 16754
16130 17034 16784
16009 16356 17488
16518 16488 16656
16505 16847 16366
16254 16995 16832
15989 16301 17544
16124 17155 16726
16362 16847 16807
15781 16474 17492
15691 16303 17622
16498 16504 16768
16231 16799 17137
16253 16681 17140
15988 16941 17106
15747 17145 16768
16129 16470 17471
16343 16302 17250
16329 16494 17107
16307 16566 17076
15598 16428 17442
15623 17141 16713
15704 17129 16187
15871 16160 17695
16528 16090 16554
16741 16605 16187
16583 16761 16268
16488 16527 16449
16235 16917 16718
15843 16794 17258
15802 17041 16821
16303 16868 16926
16399 16643 16476
16034 16852 17043
16306 17014 16606
15736 16383 17608
16016 16667 17435
15727 16213 17641
16563 16841 16252
15777 17088 16839
15673 16272 17658
16133 16309 17095
16123 16569 17300
15897 16326 17551
16421 16896 16458
16351 16554 16846
16512 16406 16349
16084 16715 17123
15873 16724 17371
15948 17028 16663
16191 17107 16195
16412 16243 17161
16216 16353 17068
16313 16271 17188
15987 16258 17508
16118 16710 17110
15882 16908 16903
15932 16319 17483
15988 17031 16342
15692 17131 16575
16200 16594 17055
16576 16851 16203
16490 16411 16632
16371 16268 17046
15997 16738 17114
15879 16399 17465
15912 16733 17120
15864 16865 17065
16310 16555 16640
15198 16950 16617
15694 17062 16526
15723 16145 17618
16243 16114 17172
16512 16782 16251
15856 16281 17548
15487 16375 17487
16074 16502 17252
15684 16358 17471
16181 16739 16904
16377 16219 17123
16081 16649 17093
15269 16990 16610
16336 16423 16841
15536 16767 17171
15996 16665 17344
16454 16452 16283
15745 16479 17399
16271 16263 17087
15923 16458 17373
16376 16702 16406
16123 16912 16666
16253 16837 16737
16370 16712 16362
15227 16991 16578
16269 16864 16693
16289 16806 16574
16026 16778 16882
16139 16851 16853
16064 16934 16560
16258 16989 16547
16287 16742 16894
16283 16847 16560
15510 16876 16640
15763 16507 17300
15918 16974 16102
16280 16104 17076
16357 16535 16122
16031 16340 17210
15998 16638 17039
16226 16756 16409
15783 16851 16492
16334 16227 16660
16029 16579 16804
16285 16380 16411
15770 16943 16181
16264 16742 16702
16270 16504 16798
16330 16350 16511
16280 16765 16314
15948 16872 16325
15985 16809 16671
15970 16624 17293
15990 16605 17066
15369 16824 16175
15829 16810 15987
15886 16481 17286
15945 16196 17147
16316 16343 16471
15966 16313 17136
16200 16395 16597
15677 16578 17219
16253 16638 16467
15715 16531 16728
15712 16484 16868
16252 16748 16261
15701 16739 16526
16188 16581 16375
16246 16546 16423
16281 16331 16341
15900 16283 16263
16145 16856 17649
16642 17761 16894
17306 16597 16794
17332 16853 16265
17274 16967 16446
17332 16853 16265
16273 16932 17593
17267 17068 16666
16306 16669 17624
17289 16808 16623
17234 17004 16684
16287 16805 17574
16646 17699 16677
16787 17645 16730
16781 17570 16942
16826 16743 17381
16974 16652 17133
16757 17669 16684
16944 17220 17053
17107 17154 17107
16435 17104 17495
17161 16861 16970
16435 17104 17495
17303 16942 16540
17303 16942 16540
16872 17078 17370
16540 16955 17428
17272 16998 16466
16629 17191 17315
16867 17202 17255
16499 17504 16976
16841 17460 16789
16941 16818 17355
16731 16879 17427
16500 17510 16947
17230 16633 16756
17203 16757 16847
16565 16949 17431
17098 17249 16882
16306 16669 17624
16453 17442 17193
17203 16757 16847
16893 17233 17246
16358 17643 16945
17020 17390 16834
16457 17447 16987
16655 16994 17405
16680 17641 16759
16638 17491 16977
16360 17611 17022
16505 16959 17473
16957 17183 17292
16953 17365 16877
16592 17123 17419
17127 17194 16872
16823 17325 17239
16629 16911 17463
16770 17151 17392
17114 17294 16846
17001 17431 16816
16385 17624 16913
16912 17443 17174
17079 17302 16926
16966 16818 17238
17043 17366 16808
16811 17595 16763
16592 17123 17419
16617 17162 17365
16394 17467 17044
16932 17369 16850
16569 16858 17464
16287 16805 17574
16811 17595 16763
16654 17638 16801
16444 17474 17035
17230 16633 16756
16823 17325 17239
16707 17621 16765
17215 17276 16764
16917 17184 17183
16385 17624 16913
16629 16911 17463
17001 17431 16816
17028 17410 16811
16273 16932 17593
17028 17410 16811
16707 17621 16765
16500 17510 16947
16442 17610 17019
16664 16892 17404
16664 16892 17404
16994 17193 17010
16725 17203 17289
16959 17235 16933
16994 17193 17010
16726 17192 17279
17272 16998 16466
16613 17104 17398
17143 17279 16780
17143 17279 16780
16899 17273 17220
16976 17325 16876
16394 17467 17044
16832 16867 17380
16770 17151 17392
17079 17302 16926
16966 16818 17238
16899 17273 17220
16899 17273 17220
17087 17374 16773
16505 16959 17473
16912 17443 17174
17080 17263 16882
16725 17203 17289
16457 17447 16987
16832 16867 17380
16922 17382 16863
16457 17447 16987
16444 17474 17035
16617 17162 17365
17020 17390 16834
17080 17263 16882
17035 17386 16839
17143 17279 16780
16922 17382 16863
17035 17386 16839
16394 17467 17044
17041 17366 16845
17087 17374 16773
16922 17382 16863
16565 16949 17431
17079 17302 16926
16592 17123 17419
16959 17235 16933
16726 17192 17279
16953 17365 16877
16824 16934 17398
16613 17104 17398
17087 17374 16773
16592 17123 17419
16358 17643 16945
17079 17302 16926
16442 17610 17019
16664 16892 17404
16505 16959 17473
17043 17366 16808
16824 16934 17398
17041 17366 16845
17203 16757 16847
16358 17643 16945
16358 17643 16945
16385 17624 16913
16385 17624 16913
16505 16959 17473
16505 16959 17473
16565 16949 17431
16565 16949 17431
16592 17123 17419
16592 17123 17419
16592 17123 17419
16592 17123 17419
16592 17123 17419
16592 17123 17419
16592 17123 17419
16617 17162 17365
16629 16911 17463
16664 16892 17404
16726 17192 17279
16824 16934 17398
16959 17235 16933
17028 17410 16811
16122 16806 17582
16555 17752 16490
17104 16370 16896
17303 16844 16269
16540 17413 17120
16203 16826 17567
16273 16732 17494
16947 17073 16980
17095 16587 16874
17266 16982 16383
16420 17012 17463
16918 16751 17331
16863 17226 17235
16235 17197 17278
17280 16435 16713
16809 17388 16701
16902 17350 17164
17147 16935 16642
17237 16477 16680
17162 16889 16584
16589 17054 17403
16434 17613 16873
16728 16827 17366
16945 17111 17229
16584 17717 16403
16890 17271 17212
17138 16546 16769
16915 17336 16736
16277 16974 17480
16339 17509 16962
17014 17301 16843
17193 16516 16806
16330 17591 16969
16390 16923 17484
16970 17277 16851
16997 17095 16945
16676 17443 16844
16624 17661 16782
16575 17494 16913
17054 17160 16902
17115 17189 16868
17265 16958 16471
17211 17010 16422
17210 16665 16763
17189 17056 16572
17248 16863 16552
16766 17163 17292
16754 17460 16825
17196 17095 16507
17210 16665 16763
17056 17356 16720
16604 17523 16802
16774 17001 17268
17035 17283 16845
16382 17669 16841
16598 17694 16765
17241 16451 16778
16424 17535 16932
16744 17579 16695
16900 17358 16838
16745 16925 17336
16682 16818 17402
17114 17247 16577
16555 17752 16490
16684 17553 16770
16601 17432 16889
16713 17659 16655
17162 16889 16584
16717 17582 16651
17250 16955 16502
17248 16863 16552
16698 17636 16714
16865 17163 17262
16549 17593 16848
16794 17087 17264
16794 17087 17264
16434 17613 16873
16754 17415 16977
16556 17669 16823
16686 17651 16682
16947 16815 17217
16865 17163 17262
17211 17010 16422
16420 17538 16907
16624 17661 16782
16807 17440 16697
17210 16665 16763
16946 17259 16906
16336 17438 16977
16698 17636 16714
16558 17495 16906
17265 16958 16471
16766 17163 17292
16686 17651 16682
16561 17627 16822
16434 17613 16873
16603 17629 16821
16561 17627 16822
17250 16955 16502
16549 17593 16848
16713 17659 16655
16603 17629 16821
17196 17095 16507
17210 16665 16763
16434 17613 16873
16603 17629 16821
16686 17651 16682
16698 17636 16714
16766 17163 17292
17211 17010 16422
16097 16767 17455
16521 17720 16392
17161 16550 16637
17218 16900 16336
17222 16840 16436
16188 17570 16922
16250 16904 17372
16336 16631 17436
16804 17271 17202
16841 17164 17142
16689 16957 17253
16962 17129 16872
16735 17411 16700
16543 17663 16454
17077 16728 16842
16920 16701 17019
16748 17306 16990
16552 17432 16781
16639 17631 16705
16471 17652 16611
16862 17090 16951
16410 17522 16922
17194 16818 16495
17136 16595 16745
16725 17333 17028
17015 17284 16710
16376 16976 17286
17152 16909 16518
16966 17248 16772
17035 17251 16732
16667 17532 16598
16679 17512 16702
16319 16845 17335
16475 17343 17069
16906 17224 16784
17103 16841 16575
16298 17531 16963
16858 17301 17115
16877 17040 16955
17196 16915 16406
16854 17354 16781
17102 17163 16803
17122 16968 16490
16880 17201 16857
16513 16866 17322
16582 17605 16740
16332 16885 17301
16922 17195 16830
16354 17589 16837
16585 17337 16963
17132 17018 16420
16485 17523 16813
16744 17193 17219
16861 17339 16897
16737 16985 17224
17131 16992 16423
16507 17592 16783
16332 17345 16963
15958 16660 17427
16433 17642 16386
17004 16635 16839
17126 16975 16342
16131 16749 17344
16236 16704 17334
15993 16777 17337
16277 17344 16916
16538 17503 16617
16446 17460 16770
17057 17017 16519
16415 17389 16781
16926 17081 16829
16506 17317 17008
16769 17282 17100
16792 16916 17145
16436 16930 17238
17101 16810 16728
16353 17517 16858
16834 17044 16993
16951 17120 16742
17120 16859 16481
16581 17371 16600
16519 17552 16472
16979 17150 16733
16884 17273 16439
16398 17052 17197
16549 17520 16569
16736 17193 17138
16509 17641 16372
16516 17586 16739
16330 17355 16905
16710 16952 17223
16823 17183 17056
16656 17357 16611
16792 17322 16894
16853 16946 17044
17028 16821 16741
16815 17232 17087
16639 17188 17191
17101 16926 16423
16626 16953 17193
16736 16755 17216
16876 17229 16757
16844 17032 17086
17045 16704 16741
17100 16859 16588
16931 16801 16831
17081 16948 16584
16417 17528 16755
16895 17193 16734
16427 17526 16763
15960 16706 17334
16352 17577 16662
16943 16879 16454
16999 16443 16744
17118 16825 16476
16197 17281 16905
17017 16652 16719
16293 17432 16801
16230 16678 17246
17064 16866 16541
16463 17465 16607
16427 17351 16667
16539 17348 16519
16716 17068 17096
16912 16716 16827
16567 17177 16929
16789 16765 17047
16842 16836 16987
16695 16940 17220
16856 17050 16533
16365 17264 16851
16625 16961 17173
16239 17487 16812
17097 16773 16493
16326 17327 16872
16483 17151 17043
17027 16697 16629
16446 17203 16759
16409 17561 16695
16750 17102 16996
16645 17222 16703
16463 16914 17223
16905 17009 16804
16315 17540 16707
16371 17506 16749
16629 16982 17139
16604 17146 16943
16799 16765 17013
16604 17126 17158
16398 17171 17102
16824 17132 16622
16345 17021 17162
16701 16789 17131
16773 16767 17123
16672 17155 16757
16751 17317 16663
16608 17082 17132
16627 17210 16739
16234 17267 16868
16389 17490 16475
16476 16840 17203
16970 16858 16150
16978 16690 16583
17045 16821 16421
16808 16793 16781
16641 17027 17062
16731 17092 16993
16526 16897 17106
16517 17194 16693
16247 17328 16786
16346 17424 16698
16352 17138 16895
16565 17248 16555
16309 17274 16699
16447 16865 17158
16562 17158 16849
16285 17263 16795
16660 17274 16542
16688 16848 17171
16488 16811 17186
16207 17192 16749
16335 17346 16657
16418 16748 17140
16595 17173 16252
16697 16453 16826
17012 16816 16392
16720 17042 16709
16616 16916 17012
16221 17282 16742
16394 16816 17107
16666 17019 16958
16467 17037 16786
16675 16992 16979
16599 17081 16785
16086 17172 16694
16607 16771 17006
16610 16801 16300
16628 16294 16641
16612 16737 16454
16304 17007 16752
16435 16993 16931
16424 17031 16609
16580 16864 17002
16226 16844 16594
16448 16645 16949
16471 16622 16894
16345 16134 16672
