0 0.0680224
28195 27463 26828 27963
28007 28217 27139 28485
27428 27736 26632 27292
27235 27208 26676 27187
27903 28092 27313 28122
27960 27706 27422 27304
27765 27880 26654 27548
27303 27263 26916 27977
26810 26660 26283 26792
27824 27250 27275 26957
26870 27055 26514 27995
28065 27650 28383 27771
27255 26027 26292 27649
27039 26813 26612 27237
27362 27704 27004 27298
28067 27262 26347 26601
27827 27957 27801 28338
27261 27892 27090 27210
26815 27528 27150 28416
27644 26611 27831 27806
28086 28046 28327 28204
27403 27228 26576 27469
27547 27840 26850 27124
27481 27875 27469 26779
28308 28019 27107 27961
26757 27104 26368 26585
27031 26823 26420 27092
27386 27449 27085 27875
27017 27618 27171 28760
27483 27889 27077 27378
27264 27026 26879 26342
26419 27140 26185 27246
28013 27326 26677 27052
28127 27572 27596 27736
27124 27250 27011 27615
27289 26828 26516 27075
27664 27243 27011 26689
27311 27304 26429 27320
27515 27581 27859 28786
28333 28073 26914 27963
27645 26597 27099 27181
28230 27606 28166 27479
27493 27149 27056 26442
27750 27865 27067 27266
27576 27411 27130 27825
27870 27412 26638 27567
27892 27255 27553 27908
27574 27592 26617 26918
27690 26917 27626 27694
27547 27259 27169 27145
28038 27954 26889 27258
27948 26901 26934 27434
27449 27164 26202 26857
26755 26916 26504 27310
27061 27022 27201 26477
28346 28250 27159 28115
25998 25696 26321 26568
26956 27619 26452 26955
27113 27047 26399 26777
26721 27037 27686 26969
27224 26608 26634 28189
28442 27746 27155 27931
27816 27291 27812 27198
27842 27514 27118 28159
27119 26653 27542 27365
27392 26991 26961 26814
28118 28047 27268 27171
26802 27403 27326 27516
27246 27494 27260 27259
26976 27482 26984 27178
27051 27226 26697 28386
28005 27271 27393 27508
26843 27140 26012 26525
27850 26925 26106 27452
27736 27434 27109 26926
27279 26865 26645 27092
27696 26929 26425 26451
27755 27597 27297 27720
27648 27302 27621 27464
28342 27140 27095 27889
27568 27948 26597 27368
26830 27270 27302 26404
27226 26468 27847 27513
27213 26539 26374 27041
27665 28580 27343 27254
27039 26856 26724 26935
26933 28241 26785 27583
27580 27820 26968 26230
27836 28054 27033 27405
27492 27131 27877 27309
27121 28536 27315 27050
27235 26761 26679 26347
26902 27497 26703 27202
27542 27881 26416 26922
28149 27642 27994 28029
27552 28520 26786 27436
27488 26680 26929 27488
27953 27602 27477 27640
26901 26796 26669 27876
27311 27626 27345 28090
27659 27930 27921 27534
27669 26604 28380 27450
27743 27653 26161 28150
27827 27697 27694 27274
27086 26689 27678 27534
27714 27573 26998 28193
27336 27449 26843 26861
27914 27633 27156 27883
27673 27503 27121 27887
28027 27295 27451 27521
27386 27436 26713 27663
26663 28115 26447 26995
27422 27866 26605 27985
27611 27929 26569 27009
27549 27452 26478 27804
27114 27451 26443 27091
28343 27548 27672 27751
26655 27181 26971 27070
28304 28021 26839 27471
27055 27345 27839 28261
27755 26906 26980 27471
28231 27522 26536 26792
26618 27155 27042 27164
28079 27387 27129 27219
27672 27561 27322 26977
27525 27279 26391 26334
27576 27711 27562 28103
27890 27487 27872 27370
27333 27821 27028 27619
26900 27225 26944 27111
27205 27364 26808 27090
27636 27202 26502 27312
27640 27674 26702 27571
27360 27429 26672 26476
27470 27197 27207 26462
27356 27613 28071 26967
28684 28080 27744 27586
27703 27270 27160 27580
27744 26989 26589 26396
26419 26857 26472 26762
27670 27517 27500 27069
27593 26555 27318 27767
27126 27833 27353 27375
28143 27098 27786 27513
28234 27946 26655 27258
27274 27030 26912 26616
27506 27134 26054 27106
27071 27292 27050 26234
27333 27296 27095 27173
27380 27975 27058 27094
27871 27385 28061 27357
27007 26509 26519 28072
27319 27771 26840 27932
27623 27419 26984 27415
27404 27568 26310 27601
28071 27522 26297 26822
27675 28156 26947 27239
27647 27428 26843 27090
27384 27347 26583 27142
28013 28053 26472 27585
27259 27623 27070 28315
27728 27004 26516 27906
27067 27036 26954 27012
27635 26882 27417 26813
27456 26667 27508 27136
26218 26413 26922 26738
27330 27759 26871 26879
27426 27133 27111 28071
26977 27837 27639 27689
26500 27125 26334 27299
25985 26360 27623 27037
28168 27440 27648 27593
27538 26351 27402 26387
26951 26943 26048 27335
26939 27344 26775 27279
28044 27022 26989 27995
27088 27278 27059 27407
27186 27434 27401 27475
27938 27804 27144 26960
27207 26286 26197 26753
27775 26585 26997 27002
27647 27969 26733 27098
28743 28188 27342 27329
27762 27667 27145 27318
27879 26856 26932 27220
27519 27166 26905 27078
27692 27966 27470 27923
28286 27917 28041 27723
28187 27980 26688 27932
27406 27859 26422 27313
28250 27617 27413 27564
27022 27618 26445 27515
27536 27625 27514 27833
27202 27381 26681 27243
27183 27371 26860 27981
27457 26627 26931 26904
27790 28359 27914 28392
27730 27770 26826 27154
27053 26534 26523 27158
27022 26420 26511 26905
26575 27464 27962 26851
27591 27339 26313 26045
27077 27482 26416 27296
27633 27005 26118 27084
27679 26905 27053 26790
27915 27723 26400 27787
26947 28318 27367 28148
27496 28406 27952 28898
27045 27301 27397 27802
28807 27258 27903 27752
28180 27323 26464 27602
27692 27470 26776 27083
27551 27611 27377 27034
27380 28395 27314 28737
27063 25933 25866 26550
27647 27783 26647 27937
28331 28034 27962 27595
27520 27617 26404 27071
27183 26634 27665 27810
27039 26681 27264 27360
27432 27375 26570 27365
27424 26813 26739 26963
27960 27421 27509 27937
27313 26363 26865 26773
28027 27926 26936 27833
27162 26878 27532 27975
27284 27858 27439 27176
25834 26431 25563 26695
27460 26759 27353 27796
26230 26631 25710 26158
27994 28020 26628 27525
26909 27696 27103 27390
27366 27599 27730 26599
27958 28541 27339 28507
28286 27684 27465 28379
27171 26845 27149 27387
27036 27193 27244 27081
27110 27146 27331 27477
26810 26933 25763 26066
27617 26696 26986 27595
27026 26965 26830 27535
27450 27468 26390 27408
26798 27236 25758 27425
27048 28564 26607 27030
27064 25958 26256 26500
27721 27717 27610 28226
27712 27529 26580 26373
27403 27113 26531 26923
26481 27100 26124 26712
27622 26733 26421 26769
26961 27425 26965 27544
27238 27477 27689 27611
28549 27243 27747 28461
27309 26894 27399 27007
28047 27559 28214 27247
26982 26785 27174 26925
27098 27558 26765 28294
27006 27592 27646 27286
27897 27526 26608 28267
27153 27959 27249 26723
28010 26524 26777 26126
27516 26996 27187 27210
27749 27467 27667 27710
27368 26648 26379 27019
28052 27263 26875 26402
26868 26657 26715 27373
27644 26966 26584 27117
26613 27353 26402 27014
28173 26737 27511 28405
27715 27930 27672 27541
27520 26444 26967 27194
26983 28226 26216 27052
26717 27395 26670 26096
27305 27711 25703 27394
27215 27616 28271 28290
26830 26574 26516 26120
27672 27904 26989 27751
27118 28422 27192 26714
26994 27050 25825 27424
26847 28470 27466 27047
26972 26574 27211 27884
28202 27537 26950 27538
27213 27084 26076 26892
26266 27205 27426 27546
27217 27608 27317 27401
27066 27737 26734 27740
26592 27724 26931 27217
27132 27824 27003 27504
27447 27910 26857 27068
27114 27470 26180 27187
27766 27201 27550 27325
28014 27005 27218 27834
27772 28118 27304 28626
27033 27397 26682 27475
27502 27815 27645 28237
28275 27232 26299 26940
27657 27977 27782 28110
28628 28251 27703 27615
27779 27896 27770 27087
27193 27213 26610 27347
27996 26090 26874 26902
27288 26883 26353 26328
27710 27640 26761 26908
26728 27597 26896 27937
27828 28075 26423 27130
27657 27647 26941 27672
27896 27145 27109 26778
28165 27657 27625 28507
27840 27545 27388 27607
27727 27945 26992 27912
27389 27417 27198 27453
27653 26643 26584 27694
26802 27395 27081 26895
27810 28363 27034 27700
28202 28174 27368 28227
28357 28357 27708 28078
27438 27201 27458 27133
27727 27010 26706 26936
26901 27576 26949 27799
27864 27642 26130 27576
27123 28154 27127 26883
27044 27207 27548 27732
28000 29014 27862 27739
28366 28311 27785 27384
27536 27656 26426 27176
27332 26697 26893 26827
27983 27426 27589 28080
26694 26830 27021 27017
27825 27814 27047 28125
27124 27423 26794 27546
27905 27497 26340 27308
27298 27558 26896 28011
27305 27093 27009 27119
27236 26769 27500 27096
27470 27830 27599 27284
27907 27656 26374 26186
27068 26121 26265 26552
27731 27382 27160 27216
27832 27758 27248 26595
27774 27571 27857 28727
27066 27725 26533 27406
27945 27125 26490 28032
26987 27475 27980 27749
27368 27699 27781 28515
28253 27662 27099 27862
27274 27316 26810 26983
27382 27134 26760 27545
27065 28901 27359 27629
28122 27365 26788 27279
27174 27874 27319 26993
27367 27098 26443 26995
27812 28112 26748 27996
26926 27820 26315 27316
27952 27839 26752 27752
26591 26819 26367 26541
27615 28285 27785 27369
27945 27656 26870 27742
27022 27559 26610 27609
27628 26652 27084 27665
27543 27403 26483 26787
29327 27426 26704 27591
26997 26612 26613 26952
27794 28577 26569 26986
26850 27119 26175 27114
27635 27341 27043 27306
27228 27302 27053 27272
28176 28819 27274 27583
27582 27794 26968 28082
27361 26775 26379 26946
28185 27928 27852 27952
28163 27792 27501 26627
27812 27818 26525 27228
27250 27191 27211 26740
27843 27558 26580 27032
27999 27770 27599 28084
27987 27373 26999 27785
26991 26330 26039 26534
28415 27409 26751 27030
27002 27133 27020 26695
27616 26970 26605 27787
27644 27614 27094 27396
27779 27148 26621 27337
27225 26912 27207 26945
28137 27626 28047 27472
27301 27239 27820 27664
27298 26794 26800 27003
28253 27876 27730 27569
27079 26708 26419 27042
27984 28954 26874 27529
27939 27751 27577 27964
27636 28503 27448 27905
28003 27786 27234 28139
27292 28010 27099 27090
28033 27301 27065 27856
27257 27515 27482 27019
26829 27482 26780 27247
28400 27995 28455 27984
27239 26813 26190 27439
28383 27538 26965 26342
27385 27063 28009 27189
27088 26891 27170 26680
27541 27024 26464 26745
28664 27065 28807 28028
27398 27525 27067 27751
27648 27870 27052 26259
27230 27388 27163 28059
26946 27740 27032 26661
27806 27322 26778 27063
27560 26595 26439 28137
27686 27806 26761 28238
28249 27646 27556 27488
27541 27829 27515 27026
27539 27398 27246 26897
26658 26523 26663 27110
26974 27666 26510 27360
27839 28044 27350 27531
27762 27181 26984 27887
27371 27409 26796 27166
27288 27471 27152 26582
28227 27370 26562 26940
27957 27535 26526 27220
27777 27479 27534 28114
27790 27269 26907 27239
27108 27193 27310 26040
27523 26647 26550 26922
27344 27795 27018 27261
28323 28009 26593 27158
28515 28617 27580 27480
27420 27508 26661 27385
26814 28022 26229 27494
26444 26070 26423 26504
27664 27843 26809 27487
27847 27241 27212 27178
28190 27306 26787 27635
27135 27654 27144 27355
27165 26777 27789 27733
27489 27391 26907 27779
28543 28388 27368 27953
28259 28048 27650 26669
28180 28096 27131 27859
27138 26931 26425 27440
27837 27485 26586 26910
28078 27520 26859 27575
26472 27447 26909 27080
27053 27776 26304 26814
27773 27101 27910 27434
27085 27622 26914 27314
28073 27635 27795 26977
27678 27363 25613 26847
27672 27529 27681 27038
27508 27935 26939 27469
27908 28196 28049 28011
