8 0.260648
7316 7623 7415
7260 7656 7595
7451 7301 7512
7240 7705 7478
7513 7608 7024
7468 7758 7219
7513 7608 7024
7649 7522 6628
7311 7850 7215
7171 7763 7619
7029 7927 7106
7386 7350 7566
7519 7581 7412
7598 7572 6953
7465 7147 7520
7475 7647 7035
7649 7522 6628
7317 7593 7313
7508 7653 6908
7565 7515 7119
7243 7867 7150
7845 7090 6982
7070 7889 6688
7078 7769 7240
7190 7952 6663
7012 7944 7093
7680 7518 6968
7337 7883 7085
7545 7616 6913
7649 7456 7344
7371 7554 7669
7262 7604 7305
7289 7623 7288
7225 7649 7520
7246 7656 7239
7434 7163 7461
7434 7163 7461
7426 7675 7206
7410 7699 7196
7342 7700 6823
7410 7699 7196
7061 7803 7182
7292 7753 7202
7306 7791 7123
6755 7715 7402
6741 7665 7438
7377 7343 7503
7354 7564 7307
7454 7518 7137
7454 7404 7359
7381 6528 7480
7466 7629 6665
7486 7470 7107
7486 7470 7107
7465 7472 7062
7456 7485 7013
7235 7787 7140
7565 7461 6761
7565 7461 6761
7654 7366 6826
7676 7255 6919
7496 7511 6936
7255 7870 6751
7323 7709 6908
7497 7566 6597
7497 7566 6597
7477 7569 6566
7620 7308 6938
7647 6780 7115
7647 6780 7115
7597 7399 6982
7452 7443 7195
7590 7421 7251
7495 7404 7310
7644 6752 7141
7392 7447 7228
7112 7443 7623
7298 7532 7478
7360 7547 7423
7316 7511 7545
7302 7423 7584
7259 7618 7247
6919 7612 7353
7206 7595 7375
7217 7594 7351
6911 7637 7247
7191 7582 7382
6930 7552 7386
6812 7631 7307
7071 7619 7296
7411 6704 7397
7406 6968 7414
7411 7625 7142
7416 7553 7175
7416 7597 6672
7419 7581 6778
7412 7569 6979
7050 7655 7204
7339 7689 6998
7362 7643 7082
7343 7684 7052
7363 7654 6972
7295 7651 7185
7039 7801 6945
7220 7704 7198
7275 7609 7192
7014 7722 7170
7014 7722 7170
6729 7691 7346
6729 7691 7346
7343 7075 7449
7376 6937 7455
7331 7561 7233
7431 7497 7022
7361 7121 7349
7430 7230 7341
7453 7403 7337
7456 7615 6560
7456 7454 6980
7020 7730 7122
7044 7720 7030
7172 7745 6870
7502 7457 6548
7632 6903 6846
7639 6998 6754
7632 6903 6846
7661 6969 6570
7640 6983 6600
7623 7141 6609
7661 6969 6570
7475 7543 6557
7614 7293 6937
7603 6761 7115
7592 7325 6806
7502 7409 7222
7536 7413 6920
7502 7409 7222
7512 7293 7159
7510 7365 7229
7502 7409 7222
7523 7280 7229
7585 7401 7075
7496 7243 7250
7495 7073 7272
7467 7151 7297
7495 7038 7273
7236 7518 7336
7236 7518 7336
7315 7530 7285
7333 7482 7298
7334 7446 7394
6968 7512 7412
7353 7465 7208
7282 7440 7451
7303 6978 7531
7247 7467 7394
7248 7507 7319
7151 7455 7528
7276 7477 7307
7303 6978 7531
7310 7442 7438
7217 7476 7402
7277 7372 7465
7197 7400 7513
7230 7354 7580
7145 7544 7348
7171 7563 7223
7176 7525 7361
6997 7614 7236
7407 6654 7357
7380 6966 7414
7380 6966 7414
7405 7585 6743
7411 7549 7150
7399 7563 6942
7408 7551 6967
7408 7551 6967
7250 7688 6794
7342 7635 7037
7278 7644 6850
7252 7636 7138
6563 7781 6807
6794 7738 6943
6782 7777 6654
6737 7632 7175
7002 7671 7172
7093 7668 7139
7204 7682 7066
7128 7685 7021
7188 7613 7192
7163 7700 6926
7215 7646 6994
7075 7686 7014
7162 7647 7100
7269 7577 7056
6716 7633 7225
7327 7510 7176
7189 7559 7175
7295 7555 7064
7375 7284 7265
7385 7292 7244
7350 7315 7322
7444 7207 7296
7413 7414 6947
6904 7704 7084
7154 7719 6845
7146 7727 6806
6928 7743 6630
6802 7739 6836
7633 6952 6695
7598 7242 6923
7522 7410 6723
7494 7301 7124
7434 7374 7076
7418 7403 6945
7464 7357 7218
7505 6997 7213
7511 7216 7107
7548 7331 6981
7488 7323 7060
7472 7373 6966
7561 7268 6763
7440 7393 6972
7425 7376 7002
7553 7254 6804
7472 7373 6966
7561 7379 6572
7580 7050 7006
7534 7264 7067
7178 7481 7320
7259 7500 7231
7237 7526 7208
7330 7481 7251
7330 7481 7251
7330 7481 7251
7330 7481 7251
7321 7361 7284
7328 6983 7331
7321 7361 7284
7284 7443 7343
7202 7501 7315
7043 7432 7443
7222 7450 7260
7265 7449 7268
7293 7359 7403
7269 7408 7383
7244 7409 7405
7310 7076 7435
7307 7234 7354
7154 7403 7423
7276 7392 7416
7152 7413 7400
7152 7413 7400
7152 7413 7400
7045 7473 7402
7152 7413 7400
7152 7413 7400
6937 7475 7400
7092 7434 7388
7053 7453 7368
7089 7385 7429
7085 7372 7438
7072 7383 7459
6813 7205 7530
7207 7283 7468
6732 7316 7528
7099 7346 7485
7099 7346 7485
7144 6810 7483
7062 6343 7486
7211 7305 7445
6833 7266 7503
7141 7038 7483
7010 6942 7497
7009 7498 7355
6950 7522 7323
7088 7519 7224
6946 7523 7236
7398 7476 7121
7411 7436 7011
7269 7516 7149
7383 7528 7080
7266 7536 7071
7332 7548 7063
7411 7436 7011
7387 7549 6654
7403 7494 6865
7396 7551 6480
7208 7647 6695
7249 7651 6693
7249 7651 6693
7331 7584 6786
7290 7574 6970
7302 7573 6990
7268 7594 6640
7262 7601 6528
7235 7568 7089
7235 7568 7089
7247 7537 7077
7219 7606 7138
7231 7591 6886
7220 7634 6728
7231 7591 6886
6684 7754 6557
6875 7620 7172
7135 7652 6960
6737 7578 7184
7116 7562 7185
7153 7542 7183
6990 7565 7165
7046 7599 7144
7103 7668 6870
7199 7623 6867
6970 7643 7046
7242 7576 6864
6624 7620 7197
6624 7620 7197
7154 7551 7161
7345 7299 7231
7345 7128 7317
7436 7177 7229
6574 7702 7048
7101 7713 6819
7153 7680 6775
7101 7713 6819
6825 7692 6830
7100 7718 6771
7100 7718 6771
7100 7718 6771
7138 7639 6800
7107 7665 6789
6990 7726 6785
7596 6823 6921
7585 7241 6875
7479 7280 7067
7474 7254 7096
7424 7326 7130
7406 7208 7142
7402 7339 7077
7463 7341 7031
7464 7186 7166
7537 7218 6952
7501 7276 6963
7501 7276 6963
7544 7319 6935
7472 7337 6734
7461 7355 6869
7483 7333 6365
7522 7262 7039
7528 7073 6967
7492 6906 7051
7185 7502 7170
7313 7387 7246
7267 7476 7205
7329 7403 7165
7293 7481 7088
7293 7481 7088
7282 7473 7139
7218 7423 7335
7266 7418 7217
7104 7491 7277
7194 7487 7189
7153 7481 7221
7285 7298 7390
7064 7409 7401
7241 7403 7235
7287 6560 7369
7282 6909 7403
7190 7391 7372
7223 7342 7347
7146 7356 7408
7132 7328 7410
7254 7320 7257
7146 7356 7408
7196 7380 7388
7196 7376 7395
7115 7394 7336
7054 7282 7478
7066 7326 7449
6946 7335 7410
7103 7295 7429
7103 7295 7429
7162 7098 7436
6800 7101 7496
6800 7101 7496
7110 6747 7467
7102 6722 7479
6520 7717 6408
6932 7520 7226
6886 7449 7347
6878 7454 7281
7049 7683 6771
6855 7481 7352
7250 7287 7356
7390 7434 6517
7091 7693 6762
7390 7434 6517
7030 7090 7454
7278 7551 6730
7283 7516 6876
7251 7286 7249
7508 7246 6631
7384 7472 6783
7278 7521 6894
7142 7602 6881
7497 7252 6750
7389 7414 6792
7044 7054 7457
7283 7516 6876
7473 7288 6763
7216 7593 6431
7327 7566 6706
