296 22.8539
7539 8526 9117
7821 8007 9255
8222 9305 8134
8583 7885 8857
9199 8700 7863
9226 8334 7973
7749 8077 9223
9118 8586 7958
8843 8957 8073
9061 8719 8106
7803 8063 9190
8262 9252 8241
9192 8611 7908
8538 8922 8533
8365 7940 8930
7796 8405 9174
8496 8942 8576
8101 8291 9007
8993 8729 8031
7715 8451 9068
8807 8967 8314
7613 8663 9069
8559 8861 8663
8970 8841 7885
8161 8326 8982
8864 8891 8247
7542 8500 9108
9014 8587 8218
8785 8558 8445
8412 9132 8382
8572 9041 8399
8112 8594 8808
8462 9097 8305
8793 8325 8635
8486 9016 8420
9015 8735 7978
8524 9057 8411
8008 8674 8947
8974 8763 8281
8502 9165 8270
8026 8798 8843
7919 8620 9020
8316 9003 8611
8235 7959 9051
8919 8883 7943
8988 8803 7924
8304 9169 8393
8609 8993 8343
7884 8553 9038
8699 8489 8500
9044 8606 8165
8704 8548 8497
8651 8107 8763
8495 8382 8724
7979 8156 9147
8445 7972 8858
8334 8354 8865
8275 8191 8948
8435 9098 8389
8771 8352 8681
8544 8261 8798
8737 8634 8467
8459 8906 8591
8929 8827 8124
7860 8781 8862
8643 9141 8235
8879 8913 8122
7583 8512 9099
8964 8815 8018
8423 9157 8296
8905 8837 8180
8651 8696 8371
8042 8649 8980
8239 9207 8377
8751 8401 8649
8481 7966 8827
8239 9207 8377
7665 8466 9117
8964 8815 8018
7685 8416 9149
7960 8830 8751
8306 8220 8869
9040 8685 8152
8401 9006 8435
8893 8899 7941
8276 8388 8899
8737 8634 8467
8896 8774 8332
8206 8311 8956
8671 8203 8754
8198 8245 9020
8345 8119 8919
7542 8428 9147
7539 8526 9117
8163 8587 8877
8074 8780 8774
7946 8920 8844
8398 8459 8778
7583 8512 9099
7683 8618 9033
8678 8553 8481
8350 8434 8850
7824 8699 8965
7633 8538 9095
8642 8249 8719
8627 8285 8760
8361 8147 8859
7846 8829 8851
8289 8775 8738
8290 8282 8884
8612 8165 8775
8603 8480 8605
8587 8737 8374
8593 8429 8693
8068 8734 8910
8682 9051 8339
8586 8467 8712
8700 8978 8302
8928 8693 8288
8256 8398 8886
8258 8346 8909
7814 8398 9084
8188 8734 8761
8498 8332 8786
8398 8538 8699
8439 8775 8669
8209 8266 8977
8374 8919 8653
8342 8454 8808
8905 8837 8180
7812 8550 9042
8217 8467 8823
8211 8206 8939
9040 8685 8152
8109 8649 8775
8198 8245 9020
8524 9057 8411
8343 8132 8973
8782 8395 8604
7640 8619 9092
8210 8414 8938
8692 9098 8299
8343 8132 8973
8218 8312 8910
8374 8919 8653
8604 8214 8774
8290 8216 8915
7685 8416 9149
7640 8619 9092
8612 8165 8775
8538 9055 8375
7539 8526 9117
8782 8395 8604
8964 8815 8018
7640 8619 9092
7583 8512 9099
8612 8165 8775
7466 8421 9111
8441 9161 8252
8473 7842 8839
9020 8624 7949
7885 8722 8793
8141 8239 8994
7762 8463 8999
8059 8732 8766
8365 7917 8817
9006 8674 7992
8714 8480 8434
7900 8691 8875
8299 8095 8906
8165 8207 8951
8480 8005 8754
8638 8148 8686
8539 7986 8746
8722 8511 8400
8016 8640 8896
8292 8973 8480
7583 8403 9085
8597 8437 8514
8751 8932 8140
8788 8960 8128
8652 8979 8281
8560 8180 8728
7536 8504 9084
8909 8576 8151
8684 9051 8235
7726 8389 9077
8379 8900 8583
7518 8535 9066
8644 9027 8328
8252 8137 8886
7617 8548 9052
8952 8697 8004
7651 8566 9016
8402 9124 8308
7502 8508 9109
8924 8771 8066
8883 8807 8163
8884 8643 8083
8443 7901 8840
8347 9103 8317
8116 8417 8873
8418 9067 8338
7682 8559 9021
8589 9057 8280
8402 8370 8665
8546 8281 8707
8767 8888 8255
8903 8773 8020
8929 8641 8119
8773 8318 8601
8864 8860 7964
8955 8633 8035
8508 8867 8522
8106 8422 8798
8830 8889 8089
8260 8340 8877
8192 8760 8716
7638 8421 9026
8459 8868 8544
8416 8786 8618
8696 8401 8487
8022 8765 8628
8210 8375 8890
8851 8845 8190
8473 9034 8374
8912 8826 7962
8311 8302 8842
8839 8796 8220
8746 8327 8582
8326 8097 8899
8813 8811 8217
8565 8198 8704
8809 8508 8285
8170 8288 8938
8851 8845 8190
8241 8360 8892
8533 8324 8703
8452 7904 8802
8181 8294 8919
8501 8696 8568
8561 8858 8359
7618 8446 9058
8955 8633 8035
8325 9100 8348
8550 8761 8551
7705 8815 8752
8696 8348 8637
7706 8692 8923
8313 9122 8348
8709 8355 8632
8474 8550 8648
8330 8414 8798
7757 8812 8754
8319 8452 8794
8458 9040 8339
8494 8896 8346
8406 8304 8755
8534 8311 8647
8198 8308 8896
8170 8365 8921
8497 8893 8331
8497 8893 8331
7522 8417 9067
8446 7813 8815
8558 9055 8249
9016 8395 7856
8211 8042 8901
7720 8447 8972
8407 7935 8708
8739 8209 8567
8044 8743 8595
8458 8842 8390
8136 8695 8693
8212 8888 8541
8260 8120 8854
8398 7905 8746
8849 8795 8190
8163 8262 8935
8835 8802 8111
8276 8932 8459
7990 8745 8629
7580 8527 9032
8305 7850 8810
7922 8385 8867
7595 8462 8957
8950 8557 7904
8251 8154 8811
8779 8836 8106
7827 8437 8893
8158 8781 8578
8512 8996 8272
8978 8501 7856
8915 8658 7987
8883 8731 8046
8613 8984 8313
8285 8944 8344
8834 8836 8075
8677 9019 8194
7877 8731 8704
8337 9050 8259
8554 8424 8503
7553 8334 9047
8624 9022 8226
8449 8307 8657
7655 8372 9041
7660 8644 8753
8776 8632 8206
8919 8618 8016
8333 7896 8795
8422 8316 8628
8513 8128 8681
8234 9043 8268
8938 8552 7968
8888 8678 7954
8649 8425 8424
8489 8295 8680
8738 8939 8107
7970 8639 8855
8901 8520 8023
8878 8801 8085
8427 7884 8802
8586 8741 8314
8487 8478 8526
8972 8513 7935
8548 8432 8528
8430 7898 8754
8667 8510 8326
7827 8437 8893
8936 8591 7926
8204 8958 8439
8660 8975 8197
8198 8355 8888
7583 8495 8967
8433 8695 8445
8948 8594 7907
8484 8295 8699
8205 8271 8856
8287 7894 8880
7533 8455 9047
8923 8738 7916
8181 8363 8862
8649 8732 8235
7528 8425 9054
8174 8375 8861
8921 8635 7955
8202 8358 8882
8936 8591 7926
7561 8500 9023
7627 8324 9027
8236 9036 8248
8327 7801 8793
8949 8529 7866
8426 7884 8789
8108 8738 8567
8197 8210 8888
8508 8404 8509
8443 8884 8276
7876 8330 8835
8706 8810 8038
8790 8825 7918
7828 8404 8753
8482 8252 8682
8606 8652 8256
7571 8509 9021
8811 8689 8124
8369 8892 8264
7722 8243 8924
7786 8348 8762
8910 8550 7884
8333 8955 8208
7719 8409 8908
8811 8757 8018
8575 8700 8244
8449 8939 8167
8346 9018 8170
8305 9024 8253
7775 8429 8876
8450 8274 8699
8881 8595 7978
8155 8773 8544
7773 8505 8812
8167 8313 8838
8864 8663 8037
8190 8264 8870
8466 8794 8218
8891 8571 7947
8888 8511 7980
8143 8289 8880
8585 8766 8243
8810 8792 8182
7779 8347 8848
8145 8237 8910
7731 8288 8888
8877 8680 7940
8875 8779 7957
8865 8589 8026
8603 8670 8274
8475 8285 8692
8870 8787 7879
7555 8491 8999
7570 8484 9020
8156 9029 8111
8410 7871 8753
8949 8477 7814
8478 8231 8621
8775 8780 8173
8427 7949 8683
8160 8904 8247
8573 8629 8207
8026 8704 8530
7606 8383 8876
8874 8708 7932
8468 8365 8463
8809 8651 8105
7695 8334 8788
7864 8284 8778
8097 8276 8876
8825 8606 7953
7766 8304 8774
8391 8263 8677
8261 9016 8145
8041 8574 8472
8256 7884 8722
8189 8983 8173
8847 8532 7951
8464 7905 8653
8168 8948 8209
8436 8335 8500
8172 8926 8245
8443 8921 8125
8162 9008 8175
8162 9008 8175
7484 8336 8964
8144 8961 8109
8406 7806 8726
8852 8437 7803
7939 8665 8488
8146 8915 8215
8477 8100 8515
7680 8223 8726
8375 7868 8695
7564 8455 8876
8680 8529 8124
8547 8691 8074
8423 7846 8622
8763 8750 8004
7533 8313 8921
8812 8579 7903
8819 8504 7844
8529 8738 8106
8782 8463 8004
8816 8554 7948
8791 8554 7989
8405 7826 8702
8804 8673 7920
7546 8212 8687
8060 8914 8064
8794 8559 7838
8126 8911 8151
8729 8729 7996
8774 8487 7981
8775 8544 7958
8761 8504 7965
8014 8894 8074
8696 8472 7804
8732 8436 7922
7959 8853 8033
7858 8791 8784
8288 8108 9134
8375 7828 9071
8445 9290 8225
9029 8784 7991
9359 8293 8129
8438 7922 8992
7906 8232 9089
8040 8684 8916
9349 8364 8102
8377 7856 9037
8517 9245 8290
9261 8449 8123
8912 8166 8505
8276 8336 9028
7946 8775 8812
8080 8729 8702
9200 8550 8199
9232 8517 8164
8555 9148 8317
8395 8397 8881
8105 8865 8684
8744 9036 8383
8860 8930 8484
9019 8611 8208
8141 8531 8943
8652 9140 8350
8883 8900 8466
8966 8269 8431
8986 8820 8079
9164 8626 8034
8941 8200 8454
9060 8721 8058
8483 8654 8636
8313 8505 8822
8383 8523 8735
9025 8771 8032
8378 8703 8756
8602 8983 8558
8534 8829 8567
8349 8321 8977
8110 8659 8794
9047 8462 8300
8903 8870 8242
8491 9196 8295
8228 8360 8905
8621 8640 8614
8728 9022 8386
9084 8318 8342
8464 8427 8864
8789 8981 8367
8330 8430 8846
8615 9133 8416
8261 8636 8792
8357 8908 8592
8167 8764 8662
8712 8953 8522
8697 8409 8619
8548 9081 8526
9244 8520 8110
9198 8483 8245
8459 9163 8401
8066 8718 8776
9051 8575 8163
8797 9006 8347
8684 9066 8488
8200 8411 8958
8828 8725 8568
9104 8183 8274
9126 8291 8248
9098 8592 8149
8157 8620 8860
8902 8751 8494
9029 8784 7991
8234 8519 8887
8412 8519 8695
9086 8490 8274
7939 8800 8697
8548 9209 8259
8870 8777 8550
8377 8259 8933
8170 8448 8931
9135 8564 8201
8217 8438 8895
8303 8623 8773
8200 8411 8958
8548 9093 8429
9039 8594 8145
8292 8715 8740
8947 8754 8080
9156 8567 8094
8807 8940 8426
8213 8679 8788
8309 8441 8846
8868 8711 8607
8403 8665 8617
8822 8799 8496
8547 9186 8272
8928 8824 8141
8827 8985 8321
8543 9178 8384
8520 8266 8821
8368 8717 8635
8450 8716 8579
8685 9091 8411
8775 8971 8416
8973 8295 8420
9116 8216 8253
8462 8532 8678
8164 8452 8914
8730 8962 8458
9148 8682 8129
8373 8969 8586
9116 8216 8253
8442 8827 8597
8768 8946 8489
8608 9064 8553
8548 9209 8259
8804 8991 8350
9162 8537 8200
9019 8802 8066
8920 8313 8474
8731 8990 8412
8942 8776 8086
8920 8313 8474
9019 8802 8066
8708 9054 8399
7946 8775 8812
8708 9054 8399
8768 8946 8489
8159 8823 8665
9093 8323 8320
8924 8321 8358
9029 8784 7991
8708 9054 8399
8973 8295 8420
8902 8821 8470
8924 8321 8358
8610 9092 8524
9093 8323 8320
8170 8448 8931
8159 8823 8665
9198 8483 8245
8309 8441 8846
8870 8777 8550
9198 8483 8245
8309 8441 8846
8870 8777 8550
9198 8483 8245
7758 8611 8837
8308 8203 8910
8461 9184 8255
8984 8751 7981
9191 8549 8142
7884 8774 8770
8053 8834 8649
7936 8744 8689
8548 9052 8536
8619 8993 8484
8706 8970 8352
8589 9131 8414
8497 9164 8375
8853 8878 8317
8424 8266 8807
8804 8498 8577
8675 9039 8425
8741 8964 8393
8100 8762 8561
8768 8929 8376
8141 8702 8729
8156 8447 8849
8329 8665 8654
9034 8598 8004
8757 8718 8510
8274 8328 8896
8379 8394 8682
8539 9023 8542
8640 8357 8586
8697 9041 8291
8405 8379 8615
8239 8514 8790
9177 8544 8154
8877 8862 8463
8161 8640 8768
8557 8649 8603
8077 8726 8643
9064 8583 8107
8218 8370 8860
9167 8423 8163
9073 8290 8248
8589 9131 8414
8467 8236 8713
9103 8382 8239
8816 8923 8459
9089 8565 8049
8193 8423 8874
8414 8338 8826
8913 8798 8131
8360 8647 8721
9127 8504 8187
8965 8736 8021
8846 8888 8275
8896 8411 8212
8146 8406 8889
8240 8346 8858
8891 8307 8474
8939 8421 8195
9061 8590 8081
8185 8733 8590
8812 8242 8555
9011 8668 8082
8814 8803 8468
8744 8926 8447
8985 8698 8040
8292 8498 8789
8846 8888 8275
8378 8316 8843
8316 8677 8714
8515 9049 8539
8894 8224 8467
8984 8723 8070
8451 8238 8854
9016 8735 8025
9119 8412 8200
9006 8431 8192
9109 8553 8125
9105 8562 8118
8313 8692 8754
8758 8926 8399
8313 8692 8754
8914 8724 8060
8922 8423 8209
8827 8697 8550
9005 8600 8184
8750 8728 8479
9005 8600 8184
8861 8697 8539
8408 8274 8846
8804 8498 8577
8308 8739 8548
8408 8274 8846
7808 8758 8697
8176 8406 8848
8462 9120 8311
8821 8198 8489
8902 8773 7865
9175 8223 8101
7962 8806 8589
7828 8732 8659
8575 9067 8267
8862 8828 7946
8680 8951 8317
8454 9025 8466
8861 8859 8449
8625 8304 8544
8168 8580 8742
8735 8941 8385
8113 8696 8571
8286 8366 8779
8222 8343 8798
8381 9011 8525
8354 8265 8837
8035 8678 8572
8880 8774 7967
9157 8479 8114
8539 8999 8314
9138 8519 8079
9126 8543 8151
9067 8204 8246
8997 8585 8012
9037 8276 8203
8925 8687 7994
8865 8813 8227
8482 8638 8598
8208 8658 8720
8309 8616 8663
9109 8473 8168
8724 8417 8505
8330 8516 8709
8747 8911 8274
8343 8288 8800
8638 8969 8257
9069 8554 8055
8007 8691 8739
8765 8887 8304
8993 8685 7956
8672 8429 8525
9015 8547 8138
8362 8917 8532
9152 8400 8123
8324 8603 8690
8938 8381 8207
8497 8649 8561
9089 8404 8191
8259 8462 8782
8031 8730 8623
8796 8292 8499
8297 8443 8729
9086 8547 8045
8796 8883 8421
8946 8685 8047
8172 8697 8548
8025 8764 8576
8504 8969 8526
8763 8723 8467
8231 8631 8704
8737 8878 8458
8885 8241 8471
8565 8473 8513
8251 8608 8730
8298 8658 8620
8680 8917 8407
8899 8696 8066
8755 8890 8391
8260 8592 8704
8797 8897 8263
8519 8894 8517
8885 8241 8471
8734 8380 8508
8805 8696 8462
8510 8888 8518
8350 8597 8701
8350 8597 8701
7807 8757 8669
8137 8171 8839
8445 9083 8309
8996 8524 7953
9126 8485 8078
8016 8709 8552
8412 8989 8434
7853 8786 8535
8111 8629 8660
8600 8908 8372
8892 8669 7980
8955 8377 8171
7838 8693 8588
8657 8367 8477
9012 8176 8237
8268 8288 8746
8079 8491 8715
8215 8336 8784
9094 8218 8107
8164 8594 8711
8806 8826 8404
8180 8458 8766
9008 8465 8158
8506 8504 8491
8333 8249 8784
8443 8571 8496
8285 8282 8677
9038 8513 8114
8503 8538 8523
8484 8954 8480
8384 8417 8585
8884 8201 8460
8854 8581 7985
8249 8203 8787
8247 8424 8769
8724 8925 8277
8751 8897 8200
8848 8730 8445
8851 8844 8019
7834 8759 8572
8971 8514 8085
8309 8614 8660
9053 8519 8047
8731 8917 8347
8843 8780 8407
8789 8892 8204
9068 8495 8072
8848 8770 8328
8769 8861 8315
8295 8404 8669
8699 8940 8307
8697 8850 8439
9088 8486 8038
8715 8837 8365
8820 8858 8288
9071 8520 7957
8334 8781 8494
8219 8536 8670
8779 8875 8286
8264 8408 8661
8790 8882 8281
8276 8879 8482
8790 8858 8353
8504 8946 8436
8851 8831 8287
7784 8630 8598
8164 8450 8738
8440 9074 8236
8809 8063 8413
9087 8200 7960
9122 8125 7968
9007 8256 8141
8218 8512 8635
9092 8120 8038
8478 8937 8398
8052 8604 8480
8877 8645 7978
8969 8503 8100
7816 8714 8552
7932 8665 8502
8838 8807 8235
8558 8607 8429
8532 8591 8440
8743 8744 8347
8704 8906 8342
8306 8795 8457
7863 8683 8478
8827 8246 8391
8783 8782 8303
8359 8892 8456
7827 8654 8584
8849 8178 8406
8987 8475 8109
8407 8829 8453
7913 8629 8624
8758 8862 8262
8713 8897 8332
9083 8193 8101
8759 8834 8279
8442 8472 8500
8502 8912 8410
8756 8797 8293
8793 8247 8268
7916 8609 8630
7861 8592 8562
8427 9036 8236
8768 8727 8028
8835 8102 8315
9083 8135 8048
8688 8891 8201
8254 8510 8456
8052 8757 8455
8912 8239 8087
8519 8495 8385
8622 8356 8327
7899 8615 8522
8799 8157 8103
9079 8193 8058
8747 8781 8302
8434 8841 8369
8794 8392 8053
8764 8695 8245
7880 8601 8536
8751 8840 8262
8756 8839 8250
7896 8736 8404
8261 8901 8231
8766 8610 7904
9029 8057 8028
9037 8129 7971
8736 8514 8296
8647 8829 8249
8754 8790 8250
8688 8834 8238
8756 8801 8241
8711 8770 8010
8750 8753 8243
8714 8761 8042
8614 8738 7978
8633 8648 7944
8722 8733 7924
8734 8684 7941
8590 8738 7976
8522 8624 7911
8569 8663 7856
8011 9085 8266
8023 9353 7813
8331 8136 8869
8813 7779 8428
8954 8763 7537
9350 8264 7552
8114 9255 8188
9329 8262 7638
9249 8520 7629
8212 9183 8148
8833 7873 8367
8166 8409 8765
8888 8196 8314
8186 8272 8797
8307 8936 8397
9219 8550 7770
8451 8507 8663
8737 8856 7866
8329 9308 8128
9030 8038 8055
9062 8043 8001
8254 8906 8526
8158 8206 8819
8270 8231 8706
8087 8957 8511
8140 9069 8450
8519 8888 8355
8463 8436 8613
8606 8076 8567
9117 8704 7568
9121 8695 7612
8562 8326 8489
8720 8831 8024
8051 8967 8494
9070 8751 7760
8585 8115 8581
8813 7936 8359
9153 8643 7722
8909 8142 8176
9148 8659 7697
9053 8000 8107
8444 8979 7913
8896 8749 7830
8342 9135 8059
8384 9005 8114
8260 9029 8462
8796 8405 8154
8906 8628 7890
9086 7984 8044
8759 8555 8220
8370 8311 8696
8844 8801 7887
9096 8720 7720
8643 8571 8438
8033 9006 8480
8979 8305 8089
8416 9149 7960
8582 8245 8570
8416 8436 8672
8837 8213 8345
8439 8371 8684
8681 8071 8564
8492 8806 8381
8921 8328 8140
8745 8819 7931
8763 7938 8387
8909 8141 8286
8482 8689 8601
8839 8210 8246
8677 8827 8080
8931 8131 8217
8992 8549 7798
9153 8643 7722
8432 8637 8615
8650 8603 8358
8836 8704 7962
8654 8300 8512
8662 8200 8524
8287 8965 8349
8918 8724 7775
8830 8380 8178
8396 8590 8627
9132 7962 8041
8987 8132 8206
8505 8399 8578
8952 8643 7821
8704 8262 8368
8279 9122 8160
8682 8139 8458
8867 8725 7935
8992 7959 8137
8707 8977 8048
9138 8680 7797
9148 8659 7697
8279 9122 8160
8357 8715 8545
8326 8732 8625
8353 8655 8649
8729 8576 8354
8404 8706 8491
8733 8400 8259
8330 8791 8567
8261 9013 8434
8656 8538 8368
8359 8768 8542
8740 8670 8149
8744 8829 7944
9053 8000 8107
8353 8655 8649
8923 8686 7808
8011 9085 8266
8443 9076 8083
8269 9166 8212
8507 8383 8589
8872 8685 7938
8439 8548 8606
8396 8590 8627
8359 8768 8542
8507 8383 8589
8269 9166 8212
8281 9022 8394
8439 8371 8684
8326 8732 8625
9132 7962 8041
8895 8715 7934
8643 8571 8438
9138 8680 7797
8655 8305 8384
8763 7938 8387
8011 9085 8266
8281 9022 8394
8872 8685 7938
8872 8685 7938
7985 8918 8511
8134 9142 8016
8331 8625 8649
8546 7671 8498
9109 8615 7591
8719 7874 8375
8960 7926 8091
8656 8057 8453
8247 9094 8152
8965 8238 8013
8810 8773 7691
8868 8661 7926
8741 8764 7891
8925 8127 8117
9024 8701 7725
9052 8681 7669
8498 8488 8389
8075 9080 8200
8000 8952 8495
8445 8464 8594
8662 8356 8248
8638 8960 7832
8381 8420 8614
8634 8166 8461
9042 8691 7608
8873 8312 8027
8071 8934 8457
8595 8592 8317
8209 9015 8454
8985 8741 7605
9070 8656 7732
8307 8660 8554
8099 9063 8324
8943 8533 7819
8852 8109 8294
8467 8829 8318
8796 8665 7874
8542 8523 8342
8283 8837 8349
8835 8123 8277
8730 8289 8181
8707 8908 8038
8944 8336 7785
8740 8426 8054
8862 8735 7761
8955 8286 8036
8346 8642 8561
8214 9005 8428
8625 8141 8474
8644 8371 8109
8617 8231 8495
8608 8388 8412
8676 8943 8048
8860 8692 7871
8428 8515 8577
8698 8339 8076
8234 8836 8371
8976 8690 7740
8275 8677 8595
8092 9039 8422
8708 8235 8254
8649 8299 8409
8426 8833 8297
8843 8722 7872
8296 8683 8572
8212 9023 8354
8134 8912 8457
8088 9066 8450
8476 8554 8509
8606 8502 8343
8281 8919 8310
8370 8565 8560
8617 8298 8479
8495 8323 8496
8362 8688 8441
8369 8623 8600
8395 9063 8081
8482 8545 8559
8401 8610 8556
8404 8548 8511
8217 8952 8421
8332 8768 8458
8211 8951 8440
8637 8957 7874
8963 8119 8079
8693 8335 8316
8693 8335 8316
8378 8687 8511
8637 8957 7874
7915 9033 8345
8198 9046 8131
8265 8605 8631
8608 7659 8453
9057 8645 7612
9061 8577 7638
8731 8747 7879
8822 7842 8253
8411 8437 8574
8675 8880 7780
8011 9037 8221
8445 8347 8573
8857 8672 7857
8556 8252 8470
7976 9034 8335
8827 8057 8171
8976 8620 7733
8333 8517 8558
8926 8698 7703
8802 8060 8234
8957 7993 8079
8479 8485 8392
8694 7882 8274
8683 8322 8175
8656 7917 8305
8312 8584 8603
8868 7855 8084
8292 8827 8307
8084 9006 8419
8240 9013 8104
8471 8288 8541
8915 8005 7994
8603 8118 8494
8299 8648 8518
8464 8461 8479
8637 8926 7933
8199 8966 8358
8685 8187 8281
8586 8781 8002
8130 9011 8417
8958 8213 7978
8580 8127 8486
9006 8630 7645
8644 8279 8384
9029 8585 7621
8370 9030 8017
8633 8070 8450
8377 8980 8066
8692 8865 7954
8986 8685 7668
8620 8816 7959
8602 8750 8039
8382 8958 7995
8172 8935 8422
8930 8675 7677
8597 8493 8343
8090 8978 8420
8685 7864 8364
8616 8121 8446
8684 8005 8304
8160 9015 8385
8180 8942 8399
8657 8769 8023
8671 8898 7952
8620 8911 7946
9027 8626 7679
8143 8985 8403
8664 8231 8303
9020 8640 7617
8578 8931 7971
8295 8662 8557
8636 8190 8403
8243 8667 8469
8687 8062 8295
8581 8228 8463
8372 8754 8229
8987 8684 7643
8148 8976 8393
8624 8938 7936
8179 8623 8558
8637 8770 7968
8601 8926 7996
8370 9030 8017
7899 9034 8260
8167 8565 8562
8592 7778 8452
9014 8613 7555
8839 7936 8057
8738 8614 7734
8442 8307 8416
8098 9030 8121
8623 8817 7884
8387 8400 8510
7995 9015 8150
8609 8227 8205
8567 8274 8339
8976 8660 7603
8880 7988 8019
7969 8999 8152
8722 8731 7720
8508 8486 8315
8621 7846 8294
8507 8178 8412
8197 8872 8240
8569 8081 8494
8284 8624 8548
8573 8135 8367
8616 8043 8437
8926 8438 7685
8590 8852 7953
8884 7988 7967
8331 8413 8463
8669 8768 7904
8955 7951 8051
8640 8735 7924
8633 7798 8281
8357 8879 8045
8937 8530 7610
8300 8517 8538
8689 8504 7888
8894 8577 7679
8365 8594 8225
8914 8647 7651
8320 8951 7892
8112 8997 8408
8124 8935 8369
8579 8903 7893
8176 8647 8398
8633 8813 7910
8671 8755 7919
8326 8433 8521
8140 8879 8404
8906 8660 7629
8189 8927 8226
8190 8633 8441
8936 8625 7635
8169 8945 8281
8328 8940 7965
7980 8988 8345
7990 8993 8297
8269 8559 8530
8608 7514 8373
8997 8570 7442
8494 8871 7875
8135 8804 8172
8829 8577 7642
8641 8641 7884
8805 7988 7976
8337 8336 8348
8963 8652 7543
8472 8240 8228
8454 8695 7907
8102 8963 8089
8514 7665 8484
8448 7721 8494
8280 8193 8491
8506 8049 8393
8900 8536 7621
8094 8978 8377
8889 8571 7598
8272 8407 8420
8601 7909 8343
8610 7960 8119
8565 7835 8374
8941 7847 7976
8552 7731 8437
8528 7682 8442
8559 8029 8142
8318 8395 8411
8846 7856 8041
8133 8845 8378
8917 7925 7991
8846 7856 8041
8836 8597 7616
8901 7912 7995
8336 8235 8435
8306 8400 8487
8461 7710 8488
7868 8926 8351
7959 8988 8273
8282 8258 8482
8540 7517 8426
8780 8578 7535
8808 7802 7897
8769 7874 7888
8032 8975 8181
8409 8003 8218
7983 8915 8354
8189 8511 8362
8737 7694 7996
8267 8439 8469
8764 7936 7928
8317 8304 8370
8595 7896 8253
8100 8553 8461
8715 7789 7981
8092 8972 8318
8625 7792 7988
8370 7881 8388
8461 7688 8458
8480 7628 8475
8294 8377 8481
8426 7702 8439
8508 7576 8407
8424 7743 8378
8550 7595 8346
8507 7533 8412
8757 7878 7980
8563 7790 8321
8300 8269 8470
7869 8988 8203
8274 8241 8472
8290 7549 8456
8725 7856 7926
7962 8968 8083
8170 8396 8380
7915 8716 8345
8551 7778 8174
8211 8247 8308
8591 7746 8200
8508 7781 8104
7895 8815 8288
8105 8336 8391
8080 8945 8249
8368 7822 8350
8438 7585 8270
8087 8906 8235
8369 7699 8404
8384 7570 8431
8412 7740 8338
8485 7770 8255
7930 8970 8271
7919 8855 8219
7945 8924 8170
8029 8855 8109
8270 8182 8430
8387 7531 8326
8578 7700 8142
8161 8220 8410
8373 7657 8269
8298 7606 8340
8010 8890 8194
7925 8786 8183
7959 8849 8090
8187 7702 8304
8241 7529 8257
7552 8259 9021
7759 8192 9053
8343 9245 8038
8534 7904 8771
9318 8486 7594
9328 8302 7720
7702 8283 8972
8895 8581 8456
8989 8674 8180
9072 8719 8080
8860 8600 8521
8310 8161 8911
8350 8131 8909
8819 9010 8222
7984 8570 8861
8138 8358 8836
8405 8107 8943
7828 8095 9002
8752 8617 8413
8205 8945 8621
8653 7994 8634
7739 8247 8973
7948 8177 8926
8762 9056 7925
8192 8437 8803
9291 8424 7716
9265 8505 7774
8573 8006 8745
7943 8146 8976
8483 8081 8776
7894 8216 8924
8538 9040 8137
7828 8095 9002
8451 9037 8138
8509 9216 7923
8067 8226 8854
8803 8973 8281
9093 8564 8001
8344 8846 8618
8871 8722 8266
8041 9015 8661
8860 8886 7987
8612 7964 8721
8445 9185 8064
8678 8527 8590
8170 8901 8703
9163 8676 7806
8714 9084 7944
9130 8636 7987
9307 8470 7630
8260 8976 8305
8798 8958 8308
8565 8767 8340
8712 9093 7933
8395 8216 8723
8557 8801 8359
9234 8609 7827
9322 8311 7751
9307 8470 7630
8931 8827 8197
9287 8430 7678
9133 8749 7885
9267 8332 7851
8082 9037 8574
8251 8463 8739
8431 8800 8525
9038 8616 8203
8230 8406 8768
8907 8648 8356
9287 8430 7678
8688 8495 8548
9328 8302 7720
7894 8216 8924
8507 8056 8793
9193 8514 7940
9177 8672 7872
8414 8380 8689
8687 9040 7962
8025 8338 8883
8915 8708 8253
8611 8032 8695
9244 8594 7902
8246 8810 8671
8151 8192 8845
8013 8560 8766
9221 8633 7758
8668 9122 8019
8687 9118 7897
8106 8499 8820
8960 8752 8225
8612 7964 8721
8425 8270 8681
9163 8676 7806
8149 8317 8814
8515 8046 8698
9146 8713 7932
8668 8549 8552
8260 8976 8305
8869 8584 8417
8549 8035 8716
8532 9169 8064
8498 8374 8672
9229 8626 7920
9038 8616 8203
8922 8636 8325
8496 8490 8605
8025 8338 8883
8647 9158 7998
8938 8898 7880
8236 8327 8755
9202 8665 7839
8074 8558 8755
8645 8074 8647
9202 8665 7839
8677 9048 8072
8676 9145 8017
8554 9174 7873
8627 8635 8413
8726 8801 8313
8644 8547 8574
8526 8056 8690
8642 9163 8025
8676 9145 8017
8960 8752 8225
8417 8337 8707
8905 8774 8239
8225 8837 8661
9131 8785 7906
8934 8630 8247
8885 8672 8309
8206 8895 8731
8495 8097 8769
8225 8837 8661
8726 8801 8313
8596 8562 8579
8596 8562 8579
8170 8901 8703
7943 8146 8976
8905 8774 8239
8869 8584 8417
8645 8074 8647
9131 8785 7906
8106 8499 8820
8206 8895 8731
8915 8708 8253
8093 9011 8680
8676 9165 7944
8093 9011 8680
8642 9163 8025
8093 9011 8680
8260 8976 8305
8645 8074 8647
9131 8785 7906
9328 8302 7720
7911 8504 8737
8031 8135 8887
8504 9160 7961
8515 7784 8734
9268 8406 7630
8376 8204 8681
8552 7787 8706
8027 8151 8810
8013 8468 8777
8212 8296 8748
8607 7911 8639
8813 8565 8426
9265 8260 7694
8673 9002 8016
8595 8031 8649
8317 8609 8465
8487 9029 8082
9000 8660 8075
9187 8615 7769
8290 8841 8590
8447 8746 8339
9200 8575 7731
8747 8961 7890
9012 8550 8108
8945 8658 8218
9043 8581 7992
8742 8917 8134
8915 8746 8157
8701 8557 8510
8603 8670 8311
8894 8580 8363
9244 8436 7678
9119 8681 7862
8668 9072 7940
8055 8999 8582
8202 8336 8726
8892 8778 8190
8612 9125 7971
9220 8601 7645
8413 8272 8679
8169 8893 8716
8644 8006 8618
9161 8576 7854
8792 8631 8354
8575 7972 8671
9226 8380 7811
8086 8909 8624
9101 8729 7872
8860 8695 8250
8131 8422 8793
8313 8837 8431
8109 8941 8586
9210 8542 7810
8868 8651 8281
9173 8644 7839
8645 8537 8538
8963 8658 8175
8186 8407 8607
8780 8558 8463
8884 8824 7953
8579 9145 7914
8177 8864 8579
8617 7996 8637
8491 9024 8127
9113 8344 7925
8971 8693 7997
9171 8437 7840
8563 8695 8279
8068 8465 8771
8173 8369 8609
8704 8853 8256
9093 8768 7902
8509 7938 8726
8585 8961 8236
9107 8704 7907
8800 8545 8458
8666 9096 8002
8591 8927 8161
8494 7951 8764
8299 8766 8576
8149 8849 8731
8886 8797 7998
8663 9099 7934
8163 8277 8763
8434 7996 8766
8506 8028 8761
8135 8388 8794
9108 8535 7877
8802 8813 8160
8897 8650 8243
8671 9106 7921
8667 8587 8518
9196 8593 7685
9076 8584 7957
8645 8518 8556
8572 8555 8575
8598 8516 8557
8068 8946 8679
9214 8388 7857
8704 8853 8256
9190 8433 7858
8600 7992 8654
9076 8584 7957
8078 8945 8588
8600 7992 8654
8672 9025 7939
8081 8433 8762
8600 7992 8654
7925 8946 8596
8089 8324 8788
8538 9123 7923
8638 7845 8567
9240 8249 7591
9239 8180 7687
8580 7997 8635
9076 8714 7884
8641 9067 7970
8276 8813 8499
8353 8552 8367
9122 8524 7848
8717 8766 8148
8790 8506 8424
9207 8344 7757
8405 8245 8606
8352 8579 8452
8975 8518 8005
8609 7921 8598
8189 8826 8302
8670 8393 8502
9153 8582 7715
8115 8251 8681
9093 8661 7825
8206 8887 8192
8419 8894 8120
8699 8775 8226
8883 8727 8062
9200 8497 7637
8796 8558 8350
8857 8769 8084
8744 8669 8200
8238 8839 8274
8458 8938 8091
7969 8928 8608
9214 8451 7628
8798 8793 7906
8892 8710 8055
8039 8392 8736
9222 8435 7636
8504 7978 8702
8614 8368 8527
8926 8626 8014
7994 8914 8670
8761 8510 8358
8446 8940 8036
8594 9105 7937
8635 9096 7958
8955 8440 8045
8085 8494 8702
8504 8466 8468
8736 8882 8129
8569 8617 8281
8553 8377 8561
9177 8584 7705
8235 8721 8545
9177 8521 7785
8902 8621 8077
8608 8460 8475
8458 8485 8527
8531 7952 8655
8560 8901 8018
8866 8643 8254
8649 9075 7934
9179 8392 7811
9184 8518 7792
8039 8392 8736
8118 8828 8673
8960 8573 7960
8155 8857 8617
8539 8921 8003
8220 8778 8588
8220 8793 8575
8168 8846 8594
8063 8863 8633
8540 7968 8648
8867 8806 7905
7993 8915 8657
8871 8633 8240
8106 8830 8631
8523 8933 8090
8637 9082 7914
8864 8490 8284
8406 8853 8240
8867 8642 8203
8588 7981 8644
8093 8859 8617
8055 8876 8653
8531 7995 8641
8110 8876 8611
8160 8776 8652
8039 8392 8736
7948 8892 8662
8072 8237 8747
8482 9089 7861
8494 7754 8684
9221 8341 7571
9180 8516 7759
8792 8540 8345
9053 8673 7779
8458 8066 8523
8336 8914 8005
8903 8463 7933
8021 8269 8728
8401 7799 8685
9150 8402 7766
8694 8635 8249
8143 8166 8634
8725 8443 8419
8605 9055 7885
8423 7967 8639
8534 9020 7915
8847 8757 7962
8275 8562 8472
8662 8687 8223
8219 8612 8585
8502 8900 8085
8173 8762 8561
8699 8601 8198
8583 8731 8157
8737 8650 8120
7964 8858 8592
9072 8656 7861
8573 7854 8607
8083 8240 8701
8441 7896 8649
8112 8182 8645
8064 8383 8654
8636 9029 7863
8167 8831 8532
8461 8966 7931
8325 8535 8421
8507 7952 8638
8871 8566 8126
8692 8715 8213
8573 8964 7958
8716 8779 8129
8546 8460 8431
8565 8390 8473
8261 8821 8216
8560 8852 8093
8119 8794 8595
8856 8734 7872
8495 7878 8671
8067 8812 8582
8548 7957 8629
7918 8551 8615
8398 7770 8654
8532 8988 7784
9144 8444 7726
8105 8140 8618
9001 8612 7844
8261 8478 8436
9094 8363 7746
8529 7877 8540
8572 8283 8378
8485 7944 8620
8861 8554 8068
8273 8524 8393
8124 8786 8519
8160 8564 8342
8664 8521 8306
8497 8875 7978
8472 8894 8040
8037 8767 8595
8429 8843 8080
8809 8752 7904
8562 8696 8210
8669 8434 8361
8053 8322 8610
8685 8641 8197
9070 8573 7778
8402 8940 7938
8715 8719 8109
8779 8500 8072
8131 8745 8146
8651 8677 8183
8600 8730 8108
8453 7922 8628
8554 8964 7814
8128 8309 8581
8487 8927 7915
8506 7914 8590
8739 8745 7905
8627 8955 7781
8665 8701 8175
8557 8965 7777
8224 8452 8363
8426 7852 8601
8472 8886 7944
9125 8430 7675
8407 7909 8568
8789 8752 7892
8585 8708 8096
9115 8346 7721
9009 8530 7701
9025 8407 7765
8669 8607 8089
8433 8867 7968
8727 8512 8035
8704 8671 8069
9114 8360 7676
8384 8811 7924
8423 8872 7905
8701 8621 7937
9120 8391 7595
7359 7724 9356
7498 7644 9371
7565 7629 9342
8075 9429 7915
9106 8306 7765
9068 8531 7833
8131 9367 7872
8436 9309 8096
8487 9270 8028
8001 8160 9127
8812 9077 7940
7474 7843 9334
8982 8910 8146
7463 7740 9336
8596 8840 8612
7954 8030 9153
8799 9076 8013
8419 8451 8869
7651 7912 9265
8977 8938 8378
8320 8196 8951
7523 7749 9310
8790 8963 8283
7738 8078 9198
8568 9227 8176
8528 8900 8541
7854 7966 9194
7905 7897 9164
7721 8006 9252
8560 9058 8502
8697 8880 8557
8931 8968 8158
8108 8543 9055
8408 8786 8682
8844 8911 8397
8444 8636 8739
8340 8694 8825
8581 8867 8649
8867 8952 8178
8260 8534 8917
8584 9173 8341
7554 8035 9295
8490 8762 8730
7800 8287 9120
8607 9004 8486
8731 9184 8148
8095 8248 9102
8374 8734 8804
8715 9144 8234
8286 8211 9019
8512 8666 8703
8191 8393 9046
8912 8977 8176
8163 8668 9011
7929 8235 9159
7773 8229 9185
7839 7942 9204
8903 9005 8162
8142 8425 9096
8221 8342 9021
8506 8592 8741
8179 8688 8985
8649 9027 8452
7690 7996 9264
7573 7652 9319
7775 8122 9181
7480 7670 9348
8444 8407 8841
8249 8367 8928
7614 8070 9237
8406 8736 8792
8612 8659 8586
8430 8566 8798
8144 8487 9077
7878 8137 9173
8383 8419 8886
8588 8765 8623
8144 8487 9077
8231 8271 9068
8622 9044 8444
8378 8335 8891
7786 8037 9220
8553 9130 8353
7598 7694 9308
8772 9179 8219
7515 8051 9245
7526 7731 9331
8756 9119 8429
8555 9180 8202
8609 8708 8671
8210 8605 8990
7901 7914 9173
7777 7941 9261
8741 8953 8493
8616 9166 8245
7883 8163 9165
8437 8641 8762
8249 8367 8928
8297 8271 8965
8613 8737 8571
8646 8704 8564
8659 8704 8559
7810 8132 9174
8714 9013 8439
8226 8412 8995
8840 8940 8396
7500 7657 9349
8434 8647 8748
8834 9033 7927
8301 8245 8991
8763 8961 8346
8354 8871 8663
8428 8776 8759
7599 7728 9302
8756 9119 8429
8174 8399 9040
8616 9166 8245
8533 8774 8685
8354 8871 8663
7614 8070 9237
7690 7996 9264
8834 9033 7927
8795 8906 8439
7598 7694 9308
8297 8271 8965
8756 9119 8429
8790 8880 8451
8533 8774 8685
7824 8058 9216
8210 8605 8990
7824 8058 9216
8174 8399 9040
8782 8951 8452
8553 9130 8353
8621 8642 8569
7883 8163 9165
8378 8335 8891
7824 8058 9216
7690 7996 9264
8659 8704 8559
8782 8951 8452
8616 9166 8245
8782 8951 8452
7690 7996 9264
8297 8271 8965
8834 9033 7927
7298 7719 9351
7341 7569 9367
8564 9173 8282
8770 8983 7943
8879 8930 8349
7531 7876 9279
8199 8280 8915
8255 8648 8809
8402 8562 8710
8029 8494 8957
8701 9148 8030
7645 7824 9240
7562 7617 9292
8156 8219 9005
8794 8825 8428
7750 7928 9236
8706 9129 8073
8689 8707 8503
8605 9155 8130
7655 8023 9220
7623 8037 9210
7449 7760 9318
8198 8139 8985
8287 8371 8845
7474 7797 9286
7975 8120 9126
7935 7940 9136
8615 9069 8240
8240 8428 8830
8750 8936 8387
8332 8733 8761
8105 8339 9062
8375 8717 8778
8759 9028 8180
7428 7689 9325
8635 8869 8531
8115 8327 9037
8441 8840 8649
8176 8598 8819
8034 8446 9023
7815 8261 9085
8577 9151 8227
8354 8314 8820
8191 8385 9000
8334 8724 8738
8465 8752 8697
7403 7654 9341
8466 8763 8676
8714 8882 8450
7382 7626 9365
8544 8941 8498
7769 7981 9172
7828 7957 9189
7761 8062 9180
7508 7644 9290
7887 8244 9064
8415 8861 8608
8711 8898 8487
8593 8763 8581
8493 9068 8406
8469 8837 8571
8558 8796 8642
7853 8239 9098
8571 8616 8640
8288 8271 8826
8062 8430 8968
7786 8255 9120
8639 9145 8168
7904 8049 9127
7833 8225 9106
8484 9164 8315
7778 8022 9170
8655 8976 8416
8066 8372 9006
7341 7569 9367
7999 8363 9033
7853 8126 9165
7895 8041 9149
8193 8368 8948
8697 9143 8073
8708 9003 8310
8614 9036 8437
7454 7592 9352
8477 8955 8490
8483 9058 8465
7399 7697 9320
8553 8829 8630
8624 8993 8418
8001 8061 9122
8042 8372 9031
8564 9173 8282
8616 9009 8428
8549 8985 8466
8406 8857 8611
8646 8971 8445
7750 7928 9236
7387 7647 9343
7765 8024 9184
7454 7592 9352
8491 9065 8407
8562 8711 8647
8561 8974 8444
8697 9143 8073
8193 8121 9027
8406 8857 8611
7341 7569 9367
8564 9173 8282
8406 8857 8611
8406 8857 8611
7422 7552 9343
8539 9160 8248
8812 8919 7870
8877 8907 8046
8364 8514 8756
7486 7679 9267
7919 8028 9119
8807 8862 8348
8353 8592 8633
8423 8554 8688
7897 8368 9021
7619 8072 9164
7450 7926 9227
8640 9000 7936
8601 9084 8153
7723 7906 9232
8275 8245 8825
8039 8318 9018
8628 9114 8134
7429 7591 9311
7441 7776 9242
8691 8936 8370
8229 8351 8814
7839 8220 9096
8512 9016 8380
8459 8848 8510
7712 8157 9115
7757 8040 9173
8565 8709 8539
8339 8751 8585
7436 7719 9299
8322 8714 8770
8159 8354 8901
8426 8811 8568
7663 8044 9164
7485 7768 9264
8478 9144 8279
8665 8998 8285
8611 8963 8404
7827 8119 9143
8398 8956 8458
8128 8340 8921
7788 8222 9071
7800 8097 9156
8663 8898 8478
8615 8953 8439
7889 8115 9097
8059 8258 9062
8167 8244 8952
8557 8728 8632
8096 8262 8991
8555 8781 8554
8191 8333 8932
8592 9135 8150
8065 8153 9015
8179 8274 8934
8148 8261 8974
8680 8775 8487
7918 8062 9064
8093 8283 8975
8569 9001 8361
8524 9010 8369
8596 8720 8489
8078 8282 8977
8569 8726 8535
8187 8108 8981
8672 8901 8372
8065 8352 8982
7363 7583 9281
7395 7524 9277
8564 9133 8004
8770 8783 7957
8282 8513 8717
8170 8328 8825
8764 8860 8047
8549 9058 8148
8384 8543 8646
8650 8917 8339
8231 8665 8747
8658 8786 8383
8106 8186 8950
8305 8567 8690
8456 9029 8242
8054 8239 9015
8205 8209 8795
7986 8254 8993
7520 7644 9232
8598 8990 8036
8511 9020 8207
7463 7726 9243
7412 7730 9220
7744 7795 9161
8609 8590 8478
7679 7835 9177
8109 8196 8870
8136 8326 8854
7929 8140 9057
7569 7880 9189
8413 8731 8551
7618 7679 9181
8553 8712 8592
8251 8825 8469
7622 7620 9225
7565 7945 9171
7900 8275 8982
7709 8156 9098
8508 9114 8239
7817 7970 9094
7408 7914 9192
7759 8067 9150
8627 8872 8417
8578 8903 8410
7379 7556 9276
8467 8765 8498
7394 7716 9263
7769 8038 9130
7832 8291 8999
8588 8705 8463
8629 8754 8442
7766 8112 9120
8304 8739 8556
7900 8011 9065
7835 8096 9081
7680 8086 9133
8508 8748 8514
8533 8724 8502
7718 8014 9163
7792 8198 9082
7868 8247 9061
7811 8254 9033
7882 8251 9050
8493 8752 8468
7407 7637 9271
8579 8745 8466
7393 7586 9248
8427 9098 8182
8653 8794 7878
8742 8743 7962
8309 8677 8585
7976 8315 8832
7459 7645 9208
8052 8242 8854
8544 8912 7991
8543 8624 8460
7607 7776 9169
8432 9077 8210
7891 8040 8968
7979 8072 8933
7706 7943 9127
8554 8889 8385
7620 7805 9153
8608 8848 8312
7814 8251 9043
7646 8128 9070
8472 8712 8512
8631 8768 7920
7673 7964 9127
7740 8051 9105
7782 8194 9069
8534 8695 8529
8600 8739 8324
7873 8218 9047
8548 8718 8447
7809 8236 9059
8535 8653 8526
7332 7506 9232
8321 8852 8055
8522 8750 8341
8317 8792 8376
7857 8126 8996
7867 8089 9019
7709 8248 9018
7535 7772 9143
7432 7601 9204
7385 7652 9146
7660 7930 9115
7702 7981 9055
7717 7886 9084
7806 8160 9041
7761 8200 9039
7732 8219 9045
7821 8217 9021
7845 8203 9031
7851 8206 9022
7284 7509 9200
8495 8677 8238
7831 8142 8971
7827 8202 9030
7690 7873 9036
7430 7521 9082
7694 7895 9031
7397 7698 9068
7370 7553 9080
7412 7540 9054
7751 8095 9029
7758 7998 9009
7784 8189 8992
7796 8002 8948
7781 8149 9007
7794 8001 8978
7318 7675 9013
7770 8139 8983
7601 7958 9004
7639 7997 8995
7758 7829 8987
7698 7921 9008
7652 7888 8970
7760 8114 8934
7744 7983 8958
7640 7798 8965
7655 7942 8856
7698 7941 8929
7611 7790 8845
