47 2.24759
13379 14866 14602 12844
13197 13311 14204 14122
13375 14590 14339 13526
14012 14913 15062 13480
15243 14419 15175 14036
14823 14793 15409 15771
15742 14052 14527 13947
14998 14736 15490 14844
14648 14663 15028 15097
14816 15037 15019 14380
14893 13774 14387 14782
14566 15058 14442 14479
15074 14781 15296 13701
14775 14236 14576 14760
14314 14223 14836 13391
15058 15023 15664 14772
15130 14311 15207 14374
14001 15430 15196 14447
15454 14682 15525 15249
14592 15050 14205 14997
14693 15596 15691 14835
14911 14542 15045 14622
15169 14594 14991 14309
14710 13782 14664 13668
14572 13997 13641 13516
15589 14958 15645 15123
14960 15469 15684 15230
15053 15035 15755 14686
15131 14803 15620 15194
14163 14748 15281 14738
14864 15243 15584 15008
13964 14268 14271 13995
13527 14263 14083 13745
14677 15329 15117 14554
14671 14062 14013 14538
14872 15378 15483 14531
15347 14057 14894 14133
14924 13796 14693 14695
15102 15113 15606 15091
15340 14279 14812 13908
14890 15155 15465 14497
13835 14359 14447 14380
15091 14571 15067 14900
14231 15437 15491 14231
14979 15185 15449 14853
15125 13747 14872 13805
14000 13164 14092 13810
14710 14647 15071 14623
15204 14627 15522 15459
15183 14548 14970 13817
14489 15175 15174 14973
15056 15079 15308 14870
14457 15049 15087 15424
15152 13802 14566 14343
15133 14423 14918 14416
15343 15171 15425 14952
15191 15277 15670 14713
15140 14564 15294 14790
15089 15083 15541 14859
14824 15750 15441 15093
15315 14977 15393 14954
15351 14327 15206 14410
14412 14418 14963 14204
13675 14804 14434 14011
15083 14953 15320 14685
15109 14835 15362 14918
13605 14034 14264 13999
15117 15236 15428 14939
15667 14706 15698 14993
14807 14112 13945 13746
13851 15018 15097 14695
15005 14495 15228 14618
13984 14142 13992 12794
14766 14229 15307 14514
14991 15096 15414 15296
14501 15144 15302 14479
14964 14794 15578 14929
15260 14280 15145 14669
15100 14763 15398 14997
15027 14609 15625 14711
13567 13429 14074 14218
14665 15430 15620 14778
14896 14192 15161 14385
14919 14760 15392 14414
13962 14785 14559 14248
15013 14202 14637 14731
15238 15281 15468 15636
15547 14824 15373 14488
14748 14224 14871 14388
14837 14541 15549 14245
13705 13473 13251 12778
13633 14837 15006 14400
14867 14251 14001 14560
13253 14514 14561 13834
14402 15077 15503 14455
15314 14915 15474 14522
14266 14837 15165 13548
15009 14156 14658 14793
15052 14939 15778 14317
14978 15332 15620 14662
14907 14697 15429 14728
14987 15143 15542 15206
15022 14860 15280 14421
13376 14322 13951 13520
14945 14732 15297 14970
15397 14895 15600 14979
15085 13785 14924 14329
15344 13999 14876 13729
14478 14677 15388 14338
15535 15196 15520 14941
14368 15366 15243 14639
15383 14538 14863 14223
13898 14378 14880 14740
14732 14016 14358 13681
14954 13942 14632 14323
15240 13786 14035 13720
14821 15304 15816 14898
14432 13599 13689 14449
13928 14504 14774 14307
13805 14639 14764 14589
15346 14655 15442 14635
14966 14351 14988 13978
14823 14604 15456 14987
14047 13558 13460 13663
15361 14719 15471 15541
14386 15458 15239 14670
14742 14411 14661 14465
15209 14764 15173 14377
14989 14034 14676 14173
14365 14174 15012 14229
14836 13650 14542 13947
13983 14655 14570 14620
14352 14888 15000 13605
14619 13998 14730 13820
14921 14875 14925 15408
14513 14624 15267 14919
14563 14099 15366 14042
14990 15155 15520 15024
13885 14563 14089 14198
15279 13821 14153 13971
15110 15146 15770 14508
15004 15141 15029 14654
14976 13513 14594 13758
15403 14428 15089 13996
15019 14877 15515 14869
13876 15614 14926 14910
14348 13707 14197 14452
15114 15441 15762 14710
14386 13495 13840 13381
13170 14481 14221 13671
14860 15178 15452 14926
13525 14976 14717 13204
15010 13988 14686 13556
14836 14438 15111 14076
14433 14974 15372 14887
15171 14661 15058 14458
14712 15229 15681 14626
15195 14546 15404 14913
14994 15103 15537 15097
14533 14929 15778 14861
14901 15081 15594 14697
14911 14977 15685 14922
15153 14417 15202 14435
14944 14040 14898 14260
14698 14333 14433 14756
15039 15478 15729 15231
15230 14229 14725 13990
14668 15500 15562 15089
15457 14297 15228 14502
15483 14467 14935 14571
14793 14714 15228 14367
14731 14029 14162 14177
14753 14201 14836 15063
14614 14495 15063 14516
14028 14068 13999 13600
14769 15202 15419 15293
14842 14562 15367 15233
14770 13851 14633 13982
13683 14943 14886 14362
15090 14092 14520 13707
14850 14194 14676 14246
14782 15019 15470 14500
15070 13946 14618 14531
13967 14781 15222 13361
15009 15082 15219 15294
15429 13837 14757 14060
15132 14822 15348 14422
14925 15156 15186 15329
15595 14723 15355 15077
14156 13550 13856 14619
14657 14238 14636 14767
14486 14134 14549 13787
13175 14366 14201 14001
14582 14217 15043 15241
15154 15145 15143 14424
13727 14733 15108 14319
15237 14404 14762 14028
14693 14146 14878 14432
13710 14388 14805 13826
15151 13659 14588 14007
14540 14973 14759 14560
15188 14988 15613 15206
12632 13392 13783 13752
15158 14948 14948 14849
15075 15402 15674 14742
14388 13806 13912 14282
14668 15130 15172 15247
15441 14017 14910 14490
13995 15006 15021 14872
14679 14047 14412 14840
14668 14661 14778 13834
14308 14740 15590 13782
14307 15366 15630 14243
14975 13836 14644 13961
13601 14617 14438 14021
14714 14966 15004 13725
14412 14448 15593 14468
14100 15112 15626 14100
12876 13606 14451 13662
14469 13772 14775 14734
15134 15218 15671 15380
15303 14263 15210 14720
14510 14856 15411 13842
14235 14751 14536 13543
14728 13847 14168 14181
13801 14027 14036 14731
14070 14770 15357 14736
15361 14676 15424 14553
15078 14479 15163 13456
13014 13976 13182 14152
15328 14904 15379 14801
15270 14937 15452 15025
13752 14282 14102 13846
14575 14867 15200 14796
14703 15297 15372 14723
14743 15240 15182 14239
15142 15043 15685 14764
14023 14182 14353 14025
15088 15223 15567 14798
14626 13581 13881 13610
15277 14628 15012 14610
14999 15366 15513 14613
14915 14834 15422 15165
14763 15273 15584 14734
14995 14724 15169 15149
13789 14253 14698 14379
14730 14325 14910 14221
14775 15345 15473 14923
15363 14948 15493 14733
15088 15324 15669 14858
13540 14378 14536 14219
15399 14880 15621 14855
15159 14230 14725 14216
14934 14770 15390 14684
15251 14828 15581 14796
13995 13866 13739 14146
14886 14961 15659 14567
15001 14973 15704 14641
13075 14443 14610 14041
15287 14841 15436 14426
15342 15037 15472 15337
15482 14795 15276 14927
15507 14674 15364 14960
14554 14210 14888 13511
14327 15518 15277 15154
15613 15034 15608 15086
15230 15061 15652 15127
14822 15404 15559 14572
14895 15301 15413 15110
14986 15585 15849 14654
13122 13903 13492 14256
15107 14365 14894 14563
15234 14525 15172 14558
13779 14748 15229 13580
14842 14651 15373 14713
14348 14687 15030 13874
14826 14099 14432 14941
14521 15082 15271 14568
15051 15116 15439 15177
14775 15460 15249 15425
15393 15235 15618 15205
14907 14282 14680 14437
13555 14589 14766 14346
14463 14384 14923 14040
15077 15371 15737 14620
15254 15057 15639 15438
14870 14742 15427 15260
15061 15177 15573 15210
15337 14482 15508 14747
14347 14489 14993 15006
14668 14301 15415 15092
14967 14161 14660 14154
14444 13906 14234 13950
14999 15269 15614 15379
14886 15406 15487 14549
13853 14633 13928 14400
13381 14275 15065 14266
14649 14648 15428 14486
15769 14716 15502 14937
15280 14766 15585 14853
14529 14791 15158 15211
14546 14470 15472 15240
15117 15344 15522 15239
14957 15273 15671 15132
14518 13871 14197 14037
14209 15397 15492 14488
14187 14499 14852 14776
14359 15159 15121 15086
13646 13811 13462 13589
14670 14987 14885 15065
15016 15007 15322 14751
15054 14934 15236 14744
14970 15226 15567 14486
14226 13434 13545 14035
14943 14280 14547 14486
15561 14091 14979 14368
13736 15046 15255 14765
15547 14411 15162 14745
14247 13761 14643 14012
14918 14449 14967 14264
14903 14457 14926 13870
14796 14693 15100 15001
15127 14980 15411 14710
14525 14828 14875 14958
15227 15259 15452 15345
14020 15109 14926 14227
13681 14552 14636 13132
14885 14948 15359 15237
13740 14356 14953 13852
13364 14164 14348 14028
15207 14632 15488 14802
14877 15368 15429 14551
14898 14484 15224 14330
14988 14443 14082 13598
15067 14737 15159 14782
14985 14529 14856 14381
14912 15453 15521 15054
13840 13793 14103 14703
14749 15380 15774 14155
14868 15156 15659 14947
14204 14445 14668 13652
13127 14267 14562 14514
15226 13810 15099 13957
14934 14984 15322 15242
14104 14284 14486 13325
13945 14710 15014 14412
14787 14727 15197 14482
15404 15109 15610 14835
14348 15131 15115 14289
14645 14448 15375 14451
15026 13693 14416 14178
14209 15104 14930 14173
13465 14938 14729 13740
14150 13966 14722 15314
13968 15195 15560 14169
15430 14748 15280 14559
14318 14736 14365 14599
14714 15297 15213 15311
14778 15041 15226 14910
14373 13988 14355 15120
14907 14192 14834 13685
14077 14906 15317 13764
14902 15529 15703 14527
14710 14705 15575 15364
14267 15013 15002 14630
13390 14553 15759 14213
14631 15310 15872 14415
13035 14690 14509 14210
13865 15114 15015 14133
13335 14629 14686 13106
14876 15191 15237 14598
14183 15086 14835 14636
15273 14173 15226 14569
15372 14676 15382 14425
14789 14757 15098 14813
14834 13937 14465 13751
15144 14145 14988 14032
14650 14695 15212 14650
14921 14639 15096 14319
15060 15028 15580 14455
12602 14036 14240 13232
15445 14433 14835 14804
14776 14394 14635 15411
15098 14978 15410 14926
15019 15002 15560 14427
15024 14779 15407 14948
15027 14882 15495 15329
15108 15193 15534 14854
14515 14206 13778 13756
14752 14939 15293 14061
14617 13911 14820 14851
14497 15199 15376 14145
14813 14597 13959 14054
15099 13894 14327 13958
15448 14731 15671 15006
14541 13613 13712 13889
14761 14828 15192 15058
14492 15424 15557 14318
14460 14251 14681 14713
14895 14098 15030 14074
14811 14300 15288 14684
14789 14732 15144 15363
15711 14644 15562 14608
14406 15051 15874 14454
14670 14821 15284 15104
15077 15144 15579 14936
15085 14838 15235 14949
14659 14486 14796 14225
14158 14493 14866 14284
14815 14891 15268 15218
14909 14272 15384 14064
15056 14003 15017 14983
15046 13588 14565 14383
14127 14074 14547 14821
14292 15364 15813 14404
13993 14004 14483 13305
15020 14088 15137 14445
14767 13727 13995 14736
14811 14968 15232 14724
15358 13678 14831 14406
13550 14262 15070 14321
14480 14694 14981 14840
14756 14454 15183 14589
14877 14144 14554 14302
14329 14734 14571 13407
13597 14102 14422 14362
14717 15485 15628 14885
14665 13779 13817 13844
15228 14710 15488 15027
15073 13978 14533 13945
13316 13766 13714 15027
15293 13903 14393 13968
15340 15051 15422 14708
15344 14124 14999 14430
13901 15035 15070 14627
15336 14154 14554 13888
15517 14727 15137 14611
15362 14474 15614 14801
14775 15324 15725 14831
14248 13994 14507 14041
14845 15461 15415 14488
14735 15158 15525 15298
14644 15202 15455 14434
13952 15050 15459 14013
14533 13897 14258 15279
15332 14844 15292 14458
15156 14361 14900 14220
14214 14118 14419 14327
15064 15002 15356 14710
14866 15495 15801 14449
14480 14952 15584 14664
15213 14728 15277 14913
