1253 179.018
25715 29107
25715 29107
28401 26648
28232 27132
28377 26820
28401 26648
25864 29099
28271 27055
26112 29004
26621 28824
26688 28755
28216 27245
27635 28081
27701 28015
26014 29039
26494 28832
26621 28824
26806 28632
26899 28607
28084 27437
27566 28119
27635 28081
27199 28390
28055 27469
27859 27837
26729 28719
26773 28673
26380 28894
26445 28872
27196 28430
28135 27380
27010 28493
26688 28755
26729 28719
27802 27882
27841 27845
26209 28963
28004 27575
28014 27512
28316 26984
26773 28673
26806 28632
28304 27043
28330 26927
28181 27281
28216 27245
27111 28443
28316 26984
27080 28459
27326 28325
26938 28546
26990 28529
26152 28984
27861 27776
27480 28188
27496 28140
27076 28491
28330 26927
28350 26883
25893 29092
27430 28203
27480 28188
27524 28133
27915 27643
28094 27396
28177 27320
28161 27346
25951 29066
26899 28607
26900 28552
27158 28431
27720 27945
25977 29059
26014 29039
27566 28119
28359 26847
28029 27475
28023 27491
25900 29070
26266 28936
26296 28913
27874 27709
26191 28970
26247 28949
27282 28333
27865 27743
27241 28381
27968 27589
28004 27575
26340 28900
26445 28872
26480 28858
27714 27985
27740 27911
27770 27893
26137 28985
27099 28445
28350 26883
27255 28346
28366 26846
27959 27640
28181 27281
26380 28894
27005 28507
28304 27043
27701 28015
27714 27985
26123 29002
26900 28552
26938 28546
27342 28299
28167 27328
27770 27893
27802 27882
27399 28281
27401 28244
26480 28858
26494 28832
27342 28299
27375 28291
27863 27747
27905 27666
27158 28431
26990 28529
27076 28491
27722 27938
27518 28135
27911 27656
27375 28291
27399 28281
27959 27640
27965 27614
27430 28203
28119 27383
27861 27776
25952 29060
26247 28949
26266 28936
27737 27927
27876 27703
28014 27512
26339 28903
25900 29070
27965 27614
27968 27589
27419 28224
28110 27388
26319 28910
27496 28140
27252 28368
27841 27845
26296 28913
26319 28910
25977 29059
28161 27346
26191 28970
27241 28381
27252 28368
27326 28325
28098 27390
27890 27694
27401 28244
27412 28233
27893 27676
27890 27694
27893 27676
27274 28344
27419 28224
27740 27911
27008 28503
27274 28344
27282 28333
27412 28233
27737 27927
27419 28224
26212 28657
27884 27134
27369 27948
27794 27625
27858 27196
27083 28095
26387 28580
26966 28244
26501 28384
26608 28253
27504 27868
27599 27747
27787 27735
27042 28188
26570 28305
26100 28573
27815 27083
27748 27674
26350 28486
26860 28213
26442 28268
27409 27865
26616 28239
27443 27740
27058 27866
27017 28064
27693 27704
27049 27922
27040 28036
26241 28334
27745 27019
27614 27696
27692 27130
27393 27783
26740 28194
27137 27830
26904 28043
26525 28222
27042 27911
26958 27963
26526 28203
26229 28185
27678 26765
27574 27515
26802 28014
26518 28123
27132 27815
27535 27632
26914 27921
26354 28124
27373 27746
27388 27741
26971 27820
27007 27817
26484 28077
27550 27450
27096 27801
26805 27901
27475 27576
26746 27995
26486 28004
27256 27745
27385 27729
27381 27735
26331 28044
27533 27348
26783 27864
27087 27789
27432 27398
26447 28023
27381 27520
27168 27740
26652 27974
26697 27952
27325 27702
27368 27611
27328 27662
27366 27636
26375 28011
27461 27267
27340 27382
27065 27730
26761 27863
27325 27598
26484 27971
27215 27678
27354 27309
26881 27788
26891 27756
26625 27896
26591 27923
27271 27636
27299 27609
26326 28011
27314 27195
27299 27509
26754 27806
26520 27885
27011 27665
26854 27785
27250 27568
26420 27933
26360 27989
27186 27605
27118 27646
26905 27716
26924 27702
26480 27932
27135 27621
26311 28003
27273 27486
26500 27834
27116 27625
26782 27781
26917 27696
27159 27521
26407 27929
26815 27702
26470 27924
27221 27496
26162 27987
27273 27442
26582 27762
26488 27829
26680 27677
26853 27675
26446 27918
26985 27610
26303 27941
27125 27506
27163 27470
27109 27590
26214 27973
27056 27602
26247 27940
27269 27135
27257 27430
26669 27669
27109 27548
26400 27744
26863 27606
27019 27590
26385 27892
26399 27789
26306 27904
26921 27592
26277 27902
27221 27410
26657 27667
26873 27558
26393 27757
27156 27423
27047 27546
26389 27776
26383 27875
26366 27885
26965 27556
26968 27549
26096 27885
27175 27382
26415 27591
26372 27868
27045 27505
27130 27421
26452 27562
26679 27546
26290 27874
26833 27511
26741 27538
26824 27527
26176 27873
27136 27291
26632 27525
26348 27694
26866 27496
27124 27402
26992 27483
26345 27727
27046 27409
27045 27466
26292 27793
26256 27839
26226 27843
26282 27794
26238 27798
27114 27168
26332 27511
26485 27498
26848 27496
27081 27294
26973 27404
26947 27476
26960 27447
26206 27764
27019 27242
26549 27479
26926 27475
26995 27287
26962 27362
26933 27391
26960 27387
26194 27759
27010 26971
26400 27470
26920 27461
26938 27374
26956 27140
26998 27130
26138 27662
26951 26587
26169 27628
26897 27461
26924 27064
26923 27365
26919 27417
26901 27459
26738 27445
26914 27401
26769 27422
26686 27408
26883 27400
26723 27407
26601 27400
26882 27257
26751 27386
26797 27332
26716 27394
26842 27275
26833 27296
26827 27325
26657 27369
26860 27208
26769 27324
26735 27330
26230 27321
26648 27084
26591 27206
26423 27283
26335 27261
26552 27001
26418 26979
25715 29107
28401 26648
28377 26820
26152 28984
25864 29099
26266 28936
26368 28891
28401 26648
26112 29004
26532 28874
28232 27132
25715 29107
25951 29066
27932 27628
28324 26913
28131 27359
28216 27245
26014 29039
28084 27437
26861 28616
26973 28602
26539 28837
26646 28822
25900 29070
28177 27320
28216 27245
28055 27469
27905 27666
26713 28701
28014 27512
27729 27809
26772 28680
26842 28645
28304 27043
28366 26846
27328 28317
27376 28275
28271 27055
26014 29039
28177 27320
27588 28037
27602 27969
27013 28544
27076 28521
28023 27491
28316 26984
28098 27390
27861 27740
27890 27694
28004 27575
27968 27589
27225 28383
27292 28373
27662 27878
27076 28521
27085 28459
27776 27782
28316 26984
26646 28822
26659 28765
26659 28765
26676 28712
27602 27969
27628 27926
26973 28602
27010 28572
27516 28133
27543 28094
27776 27782
27806 27747
27641 27918
26769 28694
27673 27877
27696 27840
27806 27747
27861 27740
27586 28092
27588 28037
27126 28438
27164 28417
27400 28254
27405 28203
28350 26883
26842 28645
28350 26883
28110 27388
27968 27589
28004 27575
26861 28616
27292 28373
27323 28355
26339 28903
26676 28712
26532 28874
26539 28837
26292 28906
27376 28275
27400 28254
28246 27075
27323 28355
27328 28317
27890 27694
27543 28094
27586 28092
26339 28903
27424 28181
27468 28141
27502 28136
28240 27104
28240 27104
28246 27075
27451 28172
27453 28160
27468 28141
27709 27822
27010 28572
27013 28544
27193 28412
27211 28398
26292 28906
27696 27840
27709 27822
27107 28450
27126 28438
27211 28398
27225 28383
26292 28906
28304 27043
27090 28456
27107 28450
27174 28414
27415 28193
27193 28412
27405 28203
27415 28193
27424 28181
26769 28694
26772 28680
27502 28136
27516 28133
27451 28172
27453 28160
28110 27388
27164 28417
27628 27926
27636 27922
27174 28414
27673 27877
27636 27922
27641 27918
27085 28459
27090 28456
26292 28906
26292 28906
26292 28906
26292 28906
26292 28906
26292 28906
26292 28906
26292 28906
26292 28906
26292 28906
26292 28906
26292 28906
26292 28906
26292 28906
26292 28906
26292 28906
26292 28906
26292 28906
26292 28906
26292 28906
26292 28906
26292 28906
26292 28906
26147 28787
28144 26499
27943 27057
27765 27465
26627 28701
27220 28182
27662 27677
26803 28504
26923 28426
27279 27954
26639 28626
26985 28257
27528 27875
27688 27532
26971 28265
27475 27915
27372 27945
27376 27917
27522 27883
26107 28690
27777 26804
26368 28677
27669 27319
26639 28609
27522 27874
27602 27627
27654 27615
27753 27051
27737 27138
26942 28231
26679 28503
27449 27876
27032 28171
27243 27888
27207 27996
26840 28297
26753 28402
27176 28169
27187 28135
26799 28325
27209 27894
26762 28375
27180 28140
26201 28648
27681 26429
27643 27360
26458 28524
26663 28426
27425 27868
27189 27922
26825 28205
27017 28171
27629 27484
26739 28268
27578 27595
27150 28113
27474 27788
27161 27953
27522 27646
26778 28266
27081 28117
27043 28126
27485 27699
27487 27663
26339 28432
27624 27405
26661 28377
27150 27915
27058 28096
27482 27683
27514 27533
27249 27855
26920 28146
26740 28218
27380 27693
26753 28205
27364 27812
27357 27823
27566 27446
27527 27459
26988 28140
27003 28102
26636 28249
27620 27100
27302 27823
27056 28031
26865 28123
27614 27374
27505 27510
27592 27393
26747 28167
27028 28094
27462 27547
27454 27663
27335 27776
26668 28218
26726 28210
27401 27683
27369 27690
27052 28074
27347 27728
27352 27727
27032 28075
26696 28193
27608 27223
27107 27808
26823 28098
27013 28057
27332 27774
27189 27779
27369 27686
26976 28063
27484 27445
27446 27579
26697 28185
27396 27582
27594 27338
27559 27391
27500 27402
27599 27264
26656 28191
27564 27237
27043 27802
26996 28014
27415 27512
27313 27650
27185 27756
26692 28116
27354 27623
26807 28089
27465 27409
27164 27765
26871 28021
27558 27276
26832 28025
27552 27362
27504 27389
27531 27386
27534 27366
26601 28180
27543 27324
26981 27872
26791 28035
27046 27739
27328 27558
26899 28001
27392 27434
26965 27966
27491 27380
27208 27579
27384 27508
27180 27696
26631 28055
26659 28046
27107 27730
26607 28176
27186 27622
27518 27345
26419 28162
27521 27260
26969 27868
26614 28050
27389 27375
26818 27994
26532 28086
27026 27687
27302 27533
27162 27599
27043 27657
26931 27964
27407 27312
27499 27282
27190 27566
27274 27546
26874 27974
26222 28134
27515 27160
26595 28023
26965 27828
27099 27546
27349 27368
26780 27988
27386 27254
26899 27908
27479 27210
26860 27944
27177 27542
27299 27490
27277 27513
27294 27491
26580 28022
27472 27029
26845 27898
27059 27470
27464 27174
27322 27336
27143 27443
26760 27937
27270 27359
26641 27988
26607 27941
27445 27156
27065 27429
26757 27878
27304 27271
27367 27157
27186 27338
27091 27386
26738 27906
27281 27336
26434 27930
27331 27062
26810 27410
26747 27820
27038 27368
27273 27279
26691 27891
27327 27075
27170 27335
27212 27331
26716 27845
26187 27904
27319 26899
26979 27328
26692 27592
27256 27250
26353 27903
26453 27801
27150 27266
26670 27725
26599 27786
26613 27679
27247 27063
27179 27220
26670 27554
26100 27663
27080 27079
26626 27525
26441 27644
25950 27629
27061 26952
25715 29107
28401 26648
26266 28936
26152 28984
25864 29099
28377 26820
28401 26648
26112 29004
26713 28701
25715 29107
27059 28405
25951 29066
26014 29039
27191 28384
28177 27320
26771 28641
25900 29070
28216 27245
26466 28841
27201 28350
27262 28296
28216 27245
28225 27147
26928 28477
26339 28903
27374 28230
27457 28209
26368 28891
28324 26913
26998 28463
26401 28864
26014 29039
26908 28561
26527 28771
28084 27437
28316 26984
26928 28477
26614 28723
26611 28728
28098 27390
27861 27740
27890 27694
27709 27868
28004 27575
27819 27773
27861 27740
28014 27512
26491 28809
28304 27043
28316 26984
26771 28641
26785 28584
26676 28712
26583 28769
27023 28421
27737 27863
28271 27055
28110 27388
27785 27844
27619 28020
27653 27991
27510 28119
27905 27666
27816 27827
27819 27773
26407 28842
28269 27073
26491 28809
28331 26903
27462 28195
26538 28770
27011 28424
27465 28146
28350 26883
28366 26846
28023 27491
28055 27469
26860 28568
27001 28453
27302 28292
27333 28270
27059 28405
28131 27359
27785 27844
27968 27589
28004 27575
27684 27982
27697 27948
27816 27827
26676 28712
26908 28561
28168 27340
27335 28243
27465 28146
27492 28128
28304 27043
26583 28769
27706 27907
27890 27694
27905 27666
27584 28067
27262 28296
27302 28292
27592 28057
28071 27461
27935 27636
27948 27610
27968 27589
26339 28903
27940 27624
28350 26883
28232 27132
28242 27104
28366 26846
28377 26820
28072 27445
28258 27098
27617 28045
27935 27636
27699 27935
27706 27907
27340 28233
27374 28230
27514 28089
27514 28089
27536 28076
26785 28584
26818 28582
26818 28582
26838 28569
27737 27863
28014 27512
28023 27491
27561 28075
27333 28270
27191 28384
28170 27323
28131 27359
28157 27355
26407 28842
27617 28045
27619 28020
27492 28128
26908 28561
28157 27355
27536 28076
27561 28075
27199 28368
28055 27469
28225 27147
28232 27132
27948 27610
26838 28569
26860 28568
28242 27104
28258 27098
27653 27991
27672 27988
27199 28368
27201 28350
27457 28209
27591 28061
27672 27988
27684 27982
27462 28195
27191 28384
27697 27948
27699 27935
27340 28233
26771 28641
26838 28569
26838 28569
26838 28569
26838 28569
26908 28561
27191 28384
27191 28384
26623 28580
28245 27076
27920 27329
27078 28302
27847 27630
27664 27638
26820 28403
27262 28183
27570 27828
27481 28102
26688 28567
27490 27977
26782 28440
27534 27869
27318 28113
27307 28155
26783 28422
26666 28545
28122 26900
27050 28286
27835 27256
27302 28147
27824 27514
27527 27724
27480 27884
27380 28093
27460 27999
27727 27569
27695 27603
27576 27629
27582 27612
26031 28439
27832 26809
27712 27286
26413 28348
26847 28268
26982 28167
27673 27451
27204 28078
27422 27816
26169 28367
27465 27681
27594 27529
27412 27959
27340 28000
26139 28407
27563 27611
27518 27623
27280 28070
27266 28075
26301 28252
27734 26759
26797 28250
27614 27075
27262 27993
26821 28093
27590 27271
27406 27892
27039 28044
27450 27663
27059 28003
27417 27805
27582 27413
27556 27553
27559 27443
27535 27606
27540 27603
26243 28226
27586 27155
26643 28090
26945 27947
27550 27416
26706 28035
27392 27698
27254 27874
27236 27935
27526 27599
27567 27162
27409 27618
26332 28053
27578 27126
27520 27544
27123 27889
26740 27931
26422 28004
27250 27733
26895 27930
27343 27689
27455 27599
27498 27594
27507 27560
27512 27550
27511 27552
26213 27976
27504 27518
26480 27896
27083 27872
26665 27885
27312 27655
27465 27580
27084 27783
27205 27703
27477 27552
27115 27738
27162 27709
27123 27727
26294 27861
27495 27479
27047 27849
27238 27642
27369 27579
27465 27496
27454 27565
27446 27566
27475 27495
25924 27858
27486 26888
27479 27428
26917 27779
26237 27838
26943 27604
26670 27815
26437 27827
27367 27559
27159 27567
27118 27587
26550 27818
27410 27518
27474 27480
27452 27496
26250 27824
27478 27400
27376 27517
26904 27649
27069 27566
26499 27809
26650 27737
27037 27575
26624 27807
27451 27492
26724 27653
26704 27691
27420 27496
26261 27802
27459 27121
27053 27555
26695 27666
27437 27412
26503 27790
27372 27504
26818 27591
26377 27800
26776 27600
27411 27436
27378 27458
27374 27466
26100 27799
27436 26924
27402 27426
26453 27786
26694 27647
27000 27504
27328 27496
26157 27793
26834 27554
26702 27569
26937 27524
27351 27466
25703 27755
27392 26947
27336 27434
27274 27485
26736 27537
26441 27740
26561 27612
26141 27747
26690 27569
26154 27742
26109 27707
27331 26965
27324 27340
26931 27485
26570 27490
26398 27689
26556 27601
27167 27481
26171 27699
27261 27378
27236 27472
27244 27407
27242 27440
26156 27682
27248 27217
27169 27461
26730 27463
26535 27560
26587 27472
26378 27584
27218 27402
27247 27311
26307 27663
27230 27344
26351 27643
26333 27646
25837 27667
27224 27287
26531 27532
27046 27457
27188 27387
27220 27293
26152 27481
27207 27207
26742 27455
27161 27385
27031 27431
27134 27386
26631 27418
27144 27325
27128 27358
27136 27349
26843 27352
27110 27267
27065 27337
27101 27302
27107 27298
26910 27337
27089 27000
27080 27297
26429 27331
27052 27033
27046 27272
27000 27233
27026 27094
26972 27230
26996 26926
26819 27226
26879 27049
26703 27191
26523 27069
25715 29107
28401 26648
28232 27132
28377 26820
25864 29099
28401 26648
28271 27055
25715 29107
25951 29066
28131 27359
28216 27245
26014 29039
26119 29012
25900 29070
26954 28575
27004 28513
27490 28049
27588 28037
28014 27512
28004 27575
27233 28266
27588 28037
27624 27977
28324 26913
27315 28204
27348 28145
27932 27628
28366 26846
28084 27437
26014 29039
27819 27786
27861 27740
26954 28575
28055 27469
28316 26984
28177 27320
27700 27857
27774 27844
28023 27491
26152 28984
26644 28781
27078 28485
27125 28452
26885 28596
28098 27390
27861 27740
27890 27694
27968 27589
26652 28754
28184 27286
28216 27245
28304 27043
27219 28294
27348 28145
27398 28123
26713 28701
26555 28853
26563 28794
28316 26984
27398 28123
27467 28120
26213 28982
26262 28961
27905 27666
26701 28736
26588 28792
27200 28304
27788 27819
27819 27786
27160 28390
26353 28928
26397 28908
27673 27892
27700 27857
26279 28957
26324 28939
27078 28485
27480 28098
27490 28049
26213 28982
27625 27961
27641 27918
27125 28452
27134 28403
27177 28345
26776 28687
26818 28670
27641 27918
27673 27892
27039 28508
26513 28870
27272 28249
26466 28879
28350 26883
26415 28883
26466 28879
26818 28670
26837 28637
28110 27388
27968 27589
27928 27641
26701 28736
27177 28345
26737 28696
26776 28687
28304 27043
28337 26912
28350 26883
27039 28508
28177 27320
28184 27286
27774 27844
27788 27819
26324 28939
26353 28928
27004 28513
27134 28403
27160 28390
26837 28637
26868 28629
26119 29012
26141 28996
27272 28249
27277 28218
27467 28120
27480 28098
28064 27445
27301 28213
26885 28596
26530 28860
26555 28853
26868 28629
26875 28608
27200 28304
27277 28218
28064 27445
26530 28860
26652 28754
26563 28794
26588 28792
26513 28870
28004 27575
27890 27694
27892 27673
26141 28996
27315 28204
26732 28697
26875 28608
27177 28345
26262 28961
26279 28957
27892 27673
26644 28781
26405 28905
26414 28895
27301 28213
27624 27977
27625 27961
27928 27641
28110 27388
26414 28895
26415 28883
28337 26912
26397 28908
26405 28905
26732 28697
26737 28696
26119 29012
26119 29012
26737 28696
26954 28575
26954 28575
26954 28575
26954 28575
26954 28575
26329 28774
27810 27427
27370 27571
27334 28056
26827 28555
26855 28285
27162 28179
26504 28725
26384 28740
26152 28727
27597 27397
26808 28469
26452 28723
26826 28118
27223 27629
26595 28532
27370 27483
26942 28045
27004 27818
26512 28545
27322 27491
27196 27746
27128 27785
26896 28065
27036 27808
26161 28691
27496 27283
26361 28664
27273 27424
26993 27783
27260 27473
26932 27972
27136 27697
26546 28286
26425 28480
26453 28428
27088 27702
26856 28054
26614 28248
26822 28078
26778 28162
26658 28199
26707 28193
26768 28177
26205 28543
27480 26351
27277 27106
26357 28324
26891 27952
27006 27693
27128 27623
27236 27409
26502 28275
26759 28016
26755 28165
27172 27443
26613 28211
26587 28222
26015 28313
27229 27374
26425 28203
26214 28255
26753 28026
26734 28132
27095 27495
26825 27792
26958 27669
26883 27760
27007 27579
27057 27565
26749 28108
26832 27766
25937 28221
27178 27315
26613 28098
26752 28010
26246 28158
26793 27765
26882 27531
26869 27725
26173 28193
27089 27464
26996 27518
27099 27353
25802 28162
27170 27303
26121 28119
26742 27962
26754 27738
26612 28029
26319 28093
26446 28050
26857 27522
27081 27394
26957 27510
27061 27456
26840 27660
26833 27693
26103 28069
27145 27247
26286 28050
26585 28013
26772 27593
26936 27495
26664 27927
26836 27528
26736 27762
26955 27344
26706 27880
27029 27295
26735 27781
27014 27342
25619 28029
27077 27157
26091 28013
26581 27990
26688 27771
26595 27868
26932 27311
26982 27195
26695 27620
26912 27401
26798 27524
26585 27982
26696 27563
26892 27482
26729 27531
26884 27488
26456 27990
26927 27241
26859 27416
26581 27723
26563 27967
26771 27504
26672 27669
26745 27508
26690 27582
26688 27623
26439 27955
26910 27186
26701 27425
26648 27575
26573 27692
26824 27384
26833 27268
26541 27952
26563 27827
26545 27843
26363 27946
26901 27072
26813 27267
26624 27429
26729 27309
26521 27917
26573 27545
26546 27741
26421 27940
26559 27667
26305 27935
26805 27196
26686 27261
26544 27610
26504 27917
26320 27931
26512 27884
26521 27725
26540 27716
26298 27926
26804 27140
26544 27582
26769 27190
26498 27693
26421 27912
26461 27824
26449 27857
26459 27833
26201 27921
26719 27080
26523 27522
26498 27661
26417 27811
26391 27902
26260 27907
26216 27915
26163 27904
26693 26927
26491 27216
26355 27894
26489 27567
26413 27662
26407 27772
26470 27585
26368 27806
26487 27573
26254 27878
26435 27436
26430 27572
26326 27860
26360 27794
26405 27711
26390 27733
26159 27866
26400 27645
26318 27852
26321 27752
26342 27711
26393 27695
26132 27865
26400 27525
26316 27852
26318 27810
26337 27659
26383 27583
26343 27650
26388 27560
26194 27819
26390 27374
26333 27574
26269 27779
26313 27637
26288 27742
26047 27795
26314 27440
26227 27720
26312 27553
26298 27631
26281 27713
25975 27791
26268 27176
26253 27628
26008 27727
26169 27705
26118 27707
26005 27671
26240 27607
25905 27607
26195 27507
26149 27572
26118 27560
26119 27181
26078 27447
25715 29107
28401 26648
28232 27132
28377 26820
25864 29099
28401 26648
26112 29004
28271 27055
25715 29107
27239 28416
27300 28329
25951 29066
27932 27628
28324 26913
27729 27809
28131 27359
28216 27245
26014 29039
26212 28939
28055 27469
28084 27437
26704 28736
25900 29070
28177 27320
28216 27245
27104 28484
27905 27666
27181 28450
26468 28833
26152 28984
27061 28533
27104 28484
28366 26846
27602 27969
27641 27918
26959 28586
27036 28571
26621 28773
26014 29039
26906 28617
26302 28938
26368 28891
28177 27320
27588 28037
27602 27969
26959 28586
28316 26984
26553 28811
26466 28841
28098 27390
27861 27740
27890 27694
27968 27589
27662 27878
27776 27782
28304 27043
28316 26984
27364 28267
27696 27840
26779 28679
26416 28861
28004 27575
28014 27521
27327 28296
27364 28267
27776 27782
27806 27747
28043 27519
26188 28978
27641 27918
27673 27877
27181 28450
27300 28329
27327 28296
27806 27747
27861 27740
27515 28055
27207 28418
28350 26883
26868 28666
26302 28938
26335 28916
27696 27840
27386 28218
28350 26883
27550 28053
27588 28037
26553 28811
26741 28711
28110 27388
27968 27589
28004 27575
26895 28653
27491 28100
27513 28075
26399 28875
26584 28782
28304 27043
27890 27694
26779 28679
26819 28674
27407 28180
27436 28165
26906 28617
26188 28978
26339 28903
26895 28653
26621 28773
26819 28674
26857 28672
27479 28125
27491 28100
26717 28725
27550 28053
26621 28773
27438 28154
27469 28149
27469 28149
27479 28125
27049 28555
27061 28533
26741 28711
27207 28418
27239 28416
27386 28218
26401 28864
26553 28811
26584 28782
28014 27521
28043 27519
26584 28782
27036 28571
27049 28555
27401 28198
27407 28180
26212 28939
26704 28736
26717 28725
26741 28711
27513 28075
27389 28207
27401 28198
26416 28861
26857 28672
27389 28207
28110 27388
26399 28875
27436 28165
27438 28154
26335 28916
26337 28906
27673 27877
26468 28833
26337 28906
26339 28903
26188 28978
26553 28811
26553 28811
26553 28811
26553 28811
26553 28811
26553 28811
26553 28811
26584 28782
26621 28773
26621 28773
26621 28773
26621 28773
26621 28773
26621 28773
26621 28773
26621 28773
26621 28773
26621 28773
26621 28773
26621 28773
26779 28679
26319 28771
27736 26821
27704 27205
27476 27533
27397 28005
27541 27408
26526 28708
27061 28229
27109 28034
27261 28007
26953 28373
26717 28690
26925 28467
26735 28580
26807 28491
26760 28494
26308 28736
27724 26720
27505 27058
27389 27760
27050 28132
26931 28336
27675 26833
26509 28671
27148 27974
26788 28478
27350 27878
26679 28631
27247 27912
26903 28441
26549 28645
27183 27932
26813 28453
26671 28640
27689 26823
26316 28659
27689 26670
27389 27383
27569 26770
27298 27871
27353 27664
27057 27942
26568 28630
26834 28228
26971 28101
26831 28394
26705 28457
27038 28090
26637 28516
26596 28553
26470 28616
27617 26388
27347 27469
27496 26532
26819 28257
26951 28002
27055 27934
27274 27734
27215 27836
26567 28611
26799 28383
26665 28391
26620 28462
26983 27979
27250 27819
26455 28615
27338 26431
27307 27459
26776 28133
26931 27994
26545 28507
27020 27930
26619 28394
26738 28381
27213 27557
26740 28338
27253 27550
26613 28448
27141 27618
27096 27771
27075 27825
27119 27649
27078 27820
27136 27642
26188 28560
27247 27376
26740 28210
27069 27675
27236 27410
26889 27983
26324 28531
26456 28431
26519 28348
26999 27862
27027 27698
26677 28328
26686 28323
26933 27868
26914 27955
26184 28351
27212 27245
26471 28344
26729 28109
26818 27917
27062 27461
26989 27857
27210 27366
27033 27672
26684 28311
26656 28314
26995 27716
26435 28329
27208 27119
26682 28226
26981 27747
26783 27910
26989 27384
27125 27183
27014 27320
26897 27810
26893 27848
27173 27129
26809 27867
26806 27902
26295 28325
27101 27171
26968 27427
26457 28136
26671 28028
26750 27836
26356 28304
26608 28121
26840 27805
26955 27729
26946 27737
26036 28275
27056 27149
26286 28088
26581 28051
26610 27883
26180 28220
26826 27801
26947 27412
27037 27163
26913 27645
26939 27449
26872 27727
26907 27715
26103 28131
26932 27103
26911 27313
26263 28045
26481 28044
26559 27909
26904 27622
26696 27749
26870 27702
26113 28093
26601 27848
26660 27775
26892 27667
26900 27636
26132 27991
26919 27097
26395 27952
26901 27473
26535 27838
26652 27707
26880 27659
26697 27672
26815 27664
25920 27974
26884 27355
26375 27951
26606 27699
26534 27788
26848 27653
26378 27826
26880 27567
26858 27590
26141 27943
26871 27082
26845 27592
26323 27913
26736 27649
26471 27725
26463 27731
26794 27631
26766 27637
26027 27930
26853 27065
26821 27591
26440 27670
26664 27646
26267 27785
26169 27894
26779 27631
26247 27837
26034 27882
26810 27470
26402 27658
26252 27756
26208 27817
26609 27628
26784 27554
26706 27605
26749 27584
26297 27593
26794 27319
26639 27588
26750 27541
26763 27428
26755 27465
26496 27574
26755 27336
26747 27442
26724 27528
26608 27571
26639 27554
26346 27559
26745 27371
26585 27460
26738 27442
26654 27361
26730 27223
26193 27342
26571 27321
26520 27337
26472 27340
26491 27327
26512 27271
26218 27313
26476 27220
26276 27272
26037 27291
26446 27116
26209 27197
26247 27111
26282 27085
