25 2.36587
29064 30097
30026 30091
28215 29722
29969 29921
28653 28890
30065 29963
28642 29703
29288 30116
28665 29523
29705 29978
30060 30056
30156 30218
29958 30682
27957 29016
30194 30740
29896 29563
28953 30016
29393 29433
29207 29475
29486 30021
29828 29991
29024 29464
29123 28820
30126 29831
27946 28585
29503 30162
29590 29533
28894 29217
28780 29662
29378 30249
27667 28615
28444 29895
27651 28981
28334 29313
29213 29283
29474 29309
29560 29703
29224 29537
28511 29436
29885 30102
29653 29724
28096 28638
29181 28362
29888 29379
27913 28817
28856 29304
29022 29163
29425 30197
30031 29680
28103 29808
29532 30267
28975 28777
29459 29338
29154 29100
29937 30541
27920 29032
29263 29938
29783 30270
29475 30207
27448 29045
29559 30249
29663 29844
28242 29490
30141 30142
28834 28983
28787 29989
29557 29251
28275 29414
28023 29327
28789 29072
29812 29914
29165 30153
29582 30228
29373 29940
29776 29905
29142 29856
30066 30070
30345 30595
27944 29168
29544 30114
29858 29854
29990 29668
28775 29853
30128 30450
29904 29747
30046 29963
29471 28617
28385 29520
28910 28968
29459 29014
28038 29208
28183 29621
29118 29500
29176 30087
28435 28650
27606 29431
29661 30173
29443 29813
28494 29376
28621 29021
29303 28950
29733 29638
29630 29354
30144 29880
27363 29274
30362 29534
28676 30363
29956 29609
28837 30358
27397 28911
29011 29062
29876 29980
29590 30343
28058 29488
29659 29903
29894 29942
28988 28681
29453 29209
28013 29103
30039 30116
29532 28856
28201 29588
28454 29268
29736 29687
29242 29891
30168 29589
28524 29584
29851 29661
28883 28668
29929 29451
29820 30335
30019 30105
28606 29485
28566 28426
30018 29984
28121 28601
30155 29855
29400 29752
29028 29901
30129 30067
30165 30441
29568 29532
29596 30148
29329 29745
29419 28588
28982 29865
28417 29307
29112 28966
29466 29138
29740 29926
29469 30209
29074 29142
28795 29420
29775 29178
30075 29054
29745 29990
28838 29025
30012 29582
29204 29263
28796 29287
29543 29561
29408 30324
29763 29626
29051 30173
28982 28942
29760 29430
27471 27766
30070 30671
28001 27814
29295 29428
28744 29218
29621 29115
28439 29975
29191 30306
29537 30145
28186 29498
29104 29033
28693 29674
29452 29394
29088 29639
28497 29257
29562 30036
28423 29428
29582 29834
28826 29099
30279 30020
27630 28181
29587 30013
28001 29997
29052 28832
30244 29939
29108 30288
27739 28774
28697 30163
29915 30028
27884 28562
29370 30723
28909 28794
29756 30276
28665 30020
29373 29931
28575 29010
29817 30007
29763 29573
29398 29022
27265 29638
29803 29649
29864 29634
29961 30217
29651 29663
29637 29043
28900 29453
28753 29785
28449 29158
29438 29717
29899 29825
29928 30160
29116 29567
29280 30013
29852 29992
29174 29385
27076 28025
29615 29727
29035 30055
28010 29382
29842 30131
28403 29387
28176 28985
28590 28726
28430 29867
29966 29985
29857 30312
28796 28400
27371 28364
29506 29933
29474 29519
29778 29810
30022 30135
29469 29698
29624 29366
29807 29157
29567 29279
29679 29559
29682 30213
29315 30090
29534 29702
28407 29665
28535 28798
30114 30175
28906 29764
29749 29839
28799 29871
29828 29617
28821 29113
28444 29428
28804 29064
27717 28896
30046 30254
29523 29607
29502 29676
30147 30148
28397 29899
29431 30088
29848 29911
27512 29327
27499 29153
29246 30107
29694 29181
29376 30598
29148 29376
29440 29977
29872 29721
29800 30035
29107 29144
28743 29413
30076 29655
29436 29634
29409 30399
30128 29574
29325 29353
29348 30366
30156 29905
30064 29997
29283 29476
29604 29440
28574 29235
28129 28914
28480 28362
28217 29394
28893 30048
29410 30238
28753 29543
29617 29955
28865 29401
29173 29253
28442 29479
30149 30005
29106 29634
29502 29429
29769 29644
29523 29624
29746 30465
28220 29684
29461 28902
29443 30084
26854 28176
29620 29884
29866 30170
29548 29322
29278 30096
28845 28362
30071 30181
30220 29886
27624 28776
29072 29237
28665 28105
29846 30104
29582 30010
28084 29268
29995 30072
29958 29989
29550 29365
29913 29792
30090 30309
30035 30110
29695 29873
29627 29832
28370 29449
29988 29674
28490 29607
29259 29932
29502 29836
29744 29618
29384 29388
29318 29441
28374 29817
29776 29345
29800 30018
29770 29292
29676 29547
28545 28882
29570 29264
27758 29601
28982 29627
30052 30028
29739 30000
29655 29418
29580 29968
28746 28997
29803 29633
30079 30169
30086 30150
29168 29342
29520 29621
29649 30095
30057 30262
29850 29664
29676 29300
29192 30110
29349 28765
27442 29761
28938 29183
27938 29848
28607 28642
28660 29236
29581 29091
29279 29063
29779 29487
30071 29546
29997 29845
29906 29824
29163 29803
29972 29956
28839 29710
28162 28885
29427 29188
28564 28683
29605 29444
28806 29101
29534 29705
29418 29288
29994 30313
29064 29047
28966 29432
29806 29293
30133 29812
27235 28313
28605 29246
28904 29843
29428 28983
27887 28575
29972 30064
28954 29975
29501 29661
30401 29483
28490 30108
27824 29123
29114 29275
29911 30174
28222 29503
29641 29907
29811 30086
29655 29643
29109 30086
27811 28726
29861 29756
29938 29737
28991 29039
29687 30431
29731 30119
29583 29485
29576 29713
29481 30032
28460 28908
30145 30103
29696 29862
29699 28928
28376 28773
28902 29083
28508 28731
28386 29250
28841 29809
28819 29467
29352 29445
29265 29910
29590 30189
29914 29543
30044 30373
28966 29531
28616 27732
30252 29861
29567 29789
30062 30150
28994 29310
28873 28495
28746 29959
29009 30060
29137 29686
29086 28634
29706 29817
27844 29743
29595 30668
29738 30213
28870 28915
28315 28325
29161 29815
28635 29284
28658 29321
28894 29812
29641 29733
30002 29826
28549 29340
