18 3.55218
13356 14649 15356 14524
13640 14666 15440 14489
13903 15055 14159 14003
14036 14097 14573 14982
14093 14915 13773 14097
14434 14576 14389 13036
14743 13295 14196 13827
14823 13390 14034 13639
14552 13427 14294 14046
14798 13756 14602 13819
14408 14688 14427 13075
13443 14518 15163 14579
13744 14338 15049 14502
13595 14328 15240 14770
14423 14076 14815 13918
14251 14571 14296 13543
14219 14616 14422 13400
14412 14713 14414 13203
13537 14381 15218 14689
14609 13963 14588 13343
14370 14241 14897 13992
13968 14187 14554 14929
13630 14445 15174 14652
13677 14834 13973 14411
14129 14781 13851 14064
13932 15050 14041 14024
13400 14432 15350 14535
14061 14212 14507 14977
13496 14390 15245 14747
13852 14928 13894 14207
14286 14698 14475 13359
14164 14742 13811 14135
14256 14329 14657 13975
13463 14493 15317 14591
14523 13349 14315 13843
13633 14430 14917 14733
14806 13312 14028 13810
14690 13908 14516 13644
14365 14689 14340 13296
13718 14471 15292 14493
13889 14017 14648 14506
14338 14616 14233 13478
14494 14277 14742 13969
14219 14566 14314 13502
13873 14239 14481 14884
14663 13874 14452 13646
14512 14292 14717 13825
13806 14231 14971 14684
14395 14612 14389 13257
14076 14910 13857 14102
14070 14193 14610 14820
13915 14978 14048 14032
14181 14495 14174 13642
13939 14832 13918 14223
14012 14720 14028 14144
13512 14483 15345 14595
13660 14525 15034 14548
13795 14429 14994 14509
14130 14044 14238 14695
14665 14080 13995 14269
13660 14414 15173 14808
14656 14307 14057 14190
14086 14162 14606 14865
14498 14284 14246 14444
13834 14241 14915 14676
13778 14604 14631 14483
14765 13853 14455 13723
14691 13951 14505 13595
14808 13762 14585 13762
14645 14285 13961 14342
14318 14710 14277 13283
14447 14236 14750 13666
14384 14650 14491 13343
14743 13929 14546 13624
13961 14752 14065 14307
14709 13953 14018 14392
13880 14467 15260 14496
14583 14058 14006 14521
14694 13804 14534 13740
14339 14748 14196 13217
13500 14437 15208 14778
13796 14263 14906 14631
13885 14535 14645 14628
14084 14920 13819 14294
14543 14236 14114 14447
13728 14376 15044 14590
14018 14854 13909 14238
14036 14331 14639 14787
14694 13804 14534 13740
14816 13361 14043 13760
13813 14876 14027 14329
13647 14271 15212 14598
13840 14826 13909 14371
14515 14454 14223 14554
14354 14297 14752 14010
13750 14883 14052 14405
13905 14798 14081 14358
14757 13930 14534 13609
14384 14037 14725 14003
14775 13413 13960 13847
14112 14914 13787 14097
14393 14677 14418 13394
14822 13855 14569 13712
14448 14233 14744 13977
14589 13954 14618 13372
14539 14151 14202 14361
14429 14229 14793 13908
13962 14724 14077 14382
13977 14936 13852 14242
13732 14605 14426 14419
13903 14925 13916 14133
14299 14715 14412 13484
14412 14224 14799 13943
14211 13943 14347 14694
14550 14082 14017 14568
14301 14509 14239 13478
14395 14175 14801 13892
14318 14710 14277 13283
14758 14116 14065 14256
14088 14962 14365 13952
14550 14142 14102 14450
14775 13413 13960 13847
13806 14914 13948 14553
14088 14962 14365 13952
14601 14134 14056 14358
13722 14613 15394 14485
13432 14652 15421 14493
13987 14786 14044 14461
13795 14946 13957 14370
14300 14487 14210 13490
14594 14054 14063 14468
13499 14530 15299 14553
14395 14175 14801 13892
14112 14914 13787 14097
13722 14613 15394 14485
13432 14652 15421 14493
13791 14865 14062 14389
14354 14297 14752 14010
14211 13943 14347 14694
13915 14978 14048 14032
14822 13855 14569 13712
13883 14914 14207 14312
14650 13957 14005 14338
13912 14900 14171 14236
14103 14892 13816 14199
14656 14053 14045 14297
13769 14923 14000 14359
13432 14652 15421 14493
14103 14892 13816 14199
14808 13762 14585 13762
14651 14104 14092 14258
14765 13853 14455 13723
14429 14229 14793 13908
14651 14104 14092 14258
14765 14072 14042 14330
14587 14189 14083 14461
13912 14900 14171 14236
13769 14923 14000 14359
13791 14865 14062 14389
14448 14233 14744 13977
13987 14786 14044 14461
14587 14189 14083 14461
13326 14558 15241 14514
13417 14604 15423 14483
13693 14893 13500 14359
13710 14915 13974 14302
13942 14175 14492 14928
14333 14607 14441 13088
14796 13249 14066 13796
14682 13671 14580 13634
14769 13392 14022 13808
14472 14210 14672 13929
14295 14543 14461 13236
14368 14625 14439 13101
13653 14782 13677 14396
13815 14314 14989 14469
14789 13370 14122 13750
13728 14137 14874 14486
14069 14501 14228 13507
14524 13732 14531 13532
14575 13895 14483 13315
14195 14468 14355 13465
14106 14704 13753 14076
13644 14312 14944 14604
14312 14662 14275 13276
14350 14102 14774 13785
14424 14144 14766 13855
14736 13812 14443 13706
13774 14214 14316 14693
13850 14824 13903 14066
13554 14484 15117 14394
14602 13978 13807 14290
14018 14873 13719 14113
13599 14526 15273 14249
14004 14687 13869 14117
13883 14202 14426 14883
13370 14558 15363 14486
14772 13760 14510 13667
13377 14435 15189 14642
13450 14326 15132 14725
13892 14749 14106 14202
13958 14116 14191 14801
13997 14705 13745 14151
13935 14177 14458 14826
14541 14006 13970 14520
14502 13848 14573 13293
13962 14828 13796 14245
14263 14463 14276 13440
13825 14267 14300 14784
13514 14809 13715 14410
14226 14552 14296 13500
13704 14341 15293 14344
14258 14485 14395 13367
13776 14770 14003 14315
14197 14605 14359 13420
14627 14205 13820 14172
14718 13886 14497 13615
13487 14395 15171 14722
14490 14246 14681 13873
14443 14211 14697 13877
13429 14415 15198 14714
13564 14290 15132 14640
14666 13835 14528 13685
14651 13744 14552 13529
13833 14782 14135 14191
14221 14492 14334 13434
13983 14800 13900 14181
13952 14087 14380 14830
14368 14210 14743 13755
14594 14132 13979 14224
13948 14908 13755 14211
14718 13886 14497 13615
14566 13983 13964 14314
14506 14039 14027 14484
13408 14466 15328 14591
14489 14274 14721 13874
13574 14590 15190 14357
13547 14617 15336 14411
13841 14806 13914 14106
13963 14822 13746 13913
13498 14546 15343 14421
13716 14398 15171 14418
14195 14581 14379 13344
14461 14152 14107 14381
13687 14268 14695 14572
13868 14750 13913 14173
14558 14037 13997 14296
13686 14371 14952 14579
13715 14124 14556 14633
13441 14518 15287 14441
14543 13996 13993 14450
14013 14098 14376 14856
14326 14608 14374 13366
13837 14821 14042 14265
14546 14039 14078 14311
13408 14608 15233 14435
14795 13828 14508 13699
14641 14087 14025 14172
13688 14418 15306 14370
14504 14171 14045 14396
14009 14818 13804 14092
13695 14487 15242 14372
13413 14373 15290 14582
13434 14565 15304 14485
13952 14154 14491 14790
14719 14096 14002 14187
13845 14791 14009 14172
13686 14371 14952 14579
14258 14485 14395 13367
13347 14550 15238 14476
13367 14436 15270 14460
13541 14782 13494 14366
13606 14825 13727 14260
13881 14141 14271 14884
14311 14550 14437 12984
14783 13176 13929 13692
14666 13830 14469 13676
14777 13258 13957 13736
13703 14312 15157 14407
14207 14521 14137 13448
13610 14163 14838 14492
13954 14658 13761 13972
14132 14542 14350 13212
13503 14711 13517 14349
14621 13850 14418 13589
14737 13239 14061 13716
13942 14041 14203 14559
14033 14570 14284 13284
13886 14063 14416 14681
14401 14190 14619 13837
13670 14238 14812 14417
14682 13848 14368 13567
14259 14604 14317 13126
14237 14463 14232 13393
13445 14742 13671 14288
13405 14393 15267 14513
14291 13984 14685 13811
13719 14759 14006 14234
14310 14071 14747 13800
14281 14475 14306 13296
14015 14779 13712 13901
13924 14133 14386 14815
13924 14787 13634 13809
14335 14599 14376 13101
14387 14063 13823 14353
14533 14016 13757 14111
13801 14756 14024 14194
13682 14447 15170 14349
14444 14025 14058 14315
14342 14178 14633 13844
14505 14080 13867 14175
14459 13892 14628 13761
14502 13924 13939 14417
13818 14118 14445 14864
13814 14764 13855 14101
13404 14423 15265 14485
14511 13897 13902 14217
13703 14824 13852 14134
13650 14773 14011 14254
13864 14800 13715 14103
14512 13959 13855 14282
13866 14198 14397 14871
14482 14006 13923 14469
14482 14170 14025 14294
13874 14582 13936 13865
13895 14043 14378 14834
13924 14769 13702 14119
14241 14536 14370 13289
14451 14132 14620 13876
13887 14126 14303 14837
13889 14045 14447 14835
13891 14045 14230 14868
13814 14764 13760 14111
13090 14353 14954 14475
13364 14356 15255 14466
13587 14770 13593 14243
13857 14046 14232 14763
14317 14429 14152 12988
14764 13224 13887 13701
13282 14494 15226 14321
14050 14453 14241 13245
14643 13582 14454 13504
13677 14715 13902 14000
14466 14040 13710 13937
14426 13917 14585 13243
13638 14101 14885 14280
14222 14525 14310 13231
13595 14274 14998 14341
14647 13661 14434 13471
14250 14547 14245 13051
13877 13978 14285 14569
14437 13870 14506 13242
13900 14086 14271 14749
14400 14077 13817 14167
13620 14202 14904 14232
13492 14639 13608 14123
13593 14241 14993 14363
14648 13797 14344 13569
14273 14482 14359 13034
13467 14591 13671 14210
14462 13935 13859 14457
14597 13744 14459 13621
14600 13700 14398 13663
13775 14604 13813 14110
13446 14744 13631 14236
14419 13831 14412 13532
13859 14030 14285 14669
14548 13829 14445 13600
13735 14064 14335 14677
13878 14672 13642 14118
13803 14109 14311 14714
13825 14134 14333 14670
13810 14719 13765 14075
13451 14560 13624 14243
13827 14030 14318 14681
13632 14644 13791 14033
13781 14725 13777 14026
14452 14031 13858 14056
13838 14758 13655 14086
14633 13775 14439 13591
14312 14540 14329 13051
14646 13728 14347 13673
14455 13979 13898 14464
14554 13830 14443 13580
14646 13688 14434 13595
14640 13761 14402 13601
14637 13742 14414 13504
13843 14059 14311 14745
13198 14348 15126 14457
13326 14272 15133 14446
13499 14616 13584 14236
13773 14750 13650 13995
13881 14033 14243 14691
14272 14455 14208 12968
14565 13474 14335 13471
14596 13709 14327 13492
14363 13799 14463 13175
13590 14128 14898 14363
14248 14433 14297 13023
13711 14599 13775 14055
13583 14110 14937 14313
14512 13702 14189 13573
14552 13668 14374 13609
13772 14588 13748 13946
14472 13687 14418 13447
14500 13632 14432 13556
13760 14577 13724 14008
13726 14687 13695 13978
13728 14587 13639 14068
14431 13780 14406 13495
14430 13742 14330 13555
14501 13745 14337 13552
14457 13702 14368 13586
14443 13760 14420 13487
14500 13760 14254 13583
13151 14087 14935 14401
13688 14590 13609 13770
14183 14324 14288 12951
14570 13480 14244 13473
13527 13970 14856 14231
14426 13629 14423 13366
14463 13507 14138 13469
14473 13681 14319 13434
14240 13619 14176 13508
14435 13590 14246 13566
14528 13515 14334 13433
14435 13582 14343 13550
14563 13637 14305 13453
13507 13913 14837 14083
14396 13514 14145 13380
14496 13415 14294 13335
14279 13510 14214 13420
14344 13649 14238 13407
14382 13555 14162 13361
14394 13465 14194 13420
13501 13822 14512 13960
13289 14921 13882 13882
13665 14182 15248 13990
13846 14079 13802 14912
14075 14957 13704 14198
14308 14394 15071 13456
14391 14819 13487 14191
14657 13772 14717 13596
15276 14628 14171 14215
14768 13853 14621 14036
15159 14206 14400 13709
14125 14280 14071 14864
13991 14318 13945 14664
14139 14176 14053 14797
13372 14900 14023 13787
14265 14700 15218 13565
14315 14422 14987 13501
13302 14883 13804 13804
13751 14583 14921 14146
14370 14780 13576 14200
14882 14462 14263 14586
13985 14196 14099 14626
14714 14740 13931 14485
13893 14601 14986 13919
14940 14334 14079 14424
14642 13934 14821 13673
14091 14174 14112 14653
14790 14059 14705 13903
14109 14196 14076 14748
13937 14835 13646 14409
14242 14767 13539 14268
15142 14316 14589 13787
14633 14494 14285 14378
14849 14399 14277 14450
14801 14029 14600 14034
14529 14004 14738 13735
13471 14208 15210 14063
15263 14656 14160 14104
13922 14293 14015 14656
14419 14822 13573 14186
14279 14600 14871 13637
14191 14829 13684 14301
14300 14566 15049 13599
14965 14440 14310 14232
14687 13884 14709 13728
14036 14839 14749 14005
14521 13886 14743 13737
14134 14913 13756 14253
14553 13921 14742 13731
14887 14258 14584 13828
14815 14388 14281 14516
15117 14361 14650 13809
14322 14867 13902 14193
13661 14304 15170 13849
13574 14210 15143 14168
14803 14532 14230 14474
13867 14635 15014 13997
14371 14888 13645 14192
14264 14689 15159 13635
14112 14535 14447 14141
14408 14743 14327 14211
14672 14718 14372 14346
13451 14262 15148 13880
13814 14430 15110 14054
15031 14369 14501 13864
14974 14608 14296 14021
14593 13985 14812 13713
14624 13893 14716 13679
13592 14261 15080 14075
13994 14902 13752 14396
14005 14152 14169 14750
14593 13985 14812 13713
14872 14381 14265 14469
15001 14224 14696 13888
14361 14759 13870 14142
14729 14419 14484 14332
14019 14345 14054 14596
14908 14471 14233 14310
13769 14520 14913 14069
13463 14135 15182 14122
14572 14655 14249 14373
13627 14324 15239 13863
14276 14822 13848 14196
13833 14098 15043 13888
13845 14548 14899 14093
14672 14718 14372 14346
14248 14625 15091 13642
14182 14623 14992 13686
13709 14526 14815 14203
14195 14156 14030 14750
14815 14388 14281 14516
14728 13890 14657 13964
14737 14557 14271 14273
13985 14950 13715 14361
15045 14209 14549 13880
14487 14755 14322 14341
13756 14643 14896 13952
14997 14191 14524 13927
14417 14884 13791 13659
13668 14227 15050 14122
14391 14819 13487 14191
14266 14843 13911 13971
13541 14224 15124 14056
13722 14154 15120 13933
14487 14755 14322 14341
15102 14651 14143 14120
14907 14391 14463 13821
14242 14871 13720 14195
14888 14178 14635 13961
13833 14098 15043 13888
15019 14181 14605 13834
14911 14265 14492 13966
13641 14317 14996 14238
13565 14134 15059 14181
14990 14404 14259 14276
13676 14344 15116 13816
14227 14761 13908 14131
13996 14846 14696 14057
15102 14651 14143 14120
15263 14656 14160 14104
14209 14937 13697 14045
14037 14439 14994 13659
14024 14669 14894 13994
14642 13934 14821 13673
13720 14586 15059 13920
14626 14534 14456 14317
13776 14553 14906 14129
14209 14937 13697 14045
15067 14175 14549 13906
15014 14405 14256 14266
14171 14681 15075 13636
13629 14148 15237 14068
14179 14638 15004 13640
14887 14406 14324 13714
15067 14175 14549 13906
13922 14293 14015 14656
13556 14272 15165 13876
13782 14339 15115 14050
14380 14838 13716 14176
14991 14263 14529 13997
13289 14921 13882 13882
13541 14224 15124 14056
14416 14833 13706 14178
13556 14272 15165 13876
14171 14681 15075 13636
14024 14669 14894 13994
14593 13985 14812 13713
13565 14134 15059 14181
13988 14742 14716 14022
13782 14339 15115 14050
13629 14148 15237 14068
14019 14345 14054 14596
14037 14439 14994 13659
13289 14921 13882 13882
13156 14870 13784 13719
13610 14312 15163 13707
13778 14953 13499 13934
13824 14091 13876 14833
14057 14841 13434 14152
14379 14814 13774 13468
14616 13806 14798 13624
15163 14613 14079 14064
13362 14840 13824 13778
14942 14396 14297 14218
13866 14270 13954 14635
14818 14386 14448 13617
14075 14030 13963 14697
14850 14350 14238 14280
14508 13880 14722 13691
14414 14686 13511 14165
14620 14469 14231 14360
14336 14723 13600 14225
14798 14417 14199 14451
13959 14153 14068 14558
13932 14120 13916 14796
14142 14123 13973 14668
14564 13813 14773 13591
14264 14496 14987 13501
14680 13962 14624 13875
13967 14672 14687 14042
13907 14953 13439 13885
14048 14776 13582 14124
14056 14201 14066 14741
14608 13847 14693 13583
14664 14356 14253 14530
14119 14172 14064 14684
14296 14746 13677 13511
14210 14579 15137 13546
15136 14518 14138 14110
14690 14491 14108 14401
13428 14214 14958 14106
13764 14632 14910 13958
14399 14793 13579 14159
14893 14275 14159 14260
14262 14784 13652 13518
15056 14276 14554 13757
14713 13889 14668 13796
13630 14437 14782 14136
15015 14327 14565 13722
14664 14461 14195 14395
14255 14822 13734 13981
13600 14128 15072 14018
13745 14371 15035 13982
14787 14455 14217 14549
14806 13856 14489 13907
14534 13926 14707 13634
14129 14841 13689 13975
14727 13951 14642 13852
14663 14473 14196 14439
13736 14301 15042 13839
13587 14556 14806 13987
14962 14283 14278 14049
13777 14535 14868 13980
13439 14058 14869 14185
13685 14246 15058 13981
13897 14052 13915 14806
13747 14654 14879 13927
14245 14653 15135 13622
15046 14234 14566 13776
14525 13914 14715 13666
14315 14801 13510 14168
14167 14685 13667 14132
14704 13961 14605 13817
13541 14097 15091 13990
14117 14619 14942 13683
13533 14171 14946 14183
13618 14038 14819 14092
13817 14605 14968 13860
13820 14852 13472 13954
14574 13848 14710 13614
15098 14124 14502 13650
14263 14589 15095 13513
14893 14358 14471 13828
13621 14261 15076 14009
15070 14086 14567 13659
13665 14487 14797 14102
14964 14165 14521 13846
14226 14728 13758 14093
14916 14298 14197 14231
14978 14458 14161 14157
13547 14068 15050 14084
13456 14120 15144 14113
13779 13896 15093 13933
15071 14533 14087 13958
15093 14285 14496 13635
13810 14296 15065 13967
13480 14182 15137 14144
13821 14578 14819 13950
13608 14070 14956 14069
13567 14331 15092 13859
14735 13920 14591 13969
15017 14355 14619 13717
14165 14784 13763 13920
13959 14787 14676 13903
14730 14194 14245 14448
14247 14854 13752 13825
14904 14263 14513 13824
15136 14625 14083 13963
13577 14474 14809 14090
13649 14244 15137 13843
13611 14314 15161 13849
14977 14356 14641 13762
13480 14182 15137 14144
13897 14052 13915 14806
14735 13920 14591 13969
14787 14455 14217 14549
13907 14953 13439 13885
14117 14619 14942 13683
13907 14953 13439 13885
14787 14455 14217 14549
13907 14953 13439 13885
13118 14589 13790 13703
13407 13958 15091 14052
13736 14875 13314 13787
13814 14048 13836 14778
14301 14779 13651 13413
14530 13755 14689 13597
15143 14545 14055 13937
13988 14285 14003 14490
13772 14131 13957 14694
14860 14351 14222 14189
14227 14731 13569 13433
14095 14702 13739 13855
14298 14606 13446 14007
13721 14045 13892 14739
14834 14394 14250 13702
13686 14815 13352 13784
13257 14797 13767 13732
13314 14765 13763 13891
14947 14095 14385 13841
14189 14239 14923 13499
14390 13882 14660 13641
14589 14428 14217 14292
13584 14251 14985 13825
13955 14113 14033 14700
14281 14704 13513 14091
14139 14575 14884 13593
14619 13786 14508 13957
14878 14335 14419 13696
14695 14314 14178 14470
14634 14422 14124 14419
14658 13960 14516 13857
14642 13833 14666 13646
14543 13925 14565 13707
14177 14553 15031 13622
13684 14524 14799 13950
13673 14511 14766 13959
14502 13872 14699 13685
13520 13907 14860 14003
13548 14108 14857 13985
14590 13847 14639 13735
14679 13888 14480 13876
15085 14564 14030 13919
14098 14494 13450 14116
13871 14094 13969 14736
14990 14218 14585 13692
14919 14317 14176 14094
14775 13870 14410 13802
14101 14548 15090 13525
15018 14508 13919 14028
14649 14419 14082 14401
13403 14061 15086 14095
14025 14097 14050 14733
13650 14148 15046 13854
13412 14075 15079 13996
14975 14176 14522 13757
14579 14447 14181 14324
13869 14187 13935 14731
14633 14466 14098 14386
14503 13882 14701 13635
14104 14805 13628 13904
14136 14789 13603 13938
15023 14170 14491 13688
14727 14391 14201 14340
13438 14048 14967 14115
13610 14477 14859 13954
13870 14788 13542 14042
13807 14568 14947 13782
13848 14813 13478 13796
13664 14201 14862 13848
13990 14772 13491 14101
13659 14284 14965 13746
14557 14436 14196 14333
13426 14163 14948 14111
13866 14050 13765 14755
13783 14812 13458 13869
13685 14378 14662 13918
14742 14421 14025 14357
14759 14220 14200 14357
13593 13886 14891 13872
13555 14238 15043 13958
14579 13876 14550 13745
14586 13867 14517 13900
14657 13838 14536 13903
14748 14316 14197 14385
14289 14771 13447 14004
13244 14686 13683 13765
13378 14037 15069 13998
13792 13989 13755 14742
13798 14754 13347 13901
14074 14791 13449 13896
14177 14391 14982 13357
14365 13655 14659 13564
15085 14529 14043 13920
13810 14158 13858 14487
14510 13729 14673 13494
14705 14331 14399 13640
13427 13893 14898 13987
14853 14254 14116 14168
13980 13936 13990 14651
14659 14302 14172 14247
13631 14530 14871 13766
14668 14351 14083 14338
13931 14104 14009 14607
13532 14027 15019 13934
15018 13995 14460 13535
13333 14171 14964 13668
14149 14452 14972 13596
14853 14298 14103 14032
14680 14121 14129 14105
13934 14083 13770 14713
14495 14403 14054 14187
13721 14427 14840 13713
13653 13933 14839 13844
14581 13805 14436 13750
14642 14368 14121 14253
13584 13962 14879 13839
14909 14104 14517 13674
14983 14134 14450 13682
14584 13802 14540 13659
14406 13794 14636 13671
14570 13769 14658 13612
13948 14057 14006 14732
13551 13965 14876 13891
13669 14447 14881 13696
13337 14110 14620 13844
14581 13779 14606 13679
14577 13748 14650 13638
13647 14382 14916 13671
13242 13923 14924 13932
13430 13971 15002 13903
13689 14748 13397 13726
13728 14612 13118 13812
13820 14052 13801 14719
14054 14358 14853 13480
14501 13622 14386 13698
14556 13748 14574 13571
14491 14222 14014 14278
14311 13792 14603 13569
13628 14415 14858 13605
13745 14086 13891 14589
14482 14296 13816 13975
13972 14704 13391 13787
14369 13725 14588 13506
14437 14261 13843 13882
13404 13977 14831 13911
13261 13999 14978 13703
13947 14027 13956 14611
13366 13990 14900 13884
13393 13899 14980 13907
13826 13989 13908 14664
14515 14070 13878 13849
13905 13913 13901 14636
13924 13936 13852 14663
13418 13954 15001 13848
13730 13939 13755 14661
13857 13947 13708 14451
14428 14179 13902 14148
14473 13642 14401 13532
14490 14097 13776 13871
13825 13866 13755 14542
13707 14065 13846 14476
13795 14013 13710 14634
13808 14022 13842 14556
13604 13973 13773 14323
13676 13938 13671 14472
14372 13583 14333 13461
13068 14459 14554 13844
13496 14179 15070 13972
13880 14322 13756 14887
14011 15315 14116 14197
14380 13081 14156 14192
14469 14494 13832 13026
14816 14168 13375 14476
14923 13934 13832 14445
14647 14559 13797 13114
14155 15046 14006 14220
14134 15222 14129 14294
14019 14762 13945 14501
13179 14483 14511 14016
14570 14043 13480 14718
14452 14432 13725 13242
14547 14455 13814 13184
14627 13622 14248 13737
14102 14993 14017 14315
14288 14516 14314 13354
13545 14361 14770 13745
13590 14051 14969 14076
13928 13877 14713 13883
13937 14296 13626 14842
14572 13118 14080 14146
13878 14378 13612 14797
14594 13354 14417 13788
13736 14346 14736 14110
13777 14933 14464 13676
14366 14117 14101 13593
13068 14459 14554 13844
13226 14336 14472 14189
13640 14231 14644 14206
13978 13685 14700 13916
14664 14260 13589 14591
14026 14756 14005 14558
14409 13239 14190 14041
14092 14599 14417 13500
14055 14649 14383 13532
14337 13272 14210 14083
14796 14237 13411 14468
13893 14342 13646 14886
14578 14578 13658 13218
14234 14485 14322 13466
14209 13463 14571 13766
14747 13996 13735 14268
14591 13400 14442 13845
13362 14326 14888 13905
13610 14107 14961 13763
13513 14103 14914 13947
14528 14408 13466 13991
13974 14406 13685 14762
14069 15250 14050 14232
14246 14445 13553 13547
14482 13180 14071 14053
14047 14787 13883 14376
14162 13508 14605 13909
14423 13300 14122 14155
13800 13722 14481 13895
13769 14826 14533 13725
13393 14227 14688 14447
14126 14489 13798 14556
14883 13935 13815 14420
14469 14494 13832 13026
14165 14578 13894 14406
13879 13801 14741 13879
14632 13306 14349 13816
13782 14862 14175 14024
13954 13458 14661 13935
14066 14276 13681 14623
14769 14076 13518 14658
14397 14782 14404 13338
14151 14714 14431 13386
14849 13778 13848 14227
14821 13994 13743 14307
13328 14245 14749 14374
14080 14638 14260 13490
13805 13951 14586 13807
13292 14405 14379 14059
14708 13607 14310 13768
14676 14097 13431 14765
13518 14131 15000 13927
14005 13956 14802 13738
13786 14848 14299 14188
14728 14129 13536 14495
14179 14733 14439 13383
13636 14109 14831 14231
13459 14205 14705 14425
14255 14719 14464 13302
14395 13595 14498 13864
14769 14076 13518 14658
13412 14129 15056 14006
14097 14687 14548 13481
13851 13943 14540 13776
14014 14251 13500 14786
14037 15281 14096 14309
13991 14392 13572 14592
13496 14203 14627 14338
14750 14184 13490 14435
14514 14294 13383 14034
14066 15299 13906 14192
13476 14122 14590 14359
13628 14170 14642 14259
14725 13460 14372 13696
13429 14078 14881 14021
14133 14851 14507 13287
14672 14421 13435 13977
13738 14853 14643 13630
14522 14305 13402 14005
14028 13932 14635 13853
14000 14907 14136 13943
14111 14577 14317 13433
14332 13184 14199 14114
14082 13764 14659 13772
13738 14321 14866 14188
14414 13485 14373 13873
13479 14113 14674 14346
14368 14103 14138 13624
14237 14691 14492 13363
14848 13962 13855 14309
14481 13265 14147 14108
13274 14390 14508 14046
13326 14349 14521 14108
13891 14912 14514 13759
13779 14845 14528 13656
13504 14094 15000 14014
13851 14845 14277 14124
13919 14840 14645 13540
14480 14300 13559 13963
14335 13544 14502 13804
14027 15302 13817 14093
14162 13553 14645 13901
14054 14833 14707 13703
14332 13184 14199 14114
14489 13283 14375 13857
14525 13290 14447 13780
13511 14091 15033 14015
14111 14577 14317 13433
14632 13306 14349 13816
13947 15225 14131 14199
14065 15246 14114 14114
14241 14714 14317 13372
14030 14810 14034 14450
14003 13708 14637 13879
14163 14802 14440 13310
14505 14393 13482 13977
13491 14139 14650 14342
14848 13962 13855 14309
13966 13768 14715 13799
14030 14810 14034 14450
14748 14069 13557 14616
13966 13768 14715 13799
14078 14746 14443 13326
13511 14091 15033 14015
14078 14746 14443 13326
13274 14390 14508 14046
13499 14327 14879 13979
13638 14850 14526 13745
14748 14069 13557 14616
13491 14139 14650 14342
13851 14845 14277 14124
13851 14845 14277 14124
13499 14327 14879 13979
13176 14307 14525 14183
13457 14124 15006 13963
13748 14308 13674 14838
13960 15230 14110 14172
14335 12917 14077 14085
14529 14488 13750 13028
14784 14129 13297 14307
13576 13897 14843 13564
14104 15002 14095 13985
13375 14155 14702 14381
14518 14543 13685 13109
14361 14386 13887 13249
13755 14392 13564 14613
13513 14027 14931 14002
14307 13158 14177 14077
13267 14294 14451 13947
14375 14401 13812 13204
13878 14328 13652 14489
13797 14839 14210 14046
14382 14271 13813 13230
14472 13328 14274 13727
14077 14607 14297 13387
14290 13036 14189 14065
13708 14917 14416 13666
14700 14104 13483 13914
13618 14199 14733 14160
14206 14469 13619 13157
13467 14105 14888 13910
14416 12935 13938 14120
14676 14182 13360 14392
14418 13322 14390 13624
13426 14085 14682 14343
13483 14087 14972 13951
14551 13211 14305 13746
13656 14257 14795 14141
14588 13976 13562 14065
14709 13884 13760 14208
14237 14327 13517 13521
14551 14482 13782 13114
14176 14713 14404 13375
14538 14259 13444 13953
13933 14678 13723 14294
14326 14053 13987 13469
13982 14883 14123 13964
14140 13491 14532 13884
13731 13760 14465 13825
14305 13016 14029 14128
13807 14207 13629 14814
14249 14341 13684 13289
14123 15108 13933 14095
14737 14125 13402 14352
13432 14018 14920 14019
13721 14232 14769 14079
14456 13256 14055 14087
14041 15131 13917 14160
14156 14344 13543 13425
14684 13914 13575 14174
13968 14536 13920 14455
14203 14629 14360 13289
13187 14272 14527 14173
14147 14338 13689 13502
13331 14189 14572 14403
14158 13372 14482 13867
13782 14754 14341 13704
13822 14206 13636 14763
14635 14368 13404 13950
13952 14461 13983 14338
14657 13497 14279 13703
14409 14348 13731 13129
14352 14051 14037 13536
13679 13991 14816 14075
13885 13820 14542 13754
13859 13867 14649 13734
14471 13398 14350 13769
13453 14162 14607 14320
14113 15108 14011 14051
13765 14787 14441 13651
14035 14704 14472 13569
13995 15212 13930 14107
13805 14689 14663 13347
14319 13165 14096 14090
14198 13561 14429 13671
14288 13526 14460 13823
13813 13833 14557 13821
13441 14139 14667 14353
13756 14775 14381 13677
13678 14241 14817 14157
14774 13883 13684 14230
14024 13634 14581 13723
14030 14663 14535 13549
14191 13427 14418 13861
13302 14282 14544 14172
14762 13897 13739 14317
13921 13710 14461 13857
13805 14388 13597 14661
13916 14314 13526 14744
14091 14708 14409 13350
13958 15177 14120 14133
13956 15189 13981 14251
13824 14810 14496 13635
14069 14896 14070 14018
13935 13608 14542 13845
13626 14811 14474 13725
13983 14498 13926 14386
13879 13672 14623 13790
13845 13706 14565 13737
14292 13533 14495 13788
14625 14339 13324 13951
14018 15124 14069 14099
14333 13294 14063 14119
13768 14290 13561 14704
13894 13620 14536 13791
14336 13272 13989 13981
13852 14312 13581 14677
13448 14133 14656 14413
14605 14183 13323 13963
14531 13238 14275 13813
13314 14258 14388 14011
14191 13499 14424 13828
14338 13018 14062 14000
14527 13275 14345 13806
13956 15189 13981 14251
14025 14465 13920 14431
14130 13552 14573 13811
13476 14131 14628 14313
13754 14353 13588 14724
13877 14755 14373 13630
13906 14286 13605 14694
14244 13418 14418 13848
14023 14832 14622 13626
13768 14806 14354 13718
13785 14302 13648 14692
13839 14684 14483 13629
13787 14307 13536 14718
13183 14316 14541 14146
14155 13424 14452 13842
13973 15199 14071 14076
13755 14335 13663 14720
13869 14688 13726 14315
13905 14380 13589 14662
13726 14885 14470 13722
14611 14238 13403 13951
13905 14380 13589 14662
13054 14305 14439 14104
13446 14098 14937 13949
13762 14275 13430 14724
13953 15214 14087 14118
14316 12892 13876 14042
14395 14378 13712 12878
14502 14294 13266 13896
14620 13789 13676 14151
14328 14358 13758 13201
13574 14316 13653 14503
13341 14146 14659 14250
13419 14060 14554 14363
13900 14289 13566 14618
14012 13203 14243 13856
13766 13760 14465 13821
13962 14482 14240 13334
14276 12977 13965 14125
13568 14164 14803 13768
13475 13984 14899 13918
14197 13363 13918 13519
13996 13504 14457 13656
14100 14694 14356 13279
13211 14069 14589 14257
13474 13972 14839 13999
14489 13485 14170 13486
14308 13098 14000 13971
14430 14439 13629 13001
14471 13256 14340 13722
13814 13817 14507 13683
14461 14300 13770 13045
14204 13354 14490 13634
14297 13230 14026 14072
13959 14992 13964 14018
13100 14278 14399 13904
13622 14198 14748 14123
13882 14251 13596 14661
13926 14672 14531 13262
14564 14250 13324 13927
14580 14281 13386 13923
13976 14476 13937 13404
13726 14856 14457 13491
13445 14080 14518 14330
13843 14594 14483 13469
13959 14411 13802 14260
13961 15133 13891 14101
13207 14282 14393 13975
13867 14607 14422 13451
13662 14098 14692 13891
14478 14381 13687 12966
13911 14366 13840 14223
13627 14784 14533 13560
13897 15045 13928 14186
13659 14241 14736 14047
13921 13266 14420 13808
13681 14745 14388 13671
14454 14409 13602 12903
13993 15084 13861 14124
14085 13404 14412 13740
14003 13412 14459 13781
13452 13975 14849 13966
13802 14702 14504 13417
13742 14820 14114 13914
14072 13493 14407 13668
14453 13219 13997 14038
14412 14299 13298 13943
14462 14401 13701 13039
13794 14764 14380 13610
13813 14830 14464 13594
13792 13797 14620 13662
13907 15034 13884 14126
13840 14689 14622 13474
13718 14766 14428 13638
13646 14770 14110 13931
13830 13790 14548 13641
14499 14301 13306 13912
13646 14816 14398 13661
13191 14236 14367 13942
13312 13911 14843 13891
13858 14191 13538 14551
13952 15203 13947 14101
14334 12838 13843 13976
14429 14380 13671 12952
14449 14162 13182 13773
14550 13750 13514 14108
14050 14506 14236 13274
14212 14329 13693 13140
13368 13912 14551 14315
13662 13686 14349 13816
13543 14153 14732 14092
13734 14713 14156 13535
13947 14905 14063 13920
13987 13348 14311 13684
13832 15140 13998 14062
14058 13293 14298 13730
13875 14169 13524 14485
13431 13928 14751 13710
14362 14428 13626 12973
14306 12842 13906 14032
13387 14074 14778 13916
13755 14699 14346 13608
14422 13025 13927 13973
14219 14355 13630 13048
13713 13697 14512 13648
13746 13687 14592 13595
14248 13121 14026 14048
13709 14781 14431 13587
13721 14826 14302 13555
14244 13185 13936 13975
14326 13115 13977 13929
13970 13346 14420 13736
13690 14751 14374 13591
13711 14744 14382 13594
13179 14124 14344 14088
13406 14096 14722 13786
13743 14676 14215 13416
13865 14957 13726 14087
14248 12921 13956 13978
13543 14609 14235 13481
13668 13502 14342 13646
14087 12926 13862 13871
13942 13289 14307 13678
13348 14139 14665 13751
13274 14009 14597 13883
13825 14803 13879 13909
13238 14116 14589 13868
13608 14648 14213 13469
13345 14115 14641 13840
13826 13296 14281 13653
13650 14659 14252 13458
13608 14648 14213 13469
13646 14582 14125 13417
12782 14509 14782 13833
13471 13808 13937 14955
13788 14429 15371 13673
14090 14520 12810 14127
14341 15215 13569 13322
14429 14179 14104 12583
14525 13380 13674 13866
15201 13698 13487 13596
12891 14521 14672 13725
13351 13923 14245 14809
14340 13869 14421 12856
15070 13675 13451 13635
14458 14125 14282 12724
14570 13887 13155 14236
14741 13604 13410 13937
13603 13908 14272 14951
14557 13970 13188 14287
13920 14210 15121 13290
14507 14750 13869 13818
13958 14322 14852 14670
14227 14608 12922 13946
14536 14910 13745 13398
14636 13481 13601 14166
12788 14511 14703 13774
14373 14072 13230 14196
14269 14601 12869 14119
13756 14377 15202 13685
14101 14664 12983 14080
14320 14631 13909 13804
14128 14362 14893 14630
14501 13743 14205 13181
13589 13959 14059 14779
14781 13743 13322 13627
14607 15086 13770 13263
13570 13980 13987 14724
13692 14313 15225 13677
14206 14414 14771 14645
14487 13931 13297 14016
14285 14507 14908 14469
14173 14434 14992 14517
14196 14819 13810 13540
14788 15186 13707 13461
14570 15069 13712 13435
13984 14370 15086 14489
14624 15027 13723 13373
14358 14023 14381 12919
13865 14222 15136 13478
14011 14355 15022 14418
14823 13613 13432 13931
14527 13713 14077 13097
13837 14385 15138 13666
14435 14155 14324 12770
14059 14677 12956 13880
14524 14152 14258 12772
13857 14273 15272 13610
13972 14351 14958 14566
14011 14355 15022 14418
13712 14344 15246 13676
13570 13980 13987 14724
14356 13961 14313 12989
14480 15006 13808 13250
14947 13679 13458 13726
14724 13413 13528 14126
14562 14887 13741 13321
14422 13709 13372 14254
14734 13383 13591 14089
14341 14133 13285 14155
14441 14059 13354 14056
14886 13697 13426 13852
14381 14041 14241 13034
13823 13693 13643 14780
14049 14364 14937 14544
14649 15138 13628 13555
14221 14291 14917 14480
13838 14855 13762 13480
13857 14273 15272 13610
14344 14696 13845 13874
14898 13721 13488 13780
14554 15160 13798 13253
14682 15136 13728 13242
14457 13991 14245 12890
14696 13428 13498 13833
14380 13986 14301 12942
14686 13473 13464 14040
14535 13683 13474 13915
14676 15151 13719 13218
14416 13985 14194 13047
14101 14664 12983 14080
14541 13451 13619 13761
14196 14819 13810 13540
14828 13457 13488 13807
14056 14324 15020 14559
14090 14520 12810 14127
14369 14048 14285 13068
14269 14601 12869 14119
14075 14323 14979 14546
14634 13413 13662 13750
14927 13695 13515 13756
13838 14855 13762 13480
14382 13909 14287 12857
14173 14434 14992 14517
14368 13902 14091 13226
14480 15006 13808 13250
14344 14696 13845 13874
14661 13978 13286 14189
14387 13982 14247 12898
14671 13422 13516 14178
14444 13891 14297 13043
14508 13701 14085 13235
14371 13960 14392 12900
14416 13985 14194 13047
14616 13419 13620 13757
14285 14507 14908 14469
14947 13679 13458 13726
14828 13457 13488 13807
14416 13985 14194 13047
14827 13413 13619 13831
14947 13679 13458 13726
12782 14509 14782 13833
14371 13960 14392 12900
12734 14511 14616 13721
13350 13830 13980 14909
13757 14247 15302 13644
14173 14532 12793 14074
14360 15176 13683 13236
14402 14095 14275 12695
14651 13255 13504 14116
15080 13695 13383 13537
12792 14493 14527 13593
13232 13849 14172 14826
14531 14792 13692 13337
13961 14556 12929 13993
12784 14473 14467 13607
14181 14046 13172 14016
14066 14471 14815 14443
14108 14359 14808 14588
14819 13517 13426 13826
14431 13862 13174 14231
14330 13940 14287 12859
14903 13600 13380 13584
14206 14454 12863 14017
14132 14595 12868 14112
14647 14954 13620 13311
14024 14567 12889 13967
14173 14380 14907 14503
14678 13348 13339 13907
14330 14566 13809 13752
14503 13559 14003 13199
14215 14719 13710 13763
14427 14687 13642 13733
13713 14330 15098 13646
13311 13778 14187 14821
13662 14212 15226 13663
14505 15059 13649 13083
14373 13757 14210 12748
13996 14319 14923 14497
13462 13734 14182 14751
14008 14374 14986 14443
13513 13955 14058 14655
14583 15051 13576 13498
13881 14142 15040 13280
14746 13406 13528 13828
14358 15111 13736 13156
13815 14241 15230 13540
14472 13666 14095 12983
14113 14311 14864 14534
14309 13959 14237 12927
14256 13804 14257 13012
13923 14232 14826 14627
14610 13430 13572 13787
13765 14147 15067 13730
13663 14350 15182 13646
14374 13947 14200 12840
13923 14258 15037 14464
13379 13877 14052 14832
14402 13617 14159 13128
13437 13881 14194 14729
14838 13598 13399 13840
14435 15165 13686 13409
14309 13897 14025 12973
13544 13937 14128 14654
13863 14103 15085 13334
13430 13996 14043 14649
14778 13312 13561 13757
14422 13690 14168 13048
13668 14092 15076 13653
14321 15120 13761 13175
14092 14312 14871 14595
14650 13329 13458 13919
14588 13382 13589 13676
13516 13863 14152 14796
14295 14043 14221 12998
14337 14006 13250 13996
14563 14987 13730 13183
14239 14045 13181 14056
14643 15012 13666 13343
14472 13872 13270 14135
14891 13626 13413 13573
14434 14983 13710 13256
14627 15030 13607 13380
13764 14305 15239 13635
14485 13895 13179 14196
14429 13978 13220 14172
14647 13628 13350 13852
13468 13810 14177 14872
13350 13830 13980 14909
14670 13288 13491 14115
13476 13839 14116 14879
13542 13962 14023 14631
14409 13845 13210 14176
14647 14954 13620 13311
14435 15165 13686 13409
14374 15026 13777 13166
14571 13351 13545 13854
14565 13389 13494 13874
14603 13315 13475 14100
13634 14341 15259 13630
14253 14033 13268 14144
14592 13361 13487 14154
13634 14341 15259 13630
14481 14128 14245 12746
14605 15016 13664 13373
13592 14119 15251 13656
14596 13396 13570 13788
14599 13259 13498 14057
14878 13667 13395 13831
14328 15047 13794 13171
13592 14119 15251 13656
13445 13871 14154 14812
14619 13416 13451 14114
13936 13879 15029 13380
14479 13420 13266 13999
14610 13418 13480 13992
14651 13255 13504 14116
13476 13839 14116 14879
13936 13879 15029 13380
14596 15058 13580 13336
14481 14128 14245 12746
13765 14147 15067 13730
14878 13667 13395 13831
14878 13667 13395 13831
14651 13255 13504 14116
14481 14128 14245 12746
12625 14421 14651 13671
13336 13797 14144 14856
13672 14239 15220 13639
14084 14557 12784 13920
14354 15028 13495 13091
14371 13944 14090 12634
14600 13158 13417 14012
15058 13595 13225 13482
14127 13852 14203 12758
14293 13896 14176 12976
12824 14458 14643 13723
14417 13963 13192 14157
13407 13789 13897 14627
13431 13752 14101 14723
14011 14428 12886 13936
14099 14286 14614 14374
13489 13798 14047 14595
14707 13404 13465 13562
14094 14639 13672 13343
14598 14848 13600 13312
12657 14398 14731 13708
13815 14064 14996 13276
13418 13603 13744 14819
14504 14972 13624 13165
14770 13645 13361 13738
14067 14587 12845 13915
14822 13551 13321 13818
14740 13540 13376 13621
13613 14309 15101 13638
12782 14450 14630 13799
14603 13566 13206 13768
14973 13576 13273 13410
13889 14087 14952 13799
13390 13805 14124 14828
13908 14407 14689 14203
15002 13638 13294 13395
14111 14591 13694 13416
14532 15002 13614 13200
14536 14878 13655 13101
14874 13615 13287 13482
13942 14230 14883 14279
14514 13215 13478 14129
14446 14900 13663 13329
14561 13248 13501 14001
14550 13286 13440 14119
14573 13269 13387 14075
14517 14915 13610 13280
13792 14241 15042 13518
13728 14177 15174 13455
14746 13350 13505 13805
14381 13314 13575 13627
14842 13548 13308 13592
14592 13335 13418 14035
14545 13163 13469 14023
13973 14351 14798 14393
14039 14338 14702 14336
14592 15008 13600 13352
13858 14265 14887 14442
13685 14120 15142 13612
14023 14333 14798 14430
14568 13346 13532 13634
14356 13314 13275 14070
13807 14159 15025 13663
13977 14226 14907 14359
13731 14289 15095 13566
13728 14156 15152 13544
13760 14162 15041 13571
13768 14122 15163 13481
14116 14246 14815 14493
13717 14283 15129 13624
13691 14138 15161 13564
13949 14213 14901 14391
13870 14270 14813 14523
13984 14312 14838 14471
13998 14213 14705 14561
14034 14326 14689 14419
14048 14198 14860 14579
14048 14198 14860 14579
13921 14176 14907 14482
14024 14279 14829 14406
13931 14340 14817 14365
14034 14296 14710 14401
14091 14295 14810 14539
13906 14293 14809 14567
13940 14335 14838 14461
13873 14242 14884 14445
12714 14457 14502 13671
13374 13646 13817 14816
13453 14164 15192 13591
14036 14562 12844 13887
14290 13863 14156 12885
14435 14973 13600 13134
14510 13184 13353 14069
14817 13389 13232 13250
13292 13642 13979 14721
14202 13354 13057 13901
12774 14428 14589 13737
13978 14293 14796 14291
14074 14537 13608 13358
13377 13775 14044 14715
14538 14763 13409 13273
13363 13717 13821 14798
14536 14874 13595 13001
13545 14019 14027 14574
13523 13951 14111 14570
13752 14056 14942 13438
14551 13250 13388 14020
12739 14438 14597 13737
13894 14269 14585 14358
14373 14828 13531 13207
14076 14267 14688 14475
14674 13536 13338 13726
13860 14216 14854 14411
14411 14957 13506 13179
14490 14966 13512 13119
14090 14238 14807 14403
13602 14281 15116 13511
14755 13559 13339 13601
14008 14206 14730 14522
13610 13873 14889 13638
14365 13273 13485 13658
14662 13307 13434 13712
13677 14162 15062 13401
13713 14081 14940 13411
13972 14196 14820 14561
14602 13324 13343 13596
12767 14457 14597 13554
14528 13329 13295 14021
13657 14158 15000 13625
13648 14110 15156 13545
14774 13538 13319 13724
13706 14110 15113 13574
13670 14055 15009 13620
14550 13303 13452 13641
13628 14189 15166 13564
13978 14102 14799 14527
14763 13387 13331 13631
14520 13330 13483 13619
13622 14219 15164 13614
13672 14199 15114 13536
13618 14213 15184 13625
12577 14388 14550 13662
13273 13745 13928 14691
13500 14044 15146 13536
14076 13885 14286 12880
14393 14969 13566 13133
14400 13121 13283 14032
14716 13438 13185 13677
14245 14801 13530 13137
12727 14429 14475 13671
14425 13224 13356 14007
13301 13652 13745 14657
13340 13754 14028 14613
13695 14092 14954 13123
13981 14225 14787 14275
13642 14043 15067 13422
13934 14176 14732 14428
13810 14192 14732 14331
13598 13868 14792 13548
14468 13369 13284 13587
13970 14158 14685 14561
12693 14411 14538 13605
13603 14127 15034 13501
14023 14184 14638 14290
13587 13939 14981 13595
14602 13409 13283 13601
14559 13375 13262 13632
14509 13378 13200 13616
13508 14183 15076 13538
13670 14006 14984 13534
14023 14139 14706 14321
13669 14037 14968 13511
13655 14026 14984 13527
12462 14300 14475 13576
13451 13788 14004 14545
13522 14002 14987 13409
14047 13878 14174 12778
14149 13216 13160 13862
14167 13117 13240 13849
14369 14909 13482 13055
14574 13270 13226 13529
12643 14416 14444 13666
13833 14150 14701 14368
13442 14096 14970 13282
13580 13931 14783 13269
13503 13839 13906 14384
14538 13363 13266 13527
13542 14005 14968 13349
14540 13325 13281 13526
13491 13898 14008 14476
12488 14205 14447 13582
12516 14266 14432 13534
14401 13245 13089 13503
13177 14028 15090 14602
13628 14094 15338 14556
13952 14582 13146 14375
14050 14031 14150 14937
14254 13516 14876 13983
14342 15188 14294 14001
14824 14293 14054 13558
15049 14308 13559 14235
14019 14510 13296 14445
14783 14424 13937 13761
14958 14258 13613 14324
14585 14723 13858 14116
14030 14172 14334 14928
14117 14381 14244 14795
14779 14392 13493 13798
14525 14964 14620 14266
14749 14529 13553 13855
14921 14345 13984 13633
13838 14779 13353 14295
13308 14120 15078 14639
14858 14314 14004 13568
14563 14821 14549 14063
14372 14280 14403 14741
13896 14587 13485 14463
13586 13936 15215 14661
14824 14376 13966 13673
13562 13935 15120 14685
14621 14747 13817 14009
14231 13535 14897 14132
14259 14156 14022 14867
13390 13873 14750 14788
14240 15089 14302 13857
13734 13972 15275 14379
15049 14308 13559 14235
14382 15059 14226 13913
14836 14382 14027 13612
14701 14413 14049 13738
13177 14028 15090 14602
13949 14675 13411 14484
14670 14652 13735 14051
14549 15011 14634 14206
14342 13628 14827 14198
13691 14667 14604 14530
14782 14363 14114 13724
13867 13955 14950 14511
14434 14937 14646 14027
14800 14316 14082 13646
13817 14079 14980 14485
14314 13711 14835 14186
14733 14696 13678 13987
14294 13680 14817 14225
14137 13933 14786 14384
14178 13798 14890 14180
13573 14024 15336 14585
14334 15033 14493 14037
13731 14547 14523 14457
14669 14660 13446 14188
14205 14137 14085 14889
14291 13563 14875 14024
13517 14155 15004 14306
14178 13798 14890 14180
13638 14021 15113 14297
14025 14672 13273 14367
14352 13648 14749 14184
14609 14908 14537 13944
13443 14013 14996 14767
13736 14677 13204 14479
14443 15012 14542 14293
14363 13681 14900 13960
13758 14691 14713 14386
13342 14265 14855 13996
13727 14681 14720 14443
13791 14044 15052 14520
14643 14249 14101 13769
13785 14621 14670 14339
13733 14715 14707 14407
14404 13910 14754 14011
13474 14049 14946 14744
14160 14033 14132 14881
14530 15014 14587 14282
13621 13944 15148 14590
14597 14639 13748 14073
13442 14057 14998 14735
14367 15144 14235 13955
13413 14222 15091 14290
13490 14147 15182 14286
14050 14031 14150 14937
13486 14249 15076 14249
14380 14888 14661 13946
13331 14029 15006 14651
14792 14227 14084 13777
13821 14009 14940 14445
14819 14108 13669 14338
14396 15055 14135 13926
13721 14133 14492 14647
13797 14676 13197 14364
13722 14765 14670 14273
13405 14106 14991 14361
13711 13903 15148 14472
13874 13971 14869 14554
14050 14031 14150 14937
13415 14170 15172 14291
14715 14354 13557 14333
14613 14757 13631 14081
14368 15125 14278 13956
13485 14041 14924 14655
14591 14304 13747 14341
14611 13894 14859 14171
13621 14138 14853 14542
14265 15052 14218 14063
14314 13711 14835 14186
13952 14582 13146 14375
14613 14757 13631 14081
14193 15087 14299 13948
14241 15051 14240 14061
13628 14153 15132 14282
13308 14120 15078 14639
13390 13873 14750 14788
14265 15052 14218 14063
14611 13894 14859 14171
13442 14057 14998 14735
13733 14715 14707 14407
14368 15125 14278 13956
14380 14888 14661 13946
14291 13563 14875 14024
14597 14639 13748 14073
13721 14133 14492 14647
14254 13516 14876 13983
14404 13910 14754 14011
14193 15087 14299 13948
13195 14044 14969 14640
13510 14031 15264 14304
13836 14612 13148 14377
14015 13978 14043 14791
14256 15130 14187 13964
14263 13619 14814 14176
14823 14153 14012 13399
14963 14135 13479 14209
14520 14637 13735 14089
14286 14988 14160 13796
13685 14702 13306 14379
14688 14300 14114 13706
13315 13933 15039 14597
14647 14004 13983 13776
13808 13782 14914 14392
14557 14607 13662 13927
14810 14308 13557 13821
14530 14807 14574 13895
14395 14906 14546 14255
13771 14076 14833 14448
13521 14019 15082 14300
14341 13736 14776 13978
13478 14537 14605 14312
14453 14966 14461 13996
14933 14201 13513 14099
14848 14318 13926 13593
14730 14353 14062 13602
14205 14100 14381 14669
13505 14073 15153 14377
14742 14126 14039 13403
14785 14277 13880 13646
13612 13885 15228 14370
13817 14592 13409 14444
14705 14432 13443 13982
14824 14319 13931 13517
14653 14365 13981 13581
13269 14235 15034 14216
13934 14590 13172 14269
14545 14852 14499 13935
14178 13708 14685 14117
14123 13835 14618 14306
14288 13662 14649 14137
13880 14458 13278 14463
14699 14514 13606 13779
14771 14156 14028 13489
13456 14039 14869 14581
14192 13687 14798 14175
14415 14785 14630 14040
13698 14576 14534 14359
13982 14256 14194 14699
13892 14492 13264 14347
13945 14273 14212 14745
13361 14208 14798 14064
13503 14145 14991 14228
13364 13888 14937 14547
13973 13994 14206 14755
13331 14045 14895 14563
13234 14004 14949 14676
14077 13869 14659 14384
13708 13927 14926 14440
14207 13636 14894 13956
14826 14199 13944 13568
14138 14167 14350 14497
14439 14954 14590 14212
13980 14492 13229 14290
13713 14608 14636 14244
14795 14269 13951 13633
13626 14132 14713 14417
14092 14129 14245 14723
14522 14843 14501 14010
14805 13988 13654 14125
13872 14607 13277 14346
14486 14832 14594 14211
13686 14435 14487 14502
14071 13623 14713 14282
14743 14197 13522 13908
13377 14236 14892 14035
13437 14208 14703 13984
13890 14508 13216 14467
14320 13702 14855 14104
13662 14017 14745 14518
14018 14130 14315 14663
13662 14603 14568 14414
14022 14247 14209 14671
14232 14131 14332 14649
14018 14181 14097 14711
13405 14173 14980 14205
14271 13672 14767 14185
13680 14614 14530 14382
14299 14986 13934 13898
14016 13843 14695 14194
13576 14013 15258 14469
13223 14008 14908 14549
14092 14129 14245 14723
14334 13703 14760 14040
13507 14008 15233 14524
14718 14586 13576 13971
13200 13996 14976 14566
14785 14277 13880 13646
13386 14032 14982 14517
14746 14232 13426 13974
14785 14217 13964 13581
14415 14785 14630 14040
13576 14013 15258 14469
14751 14303 14029 13670
14771 14156 14028 13489
13621 13995 14927 14478
14806 14289 13959 13577
14323 14183 14343 14645
14818 14169 13590 14299
14462 14848 14607 14102
14751 14303 14029 13670
14770 14145 14037 13581
14183 14136 14355 14658
14507 14923 14593 14248
14840 14131 13577 14278
14459 14907 14620 14250
14507 14923 14593 14248
14183 14136 14355 14658
13106 13959 15050 14514
13432 13932 15193 14442
13869 14472 13102 14254
13935 13968 14090 14713
14110 13526 14809 14096
14212 14988 14181 13777
14712 14129 14031 13397
14867 14122 13463 14110
14496 14675 13725 14098
13255 13774 14949 14493
14725 14249 13915 13539
13986 14224 14090 14662
13463 13895 15155 14116
13121 13904 14972 14447
14543 14827 14449 13793
13854 14579 13277 14283
14514 14808 13639 13998
13565 14060 14689 14372
14084 13712 14618 14071
14055 13722 14642 14221
14808 14107 13529 14184
14123 13614 14766 13990
13628 14038 14609 14318
13892 14383 13107 14234
13707 14608 14558 14198
14673 14320 13951 13425
13770 14497 13164 14396
13300 14104 14838 14125
13378 14120 14713 13978
14700 14076 14032 13496
14449 14826 14559 13868
14087 14183 14271 14610
14425 14936 14456 13998
14714 14284 13954 13551
14250 14981 14115 13893
14507 14751 13679 14051
14374 14920 14573 13938
14503 14727 13702 13922
13917 14160 14192 14639
14627 14346 13420 13978
14243 14134 14281 14578
14757 14051 13561 14274
14674 14077 13989 13689
14296 13544 14793 13960
14473 14865 14528 14116
13503 14008 14742 14317
13439 13974 15080 14145
13747 14539 13356 14432
13934 14009 14365 14525
13534 14014 14736 14376
13222 13983 14945 14590
14620 14423 13432 13918
14582 14111 13989 13663
14667 14246 13554 13633
13430 14043 14867 13907
14659 14442 13510 13917
13857 14519 13239 14258
13657 14510 14487 14383
14573 14500 13318 13956
13559 14515 14417 14237
14445 14903 14452 14148
13456 13903 15133 14430
14765 14118 14029 13475
14717 14173 14023 13462
14254 13560 14746 14055
14371 14890 14605 14021
14104 14560 13168 14227
13654 14493 13365 14409
13179 13992 14953 14522
14353 14743 14545 14093
14591 14156 14019 13570
14321 14878 14535 14213
14174 13562 14810 14012
14114 14147 14324 14623
14622 14082 13995 13601
13251 14138 14894 14042
14236 13589 14776 14000
14146 14091 14374 14514
13927 14594 13246 14223
14304 13574 14797 13895
13725 14565 13370 14391
14141 13601 14697 14084
13192 13988 14861 14609
13713 14448 14496 14244
13433 13953 14923 14273
14057 14155 14182 14642
14593 14103 13998 13683
14679 14547 13388 13949
14154 13966 14314 14522
14188 13715 14701 13948
14212 13561 14837 14035
13202 13956 14900 14621
14636 14557 13380 13882
14688 14503 13455 13887
14223 14928 14537 13787
14660 14000 13996 13620
14601 14461 13364 13955
13433 14470 14515 14264
14505 14878 14510 13878
13450 13965 14898 14088
13112 13858 14885 14533
13424 13929 15136 14232
13818 14549 13051 14205
13907 13913 14042 14713
14066 13558 14754 14019
14210 14934 14150 13814
14733 14091 13871 13331
14744 14037 13446 14080
13200 13938 14918 14499
13213 13725 14829 14358
14143 13572 14749 13984
14414 14744 14395 14105
13974 13742 14447 14135
14488 14626 13712 13939
13631 14491 14530 14156
14631 14384 13508 13788
14538 14269 14064 13432
14574 14052 13894 13636
14699 14138 14001 13415
14536 14331 13965 13493
14528 14542 13345 13758
13904 14470 13129 14145
14716 14168 13874 13524
14283 14859 14568 13805
14193 14926 14127 13939
13714 14544 13248 14293
14395 14875 14439 14107
14657 14059 13915 13577
14419 14605 13797 14053
14588 14102 13839 13545
13645 14410 13246 14385
14302 14848 14568 13990
14284 14804 14497 14044
14452 14625 13760 14009
13211 14031 14751 14007
13714 14556 13235 14201
14555 14294 13442 13905
13665 14558 13285 14373
13673 14480 13318 14338
13646 14513 13317 14246
14678 14401 13427 13824
14481 14809 14422 13801
14587 14436 13379 13890
13664 14470 14528 14194
14406 14839 14512 14020
14492 14427 13384 13922
14643 14429 13481 13843
14623 14489 13350 13932
14585 14515 13380 13916
14649 14480 13371 13916
14643 14513 13330 13834
14643 14429 13481 13843
13079 13812 14788 14347
13177 13822 14738 14440
13326 13908 14933 14205
13736 14336 13014 14200
14104 13442 14631 13923
14286 14853 14439 13843
14590 13992 13858 13330
14596 14235 13495 13605
13574 14407 14376 14082
14272 14827 14483 13971
13538 14502 13139 14252
13194 13797 14760 14311
13942 14066 14516 13704
14459 14002 13873 13641
13374 13802 14877 14057
14390 14360 13641 13684
14490 14052 13871 13581
14536 14493 13221 13732
14357 14443 13372 13787
14475 14295 13541 13916
13814 14306 13015 14128
14470 14043 13823 13610
14581 14340 13336 13926
13743 14468 13125 14141
14587 14372 13479 13815
13789 14369 13071 14131
14499 14468 13356 13837
14255 14778 14443 13919
14432 13988 13813 13594
14433 13990 13706 13492
14471 14034 13340 13757
14262 14765 14379 13885
13722 14774 13957 13616
14261 13994 13660 13505
13708 14699 13881 13592
