1848 59.2478
2386 3009 3625 3098
2500 2918 3679 3024
2854 2972 2908 3667
2902 2565 3346 3289
3118 3850 2772 2998
3142 3598 3146 2638
3240 3376 2373 3275
3496 3320 2689 2947
3108 2777 3128 3282
3180 3591 3178 2669
2913 2607 3300 3316
3140 3634 3142 2715
2688 2890 3039 3638
2953 2662 3356 3203
3009 3776 3010 2750
3005 2717 3327 3261
3006 2827 3175 3485
3155 3536 3195 2654
2426 3047 3532 3207
3489 3329 2649 2952
2581 2990 3573 3123
2841 3234 2749 3576
2761 2841 2943 3653
2483 2993 3639 3094
2865 3835 3029 2826
2895 3728 2964 2988
2430 2948 3663 3030
3327 3342 2613 3064
2627 3072 3619 3009
2850 3174 2705 3559
2993 3809 2909 2794
2881 2606 3369 3248
3224 3571 2801 2777
2558 3032 3652 3053
3352 3374 2875 2911
3470 3408 2894 2874
3155 3596 2740 2807
2537 2965 3600 3116
2529 3001 3541 3176
2965 3808 3053 2818
3218 3735 3041 2734
2887 2695 3338 3280
2761 3060 2812 3604
2714 3382 3261 3336
2741 3273 3317 3376
3235 3352 2390 3283
3194 3462 3082 2981
3018 2682 3247 3326
3383 3428 2716 2954
3107 3634 2912 2876
2793 3324 3165 3393
3422 3311 2890 2890
2616 2975 3478 3207
2488 2913 3582 3171
2728 3301 3288 3300
2904 2950 3105 3475
3249 3457 2831 2919
2531 3156 3556 3162
2781 3249 3256 3357
3442 3302 2560 3116
3290 3384 2450 3214
3035 3728 3020 2859
2927 3528 3071 2929
2637 2858 3491 3235
2787 3296 3169 3362
2648 3143 3413 3087
3131 3647 2926 2849
2503 3083 3388 3171
3369 3477 2695 2946
2638 2971 3464 3219
3031 3482 3095 2766
3400 3495 2664 2962
3086 3609 2822 3019
3087 3672 2870 2846
2549 3069 3428 3263
2974 3761 2907 2943
2981 2870 3171 3457
3459 3347 2808 2963
2807 3337 3135 3253
2564 2974 3504 3245
3085 3021 2584 3467
2969 3633 3060 2893
2612 2972 3515 3220
3087 3553 2866 3140
3258 3417 2538 3238
2975 3062 2523 3557
2858 3030 2797 3499
2736 3385 3216 3355
2979 3742 2815 2904
3255 3372 2404 3260
3013 3130 2490 3413
2698 3407 3204 3299
2935 2862 3100 3481
2979 3499 2993 2992
3075 3603 2762 3036
2822 3110 2757 3615
3048 3642 2903 2958
3181 3484 2754 3156
3305 3348 2540 3230
3070 3101 2467 3427
3393 3427 2769 3060
3269 3360 2927 2940
3061 3052 2558 3518
3406 3447 2799 2824
3208 3420 2425 3224
3251 3440 2555 3175
2947 2913 3204 3398
2748 3103 3470 3059
2757 3275 3329 3132
2954 2922 3173 3424
2541 3042 3501 3198
2754 3206 3320 3142
3314 3560 3032 2859
2454 3211 3377 3251
2750 3185 2801 3466
3209 3326 2946 2975
3058 3080 2617 3483
2574 3013 3445 3106
2729 3056 2843 3528
3420 3346 2745 2973
2914 3719 3015 2959
3286 3327 2566 3105
2868 3717 3056 2965
3047 3116 2570 3524
3018 3087 2508 3544
2822 3110 2757 3615
2989 3715 2797 2969
3258 3356 2496 3269
2454 3211 3377 3251
3270 3268 2574 3255
2938 2855 3228 3402
2726 3168 3401 3102
3374 3371 2896 2924
3003 2939 3095 3390
2943 2930 3227 3362
2667 2941 3438 3194
3217 3257 2585 3207
3205 3473 3059 2984
2816 3003 2875 3506
3295 3352 2463 3276
2734 3226 3347 3030
2813 3192 2781 3444
3018 3692 2842 2909
2738 3137 3446 3083
2709 3098 3430 3112
3008 3654 3033 2924
2719 3437 3173 3337
2987 3007 3181 3412
2762 3144 3375 3163
2983 3094 2656 3540
2600 3038 3444 3280
3381 3437 3009 2857
2623 2996 3430 3201
2813 3192 2781 3444
3296 3302 2505 3319
2987 3678 3009 2904
3122 3652 2885 2808
2663 3047 3407 3180
3219 3447 2374 3267
2836 2994 3089 3441
2973 2993 2678 3526
2965 3498 3065 2960
3268 3394 2576 3134
3077 3501 2802 3189
2836 2994 3089 3441
2820 3158 2765 3553
2719 3225 3379 3118
3041 3702 2852 2822
3137 3348 2679 3196
2913 2902 3179 3501
2607 3032 3440 3122
2816 3336 3289 3298
2994 2993 2691 3454
3246 3400 2416 3273
2661 3119 3418 3089
2679 3110 3382 3132
2667 3002 3392 3251
2711 3242 3368 3108
3146 3510 2847 3166
3216 3360 2996 2876
3245 3323 2595 3116
3146 3510 2847 3166
2771 3163 3356 3146
2748 3431 3175 3297
2928 2935 3070 3414
3087 3672 2870 2846
3028 3099 2611 3416
2711 2997 3395 3228
2719 3080 3366 3255
3041 3702 2852 2822
2681 3169 3323 3150
2924 3616 3069 2901
2997 2920 3247 3384
2938 2855 3228 3402
2738 3137 3446 3083
3374 3470 2936 2907
3296 3500 2746 2925
3221 3496 2794 3152
3028 3099 2611 3416
3117 3601 3045 2991
3020 3031 2479 3549
3074 3072 2531 3514
2661 3119 3418 3089
3169 3569 2799 3073
2739 3167 3386 3034
2771 3163 3356 3146
3212 3306 2452 3297
2983 3094 2656 3540
2943 2930 3227 3362
3057 3653 2868 2909
2842 3089 2786 3503
3306 3313 2565 3186
3122 3652 2885 2808
3374 3470 2936 2907
2924 3616 3069 2901
3011 3687 2853 2901
2600 3038 3444 3280
2925 2908 3239 3429
2682 3446 3171 3316
3268 3394 2576 3134
3246 3400 2416 3273
3189 3561 2748 3180
3169 3569 2799 3073
3208 3420 2425 3224
3012 3648 3110 2834
2736 3385 3216 3355
3074 3072 2531 3514
2679 3110 3382 3132
2686 3033 3376 3198
3020 3031 2479 3549
2925 2908 3239 3429
2997 2920 3247 3384
3306 3313 2565 3186
3189 3561 2748 3180
3012 3648 3110 2834
2739 3160 3370 3154
3245 3517 2795 2985
3058 3080 2617 3483
2842 3089 2786 3503
3224 3536 2890 3147
3011 3687 2853 2901
2925 2908 3239 3429
2454 3211 3377 3251
3169 3569 2799 3073
3270 3268 2574 3255
2756 3151 3346 3153
3245 3323 2595 3116
3005 3480 3143 2962
3117 3601 3045 2991
2980 3680 2857 2874
3169 3569 2799 3073
2728 3394 3204 3382
2889 3099 2996 3109
2980 3680 2857 2874
3212 3306 2452 3297
3077 3501 2802 3189
3245 3517 2795 2985
3012 3648 3110 2834
2756 3151 3346 3153
3020 3031 2479 3549
2987 3007 3181 3412
2889 3099 2996 3109
2661 3119 3418 3089
2719 3437 3173 3337
3224 3536 2890 3147
3012 3648 3110 2834
3012 3648 3110 2834
2980 3680 2857 2874
2661 3119 3418 3089
2756 3151 3346 3153
2997 2920 3247 3384
2842 3089 2786 3503
3012 3648 3110 2834
3012 3648 3110 2834
3246 3400 2416 3273
3268 3394 2576 3134
3020 3031 2479 3549
3020 3031 2479 3549
2661 3119 3418 3089
2661 3119 3418 3089
2771 3163 3356 3146
2813 3192 2781 3444
2813 3192 2781 3444
2980 3680 2857 2874
3012 3648 3110 2834
3020 3031 2479 3549
3122 3652 2885 2808
3169 3569 2799 3073
3189 3561 2748 3180
3246 3400 2416 3273
3374 3470 2936 2907
2512 2936 3460 3136
2787 3057 2717 3527
2873 2798 3118 3389
2894 3510 3093 2755
2996 3667 2844 2818
3214 3381 2434 3214
3376 3331 2770 2918
2683 3370 3197 3305
2579 2971 3457 3194
2641 3211 3275 3110
3153 3440 2662 3106
3016 3012 2512 3499
3220 3294 2582 3010
2911 3618 2905 2797
3316 3461 2806 2894
3221 3314 2436 3257
2765 3073 2712 3525
2982 2820 3098 3469
3256 3332 2444 3197
2951 3023 2559 3452
2969 2853 3106 3256
2837 2909 3139 3417
3302 3291 2495 3228
3054 3567 2916 2777
2860 2886 3131 3469
2884 2830 3062 3352
3113 3534 2915 2821
3262 3273 2503 3230
3156 3344 3016 2924
2854 2943 3060 3404
3332 3389 2859 2838
2878 2851 3162 3334
2857 2961 3179 3362
3238 3297 2496 3210
2862 2931 3045 3456
2748 3096 2958 3144
3282 3461 2832 2845
2655 3423 3154 3323
2942 3594 2998 2913
3097 3622 2884 2812
3032 3564 2929 2976
2687 3250 3008 3159
2808 3624 2962 2913
2720 3041 3351 3032
2677 3148 3325 3083
3047 3643 2873 2841
2601 2992 3426 3114
2599 3009 3397 3160
3179 3494 2769 2985
2638 3169 3342 3076
2953 3575 3028 2781
3179 3419 2988 2869
2750 2997 2721 3438
2689 3087 3422 3048
2772 3051 2888 3047
2665 3162 3301 3181
2657 3321 3189 3347
2734 3183 3300 3098
2836 3078 2743 3413
3122 3576 2856 2843
2609 3270 3305 3099
3294 3435 2921 2864
3144 3500 2795 2994
2821 3020 2784 3432
3163 3410 3009 2975
2969 3474 3027 2830
2680 3131 3333 3029
3367 3438 2796 2844
2827 3075 2742 3426
3002 3596 2915 2909
3178 3475 2849 2943
2618 3163 3331 3129
2668 3074 3370 3055
2700 2997 3376 3167
3197 3558 2873 2840
2678 3119 3300 3157
2867 3555 3009 2906
2713 3122 3362 3115
3048 3488 2906 2981
3167 3426 2800 3013
2781 3031 2881 3098
3301 3408 2875 2851
3322 3401 2951 2804
2697 3062 3381 3095
2708 2994 3291 3134
2670 3065 3335 3138
3322 3401 2951 2804
3169 3420 2852 2941
2702 3148 3298 3109
2593 2960 3382 3229
2610 3022 3353 3120
3144 3498 2836 3124
2736 3052 3005 3136
3170 3555 2971 2811
2865 3017 2866 3013
3298 3412 2833 2812
2767 3271 2997 3132
2657 3059 3277 3197
2638 3169 3342 3076
2593 2960 3382 3229
3144 3498 2836 3124
3178 3475 2849 2943
3170 3555 2971 2811
2593 2960 3382 3229
2374 3064 3242 3071
2656 3002 3376 3070
2784 2976 2691 3509
2929 2820 3091 3452
2945 3545 2972 2737
2953 3604 2811 2756
3219 3212 2358 3223
3347 3386 2796 2832
2839 2837 3125 3387
2457 3093 3210 3097
3152 3328 2644 3041
3308 3402 2738 2791
3114 3181 2542 3091
2923 3437 2843 2937
3218 3188 2522 2997
2552 3155 3268 3064
2736 2982 2993 3077
3190 3236 2405 3158
2402 3041 3274 3131
2669 2940 3376 3137
3179 3275 2362 3177
3175 3285 2435 3208
2785 2999 2698 3452
2930 3453 2884 2911
3261 3203 2435 3158
3031 3564 2897 2896
2589 3121 3222 3069
2854 3424 2965 2758
2818 3522 2938 2814
2622 3105 3325 3005
3092 3559 2878 2764
3000 3579 2883 2853
2690 3107 2910 3037
3156 3340 2929 2928
2613 2962 3353 3137
2725 3005 2946 3105
3256 3358 2828 2834
2662 2985 3279 3141
3289 3417 2833 2820
3054 3560 2910 2768
2567 3076 3349 3038
2719 3075 2938 3108
3227 3363 2698 2852
2621 3062 3316 3070
3208 3372 2834 2830
2818 3522 2938 2814
2945 3545 2972 2737
3033 3589 2829 2761
2676 3183 3260 3059
2840 3435 2910 2832
3000 3579 2883 2853
2676 3183 3260 3059
2589 2953 3352 3053
2799 2825 3039 3366
2879 2812 3049 3336
2999 3573 2755 2762
3058 3478 2851 2697
3160 3266 2293 3085
2675 2993 2815 3005
2610 2956 3303 2936
3115 3396 2810 2753
2853 3534 2863 2808
2874 3313 2894 2795
2593 2975 3335 2979
3084 3369 2721 2711
