10032 30.9729
34625 34535
34625 34535
34435 34773
34435 34773
34616 34545
34435 34773
34435 34773
34435 34773
34435 34773
34435 34773
34435 34773
34616 34545
34435 34773
34435 34773
34590 34709
34435 34773
34435 34773
34435 34773
34435 34773
34435 34773
34616 34545
34435 34773
34435 34773
34435 34773
34435 34773
34435 34773
34435 34773
34435 34773
34435 34773
34435 34773
34616 34545
34435 34773
34435 34773
34435 34773
34435 34773
34435 34773
34435 34773
34435 34773
34435 34773
34435 34773
34616 34545
34435 34773
34435 34773
34435 34773
34435 34773
34435 34773
34435 34773
34435 34773
34435 34773
34616 34545
34435 34773
34435 34773
34435 34773
34435 34773
34435 34773
34435 34773
34435 34773
34435 34773
34616 34545
34435 34773
34435 34773
34435 34773
34435 34773
34435 34773
34435 34773
34435 34773
34435 34773
34616 34545
34435 34773
34435 34773
34435 34773
34435 34773
34435 34773
34435 34773
34435 34773
34435 34773
34616 34545
34435 34773
34435 34773
34435 34773
34435 34773
34435 34773
34435 34773
34435 34773
34435 34773
34435 34773
34435 34773
34435 34773
34435 34773
34435 34773
34435 34773
34435 34773
34435 34773
34435 34773
34435 34773
34435 34773
34435 34773
34616 34545
34435 34773
34435 34773
34435 34773
34435 34773
34435 34773
34435 34773
34435 34773
34435 34773
34435 34773
34435 34773
34435 34773
34435 34773
34435 34773
34435 34773
34435 34773
34435 34773
34616 34545
34435 34773
34435 34773
34435 34773
34435 34773
34435 34773
34435 34773
34435 34773
34435 34773
34435 34773
34435 34773
34435 34773
34435 34773
34435 34773
34435 34773
34435 34773
34373 35062
34435 34773
34435 34773
34435 34773
34435 34773
34391 34816
