31 0.947189
24786 24607
24683 24768
24903 24185
24156 24923
23736 24963
24037 24938
25021 24034
24353 24878
24903 24185
24158 24901
23614 24991
24970 24060
25048 23759
24718 24564
24752 24269
24730 24407
24555 24742
23868 24921
24987 23963
25009 23908
24265 24776
24308 24775
24754 24146
24849 24130
24147 24861
24145 24896
23383 24936
22974 24961
24884 24053
24708 24479
24737 24185
24721 24371
24500 24643
24415 24709
24514 24642
24539 24504
23831 24900
23805 24906
23831 24900
24985 23846
24924 23880
24258 24715
24829 24127
24066 24827
24129 24761
23888 24836
24026 24835
23354 24928
24671 24449
24632 24470
24645 24462
24679 24424
24726 24174
24730 24138
24690 24312
24407 24702
24495 24540
24505 24498
23707 24885
23485 24900
24215 24703
24215 24703
24787 24042
24826 23690
24808 23873
24043 24805
24055 24725
23813 24831
23869 24825
24602 24453
24657 24195
24609 24290
24682 24125
24621 24201
24335 24682
24353 24677
24390 24629
24405 24559
24453 24520
23678 24856
23599 24873
23402 24886
24188 24693
24767 23862
23959 24741
23892 24745
24019 24715
23756 24829
23852 24793
24566 24339
24547 24452
24626 24145
24609 24227
24580 24286
24598 24285
24673 23988
24631 24106
24220 24646
24362 24600
24311 24605
24374 24552
24420 24510
24427 24474
23668 24836
23607 24844
22821 24875
23314 24853
24089 24665
24750 23702
24729 23800
24704 23848
23927 24721
24019 24699
23844 24749
23837 24752
23816 24776
24484 24390
24543 24311
24578 24220
24641 23957
24671 23865
24619 24078
24157 24607
24099 24646
24144 24627
24318 24571
24304 24577
24304 24577
24283 24598
24302 24582
24250 24599
24169 24601
24333 24536
24358 24453
23538 24830
24734 23684
24702 23809
23910 24721
23996 24677
23952 24687
23718 24732
23699 24752
23697 24770
23772 24727
24426 24362
24484 24347
24565 24147
24526 24160
24638 23946
24659 23819
24595 24050
24095 24631
24042 24644
24105 24618
24271 24548
24296 24538
24248 24560
24114 24585
24152 24583
24330 24490
23391 24797
22473 24813
23524 24791
24709 23637
24692 23716
23893 24712
23909 24675
23690 24765
23737 24722
23707 24727
23349 24789
24686 23482
24622 23873
23506 24781
24685 23642
24470 24345
23633 24751
24398 24360
23826 24684
24593 23998
24647 23723
23897 24650
23732 24707
24322 24420
24048 24628
23977 24643
24478 24210
23359 24783
24066 24560
24132 24552
24202 24544
23677 24724
24565 24106
24581 24035
24514 24129
24484 24194
