10 0.764533
22158 21849 22871 21954
23400 20872 21957 22292
22898 20998 22546 22111
21952 21786 22821 22299
21979 20872 23302 22720
22017 21482 23159 22144
23187 21017 21520 22342
21273 20989 23485 22144
22712 21086 22220 22691
21632 20571 21911 23126
21273 20989 23485 22144
20954 22414 21032 20946
23400 20872 21957 22292
21541 20830 22689 22408
21479 21227 23125 22242
21362 20573 22846 22346
21718 21401 22759 22055
23147 21070 21613 22346
21799 21057 22334 21996
23098 21170 21553 22201
21659 21371 22537 22062
22946 20745 21272 21957
21837 21312 22767 21870
22518 21103 22013 22099
23173 21130 21316 22245
23059 20869 22060 22527
21658 20760 21931 23027
22059 21634 22881 22061
22908 20624 21332 21819
22807 20523 21406 21974
21372 20567 22713 22519
22800 20422 21471 22023
20701 22172 21231 20589
22508 20265 22114 21875
21539 21303 23498 22437
23249 20660 21455 22190
22944 20692 21701 22137
21471 20297 21899 22832
21536 20900 22997 22844
21571 20822 21951 23259
22720 20952 22208 21804
22035 21557 22582 22149
21774 21365 22995 22063
20838 22033 20696 20421
22942 20743 21739 22517
22175 21534 22634 21952
21549 21234 23342 22225
23426 20538 21802 22074
21682 21486 22597 22350
22903 20619 21844 22241
21374 21227 22960 22186
22646 21010 22173 22506
21341 21254 23426 22248
21950 21265 22738 21965
22695 20355 21586 22145
22973 20773 21407 22002
22766 20715 21647 22157
21209 21242 23346 21931
21945 21683 22491 22194
21466 21046 23494 22082
21690 21192 23328 22530
21190 22591 21293 20685
21423 20875 23315 22182
21933 20907 23268 22530
22776 20333 21283 21896
21479 20556 21760 22672
22566 20934 22056 22443
21934 21539 22723 22040
21052 22076 21102 20423
22651 20957 22167 22147
22930 20695 21239 21997
23240 20803 21898 22211
21703 21300 22909 21871
22019 21757 22600 21913
22089 21084 22959 21923
22068 21588 23040 21899
22881 20440 21654 22276
23065 21052 21382 22116
21099 21150 23292 22191
21860 21647 22878 22210
21689 21167 22660 21916
21001 20616 23076 22091
22080 21630 22852 21829
22914 20720 21573 21824
20695 22248 20825 20616
21721 21272 22559 21793
22136 21880 22657 22245
22255 20811 22391 22197
21490 21248 23199 22373
21044 22348 20919 20671
22729 21028 22290 22682
22435 20822 22154 22048
21829 20916 23107 22614
22348 21612 22961 22153
21122 20733 23080 22007
20826 22330 20960 20697
22287 20431 22070 21920
21414 20918 22950 21795
22689 20970 22103 22336
21717 21589 22962 22390
21983 21522 22760 21850
21173 21027 23225 22400
22105 21630 22580 21818
20538 22024 20895 20386
20942 21951 20623 21050
22960 20664 21326 21765
21026 20821 23016 22063
22582 21121 22020 22486
22751 20882 22114 21880
21850 21171 23143 22617
22635 21103 22388 21896
22948 21032 21969 22105
21595 20564 21874 22901
22323 20616 22198 22141
21819 21814 22483 21917
21947 21332 22713 21775
21455 20958 23181 22095
21479 20961 22389 21782
22841 20399 21257 21826
22908 20539 21555 21902
23083 20872 21686 21740
22570 20667 22132 21748
22894 21202 22365 22767
23105 20703 21361 21962
21307 21058 23068 22117
22135 21417 22914 22027
21956 21636 22774 22286
21655 21705 22757 21898
21723 21165 23165 22079
23053 20760 21522 22254
21788 20774 23029 23035
21759 20657 21941 22902
21658 20892 23391 22601
22669 20767 22324 22401
21011 20729 22902 21922
20740 22055 20767 20648
22880 20579 21698 21912
21554 20451 21628 22580
22983 21170 22231 22300
23047 20997 21587 22189
21781 21782 22910 22786
21467 21227 23188 22244
22807 20785 21411 22171
22748 20730 21614 22250
21668 20661 23230 22452
23027 20528 21482 21898
21579 20747 23179 22965
23008 20579 21450 22157
23201 20847 21797 22255
20852 22294 20441 21010
21099 21084 23228 21825
22123 20924 22097 22793
22700 21030 22239 22342
21000 21131 22932 21988
22556 20885 22038 22320
21345 20950 23387 22438
22182 21518 22750 22242
21787 21341 22815 22128
23252 20854 22132 22456
22970 21002 21793 22714
22914 20657 21658 22146
21666 21036 23185 22717
22354 20839 22147 22061
21965 21407 22665 22037
21101 22450 21408 20705
21539 20429 21803 22681
21524 20836 23088 22387
21519 20890 23180 22198
20714 22067 21161 20570
22984 20826 21649 22338
20907 22245 20987 21136
20936 21978 20952 20607
21172 21009 23373 22249
22693 20551 21622 21902
21864 20866 23018 22406
22418 20822 22461 22086
22497 20824 22576 21969
20692 22190 20838 20491
21347 21060 23094 22076
22486 20934 22150 22014
21735 20801 23157 22945
21986 20789 22004 23252
21633 21008 22426 21909
21546 21043 22758 22029
23200 21058 21935 22384
22446 21071 22200 22246
21725 20625 23124 22779
22213 20649 21748 22349
22068 21572 22610 21749
23025 20438 21693 21895
20505 21881 20673 20417
23251 20530 21281 22062
22254 21695 23334 22149
22844 20765 20985 21915
21392 20928 23230 22085
22782 20371 21691 22082
22845 20619 21344 22196
22613 20870 22299 22192
23276 20766 21904 22179
21109 20913 23328 21952
22868 20804 21678 22173
20825 22039 21029 20529
22958 20679 21826 22120
21943 20714 23498 22568
21771 20974 23148 22110
22783 20481 21794 22214
22440 20748 22165 22199
23267 20841 21908 22282
23116 20715 21510 21959
22650 20770 22616 22779
22808 20888 21424 21973
21457 20783 23506 22150
23345 20775 21413 22079
22925 20750 21559 21977
23152 21119 21659 22328
21341 20795 23016 21711
21837 21395 22768 22109
23178 20708 21802 22102
22039 20595 22885 22876
21034 20996 23482 21922
22016 21571 22981 22018
21983 21482 22758 22056
21789 21524 22621 22280
21338 20397 21434 22710
21891 21528 22919 21984
20796 22443 20847 20611
23076 20538 21815 22083
22349 20699 22370 21813
21141 20996 23239 22419
22991 20700 21533 22303
23057 20994 21480 22166
22103 20300 22131 21746
21672 21284 22593 21769
21072 22042 20850 20669
20461 21656 20966 20284
21821 21374 22918 22025
21538 20526 21861 22498
21551 21150 23316 22297
21650 20632 22848 22704
22688 20718 21995 22247
21963 21601 22824 21897
21576 20472 21890 22981
20976 20760 23120 22046
22197 21382 22904 22474
22583 20692 22426 21818
21040 22053 20986 20394
22473 20292 21875 22288
20869 22178 20925 20549
21656 20864 23041 23064
22432 21068 22552 22179
22121 21461 22849 22198
21193 22286 21301 20814
21364 21020 23227 21774
21992 21628 22826 22220
23143 20799 21615 22055
21901 20876 23250 22599
22991 20785 22222 22082
23114 20512 21653 21809
21491 21186 23254 22372
21800 20738 22123 23145
21335 20478 21767 22995
21046 20711 23150 22060
21637 21740 22355 21818
20749 22431 20905 20633
23111 20488 21664 21730
22595 20889 22113 22240
21878 21858 22892 22164
22499 20862 21828 22287
21662 21327 23305 22549
22870 20550 21358 21827
22087 21742 22949 22084
22806 21103 22114 22543
21175 20776 23044 21854
21536 21017 23379 22259
22066 21728 22685 22301
20610 21960 20307 20622
21735 21461 22542 21786
21936 20659 23094 22461
23307 21342 21720 22278
22750 20899 21391 22187
21522 21267 23057 22133
22462 20938 22019 22177
21985 21883 22758 22419
22673 20799 22302 22353
21606 20705 21935 23177
21368 21323 23351 22246
22647 20846 22106 22181
22749 20624 21659 22196
21805 20726 23304 22459
22024 21526 22754 21668
21886 21585 22728 22539
23429 20772 21681 21954
21389 21090 23264 22378
22695 20470 21627 21499
23132 20735 21659 21962
21331 20335 21774 22995
23301 20733 21859 22235
22643 21052 22304 22554
22567 21061 22629 22359
22095 21711 22622 22171
22122 21722 22640 21692
21167 21028 23187 22267
21356 21407 23267 21915
21709 20311 21480 22797
23223 20890 21656 22198
22742 20816 21582 22319
22522 20745 22657 22047
21463 20297 21659 22851
23090 20923 21636 21934
23171 20965 21729 22298
22042 21646 22563 22421
22022 20802 22001 21776
21943 21216 22539 22143
23190 21075 21725 22548
21822 20983 23181 22688
21903 21372 22435 21749
20688 21804 20833 20471
21653 20484 21759 22841
21829 21563 22852 22216
21817 21328 22599 21639
21304 21178 23024 22148
21138 21064 22962 22034
22548 21060 22258 22502
22928 21016 21166 21882
21937 21443 22905 21963
20709 22344 21156 20738
21765 20289 21845 23022
22930 20461 21416 21968
21391 21206 23468 22108
21146 21009 23393 21853
22422 21051 21988 22328
21507 21456 23599 22259
22176 21552 22809 21800
22586 20707 22037 22685
21930 21457 22884 21947
22657 21035 22567 22160
21433 20630 22086 22824
20986 22376 21214 20787
22371 20604 22498 21893
20835 22313 21081 20939
21931 21006 23073 22879
22906 20737 21526 22004
21211 21949 20873 20699
22891 21008 21408 22336
23589 20878 22066 22109
22565 20859 22075 21963
21959 21533 22641 21792
21278 20902 23136 22348
21314 21201 23300 22097
21908 21463 23130 21949
22438 20774 22175 22039
23238 20855 22070 22292
21581 21163 22526 22146
21624 20087 21504 22685
22731 20768 21559 22063
22546 20582 22005 22026
22023 21465 22829 21882
21888 21350 22701 22037
22710 20508 21537 21838
23147 20550 21873 22219
22614 20756 22253 21858
22232 20767 22054 21732
22007 21287 22980 22330
22895 20269 21551 21986
21973 21692 22790 21990
21716 20942 22840 22222
21612 21525 22257 22117
21116 21102 23247 22168
23171 20470 21522 21770
23018 20552 21355 22009
22124 21508 22662 22069
21750 21021 23415 23001
21892 21218 22980 22764
21876 20831 23052 22747
22838 20589 21876 22283
23001 20919 21628 22093
21456 20863 22429 21695
22906 21016 21505 21869
22323 20810 22370 22130
23250 20603 21880 22528
22718 20570 21580 21915
21873 21543 22731 22065
21585 20491 22849 22672
21637 21523 23164 22210
20949 22313 21379 20880
22217 20589 22332 21859
22814 20766 21701 22035
22823 21348 22093 22528
21863 21125 23129 22584
22995 20971 21346 21883
21134 21014 23322 21738
22632 21017 22295 22665
21569 21451 23488 22600
22594 20616 21419 21724
21324 21149 22788 22227
21317 20890 23158 21782
21365 21171 23242 22353
22526 20919 22256 21927
21969 21277 23081 21943
23127 20691 21451 22193
21862 21430 22773 21927
23153 21181 21798 22517
21903 20830 23322 22581
22924 20495 21678 21989
21354 21356 23261 22294
22866 20805 21396 22033
22548 20987 22417 22081
21835 21247 23119 22131
21292 21091 23463 22281
23063 20631 21522 22231
21701 21360 22639 21799
21606 20874 23437 23091
21936 21622 23040 22024
23002 20821 21492 22109
21721 21353 22694 22079
23102 21078 21498 22297
21945 21698 23001 22384
22040 21114 23169 22623
21796 21638 22736 22385
21842 21612 22576 22277
21648 21589 23414 22405
22950 20762 21759 22462
21987 21390 22416 22350
22684 20974 22666 22232
21804 20718 22834 22594
21865 21652 22761 22204
21230 21315 23578 22034
22622 20708 21988 21667
21303 21144 22626 21801
23024 20501 21757 21950
22250 22025 22833 22392
21435 21314 23154 22067
22923 20839 21255 22047
21877 21611 22562 22403
21884 21508 22409 21730
21824 21520 22365 22221
21998 21672 22986 22398
21611 21484 22455 22019
22718 20838 22307 22009
22195 21548 22827 21871
21661 21406 22840 21692
23162 20615 21442 22039
21079 20842 23066 22488
21880 21731 22933 22611
21718 20702 23241 22554
21832 21008 23115 22702
21698 21610 22649 22246
21061 21091 23348 22204
22847 20958 21530 22396
20544 21750 20717 20564
21763 20663 23259 22552
22200 21290 22572 21990
21368 20903 23359 22157
21697 21385 22876 21747
23064 20653 21613 22349
22048 21427 22589 21828
20910 22193 20596 20376
20990 22340 20815 20836
22486 20750 22041 21870
21620 21225 23543 22218
23350 20949 21845 22374
22222 21465 23074 22063
20913 21925 20933 20654
21514 21388 22585 21674
21775 20551 21894 23036
22003 22015 22787 22384
21536 21136 22902 21840
23089 20778 21717 22228
23049 20501 21459 22167
20762 21805 20713 20644
21669 21327 22665 22224
22406 21011 22163 21995
