954 1.88774
23354 22978
23354 22978
23354 22978
23354 22978
23354 22978
23354 22978
23354 22978
23354 22978
23354 22978
23234 23131
23354 22978
23354 22978
23354 22978
23354 22978
23234 23131
23354 22978
23354 22978
23354 22978
23354 22978
23354 22978
23354 22978
23354 22978
23354 22978
23354 22978
23354 22978
23354 22978
23354 22978
23354 22978
23354 22978
23354 22978
23354 22978
23354 22978
23354 22978
23354 22978
23354 22978
23354 22978
23354 22978
23354 22978
23354 22978
23354 22978
23354 22978
23354 22978
23354 22978
23354 22978
23354 22978
23354 22978
23354 22978
23354 22978
23354 22978
23354 22978
23354 22978
23354 22978
23354 22978
23354 22978
23354 22978
23354 22978
23354 22978
23354 22978
23354 22978
23354 22978
23354 22978
23354 22978
23354 22978
23354 22978
23354 22978
23354 22978
23354 22978
23354 22978
23354 22978
23354 22978
23354 22978
23354 22978
23354 22978
23354 22978
23354 22978
23354 22978
23354 22978
23354 22978
23354 22978
23354 22978
23354 22978
23354 22978
23354 22978
23354 22978
23354 22978
23354 22978
23354 22978
23354 22978
23354 22978
23354 22978
23354 22978
23354 22978
23354 22978
23354 22978
23354 22978
23354 22978
23354 22978
23354 22978
23354 22978
23354 22978
23354 22978
23354 22978
23354 22978
23354 22978
23354 22978
23354 22978
23354 22978
23354 22978
23354 22978
23354 22978
23354 22978
23354 22978
23354 22978
23354 22978
23354 22978
23354 22978
23354 22978
23354 22978
23354 22978
23354 22978
23354 22978
23354 22978
23354 22978
23354 22978
23354 22978
23354 22978
23354 22978
23354 22978
23354 22978
23354 22978
23210 23120
23210 23120
23210 23120
23210 23120
23210 23120
23210 23120
