2123 129.033
4081 3229 3122
3101 4147 2976
3224 3084 3947
3305 4052 3332
3191 3634 3782
4025 3402 3307
3418 3458 3827
3962 3629 3208
3143 4127 3155
3301 3952 3539
3587 3215 3802
4053 3216 3327
3224 3084 3947
3889 3548 3480
3779 3821 3327
3595 4042 3027
3301 3952 3539
3768 3938 3048
3266 3256 3929
3779 3821 3327
3397 3980 3470
3397 3980 3470
3849 3425 3593
4081 3229 3122
3266 3256 3929
4034 3239 3374
3595 4042 3027
3143 4127 3155
3266 3256 3929
4034 3239 3374
3307 3898 3586
3768 3938 3048
3120 4092 3303
3668 3640 3610
3603 3763 3559
4056 3359 3211
3266 3256 3929
3889 3548 3480
3822 3754 3350
3335 4111 3107
3307 3898 3586
3985 3551 3270
3389 3166 3894
3998 3505 3286
3452 4081 3099
3356 3983 3478
3756 3305 3676
4048 3408 3167
3266 3256 3929
3929 3362 3519
3659 3969 3233
3659 3969 3233
3397 3980 3470
4004 3549 3170
3137 3653 3780
3738 3955 3065
3397 3980 3470
3301 3952 3539
3849 3425 3593
4053 3216 3327
3353 3188 3906
3994 3351 3425
3768 3938 3048
3263 4139 2996
3137 3653 3780
3889 3548 3480
3266 3256 3929
3935 3573 3369
3335 4111 3107
3603 3763 3559
3889 3548 3480
4081 3229 3122
3224 3084 3947
3849 3425 3593
3659 3969 3233
3541 4015 3271
3442 3921 3519
4056 3359 3211
3587 3215 3802
4004 3549 3170
3179 4145 2930
3301 3952 3539
3389 3166 3894
4053 3216 3327
3224 3084 3947
3889 3548 3480
3779 3821 3327
3452 4081 3099
3301 3952 3539
3962 3629 3208
3137 3653 3780
3659 3969 3233
3502 3975 3413
3397 3980 3470
3822 3304 3625
4066 3320 3146
3156 3388 3892
3938 3366 3501
3595 4042 3027
3120 4092 3303
3418 3458 3827
4034 3239 3374
3418 3458 3827
3962 3629 3208
3143 4127 3155
3668 3640 3610
3717 3667 3547
4066 3320 3146
3266 3256 3929
3779 3821 3327
3889 3548 3480
3263 4139 2996
3307 3898 3586
3985 3551 3270
3353 3188 3906
3985 3551 3270
3335 4111 3107
3128 4074 3348
3587 3215 3802
4048 3408 3167
3224 3084 3947
3938 3366 3501
3659 3969 3233
3607 3993 3246
3442 3921 3519
4048 3408 3167
3307 3898 3586
3768 3938 3048
3120 4092 3303
3418 3458 3827
3668 3640 3610
4056 3359 3211
3266 3256 3929
4034 3239 3374
3768 3938 3048
3143 4127 3155
3137 3653 3780
3994 3351 3425
3266 3256 3929
3822 3754 3350
3541 4015 3271
3502 3975 3413
3849 3425 3593
4081 3229 3122
3224 3084 3947
3849 3425 3593
3502 3975 3413
3391 4051 3293
3448 3867 3566
4025 3402 3307
3587 3215 3802
3962 3629 3208
3263 4139 2996
3301 3952 3539
3587 3215 3802
4053 3216 3327
3224 3084 3947
3994 3351 3425
3768 3938 3048
3595 4042 3027
3128 4074 3348
3768 3938 3048
3155 3439 3875
3659 3969 3233
3397 3980 3470
3397 3980 3470
3756 3305 3676
4056 3359 3211
3266 3256 3929
3965 3342 3467
3738 3955 3065
3143 4127 3155
3418 3458 3827
4034 3239 3374
3418 3458 3827
3768 3938 3048
3143 4127 3155
3668 3640 3610
3668 3640 3610
4056 3359 3211
3266 3256 3929
3889 3548 3480
3822 3754 3350
3452 4081 3099
3307 3898 3586
3985 3551 3270
3587 3215 3802
3998 3505 3286
3595 4042 3027
3120 4092 3303
3849 3425 3593
4004 3549 3170
3156 3184 3942
3849 3425 3593
3607 3993 3246
3502 3975 3413
3301 3952 3539
4004 3549 3170
3137 3653 3780
3768 3938 3048
3128 4074 3348
3442 3921 3519
3849 3425 3593
4053 3216 3327
3266 3256 3929
3994 3351 3425
3768 3938 3048
3263 4139 2996
3137 3653 3780
3962 3506 3371
3266 3256 3929
3985 3551 3270
3335 4111 3107
3695 3771 3465
3889 3548 3480
4081 3229 3122
3156 3184 3942
3849 3425 3593
3779 3821 3327
3335 4111 3107
3418 3458 3827
4053 3216 3327
3418 3458 3827
3768 3938 3048
3101 4147 2976
3301 3952 3539
3587 3215 3802
4053 3216 3327
3224 3084 3947
3994 3351 3425
3768 3938 3048
3595 4042 3027
3301 3952 3539
3962 3629 3208
3266 3256 3929
3779 3821 3327
3502 3975 3413
3502 3975 3413
3849 3425 3593
4081 3229 3122
3223 3435 3871
3994 3351 3425
3595 4042 3027
3064 4114 3216
3266 3256 3929
4034 3239 3374
3191 3634 3782
3768 3938 3048
3391 4051 3293
3442 3921 3519
3849 3425 3593
4081 3229 3122
3266 3256 3929
3779 3821 3327
3889 3548 3480
3263 4139 2996
3301 3952 3539
3962 3629 3208
3389 3166 3894
3994 3351 3425
3263 4139 2996
3301 3952 3539
3587 3215 3802
4056 3359 3211
3266 3256 3929
3938 3366 3501
3659 3969 3233
3659 3969 3233
3442 3921 3519
4004 3549 3170
3156 3760 3700
3738 3955 3065
3128 4074 3348
3307 3898 3586
3418 3458 3827
4053 3216 3327
3266 3256 3929
3994 3351 3425
3768 3938 3048
3263 4139 2996
3223 3435 3871
3994 3351 3425
3266 3256 3929
3962 3629 3208
3541 4015 3271
3502 3975 3413
3849 3425 3593
4081 3229 3122
3156 3184 3942
3849 3425 3593
3502 3975 3413
3502 3975 3413
3307 3898 3586
3998 3505 3286
3587 3215 3802
4004 3549 3170
3263 4139 2996
3301 3952 3539
3587 3215 3802
4025 3402 3307
3266 3256 3929
3889 3548 3480
3822 3754 3350
3595 4042 3027
3301 3952 3539
3962 3629 3208
3266 3256 3929
3779 3821 3327
3502 3975 3413
3397 3980 3470
3849 3425 3593
4081 3229 3122
3266 3256 3929
4034 3239 3374
3738 3955 3065
3335 4111 3107
3418 3458 3827
4053 3216 3327
3418 3458 3827
3768 3938 3048
3143 4127 3155
3849 3425 3593
3502 3975 3413
4016 3522 3133
3156 3184 3942
3717 3667 3547
3889 3548 3480
3263 4139 2996
3137 3653 3780
3998 3505 3286
3266 3256 3929
3985 3551 3270
3452 4081 3099
3128 4074 3348
3756 3305 3676
4016 3522 3133
3266 3256 3929
3849 3425 3593
3659 3969 3233
3607 3993 3246
3442 3921 3519
4004 3549 3170
3137 3653 3780
3768 3938 3048
3169 4071 3340
3442 3921 3519
3849 3425 3593
4053 3216 3327
3266 3256 3929
4034 3239 3374
3768 3938 3048
3101 4147 2976
3137 3653 3780
3994 3351 3425
3266 3256 3929
3822 3754 3350
3391 4051 3293
3442 3921 3519
3849 3425 3593
4081 3229 3122
3224 3084 3947
3849 3425 3593
3779 3821 3327
3402 4083 3165
3418 3458 3827
4053 3268 3294
3418 3458 3827
3962 3629 3208
3263 4139 2996
3301 3952 3539
3587 3215 3802
4053 3216 3327
3224 3084 3947
3994 3351 3425
3768 3938 3048
3595 4042 3027
3397 3980 3470
3962 3629 3208
3137 3653 3780
3659 3969 3233
3502 3975 3413
3397 3980 3470
3822 3304 3625
4048 3408 3167
3156 3388 3892
3938 3366 3501
3595 4042 3027
3120 4092 3303
3418 3458 3827
4034 3239 3374
3418 3458 3827
3962 3629 3208
3143 4127 3155
3668 3640 3610
3717 3667 3547
4056 3359 3211
3266 3256 3929
3889 3548 3480
3822 3754 3350
3452 4081 3099
3301 3952 3539
3962 3629 3208
3389 3166 3894
4025 3402 3307
3263 4139 2996
3128 4074 3348
3587 3215 3802
4004 3549 3170
3224 3084 3947
3849 3425 3593
3659 3969 3233
3541 4015 3271
3442 3921 3519
4056 3359 3211
3307 3898 3586
3768 3938 3048
3128 4074 3348
3307 3898 3586
3418 3458 3827
4053 3216 3327
3266 3256 3929
4034 3239 3374
3768 3938 3048
3263 4139 2996
3137 3653 3780
3994 3351 3425
3266 3256 3929
3962 3629 3208
3452 4081 3099
3639 3898 3382
3915 3457 3497
4081 3229 3122
3224 3084 3947
3849 3425 3593
3639 3898 3382
3391 4051 3293
3418 3458 3827
4053 3216 3327
3418 3458 3827
3962 3629 3208
3263 4139 2996
3301 3952 3539
3587 3215 3802
4056 3359 3211
3266 3256 3929
3935 3573 3369
3962 3629 3208
3595 4042 3027
3301 3952 3539
3768 3938 3048
3266 3256 3929
3822 3754 3350
3391 4051 3293
3442 3921 3519
3849 3425 3593
4081 3229 3122
