912 143.85
25969 23654 26660 24089
26116 25167 26191 23933
24327 24133 24736 26879
25547 23240 25363 26018
25515 23437 27327 24197
23696 23843 26634 25718
26726 24331 25388 24472
23849 25042 24811 25754
26201 23634 24668 25984
26531 23239 25481 24941
23267 24819 26501 24898
26647 24253 24551 24687
24890 23242 24536 26914
24922 23138 26873 25477
24794 25151 25970 24581
24848 22801 27288 24624
24933 25092 25228 25358
24705 24943 26642 23643
24801 22428 26660 25930
25540 25139 25199 24668
24191 24930 24629 26368
24340 23275 25239 27110
24922 24133 25219 25905
25574 24775 26622 23975
24135 23996 26689 25234
24020 24429 27133 23902
24229 23182 26103 26452
25105 23413 25474 26551
24939 24177 24608 26506
24717 22482 26553 26243
23912 23847 27566 24355
24956 26044 25471 24715
24847 25178 24526 25739
24257 25205 26069 25268
26237 24225 25213 24844
26145 25157 25097 23885
24434 24135 26170 25987
26192 23347 26039 24791
23549 23907 25767 26366
24016 25028 26815 24457
24479 26210 25675 23525
25621 25185 26245 24339
26256 24247 26073 24257
24884 22747 26004 26005
24536 23461 26758 25914
25629 24094 26050 24876
25304 26081 24868 23640
24179 24071 25082 26477
25426 25111 24124 25116
26771 23332 25777 24179
25574 23978 25219 25366
24867 23919 26788 24624
23866 25977 25734 24270
24004 26058 24954 25129
26175 24279 24773 25434
24416 25743 26639 24001
26112 24178 26757 23965
25606 24202 24509 25899
24857 24035 26037 25354
26527 24619 25522 23633
25520 23866 26766 24049
25650 23427 26150 25368
24946 24087 27428 24077
26581 24142 26082 23899
26155 25090 24511 24806
24540 23275 27265 25231
26253 23145 25423 25167
23571 24483 25787 25782
25429 23250 24696 26400
25448 22910 26965 24622
25019 24653 25064 26074
25832 25225 24996 23721
25097 24599 26781 24301
24182 24885 24748 26308
25425 23152 26059 25452
26005 25035 26071 24109
26421 23533 25386 25252
24073 25840 25065 25182
23935 23814 27426 24374
25353 25728 24774 23683
24797 25501 25901 23701
26472 24573 25581 23672
25774 23149 26446 24597
24746 25188 25947 24611
24934 23318 24644 26827
25992 23736 24621 25761
24969 22874 26431 25686
24194 23380 24852 26839
23929 24259 26795 25273
25057 24136 27108 24340
24948 25131 25489 24927
24511 23278 27203 25158
24412 22935 26904 25527
24649 22548 26495 26223
25145 25441 25787 24204
26356 23997 25818 24361
24396 24089 25627 26007
25561 24352 24595 25496
23568 24625 26527 25233
23454 23986 25740 26077
24411 24879 25771 25309
26593 23400 25735 24132
24604 23853 26695 25040
26453 24383 24664 24855
25744 24089 26663 24132
24178 25548 25885 24726
25430 23485 27202 24292
24360 24671 25480 25749
26480 24277 25535 24191
25623 24723 24617 25174
24543 23825 26223 25325
26371 23726 25857 24675
25179 23150 24295 26629
24081 24450 27127 24075
25620 24765 26565 23940
26544 24200 26008 23803
24914 26040 25479 24551
26005 23728 26611 24106
24429 24691 24597 25951
24156 24077 25121 26285
24746 22753 25996 26401
24816 22973 26379 25503
24607 24308 24789 26474
24238 25551 26581 24088
25230 24073 25463 24999
24802 22383 26667 25798
26630 23493 25121 24648
25668 23942 25422 25977
24606 23267 27339 24303
26123 24600 25056 24414
26048 24125 26715 23973
23715 24190 26561 25501
25693 24699 25038 25049
25368 23774 25444 26295
24334 24019 24699 26736
23313 24481 26223 25516
26015 23695 24528 25681
23973 25056 26843 24384
25885 24869 24437 24854
25884 24015 25777 24717
26191 24540 25370 24305
25559 23239 25212 25998
26053 24762 24905 24980
25392 23617 26649 24848
24454 23334 27165 25161
23562 23957 26308 25805
26482 23346 25492 24989
24552 23866 26685 25081
24036 24471 27124 24017
25451 23448 25833 25274
26404 24616 25530 23665
25524 23487 27168 24358
25899 23911 24854 25454
24278 23242 26181 26339
24245 25524 26500 24055
24558 23922 24904 26446
24899 24001 27324 24086
25869 23634 25002 25553
24641 22443 26468 26265
24069 23712 27110 24559
24507 25630 25969 23910
25098 23230 24290 26669
26225 23363 25996 24830
26469 24542 25583 23664
25339 23778 26206 24798
24743 22793 26450 25549
24896 24072 25220 25977
25527 23448 24723 25995
25760 24716 26166 24635
26703 24340 25529 24341
24799 25668 25435 24838
25532 25440 25181 23695
24699 23202 26122 25809
26280 24548 25639 23651
23688 25389 25435 24997
24882 24235 24592 26467
24513 23902 26299 25379
24032 25565 26163 24218
25947 24476 26429 23682
24211 23370 26598 25976
25311 25114 24180 25117
25574 24775 26622 23975
26198 24071 25510 24442
24261 23829 26350 25716
24009 26027 24885 25138
25284 23736 26483 25020
26368 24323 24742 24879
24572 25382 25084 25057
24704 25117 26579 23725
26108 23533 24812 25828
24801 22784 27284 24720
23796 25260 26431 24265
26544 24493 25590 23676
26783 23347 25789 24119
26005 23728 26611 24106
24394 23755 24892 26808
23331 24901 26575 24864
24399 23344 24807 26765
25656 25228 24707 24291
24131 24939 24511 26268
25963 23774 26592 24143
25019 23469 25250 26386
23624 24899 25296 25465
26055 23598 25543 25389
24839 25128 24548 25521
23350 24546 26190 25520
24739 22315 26872 25603
24761 23320 24555 26862
23539 23899 25650 26410
25012 25367 25794 24334
26461 24543 25515 23720
24738 26092 25396 24516
25962 25135 24539 24703
26630 23493 25121 24648
24995 25324 25973 23783
24773 22943 27200 24666
24209 25554 26468 24073
25142 25044 25285 24939
24946 24087 27428 24077
26475 23999 25547 24237
24325 24213 26723 25063
26491 24230 25873 23738
25215 23927 25435 25601
24856 22800 25880 26036
25447 23287 25699 25944
25072 24044 25110 26011
25798 24080 26551 24116
23727 23719 26587 25747
25853 24201 25277 24701
24058 25558 25987 24495
23563 23950 25732 26399
26101 24304 24876 25302
25048 25413 25322 24756
23325 24468 26188 25556
25706 24664 24694 25316
25904 23179 25448 25495
25152 23497 25043 26482
24086 24463 27053 23963
24460 23544 26721 25689
26131 23517 24863 25753
24454 23334 27165 25161
23634 24607 26398 25387
24890 23242 24536 26914
26387 24559 25509 23792
25371 23594 26194 25412
25145 26089 24763 23499
24573 24440 26481 24758
24077 25728 25169 24858
24441 22800 25960 26291
24318 24511 24583 26375
24550 23644 26310 25437
24427 23607 25053 26494
24198 24987 24947 25510
24948 24659 24929 25962
24429 25201 26249 24029
24682 22536 26519 26193
26215 23380 25955 24725
26483 24417 24592 24481
25478 23413 27188 24365
26414 23604 25934 24033
25681 24702 26576 23931
24830 25535 25954 23700
24667 22678 26619 25681
24743 22524 26568 25957
24432 24031 26261 25793
26045 24167 26839 23985
23630 25415 25335 25011
25638 23414 26760 24832
24153 23300 25201 27019
25957 23596 26525 24146
25168 23287 24228 26550
23980 23733 27491 24353
25060 25239 26510 23842
25533 24464 24903 25694
24622 23850 24904 26430
26664 23326 25822 24098
25680 23466 26428 24462
23944 24457 27138 24133
25924 24517 26368 23681
24326 23981 24746 26736
24444 23063 25845 26225
24634 24675 24406 25841
25004 24570 25088 25928
25874 23640 26443 24228
23311 24909 26483 24812
24078 23623 27403 24316
24694 25712 25431 24819
25292 23248 25360 26404
25703 22951 26092 24733
24306 24914 24600 26098
26484 23339 25433 24985
25498 23243 27176 24366
24892 24322 24531 26406
24670 22807 27141 24679
25422 23218 24789 26042
25898 23622 24721 25856
26358 23186 25531 25075
24109 24593 26277 24784
25279 24627 25295 25153
25130 24597 26359 24137
24114 25976 25146 25163
26497 24186 26020 23748
24250 24148 24703 26756
24577 22536 26558 26213
24690 22416 26686 25938
25180 23469 26912 24978
25659 24637 26632 23861
25315 23510 26263 25510
24049 24137 26009 25429
24350 23577 26629 25615
26015 23640 24756 25828
25839 23957 24696 25478
25258 23294 24286 26526
24961 25167 24998 24881
24085 24609 25701 25429
26501 24263 24559 24566
25988 25012 26136 24167
23334 24346 26172 25595
24480 24106 26113 24938
25457 25128 25393 24566
23460 23751 25637 26459
24188 23405 24825 26916
24103 25526 26092 24448
24683 25588 25992 23829
25713 23441 26506 24440
26242 23896 24967 24833
24221 25553 26504 24179
25037 24202 27124 24166
26429 24628 25490 23710
25398 25084 24149 25195
26476 24243 25803 23825
24088 24542 24787 26153
25599 24464 26304 24221
25999 24223 26746 23993
24927 23294 25115 26878
25549 24013 26450 24472
25220 23531 26813 25147
25883 24927 24476 24856
24774 25308 26133 24193
24552 24393 25325 26150
24481 22630 26481 25987
26689 24416 25501 24407
23729 23776 26413 26065
26500 24523 25522 23763
26488 23448 25698 24285
25301 25824 24790 23819
24707 23239 26091 25842
24471 23314 27274 25095
25847 25191 25089 23788
24771 23849 25409 26025
24916 22693 27075 24438
24500 23419 27068 25062
23791 24864 25321 25559
26015 24100 26625 24060
26663 23546 25030 24533
25513 25637 24565 23597
24903 23925 27284 24147
24814 22460 26364 26102
24141 25434 26013 24543
24676 24024 24902 26366
26512 23246 25869 24185
24693 24256 26184 24894
23904 23756 25696 26286
25642 24777 26540 23881
26338 23811 25422 24689
25339 23653 27031 24830
26015 23640 24756 25828
24023 23823 27600 24327
24201 24799 24471 26277
25859 24234 26309 23696
26382 24346 24741 24903
25317 25115 24024 24912
26716 24349 25466 24304
25037 26026 25590 24599
24078 26024 25030 25198
25712 24306 25072 25274
24971 24201 26186 24618
24321 24920 24510 25988
25358 23479 27216 24218
24748 25215 25882 24465
24569 23387 27250 25095
24350 23105 25728 26103
26429 23398 25357 25334
25141 23479 25013 26530
25816 23525 26479 24432
23739 24697 26427 25294
24859 23422 24576 26765
25218 23165 24377 26595
24038 24704 25734 25735
24675 22358 26720 25994
25642 24196 24483 25910
24348 25542 26490 24249
23468 24432 26290 25472
24680 25590 25853 23751
25271 25685 25251 24465
26222 23513 25679 25014
25725 24797 26382 24089
23709 23795 26520 25736
23885 25351 25351 24953
26022 24935 24578 24752
24514 22574 26483 26248
26461 24543 25515 23720
24176 24520 26434 24573
24330 23654 24851 26821
25386 23457 25674 25621
24062 24169 24958 26247
24448 22665 26393 26114
26145 24276 24847 25364
26307 24480 25631 23530
25891 24103 25934 24696
24693 24671 25507 25127
26485 24206 25960 23744
