2180 40.2772
17722 19938
17722 19938
19190 18314
19103 18615
19119 18433
19119 18433
19190 18314
19028 18665
19103 18615
18336 19632
18376 19547
18236 19649
18336 19632
18461 19444
18522 19421
18963 18819
18985 18755
19025 18750
19028 18665
18737 19217
18739 19134
18739 19134
18787 19106
18851 18970
18571 19358
18618 19347
18699 19244
18923 18920
18938 18879
18546 19371
18938 18879
18941 18826
18841 19050
18843 18996
18808 19065
18841 19050
18618 19347
18622 19301
18665 19264
17962 19857
18985 18755
19025 18750
18622 19301
18650 19283
18528 19400
18002 19813
18044 19811
18790 19093
18808 19065
18895 18936
18923 18920
18889 18939
18390 19493
18409 19471
17931 19865
17896 19881
17925 19871
18571 19358
18414 19466
18433 19447
17841 19906
17872 19902
18376 19547
18387 19521
18889 18939
17781 19928
17812 19925
18142 19713
18173 19710
18711 19224
18737 19217
18188 19696
18843 18996
18851 18970
18433 19447
18461 19444
17751 19937
18546 19371
17722 19938
18941 18826
18963 18819
18387 19521
18390 19493
18665 19264
18173 19710
18053 19797
18063 19780
18522 19421
18528 19400
18130 19727
18142 19713
18217 19655
18236 19649
18699 19244
18708 19227
18198 19660
18102 19750
18118 19742
18082 19752
18102 19750
17872 19902
17881 19888
18044 19811
18053 19797
18655 19276
17980 19840
17989 19828
17762 19935
17776 19930
18189 19677
18124 19740
18130 19727
18063 19780
18070 19769
17965 19842
17980 19840
17965 19842
17812 19925
17823 19919
17885 19883
17828 19908
17841 19906
18787 19106
18790 19093
18188 19696
17751 19937
17762 19935
17896 19881
18194 19669
18080 19763
18082 19752
18206 19656
18217 19655
18206 19656
17925 19871
17931 19865
18650 19283
18655 19276
17962 19857
17997 19818
18002 19813
18409 19471
18414 19466
17823 19919
17827 19913
17989 19828
17993 19822
18895 18936
17881 19888
18076 19768
18080 19763
18118 19742
18124 19740
17993 19822
17997 19818
18070 19769
18076 19768
17776 19930
17781 19928
18189 19677
18191 19672
17885 19883
18191 19672
18194 19669
18708 19227
18711 19224
17827 19913
17828 19908
17722 19938
17722 19938
17722 19938
17722 19938
17722 19938
17722 19938
17722 19938
17722 19938
17722 19938
17722 19938
17722 19938
17722 19938
17722 19938
17722 19938
17722 19938
17722 19938
17722 19938
17722 19938
17722 19938
17722 19938
17722 19938
17722 19938
17722 19938
17722 19938
17722 19938
17722 19938
17722 19938
17722 19938
17722 19938
17722 19938
17722 19938
17722 19938
17722 19938
17722 19938
17722 19938
17722 19938
17722 19938
17722 19938
17722 19938
17722 19938
17722 19938
17722 19938
17722 19938
17722 19938
17722 19938
17722 19938
17722 19938
17722 19938
17722 19938
17722 19938
17722 19938
17722 19938
17722 19938
17722 19938
17722 19938
17722 19938
17722 19938
17722 19938
17722 19938
17722 19938
17722 19938
17722 19938
17722 19938
17722 19938
17722 19938
17722 19938
17722 19938
17722 19938
17722 19938
17722 19938
17722 19938
17722 19938
17722 19938
17722 19938
17722 19938
17722 19938
17722 19938
17722 19938
17722 19938
17722 19938
17722 19938
17722 19938
17722 19938
17722 19938
17722 19938
17722 19938
17722 19938
17722 19938
17722 19938
17722 19938
17722 19938
17722 19938
17722 19938
17722 19938
17722 19938
17722 19938
17722 19938
17722 19938
17722 19938
17722 19938
17722 19938
17722 19938
17722 19938
17722 19938
17722 19938
17722 19938
17722 19938
17722 19938
17722 19938
17722 19938
17722 19938
17722 19938
17722 19938
17722 19938
17722 19938
17722 19938
17722 19938
17722 19938
17722 19938
17722 19938
17722 19938
17722 19938
17722 19938
17722 19938
17722 19938
17722 19938
17722 19938
17722 19938
17722 19938
17722 19938
17722 19938
17722 19938
17722 19938
17722 19938
17722 19938
17722 19938
17722 19938
17722 19938
17722 19938
17722 19938
17722 19938
17722 19938
17722 19938
17722 19938
17722 19938
17722 19938
17722 19938
17722 19938
17722 19938
17722 19938
17722 19938
17722 19938
17722 19938
17722 19938
17722 19938
17722 19938
17722 19938
17722 19938
17722 19938
17722 19938
17722 19938
17722 19938
17722 19938
17722 19938
17722 19938
17722 19938
17722 19938
17722 19938
17722 19938
17722 19938
17722 19938
17722 19938
17722 19938
17722 19938
17722 19938
17722 19938
17722 19938
17722 19938
17722 19938
17722 19938
17722 19938
17722 19938
17722 19938
17722 19938
17722 19938
17722 19938
17722 19938
17722 19938
17722 19938
17722 19938
17722 19938
17722 19938
17722 19938
17722 19938
17722 19938
17722 19938
17722 19938
17722 19938
17722 19938
17722 19938
17722 19938
17722 19938
17722 19938
17722 19938
17722 19938
17722 19938
17722 19938
17722 19938
17722 19938
17722 19938
17722 19938
17696 19814
18090 19429
18057 19688
17918 19713
17904 19752
17817 19813
17831 19790
17673 19809
18086 19301
17945 19489
18059 19422
17939 19649
17770 19793
17906 19678
17838 19732
18081 19409
17807 19759
17654 19771
18039 19059
17721 19753
18033 19170
17958 19407
17896 19667
17936 19451
17899 19628
17663 19757
17585 19741
17882 19616
17698 19709
17796 19667
17837 19621
17810 19660
17666 19713
17657 19737
17634 19740
17694 19696
17880 19441
17791 19662
17867 19569
17849 19604
17625 19678
17859 19553
17666 19634
17788 19588
17846 19572
17765 19633
17654 19676
17785 19627
17637 19670
17847 19486
17774 19619
17640 19645
17797 19565
17782 19579
17478 19668
17786 19407
17637 19644
17772 19525
17764 19589
17717 19610
17674 19617
17624 19643
17757 19467
17677 19609
17756 19564
17610 19640
17750 19471
17650 19522
17645 19596
17719 19500
17617 19637
17733 19479
17633 19593
17749 19156
17729 19456
17697 19479
17625 19583
17697 19350
17662 19440
17443 19581
17625 19462
17618 19564
17550 19574
17480 19556
17614 19310
17584 19552
17559 19553
17507 19551
17563 19517
17523 19508
17542 19439
17426 19447
17513 19406
