50 1.76149
8104 8098 7263
7343 8573 7267
7542 7293 7509
7666 8175 7068
7378 7499 6874
7742 8031 6843
7590 8016 7238
7951 7485 7399
7085 8339 7494
8056 7902 7392
7326 8667 7324
6895 8330 7065
7658 7958 7300
7977 8346 7255
7107 8202 7567
8036 8077 7634
7732 7347 7350
7339 8610 7353
7382 7529 8039
7284 7920 7154
7330 7479 6732
7743 8183 7921
8206 8001 7390
7134 8592 7456
7696 7712 7930
7004 6529 7221
8090 7705 7223
7864 7764 7040
7542 7950 7025
7586 8021 6932
7199 7177 7538
7510 7331 7296
8321 7855 7314
8051 7967 7254
8269 7657 7191
7128 6659 7629
7428 8424 7342
7821 7367 6980
8046 8117 7313
7608 8123 6762
7665 8278 6939
7780 7795 7158
7687 7560 7320
7436 7963 6919
7817 8223 7051
7257 8090 7142
8147 7831 7290
7646 7992 7656
8006 7630 7305
7174 8602 7138
7336 6942 7453
8192 8139 7280
7153 7424 7541
7850 7555 7290
7390 7208 6967
7588 7599 7828
7773 8358 7436
7691 7907 7299
7542 8421 7520
7455 8570 6979
7060 8383 7147
8042 8104 7100
7774 8000 7730
7066 7732 7620
7554 7264 6828
7790 7916 7941
8051 8258 7336
7298 7749 6676
7704 7654 7770
7693 8247 7122
7472 8107 7658
8053 7587 7520
7546 8549 7142
7644 8491 6799
7588 8209 7398
6613 6574 7474
8026 7821 7128
7043 7826 7986
7058 6686 7375
7773 8299 7096
7404 6855 7442
7804 7520 7770
7577 7286 7394
8245 7779 7674
7762 8503 6979
8162 7451 7422
7769 6945 7044
7308 8443 7252
7090 8455 7143
7455 8340 7203
8221 8208 7268
7063 8525 7099
7730 7077 7478
7363 7502 6910
8244 7893 7335
7788 7983 7048
7498 8523 6816
8006 7961 7659
7736 7805 6940
8158 7948 7702
7578 8083 7882
7658 8193 7072
6979 8418 7044
7643 7116 7292
7462 8655 7273
6792 6402 7052
7271 7965 7500
7881 7635 7562
7983 7821 7554
7166 7611 7963
7059 8401 7169
7454 7399 7704
7734 7121 7166
6942 7908 7798
7452 8075 7334
7844 8066 6894
7015 8334 6844
7282 8487 7072
7376 7743 7469
7079 8473 7495
7377 6953 7361
7403 8696 7217
7535 8130 7509
7517 8461 6997
8054 8170 7690
7554 8286 7544
8164 8008 7211
8145 7871 7542
7925 7823 7540
7368 8163 6691
7478 8408 7155
7344 7996 7781
7326 8585 7249
7224 8447 7100
7656 8340 6886
7363 8509 7208
7442 7732 7155
8218 8063 7202
7838 8106 7364
7329 7170 7311
7367 8144 7517
7501 8417 7138
7977 8295 7237
7888 8008 7435
7812 7950 7087
7308 7264 6980
7517 8419 7059
7924 7508 7070
7915 7729 7341
7996 7918 7271
7476 8281 7157
7461 7391 7129
7853 7866 7747
7442 8234 7661
7914 7995 7524
7374 8227 7391
7337 8736 7288
7471 7042 7026
7296 7648 7698
6915 7595 6877
7426 7825 7480
7856 8061 7497
7883 7942 7604
7449 8404 7139
7216 8455 6994
7856 7633 7193
7955 7412 7181
7467 8417 6891
7845 8027 7312
7914 7643 7298
7986 7949 7286
7755 7233 7268
8096 8103 7608
7835 7823 7475
8001 8131 7278
7770 7975 7372
8206 8139 7220
7883 6975 7082
8209 7753 7400
7805 8374 7244
7369 8007 6940
7903 8127 7443
7984 7647 7185
7458 8520 7270
7655 7519 7723
6990 8214 7727
7863 7812 7980
7251 8322 7233
7187 7547 7422
7522 8028 7032
7805 7805 7053
7768 7037 7524
7580 7540 7367
7917 8233 7307
8051 8139 7763
7578 7444 7142
7047 7369 7811
7444 8616 7133
7439 7934 7172
7136 8374 7204
7035 6877 7740
8082 7924 7413
7400 8137 7150
7348 7875 7693
7465 7224 7082
8089 8295 7476
7399 7645 7239
7791 7729 7217
7432 7430 6907
7543 7569 7289
6979 8393 7025
7846 7727 7125
7874 8359 7112
7784 8183 7291
7533 8585 7260
7518 8269 6717
7128 7156 7633
7481 8586 7010
7696 8422 6932
7815 8446 6826
7741 7662 7532
7678 7788 7363
7158 7946 7518
7382 8318 7199
7354 8181 6910
7655 7394 7475
8037 7772 7473
7475 8125 6599
7404 8572 7379
8317 8119 7534
7337 8734 7344
7296 8059 7094
7318 7986 6734
7756 7290 7430
7923 8051 7758
7401 8422 7422
7813 8004 7184
7329 7141 6721
7626 7868 7232
7701 7953 7912
7797 7995 7580
7221 7281 7183
7691 7871 7893
7416 7743 6946
7673 7234 7031
7578 8134 6965
7165 6935 7464
8181 7939 7275
7825 7915 7223
7995 7668 7062
7510 7779 7722
7869 7897 7284
7893 7908 7543
7980 7757 7465
7704 7472 7466
7425 7132 7259
7930 7606 7605
7321 7911 7485
7333 7963 7537
7657 8028 7628
6824 7808 7663
7554 8154 6833
7385 8517 7269
7707 8126 7507
7921 8385 7685
7592 7415 7604
7002 7171 6876
7094 8283 7005
7629 7878 7284
7768 7634 7445
7538 8141 7113
8229 7928 7678
7597 8615 6862
7553 7832 7609
8015 7805 7263
7883 7647 7738
7370 8292 7169
7704 8343 6850
7256 8356 6980
7611 8325 7158
7202 7704 7219
7372 7257 7623
7825 7664 7742
7448 6984 7369
7110 7169 7781
7481 8061 6820
8089 8220 7291
7972 7568 7234
7966 7434 7769
8092 8109 7435
7902 7906 7646
7197 8168 7167
7705 7478 6999
7623 7220 7158
7293 8110 7080
7162 8498 7065
7308 8070 6588
7418 6604 6927
7456 8056 7547
7320 7678 6710
7288 8638 7198
6784 6806 7428
7817 6963 7006
7279 8285 7605
8245 8210 7345
8056 7765 7303
8030 7661 7579
7140 8273 7691
7801 7871 7506
7932 7663 7376
7205 8259 7601
7459 7609 7600
7244 8620 6965
7559 7894 7477
7541 8140 7006
7934 7579 7223
7355 8611 7330
7345 7124 7203
7477 7115 7246
7734 7509 7665
8030 8195 7505
7368 8122 6614
7414 8005 6925
7050 8275 6855
8218 7879 7380
7447 6985 7129
7462 8458 7245
7536 8422 7238
7378 7682 7325
7938 7885 7767
7090 7555 6609
6811 6569 7393
7583 8472 7109
7370 8157 7397
6906 6893 7238
7778 7567 7129
7810 7510 7324
7474 7408 7231
7494 7967 7718
7158 8492 7124
7507 7919 6662
7306 7807 7282
7077 8195 7060
8102 7518 7206
7753 7163 7393
7711 8281 7405
7386 8111 6854
7339 7503 7860
7274 8408 7635
7286 6777 7390
6891 7857 7554
7781 7070 7137
7317 8192 6612
7202 8100 7768
7518 8535 6722
7261 8262 7108
7708 7613 7327
8275 7800 7293
7084 7220 7737
7611 6796 7008
7276 8264 7232
7489 7725 7845
7078 6372 6969
7281 8240 7439
7812 7000 6666
7145 7950 6754
7562 8324 6667
7957 7696 7548
7161 7759 7888
7643 8447 6846
7098 6302 7115
7022 7487 7758
7559 7464 7608
7283 7256 7401
8066 7737 7405
7623 7385 7132
7443 8738 7205
7516 8360 7377
7606 8475 7314
7804 7522 7578
7836 7494 7596
7696 8050 6927
6966 7024 7453
7518 7858 6727
7327 6837 7026
7146 7728 8069
7046 8589 7069
7587 7734 6844
7631 7965 6917
7425 8523 6924
8093 8183 7414
7802 7735 7726
7594 8478 7305
7929 8166 7145
7894 7354 7316
8242 8173 7355
7348 8625 7139
8130 7906 7404
7202 8553 6874
7937 7946 7166
7700 7838 7226
7159 8022 6515
7627 7642 7585
7514 8120 6766
8233 7825 7343
7930 7959 7782
8042 8001 7403
7501 7888 6909
7730 7820 7351
7641 8272 7384
8147 7805 7563
7101 7488 7761
7319 8298 7671
8065 7919 7250
7451 8491 6819
7795 7660 7872
7811 8317 6998
7607 8066 7632
7791 8191 7696
7765 8302 6954
7357 8563 7195
7817 8042 7713
7872 8057 7667
7703 7588 7393
7239 8626 6971
8042 8105 7503
7842 7694 7381
7671 8072 7091
8104 7777 7026
7326 7868 7892
7943 7596 7595
7232 8230 6998
7745 7749 7037
7341 8512 7293
7032 7451 7292
8226 7868 7218
7025 7497 7072
7300 7380 6836
7431 7968 7229
7269 8627 7102
7528 7352 7433
8120 8007 7290
7068 8612 7521
7424 6948 7549
7287 7417 6887
7784 8121 7033
7743 8032 7623
7422 7920 7784
7374 7043 6761
7314 7667 6883
7294 7513 6814
7988 8198 7257
