80 9.28191
7616 9354
7616 9354
8959 8160
7679 9332
8081 9313
8267 9275
8119 9280
8870 8624
8897 8446
8756 8759
8938 8285
8959 8160
8747 8883
8906 8383
8938 8285
8712 9021
8600 9023
8712 9021
8733 8937
8809 8658
7679 9332
8897 8446
8906 8383
8488 9077
8562 9073
8747 8883
8399 9174
8562 9073
8581 9027
8342 9197
8334 9248
8870 8624
8733 8937
8081 9313
8442 9125
8475 9102
8334 9248
8770 8686
8760 8724
8429 9148
8475 9102
8488 9077
8442 9125
8334 9248
8870 8624
8359 9185
8392 9181
8081 9313
8766 8715
8429 9148
8789 8678
8795 8669
8809 8658
8429 9148
8581 9027
8600 9023
8733 8937
8352 9190
8760 8724
8766 8715
8789 8678
8795 8669
8392 9181
8352 9190
8359 9185
8770 8686
8342 9197
8342 9197
8770 8686
7679 9332
7679 9332
7679 9332
7679 9332
7679 9332
8081 9313
8081 9313
8081 9313
8081 9313
8081 9313
8334 9248
8334 9248
8334 9248
8334 9248
8334 9248
8342 9197
8342 9197
8352 9190
8352 9190
8352 9190
8429 9148
8442 9125
8488 9077
8488 9077
8488 9077
8581 9027
8712 9021
8712 9021
8712 9021
8733 8937
8733 8937
8760 8724
8766 8715
8766 8715
8766 8715
8770 8686
8789 8678
8789 8678
8795 8669
8809 8658
8897 8446
8897 8446
8906 8383
8906 8383
8959 8160
7556 9321
8899 8075
8039 9298
8834 8373
8890 8303
8830 8610
8550 9040
8419 9121
8296 9226
8795 8667
8730 8855
8751 8728
8333 9198
8187 9266
8584 9008
8594 8945
8656 8912
8386 9165
8647 8938
8685 8865
8751 8728
8396 9163
8039 9298
8086 9279
8135 9275
8187 9266
8690 8858
8086 9279
8135 9275
8187 9266
8187 9266
8187 9266
8751 8728
7559 9298
8886 8260
8075 9271
8826 8296
8821 8589
8645 8774
8419 9086
8636 8914
8255 9153
8504 9034
8194 9206
8714 8723
8376 9135
8733 8684
8108 9221
8328 9152
8107 9267
8527 9016
8845 8290
8789 8619
8782 8652
8878 8261
8586 8939
8809 8598
8348 9144
8715 8702
8560 9002
8588 8916
8154 9212
8149 9216
8615 8915
8782 8652
8573 8982
8576 8967
8572 9000
8576 8967
7739 9260
7739 9260
8885 8220
8800 8575
7781 9228
8820 8299
8045 9209
8162 9189
8613 8748
8342 9136
8564 8998
8688 8705
8602 8899
8488 9006
8725 8663
8592 8913
8434 9033
8077 9192
8767 8633
8394 9054
8825 8279
8852 8253
8361 9097
8872 8249
8356 9125
8787 8611
8380 9079
8786 8613
8381 9070
7641 9245
8847 8207
8808 8286
8768 8612
8053 9188
7703 9201
8581 8842
8678 8702
8320 9131
8160 9165
8691 8636
8564 8959
8141 9182
8833 8208
8347 9083
7650 9232
8498 8980
8388 8997
8387 9043
8378 9079
8451 8985
8435 8993
8548 8975
8549 8970
8564 8959
8564 8959
7633 9245
8841 8193
8124 9179
8605 8669
8765 8300
8559 8951
8764 8605
8378 9066
8304 9131
8511 8973
8758 8608
8778 8218
8777 8269
8324 9073
8818 8203
8315 9096
8538 8969
8542 8955
7614 9234
8839 8065
7637 9179
8089 9162
8595 8641
8764 8257
8763 8574
8299 9113
8556 8878
8349 9061
8105 9146
8719 8606
8439 8970
8530 8968
8828 8149
8441 8969
8825 8191
8771 8210
7618 9189
8747 8592
8542 8921
8782 8192
8552 8901
8100 9151
8549 8914
7577 9230
8810 8118
8781 8155
8757 8573
8009 9157
7583 9160
8589 8589
8513 8961
8554 8791
8333 9026
8121 9104
8734 8579
8239 9091
8533 8904
8543 8846
8083 9141
8057 9142
8288 9090
7579 9175
8299 9047
8809 8131
8291 9062
7562 9225
8808 7996
8745 8572
8530 8769
7594 9147
8757 8221
8031 9140
8763 8077
8315 8981
8230 9080
8103 9090
8529 8901
8287 9070
7565 9194
8401 8961
8483 8956
8066 9126
8401 8961
8084 9097
8270 9079
8499 8944
8505 8906
8506 8905
8497 8954
8498 8953
8401 8961
7450 9217
8754 8089
8739 8570
7720 9138
8520 8624
8051 9126
8387 8961
8519 8791
8702 8571
8286 9035
7569 9143
8243 9064
8094 9065
7549 9166
7465 9205
8482 8956
8495 8908
8055 9067
8512 8837
8263 9041
8491 8932
8512 8837
8702 8571
8512 8837
7514 9154
8754 8087
8718 8567
8519 8767
8719 8201
8004 9120
8243 9059
8019 9085
8329 8955
8494 8905
8462 8944
8281 8997
8270 9033
8473 8920
8489 8915
7426 9150
8717 8212
8498 8612
7668 9119
8689 8524
8479 8875
7941 9096
8190 9057
8010 9075
8251 9029
8634 8554
8445 8905
8295 8931
8310 8917
8684 8549
7520 9104
8683 8471
8091 9045
8484 8582
8453 8809
8197 9008
8256 8931
8661 8539
8371 8904
8420 8855
8405 8892
8667 8521
8672 8486
8438 8822
8375 8898
8444 8811
7440 9058
8677 8454
8064 8981
8390 8861
8637 8537
8194 8915
8345 8897
8216 8914
8661 8490
8650 8529
8663 8477
8663 8477
8641 8530
7991 8966
8656 8487
8378 8849
8567 8530
8238 8890
8331 8882
8636 8514
8284 8857
8648 8480
8506 8522
8358 8818
8628 8505
8324 8822
8324 8822
8324 8822
8225 8839
8641 8356
8588 8482
8311 8790
8600 8423
8266 8807
8284 8740
8597 8412
8596 8404
7519 9383
9033 7988
7794 9336
8819 8865
8840 8514
9032 8194
8081 9313
9033 7988
8334 9248
8187 9266
7652 9380
7702 9337
7519 9383
8812 8917
8458 9152
8873 8482
8962 8335
8128 9271
8369 9182
8808 8968
8998 8275
8645 9045
8906 8402
8755 8979
8187 9266
8497 9126
8559 9113
9019 8263
8559 9113
8586 9074
8645 9045
8707 9039
8840 8514
8873 8482
8819 8865
8751 9032
8951 8380
8586 9074
8081 9313
8123 9299
8458 9152
8492 9131
8996 8326
8707 9039
8751 9032
8369 9182
7694 9375
7659 9378
8344 9225
8352 9190
8931 8391
8769 8971
7694 9375
8123 9299
8334 9248
8344 9225
8996 8326
8906 8402
8951 8380
8586 9074
9019 8263
8352 9190
8906 8402
8925 8398
8769 8971
9019 8263
8925 8398
8996 8326
8492 9131
8497 9126
7652 9380
7702 9337
8808 8968
7519 9383
7519 9383
7652 9380
7652 9380
7652 9380
7652 9380
7694 9375
7694 9375
7694 9375
8081 9313
8081 9313
8081 9313
8081 9313
8123 9299
8123 9299
8123 9299
8123 9299
8187 9266
8187 9266
8334 9248
8334 9248
8334 9248
8344 9225
8352 9190
8369 9182
8458 9152
8492 9131
8559 9113
8559 9113
8586 9074
8586 9074
8645 9045
8707 9039
8769 8971
8808 8968
8808 8968
8840 8514
8873 8482
8925 8398
8996 8326
8996 8326
8996 8326
8996 8326
8996 8326
8996 8326
8996 8326
9019 8263
9019 8263
9019 8263
9033 7988
9033 7988
9033 7988
7540 9355
9028 8098
8815 8531
8107 9267
8802 8909
8473 9126
7739 9321
8226 9212
8823 8323
8991 8215
8726 8980
8657 9028
8545 9097
8568 9034
7578 9341
8939 8311
9028 8098
7706 9335
8761 8925
8979 8253
8957 8284
8148 9214
8148 9214
8782 8921
7706 9335
7739 9321
7706 9335
7706 9335
9028 8098
9028 8098
9028 8098
9028 8098
7535 9350
8997 8009
8787 8331
8775 8870
7637 9296
8088 9265
8646 9013
8989 8170
8362 9125
8194 9152
8964 8247
8996 8062
8539 9064
8888 8307
8542 9037
7537 9303
8695 8955
8932 8306
8400 9066
8748 8921
8090 9228
8717 8947
8125 9201
8161 9169
8759 8886
8395 9093
8383 9122
8191 9157
8131 9179
8400 9066
8130 9187
7512 9317
8981 8124
8775 8308
8770 8831
7684 9248
8075 9247
8594 8975
8530 9057
8148 9137
8912 8306
8689 8940
8958 8196
8260 9101
7584 9295
8429 9058
7607 9260
8750 8853
8731 8916
8381 9068
8098 9198
8913 8260
8926 8221
8327 9075
8701 8920
8134 9167
8320 9086
8269 9095
8918 8230
8110 9191
8123 9174
8321 9082
8269 9095
7512 9282
8975 8114
8905 8272
8758 8748
7550 9250
8091 9198
8684 8935
8510 9014
8130 9132
8300 9079
8943 8183
8751 8815
8394 9056
8912 8257
8476 9031
8715 8883
8107 9151
8752 8750
8340 9061
7531 9279
8705 8914
8097 9195
8321 9062
8707 8892
8490 9019
8504 9018
7462 9282
8960 8019
7598 9172
8751 8425
8087 9148
8733 8763
8754 8276
8913 8155
8476 9003
8370 9055
8957 8083
8525 8928
8104 9113
8713 8820
8328 9060
7536 9223
8832 8250
8702 8893
8210 9073
8620 8920
8189 9074
8898 8236
8506 8987
8653 8906
7527 9261
7473 9262
8877 8242
7518 9234
8934 7876
7917 9120
8746 8279
7603 9130
8725 8597
8103 9089
8330 9009
8705 8818
8710 8627
8569 8910
8925 8015
8213 9023
8196 9069
8774 8221
8462 8998
8909 8147
7543 9155
8494 8980
8630 8888
8926 7955
8702 8883
8861 8219
7521 9210
8892 8211
8897 8155
8482 8985
8725 8597
8725 8597
7506 9224
8908 7977
8196 9068
8725 8449
8705 8623
8767 8220
8702 8854
8907 8125
8318 9004
8196 9068
8504 8889
8879 8207
8345 8996
8458 8990
8678 8881
8465 8933
8884 8184
8581 8883
8581 8883
8462 8970
8685 8856
7482 9164
8884 8055
8691 8480
8067 9067
8870 8200
8683 8848
8454 8982
8292 8991
8334 8990
8185 9010
8877 8142
8464 8914
8511 8868
8611 8867
8143 9062
8477 8871
8072 9065
8876 8178
8175 9035
8646 8866
8149 9042
8670 8857
8477 8871
7356 9133
8876 8079
8133 9025
8669 8530
8682 8277
8875 8165
8662 8783
8220 8981
8439 8965
8482 8863
8580 8826
8358 8974
8493 8848
8647 8816
8382 8967
7287 9113
8869 8043
8662 8726
8831 8118
8062 9024
7336 9092
8305 8974
8548 8824
8418 8939
8164 8975
8640 8799
8131 8999
8424 8907
8836 8115
8475 8846
8446 8853
8655 8762
8831 8118
8831 8118
7957 9016
8867 8030
8657 8532
8797 8105
8255 8973
8026 9011
8623 8728
8444 8831
8337 8935
8602 8792
8832 8078
8539 8822
8409 8875
8541 8793
8356 8905
8394 8903
8140 8960
8831 7996
8623 8724
8766 8097
8538 8813
8241 8914
8399 8850
8374 8903
8540 8766
8816 8012
8200 8922
8395 8874
8132 8939
8813 8010
8551 8510
8679 8093
8523 8811
8351 8863
8755 8051
8226 8901
8341 8879
8169 8905
8142 8907
8069 8925
8812 7970
8514 8798
8748 7999
8175 8881
8007 8881
8812 7860
8512 8487
8735 7983
8475 8796
8165 8813
8053 8847
7867 8865
8732 7929
8424 8772
8654 7976
8067 8808
8135 9364
9078 8171
8924 8490
8956 8422
8477 9156
8284 9311
8978 8238
8854 8659
8567 9137
8821 8777
8711 8925
9023 8182
8334 9248
8400 9184
8854 8659
8821 8777
8848 8695
8985 8187
8632 9096
8770 8866
8223 9328
8574 9114
8770 8866
8683 9008
8696 8984
8189 9333
8760 8915
8334 9248
8376 9231
8766 8898
8978 8238
8659 9064
8636 9088
8659 9064
8222 9332
8376 9231
8377 9188
8848 8695
8172 9343
8683 9008
8696 8984
8162 9363
8377 9188
8400 9184
8162 9363
8574 9114
8659 9064
8760 8915
8172 9343
8636 9088
8854 8659
8223 9328
8770 8866
8162 9363
8162 9363
8162 9363
8162 9363
8162 9363
8162 9363
8162 9363
8162 9363
8172 9343
8172 9343
8223 9328
8223 9328
8223 9328
8334 9248
8376 9231
8377 9188
8574 9114
8636 9088
8636 9088
8659 9064
8659 9064
8659 9064
8659 9064
8659 9064
8659 9064
8696 8984
8770 8866
8770 8866
8770 8866
8770 8866
8821 8777
8854 8659
8854 8659
8978 8238
8978 8238
8207 9309
9069 8137
8803 8736
8831 8464
8422 9146
9067 8159
8541 9130
8954 8249
8357 9163
8285 9194
8563 9075
8762 8812
8688 8969
8641 9000
8600 9043
8843 8453
8727 8892
8742 8817
8638 9041
8741 8883
8278 9237
8929 8298
8925 8374
8898 8452
8946 8278
8697 8923
8241 9300
8277 9278
8697 8923
8898 8452
8899 8399
8277 9278
8954 8249
8932 8294
8224 9308
8241 9300
8910 8376
8899 8399
8906 8384
8224 9308
8925 8374
8906 8384
8932 8294
8910 8376
8910 8376
8224 9308
8277 9278
8277 9278
8277 9278
8277 9278
8277 9278
8697 8923
8697 8923
8697 8923
8906 8384
8906 8384
8925 8374
8932 8294
8954 8249
8212 9305
9004 8000
8757 8680
8794 8483
8263 9246
8901 8312
8873 8440
8419 9135
8750 8793
8548 9060
8937 8262
8988 8153
8309 9158
8988 8153
8331 9141
8596 9023
8818 8453
8531 9117
8494 9121
8640 8973
8937 8262
8661 8926
8723 8826
8615 8995
8691 8876
8447 9126
8677 8907
8623 8979
8713 8861
8447 9126
8321 9151
8722 8836
8707 8871
8665 8915
8988 8153
8988 8153
8988 8153
8120 9299
8971 8128
8751 8547
8829 8428
8429 9059
8543 9055
8734 8725
8708 8790
8367 9077
8885 8303
8333 9116
8589 9011
8846 8407
8203 9243
8635 8969
8189 9280
8678 8854
8907 8221
8250 9225
8931 8139
8135 9287
8277 9150
8255 9192
8300 9140
8562 9023
8732 8734
8862 8330
8919 8177
8651 8921
8637 8939
8913 8211
8862 8330
8676 8877
8666 8893
8666 8893
8069 9286
8964 8086
8718 8523
8477 9054
8689 8603
8334 9072
8285 9122
8821 8390
8570 9006
8672 8831
8226 9225
8623 8969
8139 9272
8915 8120
8848 8281
8642 8915
8837 8360
8865 8206
8888 8160
8086 9283
8182 9261
8664 8893
8901 8136
8670 8853
8196 9237
8860 8242
8855 8250
8834 8385
8193 9239
8153 9260
8957 8052
8672 8791
8754 8360
8466 9048
8296 9050
8876 8076
8840 8239
8829 8353
8547 8993
8223 9162
8211 9215
8868 8160
8245 9101
8631 8904
8181 9251
8663 8840
8846 8182
8794 8358
8598 8948
8655 8889
8596 8969
8549 8986
8278 9090
8274 9093
8081 9251
8932 8023
8813 8353
8671 8770
8245 9075
8527 8983
8381 9048
8395 9023
8205 9161
8827 8240
8585 8969
8863 8148
8203 9212
8884 8048
8815 8269
8865 8131
8593 8903
8145 9243
8153 9232
8654 8799
8621 8897
8653 8858
8902 8045
8650 8888
8393 9027
8075 9250
8901 8008
8805 8351
8653 8845
8571 8965
8382 8975
8823 8229
8224 9067
8611 8895
8888 8040
8309 9042
8832 8138
8270 9047
8185 9116
8862 8112
8158 9119
8362 9029
8152 9179
8121 9243
8373 9026
8144 9206
8633 8867
8122 9214
8857 8126
8629 8884
8079 9242
8896 7991
8729 8338
8637 8808
8404 8954
8537 8946
8337 8996
8295 9040
8836 8110
8218 9063
8860 8077
8184 9085
8815 8226
8148 9164
8589 8892
8560 8934
8769 8315
8792 8310
8607 8863
8631 8850
8121 9185
8804 8260
8095 9223
8120 9210
8101 9214
8804 8260
8804 8260
8058 9221
8856 8017
8765 8306
8635 8793
8183 9082
8319 8990
8433 8940
8802 8224
8547 8934
8147 9120
8817 8094
8588 8887
8371 8949
8629 8831
8114 9193
8769 8247
8840 8069
8324 8955
8108 9210
8551 8900
8068 9209
8856 7926
8739 8301
8588 8829
8298 8982
8160 9068
8425 8900
8547 8892
8361 8915
8780 8177
8144 9096
8096 9189
8823 8066
8832 8065
8754 8182
8564 8836
8074 9195
8066 9202
8831 7971
8588 8794
8721 8266
8371 8888
8259 8927
8144 9009
8092 9103
8779 8171
8725 8222
8799 8061
8819 8052
8026 9199
8822 7939
8212 8862
8713 8251
8584 8772
8574 8789
8077 9096
8779 8068
8717 8206
8757 8151
8064 9167
8774 8142
8047 9190
8574 8789
8055 9154
8795 7897
8555 8771
8132 8842
8565 8302
8708 8247
8649 8248
8766 8060
8118 8846
8071 9032
8737 8095
8065 9043
8048 9089
8748 7995
8513 8764
8051 9068
8669 8218
8709 7999
8690 8194
8128 8723
8678 8101
8665 8065
8662 7877
8115 9336
8115 9336
8958 8185
8588 9119
8365 9261
8797 8871
8804 8627
8786 9010
8631 9034
8204 9265
8458 9152
8956 8370
8958 8185
8697 9032
8406 9195
8917 8499
8947 8403
8134 9278
8787 8916
8697 9032
8852 8500
8804 8627
8806 8545
8189 9272
8919 8481
8458 9152
8940 8457
8406 9195
8940 8457
8130 9306
8806 8545
8956 8370
8838 8539
8406 9195
8458 9152
8840 8521
8852 8500
8130 9306
8788 8892
8797 8871
8189 9272
8204 9265
8788 8892
8787 8916
8838 8539
8840 8521
8115 9336
8134 9278
8838 8539
8787 8916
8115 9336
8115 9336
8115 9336
8115 9336
8115 9336
8134 9278
8204 9265
8458 9152
8458 9152
8458 9152
8458 9152
8458 9152
8458 9152
8697 9032
8697 9032
8787 8916
8787 8916
8787 8916
8787 8916
8787 8916
8804 8627
8804 8627
8806 8545
8838 8539
8840 8521
8840 8521
8852 8500
8958 8185
8958 8185
8958 8185
8124 9272
8951 8290
8783 8639
8772 8934
8797 8540
8397 9173
8618 8987
8919 8372
8870 8494
8144 9264
8483 9114
8724 8981
8238 9255
8238 9255
8599 9010
8946 8323
8334 9248
8483 9114
8914 8450
8550 9110
8580 9062
8550 9110
8334 9248
8352 9190
8580 9062
8383 9176
8724 8981
8751 8960
8352 9190
8875 8473
8910 8464
8751 8960
8760 8935
8875 8473
8910 8464
8760 8935
8772 8934
8334 9248
8238 9255
8238 9255
8238 9255
8334 9248
8334 9248
8334 9248
8334 9248
8334 9248
8334 9248
8352 9190
8580 9062
8580 9062
8580 9062
8760 8935
8760 8935
8760 8935
8760 8935
8772 8934
8875 8473
8875 8473
8875 8473
8875 8473
8910 8464
8085 9272
8929 8102
8906 8341
8534 9017
8745 8596
8733 8863
8456 9056
8668 8966
8397 9140
8878 8442
8241 9206
8181 9208
8119 9219
8785 8499
8347 9155
8768 8531
8726 8924
8286 9170
8858 8484
8090 9260
8292 9160
8686 8930
8682 8940
8866 8479
8866 8479
8858 8484
8861 8480
8861 8480
8858 8484
8858 8484
8861 8480
8866 8479
8866 8479
8866 8479
8079 9258
8903 8253
8730 8478
8728 8815
8208 9176
8315 9148
8902 8340
8542 8966
8572 8936
8151 9201
8673 8934
8875 8426
8473 9012
8389 9043
8407 9021
8812 8475
8861 8441
8721 8828
8170 9194
8820 8468
8470 9015
8369 9106
8720 8900
8687 8913
8356 9135
8715 8907
8366 9134
8369 9106
8008 9240
8901 8232
8725 8626
8646 8931
8465 8978
8714 8868
8787 8458
8195 9152
8312 9147
8364 9093
8073 9208
8888 8334
8107 9197
8453 9002
8177 9176
8848 8405
8814 8448
8315 9117
8376 9024
8376 9024
8865 8378
8667 8909
8873 8354
8677 8890
8702 8879
8073 9196
8899 8060
8616 8903
8455 8954
8686 8813
8884 8194
8688 8604
8776 8445
8724 8580
8165 9152
8275 9141
8860 8315
8667 8899
8849 8378
8796 8398
8082 9155
8899 8060
8313 9089
8371 9005
8362 9085
8384 8994
8417 8968
8348 9088
8415 8973
8076 9186
8899 8060
8899 8060
8899 8060
8899 8060
8899 8060
8047 9170
8896 8055
8413 8943
8684 8785
8848 8325
8708 8513
8623 8897
8164 9142
8254 9132
8343 9088
8373 8987
8773 8436
8662 8862
8060 9167
8724 8485
8213 9136
8352 9051
8791 8390
8807 8357
8643 8896
8831 8337
8795 8376
8350 9054
8059 9168
8004 9163
8871 7969
8643 8891
8669 8454
8407 8923
8579 8896
8842 8107
8186 9135
8012 9147
8832 8286
8327 9071
8338 9021
8243 9121
8862 7994
8724 8437
8776 8349
8807 8321
8769 8392
8227 9124
8825 8318
8335 9034
8756 8432
8760 8423
8124 9118
8842 8091
8637 8788
8717 8412
8807 8310
8530 8892
8402 8907
8739 8367
8330 9000
8384 8923
8177 9116
8636 8851
8565 8889
8324 9040
8269 9064
8236 9104
8600 8883
8229 9112
8604 8852
8725 8408
8288 9042
8278 9043
8274 9060
8232 9107
8032 9116
8817 8086
8633 8407
8613 8833
8369 8910
8795 8306
8190 9109
8798 8204
8600 8875
8043 9114
8693 8370
8465 8876
8323 9029
8447 8883
8273 9059
8692 8381
8231 9089
8309 9035
8233 9070
8322 9033
8140 9109
8806 8055
8649 8361
8605 8772
8376 8873
8792 8271
8561 8866
8322 8993
8730 8306
8272 9036
8202 9084
8164 9108
8231 9050
8599 8845
8594 8850
8229 9067
8151 9101
8800 7994
8640 8309
8604 8743
8404 8864
8578 8824
8780 8268
8321 8917
8727 8278
8219 9049
8201 9078
8255 8999
8311 8961
8273 8976
8733 8269
8018 9088
8778 8159
8583 8324
8554 8822
8328 8851
8773 8229
8287 8939
8218 8971
8103 9087
8184 9069
8203 9020
8135 9083
8188 9034
8126 9086
8103 9085
8776 8080
8536 8776
8701 8219
8287 8871
8200 8996
8757 8194
8233 8915
8214 8953
8100 9082
8776 7945
8388 8683
8533 8610
8715 8189
8762 8076
8725 8081
8050 9068
8757 8067
8506 8440
8093 8931
8698 8154
8698 8154
8698 8154
8698 8154
8030 8804
8757 8014
8673 8152
8725 8030
8667 8114
8755 7937
8698 7980
8672 8036
8674 7998
8680 7965
8694 7952
8694 7952
8555 7940
8643 7909
8608 7923
8579 7921
8643 7902
8641 7894
7679 9332
7679 9332
8979 8217
8081 9313
7696 9328
8835 8427
8827 8700
8185 9282
8334 9248
8707 9018
8763 8733
8582 9119
8747 8839
8535 9135
8610 9035
8404 9237
8721 8922
8732 8911
8763 8733
8827 8700
8747 8839
8961 8229
8708 8986
8488 9140
8334 9248
8140 9310
8873 8397
8596 9076
8081 9313
8596 9076
8610 9035
8954 8274
8875 8381
8140 9310
8932 8304
8954 8274
8418 9206
8418 9206
8928 8338
8932 8304
8425 9169
8903 8372
8708 8986
8432 9154
8463 9148
8835 8427
8463 9148
8910 8351
8979 8217
8903 8372
8910 8351
8404 9237
8425 9169
8432 9154
8873 8397
8729 8913
8928 8338
7696 9328
7679 9332
7696 9328
8928 8338
8747 8839
8835 8427
8425 9169
8729 8913
8140 9310
7679 9332
7679 9332
7679 9332
7679 9332
7679 9332
7679 9332
7679 9332
7679 9332
7696 9328
7696 9328
7696 9328
8081 9313
8081 9313
8081 9313
8081 9313
8140 9310
8140 9310
8140 9310
8140 9310
8334 9248
8334 9248
8404 9237
8404 9237
8404 9237
8425 9169
8432 9154
8432 9154
8463 9148
8463 9148
8596 9076
8708 8986
8747 8839
8747 8839
8747 8839
8763 8733
8763 8733
8763 8733
8763 8733
8827 8700
8827 8700
8835 8427
8873 8397
8873 8397
8910 8351
8932 8304
8932 8304
8954 8274
8954 8274
8954 8274
8954 8274
7796 9297
8959 8198
8791 8627
8889 8336
8352 9190
8166 9249
8166 9249
8737 8764
8699 8896
8752 8685
8719 8849
8473 9139
8675 9001
8594 9041
8924 8220
8896 8258
8890 8285
8515 9127
8644 9012
8534 9114
8581 9077
8565 9106
8473 9139
8569 9083
8648 9005
8675 9001
8644 9012
8648 9005
8166 9249
8166 9249
8473 9139
8648 9005
8675 9001
7586 9297
8946 8197
7739 9260
8778 8537
8142 9227
8732 8712
8789 8361
8708 8806
8293 9183
8148 9212
8685 8895
8399 9134
8864 8320
8331 9168
8569 9049
7678 9293
8668 8931
8604 9012
8879 8210
8653 8973
8869 8285
8534 9108
8877 8242
7691 9264
8565 9105
8640 9005
8466 9132
8483 9125
8473 9127
8483 9125
8565 9105
8483 9125
8483 9125
7672 9261
8899 8118
8078 9217
8684 8871
8751 8482
8829 8298
8135 9178
8330 9167
8695 8709
8713 8652
8645 8967
8748 8524
8583 8985
8839 8216
8879 8154
8561 9073
8523 9076
8447 9079
8837 8269
8359 9134
8366 9102
8405 9090
8418 9082
8361 9119
7653 9259
8892 8086
8745 8403
8692 8709
7781 9177
8128 9166
8762 8251
8397 9090
8238 9153
8848 8150
8523 9070
8557 9031
7693 9191
8619 8944
8677 8811
8128 9166
8824 8237
8340 9105
7662 9231
8660 8857
8312 9142
8837 8219
8552 9055
8645 8896
8676 8838
8633 8940
8333 9118
8640 8904
8315 9139
7655 9243
8836 8223
7552 9257
8830 8192
8232 9148
7666 9177
8738 8329
8687 8627
8563 8928
8668 8836
8672 8691
7647 9256
8781 8223
8318 9118
8501 9065
8378 9074
8554 9021
8617 8889
8649 8856
8349 9088
8673 8662
8790 8213
8619 8878
8515 9043
8540 9025
8519 9033
8360 9075
7530 9257
8819 8156
8722 8309
8659 8706
7641 9161
8076 9139
8119 9117
8324 9077
8545 8981
8770 8181
8283 9116
8604 8887
8469 9063
8645 8829
7629 9231
7576 9232
8514 9038
8533 9012
8610 8871
8290 9096
8643 8844
8490 9062
8796 8157
8781 8178
8781 8178
7612 9226
8814 8045
7990 9120
8708 8224
8659 8623
8153 9106
8655 8690
8628 8813
8058 9114
8521 9010
8375 9054
8269 9100
8526 8942
8557 8880
8446 9052
8729 8164
8753 8161
8804 8131
8813 8114
8541 8911
8585 8842
8315 9067
8487 9048
8285 9094
8589 8824
8312 9071
8485 9051
7565 9223
8782 7931
8656 8559
8055 9114
7606 9127
8699 8167
8265 9099
8606 8808
8768 8028
8747 8156
8359 9052
8422 9007
7590 9194
8488 8978
8554 8866
8403 9031
8577 8837
8511 8937
8523 8898
8360 9033
8508 8960
8531 8889
8588 8822
7512 9220
8694 8150
8653 8510
7596 9125
8141 9096
8596 8726
8587 8804
8446 8952
8533 8812
8413 8989
7587 9186
8521 8874
8241 9065
8223 9070
8457 8889
7553 9203
8143 9081
8379 9026
8314 9047
8317 9045
8485 8884
8382 9011
7535 9198
8693 8072
8576 8547
8096 9094
7586 9173
8462 8882
8240 9065
8573 8788
8559 8789
8362 9017
8412 8953
8410 8975
8312 9040
8314 9033
7566 9185
7583 9183
7531 9190
8549 8772
7623 9086
8201 9050
8443 8826
7574 9160
8384 8899
8361 8998
8371 8953
8274 9013
8372 8916
7538 9173
8269 9028
8230 9035
8217 9041
7495 9107
8524 8763
7558 9101
8199 9035
8373 8882
8420 8805
8344 8966
8269 9004
8233 9021
8331 8982
8332 8981
7532 9099
8517 8755
8242 8994
8368 8807
8345 8882
8328 8931
8363 8849
8287 8982
8360 8855
8316 8957
8321 8932
8290 8967
8311 8966
7514 9072
8457 8716
8271 8982
8291 8882
8419 8745
8351 8817
8334 8822
8296 8845
8292 8846
7439 9028
8438 8668
8264 8970
8329 8754
7545 8974
7499 9014
7483 9005
8260 8888
8251 8930
8254 8899
8235 8891
8042 8872
8010 8713
