444 129.064
26688 27939
27792 26338
26751 27893
26813 27485
27602 26779
27418 26807
27293 27052
27338 26908
27178 27203
26814 27460
27145 27303
27010 27387
27787 26463
27792 26338
27029 27349
27276 27058
26898 27422
26926 27403
27071 27313
27145 27303
27642 26675
27693 26582
27071 27313
27243 27104
27243 27104
27191 27111
27709 26556
27645 26636
27680 26615
27347 26882
27387 26874
27190 27157
27390 26851
27417 26830
27642 26675
27728 26526
27756 26510
27680 26615
27759 26472
27787 26463
27186 27166
27191 27111
27642 26675
27645 26636
27756 26510
27759 26472
26898 27422
26926 27403
27338 26908
27347 26882
26898 27422
27010 27387
27022 27367
27710 26534
27728 26526
27022 27367
27418 26807
27387 26874
27390 26851
26814 27460
27417 26830
27710 26534
26898 27422
26926 27403
26926 27403
27186 27166
27191 27111
26814 27460
27191 27111
27418 26807
26814 27460
26814 27460
26814 27460
26814 27460
26898 27422
26898 27422
26898 27422
26898 27422
26898 27422
26898 27422
26898 27422
26898 27422
26898 27422
26898 27422
26898 27422
26898 27422
26898 27422
26926 27403
26926 27403
26926 27403
26926 27403
26926 27403
27071 27313
27071 27313
27071 27313
27145 27303
27186 27166
27186 27166
27186 27166
27186 27166
27191 27111
27191 27111
27191 27111
27191 27111
27191 27111
27191 27111
27191 27111
27191 27111
27191 27111
27191 27111
27191 27111
27191 27111
27191 27111
27191 27111
27191 27111
27191 27111
27191 27111
27347 26882
27387 26874
27387 26874
27417 26830
27418 26807
27418 26807
27418 26807
27418 26807
27642 26675
27642 26675
27645 26636
27680 26615
27710 26534
27759 26472
27759 26472
26722 27885
27726 26228
26758 27414
27027 27326
26848 27374
27272 26966
27379 26873
27591 26680
27142 27277
27715 26324
27473 26727
27444 26772
27167 27169
27663 26596
27186 27035
27699 26536
27185 27073
27682 26565
27699 26536
27681 26576
27681 26576
27682 26565
27682 26565
27682 26565
26588 27828
27694 26445
27443 26761
26714 27530
27284 26846
27569 26679
27142 27076
26825 27357
26716 27387
26914 27309
27155 26925
27214 26916
27025 27251
27610 26515
27586 26534
26975 27268
27129 27220
27122 27224
26714 27530
26575 27721
27628 26119
26682 27485
26753 27330
26984 27238
27450 26659
27156 26847
26819 27306
27317 26705
27626 26372
27119 27177
27136 27058
27580 26510
27254 26762
27139 26939
27531 26597
27037 27205
27519 26658
27594 26427
27310 26751
26805 27307
27005 27233
27612 26395
27262 26759
26455 27675
26455 27675
27591 26172
27136 27029
26536 27615
27170 26738
27281 26693
27431 26653
26643 27451
27097 27150
26816 27251
26768 27301
26663 27384
26963 27236
27536 26451
27582 26229
26997 27153
27487 26534
27464 26561
27180 26698
27564 26369
26482 27645
26989 27226
27555 26375
26799 27297
26655 27417
26455 27675
26406 27581
27558 26360
27154 26655
27116 27028
27363 26651
26447 27502
26620 27389
26662 27383
27434 26511
26765 27273
26880 27235
26989 27218
27090 27110
26796 27265
27020 27148
27495 26431
27448 26477
27456 26436
27512 26377
27049 27124
27515 26366
27042 27127
26390 27515
27535 26233
27358 26609
27103 26984
26538 27346
27484 26398
26764 27259
26955 27205
26626 27308
26706 27264
27522 26304
27090 27065
26994 27137
27496 26368
27054 27108
26958 27154
27061 27095
26161 27431
27522 26289
27097 26692
27340 26603
27089 27035
26296 27393
26464 27323
27350 26524
27452 26336
27351 26367
26582 27255
26563 27273
26721 27227
26828 27199
26733 27217
27378 26361
27026 27049
26945 27144
26903 27175
27011 27089
26981 27103
26955 27118
27069 27036
26879 27191
26880 27187
26082 27361
27476 25885
27313 26407
26535 27268
27089 26723
26253 27356
26781 27199
27404 26162
26445 27319
27086 26991
27312 26579
27454 26112
27125 26603
27184 26589
26923 27081
27001 27073
26896 27137
27035 27013
27435 26138
27013 27025
26842 27174
26868 27145
26844 27170
26871 27140
26304 27310
27313 25854
27264 26571
27312 26137
27085 26891
26420 27296
26828 27152
26657 27184
26525 27232
26989 27058
26895 27087
26545 27197
27072 26991
26626 27186
26853 27124
27027 26995
26878 27091
27003 26997
26997 27035
26209 27303
27259 26410
27085 26817
27175 26529
26380 27247
26505 27188
26965 27048
26794 27088
26639 27172
27232 26526
27055 26975
27009 26988
26736 27152
26769 27130
27054 26980
26737 27136
26145 27261
27225 26440
26365 27229
27083 26693
26620 27168
27090 26511
27054 26925
26849 27023
26979 26974
27211 26503
26786 27042
26740 27101
26723 27141
27028 26970
27033 26940
26734 27134
26218 27215
27219 26272
26325 27189
27035 26672
26805 27013
26551 27151
27105 26501
26732 27092
26952 26974
27211 26400
26703 27135
27028 26783
27016 26916
26595 27144
27025 26840
27188 26433
26977 26968
27153 26471
27147 26489
26135 27195
27219 26263
27146 26482
27013 26916
26487 27151
26704 27031
26851 26952
26643 27103
26896 26939
26663 27073
26230 27113
27209 26248
26634 27103
27005 26826
27013 26417
27047 26407
26700 27025
26747 26952
26873 26929
26998 26891
26910 26906
26071 27100
27140 25960
27100 26243
27000 26731
26317 27094
26621 27089
26932 26871
26734 26940
26866 26928
26649 26992
26632 27069
26882 26894
26681 26952
26923 26889
26671 26965
26679 26961
26195 27091
26995 26651
26917 26852
26951 26703
26517 27078
26300 27082
26735 26881
26603 26920
26708 26913
26599 26967
26549 27008
26560 27002
26434 27061
26979 26346
26569 26911
26883 26848
26949 26607
26475 27021
26910 26771
26544 26989
26927 26703
26899 26839
26548 26976
26947 26673
26941 26681
26360 27043
26924 26611
26798 26819
26481 26957
26867 26756
26883 26658
26444 27012
26060 26993
26919 26498
26729 26781
26399 26962
26489 26792
26160 26982
25844 26978
26887 26483
26677 26683
26394 26918
26270 26952
26679 26546
26696 26526
25989 26928
26806 26419
26632 26675
26088 26899
26392 26819
26377 26825
25763 26874
26754 26293
26629 26635
26391 26693
26116 26792
26019 26818
25690 26781
26588 26522
26353 26680
26090 26732
25847 26731
26496 26379
26317 26629
25933 26665
25754 26706
26311 26318
26633 27924
27860 26256
27744 26609
26706 27913
27392 27411
26873 27869
26958 27812
27455 27333
27277 27465
27712 26755
26873 27869
27167 27472
27277 27465
27852 26392
27456 27258
27836 26500
27852 26392
27836 26500
27712 26755
26986 27674
27125 27519
27836 26500
27473 27224
27672 26820
26633 27924
26975 27751
26975 27751
27035 27610
27566 27046
27011 27629
27490 27198
27524 27171
27524 27171
27551 27135
27647 26916
27663 26866
27628 26948
27082 27606
27167 27472
27611 26993
27082 27606
27552 27119
27560 27064
27672 26820
27115 27581
26986 27674
27663 26866
27647 26916
27577 27008
27011 27629
27490 27198
27133 27495
27115 27581
27115 27581
27035 27610
27133 27495
27587 26994
27611 26993
27628 26948
27560 27064
27133 27495
27628 26948
27551 27135
27552 27119
27587 26994
27577 27008
27672 26820
26633 27924
27584 27005
27584 27005
27584 27005
27584 27005
26633 27924
26633 27924
26873 27869
27011 27629
27011 27629
27011 27629
27035 27610
27082 27606
27082 27606
27082 27606
27115 27581
27115 27581
27115 27581
27133 27495
27133 27495
27133 27495
27133 27495
27133 27495
27167 27472
27167 27472
27167 27472
27167 27472
27277 27465
27277 27465
27277 27465
27490 27198
27490 27198
27490 27198
27490 27198
27490 27198
27490 27198
27490 27198
27490 27198
27490 27198
27490 27198
27524 27171
27524 27171
27524 27171
27524 27171
27524 27171
27524 27171
27551 27135
27577 27008
27577 27008
27577 27008
27577 27008
27577 27008
27577 27008
27584 27005
27584 27005
27584 27005
27584 27005
27584 27005
27584 27005
27584 27005
27611 26993
27672 26820
27672 26820
27672 26820
27672 26820
27836 26500
27836 26500
27836 26500
27836 26500
27852 26392
26636 27893
26636 27893
27816 26338
27659 26779
27216 27456
27717 26562
27033 27565
26795 27869
27739 26367
27361 27332
27573 26981
27727 26507
26972 27639
27296 27351
27481 27182
26808 27823
27122 27510
27584 26841
27505 27132
27432 27273
27109 27516
27608 26833
26895 27796
27524 27050
27532 27029
26925 27755
26958 27682
27452 27268
26940 27725
27296 27351
26895 27796
27452 27268
27296 27351
26654 27869
27731 26349
27580 26706
27352 27321
27569 26875
27668 26531
27024 27466
26807 27802
26990 27534
27209 27344
27502 26971
26676 27818
27132 27428
27404 27205
26956 27667
27492 27118
27434 27189
27724 26501
26860 27778
26904 27748
27495 27054
27152 27392
27170 27352
27699 26511
26919 27688
26923 27683
26632 27839
27707 26281
27336 27315
26815 27760
27567 26598
27495 27052
27508 26752
27116 27330
27385 27175
27049 27358
26896 27714
26944 27643
27662 26478
26974 27469
27637 26495
27524 26718
27448 27117
26952 27520
27480 27095
27102 27346
26959 27481
27658 26485
26588 27767
27649 26359
27492 27050
26792 27743
27630 26476
26962 27448
27156 27304
27513 26672
27504 26716
27044 27357
26939 27637
26866 27686
27255 27218
27398 27064
27642 26421
27332 27191
27287 27202
27361 27133
27357 27156
27385 27089
27392 27086
27386 27088
26786 27743
27625 26344
27009 27327
27615 26441
26934 27589
27492 26623
27128 27274
27280 27181
27486 26793
27144 27183
26809 27624
27423 27049
27449 27015
27488 26625
27484 26917
27461 26931
26883 27616
27364 27058
26865 27622
27130 27187
27298 27137
27351 27075
27330 27096
27322 27118
27309 27129
26525 27733
27616 26136
27491 26330
27467 26675
26973 27309
26664 27719
26767 27675
27269 27163
27099 27166
27082 27272
26930 27478
27461 26875
26872 27613
27319 27087
27330 27043
26896 27562
27446 26954
26924 27553
27442 26983
27375 27032
27404 27020
27399 27027
26604 27711
27439 26838
26733 27660
26921 27455
26923 27276
26868 27590
27119 27156
26900 27552
27013 27260
27270 27006
27255 27129
27245 27151
27437 26971
27081 27231
27419 26983
27067 27245
27369 27002
27307 27004
27348 27003
26533 27698
27432 26743
26922 27264
27244 27006
26844 27548
27409 26965
27137 27131
27073 27221
27051 27244
26871 27494
26716 27597
27423 26863
26919 27416
27194 27113
26619 27643
27232 27063
26590 27671
26691 27610
26911 27425
27413 26905
27412 26941
26714 27603
26419 27648
27415 26839
27059 27212
26851 27494
27220 27018
26711 27571
27132 27103
26915 27258
26504 27627
26644 27593
26870 27431
26898 27321
27384 26965
27151 27044
27394 26957
26452 27608
27410 26739
27058 27187
26637 27539
27129 27091
27343 26947
27160 26971
26823 27494
26855 27329
26838 27482
26598 27579
26943 27196
27139 27010
26873 27290
26885 27236
27388 26895
27404 26812
27400 26832
27381 26921
26901 27201
26627 27575
26312 27607
27408 26656
26530 27562
27115 27022
26763 27471
27313 26947
27054 27121
27390 26794
26863 27209
26944 27153
26826 27343
26849 27306
27396 26664
26804 27438
26920 27186
27381 26876
27350 26919
27377 26904
26792 27447
26779 27468
26455 27534
27406 26551
27372 26899
26473 27492
27045 27104
26737 27440
26885 27137
27114 26992
27176 26945
27291 26913
26839 27229
26787 27436
26805 27339
26811 27308
26408 27471
27368 26264
26772 27415
27361 26752
27019 27017
27095 26929
26779 27268
27205 26910
26871 27036
26804 27134
27354 26868
27277 26880
26852 27040
26810 27117
27313 26877
26351 27431
27360 26599
26790 27047
27002 26910
26731 27393
26772 27375
26814 26968
27340 26797
27226 26872
27319 26832
27265 26854
26770 27387
27228 26870
26713 27358
27335 26696
26804 26895
27228 26846
26714 27160
26754 27125
26787 27041
26788 26997
27319 26787
27313 26830
26598 27317
27291 26454
26799 26881
27140 26821
27290 26783
26754 27110
26705 27218
26654 27292
26709 27175
26635 27312
26224 27307
27273 26781
26705 27175
27003 26792
26584 27297
26460 27241
27199 26608
26612 27098
26949 26785
27187 26779
26462 27238
26452 27241
27187 26668
26598 26800
26497 27063
27129 26768
27153 26737
26267 27236
27185 26576
27061 26730
26569 26737
26492 27041
26533 26759
26426 27085
27135 26713
27129 26714
26492 26912
27124 26552
27080 26712
26438 26842
27110 26309
27057 26709
26515 26711
26388 26826
27051 26522
26967 26706
26744 26616
27007 26407
26965 26585
27001 26497
26829 26498
26753 26375
26401 27788
27754 25666
27754 25666
27745 26210
27708 26211
27690 26638
26478 27720
26738 27718
27015 27412
27176 27365
27366 27005
27176 27365
27253 27018
27412 26891
26930 27524
26738 27718
27640 26679
27210 27212
27574 26853
27485 26871
27626 26773
27222 27151
27240 27036
26964 27435
27485 26871
26473 27767
26877 27561
27690 26638
27389 26974
26807 27642
26807 27642
27591 26826
27015 27412
26850 27599
27222 27151
26954 27497
27626 26773
27389 26974
26954 27497
27640 26679
27210 27212
27745 26210
26473 27767
27591 26826
27210 27212
27366 27005
26478 27720
27574 26853
26834 27603
26877 27561
26807 27642
26834 27603
26877 27561
27412 26891
26850 27599
27708 26211
26834 27603
26964 27435
27412 26891
27240 27036
27247 27031
26964 27435
27745 26210
27252 27029
27252 27029
26478 27720
27247 27031
26834 27603
27247 27031
27708 26211
26473 27767
26473 27767
26473 27767
26473 27767
26478 27720
26478 27720
26478 27720
26478 27720
26478 27720
26478 27720
26478 27720
26478 27720
26807 27642
26807 27642
26807 27642
26807 27642
26807 27642
26834 27603
26834 27603
26834 27603
26834 27603
26834 27603
26834 27603
26834 27603
26834 27603
26834 27603
26850 27599
26850 27599
26850 27599
26850 27599
26954 27497
26954 27497
26954 27497
26964 27435
27015 27412
27015 27412
27015 27412
27210 27212
27222 27151
27222 27151
27222 27151
27222 27151
27247 27031
27247 27031
27247 27031
27247 27031
27247 27031
27247 27031
27252 27029
27252 27029
27252 27029
27252 27029
27389 26974
27389 26974
27412 26891
27485 26871
27485 26871
27485 26871
27485 26871
27485 26871
27574 26853
27574 26853
27574 26853
27640 26679
27640 26679
27640 26679
27640 26679
27640 26679
27690 26638
27690 26638
27690 26638
27690 26638
27708 26211
27708 26211
27708 26211
27708 26211
27708 26211
27708 26211
27708 26211
27708 26211
27708 26211
27708 26211
27745 26210
27745 26210
27745 26210
27745 26210
27745 26210
27745 26210
26236 27776
27687 26567
27166 27208
27010 27275
27617 26771
26408 27733
27642 26630
27190 27047
26653 27631
26527 27662
26964 27389
26502 27704
27449 26780
26740 27605
27378 26860
26841 27552
26792 27591
27221 26950
27415 26797
27259 26921
27216 27014
26962 27420
26945 27494
26872 27513
27333 26916
27349 26889
26929 27510
27441 26784
26929 27510
26929 27510
26929 27510
26243 27729
27605 26693
27112 27154
26436 27673
26919 27283
26719 27549
26535 27573
27440 26756
27365 26839
27531 26745
26905 27441
27203 26940
26980 27221
26495 27627
27152 27058
27264 26912
27183 27033
27337 26880
26973 27230
26816 27526
26844 27492
26855 27450
26826 27524
26890 27448
26356 27669
27605 26587
26478 27540
26813 27525
26909 27208
27108 27119
27020 27126
27366 26754
27147 26948
26900 27349
27517 26737
27335 26833
26458 27619
27235 26897
27269 26850
26885 27424
26403 27651
27171 26935
26821 27467
27585 26615
26826 27427
27550 26639
27531 26710
27547 26675
26346 27639
27594 26568
27106 27115
26899 27301
26764 27494
26478 27538
27107 27008
27171 26927
26457 27569
27364 26736
27433 26708
26372 27624
27511 26647
27567 26582
27215 26851
27499 26682
27312 26778
26822 27370
27288 26832
27204 26894
26847 27329
26821 27426
27306 26810
26864 27302
26792 27459
26806 27440
26802 27455
26215 27627
27590 26437
26465 27528
26887 27258
27062 27109
26721 27494
27308 26708
27517 26501
27286 26801
26806 27295
27463 26673
27202 26868
27496 26631
26320 27586
26802 27426
27127 26921
26795 27454
27106 27025
27170 26920
27080 27038
26249 27622
26316 27605
27098 27027
26248 27622
27571 26208
27460 26665
26880 27258
27046 27077
26457 27490
27168 26866
26690 27488
27278 26775
26799 27370
27289 26695
27454 26672
26319 27514
26300 27517
27105 26932
27118 26917
27068 27005
26719 27462
27063 27016
26727 27426
27282 26703
26787 27414
26770 27422
26308 27511
27457 26630
26425 27476
26861 27164
26967 27039
27261 26675
27084 26876
26619 27459
26822 27248
26796 27348
27133 26837
27452 26669
27169 26744
27052 26980
26845 27184
26678 27437
26777 27414
26750 27416
27026 27001
26998 27035
27251 26740
26663 27455
27243 26742
26117 27495
27436 26669
26644 27454
27184 26684
26821 27096
26807 27237
26380 27472
26900 27022
26280 27477
26795 27343
27121 26748
27085 26825
27024 26985
26984 27010
26752 27414
27092 26751
26768 27377
27054 26851
27037 26926
27045 26888
26354 27473
26759 27413
27043 26915
26307 27464
27418 26609
26800 27223
26637 27452
26881 27016
27282 26653
26764 27336
27165 26659
27005 26896
27001 26982
27068 26778
27018 26832
27091 26711
27110 26701
27030 26804
26756 27392
26675 27414
26942 27006
26957 27003
26734 27403
26697 27409
26405 27441
27392 26583
26759 27187
26876 26997
26680 27399
27255 26636
26963 26979
26985 26838
27041 26744
27133 26644
26749 27342
27018 26782
26704 27344
27133 26644
26352 27436
27332 26576
27033 26741
26747 27231
26827 26994
27194 26598
26671 27373
26535 27383
26985 26826
26746 27317
26937 26961
26953 26887
27240 26592
26836 26974
26544 27381
26163 27416
27251 26462
26447 27379
26801 26962
27135 26562
27029 26667
26743 27108
26672 27297
26300 27410
26951 26884
26966 26779
26736 27249
26953 26826
26730 27291
26268 27391
27235 26424
27125 26550
26899 26728
26769 26958
26412 27324
26730 27209
26654 27289
26886 26872
26299 27364
26715 27266
26213 27352
27107 26457
26973 26478
26715 27162
26880 26649
26760 26874
26396 27309
26547 27264
26776 26861
26842 26751
26482 27284
26681 27243
26851 26737
26713 27235
26203 27318
27082 26242
26747 26743
26707 27076
26899 26473
26773 26602
27060 26450
26429 27240
26609 27231
26693 27214
26357 27290
26295 27296
26173 27233
26860 26260
26671 27130
26292 27188
26740 26488
26732 26668
26686 26982
26222 27232
26198 27212
26679 26798
26572 27075
26579 27025
26128 27197
26612 26753
26466 27049
26566 26892
26536 26955
26540 26940
26561 26902
26113 27158
26527 26638
26413 27038
26469 26940
26431 27012
26444 26952
26059 27041
26469 26707
26396 26963
26442 26851
26332 26959
26154 26954
26490 27734
27705 26303
27519 26542
27455 26801
27334 27014
27455 26801
26570 27620
27445 26940
26571 27596
26840 27413
27445 26940
26696 27539
27532 26461
27143 27242
27155 27144
26890 27395
27655 26341
27705 26303
27519 26542
26971 27387
26751 27487
26795 27445
27155 27144
27143 27242
26801 27444
26707 27520
26751 27487
27551 26434
27568 26372
27580 26371
27626 26346
26890 27395
26977 27319
27104 27285
27045 27287
26971 27387
27231 27084
27205 27110
26696 27539
27299 27019
27551 26434
27299 27019
27104 27285
26977 27319
27253 27082
27104 27285
27262 27064
27626 26346
27655 26341
27020 27288
27281 27049
27205 27110
27220 27104
27003 27305
27020 27288
27281 27049
27045 27287
26570 27620
26571 27596
26707 27520
27205 27110
27220 27104
27281 27049
27003 27305
27003 27305
27568 26372
27580 26371
26971 27387
27262 27064
27003 27305
26697 27532
26697 27532
27253 27082
27262 27064
26795 27445
26696 27539
26697 27532
27045 27287
27253 27082
26697 27532
26570 27620
26571 27596
26571 27596
26571 27596
26571 27596
26696 27539
26696 27539
26696 27539
26696 27539
26696 27539
26697 27532
26697 27532
26697 27532
26697 27532
26697 27532
26697 27532
26697 27532
26697 27532
26697 27532
26697 27532
26751 27487
26751 27487
26890 27395
26890 27395
26971 27387
26971 27387
26971 27387
26971 27387
26977 27319
26977 27319
26977 27319
26977 27319
27003 27305
27003 27305
27003 27305
27020 27288
27045 27287
27104 27285
27104 27285
27104 27285
27104 27285
27104 27285
27104 27285
27143 27242
27205 27110
27205 27110
27205 27110
27205 27110
27220 27104
27220 27104
27220 27104
27220 27104
27220 27104
27253 27082
27253 27082
27253 27082
27253 27082
27262 27064
27262 27064
27262 27064
27262 27064
27281 27049
27281 27049
27281 27049
27281 27049
27281 27049
27281 27049
27281 27049
27281 27049
27281 27049
27281 27049
27281 27049
27281 27049
27299 27019
27299 27019
27299 27019
27299 27019
27299 27019
27445 26940
27519 26542
27519 26542
26453 27693
26453 27693
27685 26245
27504 26477
27373 26811
27533 26285
26796 27367
26510 27533
27032 27189
26932 27341
26737 27456
26960 27272
27239 27017
26625 27531
27075 27108
26654 27473
27354 26826
27147 27036
27123 27072
27324 26945
27314 26998
26454 27632
26454 27632
27324 26945
27314 26998
26453 27693
26453 27693
26453 27693
26453 27693
26453 27693
26453 27693
26453 27693
26453 27693
26454 27632
26454 27632
26454 27632
26454 27632
26454 27632
27324 26945
26439 27556
27519 26202
27295 26790
27502 26401
26605 27466
27031 27182
26468 27470
27203 26941
26954 27270
26802 27271
27116 27053
26758 27305
27503 26360
26694 27411
27127 27031
26703 27389
27197 26965
26957 27184
26437 27551
27470 26291
27220 26757
27393 26380
26588 27434
27002 27128
26922 27220
26813 27270
27177 26895
26716 27293
26689 27409
26881 27248
27007 27012
27115 26991
26698 27355
26595 27423
27004 27033
27447 26336
27432 26349
27118 26981
27143 26908
27138 26932
27404 26373
27140 26929
26392 27551
27466 26120
27166 26691
27400 26369
26991 27122
26698 27347
27057 26967
27421 26277
26513 27431
26808 27268
27139 26812
26604 27402
26625 27399
26908 27162
26427 27450
26853 27241
26413 27462
27129 26874
26875 27186
27104 26925
26813 27254
27118 26922
26906 27178
26323 27540
27428 26095
27140 26542
27348 26345
26991 27084
27137 26801
26483 27425
26623 27396
26794 27227
27384 26105
27381 26327
26719 27265
26881 27171
26399 27457
26905 27141
27030 26967
26673 27304
26658 27345
26407 27442
27119 26844
27115 26898
27081 26917
27039 26921
26895 27142
27035 26961
26342 27450
27427 25828
27266 26321
27124 26702
27383 26066
27322 26210
26468 27418
27096 26879
26541 27384
27122 26740
26867 27140
27027 26880
27305 26314
26605 27381
26944 27079
26880 27114
26671 27286
26767 27141
26713 27199
26712 27231
26955 27050
26624 27324
26984 26907
26766 27151
26957 26951
26646 27298
26972 26940
26422 27413
27360 26042
27095 26457
27301 26176
27081 26876
26962 26924
26917 27068
26602 27238
26573 27377
26755 27141
27033 26878
27302 26097
26938 26999
26450 27393
26696 27176
26680 27231
26846 27124
26592 27356
26834 27138
26449 27397
26381 27398
27332 25780
27114 25960
27069 26771
27299 25782
26682 27166
26840 27117
26912 26898
26539 27374
27036 26871
26887 27003
26591 27340
26617 27224
26628 27199
27037 26818
26568 27371
26856 27048
27059 26783
26848 27058
26854 27055
26273 27396
27189 25519
27036 26021
27025 26822
26452 27361
26791 27109
26893 26871
26678 27136
26842 27042
26611 27196
26884 26991
26589 27314
26983 26865
26549 27336
26494 27355
26652 27143
26997 26834
26246 27390
26984 26789
26823 27040
26912 26864
26663 27133
26407 27346
26582 27232
26507 27300
26472 27344
26544 27259
26726 27102
26962 26832
26732 27041
26558 27233
26728 27086
26730 27057
26940 26853
26942 26848
26194 27384
26959 26689
26883 26840
26819 27010
26406 27337
26227 27340
26472 27211
26688 27069
26462 27336
26552 27125
26958 26772
26761 27022
26524 27203
26937 26832
26636 27121
26640 27100
26201 27348
26811 27021
26164 27320
26935 26776
26805 26983
26916 26811
26442 27319
26596 27037
26473 27187
26536 27095
26462 27270
26517 27132
26689 27017
26742 27011
26447 27314
26266 27315
26926 26768
26791 26963
26906 26781
26546 27035
26461 27258
26670 27014
26462 27132
26484 27110
26689 26975
26381 27285
26369 27313
26913 26780
26394 27254
26926 26590
26461 27055
26631 26980
26853 26755
26789 26842
26863 26638
26762 26923
26699 26959
26445 27164
26397 27175
26331 27251
26924 26468
26427 27023
26345 27144
26728 26772
26677 26859
26540 26945
26630 26911
26858 26580
26830 26703
26778 26720
26856 26604
26554 26924
26305 27160
26831 26568
26765 26672
26611 26893
26407 26982
26587 26908
26823 26665
26320 27040
26325 27006
26300 27082
26817 26577
26607 26773
26714 26627
26395 26948
26477 26868
26302 27081
26338 26948
26728 26152
26701 26622
26389 26737
26377 26768
26195 26869
26441 26434
26349 26671
26321 26823
26332 26734
26199 26746
26191 26643
26639 27948
27708 26380
26777 27896
26804 27462
27352 27071
26966 27306
27056 27304
27692 26618
27696 26436
27237 27082
26852 27450
26865 27396
27373 26959
27474 26815
27458 26849
27231 27159
27237 27082
27569 26787
27576 26713
27531 26800
26893 27355
27595 26656
27640 26640
27093 27294
27651 26635
27692 26618
27696 26436
27708 26380
27417 26898
27209 27204
27531 26800
27569 26787
26930 27324
27474 26815
27456 26885
27107 27271
27131 27251
27218 27167
27417 26898
27387 26948
27107 27271
27412 26939
26901 27336
26924 27330
27197 27225
27456 26885
27583 26689
27588 26658
27153 27249
27412 26939
27131 27251
27153 27249
27174 27243
27174 27243
27193 27240
27352 27071
26893 27355
26901 27336
27218 27167
27231 27159
27577 26702
27583 26689
27640 26640
27651 26635
27193 27240
27093 27294
27373 26959
27387 26948
27205 27218
27205 27218
26930 27324
27412 26939
27531 26800
26924 27330
27456 26885
27576 26713
27577 26702
27588 26658
27595 26656
27352 27071
27373 26959
27387 26948
27093 27294
26930 27324
26930 27324
26930 27324
26930 27324
27093 27294
27093 27294
27093 27294
27093 27294
27107 27271
27131 27251
27153 27249
27174 27243
27193 27240
27237 27082
27237 27082
27352 27071
27352 27071
27352 27071
27352 27071
27352 27071
27352 27071
27352 27071
27352 27071
27352 27071
27352 27071
27352 27071
27373 26959
27373 26959
27373 26959
27373 26959
27373 26959
27387 26948
27387 26948
27387 26948
27387 26948
27387 26948
27387 26948
27387 26948
27387 26948
27387 26948
27387 26948
27412 26939
27412 26939
27412 26939
27412 26939
27412 26939
27412 26939
27417 26898
27417 26898
27456 26885
27474 26815
27576 26713
27576 26713
27595 26656
27692 26618
27696 26436
26586 27891
27644 26383
26727 27850
27626 26635
26893 27327
27055 27300
26749 27530
27278 27023
27199 27105
27379 26761
27642 26413
26693 27866
27493 26694
27520 26643
27328 26957
27187 27200
27106 27266
27375 26830
27137 27220
26848 27382
26749 27530
27347 26893
27351 26880
26809 27399
26790 27401
27128 27245
27501 26693
26781 27457
26848 27382
26781 27457
26781 27457
26749 27530
26749 27530
26781 27457
26781 27457
26781 27457
26781 27457
26781 27457
26781 27457
26024 27812
27639 26296
26544 27777
27497 26686
26597 27762
27555 26529
27207 26955
26632 27586
27179 27128
26936 27288
27369 26765
27609 26421
26702 27465
27553 26632
27080 27255
26735 27417
27632 26387
26888 27304
27135 27210
27237 26927
27316 26916
26792 27369
26664 27562
27346 26856
26840 27350
27167 27153
27364 26780
27105 27243
27338 26887
26817 27361
26660 27580
26664 27562
25829 27804
27590 26356
26401 27746
26558 27503
26406 27693
27307 26886
27443 26587
27309 26685
27182 26897
27544 26502
26794 27339
27043 27255
26645 27396
27179 27018
26719 27367
26622 27482
27119 27114
26879 27297
27421 26658
27168 27079
27555 26440
27358 26676
26920 27260
27108 27207
27103 27210
27549 26446
26907 27261
25817 27603
27573 26283
25985 27573
26390 27562
27294 26700
26486 27501
26847 27260
27291 26870
26623 27356
27393 26656
27542 26434
27554 26349
27006 27243
26616 27471
26707 27355
27105 27132
27179 26881
26577 27474
27106 27038
26780 27326
26787 27297
27505 26487
27421 26526
27174 26959
27401 26602
27110 27012
27470 26496
27142 26961
27240 26878
27045 27194
27406 26559
27024 27219
27062 27155
27082 27154
25723 27564
27523 26336
26358 27416
27274 26838
26249 27464
27293 26648
27452 26463
26039 27477
26562 27380
26984 27230
26665 27313
27488 26389
27366 26556
25927 27489
26702 27261
25755 27507
26841 27252
26589 27367
25848 27501
27198 26862
27297 26598
27111 26918
27104 26987
26807 27257
27083 27012
26986 27161
27358 26572
27159 26888
27069 27065
27027 27127
27145 26901
27013 27157
27055 27067
27043 27103
27040 27112
25702 27502
27501 26188
27272 26457
27254 26813
26244 27452
25878 27488
26612 27292
26502 27348
26279 27354
26798 27249
27425 26449
27078 27001
27150 26858
27061 27054
26991 27133
27476 26341
27495 26328
26905 27227
25767 27490
27174 26836
26976 27180
26969 27217
25834 27467
27495 26318
27422 26348
27237 26812
26230 27441
26589 27264
26949 27054
26890 27172
26441 27311
26781 27244
26285 27344
27071 26858
27065 26985
27059 27016
26827 27222
26336 27340
27171 26830
27122 26856
25762 27446
27490 26205
27288 26328
27234 26708
26191 27350
25842 27357
26572 27256
26386 27297
27060 26910
26752 27244
26420 27268
27104 26828
27204 26774
27435 26304
27436 26281
26834 27141
26797 27209
27053 27003
26853 27113
26946 27038
27080 26845
27230 26761
27002 27014
26878 27056
26770 27222
26886 27047
27031 27012
27026 27013
26885 27055
25653 27446
27419 26293
26509 27248
27266 26321
25851 27281
27227 26747
27065 26753
27044 26909
26768 27144
26873 27030
26708 27238
25761 27329
26732 27184
25749 27433
27041 26987
27214 26750
25847 27302
26993 26999
25744 27442
26939 27020
26946 27004
25671 27382
27333 26230
26603 27238
27223 26451
27195 26748
27041 26959
27220 26723
26935 27019
26708 27146
26768 27039
26703 27232
26747 27067
27037 26977
26583 27237
27203 26649
27032 26974
26697 27046
26905 27015
27058 26711
27107 26703
26696 27207
26691 27221
26531 27237
27178 26567
26836 26987
26684 27181
27031 26870
27117 26619
26999 26970
27004 26928
26620 27215
27127 26607
26621 27198
27172 26568
26407 27236
27055 26610
26993 26963
26667 27101
26595 27198
27026 26792
26467 27232
27027 26700
26450 27225
27024 26624
26713 26961
26949 26942
27011 26739
26659 27063
26980 26808
26966 26902
26664 26968
26559 27087
26550 27157
26508 27168
26458 27179
26552 27095
25982 27221
26987 26558
26300 27207
26526 27079
26966 26782
26654 27000
26877 26851
26729 26893
26767 26876
26135 27061
26924 26602
26912 26758
26631 26956
26496 27060
26748 26862
26522 27014
26738 26864
26505 27047
26374 27047
26914 26273
26402 26944
26866 26730
26635 26859
26905 26647
26631 26879
26873 26699
26159 27029
26788 26700
26393 26808
26195 27017
26119 26997
26778 26686
26146 26708
26144 26941
26106 26952
26056 26756
