14 1.328
29225 31436 30053
29676 29272 30086
30285 30383 27944
30753 29212 29203
30830 30301 28562
29228 31382 29053
30693 30021 29501
30462 30380 28952
30025 29766 29967
29979 30592 28975
29608 29546 29996
29865 29464 29990
29953 30935 29668
29676 29272 30086
29399 31094 28603
29401 30190 29808
30112 30442 28732
30414 30067 29355
29309 31018 29615
29883 30554 29738
30145 30588 28603
30028 29473 29832
29920 31030 28821
30227 30103 29281
30121 29895 29571
29890 30941 29392
29613 30986 29270
29492 31057 28585
30055 30295 29587
29492 31057 28585
30080 30092 29335
30057 30106 29674
30058 30408 28800
30061 29924 29532
30061 29924 29532
28949 30737 29737
29010 31035 29480
29120 29729 30027
29401 30930 27906
29466 28878 29916
30684 29489 28637
30599 29932 28140
29647 29392 29882
30346 29748 29246
30460 30256 28775
29639 30900 28491
30092 29538 29428
29869 30628 29108
29216 30400 29784
30027 30219 29060
30507 29740 29224
30060 30275 28815
29795 30867 29225
29473 29956 29665
29760 30688 29383
30091 30464 28360
29401 30930 27906
29303 30717 29650
29358 29551 29762
29701 29541 29813
29956 30323 28699
29978 30323 28656
29349 30483 29678
29878 30614 29258
30074 29863 29249
29162 29926 29879
29903 29752 29717
30051 30466 28401
29436 30689 29310
29897 30462 29540
30027 30219 29060
29639 30900 28491
29921 30415 29257
29899 30026 29308
29875 30141 29663
29899 30026 29308
29647 29392 29882
29909 29955 29446
29875 30141 29663
29415 30887 29430
30060 30275 28815
30038 29748 29598
29897 30221 29570
29162 29926 29879
29897 30221 29570
30038 29748 29598
30092 29538 29428
29358 29551 29762
29349 30483 29678
30060 30275 28815
30092 29538 29428
28531 29317 29788
29259 28990 29856
29259 28990 29856
29740 30863 28548
30079 30343 28058
30510 29899 28068
30447 30227 28431
29394 30728 29427
29072 29755 29645
28733 30403 29532
30263 29642 28743
29634 30022 29604
28917 29265 29676
28531 29317 29788
30059 29261 29238
29714 29072 29517
28801 30829 29194
30155 29671 29125
30427 29386 29185
30042 29900 28647
29731 30449 29340
29837 30307 28994
29694 30845 28607
28926 30778 29278
29983 29533 29196
30404 29711 28721
29858 30142 29513
29910 29821 28861
29644 30693 29122
30238 30205 28476
29874 30542 28869
30031 29443 29314
29984 30202 28771
29751 30406 29397
29958 29517 29217
29494 30335 29532
29553 30601 29321
29590 30723 28899
29998 29753 28652
28931 29682 29648
29506 29836 29606
29920 30212 28708
30206 29481 28952
29636 30311 29505
29986 29793 28908
29555 30510 29298
30206 29481 28952
29509 30622 29380
29851 30172 29119
29893 29696 29059
29893 29696 29059
29918 30293 28525
29695 29348 29563
29509 30622 29380
30079 30343 28058
30071 29772 28543
30404 29711 28721
29860 30295 28987
29695 29348 29563
29740 29056 29648
29918 30293 28525
29555 30510 29298
28931 29682 29648
29851 30172 29119
29751 30406 29397
29740 29056 29648
28931 29682 29648
29695 29348 29563
28350 30812 28756
28783 29627 29630
29798 28915 29425
30267 29754 27495
30447 29234 27813
29057 30745 27656
29231 30341 29376
28783 29627 29630
30447 29234 27813
28665 30242 29520
29630 29011 29482
29743 29168 29426
29701 30493 28083
29455 30597 29030
29579 29816 29597
30006 29393 29257
30131 29331 28547
30197 29326 28947
28687 30796 28524
29388 30648 28228
30065 29498 28708
30223 30223 28340
30267 29754 27495
30393 29255 28288
29710 29896 29417
30077 29660 28468
29982 29536 28806
29739 30170 29090
29938 29938 28653
29762 30067 29218
29823 30312 28181
28748 30677 29326
29851 30193 28435
29786 29775 28880
29629 30373 29144
29854 29750 29162
29318 29953 29535
29265 30676 28979
29377 30301 29518
29913 29960 28579
29551 30581 28797
30324 28962 28747
29516 30222 29457
29590 30459 28709
30297 29676 28148
30256 30124 28302
30026 28956 29215
29683 30401 28838
29616 30627 28653
29348 30613 29235
29892 30146 28771
29954 29577 28917
28665 30242 29520
29913 29960 28579
29946 29594 28866
30297 29676 28148
29620 30434 28906
29330 30616 29206
29532 30455 29286
29759 30069 28868
29678 30136 29267
30393 29255 28288
29293 30666 28443
30021 29671 28695
29502 30518 28805
30324 28962 28747
29808 30123 28867
29701 30493 28083
29560 29958 29302
29806 30407 28790
29502 30518 28805
29689 30167 29156
29713 30490 28578
29855 30135 28797
29276 30511 29338
28748 30677 29326
29276 30511 29338
29903 29662 28913
29713 30490 28578
29851 30193 28435
30297 29676 28148
29954 29577 28917
29289 30674 28780
29377 30301 29518
29289 30674 28780
28783 29627 29630
29289 30674 28780
30297 29676 28148
28547 30727 28496
28606 29031 29574
30073 28669 28476
30162 29689 27921
30208 29313 28246
28778 30669 28664
30048 30090 28115
29908 30057 28340
29168 29899 29434
29592 29321 29389
29988 29166 29160
28941 30551 29075
28955 30238 29516
30162 29689 27921
29482 29509 29532
28691 29592 29519
29553 29913 29038
29440 29979 29163
29502 30156 28925
29656 30235 28722
29234 30582 28590
29734 30376 28648
29658 29890 29141
29327 30523 29151
29337 29798 29427
29192 30217 29259
29928 29689 28331
29792 30308 28512
29375 30119 29191
29251 29939 29351
29506 29740 29303
29589 30164 28872
29479 30298 29068
29293 30336 29199
29270 30529 28786
30093 29659 28200
29353 29543 29567
30093 29659 28200
29686 29629 29309
29764 29628 28838
29763 30345 28530
28955 30238 29516
30067 29673 28227
29698 30071 28795
29709 29753 29247
29264 29923 29234
29994 29557 28589
29581 30571 28648
29764 30112 28577
29716 29559 29156
29778 30310 28557
29740 29900 28794
29778 30310 28557
29734 30376 28648
29734 30376 28648
28203 30547 28562
28951 29460 29513
29962 29573 27814
29979 28679 28586
28558 30192 29279
29294 29131 29495
29896 28741 28561
29936 29828 28054
29804 30034 28199
29900 29282 28306
29073 29626 29348
29232 29824 29257
28687 30122 29262
29726 29798 28676
29130 30248 28843
28694 30544 28956
29298 30463 27930
28883 29911 29395
29844 29981 28246
29444 30279 28824
29656 29745 29050
29346 28733 29440
29239 29192 29359
29744 30208 27843
28824 29967 29405
28759 30348 29094
29291 30185 29099
29701 29434 29094
29791 29876 28455
29543 30443 28481
29285 29509 29299
29640 30230 28625
29516 29863 29089
29430 30425 28615
29010 30402 29037
29127 30326 28990
29450 29153 29412
29129 30456 28369
29673 29575 29030
29833 29547 28336
29017 29885 29422
29301 30498 27818
29720 30169 28533
29331 30438 28531
29307 30322 28647
29654 30300 28325
29539 29563 29289
29734 29438 28837
28384 29930 29227
28521 28847 29485
28530 30544 28613
28796 30477 27621
29666 28287 29083
29785 29626 28031
29299 28509 29262
28926 30114 29015
29105 29270 29284
29163 28679 29263
28888 29772 29181
29094 30455 28149
29628 30129 27906
29670 29302 28455
28702 30318 28769
29581 29012 28833
29749 29765 28429
29657 30189 27744
29519 29096 28666
28605 30541 28586
28475 30441 28640
29599 29933 28317
29515 29527 28739
29485 29827 28696
29540 30171 28555
28664 30151 29025
29534 30383 28089
29200 29677 28824
29455 29377 29227
29112 29924 28882
29588 30287 28279
29132 29717 29070
29404 29923 28722
29377 30083 28812
29492 30400 27738
29510 30393 27963
29455 30261 28303
29384 30021 28657
29669 30114 28175
29324 30098 28820
28517 30313 28864
29193 29690 29227
29446 29760 28733
29583 30047 28592
29400 30411 28592
28586 30158 28673
29146 29599 29098
29311 28679 28767
29380 30324 28110
29733 29518 28391
29194 29252 29015
29040 29836 28802
28952 30321 28471
29597 29429 28414
29288 29116 28772
29280 30292 28584
29495 29955 28399
29298 30068 28717
29526 29811 28256
29577 29526 28212
29532 29146 28525
29539 29543 28268
29309 30175 28474
29500 29548 28450
28497 30019 28639
28778 29109 29088
29353 30215 27968
29487 29846 27763
29674 29012 27843
29665 29278 28207
28894 29456 29050
29140 29766 28573
29529 29452 28201
29097 29513 28726
29057 29600 28680
29275 29865 27979
29201 29790 28102
29109 30001 28586
29216 30065 28090
29329 29695 28079
29058 29231 29056
29296 29674 28574
29091 30060 28638
29289 29497 28683
28638 29314 28638
28783 29204 29010
29259 28230 28137
29315 30095 27811
29479 29646 27440
29509 29356 27867
29120 29059 28679
29065 30021 28539
29316 29664 27941
29158 29665 28347
28778 29865 28578
29222 29628 28383
29216 29441 28586
29107 29847 28580
28521 29163 28541
28727 29002 28886
28920 28661 28661
29046 30014 28224
29198 29754 27686
29222 29506 27866
29069 29778 28039
28772 29936 28479
28903 29725 28289
29033 29463 28414
28836 29952 28339
29202 29428 28527
28864 29781 28509
28296 29145 28512
28961 29938 28034
29134 29544 27378
29109 29377 28343
29028 29391 28118
28596 29702 27968
28792 29373 28315
28852 29786 27661
28922 29111 27625
28777 29546 27984
28641 28597 28006
