10 0.330166
3381 3190
2925 3224
3189 3195
3289 3156
3201 3185
3228 2984
3174 3047
3382 2889
3261 3215
3184 3351
3210 3135
3337 2844
3339 3160
3385 2881
3104 3077
3229 2911
2696 3126
3397 3172
2896 3302
3305 3287
2884 3169
3584 3269
3187 3128
3351 3015
2960 3158
3244 3142
3348 3028
3379 3013
3166 3301
3423 3131
3097 3057
3256 2888
2902 3184
3172 3035
3243 3140
3360 2908
3201 3169
3170 3087
3360 3133
3242 3138
3075 3158
3251 3048
3027 3160
3309 2942
3111 3129
3348 3045
3156 3131
3309 2965
3270 3138
3400 2950
3125 3099
3327 2916
3339 3194
3349 3114
3210 3006
3268 2915
2900 3110
3227 3108
3205 3153
3458 3156
3360 3109
3569 2797
3195 3069
3289 2644
3120 3303
3197 3224
2928 3319
3326 3074
3164 3301
3584 3269
3202 3035
3283 2804
3356 3368
3345 2997
3300 3059
3328 2791
2945 3350
3500 2840
3175 3167
3305 2761
3114 3192
3274 3091
2919 3265
3328 2906
3156 3115
3262 3141
3282 3179
3251 2836
2851 3204
3554 3047
3297 3007
3388 3088
3283 3149
3259 3024
3182 3135
3360 3034
3041 3164
3335 3140
3277 3168
3273 2919
3254 3232
3433 2684
2975 3178
3300 3082
3002 3093
3286 3007
3002 3234
3368 3191
3166 3049
3271 2970
3431 3153
3316 2773
3222 3193
3319 3127
3222 3207
3219 3070
2847 3242
3387 3161
3374 3112
3321 2889
3063 3084
3380 2983
3205 3153
3332 2904
3168 3101
3372 3108
3428 3103
3237 2700
2726 3136
3272 3244
3195 3080
3290 3289
2877 3178
3142 3059
3123 3312
3404 2792
2847 3242
3156 3053
3124 3176
3279 2897
3402 3217
3451 2961
3255 3094
3348 2756
3107 3133
3223 3105
3305 3287
3346 3200
2831 3166
3264 3323
3254 3094
3270 2836
3099 3198
3178 3157
3110 3245
3315 3304
2923 3164
3286 2893
3173 3102
3276 3068
3021 3339
3404 3171
2898 3265
3279 3177
2827 3200
3114 3213
3201 3085
3411 3009
2843 3242
3411 3009
3110 3245
3297 2960
3002 3157
3220 2959
3227 3196
3309 2716
2883 3220
3276 3068
3151 3246
3255 2920
3365 3105
3247 3015
3178 3211
3286 3043
2839 3217
3360 2908
3024 3141
3313 3206
2959 3264
3203 3108
3074 3322
3270 2880
2831 3166
3289 3156
2963 3313
3279 3255
3290 3289
3182 3266
3196 3193
3332 3017
2907 3171
3260 3068
3087 3196
3439 2986
2925 3224
3273 2974
3179 3071
3398 3144
2827 3179
3114 3192
3123 3234
3388 2963
3175 3145
3274 3091
3447 3291
3248 2923
3191 3137
3292 2880
3166 3160
3379 3013
3022 3106
3399 3047
3160 3296
3329 2951
3209 3204
3310 3060
3299 3181
3282 2975
3417 3219
3313 3296
3104 3062
3290 3048
2758 3207
3250 2950
3349 3114
3285 3124
2931 3180
3216 3075
3044 3327
3324 2720
3080 3175
3260 2951
3417 3219
3385 2881
3120 3128
3351 3194
3308 3072
3341 2639
3441 3207
3345 2973
3027 3265
3315 3304
3296 3089
3193 3217
3197 3224
3312 2750
2830 3147
3569 2797
3310 3073
3364 3126
3119 3201
3447 3291
3195 3228
3298 2847
3060 3154
3277 2924
3378 3181
3282 2975
3264 3300
3311 2895
3336 3021
3346 2639
3254 3232
3209 3180
2895 3366
3307 3135
3381 3190
3247 3039
3362 2972
3298 2427
3017 3147
3201 3184
3138 3056
3317 3078
3441 3207
3326 2819
3173 3102
3292 2676
2821 3147
3243 3015
3153 3207
3345 2899
2847 3186
3274 3321
3307 3135
3264 3323
2730 3182
3330 3177
3263 3052
3458 3156
3187 3191
3354 2971
3021 3339
3272 3017
2732 3161
3404 3171
2924 3302
3337 2844
3330 3069
3310 3030
3378 3181
3457 3062
2827 3152
3254 3167
3394 3105
3352 2931
2923 3136
3221 3178
3397 3172
3291 2791
3259 3175
3558 2888
3124 3176
3318 3068
2865 3267
3354 2971
3166 3104
3340 2856
3277 3213
3198 3030
3123 3130
3414 2719
3133 3289
3374 2738
3237 3172
3333 3021
3087 3233
3260 3068
3087 3196
3308 3072
3264 3300
3244 3114
3422 3008
3255 3011
3088 3117
3286 2904
3042 3119
3262 2842
3105 3203
3272 3244
3290 3088
3349 3057
3398 3144
3409 3335
3184 3351
3331 2928
3195 3228
3156 3115
3394 3042
3383 2973
3244 3105
3198 3032
3233 3220
3309 2902
2940 3225
3407 3095
3390 3171
3300 2974
3166 3160
3167 3133
2895 3366
3246 2918
3123 3233
3558 2888
3282 3179
3500 2840
3180 3134
3237 3172
3048 3099
3291 2932
3213 3051
3345 2997
3372 3108
3336 2833
3178 3211
3409 3335
3138 3283
3326 3203
3293 3131
3250 3005
3180 3134
3352 2931
3048 3119
3247 3108
3250 3091
3422 3008
3033 3160
3402 3217
3181 3120
3266 2940
2841 3138
3264 3100
3366 3103
3210 3135
3044 3327
3262 3141
3284 3064
3362 2460
2868 3125
3032 3215
3171 3024
3439 2986
3272 3323
3259 3175
3378 3266
3238 2789
2828 3165
3236 3075
3175 3139
3290 3035
3263 3180
3379 2805
3371 3175
3366 3109
2786 3134
3360 3034
3191 3019
3288 3183
3163 3241
3300 3085
3431 3153
3324 2720
3120 3145
3310 3060
3077 3281
3290 3035
3146 3250
3380 3155
3329 3189
3460 2768
2904 3104
3359 3231
3135 3101
3287 3168
3272 3323
3279 3255
3403 2997
3321 2889
3061 3196
3260 3036
3199 3375
3335 3140
2865 3267
3379 2805
3535 3067
3244 2858
