1 0.141667
27177 27206 26262 29033
27177 27206 26262 29033
27644 28047 28837 27698
28019 28936 27211 27733
28460 26834 27860 27359
28478 28073 27614 27013
29174 27675 27807 27104
28705 27119 27557 28539
27841 27499 28457 27624
28052 28469 26681 28281
27430 27951 28782 27708
27607 28545 27589 28981
27676 28442 27381 28738
27573 27984 28777 27782
28103 27664 28294 27679
28916 27556 27055 27378
28660 27328 27219 27316
28988 27542 27098 27436
28128 28673 26968 28004
28568 27924 27791 27818
27994 28343 28140 28560
27743 28868 27729 27672
27707 28071 26754 28693
28505 28616 27348 27634
28334 27678 27039 28494
28032 27155 27716 28109
27843 28789 27568 27706
28493 28247 27232 27903
28290 28136 27443 27922
28019 28321 27950 28384
28933 27461 26980 27585
28655 28381 26852 28242
28407 27753 27912 27097
27912 28528 27141 27873
27965 28489 27809 27408
28310 27518 28031 27979
27793 28935 27641 27550
28382 27960 28281 27239
28692 28309 27024 28162
28145 27838 28056 27930
28061 28605 27043 28060
28000 27431 28203 27711
27882 27713 28217 27589
28127 27561 27629 27993
28257 27187 27164 28232
28488 27522 27658 28156
28382 27960 28281 27239
28655 28381 26852 28242
28277 27898 27626 28027
28053 28327 27456 27889
27798 28079 26781 28635
28369 28020 27780 27061
28988 27542 27098 27436
27698 27795 28209 27726
28164 27739 28113 27526
28161 27379 27956 28034
27798 28079 26781 28635
28144 27178 27571 28311
27751 27729 28218 27629
28164 27739 28113 27526
28290 27835 27562 27855
28219 28078 27305 28338
28204 28124 27247 28044
27738 28459 27167 27781
27573 27984 28777 27782
28353 28030 28281 27039
28433 27729 28050 27865
27635 28465 27243 28183
28219 28078 27305 28338
27843 28432 27950 28032
28055 28087 27226 28239
28161 27379 27956 28034
28269 28013 27557 27100
28443 27558 27820 28058
28364 28545 27275 27725
28364 28545 27275 27725
27635 28465 27243 28183
28204 28124 27247 28044
28345 27933 27614 27704
27738 28459 27167 27781
28345 27933 27614 27704
28443 27558 27820 28058
27016 27539 28122 27795
27203 27084 26228 28833
27308 27703 28410 26859
27998 28834 27071 27518
28744 27056 27041 27397
28904 27546 27650 26846
27352 27212 26255 28763
28748 27567 27623 27091
27826 28395 26657 27768
27998 28834 27071 27518
28127 28456 26889 27542
28145 28549 26830 27625
27097 27798 27465 28657
27295 27737 28382 26967
27422 28205 27102 28683
28190 27295 27650 27970
28523 27396 27196 27367
28193 27493 28018 27245
28046 27949 27244 28200
28615 27117 27444 28278
27175 28275 27390 28565
28615 27117 27444 28278
27841 27521 28248 27606
28218 27664 27699 27192
27477 28076 27159 28541
27294 27749 28117 27910
28252 27675 26938 28399
27909 27968 28047 28272
28532 28296 26755 28175
27016 27539 28122 27795
28554 27381 27155 27440
28458 27717 27560 27211
27624 28182 27856 27875
28904 27546 27650 26846
27837 27995 27904 28075
27760 28192 27789 27962
27322 28203 27391 28794
28377 28280 26788 28033
28005 28122 27845 27413
28128 27836 27927 26968
28347 27652 27877 27854
27866 27509 28234 27471
28428 27848 27675 27794
27680 27636 27542 28491
28145 28549 26830 27625
28379 27502 27637 28099
28243 27910 27600 27664
27136 28323 27586 27514
27689 27631 27609 28551
28199 28165 26974 27809
28155 27693 28071 27519
27661 28236 27807 27995
27826 28395 26657 27768
28071 27475 27781 27911
27988 28063 27267 28177
27993 28307 27912 27344
28065 27420 27337 28130
27808 28337 26825 27729
28010 27617 27946 27992
28208 27829 27684 27764
28171 27549 26862 28470
27876 28203 27497 28536
27766 28298 27101 27740
27933 27963 27925 28356
28451 27532 27079 27567
27872 28227 27000 27847
28554 27381 27155 27440
28051 27782 27964 27891
27970 27886 27654 27710
28146 28378 26783 27634
28065 27420 27337 28130
28305 28076 27010 27776
27973 27700 27681 28322
27953 27388 27752 27999
27986 28137 27369 27666
28274 27978 27342 27884
27975 27797 27489 27874
28171 27549 26862 28470
27953 27388 27752 27999
28193 28238 26967 27895
28308 28304 27038 27597
27368 28350 27511 27345
28268 28046 27037 27830
27460 28374 27368 28663
28146 27985 27347 27915
27477 28076 27159 28541
27368 28350 27511 27345
27970 27886 27654 27710
27624 28182 27856 27875
28052 28361 26765 27993
27866 27509 28234 27471
27811 27643 27609 28372
28025 27565 28117 27556
28227 28347 27056 27564
27140 27731 27922 28540
28011 27732 27320 28276
28168 27084 27385 28342
28268 27660 27923 27455
27826 28323 27055 27584
27826 27591 27662 28379
28158 27062 27262 28537
27797 28277 26961 27831
28071 27475 27781 27911
28143 28049 27349 27710
28159 27722 27852 27788
27873 27563 27783 28390
27826 27591 27662 28379
27460 28374 27368 28663
28051 27782 27964 27891
28168 27084 27385 28342
27986 28137 27369 27666
27797 28277 26961 27831
28268 28046 27037 27830
27993 28307 27912 27344
28011 27732 27320 28276
28128 27836 27927 26968
26792 27622 27432 28491
26958 27668 27425 28643
27164 27547 28191 26700
27692 28780 26901 27241
28382 26636 27344 27159
28442 27891 26619 27226
28607 26963 27307 28272
27297 27599 28088 26775
28462 27300 27297 27033
27889 28456 26807 27484
27124 28146 27088 28605
27523 27208 27468 28171
27783 26984 27097 28464
28337 26833 27709 27177
27106 27629 27757 28303
28020 27812 27642 27344
28362 27460 27554 27071
28307 28031 26681 27595
28404 27101 27316 27895
26919 28225 27450 27384
27863 28281 27568 27276
28149 27531 27883 27414
27173 27233 27060 28393
28190 28253 26715 27570
27248 28171 27201 27428
28116 27721 27823 26740
27821 27992 27317 28331
28059 27578 27234 27641
27563 28252 26853 27378
28362 27415 27054 27555
28022 27102 27296 28258
27952 27927 27132 27984
28239 27364 27519 27795
27407 28261 27093 27730
27696 27950 28005 27924
28343 26787 27740 27168
27469 28360 26982 27272
27486 28438 26937 27397
27296 27620 27628 28107
27469 28360 26982 27272
27967 28184 26756 27493
27944 27613 27841 27907
28276 27886 26653 27752
27583 27510 28048 27538
27988 27337 27775 27949
27641 28213 27117 27811
28057 27511 27270 27698
27866 27682 26989 28215
27966 28080 26997 27514
28258 27510 27815 27134
27931 27843 27772 27668
28052 27400 27691 27864
28278 27279 27584 28061
27975 27647 26902 28090
27588 28017 27677 27384
27173 27233 27060 28393
27616 27917 27686 27952
27671 27968 26856 28480
27811 28173 26951 27897
27763 27973 27731 27499
27904 27102 27387 28139
28084 27918 26808 27859
27929 27535 27984 27498
28251 27849 27074 27846
28002 27412 28076 27397
27966 28080 26997 27514
27407 28261 27093 27730
28272 27725 27371 27454
27986 27630 27172 27618
28343 26787 27740 27168
28034 27529 27960 27818
27869 27761 27924 27970
27657 27532 27765 28151
27894 27852 27949 27941
28258 27510 27815 27134
27870 28160 27371 28125
28269 27748 26937 27704
28098 28010 27207 27476
27869 27761 27924 27970
28043 28154 26882 27780
28442 27891 26619 27226
28226 27629 27560 27482
28278 27279 27584 28061
26943 28240 27414 27349
27984 27406 27405 27931
28339 27456 27447 27815
27114 27663 27945 28237
27729 27900 27460 28268
27979 27456 27581 28040
27793 27994 27484 27387
28129 27673 27727 27529
28298 27668 27436 27488
28193 27850 27512 27613
27264 28166 27213 27474
28062 27927 27305 27458
27848 27644 26937 28312
27683 27972 27430 28236
26943 28240 27414 27349
27971 28190 26640 28042
28079 27458 27943 27203
28043 28154 26882 27780
28029 27625 27161 27712
27264 28166 27213 27474
27793 27994 27484 27387
27729 27900 27460 28268
28079 27458 27943 27203
28193 27850 27512 27613
27971 28190 26640 28042
28029 27625 27161 27712
28269 27748 26937 27704
27713 27528 28081 27483
28129 27673 27727 27529
27713 27528 28081 27483
27848 27644 26937 28312
27979 27456 27581 28040
26668 27993 27370 27772
26877 27394 28004 27566
26989 28329 26361 27068
27470 27245 26608 28462
27872 27742 27747 26689
28045 26463 27214 27767
28321 27380 27306 27704
28204 26819 27721 27113
27283 27111 27439 28160
27681 26899 27079 28355
28045 26463 27214 27767
28148 27342 27527 26804
27458 28158 26898 27316
26871 28309 26540 27271
26917 28259 27255 27141
26989 28329 26361 27068
28216 27672 26850 27672
27128 27571 27986 27282
27844 28043 26969 27195
28016 27462 27844 26924
27505 27992 27469 27011
28163 27087 27168 28028
27850 27548 26697 28103
27503 27880 27937 27796
28011 27296 27403 27846
26720 27900 27533 27812
27606 27204 26482 28269
27896 27395 27774 27716
28028 28199 26584 27437
28093 27142 27162 28059
27527 27524 27573 28128
27982 27759 26827 27770
27872 27742 27747 26689
27062 27443 27655 28079
27801 27227 27276 27941
27917 27831 27647 27554
27092 27453 27556 28130
27789 28143 26735 27845
27552 27796 27716 27837
28075 26866 27324 27281
27843 27842 26881 27756
27606 27204 26482 28269
28163 27087 27168 28028
27590 27610 26953 28280
28249 27833 26556 27243
28283 27520 27040 27483
27672 28257 27158 27199
27933 28205 26564 27520
27517 28014 27304 27944
27782 27942 27287 28209
28037 27442 27857 27284
27792 27790 26490 28071
28122 27642 27056 27682
27715 28167 27434 27221
26720 27900 27533 27812
27711 28192 27213 26939
28141 27403 27132 27740
27737 27952 27181 27827
27964 27924 27159 27362
27964 27924 27159 27362
27974 27500 26707 27850
27700 28118 27339 27702
27597 27653 27670 27683
27693 27464 27438 28208
28141 27738 26961 27791
27700 28118 27339 27702
28152 27614 27177 27536
28019 27968 26928 27476
27128 27571 27986 27282
27927 27862 27096 27518
28196 27204 26732 27893
27709 27761 27325 28179
27732 27822 27680 27228
28196 27762 26731 27799
28221 27445 27267 26966
28019 27968 26928 27476
28205 27632 27287 27484
28321 27380 27306 27704
27927 27862 27096 27518
28221 27445 27267 26966
27590 27610 26953 28280
28037 27442 27857 27284
28141 27403 27132 27740
27974 27500 26707 27850
28283 27520 27040 27483
27732 27822 27680 27228
28196 27204 26732 27893
27672 28257 27158 27199
27517 28014 27304 27944
27737 27952 27181 27827
28196 27762 26731 27799
27782 27942 27287 28209
28141 27738 26961 27791
28205 27632 27287 27484
26861 27867 26305 28206
26974 28253 26222 26992
27028 27113 26099 28441
27274 27477 27868 27693
27926 26418 27160 27653
28079 27738 25973 27786
28198 27501 27256 27284
27083 27000 27438 28089
27557 27329 26321 28203
28023 27671 26631 27797
27807 27225 27712 27657
28110 27507 27052 27579
27646 27884 26866 27408
26861 27867 26305 28206
27860 27636 27483 27470
27384 27783 27462 27425
27203 28050 27176 27671
27108 27455 27530 28064
27552 27604 27708 27830
27999 27154 26774 27775
28011 27404 27769 27214
27473 27893 27027 28110
27630 28160 27243 27006
28051 27273 26938 27652
27910 27860 27084 27430
27927 27547 26982 27333
28035 27134 27144 27916
27481 27290 27401 28101
27539 28080 27293 27113
27988 27551 27284 27180
27464 27502 27550 27987
28079 27738 25973 27786
27963 27534 26807 27784
27464 27502 27550 27987
27210 27873 27137 27271
27643 27883 27324 27249
27539 28080 27293 27113
27630 28160 27243 27006
26961 27785 26109 28039
26981 27872 25978 27886
27071 27144 26700 28059
27324 28144 27178 26997
27466 28076 26089 26746
27781 26850 27050 27829
28086 27118 27251 26772
27917 27064 26434 27637
27870 27840 26764 27296
27422 28045 27057 27029
27466 28076 26089 26746
26961 27785 26109 28039
26944 27494 25969 27873
27100 27880 25905 26485
27320 27872 25934 26708
