785 71.1989
21090 20432 22485 22819
21589 19308 22376 21965
22029 19550 21584 22839
23043 23885 22154 23317
21283 20344 22815 21521
21637 23616 22471 22254
21973 22810 21470 23220
23228 23386 21377 22835
23428 23047 22906 23417
21430 23490 21967 22342
22960 22677 21628 22429
22050 20037 22100 20206
21794 22589 20956 22680
23114 23576 22071 22974
21469 20744 21753 21106
22597 22799 22945 23222
22099 19529 22330 22629
20757 23167 22008 21420
22783 23755 21791 22576
22808 23438 22114 23097
22108 22981 23267 24375
23144 23430 22203 22632
21521 21445 22236 23113
23162 23769 21919 23110
20779 22671 22152 21303
21273 20172 22286 21840
21605 22393 22132 21680
22513 23733 22174 23069
22099 20389 23163 23128
22967 23253 23230 23693
21990 21985 22805 23856
22327 23758 23259 22777
21471 22315 23150 23348
20962 23011 21551 21132
22628 23656 23480 22786
22934 22886 23561 24113
22031 22187 23455 22977
21938 24038 22111 22059
21670 21521 23162 21985
22416 22774 22874 24297
22906 23601 22163 22693
22526 23444 22907 22962
22309 23969 21992 22977
21928 22697 22410 21736
21906 21914 23238 22457
22043 24002 22600 22229
23081 23753 22071 22950
22741 23588 22328 23198
22861 22413 23100 24324
22999 22378 22706 23857
22804 23531 22254 23173
22814 19774 21302 22428
23414 23000 23590 23694
22954 23239 23286 22279
23580 23072 22930 23533
20699 22810 21841 22050
21937 21610 22590 21939
21031 22516 22221 23674
21201 22317 22357 22987
22930 21623 20696 22186
22539 22919 23675 23737
21590 20906 22851 22608
21442 19117 22270 20917
23696 22554 22713 23778
23584 22676 22038 22690
22268 21944 23217 23593
21714 22825 22030 22941
22938 20472 21884 22352
22485 23423 22131 22052
22827 23037 22656 23490
22295 24106 22854 22370
22873 22019 23504 23521
22829 21960 22405 21786
22181 22501 23551 23655
22748 23681 22184 23225
22652 23466 22290 23509
22310 20262 22534 22856
21105 23041 21592 21245
22070 23944 22124 22582
23509 22777 23490 23923
21231 19878 22860 22047
22671 23779 22117 23149
22566 23164 21842 23386
22915 20302 22442 22516
22228 22874 23052 22796
22132 22089 23609 24193
21348 20667 22120 21323
22308 21896 23100 24168
22278 22357 23389 24348
21316 19854 21975 23127
23291 21182 22928 23448
20986 22124 21388 22704
22654 23519 22868 22336
22459 24052 22292 23019
22271 20099 22173 22865
21439 23286 22473 21313
22719 23888 22597 23354
21978 23042 22619 23064
22795 22916 23228 23957
20961 20132 21304 23290
22676 21560 23076 22401
22926 23372 22823 23797
21861 21747 23333 23171
22670 23226 22095 23183
21033 21854 21872 23912
22937 22102 21915 23720
21681 23617 21533 22417
20991 23043 21881 21206
22639 23275 23352 24124
21612 21114 23428 23161
22382 21033 21690 21483
22846 23730 22139 22844
22434 21398 22504 22853
21493 23184 22565 22917
22047 23682 21779 22653
20921 22440 22080 23240
21907 23690 22477 23411
22973 23477 23600 23924
23519 21950 22468 22802
22684 23217 22362 23673
23140 22999 24076 23722
22603 23345 22543 22995
23461 21521 22110 22489
22425 23880 22406 23509
23492 22193 23291 23782
20439 22537 21925 21275
22676 23327 23059 23846
21414 21300 21574 22646
22662 21958 23047 22392
20936 22893 22229 21872
22805 22649 23135 23003
21250 21018 21899 23459
23980 22925 22918 23245
22641 22867 23368 23373
22519 21413 22896 21988
22226 23500 22910 22774
22729 23078 23032 23087
21712 19209 22559 20889
21871 23707 21930 22137
21674 21594 23306 22869
22465 23613 23389 22908
20674 23037 21618 21696
22383 19794 21407 22267
23971 22574 23165 23016
22774 23468 22721 23555
22978 22608 22836 24626
22602 22719 22781 24121
21693 19823 21689 22819
22218 22843 23633 23842
22692 23140 22735 23978
22846 23747 22178 22958
22381 23166 23566 23848
21675 23441 22916 21411
22741 23277 22324 22669
22877 22650 23715 23848
22491 22866 22784 22754
20147 22221 22080 22409
23226 22618 23379 24347
22590 23841 23239 22322
22732 20131 22087 22159
20948 21913 22784 21773
22928 23281 23262 23639
21676 21905 22509 23295
22250 24025 22419 23116
22818 22544 23338 22941
22811 22998 21508 22881
22948 22867 22348 23660
23107 22614 23452 24502
22595 23911 22413 23164
21406 18532 21396 21886
21966 19042 22312 21703
20677 19485 21536 21449
22120 22693 23383 23509
22526 23267 23289 23453
21670 22993 22766 22369
21462 21376 23157 22553
22256 23400 22246 22312
22005 23402 21828 23101
22359 23208 22115 23010
21706 22673 23203 24056
22330 23649 22974 23055
23058 22362 23217 24343
22568 20004 22369 22558
21487 23620 21517 22003
22063 23125 22665 23644
22961 22969 23215 24303
22711 22303 22556 24394
22247 23629 23132 23243
23247 23130 23422 23827
23662 22907 22021 22718
21307 23257 22373 22630
21453 23256 21497 22842
21643 23069 22423 22154
21558 22133 22296 23453
23032 22633 23459 24078
23458 22020 22708 23509
21317 22609 22098 23438
22527 23486 22570 23347
22846 23140 22875 23674
22475 23246 22669 24080
22468 23817 22772 22959
21326 20189 22281 20957
22326 20517 21323 21618
21402 20640 22785 22769
22441 23462 23113 23319
22433 23465 22574 23710
22389 20958 22026 23644
21594 23020 23543 22835
23766 22861 22443 23684
21585 19600 21707 21966
21733 22884 22741 22549
23006 22210 22382 23694
22573 19926 22216 22269
22445 21984 23738 23348
21417 21352 22945 23751
21894 18924 22232 21530
22488 21654 23086 22451
22711 23221 23450 23398
21969 21843 22572 23956
22387 23004 23060 24029
23120 21909 23413 23806
22779 23914 22844 23177
22554 21838 22847 24192
21937 23509 22380 22492
22420 23931 22022 22824
22932 22865 23831 23695
21844 20372 23018 22727
22585 22669 23396 23244
22634 22714 23173 23021
22413 22193 23616 22556
22751 23949 22095 23116
22389 23718 22553 23037
22369 23229 22216 22267
22210 21610 23529 23347
23600 22152 23008 23365
23085 23013 22710 23547
21733 23341 22387 22627
22806 20977 20954 22115
20350 19738 22137 21727
23326 23202 23538 23238
21911 20245 22387 21751
22047 23626 22071 23089
22668 23496 23368 23618
23584 21914 21983 23019
23207 22858 22311 23219
22570 23352 22009 22432
21771 19492 22415 22053
21277 19075 21801 22011
21578 23404 21858 22528
22865 22841 23282 23661
22987 22850 23269 23907
22181 20614 22576 23270
23177 21498 22964 23609
22677 23032 23495 23880
21658 23836 21515 22935
21325 22063 22614 22043
22538 20806 22565 23577
21957 23019 22315 21965
22840 22398 22077 22402
22364 23636 22309 23501
21224 19620 22512 21671
22155 22010 23032 23307
21754 23010 22538 23565
21704 19596 21903 23036
21931 23990 21957 22478
22589 23022 21659 22079
20405 21651 22130 22718
22562 23636 22666 23477
22597 21775 22966 24330
22315 23774 21763 22994
22889 22297 22356 23087
21109 22465 22339 23719
22586 22847 23489 23942
22259 18886 21746 22096
21592 22328 22451 21238
22107 18909 22344 21662
23895 22710 23164 23564
22052 21175 23026 22603
22471 22883 23609 23275
21843 21902 23031 22705
22810 21877 23491 24071
22689 21896 23227 23099
22604 23096 23165 22935
22741 20183 22167 22332
22842 23225 23985 23663
22522 23826 22349 23446
23480 22720 22844 23720
22791 22723 23866 23718
23034 23087 23653 24128
22341 23928 21982 22900
21617 22775 23158 22742
21978 19478 21823 22475
21265 19834 22791 22406
21978 22433 23048 23814
21623 23256 22727 22802
22847 21092 23074 23955
22998 23216 22185 23022
20970 19629 21515 21057
23083 22594 23862 23869
21809 22388 22302 23862
22461 23921 22858 22866
22563 23210 22687 23468
22184 23623 22024 23423
23198 22367 20953 22627
23293 22907 23374 23991
23479 22571 23540 23296
23462 22935 23437 23428
22149 22879 23699 24023
21781 21533 23122 23209
21553 18145 21254 21535
22145 22407 21470 22510
22494 21945 23859 23305
22397 23826 22103 23474
22669 21781 22408 23288
23012 22156 22092 23584
22872 22075 22155 23699
21880 21707 23534 22776
22488 23347 22628 23322
22209 21132 22641 23845
22836 22861 22561 23029
23422 23310 22374 22901
21878 23288 22744 22749
22201 21255 23355 22464
20857 22131 21891 22676
22143 23961 22136 22594
22235 22621 23597 23918
22644 23407 23254 22702
21688 20531 22781 23118
23654 22578 23136 23408
22410 23927 22270 23002
22154 23842 21871 22968
22645 23260 23822 23996
23548 22850 21890 23007
22375 19467 21697 21729
21748 22788 22826 23840
21535 23213 22377 21403
22664 23976 22173 22949
20731 21261 22639 22641
22400 23669 22200 23140
22517 22502 23127 21812
22241 21280 21863 22299
21567 20308 21878 23464
22590 23157 22157 23092
20794 22760 22262 21302
23364 23015 23356 23937
23368 22973 23107 23674
20818 19382 22019 21242
22499 22510 23632 24452
21976 23067 22460 23718
23039 21203 22904 23068
22361 22553 23026 24178
23206 22894 23184 23663
22334 23115 21726 23196
22967 22567 23638 24183
22072 22742 23001 23016
23157 20455 22404 22291
21870 23374 21883 22666
22410 19957 21899 22715
22689 23336 22231 22920
22897 22662 23796 24121
22654 23031 22062 23446
23818 23266 22922 23197
22138 23513 22108 23043
21556 21447 22996 22733
22399 22284 21928 22680
22071 23823 21598 22708
22523 23150 23077 23362
20371 21389 22022 23199
22642 24054 21800 22991
22704 22451 22925 23641
21723 22499 22991 22275
23913 23062 23120 23189
23046 23033 23207 23603
22158 21504 22677 23246
20961 22112 21993 23608
22487 23591 22902 23746
22590 23564 23401 23302
22027 23476 22126 23149
22156 22556 23448 23395
22338 23039 23915 23713
22431 23858 21922 22962
21872 21749 22721 24059
22095 23395 23276 22863
23433 21837 22349 23257
21828 20277 21939 21664
22269 23670 22791 23049
21518 20396 22574 23131
23373 23114 23377 23039
23466 23141 23514 23312
21351 19262 22308 22006
22370 24009 22305 22700
21797 21491 23072 22350
21678 23321 21576 22158
22247 21436 23017 23559
22615 22140 23203 22577
22916 22000 22537 23358
22788 22671 23459 23174
21485 22965 21382 22959
22640 23811 22024 23003
22044 22930 21617 23150
22123 20043 22035 22986
22806 23743 22208 23304
22844 23341 22755 22902
22797 23340 22638 23885
21294 21195 22928 22817
23024 20893 22966 23354
23603 22973 23528 23539
21515 23523 22260 21407
21585 21705 23092 23232
22519 23396 23266 23109
21967 23437 22125 22880
22300 22239 22645 23987
23480 23363 23183 23558
22046 22661 23564 24048
22219 22153 23131 21999
23319 22858 22809 23609
22789 23025 23369 23481
22724 23434 22263 23303
22049 22467 22507 24027
22093 23521 22531 22983
22597 23607 23442 23403
23017 22786 22671 24171
22591 23330 23591 24239
20763 23114 20936 22094
22130 21233 23188 23420
22045 21183 22597 24076
21797 19932 22208 22044
22225 20830 22422 23611
22586 22965 23263 24456
22724 23727 22588 23576
22966 23179 21939 22869
22807 23422 23370 24200
22772 23935 22059 23060
22505 23827 22534 23637
22345 23334 21596 22436
21619 19673 21052 21914
22860 22987 23956 23536
21976 21849 22130 23930
21602 20053 21486 23440
22586 22691 22670 23858
22701 23641 22288 22698
22349 23202 22260 22542
22338 23812 22044 22989
22297 19287 21782 22443
21260 21351 23117 22488
23274 22113 23292 24404
22100 23457 21839 23151
23301 22288 23091 23336
22492 22909 22290 23543
22737 23874 22190 22993
23439 22093 23032 24052
23476 22723 22844 23708
