598 39.4475
15392 15631 14415
15692 14604 15036
14412 15735 15651
15559 15481 15316
15259 14931 14332
15195 15764 14252
14966 16399 15210
15053 16273 15697
15734 15106 14991
14923 13687 14400
13646 16166 14981
15135 16267 15592
14805 15803 16194
14780 14664 13860
15801 15215 15892
14484 14131 15748
14838 13925 14364
15927 15305 15329
15229 16352 15177
14155 15138 13928
15659 15117 15647
14563 16004 14296
15086 15879 14985
15210 15637 14707
14512 15598 16077
15232 14616 15369
15030 16274 15228
14979 14380 15149
14933 15408 13770
15485 15861 16341
14521 15828 14559
15198 14690 14258
15371 15699 16294
16029 15314 15374
14477 14835 16025
15684 15609 15504
14857 16270 15798
14624 16025 14717
15314 15732 16399
14967 16581 15274
15186 14690 15131
15078 15067 14322
15613 15792 15518
15829 15766 15183
14232 14122 15499
15868 14800 15809
13448 15330 14671
15565 15651 15768
14892 14967 14147
15399 14924 15128
15286 15994 15412
14959 16091 14984
14668 16394 15580
15731 15518 15857
15442 15923 14894
14594 15979 15953
14713 16457 15743
14939 15140 16361
15596 15445 16025
15568 15471 16176
14677 14517 13981
13657 15749 14897
14646 15632 16125
15030 15048 16149
14740 16246 14560
15267 15407 16839
14111 14732 15608
14078 15693 14580
14975 15282 13732
14142 14931 15180
15208 15777 15459
16020 15474 15832
15989 15249 15640
14914 15255 16265
15447 15461 15893
14288 15593 14133
15384 15607 15913
14927 14705 15891
14604 14879 13920
15721 15725 15362
15479 15137 15694
15164 15020 16440
15510 14917 16481
14841 16197 14911
13867 15892 14442
14841 15516 14530
15457 15534 15204
15937 15553 15766
15272 15923 15002
14687 15672 16010
15292 15235 15882
15694 15290 15093
15668 15298 15218
15112 16344 15781
15355 14955 15928
15621 15702 14699
15621 15118 16172
15796 15427 16144
15008 15589 14937
14927 16545 15909
14095 14980 14370
15939 15382 15952
13896 15996 15109
15876 15427 16228
15908 15255 15460
14334 16071 15414
14017 14713 15638
15988 15176 15926
16020 15228 15803
15338 14790 16202
14844 15973 14165
15037 16293 15276
15588 15398 15512
14415 16031 15401
13921 15159 15596
14722 16021 14868
15590 15445 14749
15702 15772 15642
14965 16405 15162
15974 15440 15621
14927 16457 15275
15301 15615 14596
14672 16002 14655
14602 14025 14876
14458 15165 15871
15157 16366 15138
15139 16072 15714
15357 15449 16604
14479 16015 15379
15669 14889 15665
14580 15759 14347
14987 16121 14758
14153 15671 15252
14892 16352 16077
14773 16008 15518
15207 15965 15151
15938 15216 15340
14417 14075 14422
14869 15820 15800
15109 16308 16332
15035 15743 16736
15417 16399 15731
14406 14613 14163
13818 14715 15296
15487 15899 15521
15622 15294 15944
14433 15260 15986
15259 16275 15888
16125 15079 15506
14476 14421 14909
13167 14569 15049
13715 14613 15224
15063 15230 14054
15230 15673 16024
14523 15128 14178
16016 15370 15511
14517 14772 15935
14386 16016 14769
15126 14607 14722
15402 14999 15720
13955 14423 15450
15158 16572 15434
14587 15959 14210
15769 15582 14728
14899 16390 14993
15657 15324 15855
14979 15956 15216
14624 14034 14235
15070 15410 16722
15536 15248 16000
15146 15949 15921
14297 14609 13741
15409 15772 16451
15818 15403 15809
15599 15832 16273
14462 14441 15167
15141 15714 14969
15503 15327 16442
14644 15590 15851
15599 15715 15485
15405 14795 15806
14577 16388 14980
15263 15225 14405
16123 15507 15855
15566 15641 15886
15582 15335 16115
15600 15345 15063
15110 15198 14785
15174 14833 15034
13897 14917 13769
15156 15265 14063
15654 15553 16475
14793 15933 15065
15368 15489 16024
14961 15348 14201
14967 16066 16394
15655 15273 15592
15390 16168 15729
14694 14748 16115
14884 15458 14496
14812 15857 14370
15878 15614 15966
15563 15009 15337
15714 14677 14894
14691 15387 14523
15767 15801 15371
15534 15676 14822
14427 15846 14326
14932 16193 14812
15182 15170 15507
15007 15257 15972
14346 15909 15136
14616 13873 14422
14003 15126 13541
15421 15334 14496
14261 15442 14406
15706 15935 15641
15845 15304 16148
15257 15793 15860
15502 15955 15412
15463 14974 16134
14506 14211 14364
15394 15496 15339
15770 15263 15935
15327 14669 15940
15394 15585 15683
14873 16079 15512
15134 16417 15405
14298 16391 15138
15136 15915 15821
14847 16188 15065
14203 16215 14841
16120 15404 15966
14352 15798 14422
15224 15152 14307
15084 15773 14911
14488 14390 15344
14631 15541 14348
14798 14438 15652
15893 15788 15643
15108 14937 14284
15367 16225 15863
14788 15512 14844
14490 15588 14270
14405 14168 14425
14460 15900 15511
15475 15774 16106
15014 16651 15170
14765 14228 15294
16033 15305 15885
15140 15553 14584
16010 15509 15814
14849 15658 16200
15499 16440 16008
14848 15435 16425
15105 15704 16581
14681 16032 15075
15173 16321 15816
15953 15551 15604
15183 14720 14458
15366 15712 15360
15039 16178 14879
15337 15164 14496
14110 14501 13342
15309 14651 14818
15001 15863 15318
13973 15009 15234
15329 16211 15212
14666 16060 15407
15221 16412 15859
14866 16494 15438
15708 15997 15449
15331 14944 15080
14410 15203 14016
14725 15840 16126
15274 15845 15567
15460 15591 14365
14594 16197 14871
15594 15659 14868
13410 15372 14874
15441 15634 15665
14679 15744 15040
15599 16160 15978
14960 15385 16283
13979 15314 13978
14995 15482 14908
15650 15737 15015
14828 15080 14120
14341 15095 15991
15663 15556 15961
15981 15598 14722
15256 15694 14161
15573 15722 15638
14683 14111 14346
14935 16197 15252
15875 16031 14689
14795 15773 15876
14878 16000 16036
15455 15118 14723
15258 15321 14736
15778 15886 15475
14552 15131 13816
15879 15575 16314
15643 15900 15943
15599 15044 15489
15160 15850 14574
15805 15445 15405
15520 15258 14965
15710 16234 15675
15586 14978 15912
14546 14453 13710
15124 16076 16067
15403 15959 15988
15637 15657 16169
14308 15841 15519
15770 15368 15454
15419 15450 16255
15152 16620 15616
14175 15835 14895
14303 13546 14955
15809 14998 15730
15380 16037 15551
14794 15143 14597
15465 14814 14285
14535 16104 15122
15210 15909 15676
14890 16297 14958
14988 14700 15085
14309 15539 14475
15125 15336 14221
15485 15446 15450
14882 16141 15762
15088 15620 16334
15077 15924 15933
14751 14013 14819
15939 15219 15958
15525 15129 15021
14637 13801 14305
15479 14569 15380
14601 16198 15924
15705 15576 15871
15101 15147 13789
14748 15849 16148
15537 15639 15982
15730 15586 15409
15972 15133 15291
15943 15447 16094
15136 15575 14882
14952 14974 14535
15394 15020 14607
14947 15590 14096
15042 16215 16007
14225 14772 13176
14811 15147 16606
15070 14522 14551
14774 14315 15121
15248 16041 16073
13814 15148 13688
15471 16342 15480
14804 15002 15152
15577 15360 16135
15024 15605 13948
15239 14931 14498
15580 15280 15594
13497 14474 15307
14733 15896 16313
14623 15516 14038
14961 15565 14251
15547 15705 15957
14180 15220 16065
15842 15807 15954
15455 15588 14900
15151 15672 15399
15296 15693 15898
15393 14901 15002
16119 15454 16023
15083 15893 15486
14341 15611 16085
15554 15057 14945
13940 15428 14007
15487 15355 14898
15365 15335 13987
14233 15516 14059
14228 15649 14108
15562 15207 15422
14177 15229 14347
15211 15483 16183
14765 16601 15138
15784 15274 14981
15234 15868 14664
15931 15488 15792
15459 16056 15781
15172 16333 14878
15454 15771 16013
15847 15142 15589
15503 15439 14242
16060 15241 15802
15163 16381 15413
15165 15084 15918
14954 15525 16336
14265 15785 14388
15161 16347 15611
14784 16549 15146
15565 15658 15930
15983 15401 15447
15412 14883 15166
15359 15872 15368
15314 15166 16557
14328 15422 14045
14643 15967 14488
15023 15553 14325
14490 13900 15157
14542 16014 15377
14534 13858 14260
15602 15525 15006
15531 15322 15893
15625 15735 15618
14511 14102 15685
14811 16264 16025
14763 16126 14605
15696 15656 16239
15500 14617 15240
15092 15753 16844
15694 14657 15205
14806 15210 14122
14977 15771 16729
15425 15269 16616
15124 15947 16275
14516 15554 14537
15843 15255 16090
14034 15171 14118
14478 14033 15222
14887 16359 15005
15459 15056 16175
15563 16349 15949
15283 15317 16869
14291 13935 15380
13448 14932 14419
15965 15478 16077
15460 15818 15691
13843 15735 14752
15019 15547 16754
14509 15283 16031
15064 14264 14309
15572 14650 15307
15242 16098 15872
15475 15681 16334
14578 15869 16377
15753 15767 15325
15212 16329 15971
15252 16059 16187
14524 16295 15167
