7 0.536032
23113 21968 22889
23720 21619 22659
22795 22686 22288
23446 22097 22302
22905 22156 22690
23033 22435 22299
23192 22230 22377
24039 21451 22096
22716 22412 22414
23179 21761 22781
22464 21549 23013
22795 22686 22288
24039 21451 22096
21788 21500 22306
22413 22352 21990
23304 22049 22708
23064 21109 21934
23108 21783 21898
22706 22362 21953
22801 21766 22471
22830 21859 22138
22457 21621 21611
22713 21853 21775
22881 22135 21519
22561 22326 21836
23319 21912 21780
23283 21098 21621
23702 21296 22259
22980 22148 22792
23664 21213 21995
22574 22009 21846
22400 21647 21891
22348 21622 22836
22269 21522 22933
23028 22278 22593
22171 21795 22724
22388 21104 22602
22203 22028 21916
22566 21731 22161
23077 21957 22696
22680 22599 22131
23127 21173 22073
22587 21879 22613
22837 22141 22010
22368 22226 22343
22795 21782 21889
22582 22215 22159
23634 21271 22082
23599 21058 22162
23541 21372 22007
22477 21784 22316
22705 21503 22632
22929 21563 21588
22593 22356 22091
22712 22170 22309
22686 21782 22792
22687 21079 21976
22186 21029 22484
21847 21646 21674
22330 22494 21785
22919 21959 21948
23371 21141 22213
22992 21662 22263
22606 22386 22363
22654 21660 22527
23083 21834 22206
23770 21172 21698
22087 21530 22419
22542 22016 22495
22698 21345 22303
22975 21033 22136
23576 21470 22196
22554 21091 22739
22773 21544 21801
22315 22337 21841
22658 21582 21833
22146 21735 21860
22368 21603 22357
22385 21667 22636
23249 21739 22293
22927 21294 22373
22212 22065 21760
22901 21830 22627
22518 21288 22130
22981 21231 22777
22798 22075 22316
22898 21992 22028
22339 21810 21634
22227 21959 22085
22547 22030 22012
22655 21705 22213
22591 22052 22011
22887 21932 22041
22308 21772 22584
22706 21940 21900
22836 21497 22807
23445 21320 22545
22742 21797 22336
23407 21761 22480
23577 21339 21962
22359 21726 21541
22513 21531 22110
22250 22639 21756
22376 21969 22196
23240 21843 21878
23266 21568 22109
22808 22148 21992
23301 21550 22630
22833 22215 21662
23478 21307 21724
23490 20991 21717
23216 20844 21678
23409 21536 22459
22626 22428 22142
22947 21048 21486
22179 22487 21940
22489 22190 22238
23113 21419 22303
22544 21880 22665
22884 21558 22615
22730 22401 22089
22411 21012 22170
22731 21739 22089
22254 21040 22324
22879 21389 22286
23365 21165 21742
22135 22071 22304
23246 21928 22441
22732 21422 22807
22772 22363 22251
23364 20968 22229
23276 21094 22428
23246 20750 21785
22708 21586 21995
22434 22460 21660
23796 21016 22033
22854 22153 23012
22768 22515 22113
22484 22349 21989
22796 21342 21899
22356 22079 22443
23415 21089 22011
22761 22354 21959
22308 21833 21918
22655 22148 22024
23545 21451 22503
22458 21389 22377
22493 21425 22664
22500 21505 21776
22800 22069 22094
23212 22066 22368
22693 21666 21917
23047 21257 22368
22261 21021 22270
22624 22090 22012
22421 21881 22360
22504 22320 21940
23066 21642 22154
22536 22164 22272
22773 22383 22084
23401 21030 21296
23305 21485 22402
22258 22432 21827
23253 21232 22423
22621 21850 21865
22378 21789 22312
23343 21055 22463
22971 22632 22311
22910 21300 22688
22729 21751 22659
22578 21202 22543
23318 21272 21850
22407 21161 22280
22289 21736 22025
23483 22325 22377
22453 21548 22591
23107 21966 22257
22887 21943 21832
22534 21525 21677
23518 20724 21812
23674 21104 22071
23033 21801 22270
22622 22193 21793
23191 21279 22191
22755 21468 21668
23272 21003 21637
22533 20938 21953
22639 22097 21829
22884 21435 22949
22587 21947 21754
23029 21716 22100
22300 20933 22655
22575 22717 21776
22621 21960 22238
22508 22679 22344
22775 22257 22443
22030 21382 22596
22296 21112 22410
22915 21964 22192
22766 22278 21843
22578 21129 22837
22195 21642 21793
22939 22377 22393
22554 21714 22045
22474 22089 22126
21940 21094 22300
22315 21806 22330
22922 22076 22481
22998 21916 22737
22270 21507 22561
22763 22173 22309
22797 21475 21614
22840 21589 22695
23491 21598 22003
22435 22273 21675
22422 22132 22204
22915 21322 22744
22502 21284 22309
22225 21730 22236
22355 22151 21625
22464 22033 22275
23126 21613 22084
22651 21386 22254
22713 21945 22008
23396 21382 22596
22442 21574 22539
22932 21765 22032
22380 21501 22619
22873 22183 22650
22609 21738 21546
23330 22029 22075
23045 21442 22202
23271 22095 22351
22244 22241 21923
22984 22358 22136
22734 21734 22122
23385 21371 21865
22461 22293 21814
22945 21940 21886
22803 22461 22396
22648 22207 22112
23096 21238 22441
22951 21765 22713
23188 21420 22328
22908 22382 22062
22361 21319 22449
22283 21566 22412
23227 21273 21965
22750 21146 21619
22574 21526 22178
22905 22025 21886
22834 21917 22960
22683 21400 22079
23031 21813 21921
22352 21418 22814
22481 22138 22380
22786 21437 22280
21936 21521 21733
22383 21848 21410
22276 21332 22691
23090 21137 22559
22948 22372 21871
22205 21488 22248
23489 21294 21855
22373 21732 22887
23244 21231 22368
22499 21539 21919
22599 21386 22573
22392 22057 22160
22449 22177 22133
22777 22426 21826
22696 22331 21827
23330 21417 22126
22474 22069 21979
22973 21523 22286
22982 21992 22651
23540 21838 22047
22638 22271 21988
23142 21921 21734
22549 21452 22830
22567 21992 22442
23657 21565 21936
22893 21680 21975
22536 21753 22561
23126 21735 22085
22422 21463 22436
22677 22159 22109
23383 21378 21390
22777 22146 22663
22989 21692 22249
22757 21856 22129
22865 22300 21866
22594 21775 22355
22672 21668 21695
22480 21201 22403
23527 21341 22008
22286 21785 21608
22063 21812 21735
23713 21477 22170
22498 21557 22409
22349 21095 22132
22980 21265 21950
22562 22069 22011
22253 22283 22112
23494 21358 22178
22313 21727 22807
22423 22183 21971
22669 22466 22256
22572 22442 22437
22469 22253 21386
22351 21538 22110
22542 21385 22835
23550 21676 21955
22463 22193 21634
22698 22145 22038
23348 21312 21354
22402 22090 21990
23259 21527 22253
22629 21982 22049
22227 22039 21812
22415 20614 22316
22385 22107 22225
22671 21729 22821
22686 21440 21834
22679 21770 22316
22735 22426 22261
22456 21655 22208
23186 21758 22242
22273 21940 21973
22936 22463 22007
22423 22243 22439
23515 21340 21911
23825 21473 22607
22702 22315 22062
22791 21594 21640
22473 21902 22045
22765 22486 21847
22934 22080 22279
23403 21437 22151
23094 22166 21949
22901 21721 21618
22583 22472 22642
22804 22417 21978
23546 21577 21770
23360 21439 21799
22594 22152 21997
22638 21511 21932
23064 21891 22177
22847 21605 21402
23167 21290 22183
22458 20842 22291
23129 21463 22441
22255 21519 22523
23035 22033 22524
22727 21530 21985
22595 22179 22145
22178 21158 22559
23841 21660 22175
22553 22030 21998
22422 21014 22673
22421 21460 22282
22523 22470 22295
22678 22399 22053
23130 20666 21659
22389 22012 21910
22356 21482 22409
22735 21778 21520
22350 22320 22568
23141 22370 22614
23041 22377 22385
22353 21574 22238
22572 22324 22266
23001 22567 22312
22436 21176 22671
22630 22278 22124
23111 21208 21805
23611 21296 21770
22873 22604 22415
22246 21745 21922
22470 21253 22470
23189 21967 22202
22433 22090 21977
22457 22125 22297
22308 22445 22008
22093 21429 22182
23332 20803 21889
22458 22214 21891
22451 21930 22609
22763 22083 22350
22032 21733 21906
23082 22347 22347
22351 21909 22505
21838 21604 22081
22810 21565 22603
23004 21389 22526
22695 21395 21983
22851 21945 22525
22239 21670 21872
22750 22043 21671
23413 21008 21455
22864 21752 22892
22616 21659 22345
22208 20841 22128
23231 21488 21703
21528 21545 21955
22824 21886 22583
23079 20819 21945
22811 21947 22502
22888 21755 21737
23594 20992 22001
23029 20981 21827
22540 21662 22968
23226 22042 22056
22649 20958 22694
22489 22055 22010
22350 21811 22207
23904 21603 22316
22979 20974 21717
22554 22152 21905
22768 22350 21717
23000 21248 22652
22650 21652 22000
22642 22194 22162
22535 22346 22035
22172 22358 21651
22562 22145 22029
22525 21490 21688
22668 21473 22452
22569 21976 22448
22612 21536 22478
22992 21677 21677
23119 21534 21922
22904 22017 21568
22367 21870 21692
22897 21938 22583
22915 21266 22372
22806 21709 22473
22761 21956 22175
22988 21608 22325
23114 21987 21884
23253 20869 21669
22946 21686 22635
23096 22231 22370
23324 21363 21752
22545 22043 22478
22578 20928 22597
23008 21468 22734
22689 21497 22511
22490 22398 21983
22278 21284 22375
23226 21110 21692
22760 21317 22509
22515 22280 22107
22493 21619 22420
22555 22188 22019
22834 21515 22193
23162 22173 22179
22554 21733 22251
22499 21872 22302
22749 22233 22143
22403 22071 22108
22598 21905 22405
22638 21107 22361
23002 20898 21796
23335 21287 22013
22192 22184 22056
22341 21424 22252
22298 21732 21348
22619 22313 21853
23123 21224 22091
22584 21221 22278
23257 21901 22373
