344 5.52531
7664 9716
7664 9716
9133 8523
8995 8943
8992 9136
8895 9231
8295 9525
8490 9516
9085 8717
8190 9573
8289 9551
9084 8817
9128 8619
9133 8523
8801 9249
8490 9516
8560 9482
9030 8881
8904 9153
8798 9311
7811 9702
9114 8678
9128 8619
8068 9604
8143 9597
8800 9274
8942 9144
9114 8678
8995 8943
9030 8881
9041 8831
7834 9689
8678 9397
8692 9355
7704 9711
7765 9708
8575 9460
7895 9683
9041 8831
9084 8817
7992 9662
8007 9626
8747 9317
7765 9708
8904 9153
9085 8717
7935 9680
7962 9663
7895 9683
7935 9680
8678 9397
8560 9482
8575 9460
8616 9443
8166 9586
8190 9573
7664 9716
7704 9711
8616 9443
7834 9689
8289 9551
8295 9525
8143 9597
8166 9586
8697 9351
8643 9404
8716 9346
8730 9330
8730 9330
8747 9317
8635 9436
8636 9411
8801 9249
7962 9663
7992 9662
8970 9143
8992 9136
8970 9143
8635 9436
8716 9346
8007 9626
8023 9619
8050 9613
8064 9609
8037 9617
8050 9613
8023 9619
8037 9617
8636 9411
8643 9404
8064 9609
8068 9604
8692 9355
8616 9443
8643 9404
8798 9311
7664 9716
7704 9711
7895 9683
8995 8943
8798 9311
7664 9716
7664 9716
7664 9716
7664 9716
7664 9716
7664 9716
7664 9716
7664 9716
7664 9716
7664 9716
7664 9716
7664 9716
7664 9716
7664 9716
7664 9716
7664 9716
7664 9716
7664 9716
7664 9716
7664 9716
7664 9716
7664 9716
7664 9716
7664 9716
7664 9716
7664 9716
7664 9716
7664 9716
7664 9716
7664 9716
7664 9716
7704 9711
7895 9683
7895 9683
8023 9619
8635 9436
8643 9404
8643 9404
8643 9404
8678 9397
8678 9397
8716 9346
8716 9346
8798 9311
8904 9153
8992 9136
8992 9136
8995 8943
8995 8943
7707 9694
9053 8661
7991 9607
8506 9438
8967 9125
9005 8783
8868 9133
7806 9610
8627 9410
8795 9208
8662 9310
9017 8751
7803 9670
8569 9412
8730 9277
9046 8682
7738 9688
8678 9295
8756 9234
8783 9224
8758 9233
7660 9693
9016 8637
7925 9549
8532 9405
8962 8909
8990 8656
7802 9666
8914 9099
8782 9202
7886 9605
8907 9115
8636 9307
8618 9393
8716 9277
8726 9221
8677 9278
8601 9399
8749 9208
7637 9679
9014 8579
8399 9387
7904 9451
8932 8719
8909 9073
7767 9624
7885 9582
8982 8612
8559 9375
7672 9633
7903 9519
8770 9103
8718 9148
8858 9096
8707 9211
8628 9297
8750 9130
8677 9217
8595 9370
8877 9085
8604 9325
8635 9255
8648 9242
8599 9335
8638 9244
7613 9669
8960 8561
7899 9457
8587 9368
8891 8903
8901 8678
8697 9054
7847 9547
8692 9204
8916 8610
7764 9559
8864 8964
8774 9022
8839 9004
8589 9332
8763 9049
8635 9232
7625 9640
7735 9578
8947 8564
8620 9282
7651 9615
7709 9599
8618 9296
8636 9207
7682 9610
8862 8992
7590 9650
8958 8545
8562 9340
7874 9415
8890 8717
8853 8826
8752 8999
8685 9196
8848 8982
7833 9547
7708 9595
7841 9467
7605 9648
8591 9239
7728 9553
8581 9261
8664 9201
8759 8985
7723 9575
8588 9257
8667 9200
7516 9594
8955 8462
7814 9360
8459 9337
8922 8509
8845 8866
8684 8999
8677 9150
8548 9309
7805 9470
7675 9590
8724 8971
8798 8947
8590 9230
7724 9542
8819 8926
8625 9170
8583 9256
7783 9514
7691 9586
8845 8866
7781 9538
8656 9168
7659 9589
8909 8490
7802 9358
8527 9305
8823 8721
8840 8512
8808 8900
8676 9143
8716 8922
7785 9440
7700 9540
8543 9284
8611 9156
8576 9224
8718 8910
8584 9209
7739 9528
7742 9458
7740 9483
8654 9149
8656 9148
7568 9583
8883 8458
8432 9299
7775 9417
8734 8899
8669 9134
8801 8624
8796 8698
8785 8876
8872 8481
8562 9205
8540 9284
8617 9140
7733 9466
7712 9522
7671 9528
7646 9567
7625 9571
7576 9582
7444 9576
8866 8431
8740 8858
7913 9285
8523 9282
8665 8978
7768 9321
7590 9559
8558 9162
8656 9011
8539 9202
8648 9115
7717 9465
8641 9124
7765 9371
7596 9529
7673 9521
7689 9509
7731 9422
7743 9407
7558 9536
8800 8335
8518 9282
7737 9319
8783 8427
8700 8773
8637 9098
8692 8789
7714 9454
8547 9143
7731 9356
7622 9518
7672 9485
7650 9503
8583 9113
8600 9111
8557 9139
7566 9515
8661 8786
7886 9280
8505 9233
8588 9058
8525 9106
7728 9335
7714 9410
8586 9090
7716 9345
7700 9443
7652 9481
7664 9455
7592 9501
7613 9499
7632 9482
7684 9454
7497 9515
8586 9054
8495 9215
7816 9251
8575 9080
7707 9323
7704 9387
7561 9490
7697 9432
7613 9469
7665 9451
7633 9462
7463 9485
8576 8945
8471 9210
7693 9299
8479 9115
8559 9046
7620 9453
7682 9366
7501 9483
8545 9062
7678 9406
7664 9435
7661 9445
7464 9468
8542 9058
8382 9205
7673 9320
8462 9136
7643 9427
7671 9399
7658 9415
7418 9468
8534 9012
7665 9329
8328 9201
8434 9134
8495 9041
7592 9423
7644 9391
7419 9435
8351 9184
7525 9419
8527 9009
8264 9131
7663 9206
7636 9375
7658 9210
8364 9065
8330 9099
7571 9389
7528 9399
7623 9382
7449 9417
8488 8960
8187 9067
7628 9333
8424 8998
8232 9037
7620 9375
7408 9399
8378 8978
7623 9242
7607 9334
7578 9367
7455 9371
7433 9384
7512 9362
8295 8971
7616 9220
7574 9321
7558 9350
7431 9353
8201 8724
7576 9123
7555 9324
7489 9326
7443 9170
7472 8990
