1439 108.225
2183 3329 3327 3149
2631 3085 3724 2898
2685 2842 2949 3718
2877 3979 2708 2873
2898 2355 3332 3143
3045 3279 2201 3426
3080 3482 3171 2410
3616 3074 2644 2936
2274 3107 3408 3356
2816 3016 2999 3669
2595 3009 3651 2945
2307 3164 3454 3300
2952 3248 2320 3422
2552 2996 3638 3016
2793 2871 3075 3513
3088 2520 3179 3128
3250 3199 2781 3154
2620 2862 3298 3372
3289 3370 3021 2644
2183 3329 3327 3149
3407 3234 2690 3090
2398 3052 3503 3062
2698 2940 3195 3444
2631 3085 3724 2898
3105 3531 2557 2951
2873 3911 2907 2823
2868 3864 2941 2743
2646 2609 3328 3242
2819 2694 3327 3154
2952 2369 3304 3133
2717 2970 3062 3603
3436 3120 2768 3103
3323 3329 2400 3262
2953 2466 3221 3173
2861 3824 2950 2772
3547 3156 2756 3046
3267 3318 3079 2646
2943 3305 2338 3384
2996 3382 3155 2505
2845 3880 2959 2840
2779 2961 3121 3555
3123 2482 3201 3110
3048 3670 2526 2891
2428 2966 3560 3046
3056 3778 2898 2695
2995 3458 3202 2422
3309 3248 2853 3119
3215 3301 3009 2666
3160 3308 2488 3268
3089 3758 2863 2776
2573 3064 3620 3042
2930 3610 2655 2939
2716 2634 3384 3232
3061 3404 3230 2478
2504 2955 3474 3202
2840 3855 3024 2884
3396 3342 2932 2676
3109 3529 2581 2907
3114 3696 2940 2719
2437 2986 3555 3069
2973 3516 3148 2577
2454 3085 3551 3052
2395 3029 3425 3295
2760 2713 3238 3320
2810 2902 3156 3512
2880 3627 2710 2932
3155 3225 2452 3338
3194 3332 2375 3362
2985 2414 3253 3122
2585 3105 3372 3236
2310 3057 3502 3227
2729 2755 3273 3396
2773 2607 3214 3210
2765 2656 3358 3211
2815 2570 3329 3106
2743 2929 3129 3573
2562 3070 3394 3189
3483 3120 2735 3126
2730 2922 3139 3490
2847 3606 2701 2971
2538 3108 3386 3183
2916 3948 2879 2715
3131 3711 2922 2806
3498 3160 2751 3061
3293 3414 3022 2567
2517 3143 3401 3342
2992 3718 2993 2692
3015 3386 3263 2434
2840 2937 3188 3487
2887 3800 2999 2761
3097 3585 2477 2871
3302 3310 2976 2572
2482 3095 3430 3261
3058 3521 2414 2986
3129 3699 2936 2799
3235 3359 3040 2597
3521 3066 2738 3122
2916 3948 2879 2715
2969 3418 3167 2463
2911 2763 3096 3382
2727 2884 3171 3491
2490 2977 3501 3237
3048 3670 2526 2891
2955 2824 3102 3379
2748 2795 3239 3405
2961 2472 3316 3055
2744 2985 3055 3501
2985 2414 3253 3122
3377 3341 2811 3095
2906 3575 2755 2969
3461 3076 2794 3174
3074 3632 3095 2841
2807 3319 2486 3417
3377 3341 2811 3095
3147 3654 2832 2683
2760 3044 3063 3460
3134 3353 2602 3201
3116 3394 3232 2451
3147 3654 2832 2683
2717 2970 3062 3603
2963 3906 2877 2703
2930 2802 3131 3355
2445 3225 3388 3360
2573 3064 3620 3042
2479 3209 3384 3350
3152 3360 3190 2538
3009 3716 3004 2852
2994 3573 2800 2999
2746 2725 3301 3247
2760 3044 3063 3460
2809 2725 3351 3209
3202 3260 2414 3323
3030 3423 3221 2454
3035 3697 2986 2904
3531 3158 2731 3106
3070 3743 2868 2774
3494 3026 2775 3132
3179 3621 3088 2818
3210 3244 2405 3347
3128 3284 3097 2684
3235 3359 3040 2597
2364 3134 3428 3269
3089 3597 2569 2933
3011 3520 2766 3005
2887 3800 2999 2761
3179 3621 3088 2818
2344 3093 3407 3339
2428 2966 3560 3046
2493 3062 3624 3000
2779 2961 3121 3555
3349 3372 2891 2546
3349 3372 2891 2546
3461 3076 2794 3174
3235 3359 3040 2597
3028 3486 3110 2494
2468 3019 3551 3055
3236 3472 2588 3217
3547 3156 2756 3046
2996 3335 2329 3392
3031 3498 3104 2543
3024 3742 2473 2882
3194 3332 2375 3362
2364 3134 3428 3269
3024 3742 2473 2882
3089 3417 3170 2440
3349 3372 2891 2546
2971 2813 3094 3423
2502 3206 3354 3290
2858 3598 2683 2942
2765 2656 3358 3211
2743 2929 3129 3573
2487 3088 3406 3252
2881 2578 3271 3230
2473 3089 3474 3285
3198 3347 3104 2663
3095 3713 2966 2856
3058 3521 2414 2986
3080 3482 3171 2410
2748 2795 3239 3405
2838 3241 2454 3495
3064 3717 3092 2804
2881 2578 3271 3230
2473 3089 3474 3285
2527 3141 3405 3245
2344 3093 3407 3339
2963 3906 2877 2703
3152 3360 3190 2538
3028 3486 3110 2494
2858 3598 2683 2942
3236 3472 2588 3217
3019 3506 2480 2970
2364 3134 3428 3269
2838 3241 2454 3495
2982 3261 2332 3408
2982 3261 2332 3408
3134 3353 2602 3201
3198 3347 3104 2663
3030 3423 3221 2454
3105 3531 2557 2951
3236 3472 2588 3217
2527 3141 3405 3245
3019 3506 2480 2970
3134 3353 2602 3201
2994 3573 2800 2999
2395 3029 3425 3295
2498 3207 3329 3330
2985 2414 3253 3122
3134 3353 2602 3201
2982 3261 2332 3408
2454 3085 3551 3052
2994 3573 2800 2999
2858 3598 2683 2942
3531 3158 2731 3106
3047 3461 3110 2496
3047 3461 3110 2496
3095 3713 2966 2856
3095 3713 2966 2856
2498 3207 3329 3330
2729 2755 3273 3396
3105 3531 2557 2951
2729 2755 3273 3396
2838 3241 2454 3495
2838 3241 2454 3495
3047 3461 3110 2496
3531 3158 2731 3106
2473 3089 3474 3285
3147 3654 2832 2683
2838 3241 2454 3495
2573 3064 3620 3042
3095 3713 2966 2856
2498 3207 3329 3330
2498 3207 3329 3330
2344 3093 3407 3339
3349 3372 2891 2546
2881 2578 3271 3230
2994 3573 2800 2999
3047 3461 3110 2496
2498 3207 3329 3330
2344 3093 3407 3339
2364 3134 3428 3269
3019 3506 2480 2970
2994 3573 2800 2999
2344 3093 3407 3339
2364 3134 3428 3269
2364 3134 3428 3269
2573 3064 3620 3042
2765 2656 3358 3211
2838 3241 2454 3495
2916 3948 2879 2715
2994 3573 2800 2999
3019 3506 2480 2970
3024 3742 2473 2882
3030 3423 3221 2454
3030 3423 3221 2454
3047 3461 3110 2496
3095 3713 2966 2856
3095 3713 2966 2856
3095 3713 2966 2856
3134 3353 2602 3201
3134 3353 2602 3201
3152 3360 3190 2538
3152 3360 3190 2538
3152 3360 3190 2538
3198 3347 3104 2663
3349 3372 2891 2546
3531 3158 2731 3106
3531 3158 2731 3106
3531 3158 2731 3106
2348 3104 3400 3313
2469 3064 3603 3035
2792 2961 2987 3548
2813 3852 2942 2783
2919 2382 3222 3030
2966 3347 3230 2300
3018 3231 2191 3277
3519 3134 2645 3083
3126 3614 2855 2744
3329 3221 2837 2560
2507 3059 3404 3179
2517 2978 3583 2950
3077 3682 2894 2833
2641 2947 3067 3482
2768 2872 3167 3440
3434 3040 2663 3016
2731 2700 3212 3298
3029 3574 2471 2916
2737 2482 3317 3163
2520 3124 3399 3192
3335 3195 2744 3000
3191 3410 2521 3201
2962 3314 3185 2522
3373 3273 2814 2549
2833 3791 2971 2763
3141 3318 2377 3261
3476 3024 2729 3074
2938 3426 3165 2410
3297 3164 2793 3031
3430 3070 2736 3056
3367 3331 2725 3071
3091 3644 2927 2772
2856 3518 2586 2937
2681 2992 2975 3404
2431 3197 3264 3316
2399 3089 3350 3283
2666 2877 3086 3498
3056 3411 3142 2414
2905 3169 2283 3303
2814 3832 2965 2846
2752 2903 3062 3429
2998 3480 3060 2448
2916 3547 2621 2906
2668 2936 3102 3492
2967 3484 2529 2931
2353 3129 3350 3274
2993 3477 2566 2932
2874 2666 3097 3356
2471 3116 3341 3222
2912 3529 2571 2953
2846 2564 3271 3207
2733 2489 3329 3070
2754 3169 2430 3375
2648 2631 3380 3204
2657 2946 3049 3546
2892 3245 2235 3308
3251 3288 2932 2555
3074 3539 3047 2787
2781 2599 3173 3232
3330 3236 2871 2545
2764 3210 2397 3458
3288 3380 2851 2555
2804 2565 3254 3138
2813 3827 2989 2798
3229 3296 2341 3251
2881 2572 3249 3149
2948 3222 2220 3294
2720 3007 2942 3456
2798 2556 3320 3111
3229 3296 2341 3251
2757 3001 2962 3396
3019 3381 3218 2357
2821 3808 3007 2770
2417 3182 3330 3256
3000 3663 3004 2794
3126 3614 2855 2744
2786 2641 3214 3149
3041 3660 2952 2772
2777 3213 2409 3439
3027 3405 3168 2433
3235 3416 2425 3178
2792 2613 3213 3173
2983 3376 3225 2358
3021 3678 2986 2750
2905 3178 2222 3292
2853 3186 2247 3350
2998 3413 3183 2378
3229 3296 2341 3251
2916 3547 2621 2906
2983 3376 3225 2358
2796 2686 3205 3186
3089 3400 3168 2379
3241 3164 2953 2559
2853 3186 2247 3350
2720 3007 2942 3456
2778 2696 3213 3151
3089 3400 3168 2379
2798 2556 3320 3111
2821 3808 3007 2770
2798 2556 3320 3111
2796 2686 3205 3186
2831 3820 2985 2795
2831 3820 2985 2795
3019 3381 3218 2357
2798 2556 3320 3111
2853 3186 2247 3350
2853 3186 2247 3350
2916 3547 2621 2906
2796 2686 3205 3186
3019 3381 3218 2357
2916 3547 2621 2906
3089 3400 3168 2379
2798 2556 3320 3111
2831 3820 2985 2795
2720 3007 2942 3456
2796 2686 3205 3186
2796 2686 3205 3186
2796 2686 3205 3186
2798 2556 3320 3111
2798 2556 3320 3111
2798 2556 3320 3111
2798 2556 3320 3111
2853 3186 2247 3350
2853 3186 2247 3350
2916 3547 2621 2906
3019 3381 3218 2357
3019 3381 3218 2357
3019 3381 3218 2357
3019 3381 3218 2357
3019 3381 3218 2357
3089 3400 3168 2379
3089 3400 3168 2379
3126 3614 2855 2744
3229 3296 2341 3251
2361 2945 3356 3153
2449 3032 3560 3015
2709 2930 2929 3514
2799 3813 2983 2750
2807 2316 3267 3086
2824 3126 2154 3212
3029 3399 3163 2294
3288 3248 2827 2539
2586 2798 3062 3495
2864 3507 2601 2878
3082 3409 2463 2978
2984 3645 2958 2704
2660 2919 3033 3398
3180 3379 2494 3196
2814 3168 2162 3257
2809 2502 3183 3089
2949 3314 3183 2347
2827 3796 2921 2767
2457 2927 3543 2983
2925 3325 3155 2314
2387 3188 3252 3246
2418 2940 3501 2938
2658 2820 2807 3067
2922 3298 3031 2278
2984 3381 2436 2972
3126 3316 2457 3187
3180 3221 2272 3157
2431 2969 3499 3003
3153 3365 2406 3155
2984 3381 2436 2972
2984 3381 2436 2972
2984 3381 2436 2972
2748 3151 2146 3152
2982 3273 2433 2882
2183 3329 3327 3149
2631 3085 3724 2898
2685 2842 2949 3718
2877 3979 2708 2873
3016 2391 3268 3112
3088 3290 2185 3379
3120 3412 3138 2338
3616 3074 2644 2936
2274 3107 3408 3356
2307 3164 3454 3300
3043 3336 3155 2456
2644 3027 3669 2933
2816 3016 2999 3669
3471 3204 2844 3044
2685 2992 3025 3635
2183 3329 3327 3149
2890 3296 2487 3426
3616 3074 2644 2936
3025 3269 2258 3418
2992 2547 3183 3184
2595 3009 3651 2945
3386 3284 2913 2689
3226 3243 2670 2780
3302 3369 2920 2617
3245 3261 2968 2682
3573 3146 2759 3063
3070 3402 3107 2387
2445 3061 3535 3273
2729 2887 3101 3587
2469 2916 3601 3133
2523 2767 3196 3495
2981 2580 3196 3196
2769 3830 2831 2954
2405 3170 3474 3293
2731 3734 2821 2996
2847 3875 2900 2887
2746 2801 3181 3527
2645 3787 2839 3025
2756 2786 3213 3176
2793 3888 2932 2854
3081 3701 2991 2857
2897 3945 2890 2825
2535 3057 3568 3100
2503 3256 3301 3337
3503 3177 2771 3068
3100 3683 3037 2833
3053 3447 3170 2395
2957 3557 2666 3028
3022 3467 3238 2529
2766 2757 3340 3149
2992 2443 3260 3197
3339 3396 2888 2604
2779 2902 3051 3476
3181 3440 2409 3276
2539 2950 3514 3229
2692 3242 3554 3069
3009 2494 3231 3124
3130 3390 2592 3241
2737 3203 3503 2975
3210 3434 2826 2596
3062 3413 3125 2438
3079 3225 2232 3383
3536 3173 2733 3074
3035 3530 2252 3250
3188 3584 3091 2705
2485 3125 3410 3274
2633 3094 3592 3006
2989 2469 3277 3142
2874 3325 2446 3458
3026 3443 3162 2421
3068 3460 2402 3318
3035 3488 2367 3347
2499 2951 3634 3040
3056 3210 2293 3375
2355 3162 3397 3315
3120 3412 3138 2338
3286 3407 2823 2654
3188 3584 3091 2705
3079 3225 2232 3383
3153 3698 2949 2808
3573 3146 2759 3063
3386 3284 2913 2689
2923 3377 2577 3425
3005 3541 2302 3200
2938 3410 3253 2570
2875 3671 3020 2872
3363 3392 2857 2617
2914 3506 2681 3032
3153 3698 2949 2808
2819 3597 2793 2918
2558 2734 3193 3457
2558 2734 3193 3457
3088 3290 2185 3379
2739 3757 2790 2993
3138 3741 2995 2755
2813 3941 2964 2851
3098 3425 2324 3330
2707 2878 3128 3557
3022 3467 3238 2529
2707 2878 3128 3557
2968 2403 3298 3156
3266 3382 2910 2651
2793 2850 3046 3499
2883 2667 3300 3169
3029 3345 2539 3334
2759 2926 3063 3515
3067 3405 2341 3324
2874 3325 2446 3458
2869 2859 3273 2896
2355 3162 3397 3315
2970 2674 3389 3084
2543 2982 3474 3289
3205 3392 2330 3323
3268 3404 2896 2609
2858 3598 2683 2942
3293 3342 2875 2635
2746 2930 3016 3505
2490 3121 3407 3332
2921 2478 3224 3285
2963 2649 3292 3217
2849 3416 2502 3442
2729 2887 3101 3587
2961 2606 3148 3227
3035 3488 2367 3347
2592 3748 2841 2990
2843 3627 2670 2958
2802 3917 2974 2846
2762 2904 3032 3448
2938 3600 2703 2924
2425 3159 3462 3320
2932 2708 3257 3260
2689 3841 2965 2984
2809 3587 2715 2942
2952 2514 3375 3143
2910 3410 3253 2572
2961 2606 3148 3227
3163 3401 2559 3224
3520 3219 2709 3054
3187 3415 2547 3277
2645 3787 2839 3025
2451 2930 3584 3096
2853 2642 3386 3242
2425 3159 3462 3320
2451 2930 3584 3096
2917 2892 3226 3087
3520 3219 2709 3054
2525 2980 3573 3029
3292 3372 2777 2762
2907 2643 3380 3197
2802 3917 2974 2846
2952 2514 3375 3143
3488 3199 2846 3037
2947 2655 3367 3215
3163 3401 2559 3224
2803 2897 3244 3082
2405 3170 3474 3293
3005 3541 2302 3200
3347 3399 2863 2645
2966 3646 3050 2828
2762 2873 3154 3529
2499 2951 3634 3040
2947 2655 3367 3215
2966 3646 3050 2828
2355 3162 3397 3315
2843 3627 2670 2958
2802 2865 3247 3137
2932 2708 3257 3260
2888 3522 2727 3017
2751 2915 3022 3542
2826 3355 2520 3465
2968 2403 3298 3156
3536 3173 2733 3074
2525 2980 3573 3029
3023 2484 3243 3216
3488 3199 2846 3037
2740 3747 2853 2915
2826 3355 2520 3465
3056 3210 2293 3375
3016 3439 3194 2601
2751 2915 3022 3542
3288 3426 2842 2648
3292 3372 2777 2762
2689 3841 2965 2984
2802 3917 2974 2846
2759 2926 3063 3515
3293 3342 2875 2635
3130 3390 2592 3241
2843 3627 2670 2958
2938 3600 2703 2924
3138 3741 2995 2755
3188 3584 3091 2705
2849 3416 2502 3442
2947 2655 3367 3215
2826 3355 2520 3465
3088 3290 2185 3379
2932 2708 3257 3260
2888 3522 2727 3017
2751 3752 2845 2978
3022 3467 3238 2529
2970 2674 3389 3084
2826 3355 2520 3465
2740 3747 2853 2915
3347 3399 2863 2645
3488 3199 2846 3037
2742 2864 3167 3534
3138 3741 2995 2755
2853 2642 3386 3242
2888 3522 2727 3017
2482 2982 3597 3019
2852 3597 2705 2944
2742 2864 3167 3534
2826 3355 2520 3465
2592 3748 2841 2990
3130 3390 2592 3241
3138 3741 2995 2755
3120 3412 3138 2338
2482 2982 3597 3019
3347 3399 2863 2645
2485 3125 3410 3274
2938 3600 2703 2924
3035 3488 2367 3347
2932 2708 3257 3260
2482 2982 3597 3019
3536 3173 2733 3074
2759 2926 3063 3515
3022 3467 3238 2529
2645 3787 2839 3025
3022 3467 3238 2529
2853 2642 3386 3242
2742 2864 3167 3534
3573 3146 2759 3063
2952 2514 3375 3143
3079 3225 2232 3383
3088 3290 2185 3379
2843 3627 2670 2958
2849 3416 2502 3442
2932 2708 3257 3260
3293 3342 2875 2635
3347 3399 2863 2645
2482 2982 3597 3019
2645 3787 2839 3025
3022 3467 3238 2529
2355 3162 3397 3315
2451 2930 3584 3096
2482 2982 3597 3019
2558 2734 3193 3457
2558 2734 3193 3457
2558 2734 3193 3457
2729 2887 3101 3587
2751 2915 3022 3542
2759 2926 3063 3515
2802 3917 2974 2846
2802 3917 2974 2846
2802 3917 2974 2846
2802 3917 2974 2846
2826 3355 2520 3465
2826 3355 2520 3465
2826 3355 2520 3465
2826 3355 2520 3465
2826 3355 2520 3465
2826 3355 2520 3465
2888 3522 2727 3017
2932 2708 3257 3260
2932 2708 3257 3260
2938 3600 2703 2924
2968 2403 3298 3156
2968 2403 3298 3156
3035 3488 2367 3347
3079 3225 2232 3383
3079 3225 2232 3383
3088 3290 2185 3379
3088 3290 2185 3379
3088 3290 2185 3379
3088 3290 2185 3379
3120 3412 3138 2338
3120 3412 3138 2338
3130 3390 2592 3241
3130 3390 2592 3241
3130 3390 2592 3241
3130 3390 2592 3241
3130 3390 2592 3241
3153 3698 2949 2808
3153 3698 2949 2808
3163 3401 2559 3224
3293 3342 2875 2635
3347 3399 2863 2645
3488 3199 2846 3037
3536 3173 2733 3074
2277 2968 3433 3239
2435 3013 3558 3041
2542 2785 3174 3498
2740 3857 2837 2790
2966 3225 2165 3357
2994 3445 3191 2440
2999 2361 3263 3080
3503 3129 2662 3027
3051 3643 2998 2738
3111 3659 2978 2690
2895 2610 3290 3183
2977 3440 3127 2513
2757 2919 3028 3491
3267 3379 2896 2578
2774 2759 3232 3135
2771 3732 2785 2872
2854 3563 2619 2849
2642 2783 3061 3446
3284 3316 2857 2583
3066 3590 2955 2819
2611 3125 3492 3065
3417 3162 2739 3052
2796 3272 2540 3358
3451 3092 2720 2909
2979 3348 2186 3342
3219 3285 2772 2622
2958 2536 3357 3075
2934 2437 3186 3211
2450 3012 3537 2964
2961 3479 2322 3197
3234 3315 2737 2664
3262 3198 2814 2614
3160 3317 2417 3199
2698 3402 2655 2994
2732 3830 2853 2822
2789 3803 2784 2869
2517 2978 3533 3035
2386 3098 3396 3258
2686 2567 3385 3068
2966 2378 3287 3100
2869 3295 2472 3408
2419 3106 3320 3284
2348 3080 3328 3278
3086 3437 2317 3276
2970 2412 3208 3151
3068 3354 2270 3328
3497 3115 2699 2992
2358 2981 3500 3045
2994 3445 3191 2440
2851 3556 2654 2950
2806 3240 2489 3418
2763 3224 2396 3447
2851 3516 2687 2924
2352 3061 3333 3307
2807 3285 2426 3432
2800 3304 2480 3377
2940 2548 3340 3188
3276 3349 2813 2589
2424 3046 3375 3214
2910 2563 3331 3087
2784 2822 3217 3048
2834 3514 2674 2971
2977 2424 3233 3144
2763 3224 2396 3447
2869 3513 2697 2976
2351 3027 3425 3223
2744 3324 2423 3438
3068 3354 2270 3328
2999 2361 3263 3080
2350 3018 3420 3265
2843 3516 2690 2943
2520 3123 3535 2976
2784 3264 2476 3425
2784 2822 3217 3048
3425 3141 2814 2973
2979 2367 3260 3042
3417 3162 2739 3052
3441 3153 2765 3056
3086 3307 2473 3259
3441 3153 2765 3056
3068 3354 2270 3328
2805 3236 2410 3435
2805 3236 2410 3435
2784 2822 3217 3048
3441 3153 2765 3056
3086 3307 2473 3259
3441 3153 2765 3056
2999 2361 3263 3080
2999 2361 3263 3080
2999 2361 3263 3080
3068 3354 2270 3328
2999 2361 3263 3080
2999 2361 3263 3080
3068 3354 2270 3328
3086 3307 2473 3259
3086 3307 2473 3259
3441 3153 2765 3056
2324 2982 3333 3216
2468 2975 3521 2936
2537 2713 3151 3484
2773 3753 2703 2805
2920 2335 3250 3179
3015 3307 2134 3297
3439 2999 2687 3014
2850 3521 2609 2874
3418 3119 2765 2953
2806 3271 2407 3413
3041 3274 2149 3319
2678 2845 3026 3415
2964 3247 2193 3319
2751 2832 2980 3470
2683 2606 3156 2985
2927 2528 3336 3152
2460 3055 3479 3047
2713 3698 2728 2871
2742 3723 2771 2805
2366 2916 3509 3030
3026 3267 2245 3310
2491 2944 3448 2946
2950 2375 3269 3088
2515 2926 3470 2843
2912 2543 3269 3087
2923 2429 3278 3165
2743 2805 2997 3483
2920 2335 3250 3179
2537 2713 3151 3484
2924 2412 3256 3167
2915 2535 3276 3178
2537 2713 3151 3484
2537 2713 3151 3484
2686 2826 2878 3450
2703 3253 2402 3296
2825 2406 3282 3038
2894 2389 3267 3080
2926 3225 2107 3279
3005 3033 2141 3211
2734 3212 2339 3371
2870 2512 3067 3138
2870 2512 3067 3138
2725 3249 2340 3408
2921 2398 3225 3106
2883 2493 3182 3150
2883 2493 3182 3150
2870 2512 3067 3138
2870 2512 3067 3138
2830 2459 3113 3136
2891 2389 3234 3043
2823 2441 2980 3077
2183 3329 3327 3149
2631 3085 3724 2898
2685 2842 2949 3718
2877 3979 2708 2873
2992 2362 3325 3069
3045 3279 2201 3426
3061 3330 3269 2390
3616 3074 2644 2936
2274 3107 3408 3356
2552 2996 3638 3016
2644 3027 3669 2933
3193 3504 2452 3171
2425 3062 3454 3287
2783 3212 3591 3044
2183 3329 3327 3149
3250 3359 2307 3245
3306 3481 2608 3187
3195 3379 3106 2512
2961 3922 2914 2859
3431 3253 2779 2920
3167 3635 2931 2720
2763 2936 3042 3535
2565 3386 3111 3251
3336 3307 2918 2594
3320 3367 2530 3156
2818 2860 3159 3394
3089 3293 2339 3362
2373 3091 3479 3220
3185 3415 2326 3294
2321 3057 3530 3264
2626 3346 3525 3070
2868 3885 2715 2882
2797 2897 3064 3563
3300 3350 2971 2692
3320 3367 2530 3156
2937 3680 3017 2669
3165 3262 3156 2632
2816 3016 2999 3669
2860 2948 2988 3426
3362 3409 2885 2681
2480 3255 3252 3317
3391 3384 2852 3057
2631 3085 3724 2898
2728 2719 3243 3337
3097 3292 3010 2540
3087 2468 3168 3064
3172 3285 3098 2568
2987 3954 2841 2868
2508 3370 3209 3311
3281 3395 2945 2668
3270 3177 2661 3103
3060 2403 3212 3119
3212 3329 3127 2470
2816 3016 2999 3669
3151 3461 2443 3220
2908 3824 2943 2882
2353 2966 3509 3208
3027 3746 2837 2795
3022 3654 3120 2747
3128 3614 2958 2689
2685 3311 3525 3022
3005 3909 2845 2855
3229 3346 2314 3313
2459 3007 3483 3287
2651 3196 3562 3081
3492 3172 2846 2956
2833 3007 3032 3475
2942 2699 3236 3095
2777 2954 3001 3611
2885 2948 2840 3502
2912 3716 3107 2740
2395 3062 3465 3233
3573 3146 2759 3063
2794 2766 3303 3091
3405 3295 2839 2995
3145 3226 3177 2562
2435 3036 3497 3272
3306 3481 2608 3187
3077 3530 3073 2844
2969 3445 3203 2438
3357 3062 2651 3163
2972 2816 3193 3119
2940 3397 3174 2469
3146 3595 2954 2781
2885 2613 3361 3236
3536 3173 2733 3074
2737 2747 3179 3341
3440 3198 2809 2940
2995 2498 3258 3099
2970 3858 2798 2961
3557 3131 2717 3080
2859 2657 3338 3156
2525 3241 3212 3334
3043 2592 3229 3201
3258 3519 2433 3174
3025 3269 2258 3418
2651 3196 3562 3081
2850 2577 3308 3258
2937 2735 3197 2974
2353 2966 3509 3208
3033 3388 3099 2644
2775 3004 3001 3493
3152 3343 2374 3306
3336 3378 2832 3060
2840 2885 2870 3587
2930 2642 3375 3209
3320 3158 2806 3131
3080 3509 3076 2949
2926 2788 3325 2964
3018 3317 3172 2615
3137 3585 2973 2747
2444 3080 3370 3220
2735 2959 3044 3580
3470 3216 2702 2971
3573 3146 2759 3063
2812 3002 3023 3552
2993 2436 3336 3047
3464 3221 2702 3015
3539 3209 2660 3015
2945 2731 3177 3138
2896 3768 2983 2768
2989 3817 2881 2799
3508 3154 2825 3052
2983 2489 3312 3027
3091 3341 2224 3348
2969 3445 3203 2438
3528 3057 2771 2946
3091 3341 2224 3348
3118 3627 3005 2807
3017 3527 3108 2835
3025 3269 2258 3418
3524 3132 2776 3018
3152 3343 2374 3306
2903 3605 2984 2814
3103 3548 2975 2829
2896 3768 2983 2768
3405 3295 2839 2995
2766 2895 3043 3590
2833 3007 3032 3475
2991 2752 3291 2968
2852 2583 3387 3184
3113 3385 2401 3336
3264 3439 2626 3183
3463 3345 2766 3075
2525 3241 3212 3334
2859 3726 3011 2809
2396 3032 3501 3272
3113 3385 2401 3336
2853 2864 2811 3579
3067 3591 3035 2745
2993 2436 3336 3047
2919 2765 3126 3121
2819 2514 3394 3138
2889 2826 3212 3145
3103 3548 2975 2829
3270 3159 2772 3178
2755 2662 3308 3074
2986 3654 3088 2806
3066 3563 3089 2817
3464 3221 2702 3015
2321 3057 3530 3264
3513 3155 2869 2964
3056 2527 3133 3107
2856 2840 3241 3085
2777 2914 3025 3588
2980 2517 3250 3052
3091 3270 3126 2614
3264 3439 2626 3183
2731 2888 3070 3605
2396 3032 3501 3272
3043 2592 3229 3201
3258 3519 2433 3174
3026 2557 3248 3086
3557 3131 2717 3080
3025 3269 2258 3418
2966 2378 3287 3100
2970 3858 2798 2961
2930 2642 3375 3209
3026 2557 3248 3086
2983 2489 3312 3027
2777 2914 3025 3588
2896 3768 2983 2768
3006 2707 3309 3026
3079 3565 3067 2810
2930 2743 3213 3097
3033 3388 3099 2644
3056 2527 3133 3107
2966 2378 3287 3100
2926 2744 3218 3137
2436 3147 3462 3239
3056 2527 3133 3107
2853 2864 2811 3579
2812 3002 3023 3552
3094 3631 2944 2796
2912 3716 3107 2740
2755 2662 3308 3074
3212 3329 3127 2470
2885 2613 3361 3236
2974 2363 3282 3107
3501 3187 2769 2941
2819 2514 3394 3138
2989 3817 2881 2799
3501 3187 2769 2941
2934 2828 3289 2971
2896 3768 2983 2768
2877 2709 3252 3106
3066 3563 3089 2817
3512 3156 2764 3074
2969 3445 3203 2438
2992 2362 3325 3069
2436 3147 3462 3239
3362 3409 2885 2681
2989 3817 2881 2799
3056 2527 3133 3107
2970 3858 2798 2961
2755 2662 3308 3074
2974 2363 3282 3107
2840 2885 2870 3587
2926 2744 3218 3137
2986 3654 3088 2806
3362 3409 2885 2681
2877 2709 3252 3106
3501 3187 2769 2941
2731 2888 3070 3605
2885 2613 3361 3236
2777 2954 3001 3611
2833 3007 3032 3475
2919 2765 3126 3121
3006 2707 3309 3026
3079 3565 3067 2810
2926 2744 3218 3137
2934 2828 3289 2971
2321 3057 3530 3264
2731 2888 3070 3605
3025 3269 2258 3418
2974 2363 3282 3107
3264 3439 2626 3183
3056 2527 3133 3107
2992 2362 3325 3069
3026 2557 3248 3086
3152 3343 2374 3306
3264 3439 2626 3183
2777 2954 3001 3611
2969 3445 3203 2438
3513 3155 2869 2964
2755 2662 3308 3074
2321 3057 3530 3264
2755 2662 3308 3074
2966 2378 3287 3100
2777 2954 3001 3611
3079 3565 3067 2810
3091 3270 3126 2614
2877 2709 3252 3106
2877 2709 3252 3106
2885 2613 3361 3236
2885 2613 3361 3236
2934 2828 3289 2971
2966 2378 3287 3100
2919 2765 3126 3121
2853 2864 2811 3579
2974 2363 3282 3107
2525 3241 3212 3334
2989 3817 2881 2799
2989 3817 2881 2799
2436 3147 3462 3239
3026 2557 3248 3086
3513 3155 2869 2964
2651 3196 3562 3081
2930 2642 3375 3209
3056 2527 3133 3107
3557 3131 2717 3080
3573 3146 2759 3063
2969 3445 3203 2438
3026 2557 3248 3086
2919 2765 3126 3121
2321 3057 3530 3264
2436 3147 3462 3239
2436 3147 3462 3239
2777 2914 3025 3588
2777 2954 3001 3611
2777 2954 3001 3611
2833 3007 3032 3475
2833 3007 3032 3475
2885 2613 3361 3236
2919 2765 3126 3121
2926 2744 3218 3137
2926 2744 3218 3137
2926 2744 3218 3137
2926 2744 3218 3137
2969 3445 3203 2438
2974 2363 3282 3107
2974 2363 3282 3107
2989 3817 2881 2799
2992 2362 3325 3069
2992 2362 3325 3069
3006 2707 3309 3026
3025 3269 2258 3418
3026 2557 3248 3086
3079 3565 3067 2810
3079 3565 3067 2810
3079 3565 3067 2810
3258 3519 2433 3174
3362 3409 2885 2681
3513 3155 2869 2964
2360 3035 3478 3253
2663 3251 3519 2927
2823 2792 2815 3545
2855 3331 3083 2343
2955 2347 3267 3054
2961 3867 2906 2822
3042 3341 2227 3281
3526 3119 2747 3008
3275 3458 2544 3181
3116 3610 2972 2698
3158 3220 3120 2556
2776 2952 3009 3403
3122 3347 2294 3235
3091 3554 2976 2770
2593 3245 3504 2932
2442 3256 3194 3260
2827 2828 2802 3497
3281 3373 2825 2639
3261 3103 2600 3158
2758 2522 3354 3147
2706 3152 3360 3000
3482 3127 2721 2886
2407 3077 3382 3219
3436 3117 2793 2969
2808 2568 3336 3167
3280 3430 2564 3120
3236 3364 2853 2666
2826 2719 3223 2866
3164 3239 3086 2585
3514 2985 2753 2980
3077 3595 2997 2794
2850 2630 3315 3180
2407 3057 3422 3279
2633 3223 3487 2940
2784 2895 3042 3521
3126 3253 3099 2601
2428 3049 3445 3235
3413 3210 2716 2988
3108 3313 2280 3256
2933 2483 3247 3063
2867 2677 3181 3112
3344 3289 2816 2938
2782 2909 3019 3534
2966 2417 3273 3020
3391 3237 2811 3002
3017 2499 3190 3039
2941 2670 3160 3054
3075 3369 2255 3277
3503 3125 2700 2982
3397 3286 2674 3016
2805 2865 2800 3532
2938 2440 3293 2999
2655 2890 3011 3540
2360 3035 3478 3253
3236 3364 2853 2666
3341 3366 2852 3016
2923 2709 3204 3090
3398 3280 2706 3033
2802 2694 3198 3117
2999 2434 3189 3118
2858 2641 3259 3108
2917 2395 3299 3041
2962 2385 3229 3029
3003 2421 3238 2994
2360 3035 3478 3253
2951 2398 3233 3073
2904 2641 3211 3092
2904 2641 3211 3092
2945 2649 3215 3025
3397 3286 2674 3016
2939 2648 3184 3077
3075 3369 2255 3277
3341 3366 2852 3016
2944 2386 3235 3056
3276 3142 2714 3118
2360 3035 3478 3253
2913 2655 3236 3077
3276 3142 2714 3118
2913 2655 3236 3077
2913 2655 3236 3077
3397 3286 2674 3016
3276 3142 2714 3118
3341 3366 2852 3016
3341 3366 2852 3016
2913 2655 3236 3077
3341 3366 2852 3016
3341 3366 2852 3016
3341 3366 2852 3016
3341 3366 2852 3016
3341 3366 2852 3016
3341 3366 2852 3016
3397 3286 2674 3016
2304 2987 3448 3210
2721 2820 2705 3527
2904 2314 3265 3014
2906 3842 2810 2816
3246 3410 2485 3157
3280 3314 2797 2603
3482 3117 2654 2914
2575 3207 3392 2898
2836 2638 3165 3110
2749 2760 2657 3516
3197 3116 2637 3039
2954 3778 2837 2729
3024 3570 2992 2749
2999 3532 2950 2762
2654 2848 2988 3521
3201 3402 2495 3146
3319 3357 2745 2974
2703 2820 3011 3527
2774 2819 2922 3156
3219 3251 2784 2713
2907 2706 3195 3064
3220 3318 2799 2620
2865 2707 3195 3070
3322 3313 2778 2989
3379 3237 2788 2996
3379 3237 2788 2996
2721 2820 2705 3527
3379 3237 2788 2996
3379 3237 2788 2996
2265 2947 3237 3005
2607 2795 2979 3457
2848 2566 3173 2878
2888 2360 3180 2985
3223 3344 2429 3126
3228 3385 2453 3092
2734 2713 2647 3457
2870 2591 3149 3025
2878 2564 3191 2957
2776 2515 3075 2862
2862 2483 3118 2847
2183 3329 3327 3149
2631 3085 3724 2898
2685 2842 2949 3718
2877 3979 2708 2873
2937 2316 3334 3086
3045 3279 2201 3426
3061 3330 3269 2390
3616 3074 2644 2936
2644 3027 3669 2933
2274 3107 3408 3356
2939 2396 3363 3022
3092 3369 2471 3358
2816 3016 2999 3669
3048 3701 2988 2745
2531 3092 3588 3097
2883 3753 3025 2867
2743 2544 3418 3156
2468 3166 3354 3324
3126 3692 2962 2794
3200 3666 3038 2657
3483 3288 2803 2994
2869 3008 2829 3483
2872 3930 2906 2768
2690 3299 3521 3064
2829 3813 2952 2849
2183 3329 3327 3149
3027 3168 2313 3394
2294 3097 3366 3316
3239 3306 2394 3257
2919 3866 2871 2773
3421 3360 2813 3065
3536 3173 2733 3074
2872 2852 2934 3451
2860 3909 2884 2782
2765 2900 3055 3534
2385 3226 3286 3303
3007 2470 3255 3101
2897 3798 3004 2800
2499 2951 3634 3040
2875 2463 3399 3081
2685 2842 2949 3718
2998 3295 3113 2839
2821 3455 3177 2625
3170 3589 2950 2759
2909 3881 2873 2816
3049 3208 2275 3409
3151 3215 3071 2533
2781 3514 3134 2638
2856 2786 3206 3271
3528 3214 2810 3068
2507 2969 3605 3021
2955 3428 3224 2445
2499 2951 3634 3040
3452 3318 2778 2989
2929 3500 3126 2681
2967 3632 3072 2811
3157 3653 3025 2728
2353 3133 3251 3421
2717 2589 3457 3086
2824 2823 3162 3310
3034 3447 3195 2576
2656 2914 3092 3538
2440 3194 3204 3317
2717 2970 3062 3603
2941 2332 3335 2969
2967 3413 3186 2595
3292 3394 2661 3193
2890 3476 3170 2684
2564 3356 3363 3003
2629 3130 3601 2946
3327 3379 2572 3191
2713 2854 3130 3500
3070 3408 3135 2488
2787 2876 3091 3516
2808 2675 3227 3273
3044 2535 3208 3095
2860 3612 2691 3014
3299 3342 2555 3201
2772 3124 3031 3629
2950 2726 3238 3127
2572 3351 3460 2989
2930 2642 3375 3209
2935 3535 2669 3078
3195 3180 3115 2478
3153 3184 3163 2515
3075 3206 2309 3374
3158 3316 2432 3328
2950 2726 3238 3127
2430 3244 3259 3369
2669 2932 3066 3623
3004 2688 3304 3155
3085 3242 2241 3375
2722 2887 3210 3056
2884 2957 2725 3506
3191 3262 2519 3282
2836 3570 3164 2583
2900 2830 2862 3487
2895 3888 2900 2909
3327 3379 2572 3191
3206 3287 3007 2418
2615 3313 3444 3014
2343 3232 3294 3346
3129 3654 2958 2682
3181 3317 3061 2390
2955 3534 2710 3095
3350 3320 2611 3218
3057 3648 3082 2705
3372 3271 2613 3220
3226 3317 2517 3264
3057 3648 3082 2705
3461 3134 2773 3098
2739 2911 3090 3578
3085 3242 2241 3375
3001 3488 3131 2557
2625 3261 3506 3110
2768 3247 2642 3341
3206 3287 3007 2418
3252 3315 2589 3233
3228 3282 2404 3252
3384 3287 2542 3246
3063 3235 2281 3386
3461 3134 2773 3098
2848 3480 3153 2551
2672 3368 3338 3005
3360 3305 2609 3175
2650 3309 3378 3006
2739 2911 3090 3578
3215 3302 2540 3242
2702 2955 3311 3081
3252 3315 2589 3233
2345 3234 3404 3291
2627 3267 3477 3100
2848 3480 3153 2551
2892 3210 2751 3441
2649 3205 3241 3212
2836 3570 3164 2583
2420 3291 3176 3323
2608 2876 3096 3558
3180 3335 2543 3280
2873 2755 3198 3271
2612 3281 3489 3074
3011 2582 3227 3075
2614 3391 3403 2969
3060 3265 2408 3385
2895 3888 2900 2909
2574 3348 3445 2992
2608 2876 3096 3558
2868 2647 3375 3263
2917 3209 2688 3323
2527 3417 3395 2888
2380 3248 3218 3346
2726 2961 3067 3603
2873 2755 3198 3271
3027 3168 2313 3394
3252 3315 2589 3233
2892 3210 2751 3441
3152 3330 2693 3265
3158 3316 2432 3328
2814 2889 3166 3446
3044 2535 3208 3095
2608 2876 3096 3558
3536 3173 2733 3074
2614 3391 3403 2969
3292 3394 2661 3193
3360 3305 2609 3175
2778 2893 3202 3111
3371 3185 2844 3108
3301 3362 2623 3199
2805 2881 3178 3135
2527 3417 3395 2888
2669 2932 3066 3623
2717 2970 3062 3603
3173 3327 2609 3218
3371 3185 2844 3108
3011 2582 3227 3075
3065 3449 3185 2440
2981 3489 3186 2493
3301 3362 2623 3199
2527 3417 3395 2888
2407 3174 3314 3333
2900 2830 2862 3487
2407 3174 3314 3333
2937 2316 3334 3086
2772 3124 3031 3629
2411 3245 3193 3276
2670 3274 3507 3096
3384 3287 2542 3246
3195 3180 3115 2478
3215 3302 2540 3242
2608 2876 3096 3558
3004 2688 3304 3155
3301 3362 2623 3199
3059 3381 3186 2445
2941 2332 3335 2969
2805 2881 3178 3135
2981 3489 3186 2493
2343 3232 3294 3346
2380 3248 3218 3346
2380 3248 3218 3346
2805 2881 3178 3135
3239 3306 2394 3257
3226 3317 2517 3264
2778 2893 3202 3111
2981 3489 3186 2493
2930 2642 3375 3209
3239 3306 2394 3257
2574 3348 3445 2992
3360 3305 2609 3175
2935 3535 2669 3078
3065 3449 3185 2440
3085 3242 2241 3375
2937 2316 3334 3086
3063 3235 2281 3386
2981 3489 3186 2493
2343 3232 3294 3346
2407 3174 3314 3333
3371 3185 2844 3108
2407 3174 3314 3333
2868 2647 3375 3263
2411 3245 3193 3276
2380 3248 3218 3346
3060 3265 2408 3385
2574 3348 3445 2992
2574 3348 3445 2992
2772 3124 3031 3629
2937 2316 3334 3086
2981 3489 3186 2493
3065 3449 3185 2440
2868 2647 3375 3263
2772 3124 3031 3629
2981 3489 3186 2493
3065 3449 3185 2440
2868 2647 3375 3263
3065 3449 3185 2440
2670 3274 3507 3096
2411 3245 3193 3276
2935 3535 2669 3078
3011 2582 3227 3075
3004 2688 3304 3155
2670 3274 3507 3096
2574 3348 3445 2992
2895 3888 2900 2909
3011 2582 3227 3075
3060 3265 2408 3385
2805 2881 3178 3135
3252 3315 2589 3233
2411 3245 3193 3276
2739 2911 3090 3578
2772 3124 3031 3629
2805 2881 3178 3135
2805 2881 3178 3135
2805 2881 3178 3135
2805 2881 3178 3135
2892 3210 2751 3441
2935 3535 2669 3078
2935 3535 2669 3078
2935 3535 2669 3078
2937 2316 3334 3086
2937 2316 3334 3086
2937 2316 3334 3086
2981 3489 3186 2493
3004 2688 3304 3155
3027 3168 2313 3394
3060 3265 2408 3385
3060 3265 2408 3385
3060 3265 2408 3385
3065 3449 3185 2440
3085 3242 2241 3375
3158 3316 2432 3328
3215 3302 2540 3242
3215 3302 2540 3242
3215 3302 2540 3242
3215 3302 2540 3242
3215 3302 2540 3242
3226 3317 2517 3264
3239 3306 2394 3257
3252 3315 2589 3233
3252 3315 2589 3233
3252 3315 2589 3233
3252 3315 2589 3233
3252 3315 2589 3233
3252 3315 2589 3233
3252 3315 2589 3233
3252 3315 2589 3233
3301 3362 2623 3199
3371 3185 2844 3108
3371 3185 2844 3108
2321 3154 3204 3367
2436 2959 3577 3096
2736 2962 3030 3572
2788 3802 2887 2755
2945 2331 3303 3114
3031 3275 3082 2475
3058 3245 2255 3302
3516 3207 2727 3057
3210 3381 2548 3182
2857 2756 2846 3371
3275 3235 2420 3237
3437 3213 2771 2998
2830 3575 2642 2880
2850 2656 3216 3116
2883 2802 2841 3460
3315 3282 2598 3185
3093 3606 2995 2721
2958 3442 3176 2572
2555 3377 3393 2933
3430 3115 2728 3045
2888 2821 2814 3482
2561 3353 3369 2874
3111 3687 2962 2683
2804 2883 2704 3510
2718 2950 3057 3558
3110 3190 2306 3321
2645 3273 3463 3049
2437 2986 3555 3069
2531 2911 3484 3095
2370 3082 3266 3329
3032 3300 2364 3274
3234 3281 2588 3208
2992 3182 3109 2521
2562 3345 3369 2939
3012 3372 3088 2512
2578 3171 3475 3060
2934 3486 3071 2637
2763 3053 2935 3555
3064 3604 3015 2672
2929 2431 3323 2982
2947 2352 3258 2988
2771 2460 3349 2972
2918 3245 2654 3251
3038 3183 2363 3338
2388 3203 3153 3250
2929 2377 3320 3109
2820 3483 3125 2560
2769 3046 2936 3569
2488 2983 3525 3044
3177 3663 2932 2649
2645 3273 3463 3049
2866 2476 3294 3073
2386 3123 3205 3235
2818 2542 3344 3134
2488 2983 3525 3044
2730 2581 3358 3112
3035 3674 2889 2742
3283 3277 2593 3193
2915 2473 3348 3034
2818 2542 3344 3134
2911 3453 3116 2632
3278 3294 2564 3188
2866 2928 2699 3499
2799 2563 3312 3119
2860 3170 2647 3351
2906 2574 3169 3082
2889 3471 3141 2618
2805 2579 3284 3090
3125 3670 2909 2755
2916 3442 3098 2661
2866 2928 2699 3499
2879 2542 3308 3067
3177 3663 2932 2649
3111 3687 2962 2683
2889 3471 3141 2618
2943 2566 3263 3082
3125 3670 2909 2755
3122 3673 2921 2639
2730 2581 3358 3112
3177 3663 2932 2649
3122 3673 2921 2639
2436 2959 3577 3096
3430 3115 2728 3045
2889 3471 3141 2618
3125 3670 2909 2755
2436 2959 3577 3096
3111 3687 2962 2683
2889 3471 3141 2618
2436 2959 3577 3096
2645 3273 3463 3049
2818 2542 3344 3134
2818 2542 3344 3134
2889 3471 3141 2618
3111 3687 2962 2683
3111 3687 2962 2683
3111 3687 2962 2683
2391 2984 3545 3008
2677 2947 3016 3572
2841 2494 3188 3105
3027 3142 2198 3290
3092 3641 2850 2662
3136 3251 2884 2434
3293 3224 2514 3099
2966 3126 2288 3315
2550 2814 3023 3500
3268 3282 2507 3182
2512 2864 3476 3055
2823 3463 3085 2534
2539 3240 3343 2935
2740 2604 3209 3008
2860 3426 3091 2590
2550 3171 3431 3015
2797 3128 2558 3296
3007 3230 2301 3272
3241 3242 2544 3192
2677 2947 3016 3572
3099 3605 2932 2641
2710 2962 2988 3524
2775 3432 3103 2569
2536 3254 3373 2989
2745 2526 3233 3065
2744 2527 3329 3123
2809 2520 3315 3110
3009 3208 2211 3292
3094 3628 2934 2608
3080 3621 2915 2652
3080 3621 2915 2652
3293 3224 2514 3099
3007 3230 2301 3272
2677 2947 3016 3572
2677 2947 3016 3572
3080 3621 2915 2652
3080 3621 2915 2652
3080 3621 2915 2652
3293 3224 2514 3099
3293 3224 2514 3099
3293 3224 2514 3099
2531 3239 3294 2900
2665 2854 2973 3494
2728 3051 2514 3279
2781 2396 3306 3011
3054 3622 2924 2576
2695 2452 3270 3062
2774 2413 3218 2941
2751 2487 3302 3042
2765 2398 3295 2956
2765 2398 3295 2956
2765 2398 3295 2956
2765 2398 3295 2956
2183 3329 3327 3149
2631 3085 3724 2898
2685 2842 2949 3718
2838 2293 3307 3177
2877 3979 2708 2873
3045 3279 2201 3426
3061 3330 3269 2390
3616 3074 2644 2936
2274 3107 3408 3356
2816 3016 2999 3669
3105 3637 2983 2549
2969 3445 3203 2438
2990 3315 2266 3437
2454 3340 3187 3262
3019 3302 2294 3459
3023 2525 3116 3170
2538 2800 3297 3370
2644 3027 3669 2933
3099 3671 3053 2589
2629 3130 3601 2946
2791 2961 3067 3481
2183 3329 3327 3149
2552 2996 3638 3016
3045 3279 2201 3426
3412 3213 2727 3099
2802 3863 2820 2904
3016 2470 3123 3186
3214 3318 2361 3234
2976 2396 3321 3084
3331 3374 2608 2990
3076 3722 2560 2906
2411 3217 3364 3302
2433 2946 3282 3404
3462 3216 2914 3028
2307 3054 3316 3312
2930 2718 3309 3134
3277 3430 2429 3192
2961 3731 2977 2722
2809 3801 2887 2822
2350 3064 3306 3314
3215 3349 2495 3221
3182 3459 2382 3213
2888 2558 3385 3013
3168 3665 2938 2620
3194 3583 2989 2717
2400 3324 3221 3214
2925 2863 3062 2759
2947 2761 3271 3106
3573 3146 2759 3063
2595 3009 3651 2945
3007 3599 2563 2927
2976 3770 2955 2781
2499 2939 3261 3430
2790 3885 2841 2895
3363 3199 2886 3093
2660 2893 3137 3538
3252 3169 2626 3115
2582 2748 3155 3435
2516 2999 3452 3285
2678 2923 3071 3623
3135 2582 3101 3127
3509 3126 2816 3020
2916 2664 3331 3045
3010 3812 2935 2797
2912 2670 3313 3153
3054 3434 3143 2492
2813 2736 3285 3393
2706 2911 3104 3582
2991 3489 2528 3175
3098 3662 2879 2690
3153 3595 2944 2744
3132 3464 2543 3177
3288 3416 2559 3007
2378 3204 3397 3277
2910 3611 3048 2698
3065 3751 2940 2628
2903 2599 3361 3092
3045 3660 2516 3010
2895 2339 3286 3166
2892 3894 2808 2933
2700 2970 3053 3600
3177 3342 2381 3248
2627 2894 3141 3542
2822 2738 3177 3403
2668 3048 3123 3532
2736 3176 3526 2996
2678 2923 3071 3623
2681 2971 3019 3599
2875 2592 3339 3094
2908 2341 3273 3190
2886 3863 2864 2842
2748 3167 3436 2938
2724 3011 3033 3461
3536 3139 2789 3035
3520 3175 2683 3075
2738 3273 3551 2868
2703 3032 3105 3584
3148 3525 2521 3154
3146 3539 2612 3169
3134 3687 2912 2665
3263 3361 2484 3191
3495 3209 2770 3030
2986 2405 3364 3029
2776 3789 2846 2868
2739 3198 3494 2968
3235 3393 2441 3209
2877 2850 3234 3101
3010 3812 2935 2797
3245 3317 2434 3199
3394 3211 2850 3047
3261 3244 3041 2632
2328 3143 3289 3353
3537 3198 2714 2974
2902 3700 2994 2775
2507 2936 3474 3282
3233 3441 2702 2895
2933 2442 3348 2978
3520 3175 2683 3075
3124 3300 3141 2663
3325 3406 2579 3011
2793 2799 3240 3420
2838 2293 3307 3177
2731 3184 3507 2965
2940 3397 3174 2469
3300 3232 2583 3194
2339 3052 3300 3332
2614 3060 3475 3245
2718 2950 3057 3558
3477 3193 2778 3076
2339 3052 3300 3332
2793 2799 3240 3420
3550 3258 2730 2968
3133 3637 2916 2684
2894 3919 2800 2840
2708 2972 3071 3558
3151 3501 2693 2839
3059 3664 2906 2685
2981 3629 2592 2955
2614 3060 3475 3245
2940 3397 3174 2469
2378 3204 3397 3277
2750 3948 2751 2896
3300 3232 2583 3194
2749 3270 3506 2884
3108 3635 3028 2787
2981 3629 2592 2955
2894 3919 2800 2840
2926 2445 3309 3142
3214 3318 2361 3234
3122 3633 2927 2765
2791 2598 3378 3172
2522 2980 3199 3460
3283 3395 2526 3049
2844 3436 3041 3061
3151 3501 2693 2839
2328 3143 3289 3353
3550 3258 2730 2968
2654 3128 3175 3165
3108 3288 3163 2640
2738 3273 3551 2868
2776 3789 2846 2868
2982 3736 2950 2825
3573 3146 2759 3063
2886 3863 2864 2842
3146 3539 2612 3169
2776 3789 2846 2868
3327 3411 2473 3159
3150 3702 2954 2648
2916 2664 3331 3045
2573 3046 3440 3290
2703 3232 3515 2889
2499 2939 3261 3430
2750 3948 2751 2896
2522 2980 3199 3460
2573 3046 3440 3290
3108 3288 3163 2640
2750 3948 2751 2896
3386 3182 2766 3107
3535 3159 2908 3017
3054 3434 3143 2492
3207 3302 3038 2629
3386 3182 2766 3107
2718 2950 3057 3558
3178 3463 2458 3216
3150 3702 2954 2648
3270 3389 2522 3121
2733 3732 2760 2943
2987 3611 2534 2998
3319 3354 2612 3029
2573 3046 3440 3290
3327 3411 2473 3159
2668 3048 3123 3532
3178 3463 2458 3216
2920 3692 2982 2739
3477 3193 2778 3076
2750 3948 2751 2896
3207 3302 3038 2629
3135 2582 3101 3127
3550 3258 2730 2968
3483 3165 2858 3000
3194 3583 2989 2717
2920 3692 2982 2739
2988 3602 2526 2945
2844 3436 3041 3061
2903 2599 3361 3092
3535 3159 2908 3017
2875 2592 3339 3094
3054 3434 3143 2492
2838 2293 3307 3177
2926 2445 3309 3142
3237 3373 2538 3212
3194 3583 2989 2717
2793 2799 3240 3420
2933 2442 3348 2978
2668 3048 3123 3532
3270 3389 2522 3121
2933 2442 3348 2978
3122 3633 2927 2765
3108 3635 3028 2787
3237 3373 2538 3212
3483 3165 2858 3000
2507 2936 3474 3282
3054 3434 3143 2492
2933 2442 3348 2978
2672 3207 3505 2890
3319 3354 2612 3029
2672 3207 3505 2890
2678 2923 3071 3623
3270 3389 2522 3121
3122 3633 2927 2765
2844 3436 3041 3061
2908 2341 3273 3190
2940 3397 3174 2469
2844 3436 3041 3061
2903 2599 3361 3092
2920 3692 2982 2739
2940 3397 3174 2469
3483 3165 2858 3000
3386 3182 2766 3107
2982 3736 2950 2825
2668 3048 3123 3532
2672 3207 3505 2890
2678 2923 3071 3623
3483 3165 2858 3000
2378 3204 3397 3277
2507 2936 3474 3282
2738 3273 3551 2868
2908 2341 3273 3190
3237 3373 2538 3212
2908 2341 3273 3190
2982 3736 2950 2825
3146 3539 2612 3169
2738 3273 3551 2868
2982 3736 2950 2825
3146 3539 2612 3169
2672 3207 3505 2890
3483 3165 2858 3000
3054 3434 3143 2492
3108 3635 3028 2787
2522 2980 3199 3460
3319 3354 2612 3029
3319 3354 2612 3029
2903 2599 3361 3092
2982 3736 2950 2825
2920 3692 2982 2739
2903 2599 3361 3092
3178 3463 2458 3216
3237 3373 2538 3212
2339 3052 3300 3332
2339 3052 3300 3332
2339 3052 3300 3332
2378 3204 3397 3277
2507 2936 3474 3282
2507 2936 3474 3282
2573 3046 3440 3290
2668 3048 3123 3532
2668 3048 3123 3532
2668 3048 3123 3532
2668 3048 3123 3532
2672 3207 3505 2890
2678 2923 3071 3623
2738 3273 3551 2868
2738 3273 3551 2868
2750 3948 2751 2896
2776 3789 2846 2868
2838 2293 3307 3177
2894 3919 2800 2840
2903 2599 3361 3092
2903 2599 3361 3092
2916 2664 3331 3045
2920 3692 2982 2739
2926 2445 3309 3142
2940 3397 3174 2469
2981 3629 2592 2955
3010 3812 2935 2797
3010 3812 2935 2797
3146 3539 2612 3169
3237 3373 2538 3212
3270 3389 2522 3121
3319 3354 2612 3029
3386 3182 2766 3107
3483 3165 2858 3000
3483 3165 2858 3000
3483 3165 2858 3000
3483 3165 2858 3000
3483 3165 2858 3000
3483 3165 2858 3000
3483 3165 2858 3000
3535 3159 2908 3017
3550 3258 2730 2968
3550 3258 2730 2968
3573 3146 2759 3063
2271 3098 3325 3354
2608 2954 3057 3567
2699 3204 3443 2869
2830 2326 3309 3086
2862 3918 2795 2838
3041 3390 3106 2395
3256 3289 2388 3061
3524 3149 2752 2980
3091 3512 2547 3147
3158 3398 2976 2547
2611 2881 3111 3525
3119 3669 2933 2635
3028 3535 2888 2696
3465 3156 2887 2980
2941 3381 3100 2399
3093 2377 3053 3037
3034 3620 2959 2521
2476 2968 3192 3400
3253 3252 2462 3143
2785 2765 2880 3390
3013 3619 2442 2905
2475 2987 3393 3186
2433 2707 3230 3313
2964 3702 2949 2800
2860 2534 3264 3073
3467 3200 2645 2948
2687 3012 3083 3546
3513 3252 2704 2947
2437 2953 3378 3278
2844 3843 2804 2784
2907 2422 3256 3112
2527 2993 3312 3162
3202 3398 2393 3148
2394 2885 3216 3342
2581 2799 3084 3536
2347 3076 3346 3297
2805 3778 2808 2856
2815 2483 3286 3053
2365 3099 3359 3295
2443 2919 3209 3375
2797 3837 2828 2842
2921 2421 3201 3118
3175 3288 2448 3171
2688 3752 2821 2885
3487 3190 2760 2953
2857 3890 2771 2845
3483 3086 2785 2980
2824 3873 2803 2925
2454 2716 3286 3309
2476 2968 3192 3400
2608 2954 3057 3567
2347 3076 3346 3297
2454 2716 3286 3309
2826 3872 2734 2881
2876 3873 2764 2844
2377 2822 3269 3388
3473 3193 2764 3041
2826 3872 2734 2881
2377 2822 3269 3388
2430 2793 3272 3398
2862 3918 2795 2838
2377 2822 3269 3388
2430 2793 3272 3398
2430 2793 3272 3398
2797 3837 2828 2842
2797 3837 2828 2842
2826 3872 2734 2881
2430 2793 3272 3398
2862 3918 2795 2838
2430 2793 3272 3398
2862 3918 2795 2838
2430 2793 3272 3398
2797 3837 2828 2842
2797 3837 2828 2842
2797 3837 2828 2842
2862 3918 2795 2838
2862 3918 2795 2838
2862 3918 2795 2838
2862 3918 2795 2838
2862 3918 2795 2838
2862 3918 2795 2838
2862 3918 2795 2838
2862 3918 2795 2838
2862 3918 2795 2838
2251 3011 3297 3279
2337 3001 3356 3253
2606 2879 3040 3559
2809 3860 2800 2894
2817 2273 3179 3079
3069 3665 2921 2609
3131 3302 2362 3076
3491 3161 2641 2896
3471 3146 2666 3030
2409 2708 3211 3262
2821 3642 2770 2715
3157 3223 2461 3088
2760 3774 2825 2808
3010 3478 2530 3060
2619 2909 3077 3497
3079 3496 2505 3097
2364 2774 3184 3340
2624 2821 3012 3534
2817 3830 2718 2840
2558 2797 3073 3526
3084 3445 2526 3091
2391 2779 3179 3314
2569 2758 3047 3509
2624 2821 3012 3534
2391 2779 3179 3314
2298 2977 3280 3228
2604 2856 3060 3479
2797 3834 2760 2850
2947 3531 2907 2495
3436 3123 2632 2922
3000 3606 2836 2571
2765 3760 2749 2892
2700 3678 2780 2861
2757 3799 2774 2832
2714 3786 2776 2835
2575 2745 3037 3444
2725 3733 2738 2792
2781 3686 2697 2826
2752 3729 2759 2830
2752 3729 2759 2830
