1462 108.13
32521 35143 34708 33207
33191 33269 33057 35010
33191 33269 33057 35010
33355 34609 35006 33690
33892 35415 34418 33213
34281 34543 34349 32740
34582 34331 33791 33874
32760 34983 34880 33074
32521 35143 34708 33207
34582 34331 33791 33874
33056 33414 34901 33955
33218 33478 33660 34909
33020 33501 33198 34912
34083 34191 33068 34296
34438 34258 33931 33422
34416 34034 33196 34058
33517 34023 33249 34797
33048 34990 34659 32852
34153 33991 33353 34281
33532 33611 33516 34754
34342 34338 33289 33898
33883 33659 34462 34592
33428 33735 33811 34830
34111 34938 34085 33077
33048 34990 34659 32852
33745 34151 33465 34602
34281 34543 34349 32740
34412 33970 33250 33933
33747 34419 34730 32960
33652 33790 33819 34549
33757 33947 33687 34637
33307 34059 34534 34524
33532 33611 33516 34754
32955 33569 34776 34223
32969 35326 33825 33466
33189 35198 34072 33783
33563 34123 34036 34715
34060 34308 33385 34519
34360 33511 33327 34263
33609 34293 34045 34574
33929 35013 34210 33166
33234 33743 34855 34082
33892 35415 34418 33213
34267 34254 33322 34258
33056 33414 34901 33955
34085 33890 33067 34660
34271 34584 33439 33691
34080 33878 33765 34335
34211 34436 34223 33613
34177 34418 34032 33870
32890 35067 34604 33189
33995 34383 34492 33904
34042 33548 34065 34657
33860 34512 34548 33192
34216 34615 33900 33837
33753 34020 33584 34735
33660 33824 33721 34621
33865 33919 34104 34288
34233 34821 34126 33217
34284 34166 34364 33845
32867 34729 34149 34460
32815 35031 34243 33772
33822 34680 34585 33271
34037 33722 34029 34456
33473 34269 34340 34539
33985 34028 33669 34368
34049 33851 33719 34407
33362 34146 34843 34168
33588 35302 34355 33490
33649 35256 33978 33855
33872 34200 33589 34439
34385 34157 33814 33931
33846 34113 34151 34417
33456 34919 34482 33292
32800 35164 33746 33992
33355 34979 34773 33377
33464 34447 34950 33919
33276 34899 33879 34345
33737 33572 34658 34019
34015 34462 34006 34078
33390 35306 33409 33425
33569 34909 34562 33304
33181 34494 33697 34655
33894 33811 34154 34327
33809 34009 33759 34426
33408 34398 33632 34516
33390 35306 33409 33425
34326 34219 34073 34258
33012 33723 34707 34479
33498 34354 34809 33706
33254 35248 34421 33349
34087 33886 33624 34480
33153 34906 34391 33914
33631 33999 34967 33847
33303 34834 34402 33771
33941 34922 34237 33406
33621 35168 34038 33455
32775 35098 34613 32982
33867 34853 34425 33231
33909 35075 34075 33776
33717 34524 34690 34484
33880 34624 34572 33013
34075 34609 34449 33336
33441 34953 34835 33467
33396 34779 34697 33549
33508 34590 34747 33658
33344 34400 34251 34882
34438 34258 33931 33422
33518 34426 34805 33058
33524 34219 34912 33649
33626 33807 33740 34530
33962 34268 34058 34388
33735 34325 34010 34493
33200 33856 34701 34210
33105 34723 34212 34174
33570 33914 34734 34090
33355 34695 34878 33565
33355 34609 35006 33690
33924 34713 34179 33761
33143 34347 34728 34254
33119 34401 34757 34188
33329 35113 33957 34139
34100 33972 33986 34304
33134 34848 34613 33587
33205 34215 34769 34043
33975 34866 34201 33182
33647 35177 34225 33346
33435 33976 34009 34723
34007 34725 34247 33635
34128 34828 33693 33639
33258 34737 34523 33894
33482 34789 34679 33226
33734 33702 34348 34330
33429 35030 34293 33524
32775 35098 34613 32982
33341 34784 33920 34202
33395 34657 34650 34152
33149 34953 34415 33817
33556 34622 34110 34429
33785 34235 34710 33671
34103 34232 33965 34199
33528 34428 34794 33724
33914 34589 33924 34229
33677 34619 34711 33998
33848 34883 34584 33457
33861 34872 33876 33793
33645 34539 33895 34473
33695 34632 34210 34124
33842 34782 33549 34261
33653 34395 34815 33501
32969 35326 33825 33466
33785 34706 33998 34054
33648 35130 34271 33683
33281 34583 34455 34403
33679 34497 34710 33902
33842 34782 33549 34261
33993 33904 34182 33955
33082 34971 34300 33910
33333 34045 34810 34208
33526 34019 34409 34652
33121 35002 34058 33923
34369 34172 33837 33730
33344 34400 34251 34882
32890 35067 34604 33189
32877 34551 34775 34164
33983 34261 34280 34244
33456 34692 34324 34114
33752 34667 34126 34063
33758 34953 34280 33400
33090 34602 34359 34346
33399 34186 34434 34527
33868 34679 34507 33723
33254 35248 34421 33349
33026 35118 33663 33881
32955 33569 34776 34223
33383 34961 34370 33987
33387 34739 34081 34210
33558 34998 34258 33711
33643 34184 34722 33645
33592 34674 34372 33790
33734 33702 34348 34330
33110 34853 34765 34149
32976 34874 34455 34057
33596 34845 34507 33491
33988 34956 33795 33910
33583 34849 33751 34261
32760 34983 34880 33074
33420 34263 34771 33979
33278 34032 34854 34036
33474 35107 33971 34023
33793 34931 34021 33858
33837 34645 33854 34073
34070 34485 34594 33638
33543 34857 34146 33877
33748 34202 34641 33968
33704 35045 34207 33557
33981 34305 34288 33924
33524 34750 34187 33872
33929 35013 34210 33166
33228 34766 34587 34068
33978 34859 34183 33530
33564 34760 34472 33756
33650 34988 34442 33485
33769 34327 34131 34137
33626 34582 33830 34384
33379 34395 34035 34610
33464 34447 34950 33919
33748 34202 34641 33968
33020 33501 33198 34912
33811 34478 34597 33518
34123 34829 33944 33641
33774 35041 33730 33887
34154 34712 34308 33772
33842 34878 33848 34014
33764 34527 34580 33598
33135 34483 34741 33931
33664 34577 34225 34027
33374 34561 34721 34029
33448 34880 34326 33887
33064 34588 34452 34346
33830 34190 34609 33348
33036 34958 34425 34306
33537 34976 34049 34084
33722 34664 34169 34053
33628 34784 34054 34161
33465 34708 34186 33947
32805 34983 33979 34256
33500 34730 34015 34470
33553 34633 34682 33342
34010 34826 34277 33463
33933 34570 34309 33851
33624 34960 34566 33003
33242 34811 34445 33741
33932 34554 34539 33680
33096 35155 34171 33575
33820 34874 34239 33514
33631 33999 34967 33847
33821 34560 33604 34394
33467 34585 34762 33748
33444 34712 34315 34297
33729 34975 34357 33867
33408 34923 34204 34179
33718 35044 34201 33227
33821 34560 33604 34394
33520 35090 34161 33862
34021 34388 34467 33861
33247 34862 34440 33635
33798 34684 34581 33502
34061 35035 34149 33518
33768 33725 34351 34299
33747 34419 34730 32960
33251 34638 34445 34196
34214 34627 33699 33880
33485 34813 34304 33877
33079 34728 34150 34387
33322 34727 34708 33644
33752 34995 33840 33806
34010 34608 33725 34048
33059 34870 34705 33777
33439 34805 34604 33581
33494 34597 34381 34135
33096 35155 34171 33575
33354 34201 34775 34094
34419 34801 34325 33588
34360 33511 33327 34263
33533 34791 34065 34133
33226 34648 34798 33750
33767 34156 34420 33963
34276 34036 34244 33849
33880 34624 34572 33013
34369 34172 33837 33730
33937 34927 34389 33074
33515 34602 34719 33528
33502 34642 34469 33894
33885 34871 34255 33567
33811 34563 34384 33847
33846 34113 34151 34417
33777 34354 34810 33598
33518 34426 34805 33058
34111 34938 34085 33077
33655 34854 34394 33583
33553 34327 34806 33673
33460 34765 34151 34184
33457 34575 34801 33791
33361 34808 34534 33753
33416 34624 33664 34508
33704 35045 34207 33557
33790 34478 34659 33890
33777 34264 34251 34131
34215 34531 33947 34262
33599 34555 34413 34115
33546 34736 34694 33805
33524 34219 34912 33649
33611 34816 34396 33656
34115 34435 34256 33801
33268 34833 34017 34209
33437 34808 34425 33572
33449 34832 34371 33608
33843 34753 33708 34226
34326 34219 34073 34258
33393 35125 34564 33600
33612 34554 33970 34227
33927 34557 34400 34102
33633 34625 34415 33870
33814 34398 34234 34120
33520 35090 34161 33862
33569 34909 34562 33304
33435 34995 34590 33612
33798 34684 34581 33502
33739 34798 34154 34044
33621 34988 33833 34197
33479 34528 34209 34257
33036 34958 34425 34306
33494 34597 34381 34135
33740 34729 34208 33925
33927 34557 34400 34102
33624 34960 34566 33003
34276 34391 34412 33814
33882 34650 34362 33740
33233 34842 34415 33756
33837 34645 33854 34073
33267 34983 34156 33967
33416 34624 33664 34508
33986 34540 33713 34189
33817 34878 34079 33557
32976 34874 34455 34057
33324 34783 34397 34006
34112 34648 34264 33897
33734 34709 34157 34115
33324 34783 34397 34006
34267 34254 33322 34258
34419 34801 34325 33588
33836 34737 34167 33801
33515 34602 34719 33528
33774 34845 34264 33501
34021 34388 34467 33861
33393 35125 34564 33600
33814 34398 34234 34120
33986 34540 33713 34189
34121 34848 34153 34046
33810 34552 34417 33860
33233 34842 34415 33756
33756 34847 33627 34138
33546 34736 34694 33805
33882 34816 34306 33740
33836 34737 34167 33801
33756 34847 33627 34138
34115 34435 34256 33801
34215 34531 33947 34262
33843 34753 33708 34226
34276 34391 34412 33814
33817 34878 34079 33557
33882 34816 34306 33740
33449 34832 34371 33608
33416 34624 33664 34508
34121 34848 34153 34046
33843 34753 33708 34226
34281 34543 34349 32740
32976 34874 34455 34057
33621 34988 33833 34197
34112 34648 34264 33897
34276 34391 34412 33814
33882 34816 34306 33740
34419 34801 34325 33588
33267 34983 34156 33967
33612 34554 33970 34227
33621 34988 33833 34197
33843 34753 33708 34226
33036 34958 34425 34306
33416 34624 33664 34508
33416 34624 33664 34508
33494 34597 34381 34135
33882 34816 34306 33740
32687 34555 34016 34041
32714 34788 34263 32871
33110 34939 33273 33550
33123 33837 34213 33956
33188 34400 33669 34056
33553 34997 33961 33036
33703 34552 34408 33724
34067 34573 33514 33526
32966 34014 33717 33913
33479 34106 33440 34024
33976 34188 33828 32959
33912 34387 34022 33070
33540 34614 34025 33247
33450 34699 34100 33398
32984 34405 33570 33950
32806 34832 34028 33902
33289 34200 34263 33812
33770 34488 34402 33742
33804 34548 34059 33434
33446 34611 33921 33498
33231 34637 34329 33760
33664 34292 33534 33918
33385 34712 34088 33864
33605 34858 33860 33847
33618 34594 34371 33790
33922 34164 34055 33895
33242 34743 33990 33422
33794 34861 33539 33874
33259 34275 34405 33761
32653 33998 34310 33051
32950 33825 34172 33954
33294 34888 33936 32972
33534 34592 34016 32930
33755 34441 33413 33763
33224 34595 33715 33321
33656 34289 33542 33539
33443 34716 33566 33295
33377 34325 34190 33289
33031 34598 33543 33470
33101 34095 34235 32981
33555 34109 33942 33825
32712 34480 34062 33629
33228 34568 33607 33681
33559 34516 34061 33768
33352 34434 34129 33684
33281 34460 34127 33725
33520 34307 34178 33610
32666 34247 34070 33034
32948 34240 33396 33760
33039 34404 33966 32898
33125 34588 33747 32969
33225 33927 34018 33292
33303 34069 33824 33824
33543 34276 33605 33395
33067 34563 33540 33199
32881 34374 33967 33036
33396 34358 33901 33658
33274 33980 33924 33368
33342 34491 33705 33731
33248 34277 33976 33507
32983 34454 33777 33634
33210 34474 33795 33562
33366 34475 33690 33533
32979 34361 34021 33467
32934 34480 33934 32973
33279 34391 33860 33637
32797 34320 33724 33386
32816 34506 33380 33129
33061 34069 33952 33494
33193 33839 33532 33730
33354 33981 33709 33055
33367 33724 33527 33340
33425 34048 33475 33189
33348 34136 33679 33591
33221 34418 33667 33725
33182 34128 33899 33341
33402 33972 33566 33139
33366 34459 33676 33462
32464 33995 33773 32959
32704 34399 33465 33431
32978 33763 33689 33436
33127 34282 33248 33285
33289 34037 33402 33577
33345 33841 33482 33066
32956 34352 33574 33566
33151 34207 33280 33315
33049 34128 33703 33139
33089 34316 33633 33226
32977 34112 33721 33248
32431 33606 33543 33287
32672 34346 33402 33383
32913 33926 33162 32934
33201 33843 33394 33469
32857 34155 33282 33434
32764 34172 33529 33168
32713 33893 33492 33304
32679 34129 33163 33166
32691 33793 32909 33311
32755 33786 33336 33170
