664 0.656686
15202 16043 15474 15427
15388 15643 15427 15335
15576 15877 16034 15207
15308 15709 15636 15642
15576 15877 16034 15207
15416 15318 15432 15255
15576 15877 16034 15207
14946 15985 15523 15474
15416 15318 15432 15255
15065 15810 15673 15335
15119 15575 15873 15328
15298 15800 15841 15418
14946 15985 15523 15474
15331 15506 15576 15633
15065 15810 15673 15335
15279 15940 15543 15555
15279 15940 15543 15555
15576 15877 16034 15207
15202 16043 15474 15427
15308 15709 15636 15642
14946 15985 15523 15474
15284 15743 15471 15523
15388 15643 15427 15335
15308 15709 15636 15642
15324 15541 15782 15246
15279 15940 15543 15555
15319 15557 15436 15423
15331 15506 15576 15633
15319 15557 15436 15423
14946 15985 15523 15474
15284 15743 15471 15523
15388 15643 15427 15335
15331 15506 15576 15633
15576 15877 16034 15207
15576 15877 16034 15207
15331 15506 15576 15633
15324 15541 15782 15246
14946 15985 15523 15474
15065 15810 15673 15335
15284 15743 15471 15523
15065 15810 15673 15335
15397 15555 15645 15276
15416 15318 15432 15255
15397 15555 15645 15276
15308 15709 15636 15642
15397 15555 15645 15276
15388 15643 15427 15335
15298 15800 15841 15418
15284 15743 15471 15523
15397 15555 15645 15276
15308 15709 15636 15642
14946 15985 15523 15474
15308 15709 15636 15642
15298 15800 15841 15418
15298 15800 15841 15418
15397 15555 15645 15276
15298 15800 15841 15418
15119 15575 15873 15328
15416 15318 15432 15255
15284 15743 15471 15523
15284 15743 15471 15523
15416 15318 15432 15255
15298 15800 15841 15418
15576 15877 16034 15207
15065 15810 15673 15335
15416 15318 15432 15255
15576 15877 16034 15207
15416 15318 15432 15255
14946 15985 15523 15474
15416 15318 15432 15255
15331 15506 15576 15633
14946 15985 15523 15474
15308 15709 15636 15642
15416 15318 15432 15255
15284 15743 15471 15523
15308 15709 15636 15642
14946 15985 15523 15474
15576 15877 16034 15207
15576 15877 16034 15207
15324 15541 15782 15246
15397 15555 15645 15276
15388 15643 15427 15335
15331 15506 15576 15633
15576 15877 16034 15207
15308 15709 15636 15642
15576 15877 16034 15207
15416 15318 15432 15255
15576 15877 16034 15207
15397 15555 15645 15276
15416 15318 15432 15255
15319 15557 15436 15423
15397 15555 15645 15276
15284 15743 15471 15523
15388 15643 15427 15335
15397 15555 15645 15276
15416 15318 15432 15255
15065 15810 15673 15335
15324 15541 15782 15246
15331 15506 15576 15633
15576 15877 16034 15207
15388 15643 15427 15335
15284 15743 15471 15523
14946 15985 15523 15474
15279 15940 15543 15555
15324 15541 15782 15246
15284 15743 15471 15523
14946 15985 15523 15474
15576 15877 16034 15207
15279 15940 15543 15555
15416 15318 15432 15255
15576 15877 16034 15207
15416 15318 15432 15255
15576 15877 16034 15207
15388 15643 15427 15335
15202 16043 15474 15427
15397 15555 15645 15276
15576 15877 16034 15207
15576 15877 16034 15207
15308 15709 15636 15642
15331 15506 15576 15633
15388 15643 15427 15335
15397 15555 15645 15276
15324 15541 15782 15246
15576 15877 16034 15207
15308 15709 15636 15642
15308 15709 15636 15642
15416 15318 15432 15255
15416 15318 15432 15255
15416 15318 15432 15255
15298 15800 15841 15418
15284 15743 15471 15523
15284 15743 15471 15523
15416 15318 15432 15255
15119 15575 15873 15328
15298 15800 15841 15418
15397 15555 15645 15276
