341 19.9631
9206 7257 6097
7107 9272 6878
6278 6932 9104
7009 9140 7289
7636 8176 8646
8995 7853 6899
7320 7969 8870
8994 7790 7003
7105 9265 7059
6485 8648 8158
8016 7575 8482
9088 7556 6817
6483 7079 9118
8794 7831 7290
8570 8162 7510
7530 9066 7004
6340 8579 8342
8726 8357 7171
6768 7549 8960
8538 8199 7493
7317 8988 7506
7417 8333 8599
8116 7807 8249
9317 7190 6626
6755 7568 9036
8833 7287 7436
7326 9314 7000
7257 9224 7251
7053 7263 8982
9223 7539 6696
7359 7864 8764
8568 8353 6733
6783 9183 7306
7570 8194 8428
7734 8183 8391
9136 7495 6820
6650 7319 9071
8169 8136 8198
8434 7688 8212
7019 9371 7016
7781 8410 8336
8821 8068 7074
7517 6992 8921
9206 7409 6583
7711 9152 6841
6743 9061 7531
7851 6780 8575
9298 7108 6701
6431 7156 9065
8332 7391 8143
8079 8748 7170
8274 8601 7428
7485 8369 8513
9147 7806 6511
6817 8001 8714
7557 9285 6935
6821 8975 7712
7576 8667 8234
7449 8042 8720
9294 7186 6510
7160 7401 8924
9253 7533 6699
8790 8396 7200
7214 9274 7061
6541 7641 8946
8948 7691 7260
6866 7740 8994
8481 8188 7513
7373 9243 7105
7596 8427 8454
8165 8187 8018
9177 7477 6449
6616 7345 9083
7761 7699 8615
8142 8632 7505
7321 9134 7118
7380 8308 8518
9303 6974 6532
7603 7770 8767
9190 7537 6435
7175 9346 7080
6883 8515 8506
7083 7531 8977
9162 7025 6743
6805 7510 9116
8510 8106 7608
8604 8174 7467
7019 9371 7016
7067 8424 8316
8998 7976 6980
6776 7577 9056
8141 8562 7612
7730 8721 7795
7507 8786 7812
8150 7214 8325
9267 7116 6628
6644 7517 9020
8773 7387 7758
7258 9195 7079
7108 9224 7288
7040 8038 8895
9340 7050 6435
7070 7784 8849
8663 8239 7189
7231 9251 7114
8235 7961 8284
8173 8223 8152
9186 7424 6757
6396 7716 8990
8019 8320 8009
8514 7608 8001
7081 9315 7286
6886 8035 8848
8692 7947 7504
6784 7535 9061
8977 8009 6914
7692 9128 7145
7025 9173 7281
7906 6995 8689
9247 7182 6424
6331 7099 9110
8403 7448 8195
8006 8717 7450
7596 9046 7268
7642 8315 8579
9170 7473 6397
7294 8261 8477
8185 8689 6824
6842 9233 7289
7875 7764 8667
8016 7681 8503
9249 7351 6854
6955 7681 8907
8870 6941 7332
7996 8831 6670
7081 9315 7286
6459 7744 8900
8773 7387 7758
6759 7450 9024
8726 8123 7158
7088 9240 7214
7763 8652 7803
7885 7831 8489
9263 7011 6575
6622 6979 9158
8253 7606 8227
7682 9231 7191
7530 9010 7383
7059 8022 8744
9115 7695 6666
7573 7682 8699
9060 7620 6867
7222 9307 7139
7010 8777 8015
7377 7817 8786
9329 7306 6831
6941 7362 9054
8960 7968 6858
8889 8222 6867
7223 9330 7025
6883 9152 7421
8835 8185 6649
6649 7357 9093
8068 8539 7626
7237 9014 7582
7400 8673 8052
8152 7629 8447
9160 7466 6539
6390 7353 9095
8489 7291 7928
7910 9010 6874
6996 9255 7184
7131 7948 8801
9093 6943 6815
7502 7857 8665
8571 8484 6768
7082 9339 6997
7596 8427 8454
7455 8470 8524
9226 7269 6461
6941 7362 9054
8025 8130 8162
8311 8233 7762
7450 9210 6939
7365 8230 8523
8971 7957 6635
7583 7046 8781
9256 7370 6682
7456 9276 7337
7182 9129 7339
7718 7592 8661
9159 7474 6495
6840 7512 9123
8340 7492 8085
7391 9088 7145
7621 8725 8056
7617 8275 8373
8881 7935 7274
6913 7937 8753
8443 8490 6992
6862 9236 7296
7634 8271 8505
7907 7685 8518
9217 7274 6550
6874 7543 9051
9016 7189 7024
8666 8224 7572
7157 9260 6923
7011 8037 8723
8785 7925 7517
7011 7529 8934
8806 8089 6929
7120 9274 7098
7854 8269 8246
8287 7994 7879
9246 7187 6626
6649 7357 9093
8083 8316 8009
8477 8282 7639
7547 9145 7099
7312 8229 8612
9329 7306 6831
7531 7914 8636
9147 7806 6511
6469 9276 7231
6800 8255 8619
7366 7938 8779
9139 7197 6686
6674 7201 9178
8832 8020 7309
8357 8466 7279
7624 9074 6890
7196 8442 8356
9065 8171 6688
7478 7828 8858
8780 8289 7008
7359 9133 7297
7798 8538 8196
8063 7695 8335
9212 7227 6514
6712 7398 9022
8758 7378 7550
7559 9095 7320
7238 9390 7036
7154 7433 8930
9214 7278 6816
6731 7540 9042
8556 8317 7161
7238 9390 7036
7701 8265 8404
8169 8136 8198
9159 7135 6790
6319 7509 9034
8676 8279 7131
8668 8014 7442
7461 9237 7162
6718 8362 8386
8490 8576 7055
7213 7594 8945
8966 7325 7278
7054 9248 7279
6595 8810 7984
7233 7764 8989
9301 7348 6806
6386 7313 9133
8051 7402 8437
7712 9021 6946
7257 9224 7251
7798 8538 8196
9138 7654 6580
6525 8208 8523
7557 9285 6935
6596 9199 7315
7436 8213 8448
7382 7746 8786
9198 6866 6549
6941 7362 9054
8911 7192 7437
8187 8689 7013
6824 9324 6956
7109 7737 8964
9110 7582 6814
7516 7927 8845
8905 8127 6742
7296 9179 6988
8294 8569 7602
8590 7931 7662
9172 7279 6298
6540 7179 9060
8185 7470 8472
7928 8833 7232
7161 9289 6996
7115 8333 8428
9073 7849 6903
7304 7930 8806
9077 7828 6462
7238 9390 7036
6716 8986 7731
7158 6980 9036
9126 7222 6861
6909 7183 9061
8418 7643 8146
8543 8225 7668
7162 9262 7232
6883 8515 8506
8790 8396 7200
7022 7664 8929
8403 8494 7217
7477 9082 7323
7325 8732 7998
7798 7302 8668
9187 7329 6550
6840 7512 9123
8700 7396 7632
7449 9180 7123
6939 9333 7118
7516 7927 8845
8975 7209 7255
7642 8315 8579
8780 8289 7008
6883 9288 7030
8111 7706 8443
7880 8303 8123
9297 7500 6126
6741 7357 9100
8324 8250 7874
8759 8304 7190
7425 9313 7259
7537 8171 8517
9269 7402 6748
6861 7535 9060
8866 7910 7086
7415 9153 7059
7081 9060 7688
7949 7508 8441
9217 7532 6201
6355 7086 9132
8142 7240 8341
7820 8771 7548
7470 9006 7617
7552 8471 8170
9139 7723 6783
7298 7548 8994
8919 8137 6845
6988 9109 7449
7634 8271 8505
8183 7765 8372
9210 7023 6798
6674 7201 9178
8881 7780 7302
8822 8137 6679
7162 9342 7092
7068 8014 8747
8807 7948 7272
6568 6989 9210
8543 8225 7668
7196 9180 7185
7664 8493 8076
8132 7653 8252
9211 7207 6769
6644 7293 9093
8149 8138 8070
8604 8174 7467
7712 9090 7289
7302 8227 8629
9313 7094 6504
7379 7701 8847
8992 8079 6905
6919 9311 7300
7181 8492 8311
7233 7764 8989
9193 7236 6812
6960 7524 9062
8880 7657 7309
8444 8513 6891
7343 9277 7192
7018 8894 7750
9204 7555 6390
7055 7575 9065
7996 8733 7397
7621 8725 8056
7482 8869 7649
8290 7382 8384
9218 7331 6399
6876 7579 9008
8386 7591 8026
7626 9116 6874
7220 9190 7160
7264 7892 8683
9139 7245 6836
7180 7466 8904
8863 8260 6768
7231 9258 7154
7846 8485 8154
7700 8344 8361
9303 6974 6532
6741 7357 9100
8179 8400 7719
8399 8476 7390
7353 9397 7151
6951 8210 8671
8671 8215 7159
7424 6987 8824
9113 7502 6741
7233 9336 7094
6901 9083 7424
7620 7213 8758
9125 7873 6352
6468 7217 9107
8264 7726 8301
7986 8590 7846
7018 9273 7103
7455 8470 8524
9463 7486 6574
6836 8015 8862
7212 9339 7000
6852 9142 7862
7642 8315 8579
7379 7701 8847
9301 7348 6806
6854 7646 8996
8880 7657 7309
7842 8994 6914
7105 9259 7237
7185 7764 8767
8927 7785 7020
6799 7373 9114
8934 8139 7063
7712 9090 7289
8294 8569 7602
8236 8405 7834
9274 6790 6378
6998 7199 9064
8149 8138 8070
8042 8390 7923
7555 9163 7221
7537 7922 8594
9221 7392 6687
7651 7781 8598
9041 7788 6442
7353 9397 7151
6515 8815 7981
7808 7495 8588
9463 7486 6574
6800 7258 9048
8982 7914 6927
8704 8251 7185
7441 9257 7047
6866 8808 7950
8613 8304 6741
6836 7486 8989
8531 8349 7421
7267 9196 7128
7417 8333 8599
8067 7534 8357
9296 7050 6475
