133 42.8198
22871 23509 24343 24742
23323 24647 23594 22515
23357 24607 23541 22393
23409 22805 23539 25333
23485 23147 23134 25158
23986 22594 24222 24774
24178 23887 25419 22850
25433 23470 24326 23697
23381 22740 23560 25299
23282 24536 23946 22679
23209 22848 23262 25296
23252 24638 23670 22465
23637 24082 25293 22895
23113 24512 23843 23243
23059 23349 23909 24968
23287 24623 23725 22541
24021 22625 23791 25063
24491 24152 24800 23734
24956 23387 24631 23924
23583 24574 23860 22601
23438 22821 23360 25329
24586 24143 24984 23602
23662 23640 24401 24662
23751 23654 24481 24604
23538 22906 23629 25181
23793 22840 24072 25209
24303 23833 24023 24317
23861 22937 23935 25147
23568 23814 24765 24375
23430 24517 23981 22937
23159 24619 23871 22401
24661 23040 24611 24259
23825 23989 24017 24425
24669 23010 24640 24420
25357 23353 24177 23699
23486 22879 23641 25234
24450 24316 24860 23413
24676 24040 24760 23181
24817 23845 24701 23351
24305 23679 23743 24515
24099 24007 25371 22813
24075 23944 24342 24542
24557 23768 25152 23126
25133 23083 24445 23669
23990 23823 24154 24641
23344 24612 23602 22440
24273 22920 23478 24979
25283 23238 24217 23854
25179 23738 24264 23784
24843 23315 25003 23191
23184 23323 23801 24942
24290 23796 24129 24494
24694 23184 24721 24114
23421 23395 24568 24585
24421 24401 24413 23571
25245 23355 24186 23713
24721 23514 24720 23649
25433 23470 24326 23697
25069 23322 24463 24049
23518 23339 24469 24883
23355 24582 23921 22623
25240 23574 24366 23022
24208 23980 25332 22836
24511 24216 24778 23834
24089 23879 25324 22951
23354 23067 23569 24986
24490 24278 25083 23396
25211 23256 24289 23849
25194 23411 24517 22875
23762 22837 23885 25240
23585 23515 23324 24865
24035 23565 25359 23089
25314 23409 24089 23710
24256 23717 25388 22650
24021 22625 23791 25063
24314 23810 25255 22748
24616 24301 25043 23497
22971 23351 23863 24950
24705 23295 24942 23747
23967 23604 24483 24232
24402 24322 25107 23523
23945 23456 25300 23145
23328 22954 23516 25215
24652 23960 24786 23484
23369 23097 23699 24936
23883 23843 24677 24109
23375 23705 23317 24807
25296 23532 24496 22898
23989 23146 23295 25105
24190 23382 25081 24230
24118 23198 23443 24967
24145 23096 23407 25117
25000 23351 24415 24069
23909 23221 23297 25041
24798 23059 24525 24295
23103 23448 24475 24688
24712 23120 24965 23549
23193 23959 24446 24453
24771 23581 24459 24072
25222 23124 24350 23721
24298 24453 25121 23577
22909 23468 24219 24906
24076 23264 23534 25027
24175 24266 24670 23711
24390 23915 24356 23957
24034 23406 25414 23004
23600 23635 24588 24530
23988 23504 24481 24278
24325 23727 24006 24260
24478 23448 23741 24473
24877 23466 24750 23983
23925 22828 24076 25185
23757 23936 25298 22983
24336 24362 25192 23600
24270 24475 25016 23597
24673 23420 24589 24015
25286 23566 24655 22749
22971 23351 23863 24950
23424 22780 23413 25288
25018 23320 24482 23835
24226 23434 25183 23746
24251 24329 25067 23619
24133 24438 25177 23665
24533 23880 25202 23232
24256 22972 24221 25062
23967 23661 24285 24673
24605 23978 24924 23794
24031 23113 23433 25052
24365 24233 25119 23779
24238 23230 24724 24304
24340 24316 25244 23487
24779 23275 24890 23281
24626 23869 24646 23622
24024 22797 25366 23072
24109 23206 23522 25051
24428 24344 24902 23324
23920 23720 24210 24702
24289 23287 24844 24217
24151 24030 24404 24027
24039 24476 24868 23851
24548 23262 24735 24088
24533 23880 25202 23232
23977 23635 25366 23058
23589 23218 24264 24680
25108 23747 24483 23771
24438 24008 24826 23707
23371 22951 23694 25149
24846 23567 24502 24040
24465 24030 24768 23928
24377 23699 25096 23928
23943 23775 24642 24219
23429 22847 23566 25251
24462 24221 24912 23580
24511 24216 24778 23834
24940 23754 24671 23852
24904 23817 24536 23973
24432 24219 24950 23669
24162 24431 25290 23771
24882 23429 24556 24100
24779 23715 24399 24464
24040 23121 23390 25074
24367 23846 24997 23663
23424 22780 23413 25288
25122 23282 24498 24192
24579 24382 24584 23532
24338 23660 24108 24847
22871 23509 24343 24742
24259 23927 24636 24073
24298 23740 24174 24800
24282 23690 25025 24144
24287 23801 24388 24113
23209 22848 23262 25296
24370 24344 24921 23399
23957 23736 24208 24728
24366 23904 24363 24039
24282 23690 25025 24144
24245 23866 25276 23097
24579 24382 24584 23532
23395 22883 23372 25213
24389 23271 24703 24177
24779 23275 24890 23281
25101 23419 24736 22843
24245 23866 25276 23097
24324 23532 25160 23967
23347 22962 23461 25083
24798 23342 24905 23243
24178 23887 25419 22850
24099 23755 24677 24201
24904 23817 24536 23973
22909 23468 24219 24906
24285 23115 23376 24898
23347 22962 23461 25083
24605 23978 24924 23794
24872 23640 24322 24067
25296 23532 24496 22898
24338 23655 25050 24063
25011 23241 24656 23138
24338 23660 24108 24847
24151 23772 24150 24786
24300 24297 25058 23665
24652 23960 24786 23484
24872 23640 24322 24067
23957 23736 24208 24728
24438 24008 24826 23707
24633 23751 23384 24198
24428 24344 24902 23324
24365 24233 25119 23779
25011 23241 24656 23138
24882 23429 24556 24100
24389 23271 24703 24177
23600 23635 24588 24530
24340 24316 25244 23487
24162 24431 25290 23771
24314 23810 25255 22748
23395 22883 23372 25213
24151 23772 24150 24786
25101 23419 24736 22843
24771 23581 24459 24072
24633 23751 23384 24198
24300 24297 25058 23665
24040 23121 23390 25074
24039 24476 24868 23851
23209 22848 23262 25296
22798 23102 23754 24844
23108 22671 23242 25201
23489 22594 23481 25017
23489 23601 23149 24697
24060 23752 25306 22601
24070 24310 24880 23736
25334 23325 24186 23686
23952 23997 25187 22668
23515 22871 23753 24906
24256 24083 25130 23324
23554 23288 25141 22892
24105 23044 23632 24820
24012 22695 24174 24657
24910 23387 24607 23118
23317 22922 23382 25156
24110 23918 25267 22749
24278 23524 25110 22834
23799 23176 23383 24987
24860 23337 24680 23099
23421 22603 23588 25199
24704 23406 24707 23907
24427 23879 24718 23649
24300 23923 24387 23837
24613 23687 24525 23762
24218 24236 25031 23660
24219 23247 23929 24276
23021 23428 24059 24584
24730 23447 24522 23489
23594 23727 24302 24434
24532 23506 24198 23969
25058 23338 24033 23781
23386 22878 23444 25090
25165 23332 24564 22624
24343 23651 23972 23806
23406 22887 23671 24894
25173 23401 24095 23717
23624 23365 24364 24648
23002 23612 23846 24576
23231 22875 23398 25103
22834 23156 23787 24792
23270 22647 23465 25170
24355 24132 24941 23477
24220 23799 24112 24069
24556 24192 24906 23476
23935 23447 24573 24219
23175 23476 24292 24503
23313 23344 24431 24285
24128 24258 24827 23587
24998 23208 24447 24147
22912 23395 24070 24765
24997 23490 24625 22732
23978 23646 24078 24396
23864 23554 24187 24540
24307 22908 23765 24749
24463 24259 24867 23457
23174 22911 23536 25008
23253 23484 23290 24806
24789 23293 24468 23779
24376 23445 23420 24468
23478 22663 23310 25172
24421 23660 23867 24095
23942 23620 24652 24186
25002 23254 24243 24088
23847 23288 23670 24680
23330 23662 23324 24689
24776 23375 24162 23875
24148 23787 24994 23765
25099 23396 24175 23727
24087 23849 24354 24020
23723 23395 24353 24557
24864 23581 24152 23747
24259 23267 23777 24646
24188 23709 24987 23711
24097 23457 23526 24332
23327 22888 23311 25037
24518 24093 24839 23600
24236 23594 24291 24017
24596 24205 24961 23387
24085 23131 23518 25007
24462 22888 24328 24453
24961 23166 24466 24107
24263 24279 24909 23363
24557 23313 23834 24043
24577 23531 23797 24027
23262 23573 23338 24761
24529 24246 24738 23369
24884 23445 24399 23675
24572 23646 23618 24147
24561 23564 23484 24197
24843 23403 24184 23786
22887 23335 24291 24659
24045 23279 24370 24368
24499 23500 24272 24251
23987 23322 24463 24121
24748 23295 24643 23735
24054 23435 24240 24368
24404 24268 24882 23365
24928 23717 24367 23709
24139 24101 24774 23734
23723 23395 24353 24557
24339 23436 24612 23885
24285 23495 24676 24063
24024 24257 24984 23758
24146 23548 24345 24309
24577 24242 25007 23333
24046 23140 23387 25007
24517 24207 24986 23362
24514 24111 24963 23383
23528 23430 24397 24310
24362 24106 24790 23697
24499 23500 24272 24251
24523 23514 24860 23785
24228 23283 24782 24211
24362 23425 24962 23899
24089 24129 25002 23718
24221 23308 24810 24021
24094 23607 24095 24542
24521 24272 24809 23383
24582 23575 23535 23901
24578 23431 23471 24111
24145 23405 24525 24118
24596 24205 24961 23387
22589 22986 23928 24731
23273 22908 23341 25108
23912 23634 25215 22575
23983 22951 23144 24845
24232 24255 24733 23234
24765 22586 24379 23164
25111 23251 23915 23497
24103 23784 25027 22968
22911 23095 23773 24706
24568 23928 24643 23271
24704 23137 24666 22878
23164 22823 23452 25000
23729 23187 23830 24512
23402 23011 23416 24703
23505 22678 23718 24762
24047 23494 24096 24280
23594 23352 24352 24102
23804 24048 24686 23615
24388 23554 23324 24037
24466 24229 24867 23328
24334 23332 24955 23792
24351 23277 24265 24174
24999 23346 23962 23512
23343 22868 23431 25089
23400 22704 23496 24977
24067 23503 23950 24501
23718 22878 23443 25006
24337 23385 23624 24070
24113 23715 24130 23688
24370 22927 24016 23865
24510 24095 24791 23466
24507 23443 23361 24055
23841 23279 24529 23953
24137 23609 23499 23938
24052 23590 24250 23706
24389 24188 24394 23368
24202 24107 24795 23587
23535 22702 23481 24906
24568 23498 23579 24002
24150 24169 24732 23529
23237 23347 24516 23960
24634 23401 24702 23820
24753 23406 24046 23610
24287 23507 23722 24006
25051 23338 24161 23682
24281 24243 24846 23369
24219 23278 24448 24027
23946 23665 24834 23667
23934 22963 23348 24929
24061 23640 24180 23829
24153 23304 24770 23831
24231 23347 23900 23973
24167 23673 24699 23674
23879 24240 24774 23592
23968 23593 24079 24504
24146 23111 24644 24023
24166 23259 24735 24016
24067 23405 23968 23802
24161 24249 24835 23342
23017 23324 23829 24413
23283 22829 23396 25038
23402 22587 23291 24990
23540 23315 22987 24497
23752 23302 24982 22868
24227 24117 24710 23226
25014 23320 24061 23577
23869 24054 24579 23399
23941 23606 24107 23814
23397 22681 23481 24852
24717 22948 23729 23580
23263 23373 23095 24352
23621 22754 23137 24911
24862 23340 23961 23449
23694 23220 23987 24262
24378 23032 24493 23569
23039 23285 23749 24456
24238 23435 23415 23718
24166 23539 24444 23581
24159 24080 24729 23280
24034 23178 24229 23775
24323 23190 23351 23881
24466 23387 24164 23531
24187 23104 24049 24153
23969 23301 24832 23721
23355 22876 23374 24929
23778 23329 24337 23722
23350 23216 24343 24082
23866 23267 23848 24452
24472 23312 23338 24004
24097 23270 24655 23764
23322 22659 23371 24957
24335 23089 24088 24137
24670 23268 23744 23639
24377 23326 23921 23740
23315 22726 23358 25009
24562 23255 24647 23248
24431 23233 24114 23587
24470 23425 23343 23997
24610 23242 24641 23265
23968 23116 23293 24121
23986 23403 24339 23634
24581 23217 24623 23275
24470 23133 24076 23790
24426 23210 23368 23759
23982 23297 24649 23796
24163 23203 24061 23788
22779 23118 23802 24372
23183 22701 23189 25023
23281 22736 23096 24971
23306 22552 23298 24939
23748 24117 24473 23181
24027 23114 24656 23010
25005 23225 23929 23327
23658 23261 24154 23713
24636 22955 23594 23473
24117 23948 24583 23205
23195 22743 23344 24852
24244 22921 24038 24133
23971 23002 23815 23860
23331 22811 23297 24860
24972 23171 23980 23250
22919 22713 23228 25013
24389 23121 23950 23632
23770 22895 24281 23535
23787 23066 24449 23305
24183 22968 23883 24096
24166 23972 24412 23141
24079 24044 24646 23149
23993 22778 24307 23476
24140 23974 24497 23164
24983 23149 23935 23344
24095 23254 23888 23614
24015 22993 23824 24101
23675 23091 24356 22899
23746 23877 24304 23182
23890 22969 23660 23821
24463 22054 23307 23323
24496 22453 23246 23369
24369 22153 23434 23533
24454 22466 23286 23403
24384 22214 23305 23466
24136 22017 23316 23413
24245 22184 23255 23398
22695 23448 23883 25166
23196 23516 23867 25235
23292 22659 25757 23618
23697 24526 23891 23864
24463 23725 23223 22758
24492 23955 23500 22433
24990 22395 24051 22718
23336 22608 25717 23485
24481 23927 23426 22540
23288 22821 25673 23452
24515 22508 24621 24211
24463 23725 23223 22758
24273 24086 23952 22697
24762 23969 23498 22517
24497 23931 23385 22534
23955 23085 25325 24197
23835 23015 25543 23710
23891 24450 23903 24012
22995 22808 25542 24166
22734 23857 23812 24979
23455 24415 23676 24103
24418 22470 24187 24311
23357 23103 25492 23967
24973 23475 24412 23367
23117 22708 24038 25184
24896 22925 24569 23962
23266 22727 25725 23652
23877 23438 25111 24760
24257 23037 23782 24712
24707 23647 24469 23254
24378 24080 24140 22790
23755 23165 25655 23783
24915 23628 24011 22882
23759 22768 25410 23834
23582 23099 25618 23939
24797 23194 24075 23472
24353 22424 24222 24212
23018 24253 24247 24550
22887 23364 24195 25046
24860 23245 24502 23291
24323 23909 24379 23185
23410 24159 24269 24414
24316 23913 23689 22842
23247 24306 23989 24104
23469 23836 24226 24949
24589 23489 24645 23095
24561 23786 23489 22723
24001 23185 25369 23884
23689 22765 25436 23879
24492 23955 23500 22433
23855 23637 25016 24968
23735 23966 23716 24306
24104 23288 24983 24199
24682 23380 24601 23412
22772 23764 23893 25081
23565 24202 23581 24222
23453 24108 24022 24369
24910 23500 24385 23217
24672 23259 24774 23699
23386 24034 24512 24341
24135 23302 25370 23683
23158 24373 23855 24080
23790 23560 25178 24581
23786 23285 25129 24794
24115 23703 24856 24401
22958 24058 24117 24649
22906 23625 23875 25231
23918 23608 24906 24459
22866 23709 23860 25137
23523 24236 23872 24130
23252 24115 24331 24186
24654 23365 24609 23351
23944 23393 25280 23787
23417 22687 24246 25155
24197 24400 24416 24057
23546 24272 23832 24144
23011 24049 23905 24861
23603 23924 24813 24647
24624 23614 24614 23533
24834 22974 24534 23861
24856 22937 24672 23521
23035 23672 23915 25128
24246 23671 25264 23913
23505 23132 25377 24069
23822 23492 25087 24661
24158 23729 24539 24319
23687 23764 24730 24704
23179 23548 23734 25126
23536 24484 23806 23980
24434 24055 24045 22841
24191 23811 25251 23906
24215 23988 24103 22935
23668 23793 24702 24894
24262 23685 24490 23001
23431 23957 24055 24897
24275 23762 24216 23589
24828 23331 24446 23311
23353 24473 23534 24155
23925 23150 25302 24255
23330 23851 24178 24789
22927 23490 23875 25139
24167 23757 25063 24192
23801 23690 25115 24907
24447 23659 24677 23099
24215 23988 24103 22935
24614 23678 24620 23281
24262 23685 24490 23001
22796 23745 23831 25170
24110 23249 25431 23658
24323 23890 24455 23132
24844 22959 24740 23731
24373 23823 24466 23265
23582 23099 25618 23939
23637 24125 23778 24062
24200 23348 24961 24782
24059 23525 25232 24247
24162 23803 24924 24187
23645 22950 24453 25016
23308 22691 24123 25127
23565 24202 23581 24222
24633 23559 24629 23071
24781 23156 24714 23587
24220 23215 25012 24513
24896 22925 24569 23962
24223 24033 24130 22891
24812 23638 24600 23358
24550 23193 24288 23852
24056 23810 24753 24269
23485 24200 24004 24143
22833 23742 23781 25070
23170 24074 24431 24243
23094 24340 23904 24622
24550 23193 24288 23852
23801 23265 25118 24817
23162 23684 24154 25113
24040 23885 24713 24590
24450 23816 24362 23384
23225 23997 24106 24668
23167 24355 23784 24097
23652 24063 23761 24180
23716 23532 25187 24825
23708 24347 24419 23136
24066 23603 25171 24633
22695 23448 23883 25166
24211 23600 24912 24224
24978 22932 24705 23796
23075 23806 23751 25011
24170 23693 24673 24481
23761 23773 24833 24271
23109 24473 23836 24644
24831 23275 24478 23228
23225 24024 24018 24601
24233 23753 24560 23263
23486 23789 24163 24968
24629 22932 24773 24111
23467 24027 24531 24290
23716 23532 25187 24825
24040 23613 24639 24603
24200 23348 24961 24782
23690 24413 24184 23231
23699 24319 23776 24059
24446 24011 23883 22741
23926 23292 25212 24468
23632 23913 23923 24360
24497 23931 23385 22534
23075 23806 23751 25011
23705 24068 23830 24082
24426 23407 25116 23871
24345 23316 24849 24532
22828 23773 23806 25182
23008 24341 23845 24657
22828 23773 23806 25182
23088 23749 23769 25072
24021 23166 25294 23717
23271 23610 23853 25124
24569 23108 24364 23820
24844 22959 24740 23731
23412 24170 23967 24330
24233 23134 25364 23596
24633 23559 24629 23071
24012 23912 24526 23963
24345 23316 24849 24532
23875 23662 25077 24887
24640 23310 24873 23366
24828 23331 24446 23311
23533 23757 24908 24502
24233 23134 25364 23596
24640 23310 24873 23366
24781 23156 24714 23587
23257 24173 24218 24272
23926 23292 25212 24468
24220 23215 25012 24513
23352 24218 24189 24424
24273 24086 23952 22697
23875 23662 25077 24887
23353 24473 23534 24155
23632 23913 23923 24360
24021 23166 25294 23717
23223 24205 24148 24488
23616 22940 24376 25063
24569 23108 24364 23820
24507 23855 23491 22535
23352 24218 24189 24424
24900 23120 24145 23403
23507 24001 24733 24591
24900 23120 24145 23403
23196 23516 23867 25235
24425 23638 25158 24185
23701 24503 23888 23907
24444 23746 24370 23360
24211 23600 24912 24224
23397 23792 24817 24524
23223 24205 24148 24488
23616 22940 24376 25063
23093 24009 24128 24585
23701 24503 23888 23907
23482 24026 24604 24438
23397 23792 24817 24524
23412 24170 23967 24330
24066 23603 25171 24633
23177 24362 23754 24164
24227 23929 24415 24147
23257 24173 24218 24272
24425 23638 25158 24185
23482 24026 24604 24438
24450 23816 24362 23384
24426 23407 25116 23871
23708 24347 24419 23136
23177 24362 23754 24164
23507 24001 24733 24591
24497 23931 23385 22534
22549 23658 23909 25062
22602 23599 23763 25151
23235 22507 25568 23204
23624 24457 23883 23881
24442 23834 23308 22377
24806 23347 24491 23261
23591 22892 25483 23783
24436 23907 23509 22571
23469 22610 25227 23791
23003 24352 23321 24238
23880 24268 24238 23284
23759 22711 25372 23753
24180 24132 23974 22992
23392 23957 24124 24359
23424 23011 25317 24041
24280 23916 23954 22836
24026 23274 25186 24120
23571 23041 25557 23713
23729 23752 24868 24039
24551 22693 24727 23668
24382 23962 23786 22449
24357 23845 23821 22649
23649 23519 25074 24647
23991 24001 24398 23110
24520 23404 24321 23500
24628 23174 23857 23564
24119 24159 24216 22720
23768 23780 24585 23554
24656 23144 24156 23377
24168 23607 24927 24139
23194 24082 23905 24297
24727 23256 24353 23277
22715 23559 23980 24989
22920 23635 23795 24881
24557 23244 24515 23401
24427 23798 23720 22767
22842 23646 23866 24935
23191 24208 23972 24078
23668 23584 24648 24176
24176 23110 25312 23420
24264 23245 24793 24386
23853 23448 24823 24167
24556 22783 24192 24028
24055 23729 24429 23168
23316 23695 24716 24590
24200 23593 24956 24087
24380 24010 23894 22609
22768 23767 23790 25022
23038 24440 23666 23923
24601 23298 24194 23270
22737 23848 23621 24890
22993 23888 24028 24422
24783 23412 24523 23235
23841 23137 25194 23602
23527 24107 24179 24000
23273 23870 24194 24191
24594 23650 24535 23133
22650 23959 23721 24726
24778 23522 24275 23112
24445 23396 24323 23442
23105 23717 23776 24941
22696 23574 23737 25132
23321 23847 24773 24471
23962 23717 24747 24100
23645 24331 23887 23639
23455 23051 25349 24010
23966 24056 24191 23830
23688 24164 24207 23379
23783 23676 24426 24145
24537 23078 24211 23843
23050 23507 23631 25121
24126 23717 24384 23164
22956 23579 23808 25030
23451 22759 25004 24926
24369 23817 24447 23126
23861 24390 23857 23850
22760 23974 23695 24759
23157 23874 23904 24423
23803 24342 24258 23346
23509 23866 24531 23968
23139 23709 24006 24701
23516 23814 24295 24509
23002 23853 23850 24851
24445 23396 24323 23442
23135 23964 24696 24079
23037 23480 24041 25094
24283 23565 24799 24007
23243 24334 23931 23957
23967 23563 25031 23777
23064 23489 23758 25074
23984 24189 24222 23206
24184 23120 25224 23639
23520 23800 24802 24555
23423 23829 24807 24510
23469 24180 23817 24025
23832 23477 25055 24589
22665 23929 23695 24766
23073 24431 23720 24030
23058 23825 24367 24583
23222 23596 24157 24694
23043 23954 23889 24655
23124 23650 23694 25047
23790 23932 24165 23951
23633 24373 23865 23814
23440 23587 23873 24867
23194 23467 23709 25103
23963 23642 24984 24093
24048 23708 24750 23814
24174 23598 24493 23321
23860 24383 24345 23328
24526 23128 24248 23816
22737 23848 23621 24890
23451 22759 25004 24926
23321 23847 24773 24471
23542 24379 23763 24030
23037 23480 24041 25094
23815 23956 24276 23939
23008 23596 23803 25045
22665 23929 23695 24766
23399 24332 23904 24004
23463 24185 23767 23960
23002 23853 23850 24851
23962 23776 24278 23951
22993 23916 23803 24694
22762 23522 23888 25103
23073 24431 23720 24030
23451 22759 25004 24926
22395 23883 23711 24692
22790 23371 23821 25086
23114 22300 25547 23262
23509 24365 23772 23838
24119 23915 23697 22367
24421 23619 23080 22598
24755 23211 24414 23166
24376 23833 23501 22592
23307 22925 24940 24159
24304 23582 23225 22667
23259 22480 25435 23319
23485 22684 25180 23361
23419 22611 25227 23708
22675 23848 23721 24610
24224 23778 23790 22396
23704 23111 24798 24454
24163 23736 24233 23027
23841 23239 25174 23595
24709 23355 24170 23133
22743 23732 23653 24902
24078 23523 24748 24116
23649 24297 23709 23798
24525 23370 23762 23103
22944 23645 23525 24875
23984 22977 24814 23773
23055 23452 23803 24719
23606 22962 24611 24602
23362 22948 25284 23799
24101 23097 25008 23489
23370 23766 24656 24472
24130 23209 24434 23901
23729 24164 23746 23468
23215 22383 25485 23373
23201 24086 24003 23876
23904 23901 23966 22704
23021 23394 23851 24840
23743 23967 24355 23090
24186 23006 23872 23562
23392 23768 24488 24298
24328 23343 24047 23325
23991 23992 23817 22844
22979 23926 23774 24570
24102 22970 24517 24067
24028 23582 24218 23401
23104 24028 23918 24021
23440 23698 24065 23977
23899 23214 24766 24212
23988 22971 25063 23602
23382 23948 23923 24279
23355 24094 23683 23956
23993 22965 25026 23673
24186 23416 24092 22807
22689 23677 23841 24699
23615 23875 24135 23849
23109 22406 25442 23354
23336 22384 25449 23449
24176 23641 24357 23061
23061 24135 23668 23844
23432 23894 23637 23855
23793 23909 24059 23541
23787 23996 24041 22780
24036 24028 23564 22663
23318 23932 24084 24218
23091 24007 23833 24114
24037 23775 23827 22650
24178 22999 23854 23622
24744 23360 24495 23115
23314 24024 24041 23889
24181 23909 23736 22785
22464 23415 23580 24527
22686 23569 23388 24791
22905 24210 23271 23512
22927 23905 23041 24352
22942 22379 25029 23381
24352 23732 23234 22365
23415 22529 24971 23464
23679 23083 24744 24124
23937 22717 24982 23283
22885 23748 24132 24092
24307 22981 24111 23061
23134 24192 23612 23680
24137 23354 24171 22771
22495 23654 23558 24730
23913 23294 24468 23177
23813 22692 24698 23943
22985 24121 23723 23736
24117 23182 23804 23309
23485 24033 23571 23821
23220 23695 24591 24450
24212 23245 23951 22875
23558 23566 23521 23166
24219 23499 23095 22580
23714 23689 23936 23074
23591 23271 24118 23951
23871 23393 24516 23862
24121 23586 23746 22507
23205 23694 24640 24433
24267 23206 23372 22966
24272 23591 23120 22570
23894 23637 23875 22802
24262 23307 23680 23043
24156 23670 23709 22673
24340 23043 23578 22936
23553 23744 23632 23773
24289 23385 23070 22664
23831 23643 23795 22820
22701 23510 23790 24300
22830 23297 23811 24300
23059 23563 23318 23515
23187 22291 24798 23320
24227 23290 23115 22354
24022 23423 23206 22433
23513 22774 24582 23459
22955 22317 24689 23035
23568 23344 24381 22940
23285 22895 23532 23855
23498 23156 24240 23835
23545 23108 24286 23146
23819 23349 23906 23613
23388 23537 23488 23631
22749 23516 23986 24295
23198 23536 23717 24102
23108 23283 23829 24203
23122 23357 23742 23962
22651 23347 23706 24148
22718 23148 23737 23982
23540 23020 23014 22944
23960 23050 22882 22191
22692 23290 23600 23968
22650 22152 23468 22986
22480 22998 25806 24268
23043 22609 24455 25173
23071 23069 26010 24152
23616 21836 24517 25039
24210 24452 23959 22565
24358 24052 24788 22159
24955 22575 23425 23752
25249 23330 24740 22751
22605 22926 25497 24476
24194 23317 23633 24276
22738 23022 24913 24872
24647 23342 25019 22848
23716 22261 25338 24412
24407 23691 25104 22992
25031 23786 23822 22658
23407 23143 25843 24108
25090 23658 23691 22592
23886 22014 24437 24662
23568 21898 24560 25109
23525 22197 24915 24949
24746 24022 23774 23173
25134 23426 24688 23181
24689 23845 24233 22640
24384 24264 23874 22882
23101 23121 25966 24172
24934 23987 24032 23031
23378 22434 25252 24643
23631 22043 24489 25066
24409 24374 23838 22987
23120 22494 24387 25159
25231 23439 24772 22914
24037 21839 24889 24147
24295 23900 24492 23737
24056 22679 24105 24537
23475 23774 25571 23291
23439 23130 25781 24036
23834 23880 25304 23438
24702 23989 24185 23344
23766 22714 23973 24749
24549 24327 23965 22225
25212 23603 24813 23176
24442 24319 23994 22294
23819 22598 25155 24124
23498 23035 25705 23721
23000 22350 24565 25168
23807 22121 24552 24863
22783 22981 25450 24562
22886 23290 25508 23853
22857 22673 24379 24984
22829 22877 24996 24843
24442 24319 23994 22294
23718 22491 25201 24802
23140 23267 25682 24019
23508 24158 24773 22698
23657 23186 24994 24062
24252 24322 23894 22494
23919 23637 24958 23316
24884 23529 24677 23683
24236 24381 23948 22668
22484 22880 25757 24180
23277 23479 25614 23504
24354 24442 23947 22408
23688 21948 24509 24900
22946 23332 25402 24273
24474 24211 24300 22589
25039 23534 24489 23236
24388 24084 24423 22452
24930 22873 23662 23638
23832 22103 24330 24870
24000 21965 24306 24709
24162 22345 24711 24008
25217 23502 24864 23059
23597 22786 25565 23881
23849 22530 25460 24361
22557 22873 25760 24216
23422 22577 25222 24686
24489 24231 24087 22577
24762 23622 24083 23395
24132 23664 24934 23264
23268 22938 25985 24100
24648 23811 24020 23483
23525 23760 25468 23111
23048 22316 24647 24985
23469 22695 25389 24316
23280 23825 25199 23872
23161 22542 24336 25001
24563 24017 25326 22949
24178 22380 24754 23965
23996 22564 24350 24550
24892 23749 24006 23568
23093 22770 25226 24757
22923 23144 25169 24390
24602 23596 24871 23562
24736 23497 24754 23378
24358 24052 24788 22159
23526 22493 25375 24633
23894 23353 25041 23023
23003 23206 25918 24176
23221 23165 25287 24325
24811 23935 24080 23161
24049 22766 24069 24440
24336 24307 23954 22444
24860 23355 24920 23218
24364 22822 23940 24071
23307 22984 25916 24104
23791 22852 25906 23838
23799 23359 25449 23473
24074 22245 24478 24620
24616 23408 24606 23701
24510 24281 24320 22421
24511 23228 24753 23629
23561 22791 25463 23936
24153 23407 23706 24195
23777 22968 24801 24439
23524 22845 25120 24459
24151 22639 24194 24822
24670 23942 23876 23502
22868 22995 25731 24259
24110 21926 24830 24253
24276 23301 23641 24390
23626 22377 25224 24711
24715 23413 24957 23097
24980 23390 24755 23192
24030 22949 24802 24335
24269 24321 24014 22205
24341 24250 24233 22655
23341 22460 24444 24885
24368 24221 24350 22452
23017 23407 25634 23405
24612 23466 24997 23207
23748 23293 25418 23522
24104 22645 24629 24278
24138 24343 24319 23161
24063 22662 24219 24355
23342 23244 25667 23781
23961 21942 24852 24319
24053 24438 24332 23084
23639 22038 24803 24987
24569 24213 24337 22483
23593 23221 25667 23792
23129 23249 25035 24306
24577 23556 24901 23147
22557 22873 25760 24216
24078 23576 24938 23413
23547 23096 24744 24385
24469 24153 23903 22607
23924 22915 24707 24544
24704 23629 24653 23581
22910 22678 25502 24490
23379 23379 25532 23749
24093 22813 24821 24187
24824 23126 24832 23248
24004 24052 24430 23263
23955 24377 24455 22973
23958 23082 25055 24271
23751 22238 25296 24372
23576 22331 25275 24568
24757 23485 24826 23340
23144 22550 24253 25007
23355 23223 25753 23588
24196 22842 24031 24529
23240 22857 24466 24767
24111 22790 24427 23903
23256 22435 24405 24902
24614 23931 24277 23830
23975 22760 24818 24308
24137 24123 24486 22705
23760 22609 25427 24058
23522 22539 25413 24520
25247 23523 24635 22962
24834 23600 24641 23653
23929 23218 25276 23568
23123 22647 24525 25108
24628 23752 24269 23659
24387 24289 24086 22671
23578 23517 25497 23711
24216 23392 24940 23224
23635 22383 24687 24931
23848 22592 24309 24562
24354 23593 23740 23926
23285 23366 25733 23642
24816 23430 24698 23260
23411 23193 25116 24191
24521 23417 24582 23822
24622 23754 24272 22546
24521 23417 24582 23822
24577 23556 24901 23147
24262 22750 24527 24270
23011 22688 24327 24948
24638 23370 24711 23435
23477 22393 24432 24913
23341 22460 24444 24885
24550 23726 25037 23189
23435 23578 25324 24175
24320 22618 23907 24202
23240 22857 24466 24767
23542 22668 25408 24365
23494 23175 25661 23917
24137 24123 24486 22705
24463 22650 23918 24012
24218 22733 24641 24226
23379 23379 25532 23749
23509 23096 25326 24593
23221 23165 25287 24325
24354 23593 23740 23926
23477 22393 24432 24913
24591 24152 24409 23725
24670 23942 23876 23502
23807 22121 24552 24863
24539 24133 24418 22587
23494 23175 25661 23917
24106 23653 24912 23399
24144 22763 24209 24497
23636 22750 25747 23840
24168 23588 24830 23571
23030 22653 24405 25003
24702 23989 24185 23344
24627 23460 24709 23401
24194 23317 23633 24276
23144 22550 24253 25007
23915 22541 25302 23586
24320 22618 23907 24202
23888 22919 25029 24321
23510 22818 25203 24569
24980 23390 24755 23192
24210 24452 23959 22565
24218 22733 24641 24226
24070 23329 23947 23848
24539 24133 24418 22587
23705 22318 25739 23878
23618 22959 25326 24055
24550 23726 25037 23189
24053 24438 24332 23084
23958 23082 25055 24271
24270 22630 24018 24090
24622 23754 24272 22546
23748 23293 25418 23522
23791 22852 25906 23838
23705 22318 25739 23878
23804 22544 25167 24225
24270 22630 24018 24090
24354 24442 23947 22408
24463 22650 23918 24012
24144 22763 24209 24497
23510 22818 25203 24569
23751 22238 25296 24372
23509 23096 25326 24593
24591 24152 24409 23725
23355 23223 25753 23588
23030 22653 24405 25003
24442 24319 23994 22294
24614 23931 24277 23830
22484 22880 25757 24180
22923 23144 25169 24390
23618 22959 25326 24055
23804 22544 25167 24225
22742 23184 25159 23747
23008 22657 25714 23807
23009 22639 24394 25098
23973 21764 24730 24099
24071 24362 23826 22327
24084 23294 23499 23940
24201 23969 24614 22164
25207 23365 24771 22927
23696 22114 24580 24360
23869 21769 24723 24003
22930 22666 24216 24882
24992 23185 24781 22940
23512 22227 24520 24913
24261 23226 23638 24105
24005 24044 24454 22578
24919 22928 24626 23073
24593 23573 24233 22681
24118 22590 24095 24694
23513 23091 25554 23519
24754 23827 23545 22950
24740 23712 23954 23317
23699 22379 25441 24165
24538 23777 25201 22862
23157 22876 25344 23610
23226 22517 24525 24569
23610 23023 25274 23281
23574 22248 24544 24768
24365 24341 23730 22235
24445 23915 24234 22566
24626 23247 24938 23044
23571 22129 25247 24455
24775 23453 24758 23095
23412 22418 25064 24300
24700 23272 24803 23307
23053 22688 25610 23659
23338 22754 25087 23868
24891 23147 24772 23123
24330 24093 23744 22808
24134 24143 23726 23056
23951 24296 23861 22474
23938 22423 24245 24524
23110 23125 25602 23901
24367 23633 25215 22740
23610 22331 24611 24576
23039 22788 25228 24083
24140 23549 24924 23156
24689 23146 24883 23038
23306 22562 25100 24192
23535 22150 24385 24894
23063 22871 25710 23586
24191 24255 23976 22434
23878 23426 24859 23428
23627 23069 25023 24271
24306 23836 24377 23610
24383 23498 24049 23474
22981 23602 25030 23790
23328 22399 25406 24511
24017 24070 24119 23114
23791 22545 23898 24741
24494 24230 24238 22335
24528 24171 24277 22417
23423 22722 25418 23902
24215 24066 24342 22843
24377 23938 24507 22534
24361 22773 23910 23947
23804 22291 25087 24004
23602 22470 25358 24046
23729 22644 24321 24347
23817 23578 25263 23009
23871 22678 24920 23244
24408 22866 25107 22943
23476 22390 25146 24216
24291 24203 24144 22490
24277 22975 25094 22973
23878 23426 24859 23428
24239 22693 23999 24225
23533 23349 25175 23527
23737 23324 25094 23368
24099 22634 24605 24133
23522 23769 25164 23268
23852 23073 24995 23442
23726 22913 23886 23911
23651 22933 24622 23634
23837 24201 24192 22468
24119 22599 24277 23723
24258 23713 24410 23565
24254 22952 23902 23702
23131 22902 25222 24291
24317 23546 24027 23629
24300 23974 23964 23107
24759 23298 24584 23483
24390 24185 23816 22357
24222 22507 24026 24207
23028 23095 25131 24212
24412 24184 24169 22490
23065 22454 25605 23738
24606 23972 24070 23133
23986 22364 24757 23869
23976 24110 24213 22959
23866 22622 24001 24272
23761 22521 25245 23743
23998 24256 23807 23154
24391 23619 23791 23449
23576 22355 25157 24764
24516 23835 25152 22770
23844 22471 25379 23972
23753 22462 25428 24187
24006 23608 24907 23367
22999 23471 24999 23991
24299 24178 23787 22967
24001 22643 25034 23145
24254 23938 24623 22767
22999 23471 24999 23991
24258 23713 24410 23565
23844 22471 25379 23972
24006 23608 24907 23367
24254 23938 24623 22767
24299 24178 23787 22967
22913 22523 24218 24908
23157 22735 25485 23506
23758 21499 24580 23926
24040 24172 23793 22183
24229 23955 23499 22500
24370 23761 24641 22107
24916 23319 24062 22798
24460 24124 23587 22284
24879 23017 24651 22754
23547 22316 23996 24575
24200 23084 24720 23137
23416 22195 24401 24823
23219 22557 25196 23708
24586 23930 23895 23041
23438 22937 23940 23561
24722 23319 24603 23017
23513 22058 25231 24009
24687 23240 24504 23284
23253 22552 25380 23788
24718 23710 23836 22684
24296 23511 23834 23393
23064 21979 24434 24451
23410 22323 25098 23522
23325 22729 25022 23912
24479 23234 24803 22933
23617 21769 24581 23891
23136 22118 24867 24092
23045 22519 25423 23541
23927 22350 24095 24267
24383 23178 24694 22938
23958 23597 24872 23210
24268 23818 24295 22434
24127 24034 24323 22463
24546 23601 23571 23300
23820 22584 24184 23991
23747 21607 24530 23999
23804 22688 24977 22911
24090 22539 24021 24474
24028 22794 24115 23536
23269 22232 24247 24343
23607 21665 24626 23816
23471 22710 24943 23883
23611 22036 24542 24140
24297 23983 23939 22356
23679 22400 24118 24339
24236 23638 24320 23476
24234 23865 24392 22393
23778 22599 24432 23984
23638 22255 24055 24405
24289 24069 24051 22349
23996 23064 24585 23174
23959 23372 24619 23330
23584 22707 24447 23550
23225 22435 24620 24258
24422 23746 24959 22790
23119 22010 24419 24467
23220 22519 24351 24037
23686 22340 24056 24305
24444 23195 24508 23344
24432 23364 24398 23065
24375 23624 24982 22694
23975 22582 23996 24039
23126 22285 25214 23802
23435 22715 23966 24023
23613 22438 24232 24261
22916 22048 23983 24465
23063 22016 24350 24647
23749 21374 24381 23855
24093 23356 24912 22788
24186 24066 23862 22204
24209 24026 23773 21995
24377 23819 23625 22952
24671 22918 24366 22980
23302 22033 24193 24091
23196 22254 24891 23432
24415 22811 24471 22818
24087 22513 23896 24115
24407 23152 24762 22862
23914 24015 23960 22273
23005 21890 24383 24438
23786 23704 24252 22614
23863 23629 24318 23069
24633 22971 24468 22853
23123 22014 24367 24401
24199 22370 24389 23125
23903 23397 24850 23142
24575 23426 23673 22959
24305 23237 24322 23253
24515 23750 23735 22950
24174 23425 24126 22949
24370 23675 24343 22423
22944 22112 24022 24459
24283 23363 24050 22727
24298 23517 24183 22646
23074 21996 24183 24448
24365 23660 23745 22904
24277 23325 24024 22983
24305 23319 23863 22622
22999 22011 24336 24430
23037 22012 24311 24491
23361 21311 24154 23712
23791 23218 24897 22735
24018 22358 23515 23961
24112 23665 24296 22375
24264 23529 24032 22144
24293 23465 23956 22479
23752 23152 24824 23077
24286 22974 24456 22848
23822 23328 24776 22913
23918 23367 24160 22405
23944 23389 24126 22897
22984 21952 24234 24291
23691 23077 24548 23024
24037 23433 24266 22341
22815 24712 24272 23847
23165 22946 23643 25177
23330 25217 24164 22873
23512 23088 25641 23731
24199 22678 25089 24031
24787 23114 24096 22588
24939 23033 24081 22835
23049 23600 24872 24776
22815 24712 24272 23847
24784 23174 23763 22917
23176 24765 24937 23150
23887 23814 24208 25105
23383 25067 23772 22831
23381 25127 23887 22708
24647 23462 23953 23011
24141 24111 25254 24135
24087 23557 23929 24647
23160 24167 25372 23747
23092 23457 24797 24744
23364 25111 24069 22989
23530 22739 25617 23365
23184 24452 24249 24227
24939 23033 24081 22835
23083 24573 24481 24305
23303 24927 24082 23395
23792 23663 24907 24362
24310 22693 25025 24079
23862 23864 24300 25014
23255 23377 25527 23354
24289 23322 25153 23907
24717 22903 24158 22646
23548 23610 24484 24893
24689 22890 24169 23220
24401 24455 24530 23930
23607 22784 25608 23687
23899 23587 23998 25167
23625 25056 23905 22801
23242 24365 24414 24312
24580 24493 24438 23652
24164 23001 25161 24127
23342 25124 23850 22745
23519 24005 25401 23609
23183 24911 24621 23327
24169 24037 24394 24445
24645 24524 24671 23567
23469 24678 24304 23772
24493 24238 24903 24120
23902 23883 24147 24973
24012 22779 25359 23500
23783 22815 25604 23640
24394 24316 24789 24082
24848 23112 24059 22802
23413 23507 25514 23492
23565 24062 25342 23540
24810 22926 24105 22769
24330 24416 24713 23743
23854 24538 24495 23710
23965 24783 24559 23441
24240 24101 24690 24207
24828 23016 24006 22912
23721 23776 24423 24961
24445 24247 24742 23995
23680 23027 25543 23762
23959 22976 25457 23835
24207 23268 25129 23947
23499 23550 25495 23780
23554 23373 25097 24386
23995 24820 24647 23378
24684 22964 24054 23105
24686 23276 24235 22940
23421 23237 25471 23866
24046 24868 24880 23372
23954 23908 24839 24339
24561 24311 24682 23946
23971 24978 24856 23304
23743 24188 23917 24247
23667 23851 25435 23826
24001 24042 24036 24484
23790 23991 24906 24514
24060 24532 24508 23820
23702 24091 24706 24372
24347 24619 24346 23764
24744 23129 24101 22908
24078 23830 24330 24471
24074 24274 24792 23923
23329 23380 24867 24633
23896 24251 25002 23424
23859 23740 24415 24828
24593 24249 24687 23967
23924 23680 23986 24858
24274 24131 24747 24197
23991 24925 24708 23276
23431 24527 24399 23933
23833 23246 25201 24148
23928 24763 24461 23645
23771 22958 25516 23680
23682 23446 25269 24114
23682 23446 25269 24114
24058 24791 24814 23287
23862 23891 24321 24839
23164 24330 24538 24178
23855 23962 24687 24681
24504 24403 24607 23739
23840 24946 24602 23373
24312 23350 25069 23887
24260 23385 25084 23931
24264 24405 24553 23794
24079 23762 24579 24284
23620 22900 25578 23682
23646 24591 24447 23769
23887 23749 24811 24415
23981 23848 24637 24707
23503 25124 23884 22667
24025 23680 24801 24495
23644 24726 24684 23557
23723 24051 25327 23767
24798 23059 23983 22915
24168 22896 25204 24009
24050 24677 24592 23517
23366 24006 25015 24180
23342 25124 23850 22745
24148 24072 25117 23964
23867 23793 24359 24912
23991 24045 24810 24563
24564 24676 24905 23553
24698 23032 24050 23128
24523 24259 24659 24023
23971 24978 24856 23304
23804 24807 24545 23472
24020 23764 25064 24276
24848 23112 24059 22802
23847 23957 24778 24594
24446 24202 24644 24236
23430 23184 25473 23978
24764 23342 24003 22941
24759 22910 24110 23115
23867 23865 24768 24784
24395 23917 25036 23925
24706 22848 24192 23118
23867 23793 24359 24912
23723 24643 24442 23855
24347 24619 24346 23764
23941 23784 25047 24187
24515 24378 24729 23893
24056 23840 24770 24317
23850 23908 24364 24870
23831 23783 25470 23409
24451 24354 24627 23976
23825 23943 24693 24641
24659 23716 23912 23192
23906 24062 24215 24284
24515 24503 24677 23580
23946 23762 24679 24600
24143 24688 24448 23681
23804 24807 24545 23472
23757 24226 24459 24231
23837 24061 24731 24581
23822 23868 24727 24710
24659 23716 23912 23192
24188 24151 25069 24110
24741 23258 24053 22669
24056 24034 24747 24410
23943 22939 25265 24249
23837 23475 25427 23906
23893 23701 24441 25004
23723 22866 25586 23620
24188 24151 25069 24110
24704 23068 24181 22755
23954 23978 24417 24644
23430 23184 25473 23978
23837 23475 25427 23906
23862 22858 25597 23645
24310 23342 25046 23898
23895 24725 24238 24017
24765 23068 23974 22823
23417 24153 25343 23588
24659 23716 23912 23192
23413 23507 25514 23492
24684 22964 24054 23105
24017 23885 24853 24259
23708 24875 24097 23684
23499 23550 25495 23780
24523 24259 24659 24023
23896 24251 25002 23424
24741 23258 24053 22669
23560 23776 25020 24257
23822 23868 24727 24710
24765 23068 23974 22823
24759 22910 24110 23115
23625 25056 23905 22801
24704 23068 24181 22755
23850 23908 24364 24870
24037 24350 24876 23576
24199 22678 25089 24031
24451 24354 24627 23976
23723 24643 24442 23855
23893 23701 24441 25004
23500 23936 25141 24283
24260 23385 25084 23931
23757 24226 24459 24231
24706 22848 24192 23118
23723 22866 25586 23620
24148 24072 25117 23964
24056 24034 24747 24410
23500 23936 25141 24283
24037 24350 24876 23576
23723 24051 25327 23767
23708 24875 24097 23684
23833 23246 25201 24148
23417 24153 25343 23588
24744 23129 24101 22908
23342 25124 23850 22745
24168 22896 25204 24009
23991 24045 24810 24563
23867 23865 24768 24784
24017 23885 24853 24259
24347 24619 24346 23764
24706 22848 24192 23118
22794 23033 23651 25127
22977 23012 23753 25144
23042 22955 23547 25137
23328 24996 23650 22940
23561 22726 25520 23575
24742 23043 23862 22697
24905 22888 23903 22756
24685 22918 23944 23032
23966 24953 24698 23283
23547 23274 25251 23800
23422 24495 24383 23800
24419 22973 24816 23659
23653 23024 25325 23885
24673 23143 24197 22912
24812 22947 23979 22703
23176 24995 24067 22789
22909 23034 23726 25120
23749 22819 25474 23595
23273 23547 25491 23414
24250 24344 24496 23751
24732 23252 23851 22881
23706 23478 24627 24515
23884 24818 24317 23335
23077 23807 23779 24648
24587 23905 24499 23662
24268 23343 25036 23925
23105 23004 23691 25111
23953 24113 24762 23287
24160 23875 24200 24297
24336 23996 24784 23722
23771 23575 23973 25046
24131 23784 24945 23922
24108 24015 25068 23931
23331 24595 24348 23639
23847 23218 25121 24088
24499 24480 24321 23597
23189 23573 24676 24385
24121 22755 25089 23808
23579 23932 25197 23508
23878 24727 24389 23383
24049 24407 24175 23685
24030 24469 24448 23571
24315 23268 24981 23840
24634 23242 24075 22886
23783 23841 24561 24547
23741 24812 24425 23350
24477 24292 24639 23550
24199 24204 24497 23824
23634 23891 24619 24543
23613 23692 24630 24462
23721 23969 24532 24400
24443 24167 24716 24067
23726 23486 25007 24153
23328 24996 23650 22940
23840 23973 24116 24572
23826 23742 24417 24705
23644 22820 25504 23443
23811 24276 24729 23374
23889 23781 24770 24362
23862 23787 24103 24877
23753 24432 24030 23822
24057 24608 24405 23610
23753 23746 24084 24957
23995 24652 24280 23421
23042 22955 23547 25137
23826 23631 24215 24980
24069 24583 24174 23445
23873 24571 24698 23553
23731 23639 23922 24986
24005 24144 24398 24124
24327 24255 24278 23697
23872 23707 24367 24637
24758 22924 24076 22773
23854 24696 24362 23498
23747 24238 24568 23978
23856 23786 24480 24680
23876 24682 24339 23453
23618 23763 25178 24053
23089 23035 23619 25103
23873 23339 25064 24112
23850 23997 24029 24248
23844 23788 24204 24775
23690 24113 24230 24219
23612 23713 24133 24865
23696 23645 25012 24212
23853 24655 24530 23534
23804 24151 24342 24167
23606 23710 24242 24779
23653 23568 24236 24848
24253 24206 24429 23905
23658 22926 25167 24056
23976 23666 25077 23860
23583 23548 25054 24158
23721 23786 24233 24800
23778 23664 25133 24060
24138 23641 24808 23977
23670 23679 24117 25071
24473 24159 24667 24013
23089 23035 23619 25103
23937 23783 24768 23951
24473 24159 24667 24013
23608 23654 25038 24261
23967 23021 25041 23983
24115 23024 25041 23965
23987 23727 24956 24251
23887 23750 25230 23944
23887 23750 25230 23944
23670 23679 24117 25071
23976 24246 24278 23902
23909 23724 25174 24053
23875 23260 25064 24074
23987 23727 24956 24251
23909 23724 25174 24053
22791 22980 23747 25132
22938 22807 23493 25140
23221 23253 25485 23400
23280 24943 23811 22626
23577 24648 23427 22479
23876 22690 25090 23992
24685 22880 23921 22966
23204 24808 23721 22809
22993 24510 24622 23173
23457 24866 23834 22716
23366 24450 24048 23775
23747 23366 23756 24747
24081 23911 25008 23875
23610 23595 24268 24552
23971 23732 23883 24228
24126 24269 24361 23156
23271 23397 25320 23334
23191 24401 24540 23408
23460 22715 25336 23287
24212 24187 24351 23556
23656 23807 24512 24433
23765 24545 24407 23281
24007 23916 24821 23749
24580 23076 24086 22896
24382 23946 24562 23831
23899 24509 24224 23085
23603 23617 24039 25058
23653 23067 25213 23363
24673 23011 23934 22840
23793 24010 24292 24162
24478 22753 24159 23112
24073 23186 25026 23706
23673 23533 23745 24926
24554 22981 24235 22974
23544 23431 25155 23819
23898 24374 24026 23410
23717 23653 24613 24259
24170 24103 24547 24049
23647 23829 24407 24380
24447 23124 24006 22853
24501 23145 24090 22795
24514 23475 23814 22819
23652 23561 23960 24893
23756 23534 24201 24479
24472 23358 23901 23286
23851 24604 24312 23599
23654 23438 23926 24835
23769 24412 24686 23375
23669 23887 24759 23917
23529 24931 23813 22770
23715 24224 24321 23494
23830 23979 24734 23722
23989 24196 24169 23630
23693 23203 24733 24293
24428 24118 24560 23943
23609 23554 24727 24115
24385 23997 24598 23759
24207 23197 24801 23831
23632 23936 24006 24214
23634 23211 25018 23483
23689 24180 24084 23815
24015 23849 24172 24082
23514 24599 24515 23391
24163 24155 24343 23762
23893 23234 25012 23999
23521 23851 24782 23929
23785 24411 24641 23389
23496 24118 24350 24059
24031 24137 24229 23765
23986 24242 24298 23729
23604 24141 24232 23986
22744 22864 23652 25062
23078 24739 23445 22785
23414 24834 23622 22590
23519 23214 25143 23806
24107 22603 24633 23659
24530 23032 24029 22892
24051 23288 24886 23851
23955 24097 24141 23654
23375 23448 24277 24272
23674 23755 24202 24066
22907 22949 23768 25049
24023 23904 24991 23851
23205 22853 23705 24872
23805 23396 25002 23853
23784 24550 24164 23474
23548 23624 24506 24146
24453 22792 24034 22856
23717 23595 24608 23956
24417 23231 23885 23708
23795 24579 23686 23302
23396 23400 23754 24570
23126 23541 23641 24512
23615 24259 24548 23284
22979 22874 23622 24971
23454 23409 25127 23813
22862 24437 24445 23099
23633 24171 24351 23512
24034 23999 24523 24019
24424 23026 23719 22959
24339 23610 24438 23702
24405 22879 24221 23180
23628 23376 23691 24862
23101 23483 24416 24334
24160 24175 24338 23101
24376 23360 24034 22788
23602 24196 24070 23712
23410 24374 24450 23119
23551 24440 24339 22873
23629 23607 24098 24401
24419 23285 24333 23140
23596 24389 24120 23490
23598 23463 24126 24373
22675 22733 23638 24915
22916 24572 23378 22678
23342 23231 23296 24705
23691 22831 24950 23836
24419 23208 23832 22293
24208 23294 24368 23452
23445 24452 23478 22605
23347 23392 24154 24017
23009 22779 23700 24862
23992 23944 24514 23937
23276 23660 24625 23770
23384 23465 24907 23534
23646 24176 23805 23077
23854 23867 24000 23981
22875 22873 23742 24815
24264 23169 24048 23268
23377 23694 24682 23588
23893 23032 24579 23601
23416 23978 24135 23636
23958 24088 24179 23080
23523 23623 24560 23837
23514 24421 23857 23170
23600 23800 24523 23791
24219 23171 24238 23582
23384 24430 23443 22977
24337 23357 24170 22897
24295 23240 23951 23165
24372 22928 23837 23179
24274 23320 23897 23208
24374 23342 23947 22758
24373 22862 23781 22774
22802 22789 24636 23325
22888 22710 23484 24823
22936 24197 23512 22894
23287 22694 24839 23242
24373 22383 23765 22564
23968 23581 24401 23934
24118 22605 23871 22957
23354 23900 24420 22871
23257 22853 24541 23591
23985 23449 24494 23723
23179 23123 24343 22492
23861 22985 24283 23847
22822 22748 24276 22578
22581 24661 23642 23661
22659 24705 23453 23642
23116 22673 25797 23170
23355 25077 24287 23290
23824 23190 24527 25133
24915 22912 24340 22644
25125 23759 24199 23451
23095 24904 24404 23324
22581 24661 23642 23661
24742 23849 23925 23365
24700 23906 25039 22925
22659 24705 23453 23642
23498 24345 25503 23872
23392 24790 24729 23287
24001 23595 24936 24506
24062 23228 24585 24588
24981 23727 24219 23368
23807 24237 24165 24360
25125 23759 24199 23451
23624 24844 24725 23373
24658 23664 25308 23251
24091 23043 24696 24452
23306 25052 24400 23473
23298 24553 24485 23534
23639 24499 24305 23485
24482 23984 25075 23155
23985 23453 24863 24771
24799 23719 25173 23030
24169 24566 24005 23088
23811 24138 25069 23843
23782 23389 24610 24971
24272 23488 25624 24232
23873 23777 24882 24403
24652 24100 24959 23042
23558 24182 25043 23741
24027 22996 24701 24637
24020 23266 24393 24682
24158 24478 24683 23567
24041 24482 24637 22971
23234 24625 24542 23636
23158 24479 24159 23885
23437 24918 24381 23263
23542 24573 24018 23442
24563 24066 24722 23215
23767 24104 25161 23725
23853 23281 24521 25096
24215 24455 24799 23341
23860 23366 24616 24983
23679 24195 25063 23624
24197 24219 25134 23421
24414 23801 25413 23869
23427 24996 24364 23357
24377 23315 25651 23924
24766 23572 24059 23515
23427 24996 24364 23357
24210 23332 25596 24283
24075 23688 25515 23715
23973 23265 25780 24215
24121 23353 25660 23946
23738 24422 24500 23685
24697 23871 24797 23231
24713 23737 24096 24131
24850 23767 23961 23601
23877 23618 24534 24884
23908 23515 24286 24900
24030 23563 25578 23799
23892 23574 24678 24841
23827 24385 25058 23643
24587 23915 25156 23077
23213 24530 24588 23453
23614 24672 24601 23430
23835 23855 25200 24106
24489 23175 25274 23989
23806 23411 24507 24945
24280 23049 25386 24173
24458 23365 25318 24031
24066 23834 25557 23673
24607 23857 25155 23193
23869 23689 23950 24800
24001 23556 25673 23757
24464 23251 24548 24316
23459 24669 24779 23415
23526 24692 24755 23396
23866 24023 24487 24148
24511 23738 25449 23865
23298 24553 24485 23534
23502 24694 24560 23416
24502 23140 25270 24005
24638 23493 25227 24235
24293 23717 25272 24061
24511 23738 25449 23865
23994 24150 25087 23783
24367 23964 25018 23187
23707 24071 24491 24296
24537 24393 25015 24066
24112 23064 24648 24738
24350 23836 24839 24307
24553 23305 24834 24301
24112 23064 24648 24738
23903 23551 24745 24794
23481 24890 24341 23584
24747 23520 24979 24167
24736 23458 24945 24261
24327 24428 24660 23254
23870 23578 25726 23667
24306 23589 25341 23973
24239 24015 25174 24136
24295 24158 25094 23258
24710 23874 25177 23007
24383 23525 25175 24204
24048 23094 24658 24655
24450 23411 25334 23955
23527 24684 24759 23320
24502 23140 25270 24005
23106 24521 24667 23434
24871 23564 24001 23502
24981 23727 24219 23368
23955 24645 24593 23368
24027 22996 24701 24637
23805 23753 24601 24890
23995 23678 24871 24657
23897 23930 24880 24470
23967 23412 24486 25035
23932 23595 23947 24865
24916 23500 24008 23473
23870 23578 25726 23667
23906 23831 25204 23751
24700 23906 25039 22925
24431 23505 25282 24067
24710 23508 25004 24243
24614 23936 25033 23223
24628 23775 24947 23335
24323 23243 25252 24159
23368 24683 24782 23359
24430 23258 24845 24368
24850 23767 23961 23601
24259 24414 24495 23372
24162 23274 24731 24398
24081 24503 24181 23524
24392 23216 25294 24164
23839 23996 24381 24253
24305 23285 25790 23980
24419 23353 24532 24381
23883 23605 25594 23910
23967 23412 24486 25035
24761 23557 24881 24190
23819 24150 25107 23635
24942 23762 24031 23452
24441 23216 25356 23999
24419 23595 24639 24349
24942 23762 24031 23452
23850 23359 24527 25025
23926 24205 24353 24459
23444 24651 24647 23439
24567 23803 25013 23352
24003 23937 24826 24353
24322 23815 25244 23976
23481 24890 24341 23584
24373 23808 24657 24265
24885 23518 23991 23478
23730 23278 25383 24287
23158 24479 24159 23885
24059 23918 25279 23501
24724 23806 24057 23300
24981 23727 24219 23368
24073 24505 24179 23476
24715 23790 24874 23432
23908 23515 24286 24900
24885 23518 23991 23478
24713 23737 24096 24131
23868 23688 25185 24869
23187 24001 24494 24163
24250 23991 25039 23342
24048 23094 24658 24655
23884 23496 24880 24787
23856 23963 25042 24623
24441 23216 25356 23999
24450 23894 25191 23162
24433 23190 24490 24372
23367 24489 25018 23448
23700 24186 25130 23733
23975 23603 25575 23624
24106 23283 25784 24168
24211 23514 25369 23905
24742 23849 23925 23365
23856 23963 25042 24623
23933 23593 25157 24350
23234 24625 24542 23636
24724 23806 24057 23300
23187 24001 24494 24163
23926 24205 24353 24459
24003 23937 24826 24353
23224 23925 25118 24355
23960 23245 24547 25120
23224 23925 25118 24355
23700 24186 25130 23733
23960 23245 24547 25120
24450 23894 25191 23162
24710 23874 25177 23007
23850 23359 24527 25025
23437 24918 24381 23263
23883 24481 24756 23583
24211 23514 25369 23905
23857 23833 25326 23733
23824 23190 24527 25133
24001 23556 25673 23757
24322 23815 25244 23976
23730 23278 25383 24287
23975 23603 25575 23624
22659 24705 23453 23642
24850 23767 23961 23601
22625 24417 23562 23557
22796 24624 23557 23601
23223 25043 24257 23281
23875 23183 24480 25089
24008 23299 25569 23565
24777 23444 24228 22405
24869 22786 24252 22610
24908 23531 24030 23435
22666 24620 23587 23506
24848 23578 23923 23412
24217 23004 25355 24112
22968 23891 24511 24412
23148 24871 24294 23381
23646 24022 24282 24420
23130 25042 24389 23360
23761 23667 25462 23475
24590 23859 25161 22971
23488 24701 24658 23285
24038 22890 24590 24344
23732 24579 24396 23159
24757 22864 24146 22579
23897 23004 24512 24797
23948 23184 24611 24575
23938 23187 24430 24894
23210 24801 24208 23389
23320 24738 24609 23259
24846 22848 24318 22548
23716 23389 24543 24927
23972 23590 25553 23632
24476 24100 24951 23010
23950 23106 24213 24395
23022 24828 24367 23396
24836 22880 24264 22458
24106 23920 23994 24031
24432 23140 25253 23885
23156 24205 24051 23927
24276 24292 24573 22779
24420 24232 24996 23109
23695 23694 24894 23987
23955 24465 24604 23554
24685 23369 24904 24059
23447 24801 24308 23148
23237 24440 24708 23265
23542 24159 24346 24303
23359 24307 24846 23912
24691 23709 23949 23277
24632 23436 24969 24120
23780 23413 24309 24879
23603 24071 24481 24170
24255 24368 24603 22854
23829 23508 24782 24660
23730 23533 25327 23809
24724 23383 24866 24156
23830 23355 24544 24833
23827 23612 24557 24830
23928 24106 24746 24046
23403 24731 24615 23275
23119 24845 24361 23363
24500 23570 24715 23580
23708 23764 24715 24383
24242 24081 24761 23221
24833 23633 24079 23398
24294 24290 24684 22852
23864 23477 24971 24694
24777 23444 24228 22405
24325 24212 24658 23329
23845 24045 25063 23731
24282 23790 25178 23832
24162 24178 24922 23484
24386 23746 24774 23858
24173 23704 24443 24222
24045 23818 25269 23505
24286 23571 25217 23719
24196 23152 25152 23969
24376 23495 25080 24135
24149 23989 24123 23902
23582 23931 25129 23149
24091 23794 24021 24198
24081 23862 25013 23502
24294 24290 24684 22852
24536 24090 24626 23081
23598 24088 24323 24262
24798 23652 23938 23384
24536 24090 24626 23081
24388 23874 24912 23565
23556 23669 24947 24332
23075 24382 23935 23971
23938 23443 24857 24726
24357 23620 24637 24205
23332 24712 24627 23369
24338 24032 24816 23198
24127 24357 24632 23585
23764 23958 25114 23782
23764 23524 24881 24697
24203 24329 24613 23273
24000 24090 25054 23397
24149 23989 24123 23902
24261 23826 24657 24134
23890 24144 24566 23711
23569 23844 25010 23875
24054 23392 24454 24267
24328 23394 25162 23968
23836 23907 25102 23670
23230 24125 24446 24040
24254 24228 24778 23178
23756 23586 25553 23750
24369 23846 24975 23456
23075 24382 23935 23971
23728 24379 24346 23775
24276 24292 24573 22779
23890 23791 24790 23635
23737 23766 25001 23924
24363 23949 24766 23438
24161 24372 24945 23548
23639 24211 24460 23721
24071 24028 24989 23596
23839 23422 24783 24760
23872 23647 25336 23650
24339 23806 24784 24166
24130 23816 25056 23414
24004 24145 24075 23795
23746 24161 24819 23816
23640 23577 24572 24760
24328 24028 24943 23467
23768 24297 24964 23663
23754 23386 24606 24923
23894 23633 25344 23596
24330 24081 24707 23836
23836 23907 25102 23670
23773 24377 24313 23649
23746 24161 24819 23816
23773 23707 25057 23912
24330 24081 24707 23836
24004 24145 24075 23795
24335 23954 24961 23262
23639 24211 24460 23721
24335 23954 24961 23262
24777 23444 24228 22405
22438 24573 23462 23592
23466 24662 24514 23133
23581 23329 24397 24818
23615 23366 25457 23512
24641 22670 24218 22248
24685 23341 24051 22222
24896 23171 23879 23245
22548 24529 23533 23587
23932 22991 24676 24471
24354 24172 24640 22835
24758 23617 23989 23162
24136 23673 24513 24165
23818 23277 25229 23643
22895 24230 24250 23797
24354 23709 25046 22922
24137 22997 25320 24034
23285 24357 24272 23401
23369 24616 24626 23109
24442 23883 24931 22974
23178 23976 24032 23943
24527 23712 25003 22878
23761 23061 24145 24728
23668 24458 24578 23225
24654 23395 23908 23384
24232 23028 24720 24017
23806 23189 24162 24672
24113 24279 24424 23254
23116 24496 24598 23311
24346 23571 24203 23131
24598 23106 24306 23564
23973 23249 24963 23720
24064 23785 24352 23849
22967 24606 24241 23180
23861 23327 24322 24621
23851 23106 24661 24533
24310 23662 24556 23200
23920 23517 25398 23327
23709 24054 24592 23667
24225 23972 24837 23360
23072 24340 24215 23752
24154 23821 23885 23405
23898 23126 24585 24480
24142 24027 24800 23138
23933 24126 24486 23559
23604 23496 25385 23520
24464 23448 24264 23038
23650 23931 24963 23556
23645 24566 24381 23013
23087 24204 24155 23772
24470 23732 24044 22983
24255 23462 24651 23499
24080 24339 24316 23302
24039 24001 24508 23641
24172 23521 24651 23524
24240 23486 24888 23448
23849 23429 24859 24626
24388 23782 24756 22975
24109 23755 24999 23466
23210 24180 24360 23563
23798 23369 24767 24722
23715 24252 24331 23688
24091 23944 24769 23525
23991 23053 24627 23737
23767 24150 24281 23465
22961 24268 24259 23729
23892 24155 24887 23234
24253 24118 24333 23132
23436 24233 24270 23725
23758 23990 24565 23415
24029 24259 24358 23266
23206 24595 24518 23358
23963 24044 24375 23306
24090 23768 24920 23407
24311 23984 24528 23121
24253 23417 24540 23516
23439 23987 24858 23572
24381 23421 24351 23413
23190 24259 24043 23793
24091 23994 24325 23819
22464 24367 23483 23388
22475 24508 23456 23534
22500 24400 23229 23587
23750 23271 24324 24647
23888 23236 25348 23272
23894 22866 24595 24394
24496 23410 24135 22316
24259 23943 24190 22707
23024 24130 23854 23518
23079 24069 24115 23698
23847 23242 24642 24290
22735 24094 24184 23467
23310 24063 24720 23012
23700 23454 25147 23094
23195 24248 24362 22871
23879 23699 24940 23340
23452 24134 23957 23393
23498 23262 25342 23393
23949 23477 23883 23602
23662 23463 24921 23346
23836 23331 24446 24520
24069 23753 24491 22976
23087 24444 24288 23358
23237 24224 24028 23381
23853 23582 24408 23426
23072 24319 24461 22959
24115 23828 24377 23144
24021 24216 24423 23157
23946 23377 24830 23191
23882 23550 24809 23465
24040 23867 24824 23086
23800 24329 24243 23131
24216 23565 24520 23192
23813 23407 24313 24562
23754 23996 24451 23480
24211 23433 24266 23493
23879 23861 24649 23277
24152 23476 24144 23381
23486 23971 24516 23406
22318 24461 23436 23466
22929 22741 24464 24023
23460 23191 24989 23259
23835 23329 24373 24443
23969 23821 24751 23026
24001 24034 24143 23046
23094 22809 24529 23981
22502 24302 23478 23216
22995 23817 23873 23631
22882 23974 23841 23506
23834 23529 24565 23449
22742 24036 24001 23333
23750 24115 24363 23085
22929 24305 24216 23117
23984 23127 24392 23084
23980 23220 23970 23272
22879 23853 23791 23293
23413 23336 23863 23145
23437 23598 24360 22992
23824 23360 23783 22638
23375 23274 23759 23075
