10 3.86447
28140 30178 28131
28207 29564 29378
29474 29356 27870
29658 27995 28196
29091 28362 28795
28319 28564 29150
28742 29181 28967
29034 28853 28762
28235 29343 29266
29254 30036 28406
28553 29467 28641
29426 29643 28266
28913 29109 28703
29395 28640 28377
28357 29876 28435
28447 29513 28747
29290 29474 28587
28835 29835 28634
29498 29268 28309
28779 28682 28923
28283 29842 28560
28281 29915 28656
28964 29395 28680
28816 29264 28910
28879 29131 28815
28419 30144 28223
28420 30047 28238
29487 29215 28326
28864 29276 28804
29453 29154 28346
28774 29460 28684
28936 29154 28695
28389 29470 28919
27599 30089 28033
27694 30102 27933
27771 28260 29207
28859 29693 27744
29166 28160 28310
29490 28651 28131
27892 29390 29002
29449 28771 28123
28301 29897 28382
29147 28939 28486
29247 29481 27860
29345 28537 28182
28015 29786 28648
28577 29725 28557
28142 29307 29181
28454 29784 28533
28059 29545 28672
28603 29205 28901
29125 29315 28431
28154 29449 28760
29292 28451 28228
27624 29559 28819
28915 29676 27919
28135 29632 28618
28339 29402 28880
29022 28528 28613
28611 29984 28377
28756 28422 28776
28424 29318 28604
29473 29153 27984
28680 28307 28787
29154 28692 28335
27636 30052 27992
28693 29036 28741
28879 29431 28371
28772 29118 28727
29189 29674 27921
28406 29411 28720
29275 28428 28291
28757 30035 28173
29038 29407 28505
29169 28448 28260
28797 29020 28727
29490 28651 28131
28680 28307 28787
28766 29492 28550
28605 29225 28705
28797 29020 28727
29459 28690 28180
28761 29276 28642
27740 29486 28780
28761 29276 28642
29166 29295 28022
28693 29036 28741
29038 29407 28505
27740 29486 28780
28605 29225 28705
29166 29295 28022
27361 30089 27993
27656 28319 29174
28754 27758 28608
29332 28982 27518
29480 28642 27758
27998 28670 29148
27414 29250 28916
28233 28038 28787
28564 28604 28650
27609 29545 28708
29386 28693 28105
28821 29404 28435
28280 28408 28770
27809 28915 28690
27724 28876 28708
28913 29209 28485
28930 29316 27958
29187 29007 27610
28402 28803 28761
28701 29901 28129
28622 29049 28511
28522 29491 28380
28466 29752 28164
29140 29634 27792
29078 28699 28174
29154 28986 27854
28422 27875 28881
29245 29012 27603
27660 30050 27919
28416 29944 28238
28653 28982 28562
29092 28209 28467
28472 29636 28244
28330 27937 28814
29052 28898 28310
28758 29421 27936
28377 29923 28368
28410 30025 28159
29047 29284 28326
29010 29213 28451
27908 29213 28601
29199 28366 28161
28605 29469 28518
28348 29279 28594
27899 29678 28553
28925 28291 28547
28701 28398 28698
29092 28209 28467
28330 27937 28814
28732 28904 28546
28393 29680 28480
28439 27911 28863
29118 29250 27930
29106 28632 28447
28443 29665 28553
28439 27911 28863
28920 29465 27920
29245 29012 27603
28393 29033 28598
27273 28828 28765
27564 28233 29136
27638 30020 27831
28568 27666 28510
29156 28849 26975
29401 28466 27513
28698 29635 27043
29114 28852 27476
27831 28603 28877
28412 27902 28820
27461 28964 28591
29188 28307 28057
28024 29923 27746
28323 29759 28234
28230 27992 28749
27966 28770 28747
28396 28132 28703
29377 28461 27963
27344 28941 28758
28092 29346 28446
28967 29586 27787
28073 29094 28521
27679 29913 27968
28909 29078 28482
28793 29375 28298
29356 28480 27566
29266 28687 27749
28979 29239 28010
28181 29093 28570
27651 29996 28088
27814 29404 28488
28287 29671 28284
29036 28603 28175
28546 28133 28676
27814 29404 28488
29076 29248 27881
28621 29262 28412
28500 28688 28541
28999 28721 28273
28791 28249 28491
28966 29060 28326
28721 29093 28471
28962 28699 28411
29307 28581 27760
29356 28480 27566
28282 29885 28361
27608 30018 27983
28972 28944 28119
28401 29270 28428
29040 28552 28249
28500 29833 28024
28540 29875 28020
28285 29826 28348
29092 28832 27867
29401 28466 27513
27300 28768 28818
29294 28510 27782
27300 28768 28818
28037 29270 28492
29103 29611 27760
29046 28168 28333
27625 29631 28416
28986 28178 28334
29294 28510 27782
28986 28178 28334
28282 29885 28361
29046 28168 28333
28500 29833 28024
27300 28768 28818
27183 28746 28752
27524 28134 29033
27609 29989 27894
28183 27752 28683
29074 29597 27151
29250 28260 27434
27666 28170 28843
28394 27986 28555
27260 28751 28699
27936 29144 28433
27902 28206 28652
28854 29441 27401
29185 28350 27653
27545 28141 28962
28166 29025 28430
29030 28555 28109
28532 29596 27749
28754 29474 27604
28266 29375 28056
29013 28686 27854
29136 28448 27889
28623 28233 28463
28863 28107 28418
28252 29825 28326
28936 28669 28286
28259 29685 28253
28408 28509 28485
28469 29633 27786
27193 29060 28510
29137 28265 27707
28733 29253 28290
28449 29489 28023
28961 28941 28052
28370 29812 27778
28776 29021 28167
28670 28864 28354
28524 28988 28390
28838 28893 28207
28449 29489 28023
28825 29453 27689
28223 29292 28329
28487 29326 28273
27216 28886 28671
29081 29045 27629
28375 29764 27631
28681 29278 27776
28830 29014 28124
28838 28129 28300
28669 29340 28123
28389 28869 28414
28689 28998 28347
28943 29341 27614
28696 28747 28432
28375 29764 27631
28943 29341 27614
27083 28620 28498
27431 28046 28868
27526 29862 27812
28743 29539 27150
29096 27829 27666
27623 28033 28745
28103 27965 28529
27873 29123 28428
28065 29551 28066
27808 29807 27989
29046 28978 27450
28769 28128 28255
28915 28301 28191
28541 28744 28333
28187 29734 27770
28386 29518 27243
28967 28657 27851
28944 29040 27302
28419 29255 27948
28155 29642 27809
28465 29378 27684
29078 28897 27543
28704 29157 28011
28725 28590 28174
28657 29184 28124
28841 28436 28204
28311 28836 28390
28358 27914 28518
28670 29452 27358
28567 28090 28313
28802 29450 27514
28878 29307 27594
28161 28472 28438
28238 29377 28317
28715 29052 28232
28916 28524 27911
28320 29812 27700
28616 29225 28184
27577 29498 28318
27526 29862 27812
28759 28912 27897
29004 28372 28104
28347 29605 27682
28110 29821 27971
28984 28390 27956
28819 28059 28402
28353 28789 28372
29096 27829 27666
28915 28857 27880
29043 28496 27606
28183 29439 28292
28363 29528 27627
28373 29225 28280
28762 29002 27775
28216 29489 27981
28222 29564 27789
28884 28787 27981
29019 28519 27789
28657 29309 27812
28670 29452 27358
29004 28372 28104
28183 29439 28292
27328 29429 28068
27783 29693 27757
28117 28449 28402
28927 27495 27973
29055 28585 26975
28713 27953 28367
27753 29667 27836
29027 28641 27374
28266 29459 27640
28004 29621 27536
28806 28128 28079
28516 28375 28331
28581 28743 28220
28641 29086 28119
28789 28832 27564
28660 28926 27874
28053 29361 28149
28196 28121 28343
28131 29288 28295
28604 29177 27532
28443 28906 28194
28413 28646 28322
28172 29243 28050
28989 28916 27407
28344 29215 28051
28530 29221 27933
28793 29406 27448
27768 29411 27965
28793 29406 27448
27376 28976 28266
27766 29691 27243
28565 27759 28327
28665 27581 27044
28789 29071 26849
28109 28086 28231
27437 28591 28208
27932 28421 28133
28503 29401 27351
28295 29096 27457
28749 28565 26931
28646 28433 27759
28352 27818 28288
28111 29260 27604
28150 29078 27970
27914 29156 28102
28466 28723 28070
27783 29321 28127
28637 28934 27688
28215 29071 28081
28484 28928 27985
28513 28618 28025
28410 29077 28068
27107 28500 28115
27958 29285 27313
28491 27377 28297
28503 28748 27244
28621 27749 27565
27854 29176 27412
28464 28114 27961
28005 29055 27855
28266 28965 27645
28148 28782 27985
28426 28650 28049
28498 28424 27609
28181 29008 27487
28273 28710 27440
28247 29065 27386
28559 28618 27603
27224 29036 27773
27964 29054 27595
28204 29022 27247
28419 28027 27980
28516 28441 27329
28167 28621 27559
28228 28400 27662
27304 28646 27589
27957 28036 26853
27856 28104 26933
27412 28046 26948
26802 28007 27408
27872 29284 28852
28008 30014 28387
28938 28995 29675
28982 28697 29177
29199 29511 27573
29723 28805 27683
28496 29935 28736
28750 29648 28085
29239 29174 28957
29316 28933 27918
29363 28716 28354
29393 28864 27985
28995 29585 28801
29130 29482 28757
29565 29410 27643
27964 29245 29006
29504 28780 27959
29655 29335 27599
29649 29317 27631
29256 28787 28082
27964 29245 29006
27680 29674 28642
28085 29899 28394
28300 28604 29554
28812 27861 29092
29546 28973 27326
28480 28512 29299
29390 28147 27927
28885 29189 28656
27843 29544 28444
28139 28623 29225
28262 29622 27715
28013 28716 29237
28932 28431 28927
29353 28313 28051
28207 29411 28628
28670 29502 28084
28858 28707 28861
28807 29203 28560
27734 29451 28655
28699 29466 28229
29358 28308 27956
28570 28585 28953
29004 29324 28404
29449 29297 27451
28840 29488 27844
28892 28567 28974
28631 29463 28252
29288 28722 27977
29210 28944 28372
28945 29556 27671
28753 28549 29288
29501 28769 27662
28763 28866 28864
29370 28817 27642
29155 28687 28896
29418 28690 27895
29240 28938 27602
28609 28729 28897
29261 28884 27643
28828 29370 28234
29450 28779 27703
29443 28927 27513
29086 29236 28231
28942 29284 28462
29070 29334 28373
29144 29482 27565
29367 29252 27566
28674 28697 28889
29443 28927 27513
29127 29252 27707
28942 29284 28462
29210 28944 28372
29070 29334 28373
29127 29252 27707
29070 29334 28373
29450 28779 27703
29127 29252 27707
27564 28667 28981
28026 28594 29552
28082 29843 27744
28733 27785 29030
28881 29388 26473
29483 28682 27184
28316 28259 28901
28542 28024 29092
28301 28392 29245
27694 29570 28383
29184 28892 28260
28470 28969 28596
28817 29285 28014
27883 28618 28971
28043 29768 28181
28489 29459 27957
28699 28706 28531
28160 29502 27634
28859 29097 28489
29106 29333 27559
28644 29308 28255
29432 29018 27378
28878 28133 28931
28177 27939 29353
27665 29623 28450
28030 29664 28302
29404 29182 27382
28034 28574 29413
27883 28618 28971
29273 28564 27554
28047 29740 28192
28515 29045 28594
29003 29033 27861
29077 28563 28609
28904 27905 28665
28261 28752 28826
28263 28461 29130
28783 29191 28389
29370 28536 27733
28060 28401 29212
28938 29255 27720
28203 28611 28861
28742 29427 27820
28832 28422 28794
28048 28401 29345
28201 29238 28463
27694 29570 28383
28918 28794 28330
28953 29189 27655
29003 29033 27861
29245 28822 27580
28179 28501 29110
28782 28168 28834
28940 28541 28630
29433 28842 27419
29247 28958 27488
29249 28235 27796
28782 28168 28834
28650 29245 28331
28869 28656 28730
28904 27905 28665
27607 28811 28751
28902 28566 28774
29385 28840 27475
28535 28587 28853
27628 28831 28688
29254 28641 27624
28866 28850 28343
28180 28594 28941
27664 28762 28807
29247 28958 27488
29226 28451 27793
28742 29427 27820
27616 28765 28706
28729 28563 28842
29433 28842 27419
29249 28235 27796
28736 28603 28752
28866 28850 28343
28166 28524 29104
27628 28831 28688
28953 29189 27655
27607 28811 28751
29254 28442 27792
29268 28398 27762
29385 28840 27475
29226 28451 27793
29254 28641 27624
27616 28765 28706
29268 28398 27762
28166 28524 29104
28263 28461 29130
29254 28442 27792
29432 29018 27378
27664 28762 28807
29370 28536 27733
28650 29245 28331
29370 28536 27733
29433 28842 27419
27883 28618 28971
27255 28704 28676
27869 29676 27702
27972 28469 29484
28486 27619 29023
28751 29321 26515
29392 28587 27247
27561 29396 28161
28271 28239 29229
27419 29424 28361
27770 28819 28546
28697 27751 28974
28756 29250 26953
29363 28190 27686
28021 29560 28084
29134 29083 26692
28560 29219 27830
28167 28554 28802
28654 28040 28736
28888 29158 27442
28486 27619 29023
28088 29339 27926
28767 28027 28726
29031 28980 27544
28782 27824 28910
27406 28519 29028
29325 28743 27078
28772 27879 28683
29207 29103 26680
28737 29189 28005
27406 28519 29028
28416 28801 28561
28749 28115 28710
28253 28997 28535
29065 28926 27094
29115 28593 27859
28915 29138 27511
28811 28081 28631
27480 28815 28588
28016 29606 28010
28017 28341 29321
29189 29020 26689
27908 28545 28936
28851 28518 28278
28119 28746 28671
28094 28297 29017
27838 29216 28435
28998 29067 27506
27986 28405 29393
29292 28909 27208
28379 29248 28227
27514 28575 28721
29089 28867 28249
28093 28564 28857
27932 28512 28911
28812 28759 28258
28895 28369 28486
28414 29000 28034
28832 29002 27892
29122 28709 27728
27986 28405 29393
28680 28958 28245
29321 28323 27511
28877 28965 27794
29020 29140 27504
29242 28743 27518
28322 28892 28509
29117 28660 27758
29292 28909 27208
28322 28892 28509
28362 28896 28422
29117 28660 27758
28034 28351 29011
28752 29269 27811
28772 27879 28683
27869 29676 27702
29024 29064 27134
28806 28360 28593
27915 29052 28468
27955 29641 27762
28782 28867 28421
29010 28463 28474
28091 28445 29000
29224 28341 27759
28756 28409 28556
28017 29656 27711
29023 29048 27521
29207 29103 26680
27838 29216 28435
28798 29164 27907
29024 29064 27134
27955 29641 27762
28752 29269 27811
29024 28873 28203
28681 28898 28180
27925 29647 27782
28034 28351 29011
28091 28445 29000
28798 29164 27907
28681 28898 28180
28740 28555 28722
29024 28873 28203
27925 29647 27782
28798 29164 27907
28772 27879 28683
29023 29048 27521
28752 29269 27811
27380 28443 28798
27847 29612 27695
28176 28205 29145
28403 27506 29004
29042 28864 26541
29235 28787 26833
29041 28830 27105
28256 27599 28944
28645 27950 28716
29068 28754 27453
27941 29358 27762
29207 28057 27533
28761 27815 28782
28221 29231 28097
27827 29055 28288
28437 28993 27883
28935 27826 28380
28294 28535 28404
29098 28587 27808
27855 29536 28017
27710 28442 28828
27507 28426 29067
28079 29152 28151
27895 29496 27950
27601 28329 29137
28836 28614 27602
27972 28412 29056
28984 28276 28202
29153 28309 27750
28369 28829 28232
28874 28651 27517
28805 28918 27603
28538 28760 28357
28135 28239 28948
28672 28476 28607
27578 28448 28710
27710 28442 28828
28772 29101 27750
28538 28760 28357
28388 28929 28070
28421 28522 28677
28015 28207 29128
29176 28740 27497
28169 28797 28498
27872 28728 28573
28074 28667 28657
28989 28212 27921
28039 28421 28998
28112 28854 28260
28802 28359 28533
27895 29496 27950
28664 28956 27911
27510 28685 28574
28801 28800 28157
28672 28476 28607
28248 28653 28501
28650 28770 28264
28175 28681 28530
27510 28685 28574
28761 27815 28782
27257 29278 27851
27753 29502 27678
27866 28402 28984
28064 29112 27417
28541 27843 28698
29077 28081 27504
27624 29314 27743
27935 28308 28829
28155 28717 27603
28899 28218 27797
27715 28784 28061
27452 28884 28184
27671 29023 28171
29022 27944 27700
28752 28278 28444
28656 28340 28423
28646 28173 28539
28429 28652 27970
27375 28821 28211
28030 28661 28317
28297 28601 28256
28694 29071 27436
28127 28526 28447
28482 27927 28610
28522 28127 28581
28344 28694 27714
28955 28697 27482
27992 28679 28272
28718 28543 28151
27471 28546 28607
28248 28641 28154
28605 28408 28565
28257 28667 27991
27375 28475 28673
28437 28422 28435
28928 28523 27701
27745 28456 28628
27375 28475 28673
27471 28546 28607
27745 28456 28628
27176 29005 28167
27613 29473 27287
27803 27659 28716
28368 29040 26909
28842 28458 27362
27262 28813 28117
28677 28390 27665
28083 28347 28461
27580 28330 28627
28251 28928 27049
28616 28027 28368
28561 28311 28292
28788 28298 27431
28235 28280 28413
28624 28109 28359
28299 28060 28509
28818 28609 27297
28270 28649 27359
27811 27960 28429
28144 28837 26983
28587 27763 28320
28668 27986 27516
27834 28313 28049
28642 28575 27222
27856 28144 27362
27984 28811 26986
27991 28033 28155
27227 27741 28129
27950 28440 26852
28383 28411 27190
27686 28297 27893
27769 28197 26925
27491 27630 29253
28933 30461 27620
29354 29332 26463
29903 28432 28085
28125 27851 29124
29694 29273 26687
27666 27648 29137
28509 29105 29049
28616 30154 27747
28846 28796 28957
28745 30122 27819
28936 30003 28376
29151 29533 28520
29282 29458 28712
29008 29754 27637
29013 28138 28965
28611 29703 28504
29789 28909 27963
29431 29066 28228
29606 29031 28306
29221 28153 28850
29331 29418 26555
29613 28915 28148
28512 29196 28956
29088 29443 28844
29321 29258 27980
29102 29265 28860
29362 29205 28095
29404 28851 28326
29404 28851 28326
27563 27750 29105
28735 30083 27589
29505 29052 26615
29834 28304 28023
27764 27771 29043
29620 28619 27032
28086 29353 28770
27898 29952 28113
28267 29288 28752
28388 28722 28846
29334 29222 26654
29541 28690 27279
27638 30007 27790
28961 27982 28890
28532 30074 27767
29711 28513 27056
28949 27990 28678
28350 28698 28926
28908 29583 27868
28929 29662 27072
28671 30067 27606
29678 28605 27336
29429 29016 28271
28652 29763 28368
28945 28880 28395
28793 29412 28540
29323 28428 28321
29666 28348 27547
28721 28146 28795
28721 28146 28795
28532 29065 28779
29095 29516 27452
28859 29672 28267
28375 29465 28501
29292 28952 28291
28775 29829 28286
29021 28681 28434
28861 29762 28013
29015 28537 28539
29298 29246 27423
29131 29140 28351
29193 29166 28223
28976 28655 28625
27575 29968 28058
29244 29160 28248
29130 29433 28134
29116 29486 27544
27604 29274 28780
28895 29622 28309
29199 29242 28074
28694 29870 28183
28872 29641 27502
29075 29200 28188
28694 29870 28183
29343 29030 26637
28874 28887 28776
29264 29095 28066
29340 29102 27479
29058 29202 28278
28976 28655 28625
29328 29029 27945
29328 29029 27945
29343 29030 26637
27512 27473 29079
27868 30032 27582
29170 29217 26301
29782 28234 27867
29176 29172 26670
27705 27711 28953
28412 29971 27756
29316 29171 26330
29238 29078 27402
28827 27909 28813
29692 28469 27032
28696 29831 27168
27843 28793 28676
27718 27891 28906
29621 28603 27088
28035 29109 28610
28197 30019 27246
28107 28951 28625
27717 27700 28936
28578 29736 28317
28209 28914 28511
28995 29428 27049
29512 28639 26926
29512 28639 26926
28333 28471 28816
28783 28743 28774
28873 28587 28396
28904 29561 27800
28262 28640 28902
28952 29332 27877
28853 29663 27840
28521 29779 28213
28495 29819 28221
29490 28650 27235
28707 29824 28187
28361 28289 28793
28781 29276 28451
29257 29025 27221
28315 28330 28904
28852 29288 27974
28742 29372 28364
29120 29378 27773
29370 29009 28236
29011 28677 28319
28887 29601 27904
28869 28274 28705
29394 28981 28253
29037 29091 28307
28913 29278 28064
29398 28915 28082
28868 28276 28563
28315 28330 28904
29398 28915 28082
29095 29130 28270
28204 29211 28599
29095 29130 28270
29019 29156 28239
28775 29567 27959
28862 29035 28347
28759 29746 27938
28760 29581 28079
29398 28916 28033
28902 29396 27910
29398 28916 28033
29037 29091 28307
28902 29396 27910
28759 29746 27938
28862 29035 28347
27157 29983 27282
27658 27527 28914
29267 28957 26468
29596 28428 27033
27253 29865 27458
29474 28473 26913
28789 27989 28503
27618 29906 27400
29391 28354 27216
29088 29248 27639
28082 27709 28830
28302 29130 28338
29252 29021 26582
28803 29502 27620
27904 27738 28751
29436 28594 26977
27929 27656 28839
28894 29409 27357
28182 29092 28599
29223 28752 28107
27796 27665 28904
29356 28881 27960
27658 27527 28914
28703 28823 28400
28891 29325 27703
27835 27909 28888
28356 29261 28316
28507 28498 28588
27207 29936 27213
29366 28682 28154
28583 29660 27880
28164 28517 28749
27835 27909 28888
28644 29347 28206
29252 29021 26582
28428 28710 28694
29596 28428 27033
28938 29376 27118
28670 29085 28036
28587 29619 27777
28410 29853 27682
28540 29822 28175
28511 29758 28186
28602 29576 27948
27901 27620 28896
28739 29539 27895
28440 28763 28434
29006 29129 27962
28629 28709 28507
28853 29016 28077
28785 29544 27813
29022 28942 28307
29267 28949 27393
29463 28446 27146
28650 28406 28734
29022 28942 28307
28832 29646 27424
28570 29770 27887
29455 28378 27183
29391 28354 27216
28938 29376 27118
29244 28991 27626
28809 29093 28012
28440 28763 28434
28698 29554 27996
28841 29628 27365
28707 28380 28745
28769 27711 28750
28799 28736 28336
29245 28951 26983
29378 28747 28009
27901 27620 28896
28698 29554 27996
27658 27527 28914
27901 27620 28896
27149 29874 27395
27261 29877 26470
27775 27556 28903
28984 29089 26442
29527 28411 27000
29420 28128 27085
27324 29867 26846
28198 28650 28503
29134 28867 27851
29183 28940 26642
27680 29807 27593
29364 28498 26944
28950 29226 27029
27798 27908 28881
28701 27737 28367
28139 29487 27999
29298 28700 27977
27513 29322 28129
29376 28446 27219
27842 27595 28856
27920 29748 27244
28304 28250 28570
28116 28304 28718
28812 29010 27716
28643 29567 27355
29173 28925 26688
27987 29014 28408
27765 28664 28591
29385 28398 27083
28621 27787 28732
29013 28769 28211
28976 29102 27661
28994 28957 27777
28373 29297 28133
28532 28698 28297
28699 28158 28700
28799 29039 27933
27650 29073 28471
28474 29688 27922
28492 29645 27485
28652 29399 27886
27742 29772 27705
29020 28743 28053
28056 28996 28394
27791 29611 28124
28551 28205 28726
29061 29058 26746
28416 29731 27899
27804 27835 28808
28327 29148 28164
27890 27673 28817
27813 29763 26926
29049 29040 26759
28492 29645 27485
28030 29560 28042
28308 28269 28524
27613 29755 27887
27890 27673 28817
28600 29052 28176
28617 27859 28701
29019 28957 26843
27552 29167 28230
28604 29363 27906
28310 29152 28263
28677 29201 27990
27552 29167 28230
28668 29335 27995
28030 29560 28042
28690 29299 27893
27126 29735 27404
27312 29830 26685
27622 27736 28876
27669 27615 28858
29008 28914 26569
29481 28407 26958
29233 28585 27699
27678 27631 28783
28591 27970 28629
27555 29726 27478
27825 28715 28382
27867 29278 27885
28699 27878 28544
28542 29550 27028
28523 28706 28027
28890 29091 26904
27618 29474 27172
27408 28295 28511
27277 29756 27322
28345 28568 28132
27214 29762 27054
29076 28309 27838
28773 29020 27440
28162 28586 28418
28183 28945 28211
28629 29301 27676
28907 28945 27509
28327 28772 28057
27994 28298 28485
28575 28151 28629
28858 29026 27110
28261 28266 28426
27973 29388 27397
28615 29139 27689
27299 28160 28601
28655 28501 28137
29066 28862 27798
28973 29072 26917
28229 29477 27146
28293 29365 27385
28282 28939 27945
28676 28350 28108
28686 28879 27795
28635 28663 28108
28171 28954 28152
27281 29697 27281
28268 28048 28600
28332 27829 28503
28639 29069 26705
29189 28577 27539
27356 29384 27360
27556 29236 27079
27689 28144 27978
28979 28823 26806
28532 27975 28158
27973 28306 27919
29014 28769 27242
28197 28666 27909
28334 28028 28130
28507 28268 27868
28880 28513 27704
28911 28512 27757
27942 29034 27659
28679 28817 27582
27875 28800 27861
28619 29200 27635
28561 28635 27831
28936 28577 27659
28556 28649 27642
27603 28223 27876
27766 27824 28558
28012 29182 27471
28281 27260 28187
28446 29102 26617
29105 28433 26744
28378 28833 26837
29045 28557 27331
28246 27772 28425
28001 27979 28151
28902 28084 27655
28560 28386 27828
28171 27947 28409
28320 29082 27391
28411 28663 26632
28767 28266 27581
28755 28631 26761
28143 29180 27422
28615 28282 27669
28630 28140 27667
28581 28511 27600
28161 28422 27859
27329 27120 28539
28286 29025 26686
28903 28473 26797
28189 27608 28090
27717 28953 26921
28370 27597 27783
27385 27236 28183
27613 27990 27646
28296 28858 27333
27595 27312 28099
28616 28437 27208
28370 28379 27584
28750 28185 27196
28771 28043 27373
28850 28029 27186
27143 27554 27389
27900 28756 26558
28404 28067 27168
28102 28748 26862
27821 28234 26354
28110 30073 27981
28197 30128 27951
28668 30090 27631
28681 29645 29640
29483 28128 28288
29587 29562 28270
29114 28726 29628
28235 29730 29092
28367 30021 28265
28559 29861 29085
28730 29614 29517
29417 29519 28315
29206 29983 28525
28198 30024 27881
29349 29711 28005
28997 29175 29523
29000 29367 28540
29337 28888 28714
29099 29300 28634
28949 29358 28774
29286 28787 28992
29286 28879 28908
28889 29340 28965
28860 29588 29044
28721 29867 28654
29317 29678 28481
29347 29641 28420
29101 29183 28703
28797 29670 28646
28178 30098 27963
28697 29571 29563
28743 29716 28645
28067 29697 28975
28608 29527 29524
28623 30030 27593
28708 29964 27565
28844 28765 29102
29468 29513 28237
29304 29256 28434
28261 29589 29220
28980 28945 28932
28627 29953 27960
28113 29960 27680
28767 29186 28871
28536 29622 29022
29234 29462 28473
28948 29783 28290
28303 29882 28114
28113 29960 27680
28578 29550 29448
28403 29812 28685
28926 29339 28727
29109 29765 28467
28836 29069 29286
28458 29773 28960
29173 29711 28454
28802 29864 28178
28916 29902 28097
28702 29010 29379
28669 29096 29384
28836 29356 28518
28737 29515 28800
28546 29831 28529
29045 28989 28596
28930 29031 28643
29264 29658 28023
29157 29905 28021
28671 29688 28584
29034 29162 28524
28833 29468 28666
29245 29666 28147
28405 29918 28041
28655 29148 29000
28649 29244 28918
28809 29521 28616
29162 29549 28508
28729 29342 28916
28977 29770 28248
28405 29918 28041
29045 28989 28596
28655 29148 29000
28649 29244 28918
28708 29964 27565
28977 29770 28248
28729 29342 28916
27819 29581 29051
28356 30020 27441
28439 28963 29401
28547 30015 27435
29115 28690 28458
29392 29091 27895
28474 29942 27598
28848 29834 27823
27984 29422 29309
28973 29761 28147
28767 28996 28933
28074 29216 29373
28210 29291 29215
27867 29482 29120
28474 29942 27598
28886 28834 28645
29031 29648 28299
28167 29738 28650
29125 29486 28371
28676 29847 27948
28636 29902 28031
29201 29639 28062
28272 29614 28775
29338 29341 27997
28263 29866 28053
28352 29524 29091
27819 29581 29051
29288 29165 28412
29061 29688 27873
28356 30020 27441
28631 28919 29338
28430 29529 28723
28600 29388 28694
28697 29282 28782
28565 29054 29212
28981 29750 28211
28563 29321 28873
29234 28883 28425
28995 29047 28485
29335 28887 28205
28367 29544 28858
28922 29345 28475
28868 29169 28701
28755 29432 28610
28107 29351 29153
28851 28944 28765
28586 29454 28767
28367 29544 28858
29066 28841 28454
28805 29413 28617
29207 29663 28060
28653 29574 28555
28430 29708 28630
28997 28977 28510
28557 29592 28395
28117 29390 29146
28839 29261 28625
28826 29271 28607
29288 29165 28412
28853 28891 28766
29066 29395 28440
28654 29476 28455
29009 28879 28571
28864 28874 28771
28896 29272 28518
28756 29577 28342
28352 29524 29091
29009 28879 28571
28697 29282 28782
28102 29420 29363
29201 29639 28062
28816 29393 28533
28886 28834 28645
28760 29484 28405
28560 29421 29141
28756 29577 28342
28102 29420 29363
28816 29393 28533
28839 29261 28625
28835 29418 28458
28896 29272 28518
28864 28874 28771
29066 28841 28454
28107 29351 29153
28654 29476 28455
27798 29558 28752
27875 29925 27559
28271 29919 27321
28393 28904 29394
28742 28401 28819
29316 29299 27847
27914 29342 29165
28783 28576 28760
28342 29256 28985
28207 29748 28203
29242 28878 27918
28571 28472 29078
29138 29578 28060
28998 29585 27639
28502 29009 28923
29100 29398 28254
28478 29869 27829
28775 28666 28666
28686 28419 28889
28468 28852 29312
28288 29057 29002
28913 29657 27714
28219 29817 27987
28050 29882 27977
28434 28931 29373
28590 29891 27481
28621 28798 28875
28952 29607 28181
28139 29664 28497
29201 29103 28330
28903 29725 28088
28080 29524 28765
27833 29510 29010
28734 28509 28762
28553 29197 28525
28775 28666 28666
28244 29391 29017
28532 28885 29212
28663 29842 27571
28590 29891 27481
28863 29072 28654
28736 29180 28576
28766 29114 28694
28748 29834 27693
28996 29487 28101
28230 29656 28568
28868 28996 28552
28357 29730 27965
28543 29419 28776
29220 28925 28408
28470 29449 28471
28852 29107 28416
28390 29473 28316
29241 28944 28349
28608 29173 28737
28621 28798 28875
28804 28409 28744
28139 29664 28497
28516 28962 29132
28362 28943 29269
28518 29321 28867
28908 29380 28297
28072 29157 29276
28460 29821 27852
28626 29453 28396
28067 29263 29195
28949 29420 28233
28835 29123 28498
28269 29149 29137
28977 29109 28299
28830 29441 28344
28268 29310 29117
29105 29305 28222
28722 29576 28279
28576 29597 28215
28465 29880 27650
27875 29925 27559
28663 29842 27571
28608 29435 28507
28956 29325 28297
28742 28401 28819
28370 29883 27647
28626 29453 28396
28996 29487 28101
28067 29263 29195
28460 29821 27852
28722 29576 28279
28222 29421 29128
28868 28996 28552
28863 29072 28654
28050 29882 27977
29105 29196 28281
28268 29310 29117
29105 29196 28281
28222 29421 29128
27643 29650 28541
27798 29898 27550
28310 29852 27470
28358 28812 29367
28698 28268 28765
29303 29240 27845
28372 28495 29033
27948 28968 29239
28598 28666 28800
27789 29868 27637
27972 29859 27812
28750 29041 28479
29303 29240 27845
29137 29378 27963
28024 29590 28395
28101 29299 29109
28401 29468 28186
28480 28920 28916
28256 29737 27841
28834 28710 28622
27878 29883 27526
28960 29111 28185
27832 29488 28998
28329 29176 28738
28654 28397 28836
28594 29818 27552
27700 29402 29036
29109 28757 27983
28504 28859 28564
27930 29537 28472
29059 29522 27944
28223 28859 29155
28582 29316 28474
28034 29411 28904
28219 29096 29078
28654 28397 28836
28727 29834 27475
28787 29414 28267
27837 29442 28590
29077 29146 28130
28918 29413 28040
29075 29256 28149
28608 29367 28339
28687 28802 28604
28825 29555 27887
28856 28950 28561
28874 28912 28254
28170 29670 28007
28487 29396 28685
28298 29845 27818
28700 29401 28321
28190 29686 27980
28623 29706 27833
28033 29609 28330
28804 29341 28238
28497 29385 28696
29079 29168 28031
28815 29702 27622
28228 29107 29019
28173 29122 29061
28483 28891 28852
28144 29376 29097
28637 29425 28334
29059 29522 27944
28909 29533 28140
28804 29341 28238
28481 29680 27885
28669 29526 28142
28225 29154 29056
28483 28891 28852
28144 29376 29097
28815 29550 28038
28815 29702 27622
28918 29413 28040
27532 29672 27843
27844 29875 27464
27946 28999 29075
29240 28010 27622
28775 28621 28622
28622 28864 28518
27740 29463 28543
28466 28756 28765
29093 28725 27941
28520 29404 28090
28790 29160 28164
28291 29834 27733
28192 29058 28782
28985 29023 27944
28126 29372 28349
29027 29158 27907
28448 29321 28301
28092 29236 28976
27999 29371 28888
27797 29801 27764
28207 29775 27739
29069 28839 27818
27820 29312 29029
28764 29355 28143
28241 29563 27816
28030 29237 28924
28105 29086 29074
28875 29272 28124
28008 29569 28314
28125 29511 28029
28842 29520 27857
28833 29517 27999
28401 29382 28141
28320 29362 28600
28420 29341 28600
27840 29475 28340
28875 29272 28124
28016 29351 28950
27485 29347 28565
27894 29578 27211
28073 28881 29028
28846 28512 28043
28967 29022 27559
28464 28812 28426
27762 29103 28375
27732 29459 28234
27834 28899 28564
28746 29245 27811
28163 29358 28252
28912 29073 27799
28372 29037 28170
28463 29437 27990
28608 29013 28122
28234 29017 28445
28544 29341 28142
28665 29500 27866
28689 29246 28073
28840 29069 27897
27330 29071 28371
28396 28375 28183
28474 29242 28091
28894 28973 27460
28559 29157 27755
28476 28687 28095
28682 29076 27998
27926 29221 27707
28470 29158 28067
28536 28931 27957
27779 29194 27228
28115 29105 28055
28184 29157 27469
27880 29141 27935
27991 29114 28051
27792 28987 27612
28098 29059 27581
28023 28865 27482
27389 28716 27300
28346 30385 28615
28705 28838 29744
28871 28500 29226
29468 28907 27556
29575 28820 28263
28680 30172 27767
28986 29896 28116
28528 30091 28723
29477 28597 28790
29410 29520 28990
29428 28795 28399
28828 29249 29257
29290 29256 29168
29105 29823 29034
28820 29824 29643
29443 29053 27560
28797 30056 27979
29229 29699 28705
29252 29676 28936
29333 29120 29008
28734 29813 29678
28692 29997 28067
28798 29972 29651
29313 29692 28739
28195 29805 28962
28328 30364 28577
28501 28491 29689
28565 28100 29420
29328 28986 27611
29464 28522 28025
28504 29985 27860
29102 28805 29122
28982 29484 28892
28415 29274 29508
28850 29518 29001
29440 28597 28094
29308 29384 27961
29243 28876 28371
29344 28932 27635
28759 29934 28915
29340 28684 28282
28613 28272 29366
28515 28420 29403
28777 28719 29192
29437 28545 28414
29236 29632 28733
29398 28670 28774
28561 28127 29534
28666 28129 29410
28966 29668 28056
28608 29073 29298
28491 29126 29409
28449 29621 29044
28638 28212 29417
28820 29680 28073
29187 29322 28942
28824 29598 28995
29409 28734 27937
28425 29670 29298
29199 28931 28931
29437 28765 27878
29187 29322 28942
29376 28797 28043
28496 29945 27947
28504 29985 27860
29376 28797 28043
28820 29680 28073
27712 29975 28210
28497 28292 29616
28514 28074 29458
29263 29204 27581
29463 28483 27976
28048 29312 29271
28498 29786 28707
28792 29553 28866
28514 28074 29458
28238 28870 29401
28146 29937 28165
28948 29510 28439
28634 29015 28971
29197 28249 28458
28546 29693 28344
29119 29395 28592
28435 29871 28207
28908 29559 28577
29086 28294 29066
28281 28439 29339
28758 29595 28163
28053 28330 29453
28681 29451 28935
29145 28772 28485
29372 28561 27742
28377 29084 29092
28396 29143 28974
28689 29413 28892
29172 28912 28315
29237 28872 27843
29305 28628 28403
29218 29430 28025
28563 29905 27906
28328 28384 29370
28481 28886 29272
28594 28581 29153
29372 28561 27742
29088 28412 28957
29226 28755 28254
29337 28675 27897
28592 29639 28092
29331 28757 27954
29227 28684 28127
28506 28661 29033
29133 29153 28885
29307 29103 27652
29307 29103 27652
28487 28574 29187
29087 29525 28424
28299 28340 29373
28571 29644 28079
29364 28647 27786
29364 28647 27786
29172 28614 28477
28331 29101 29155
28505 28647 29103
28908 29559 28577
28571 29644 28079
29210 28890 28083
29226 28755 28254
28299 28340 29373
29145 28772 28485
29172 28912 28315
29227 28684 28127
29179 28657 28470
28331 29101 29155
28487 28574 29187
29172 28614 28477
28487 28574 29187
29364 28647 27786
29179 28657 28470
29172 28614 28477
29226 28755 28254
26918 29620 28591
27579 29907 28128
28048 27998 29473
29153 28912 27417
29390 28471 27789
27722 28342 29206
27212 29567 28395
28233 29849 27932
28789 29336 28662
28934 28200 29053
29279 28437 28203
28422 28097 29346
28601 29553 28724
29041 29449 28072
28502 29686 28105
28254 28320 29237
28390 29785 28317
28377 28174 29414
29102 29375 28449
29071 28529 28865
28594 28373 29121
29262 28655 27640
28435 28017 29386
29298 28604 27778
27038 29593 28338
28469 28795 28979
28408 29842 28196
28596 29145 28771
28298 29071 29141
29316 28570 27553
29316 28570 27553
27189 29588 28373
29020 29074 28513
29024 28988 28663
28266 28250 29321
29262 28655 27640
28539 28865 28953
28897 29272 28503
28266 28250 29321
29016 28911 28672
28468 29764 27905
27038 29593 28338
28293 29510 28865
28861 29518 28456
28348 28873 29080
29088 28629 28606
28486 28691 28956
28561 29251 28805
28792 29201 28701
28826 29208 28576
28527 29898 27889
29199 28558 27815
29151 28766 27819
28527 29898 27889
28428 29026 28813
29112 28873 27822
28451 28596 29194
28849 29555 28361
28891 28772 28857
28339 29455 28774
28442 28831 29076
29041 28689 28751
28339 29455 28774
29162 28565 28332
29199 28558 27815
28826 29208 28576
28428 29026 28813
28449 28893 28849
28792 29201 28701
28561 29251 28805
29132 28575 28512
29120 28830 28467
29088 28629 28606
28233 29849 27932
28468 29764 27905
27189 29588 28373
29065 28771 28479
29127 28654 28073
28486 28691 28956
28897 29272 28503
29298 28604 27778
28451 28596 29194
28536 28860 28954
28449 28893 28849
29160 28653 28370
29041 28689 28751
28826 29208 28576
29151 28766 27819
29065 28771 28479
29120 28830 28467
29160 28653 28370
28536 28860 28954
29112 28873 27822
29016 28911 28672
29127 28654 28073
29016 28911 28672
29199 28558 27815
27449 29548 28597
27648 29864 27730
28365 28086 29400
28500 29550 27434
28959 27906 28515
29240 28222 27786
27750 29795 28129
29210 28559 27575
28035 29527 28440
27594 29687 28193
28887 29237 27935
28337 28429 29083
28500 29550 27434
28385 28028 29289
29172 28317 27982
28436 29831 27815
28222 28259 29196
28416 27926 29350
28593 29442 27997
28731 28857 28695
28069 29029 29001
28809 28555 28755
28280 28617 29122
28119 29329 28856
28503 28202 29077
28281 29803 28119
28317 29715 27997
29088 29126 28138
28554 28664 28804
29008 28742 28294
28363 29760 27979
28968 29192 28229
29078 28631 28447
28849 29362 28360
28097 28787 28971
28320 28287 29158
28573 29499 28422
28878 28896 28568
28908 29166 28375
28396 28208 28932
28146 28943 28878
29002 28806 28425
28506 29116 28686
28761 29000 28593
28773 28690 28782
28152 29088 28845
28576 29416 28317
28925 28055 28986
28376 29646 28295
28182 29675 28272
28435 28759 28899
28929 28679 28485
28179 28908 28765
28740 29081 28651
28828 28940 28497
28831 29144 28455
28773 29394 27996
28215 29361 28695
28789 29172 28437
28801 28889 28590
28731 28857 28695
28376 29646 28295
28571 29419 28613
28325 28792 28882
28425 29525 28444
28740 29081 28651
28959 27906 28515
28969 29107 28423
28752 29138 28589
28571 29419 28613
28182 29675 28272
28317 29715 27997
28969 29107 28423
28752 29138 28589
28571 29419 28613
27226 29528 28335
27834 29826 27633
28346 27938 29372
28612 27936 28897
29067 28424 27961
27504 28446 29073
27274 29523 28278
28348 29394 27731
28133 28138 29024
28059 28822 28884
27575 28920 28994
28371 28703 28795
28807 28175 28668
27940 29011 28771
28272 29577 27883
27501 29567 28261
28771 28335 28689
28707 28952 28568
28563 29204 28473
28980 28592 28261
27681 29335 28569
29014 28967 28005
27755 29096 28793
28011 29367 28504
28845 29072 28390
28186 29637 28232
28475 28865 28673
28404 28993 28586
28188 29525 28121
28789 28319 28679
28894 28611 28465
27648 29688 28084
28517 29368 28458
28164 29778 27917
27648 29688 28084
28564 29340 27670
28233 29770 27962
28140 29149 28673
28939 29071 27890
28920 28999 28316
28396 29547 27657
28266 29628 27888
28399 29034 28686
28233 29770 27962
27017 29526 28309
27603 29717 27373
28015 27970 28836
28997 28635 27441
28137 29691 27706
28858 28887 27832
28212 28258 28783
28330 28694 28498
28760 28334 27997
27890 28571 28646
28452 29138 28441
27179 29597 28164
27771 29617 27876
27459 29358 28369
27382 29616 28055
27035 29436 28238
28673 28668 28297
28173 29031 28555
28515 29039 28123
27630 29565 28110
28972 28517 27992
28922 28659 27977
28467 29275 28223
28037 28534 28592
28459 29333 28421
27778 28664 28612
27396 29469 28156
27980 28526 28789
27572 29357 28116
27023 29521 28221
27934 29356 28149
27017 29526 28309
27854 28437 28730
28101 28065 28743
28119 29537 27570
28827 28846 27464
28840 28435 27991
28442 28605 28230
28051 28138 28569
28290 29095 28254
27872 28860 28391
28385 28790 27710
28085 29080 28275
28827 28701 27719
28431 28669 28251
27293 29095 28195
27766 27327 28541
28030 29341 27522
28616 28434 27692
27996 28961 28132
28275 28667 28147
27052 29002 28072
27599 27859 28136
27895 29205 27192
28491 28277 26870
27558 28370 27757
28207 28159 27955
27682 28311 27504
28132 28311 27338
27405 28497 26952
