1 0.0269633
13848 13996 14074 13503
14095 13534 14362 13272
13531 14213 13442 12828
13376 14368 13887 13197
13538 13737 14314 13888
13648 14064 13686 13557
13759 13973 14462 13213
13446 14212 13716 13048
13960 14186 13684 13194
12683 13674 13679 14001
13131 14106 13784 13727
13787 12677 14392 13712
13895 13572 14219 13274
13748 14057 13832 13580
13818 13508 14364 13440
13188 13610 13670 14170
13953 13891 14152 13807
14162 13769 13706 13132
13935 13544 14080 13987
13750 13594 13599 14250
13443 13823 14249 13586
13507 13467 14047 13988
13211 13995 13631 13693
14064 14061 13724 13670
13971 14077 13600 13091
13373 14169 13603 13424
13593 13334 14283 13497
13848 13990 14173 13546
14180 13775 13668 13382
13427 13782 13615 13870
13590 13680 13605 13875
14122 13881 13803 13674
14317 13275 13813 14224
13289 14203 13879 12997
13193 13611 14272 13341
13121 14007 13204 13723
13174 14017 13760 13217
13414 13459 14307 13059
13761 13581 13960 13672
13803 13599 14092 13642
12884 13679 13732 13704
13842 13581 14073 13623
13599 13832 13841 13659
13754 13761 13820 13623
13903 13673 13982 13243
13554 13308 13715 13932
13629 13434 13721 13764
13415 13499 13824 13961
13486 13393 13715 13856
13165 13868 13430 13682
12507 13911 13715 13584
13497 14056 13711 13343
13581 14014 13541 13124
13932 13969 13376 12812
13642 14011 13197 13085
13326 14121 13482 12943
13694 13989 14128 13362
13337 13801 13963 13380
13668 13756 13928 13533
12935 13647 13969 13524
13400 13748 13435 13838
13365 13737 13533 13711
13495 13452 13599 13702
13495 13452 13599 13702
13797 13841 13740 13578
13986 13867 13551 13072
13429 13846 13538 13441
13998 13723 13637 13074
13962 13723 13702 13276
14052 13320 13539 13089
14023 13718 13735 13235
14040 13754 13542 13433
13301 13828 13484 13669
13986 13867 13551 13072
14028 13649 13705 13461
13853 13475 13783 13373
13902 13831 13663 13436
13924 13577 13538 13644
13772 13766 13353 13603
14282 13140 13755 14089
13036 13259 13565 14090
13198 13182 13697 14043
13792 13435 13921 13317
13357 13344 14072 13438
13615 13432 14048 13449
13289 13654 13828 13602
13751 13617 13804 13337
13539 13327 13550 13716
13334 13251 13717 13624
13334 13447 13657 13802
13208 13316 13763 13747
13204 13472 13577 13794
13225 13475 13494 13847
13187 13309 13520 13819
13423 13348 13623 13759
13258 13178 13672 13641
12998 14045 13431 13068
13372 14008 13391 13313
13232 13996 13595 12839
13285 14040 13198 12748
13531 13510 14050 13318
13636 13317 14018 13206
13154 13582 14001 13152
13169 13814 13817 13185
13183 13830 13777 13294
12832 13456 14078 13198
13563 13065 14084 12937
13046 13865 13919 13273
13497 13864 13635 12978
13099 13943 13670 13153
13281 13774 13779 13259
13535 13619 13788 13365
13501 13523 13927 13399
13357 13497 13750 13519
13552 13670 13858 13310
12911 13706 13420 13773
13433 13381 13487 13661
13542 13687 13719 13558
13617 13578 13678 13576
13769 13433 13678 13551
12550 13795 13623 13513
13197 13783 13738 13373
13432 13822 13238 13573
13551 13781 13228 13527
13915 13705 13372 13125
13151 13605 13462 13665
12768 13690 13436 13492
13287 13750 13425 13586
13900 13515 13588 13180
13799 13554 13630 13129
13473 13789 13650 12954
13813 13813 13257 12957
13898 13639 13314 13197
13853 13407 13603 13350
13758 13784 13456 12846
13679 13698 13651 13422
13345 13807 13649 13019
13609 13778 13584 13057
13556 13724 13622 13075
13916 13514 13478 13282
13900 13299 13205 13340
13606 13356 13509 13628
13556 13436 13527 13642
13646 13470 13180 13445
13390 13481 12820 13600
13669 13561 13138 13563
13758 13753 13255 12996
13689 13636 13324 13160
13698 13662 13008 13245
13430 13015 13565 13851
14267 12905 13741 13636
13528 13001 13295 13735
13675 12856 13704 13623
13858 13123 13453 13097
13588 13658 13016 12572
12430 12995 13734 13617
13167 13444 13452 13750
13367 13698 12795 12809
13359 13885 13355 13177
13373 13206 13956 13201
12978 13544 13806 13181
12451 12985 13733 13585
13745 13188 13000 13267
13021 13494 13802 12715
13363 13775 13554 12978
13857 13332 13389 12979
13316 12980 13723 13443
13757 13084 13470 13190
13256 12988 13533 13711
13691 13400 13243 13179
13568 13444 13107 13379
13462 13492 13855 13322
13412 13436 13895 12883
13427 13512 13106 13465
13379 13273 13662 13344
13592 13362 13932 13157
13090 13465 13687 13571
13765 13143 13281 13312
13184 13126 13286 13641
13812 13333 13373 13134
13098 13629 13505 13540
13520 13669 13660 13355
13191 13714 13664 12859
13403 13450 13449 13459
13646 13649 13451 13308
13211 13385 13899 13391
13530 13607 13716 13331
13246 13376 13827 13428
13380 13685 13322 13319
13168 13718 13366 13395
13523 13430 13598 13560
13675 13364 13456 13507
13414 13345 13616 13620
13114 13375 13698 13582
13660 13384 13584 13404
13432 13680 13567 13368
