0 0.236743
20050 19719 21534 21579
20143 21205 20939 20828
20944 19781 21329 21795
21382 21075 22513 21511
21512 19529 21417 19851
21705 20595 20691 20667
21824 20519 20969 20132
20421 19692 21780 21563
21547 19926 21035 21026
21746 20741 21234 20507
21497 20325 20959 21598
21586 19912 21171 20913
21391 20935 20934 20685
21478 20924 21567 21520
20056 20714 21375 21472
20633 21028 20724 20900
20676 20227 21716 21131
20722 19909 20474 21511
21165 19448 21312 20777
21168 20007 20441 21332
21333 20414 20874 19806
21500 20103 20833 20364
20360 20111 21255 21461
20223 20087 21668 21245
20624 20912 21611 20724
20935 19674 21619 20435
21418 19850 20612 20861
21283 20361 21523 20463
21282 20777 21124 20882
20857 20587 20759 21338
20798 20545 21420 20856
21016 20377 20538 21165
20711 20876 21554 21298
21060 21001 20684 20778
21045 20609 21029 21016
20764 20635 21176 20966
20993 20468 21204 21492
21332 20178 21080 21039
21157 20250 21315 20593
20952 20264 21282 21074
21423 19879 21053 20443
20831 19933 21328 21076
21033 19748 21352 20627
21327 20362 20817 20612
21099 20515 21317 20633
21018 20882 21165 21116
20765 20515 21244 21029
21095 20621 21313 20700
21033 19724 21340 20811
21420 19710 21288 20883
21293 20228 21287 21016
19639 19720 21550 20818
20406 19737 21154 21487
20491 20752 21480 20531
20649 19161 21379 20513
20996 20580 20272 20869
21089 20379 20718 19732
21253 20051 20938 20808
20284 20316 21415 20879
20946 20414 20424 21335
21085 19877 21404 20060
20669 19361 20279 21464
21201 19624 20933 20848
20631 20635 21157 20272
20962 20607 20625 20997
20533 20037 21216 20611
21182 20303 20950 20468
20416 20123 21526 21101
20586 19847 21473 20302
20430 20237 21306 20662
20754 19266 20721 21395
20957 19815 21290 20679
20521 19972 21309 21172
20914 19924 21165 20938
21128 19772 20985 20835
20798 20557 21309 20582
21077 20038 21129 20710
20900 19685 21061 21117
20938 20510 21192 20363
21171 20369 20802 20528
20784 19873 21160 21239
20731 19351 20753 21476
20771 19295 20740 21377
21084 20093 20845 20973
20692 20541 21040 21053
20478 20474 20718 21093
20894 19855 20858 21065
21249 20345 20898 20879
20975 20534 20688 20341
21138 20237 20971 20585
20987 20438 20674 20827
21016 20395 20960 21029
20990 19739 20873 21351
20827 19870 20743 21340
20759 20058 20922 21117
21136 20113 20961 20735
20569 19694 21303 21021
20714 20509 20685 20667
20655 20393 21190 21432
20499 20423 21049 20733
20550 19965 21192 20829
20987 20357 20715 21447
20737 20354 21136 21038
20819 20072 20984 20715
20997 19883 21309 20678
20757 20057 21170 21010
20817 20391 21157 20597
19842 20557 20826 20276
19942 19777 21335 20587
20206 20062 20130 21444
20506 20381 21070 19677
20512 18993 20052 21428
20677 20122 19914 21388
20951 20572 20508 20852
21179 20052 20499 20518
20012 19118 21236 20507
20790 19484 21217 19890
20561 19158 20886 20999
20221 19474 21038 21145
20543 19854 20323 21210
20253 19740 20194 21332
20705 19922 21288 20045
20783 19665 20335 21267
21028 20135 20100 20546
20454 20321 20992 20164
20270 19803 21202 21079
19940 20422 21176 20097
20609 19575 20660 21130
21101 20002 20868 20773
20894 19758 20365 20974
20409 20240 20712 21149
20825 20181 20778 20465
20598 20472 20972 20378
20650 20415 20798 20345
20913 19581 21080 20546
20339 19922 20938 21301
21016 19999 21011 20144
20762 20159 20406 20943
21100 20103 20741 20708
20708 19635 20817 21090
20335 20529 20829 20925
20416 19889 21150 20749
20663 20511 20762 20417
20560 20086 21126 21026
20437 20351 21082 20391
20992 20097 20531 20908
20223 19951 21000 21325
20709 20112 20436 20999
20305 20097 20153 21325
20856 20210 20705 20646
20754 20326 20601 20819
20605 19788 20930 20837
20903 20245 20679 20312
20803 20293 20654 20481
20630 20127 20983 20323
20997 20151 20615 20651
20530 20513 20648 20598
20904 20030 20165 21005
20842 19970 20648 20875
20490 20204 21138 20775
20575 20195 21116 20914
20796 20312 20755 20699
20515 20232 21070 20096
20864 19918 20950 20787
20749 20377 20563 20746
20701 20425 20725 20489
20841 20266 20750 20394
20591 19799 20629 20989
20738 20024 21099 20725
20749 19916 21174 20416
20734 20431 20416 20931
20838 20145 20586 20704
20869 19986 20935 20753
20779 20091 20564 20977
20528 20015 21206 20500
20498 20324 20425 20906
20723 20087 20502 20990
20736 20216 20671 20749
20563 20054 20759 20932
20739 20151 20934 20758
20497 19918 20814 21326
19754 20479 20769 20749
20291 19134 21200 20239
20328 19678 20227 21266
20554 20246 20602 19560
20598 20510 19935 20482
20682 20521 20438 20181
21093 19356 20539 20156
19992 20033 20757 20919
20303 20122 21023 19907
20229 20033 20137 21059
21002 19525 20334 20619
20126 20339 20962 20101
21005 19369 20209 20703
20733 20369 20455 20569
20925 19353 20584 20773
20564 19188 20797 20864
20621 19897 20840 20010
20429 19668 20772 21261
20292 19773 20819 21135
20059 19938 20542 20995
20962 19964 20380 20484
20912 20486 20351 20387
20225 19794 21063 20859
20229 20196 20929 20148
20777 20112 20313 20712
20142 20245 20810 20672
20498 20211 20696 20430
20394 19803 20878 20997
20704 19870 20334 20989
21071 19788 20269 20657
20830 19841 20481 20572
20226 19968 21112 20281
20844 20287 20203 20758
20309 19719 20590 21082
20282 20275 20547 20866
20374 19576 21093 20675
20655 19169 21000 20632
20573 20073 20666 20477
20495 19641 20585 21118
20578 20297 20169 20734
20396 19848 20704 21055
20677 19187 20858 20280
20450 19698 21097 20241
20622 19586 21052 20525
20645 20314 20462 20520
20248 20171 20524 20996
20339 20344 20264 20910
20352 19926 21028 20316
20613 20089 20815 20386
20474 20040 20584 20808
20759 19814 20821 20425
20938 20168 20375 19972
20626 19923 20289 20863
20475 19362 20978 20775
20438 19823 21059 20929
20450 20188 20997 20903
20574 19982 20475 20686
20998 19652 20599 20770
20691 19857 20502 20676
20688 19823 20760 20341
20495 19678 20729 20732
20559 20153 20367 20806
20742 19966 20697 19967
20924 19834 20679 20538
20317 20260 20670 20653
20844 20119 20685 20305
21003 19810 20671 20476
20740 20145 20467 20772
20595 19850 21063 20689
19341 19953 19708 20914
19814 19489 20155 21070
20059 18983 21072 20538
20453 20492 20048 19710
20717 19289 20488 19625
20949 19650 20421 20389
20816 20341 19947 20349
19616 20161 20734 20532
20155 19191 20341 20994
20721 20257 20194 19895
19748 19699 20720 20800
20043 19423 20836 20778
19855 20245 20658 20284
20330 19092 20325 20842
20404 20060 20771 20036
20242 19826 20911 20341
20254 20184 20969 20298
20077 19684 20753 20859
20354 19389 20220 20922
20665 19678 20540 20117
20152 20035 20788 20751
20890 19902 20020 20156
20066 20306 20403 20470
20447 20401 20244 20329
20694 19644 20635 20173
20581 19051 20561 20593
20180 20303 20164 20717
20567 19943 20640 19980
19921 20217 20260 20828
20494 19913 20142 20833
20791 19565 20473 20334
20693 19273 20459 20669
20433 19359 20557 20822
20058 19591 21050 20289
20349 19770 20612 20568
20319 20094 20636 20551
20896 19617 20445 20674
19770 20062 20957 20612
20615 19550 20587 20562
20507 19868 20644 20398
20555 19915 19988 20671
20230 20005 20417 20701
20484 19537 20840 20519
20559 19766 20966 20495
20710 20120 20454 20602
20468 19872 20655 20402
20431 19592 20527 20746
20378 19638 20867 20659
20418 20063 20580 20364
20558 19497 20289 20769
20368 19935 20379 20619
20730 20224 20442 20286
20211 20182 20707 20545
19902 20304 20238 20523
20567 19496 20826 20146
20386 19672 20861 20582
19921 20201 20436 20761
20325 19887 20254 20634
20601 20266 20276 20538
20434 19874 20684 20401
20430 19975 20569 20567
20351 19645 20366 20650
20567 19696 19968 20671
20243 20274 20259 20390
20253 19941 20827 20329
20434 19584 20569 20502
20666 19674 20710 20329
20452 20010 20568 20543
19392 19295 20179 20850
19843 20292 20280 20343
20380 20078 19855 20599
20390 19883 20740 19605
20409 19405 20946 20447
20731 19190 20232 20431
20885 19252 19928 20548
20826 19269 19882 19647
20513 20090 20166 19823
19665 19824 20920 20049
19576 20135 20375 20354
20605 19358 20361 20659
20332 19644 20646 20263
20250 20060 20708 20036
20169 19677 20795 20415
20693 19569 19998 20627
20478 19583 20897 20395
20395 19727 20490 20083
20554 19824 20204 19947
20447 20189 20226 20224
20388 19501 20049 20648
19973 20154 20391 20216
20372 19645 20106 20743
20224 19968 20520 20535
20370 19908 20575 20314
20246 20136 20450 20127
20025 19412 19885 20817
20101 19220 19889 20797
20415 19785 20198 20476
20862 19194 20272 19876
20145 19749 20596 20735
19852 20096 20269 20738
19993 19902 20405 20634
20360 19997 20612 19874
20672 19580 19892 20514
20280 19442 20582 20612
20453 19483 20219 20699
20349 20106 20339 19860
20210 20098 20164 20547
20443 19943 20352 20179
20375 19865 20387 20115
20096 19770 20618 20607
20468 19947 20322 20350
20550 19593 20710 20363
20437 19650 20765 20197
20301 19761 20791 20187
20427 20078 20023 20334
20676 19472 20237 20570
20398 19828 20373 20597
20362 19598 20392 20653
20239 20068 20242 20579
20226 19662 20915 20414
20562 19772 19907 20220
20555 19588 19909 20579
19488 19545 20592 20411
19682 19043 20109 20711
20153 19487 20904 20367
20166 18458 20240 20651
20226 19989 20052 19485
20284 20138 19963 20088
20513 19542 19751 20070
20660 19361 20030 20531
20330 19843 20449 19647
20459 19313 20471 19942
20021 20115 20435 19817
19734 19731 20184 20575
20493 19719 19907 20122
19932 19773 20458 20391
19628 19726 20352 20496
20425 19354 20845 20176
20125 20059 20163 19995
20197 19655 20772 19848
20579 19320 20228 20309
20358 19369 20658 20261
19729 19411 20616 20412
20203 19596 20713 20022
20193 19926 20491 20278
20009 19658 20346 20688
20244 19786 20533 20099
20442 19474 20594 20352
20397 19797 20322 20507
20094 19762 20236 20569
20452 19947 20270 20222
20171 19835 20382 20374
20261 19811 19938 20243
20159 19839 20223 20442
20095 19484 20017 20671
20270 19561 20098 20518
20143 19324 20738 20406
20400 19572 20727 20055
20507 19366 20251 20219
20303 19581 20438 20079
19147 19148 20335 20424
19693 18898 19930 20530
19918 19182 20793 20006
19976 19773 19519 20273
20145 20117 19716 19883
20214 19789 20152 19436
20396 19484 20017 19826
19945 19051 20657 20251
20382 19589 19804 19526
19812 19273 19673 20450
20022 19729 20520 19688
20334 19678 20048 19731
20094 19872 19708 20158
19751 20105 19876 19969
19837 20024 19895 19955
20143 19381 20085 20331
20364 19524 20279 20159
20250 19736 20110 20068
19859 19343 20436 20325
20009 19212 20510 20266
20325 19306 20394 20047
19968 20015 20341 19701
20286 19924 20028 20000
19892 19942 20094 20169
20073 19577 20423 20218
20024 19753 20002 20229
20015 19148 20097 20386
20089 19768 20327 19817
20109 19271 20515 20245
20082 19756 20303 20195
20320 19761 20144 20064
19757 19510 20520 20001
20023 19705 20287 20294
20105 19372 20429 20301
19469 19718 19935 19988
19573 19752 19741 19485
19738 18801 20397 20295
19915 19031 20399 20086
20072 19497 20176 19261
20331 18957 20136 20074
20183 19110 20081 19755
19789 19666 20115 20217
20011 19301 20263 20208
20084 19733 19963 19358
20041 19399 19837 20040
19926 19706 20178 19973
20277 19159 19794 19418
19702 19181 20282 20084
20279 19044 20173 20136
19961 19386 20142 19998
19696 19392 20139 19992
19353 19076 20063 19854
19430 19328 19659 19848
19899 18769 19909 20054
19985 19126 20158 19370
19785 19014 19768 19875
19557 19037 19770 19884
19798 19050 20077 19228
20120 20739 21846 21036
20696 19841 21858 20923
21129 21148 22063 20870
21204 20905 21354 20086
21597 20845 21394 21782
21937 19942 20758 21762
21318 20806 21396 20864
21303 20851 21353 20926
21561 20426 21597 21166
20847 20428 21508 21723
20819 20630 21569 21375
21615 20763 21676 21062
20669 20877 21457 21046
21483 20578 21596 21247
21020 20723 21397 21318
19926 20136 21548 21155
20844 20916 21253 20714
20961 20238 21746 20589
21109 19705 21313 21359
21182 20413 20570 21747
21212 20584 20478 21531
21685 19895 20528 20383
21382 20756 20958 21461
20416 20161 20581 21499
20685 20420 21180 21311
20047 20638 21034 21013
20657 19892 21634 20688
20179 20216 21697 20730
20418 20027 21357 21198
21174 19713 21527 20580
20966 19986 21276 21578
21058 19991 21439 20520
21425 20115 21142 20624
21328 20323 21016 21150
20900 20785 21485 20739
20645 20648 21681 20726
20832 20091 21470 20835
21584 20310 21179 20594
20967 20196 21109 20960
20834 20078 21319 21240
20923 20683 21365 20876
21066 20850 21178 20902
20933 20214 21303 21123
21328 20662 21282 20807
21011 20319 21407 20650
21610 20014 21409 20975
20921 20864 20533 20686
21136 20173 21163 20974
20187 20726 21155 20826
20520 20422 21666 20671
20603 20724 21312 19910
20755 20446 20785 21455
20856 20827 20821 20877
21034 19357 20997 20946
21311 19959 19995 20876
21486 20309 21041 19939
21414 20147 20587 20394
20983 20573 20255 20727
20594 19578 21066 21352
20978 20325 21007 20112
20879 20670 21096 20337
20701 19713 21561 20533
20289 20051 21040 21294
20377 19909 21289 20904
20890 19452 21251 20906
20546 20116 21464 20578
20655 20232 21402 20471
20948 20539 20869 21167
20237 20767 21168 20678
21278 20175 20993 20765
21236 20315 20742 21095
20500 20629 20949 20501
21124 20534 20679 20942
20597 19812 21164 21225
21174 19944 20856 21038
20707 20523 20708 21264
20812 20009 21371 20696
20813 19935 20986 21434
21008 20220 21352 20583
20441 20559 20848 20623
21089 19851 21168 20514
20850 20602 21239 20622
20671 20160 20971 21012
20893 20327 21262 20809
20487 20427 21411 20646
21237 19878 20718 21014
20610 20418 21078 21177
20559 19981 21391 20612
21154 19748 21393 20842
20921 20134 21240 21080
21149 20480 20958 21292
20461 20479 21380 20658
21158 20366 20950 21445
21025 20292 21181 20668
20550 20079 21318 20847
21027 20084 21181 20708
20913 20397 21247 20664
20861 19858 21081 21250
21114 20153 21083 20710
19673 19818 21096 20840
20046 20687 20209 19641
20297 20678 20412 19263
20475 19149 21651 20489
20888 19816 20468 21419
21221 19504 19783 20380
19679 19206 21557 20338
20761 20600 21071 20158
20537 20521 20054 20846
21132 20328 20543 21157
20438 19493 21319 20515
20320 20093 21503 20663
21098 20351 20348 20616
20909 19468 21119 20432
20696 20360 20630 20811
20975 20054 21260 20195
20535 19769 20821 21346
20325 20535 20741 20951
20652 19662 21272 20503
20901 20294 20798 21088
21054 19358 20889 20791
20939 19586 21010 20701
20706 19325 21264 20657
20866 20184 20438 21263
21069 19978 20813 20562
20720 19932 21196 20638
20394 20393 20992 20811
20774 19627 21051 20272
20288 20061 21010 21011
20167 20511 20954 20533
20823 19599 21045 20325
21048 20107 20596 21172
20410 19875 21172 20814
21007 20141 20899 20892
20954 19795 20570 21207
20492 20469 20917 20859
20123 20507 21079 20752
20105 20523 20813 20581
20636 20577 20736 20693
20955 19841 20951 21001
21076 20427 20573 20504
20757 20295 20936 20909
20792 20566 20757 20466
20612 19765 21242 20452
20986 19743 20901 20604
20158 20599 20436 20749
20722 20184 20956 21267
20947 20231 20907 21026
20512 20587 20991 20529
20940 19827 20386 21178
21090 20157 20912 20402
20889 20076 20923 21289
20793 19480 21123 20499
20994 20150 20872 20614
20395 20263 20953 20770
20634 20566 21158 20375
20578 20316 21011 20598
20626 19611 21217 20785
20640 19629 21024 20684
20993 20226 20736 20547
20490 19492 21292 20334
20401 20314 21184 20669
20648 19349 21265 20819
20943 20067 21213 20175
20582 20534 20572 20780
20896 20230 21032 20655
20985 19751 20923 20858
19789 20072 20916 20684
20106 20579 20375 20313
20354 20405 19756 20678
20443 19339 20012 21355
20456 18829 20901 20779
20807 19808 21156 19805
20817 19652 21230 20142
21122 19254 20123 20240
20787 19124 20848 20964
20882 19852 20317 21203
20063 19599 20948 20909
20818 20411 19894 20330
20889 20095 20939 20049
20561 20348 20176 20707
21006 19160 20729 20086
20364 19881 20702 21283
21082 19957 20090 20479
19979 19871 21110 20163
20423 20501 20977 20344
19952 19789 20935 20806
20583 20472 19998 20543
20671 20218 21054 20153
20602 20025 20852 21151
21075 19284 20232 20212
20810 19488 20524 20861
20754 19425 21018 20388
20486 20398 20498 20492
20339 20368 20453 20659
20690 20312 20471 20573
20697 20450 20623 20408
20240 19865 20918 21079
20189 19740 21015 20466
20925 19918 20953 20107
20975 20048 20662 20846
20919 20239 20563 20210
20354 19796 21170 20257
20788 20249 20373 20757
20191 20264 20421 20817
20787 19942 20258 21051
21051 19767 20432 20563
20834 19749 20955 20065
20685 20030 20666 21133
20742 20363 20660 20296
21001 19342 20644 20321
20572 19690 20865 20985
20776 20152 20471 20996
20400 19662 20949 20904
20278 20280 20939 20456
20584 20184 20396 20802
20305 19625 20950 20815
21011 20240 20545 20405
19959 19456 21116 20783
20263 19764 20871 21035
20469 20208 20458 21026
20758 20138 20717 20504
20795 19750 20634 20882
20341 19775 21005 20312
20706 20097 20893 20787
20599 19659 21121 20487
20911 19825 20921 20501
20290 20104 20886 20399
20908 20207 20691 20801
20882 20248 20647 20509
20813 20109 20692 20687
20279 20218 20250 20798
20804 19806 20857 20706
20061 20043 20746 20781
20195 19692 21014 20203
20308 20473 20795 20344
20351 19564 20893 19536
20401 19415 20677 21120
20713 18893 20742 20772
20912 19684 19982 20258
21017 19561 20419 20103
20959 19101 20081 20448
20862 20046 20434 19557
20373 19344 20950 20187
20866 19831 20713 19887
20348 20211 20142 20577
20767 19622 20600 20206
20465 20131 20259 20954
20715 20285 20597 20144
20164 19527 20794 21018
20939 18903 20573 20840
20397 20227 20203 20444
20734 19999 20624 20034
20097 20167 20867 20191
20129 19839 20825 21104
20637 19861 20301 20814
20576 19347 20900 20459
20278 20002 20549 20943
20620 19631 20482 21024
20412 20253 20358 20424
20225 19989 20714 20812
20468 19758 20462 20905
20566 19725 20454 20848
20507 19902 20425 21031
20466 19503 20848 20927
20710 19830 20586 20368
20277 19662 20943 19977
20520 19685 20837 20506
20875 19940 20311 20729
20716 19797 20635 20620
20544 19966 20879 20385
20271 19822 20558 20844
20529 19955 20710 20818
20427 20081 20657 20644
20883 19666 20565 20759
20727 20072 20817 19979
20587 20096 20583 20764
20601 19855 20343 20592
20436 19674 20822 20648
20725 20085 20339 20710
20869 19894 20434 20424
20545 19654 20586 20674
20483 19561 20822 20679
20522 19865 20672 20837
20598 20069 20818 20602
20949 19678 20560 20704
19068 19444 19780 21017
19857 19281 20886 19924
20029 19728 19463 20865
20104 20302 20236 19704
20246 19070 19821 21007
21008 19546 20348 19616
19679 19649 20860 20196
20831 19333 19645 20506
20432 20101 20114 20505
20752 19563 20187 20214
19949 19792 19729 20916
20691 19145 20106 20505
20135 20271 20786 20186
20200 19828 20772 20034
20148 19393 20029 20987
20667 19956 19892 19960
20019 20203 20012 20536
20538 19751 20503 19818
20656 19780 20299 20446
20313 19547 20278 20801
20380 19511 20444 20966
20822 19454 19806 20297
20602 19748 20103 20615
19884 19890 20674 20743
19765 19709 20376 20791
20404 20207 20592 19793
19954 19535 20760 20245
20485 19684 20806 19684
20174 20276 20604 19754
20339 19657 20741 19869
20584 19528 20815 20317
20222 20065 20576 20586
20403 19712 19954 20997
19803 20033 20725 20587
20076 19915 20870 20017
20677 19618 20578 20384
20505 19477 20370 20913
20404 19831 19815 20858
20521 19984 20412 20741
20228 19992 19825 20543
20607 19719 20314 19858
20132 19670 20477 20704
20481 19911 20638 20570
20241 19971 20691 20352
20482 19543 20698 20676
20482 19086 20711 20544
20120 19611 20710 20576
20157 20045 20311 20760
20186 19501 20664 20755
20136 19778 20623 20595
20532 19950 20715 20530
20528 19930 20620 20703
20079 19519 20620 20794
20683 19496 20583 20537
19511 20162 19960 20263
19965 19420 20410 20926
20035 19739 20840 19954
20532 19831 20101 19600
20609 18974 20317 20517
20666 19305 19607 20350
20691 19352 20077 19921
20596 19178 20202 20013
19876 19495 19759 20769
20478 19557 20708 19698
19638 19550 19800 20743
20050 19425 20025 20917
20444 19383 20607 19807
20022 18995 20578 20435
19745 19661 20568 20551
20530 19746 19899 20121
19915 19881 20840 19914
20212 20034 20444 20337
20359 19848 20307 20731
20583 19518 20513 19825
20526 19894 20537 20654
20638 19686 19858 20233
20385 19256 20761 20240
20132 19713 20568 20138
19829 19976 20349 20370
20180 19967 20445 20466
19764 19485 20692 20447
19827 19428 20703 20416
20267 19529 20679 20193
20250 19260 20590 20324
20288 19826 20564 20476
20154 20012 20334 20572
20407 19189 20564 20183
20328 19358 20581 19982
20046 19339 20736 19933
20422 19514 20549 20618
20044 19970 20407 20635
20186 19852 20565 20600
19562 19928 20168 19754
19725 19819 20536 19591
19874 19382 20636 20075
19882 18957 20240 20796
20032 20033 20124 19782
20153 20005 19828 20569
20523 19835 20409 20652
19997 19793 20248 20684
20472 19485 20412 20543
20519 19245 20519 20485
19933 19426 20565 19990
20436 19838 20463 20121
20012 19863 20382 20374
20332 19810 20508 20634
20366 19839 20181 20350
20370 19436 20485 20464
19892 19844 20407 19606
20051 19434 20517 20551
19718 19544 20202 20681
19751 19855 19981 20203
19897 19794 19863 20590
20247 19665 20498 20421
20334 19101 20133 20521
20488 19826 20020 19875
20495 19670 20262 20181
20314 19385 20344 20635
19915 19539 20324 20578
20160 19771 20388 20576
20246 19807 20425 20111
19825 19412 20435 20560
20398 19820 20028 19943
20428 19714 20377 20365
20304 19583 20088 20462
20339 19810 19936 20449
20385 19724 20317 20288
19857 19589 20371 20632
20382 19770 20319 20222
19832 19795 20303 20618
20274 19797 20433 20457
19669 19384 20223 20457
19835 19546 19665 20507
20082 19376 20490 19588
20130 19148 20479 20321
20173 19747 20226 20357
20232 19482 19637 20419
20454 19680 19998 19703
20409 19223 20270 19818
20022 19621 20417 20036
20109 19641 19818 20413
19962 19196 19968 20479
20344 19364 20258 20322
20274 19716 19922 20158
20294 19469 20032 20421
20198 19575 20156 20341
20170 19608 20392 20267
20434 19456 20181 20090
20335 19530 20349 20341
20265 19674 20304 20120
20007 19710 20273 20377
20427 19690 20168 20228
20182 19681 20195 20205
19302 19232 20297 20292
19504 19176 20330 19501
19967 19729 20100 19717
20010 19487 19538 20379
20203 18919 20327 19868
20421 19102 19444 19503
19969 19619 19841 19900
19928 19486 20247 20329
20196 18936 19990 20161
20277 19454 20226 19835
20416 19348 19529 20173
20356 19180 19860 20100
20296 19234 19630 20251
20305 19604 20074 19988
20087 19557 20143 20254
20112 19559 19618 20343
20051 19600 20290 20027
20040 19582 20233 20228
20079 19600 19996 20311
19448 18974 20262 19371
19557 19646 19759 19597
20034 18630 19714 20278
20170 19364 20047 19906
19978 19180 19938 20174
19886 19294 20067 20008
19886 18897 20146 19974
19408 18482 19687 19994
19900 19307 19380 19775
19987 19054 19928 19835
20150 18765 19824 19367
20438 19849 20496 21692
20869 19810 21065 21706
20882 20463 21677 19869
21008 21292 21193 20590
21061 19695 21292 21492
21638 19929 21889 20802
21864 19769 21180 20809
20806 19835 21009 21694
20914 20013 21766 20257
21153 20334 21512 20997
21727 20826 21139 21663
20584 20045 21285 21621
21444 20447 21344 20401
21371 21088 21429 20441
21037 21138 21633 21359
20990 20764 21653 21029
21275 20202 21508 21259
21362 20129 21331 21184
21405 20803 21459 20863
20527 19917 21662 20845
21299 20139 21332 21028
20156 20552 21563 21124
20244 19357 20877 21596
20588 19498 20300 21454
20865 20940 20749 20056
20885 21107 20458 20377
20902 19644 21736 20728
21369 19268 20514 21168
21589 19850 20668 20762
20759 20753 21331 20273
21104 20659 20320 20663
20922 20221 21203 20997
21481 20366 20947 21092
20941 20406 21626 20446
20477 20519 21497 21152
20300 20426 20665 21412
20950 20902 20806 20633
20791 19800 21564 20607
21399 20593 20443 21149
21203 20374 21049 20524
21096 19898 21280 20705
20161 20810 20686 20885
21330 20108 20478 21311
21196 19596 21312 20899
20542 20399 21405 21070
20615 19743 21202 21274
21234 20189 20616 21275
21044 20408 21156 20811
21072 20755 20915 20467
21020 20065 21113 20961
21391 20337 21081 20921
20848 20525 21464 20947
20726 20080 20831 21336
20870 20377 20517 21183
21226 20009 20972 21404
21252 20093 20823 21300
21213 19933 21108 20990
20786 20129 20646 21218
20526 20516 21539 20790
20500 20578 21357 21132
20608 20770 20698 20704
20293 20496 20966 21163
20680 20600 20979 21161
21084 20733 20983 20907
20878 20435 21174 20639
21130 20136 20682 21129
20752 20704 21338 21090
20191 20799 20974 20614
21199 19553 21132 20637
20647 20156 20628 21313
20626 19785 21478 20909
20763 20542 20842 20930
20599 20032 20831 21448
20535 20162 21406 20994
20942 20588 21077 20622
20095 20121 21449 20835
20317 20177 21530 20118
20354 19441 20323 21327
20486 20306 21286 19930
20723 20631 20864 20329
21127 20463 19745 20418
21173 19298 21275 20627
21450 20329 20841 20780
20276 19966 20125 21325
21243 19644 20906 20365
20857 19823 21175 20495
20836 19665 21233 19942
20929 20586 20299 20909
20957 19914 20918 21162
20103 20015 21483 20717
21213 20027 20681 20892
21096 19640 21068 20088
20621 20271 21201 20908
20928 19719 20975 20793
21093 20347 20599 20367
21076 19635 21144 20659
20734 20499 20378 20450
20693 20359 20983 20234
20838 20144 20505 21195
20345 19503 21471 20592
20405 19382 21448 20432
20317 19405 21463 21004
21022 20059 20992 20522
20820 19844 20775 21280
20458 20330 21172 20257
21089 19848 20439 20897
20522 19543 21443 20705
20575 19658 21132 21052
20785 20411 20663 20577
20511 19963 20478 21307
20962 20529 20880 20316
20479 19600 20982 21165
20365 20390 21412 20773
20427 20553 20876 20751
20720 19996 20880 21250
20687 20000 21344 20634
20565 20536 20467 20460
20951 19551 20997 20770
20520 20163 21380 20547
20922 20001 21028 20773
20786 20084 20938 20438
21174 20040 20830 20800
20599 20513 20785 21040
20772 20049 21216 20523
20812 20290 20823 20793
20661 20301 21064 21050
20706 20047 20892 20931
20689 20526 21132 20966
20729 20093 21107 20736
20486 20141 21223 20710
20728 20121 21084 20586
20479 20538 21126 20922
20689 20092 21403 20572
20518 20515 20827 21038
20786 20015 21061 20725
20842 20002 21133 20744
19719 19417 21378 20537
19956 19800 20549 21274
20111 20569 19848 20481
20127 19076 21312 20217
20509 20562 20023 19811
21400 20052 20781 20582
19937 20506 20097 20350
20785 20417 20615 20019
20668 19928 19982 21232
20524 19527 20743 21185
20312 19954 21273 20723
21115 19520 20764 20656
20388 19603 21015 20875
21123 20210 20375 20727
21261 20118 20833 20179
20481 20545 20206 20065
20382 20016 21202 20397
21276 20066 20621 20319
20359 19980 20551 20991
20642 20100 21110 20601
20656 19844 20957 21009
20830 20245 20335 20415
20321 19838 20600 21121
21006 19817 20909 20132
21021 19440 20425 20797
20700 20400 20623 20360
20075 20495 20389 20148
20761 19675 21144 20082
20543 19809 21149 20541
19997 20257 20879 20896
20677 20447 20826 20827
20918 20124 20528 20283
20064 19765 21020 20807
20932 19688 20826 21029
20606 20230 20483 20846
20473 20085 20601 20944
20726 19718 20902 20900
20448 20397 20969 20352
20746 20266 20259 20739
20878 20143 20459 20374
20047 19931 20524 21152
20940 20126 20303 20776
19964 19760 20793 21122
20969 19706 20772 20635
20741 19443 20446 21136
20769 19959 21130 20718
20062 20302 20891 20812
20762 20349 20237 20724
20095 20281 20227 20849
20579 20392 21123 20799
20818 20082 20322 21134
20503 20377 20431 20837
20874 19680 20882 20776
20892 20273 20214 20373
20650 19830 20439 21168
20512 20243 20469 20877
20961 19956 20539 20598
20705 19695 20784 21153
19743 19573 21235 19993
19751 19660 20389 21157
19808 19125 21244 20044
20249 20442 19663 20485
20257 19845 21139 19874
20621 18882 20818 21011
21282 19945 20472 20040
20750 20271 19778 20713
21114 19862 19755 20334
20240 20389 19962 20717
21025 20071 20763 20162
21196 19645 20503 20256
19858 19900 20336 21117
20202 20104 21024 20423
21017 20033 20050 20311
20609 19023 21121 20570
20566 19796 20878 20473
20084 19710 20849 20806
20818 19254 20323 20968
20629 20099 20966 20355
20945 19569 20259 20529
20590 20376 20695 20626
20335 20064 20989 20254
19941 19723 20564 20980
21178 19914 20403 20138
20487 19814 20982 20113
19994 19403 20533 20938
19919 20426 20544 20615
20452 19348 20382 21055
20802 19484 20216 20851
20912 19535 20819 19938
20906 19926 19970 20520
20738 19320 20360 20745
20669 19604 20904 20705
20431 19945 20206 20929
20132 20190 20811 20792
19988 19996 20156 20808
20655 19071 20455 20969
20218 20078 20300 20785
19981 19537 20659 21074
20843 19322 20086 20694
20143 20218 20827 20752
20390 19666 21105 19962
20806 20081 20128 20816
20901 19596 20593 20656
20330 19925 20494 20890
20994 19457 20464 20628
20810 19763 20843 19998
20508 20083 21051 20015
20906 19258 20497 20611
20172 20117 20678 20713
20498 20058 20071 21016
20367 19665 20613 20910
20903 20025 20437 20580
20869 19996 20774 20567
20719 19412 21087 20559
20411 19519 20465 20942
20470 20139 20635 20697
20987 19378 20650 20337
20754 20132 20427 20009
20684 19716 20606 20861
20674 19883 20743 20664
20630 20258 20669 20659
20777 19548 20820 20557
20671 19668 20349 20907
20253 20158 20784 20697
20613 19857 20729 20708
20978 19906 20646 20481
20489 19498 21099 20676
20429 19420 20774 20756
20651 20178 20653 20680
20413 19869 20321 20889
20421 19808 20434 20869
20446 19920 21032 20550
20236 20083 21120 20688
20584 20058 21057 20041
20447 19434 21044 20750
20658 20047 20559 20553
20722 19585 20665 20908
19504 20038 20372 20606
19838 20324 19902 20683
19963 19741 20023 20983
19980 18848 20309 20941
20168 19957 21081 20429
20235 19832 19763 20897
20705 19974 19855 19909
21137 19470 19852 20160
20701 19171 20779 20434
20666 19361 20300 20902
20252 19193 20648 20696
20560 19567 20622 20851
20373 19487 21017 19988
20950 19901 20349 20205
20338 19625 20964 20329
20045 19931 20793 20668
20541 19699 20405 20719
20544 20069 20126 20398
21086 19901 20078 20113
20783 19804 20759 20005
20829 19661 20347 20486
20509 19428 20859 20145
20297 19718 20905 20406
21039 19815 20333 20138
20167 20088 20712 20484
20357 19601 20819 20518
20521 19496 20206 20858
20530 19554 19979 20892
20677 19941 20258 20454
20441 20238 20396 20185
20441 19924 20449 20662
20228 19794 20707 20351
20599 19724 20546 20660
20174 20020 20031 20884
20386 20262 20284 20477
20483 19516 20851 20073
20503 19761 20362 20611
20393 19815 20528 20679
20828 19968 20729 20067
20653 19868 20409 20252
20737 19742 20652 20478
20722 19815 20743 20289
20493 20136 20596 20603
20808 19938 20290 20234
20397 19695 20817 20371
19979 20038 20935 20177
20485 20179 20310 20257
20630 19701 20594 20556
20243 19536 20055 20859
20547 20046 20569 20578
20714 19691 20612 20550
20421 20174 20354 20582
20523 19682 20838 20115
19971 20173 20583 20162
20210 19483 20720 20608
20548 19627 20838 20267
20576 19832 20585 20413
20585 19871 20071 20606
20491 19640 20050 20896
19485 18853 20513 20708
20012 19670 20002 20874
20122 19446 20898 19682
20275 20178 19905 20115
20660 19697 20661 19554
20726 19698 19663 20301
20811 19629 20078 20117
20540 19163 20748 19958
20702 19761 20207 19880
19783 19858 20788 20366
20080 19349 20815 19774
20617 19306 19946 20378
20512 19547 20510 20819
19860 19399 20715 20618
20130 19872 19815 20844
20524 19791 20307 20305
19956 19613 20686 20597
20297 19946 20608 19814
20419 20011 20339 20487
20227 19236 20751 20202
19895 19247 20765 20463
20520 19769 20380 20441
20500 19931 19852 20285
20502 19333 20709 19999
20374 19972 20461 20595
20343 19639 20733 20136
20711 19211 20311 20250
20648 19857 19716 20346
20346 19484 20635 20330
20133 20011 20672 20299
20546 19910 19718 20576
20204 19616 20611 20341
20285 19698 20369 20680
20364 19938 20486 20073
20456 19908 20040 20538
20411 19939 20531 19923
19800 19909 20579 20348
20421 19628 19924 20865
20622 19555 20344 20094
20598 19436 20534 20490
20673 19915 20489 19952
20378 19781 20554 20450
20468 19775 20333 20516
20282 19565 20481 20597
20378 19740 20590 20587
20554 19375 20581 20372
20705 19321 20467 20167
20529 19691 20012 20569
20585 19934 20038 19941
19887 19889 20547 20468
20296 19716 20629 20335
20578 19691 20326 20171
19873 19390 20748 20317
20523 19444 20651 20171
20416 19706 20582 20259
20508 19900 20545 20507
20284 19867 20476 20550
19105 19873 20117 20380
19879 19161 19734 20720
20010 19870 20357 19573
20037 19704 19422 20471
20058 19566 20671 20298
20271 19976 19798 19946
20540 18789 20284 20487
20668 19787 19997 19870
19395 19636 20581 20158
19762 19532 20575 20345
20119 19049 20335 20641
20546 19231 20553 19824
20179 18843 20562 20289
20278 19478 20628 19933
19928 19613 19595 20607
20572 19564 19593 19995
20565 19089 20237 20034
20585 19155 19975 20044
20361 19280 20414 20212
20478 19289 20300 19901
20444 19380 20392 20474
20440 19721 19713 20328
20349 19646 20540 20381
20123 19799 20193 20166
20425 19520 19880 20117
20226 19952 19939 20302
20300 19932 20137 20253
20100 19692 20279 20451
20251 19845 19788 20368
20526 19238 19865 20350
20338 19523 20283 20600
20661 19259 20338 19880
20074 19506 20588 19998
20235 19913 20173 20351
20390 19637 20400 20433
20427 19785 19802 20390
20079 19781 20554 20217
19936 19950 20392 20328
20474 19717 20542 20089
20336 19820 19798 20270
19844 19719 20396 20368
20228 19926 20345 20164
19440 19615 20035 20407
20089 19008 20553 19685
20144 19522 19872 20532
20226 19926 19999 20105
20374 18883 20045 20189
20467 19418 19231 19895
20538 19219 20278 19554
20605 19532 19795 19659
19946 19607 20318 20244
20371 19724 19955 19786
20188 19087 20367 20433
20041 19815 20321 20012
20314 19255 19834 20073
20199 19489 20432 20280
20206 19383 20226 20380
20216 19336 20407 19993
20212 19595 20181 20142
20455 19556 20285 19914
19607 19581 20070 19926
19978 19569 20231 19595
20036 19317 19669 20502
20115 19147 20335 19961
20145 18717 20332 20420
20161 19868 19920 19985
20454 19477 20114 19892
20374 19487 20197 19863
19862 18970 20282 20230
19883 19287 19843 20493
19853 19732 20140 19908
19899 19445 20074 20264
20099 19479 19904 20031
20018 19718 20039 19920
19719 19514 19774 19396
19843 19231 19721 20152
19873 18662 19931 20266
20086 18897 20014 19948
20388 19441 20007 19570
20265 19333 21873 19987
20602 21159 20241 20198
21415 20198 20616 22023
21707 20283 21606 21631
20963 20064 21526 21766
21371 20880 20475 20228
20303 20860 21280 20978
21192 20496 21075 20623
21258 20469 20761 21248
20696 20239 21838 20893
20845 20211 21676 20464
21517 20349 21657 21173
20942 20991 21150 21469
21143 20626 21416 21386
21123 20075 21246 21811
21691 20427 21554 21541
20797 20777 21286 20703
21492 20612 20747 20535
20787 21108 21621 20623
21280 20360 21095 21556
21472 20240 21452 21702
20285 20318 21791 20547
20976 20692 21264 21459
21061 20432 21569 21759
21116 20998 21564 20681
20802 20480 21322 21435
20831 20118 21675 21217
21516 20452 20506 20210
20200 20024 21452 20800
20346 21065 20171 20500
20495 19442 21045 21292
20518 20057 20976 21548
20829 19909 21550 20764
21101 19888 21366 20122
21501 19916 20107 20466
21594 19868 21139 20128
21429 20028 20543 20506
20563 20083 20651 21450
20807 20607 21253 20353
20811 20874 20942 20481
21023 20247 20623 21161
20917 20496 20699 20286
20757 20637 21114 20595
20297 20548 21145 20586
20425 19539 21382 21245
21263 20400 21011 20940
21129 19765 20920 21505
21290 19621 21136 21257
20591 20763 20853 20716
21150 19727 21544 20744
20432 20415 21310 20850
20996 20444 20820 20966
21382 20376 21337 21136
20217 20454 21142 21070
20931 20394 21499 20710
21407 19954 20599 20944
20692 20295 21474 20794
20856 20300 21307 21186
20868 20760 20743 21250
21017 20494 20753 21114
20788 20508 20866 21207
20865 19995 21453 21012
20539 19665 21361 21245
21099 20047 21489 20737
20785 20387 21066 21243
20736 19759 21515 20787
20708 20536 20864 21124
20576 20055 21352 21000
20737 20037 20716 21256
20758 20500 20973 21007
20302 20030 21055 21248
20108 19797 20991 21222
20411 19637 20772 21509
20636 20684 20341 20674
20677 19367 21529 20617
20780 20058 21330 20043
20796 19936 19959 21179
21289 19938 20821 20534
20938 19542 20847 21417
20308 19432 21363 20584
20543 20055 21467 20533
21019 20332 21214 20786
20388 19987 20205 21256
21018 20384 20132 20415
20257 20620 20504 20407
20754 20544 20377 20837
20446 20131 21367 20091
21185 20341 21037 20736
20864 19623 20692 21297
20248 20358 20921 20559
20604 19971 20286 21149
20841 19893 21344 20191
21205 20268 21056 20959
20441 20400 21023 20502
20860 20261 21248 20291
21271 20140 20838 20203
21255 19694 21260 20818
20976 20436 20749 20657
20133 20522 21054 20359
20453 20521 20804 21012
20928 19663 20650 21106
20720 20594 20543 20756
20871 20334 21140 21051
21235 20009 21279 21094
20730 20550 21053 20322
21239 20209 21053 20389
20759 19845 20592 21199
20904 20274 21112 20979
20965 20274 21032 20999
20831 20460 20721 20375
20914 19850 21335 20683
20712 20490 20885 20372
20690 19957 20943 21217
21236 19831 20966 21046
20710 20058 21290 21131
20787 20506 20574 20972
20868 20528 20306 20800
20720 20462 20850 20609
21244 19850 20142 20976
20008 19282 20980 21154
20330 20579 20067 19587
20343 19518 21412 20517
20478 18749 20726 21356
21205 19849 21106 20690
21004 20208 20963 19884
21078 19139 20612 21032
20751 20133 21176 20115
20311 19577 20712 21355
20191 20530 20236 20736
20519 19967 20400 21064
20612 20329 20133 20510
21180 19974 20520 20386
20708 20365 20779 20174
20460 20505 20325 20794
20251 20205 21141 20321
20157 19922 21186 20747
20861 20269 21190 19692
20182 20436 20278 20827
20637 19292 20689 21052
21145 20094 20739 20597
20448 19910 21253 20986
20862 19486 21304 20595
20801 19172 20990 21022
21086 19634 20597 20883
20487 20195 21197 20252
20871 20223 21045 20645
20529 20242 20904 21044
20588 19704 20872 21089
20677 20336 20856 20439
21069 19447 20894 20746
20934 20272 20623 20437
20350 20423 21052 20265
21034 20044 20573 20609
20624 20393 20547 20377
21098 19863 20672 20627
20404 20307 20822 20524
21068 20032 20841 20848
20959 20262 20649 20588
20827 20132 20787 20961
20967 19684 20786 20987
20865 19473 21014 21019
20384 19558 20642 21126
20852 19779 21137 20786
20760 20064 21141 20626
20420 20374 20717 20752
20369 19815 20826 21126
20854 20306 20992 20944
21080 19756 20863 20975
20493 19817 20722 21114
20856 20280 21136 20951
20630 19714 21177 20627
20480 19829 21167 20737
21075 20003 20602 21049
19653 19279 20893 21048
19911 20476 20322 20001
20090 19521 20589 21172
20280 20417 19809 20616
20680 19212 21000 20825
20853 20123 21136 20674
20861 20262 20354 19408
21158 19727 20184 20618
20933 20248 20551 19814
21073 19901 20118 21049
20336 20374 19931 20322
21109 19430 21065 20422
20168 20438 20305 20251
20670 19674 20276 20989
20459 20235 21103 19891
20992 19548 20872 20019
20877 20176 20173 20324
20293 19494 20404 21082
20808 19612 20670 20829
20961 19789 20741 20135
20005 20305 20730 20712
20603 20093 20937 20893
20711 19826 20689 20872
21023 19709 20594 20785
20546 20212 21110 19996
20853 19455 20840 20915
20414 20323 19839 20552
21013 19580 20711 20433
20340 19952 20771 21032
20578 20263 20966 20691
20298 20416 20328 20207
20844 20140 20508 20589
20976 19994 19882 20563
20695 20041 20937 20769
19948 20254 21056 20771
20968 19982 20432 20497
20738 20243 20477 20179
21058 19662 20753 20315
20509 19755 20456 20901
20227 20118 20391 21024
20392 20030 21067 20873
20759 19903 19830 21019
20529 20323 20541 20315
20357 20005 20880 20923
20989 19728 21033 20485
20229 19925 21110 20818
20799 19721 20720 20843
20507 19664 20492 20947
20718 20164 20937 20734
20537 20288 20433 20193
20481 20003 20376 21048
20325 20174 21085 20913
20907 19780 21067 20601
20915 19999 20737 20551
20526 19940 20293 21008
20822 19993 21029 20817
20850 19784 21017 20802
21065 19940 20295 20969
20678 20234 20913 20900
20702 20269 20910 20825
19770 20242 20866 19585
19873 19712 20150 21039
20495 20253 20840 20104
20742 18788 21128 20041
20768 19591 19834 20838
20808 18722 20686 20714
21072 19693 20102 19886
21053 19241 20010 20527
20972 19074 20617 20473
20336 19662 20538 21032
20084 20224 19837 20534
20588 19489 20029 20965
19979 19915 20198 20979
20426 19545 20982 20744
21016 19110 20059 20658
20844 19826 20312 20661
20997 19344 20137 20432
20472 20195 20760 20682
20878 19622 20388 20649
20504 20162 20856 20266
20523 19857 20584 20880
20279 20235 20692 20327
20163 19383 20817 20831
20142 19414 20993 20840
20642 19961 21072 20589
20787 19953 20463 20781
20686 20148 20907 20293
20028 19890 20970 20724
20219 20137 21008 20096
20942 19491 20402 20730
20991 19786 20195 20360
20496 20076 20616 20890
20849 19745 20957 20648
20728 19954 20645 20791
20194 20055 20633 20688
20795 19911 21062 20614
20826 20115 20896 20593
19981 20005 21067 20451
19982 19674 20828 20873
20241 20223 20420 20685
20831 19955 21099 20318
20842 20055 20163 20360
20660 19929 20405 20842
20207 19765 20900 20628
20513 20141 20425 20837
20655 19945 20834 20719
19643 20183 20507 20484
19940 20235 20803 19949
20161 19357 20482 20959
20422 19563 21064 20549
20477 19520 19817 20811
20488 20112 20814 19859
20878 19064 20569 20135
20902 19242 20321 20504
19664 20005 20121 20805
20091 19660 20217 20936
20187 19200 20616 20815
20681 19764 20003 20659
20467 19577 20279 20851
19798 19794 21062 20494
20339 19867 20959 20145
20320 19694 21011 20396
20290 19747 20960 20261
19891 19789 20860 20709
20560 20132 20745 19883
20387 19659 21037 20298
20237 19326 20799 20731
20516 19511 20564 20668
20318 19118 20858 20593
20020 19083 20527 20953
20666 19648 20846 20615
20628 19944 20022 20670
20712 20056 20515 20097
20776 19746 20355 20751
20580 19853 20455 20627
20748 19922 20387 20062
20064 20174 20469 20459
20817 19561 20719 20616
20736 19293 20964 20547
20442 19790 20568 20887
20135 19979 20595 20776
20570 19271 20768 20639
20616 20095 20799 20443
19974 20028 20524 20768
20621 20030 20577 19996
20779 20051 20548 20042
20161 20045 20680 20490
20514 19858 20893 20560
20635 19929 20796 20579
20298 19876 20984 20064
20512 19921 20884 20548
20369 19658 20972 20416
20405 19835 20366 20771
20331 19686 20986 20460
20799 19825 20580 20482
20518 20037 20729 20452
20295 19690 20696 20672
20673 19530 20780 20485
20364 19973 20455 20724
20301 20126 20609 20666
20716 19989 20583 20491
20513 19825 20549 20723
20513 20031 20490 20483
19536 19606 20800 20501
19813 20128 20714 19699
19873 19059 20151 20874
20418 19478 21018 20316
20723 19806 19354 20157
20814 19255 20176 20558
20233 19495 20979 19713
19835 20113 19887 20280
20580 19721 20521 20084
20027 19872 19933 20758
20099 19163 20636 20624
20354 19316 20376 20599
20634 20008 20224 20092
20602 19954 20251 20478
19832 19682 20007 20824
20313 19703 20848 20392
20212 19595 20654 20568
20467 19845 20887 20241
20796 19421 20645 20564
20330 19558 20339 20557
20735 19759 20480 20110
20482 20067 20301 20283
20481 19176 20818 20509
20406 19617 20084 20580
20747 19450 20695 20198
20326 19909 20566 20349
20285 19454 20539 20665
20575 19638 20590 20549
20536 19965 20471 20123
20500 19260 20765 20226
20256 19659 20905 20329
20371 19669 20061 20724
20516 19627 19971 20595
20453 20078 20173 20123
20298 19972 20649 20139
20526 19583 20770 20210
20264 19917 20746 20513
20248 19706 20027 20682
20776 19700 20501 20199
20360 19953 20295 20561
20370 19428 20767 20523
20373 19963 20583 20338
20267 20078 20360 20619
20329 19702 20357 20694
19534 18782 20488 20586
19879 19569 20229 20693
20272 19049 20968 19993
20482 20058 20032 20067
20734 19232 19437 20141
20777 19348 20468 19291
19861 19642 20892 20316
20561 19773 20111 19794
20093 19647 19682 20512
20255 19082 20110 20426
20484 19565 20695 19969
19998 19650 19936 20671
19929 19996 20146 20603
20039 19495 20288 20610
20619 19443 20471 20059
20536 19720 20330 20029
20336 19798 20555 19901
20461 19854 20014 20371
20311 19858 19819 20241
19945 19890 19854 20109
20229 19888 19800 20167
20370 19757 20515 19848
20193 19392 20399 20598
20162 19883 20456 20499
20534 19254 20414 20380
20721 19620 20130 20051
20057 19883 20609 19978
20112 19527 20567 20118
20504 19906 20446 20048
19991 19562 20437 20547
20524 19594 20554 20410
20566 19740 20016 20362
20221 19516 20559 20210
20374 19746 20464 20049
20097 19409 20125 20528
19617 19639 20013 20507
19675 19027 20027 20558
19767 19895 20285 19865
19975 19314 19472 20567
20178 19077 20587 19905
20435 19481 20431 19042
20559 19257 20435 19857
20434 19824 19946 19497
20475 19590 19574 20060
20387 19506 19885 20091
20274 19319 20443 19788
19848 19111 20518 20350
20349 19404 20151 19955
20117 19690 19974 20359
20322 19550 20295 20282
20013 19758 20584 19913
20123 19191 20579 19881
19714 19593 20070 20002
19815 19243 20373 20343
20433 19349 20030 20166
19722 19370 20514 19988
20388 19264 20449 20313
20217 19463 19902 20355
19666 19831 19991 20292
20345 19433 20374 20086
19986 19647 19928 20553
20378 19678 20034 19870
19339 19442 20213 19813
19340 18159 20437 20314
19557 18920 20558 19696
19884 19526 19418 20179
20363 19027 20443 19911
19667 19473 19761 20137
20215 19438 19780 20008
19989 19212 19573 20301
20035 19195 20373 19833
19594 19411 20064 20228
20338 19137 19564 20209
20224 19268 19765 20247
20103 19524 20146 19958
20073 19375 20232 20197
20165 19485 20111 19800
20216 19488 20076 19743
19630 19137 20094 19690
19701 19041 20335 19831
19885 18564 20146 19885
20107 19145 19735 20047
20202 19150 19325 20007
19662 18803 19999 19854
19843 19009 20103 19800
18908 18906 19920 19735
19430 19098 19497 19582
19945 18857 19526 19802
20320 20268 21390 21659
20362 21137 21345 21458
21171 20783 20102 21303
21190 20425 20917 21690
21384 20553 20763 20423
21436 19937 21886 20891
21444 19757 21738 21406
21748 20362 21650 21184
21443 20246 20166 21304
20751 20364 21261 21595
20900 20928 21134 21666
21163 20932 21878 21271
21584 20542 21867 21149
21542 20352 21479 21283
21188 20797 21280 21008
21253 20433 21358 21451
21166 20897 21135 21081
20200 19578 20563 21521
20850 20591 20526 21542
21122 20885 21684 20745
21191 20204 20120 21410
21201 19864 21716 20302
21287 19508 21446 20429
21388 19994 20922 20248
21485 20143 20449 20482
20425 19977 21217 21292
21018 20730 20760 21167
20597 20018 21660 20824
21168 20500 20649 20608
20740 20824 20917 20799
21269 20353 21169 20832
21427 19649 20855 20336
20344 20460 20818 21091
20305 20858 21042 20783
21172 20026 20377 21445
21079 20556 21427 21076
20888 20324 21630 21152
21258 20077 21341 21265
21314 20037 20477 20985
20788 20274 20565 21226
20912 19920 20814 21445
21382 20534 20516 20537
21445 19622 21116 21150
20772 20636 20507 21230
21386 20031 20755 20959
20914 20200 20822 21416
21171 19732 20681 21319
21127 20540 21472 21082
21289 20053 21034 20292
20779 19790 21118 21409
21242 19715 21460 21373
20872 19547 21206 21390
21183 20267 21380 20831
20876 19866 21347 21358
19733 18840 21051 21207
19971 19971 20701 21411
20370 20848 20715 20603
20699 19749 21629 20473
21364 19827 20128 20000
20518 19306 20727 21300
21361 20145 20473 20157
20569 19516 20293 21333
21282 19817 21004 20252
20048 20743 20944 20488
21211 20062 20850 20006
21088 20638 21136 20295
20539 20396 21448 20349
20187 20278 21019 21115
20928 20126 20264 20896
20227 20542 20156 21090
20752 19538 21243 21022
20784 20510 21084 20797
21046 20002 21568 20561
20579 20723 20891 20655
21080 20422 21354 20711
21001 19952 20427 21203
20355 19684 20924 21168
21095 19549 20511 21050
20405 20508 21289 21037
20560 19628 20918 21295
20675 20754 20744 20731
20206 20142 20335 21104
20209 20187 21505 20435
20738 19601 20711 21165
20636 20294 21518 20328
20927 20324 20625 20847
20878 20021 20598 20978
21165 20108 20795 20788
20454 20472 21382 20658
20989 20607 20612 20450
20255 20509 20645 21035
21099 20208 20832 20540
20636 19894 20442 21196
20476 20041 20666 21045
21102 19814 20961 20594
20908 19676 21491 20670
20857 20027 21619 20589
20590 20175 21464 20989
21044 20081 21391 20302
20839 19953 21066 21093
20850 20153 21336 20996
20959 20576 20649 20744
21112 19848 20753 20966
21196 19672 20830 21031
20751 20556 20780 20748
21034 20310 20485 20790
20526 20238 21008 20959
21144 20046 20913 20735
21182 19858 20468 20659
21045 20081 20303 20843
20867 19885 20723 20945
20898 20494 20510 20920
20621 20566 21337 20594
20877 20084 21017 20922
21211 19679 21041 20296
20750 20488 20927 21023
19770 20536 21167 20457
19917 19660 20378 21286
20228 19064 20628 21141
20263 20731 20684 20693
20605 20672 20333 19899
20884 19880 19630 21123
20947 19923 21567 20178
21199 19231 20618 20006
21168 19606 19934 20475
20405 19493 20188 21268
20575 19341 20796 21007
20867 20415 20590 20143
20624 19631 20285 21196
20007 20338 20629 20981
20825 20082 20092 20788
21124 19253 20820 20756
21025 19528 20885 20682
20469 19957 21463 20462
19843 20354 20965 20595
19926 19657 20371 21071
20112 19231 20529 21148
20678 20185 20943 20645
20856 20429 20722 19951
20836 19921 21157 20317
20769 20038 20660 20938
20367 19714 21557 20375
20888 19757 21332 20530
20210 20354 20141 21014
20996 19729 21083 20373
20488 19821 21387 20659
20449 20312 20465 20833
20333 20068 21153 20916
20432 19711 20353 21156
20941 19600 20584 20868
20712 20348 21236 20224
20925 20274 20847 20408
20193 20230 20838 20813
20889 20279 21072 20247
20154 20317 20548 21028
20516 20123 21138 20738
20496 20509 20619 20554
20977 20077 20773 20264
20523 19812 21028 20970
20571 19864 20766 20951
20745 19736 21295 20709
20214 19979 21021 20973
20603 20304 20475 20815
20546 19738 21053 20832
20613 19929 21278 20661
21063 19689 20212 20750
20870 19907 20750 20618
20967 19836 20494 20673
20140 20451 20805 20903
20643 19658 20686 21053
20812 20189 21312 20600
20469 20451 21202 20573
20774 20467 21005 20425
21045 20260 20726 20434
20529 19760 21191 20679
21083 20050 20791 20592
20776 19500 20716 21067
20711 20211 20587 20883
20737 20519 20583 20731
21092 19686 20318 20636
20801 20244 20233 20907
20796 19823 21000 20674
20611 20453 20955 20768
20880 20092 20815 20457
21094 20051 20542 20469
20343 19670 20799 20994
20976 19667 20578 20629
20727 20258 20710 20745
20864 20342 20860 20561
20544 20119 20241 21013
20446 20150 21075 20971
20709 20108 21019 20683
20800 20334 21240 20559
20223 19724 20842 21031
20543 20270 20745 20871
20811 20059 20496 20679
20366 19926 20322 20994
20983 19866 20202 20871
20642 20140 20727 20687
20637 20417 21185 20461
20438 20465 20700 20794
20119 20313 21154 20984
20797 20107 20817 20795
19751 20388 20344 20308
20058 20527 20524 20266
20141 19727 21380 20196
20233 19581 19731 21086
20808 18648 20777 20718
20819 20051 21059 19862
21080 19467 20265 20057
20751 18955 20580 20601
20945 19741 20003 20612
19984 20234 20765 20567
19989 18987 20806 21020
20906 19085 20568 20659
20485 19374 21005 20965
20396 20348 21064 20518
20985 19404 20023 20582
20414 19643 20100 21070
20858 19652 20988 20138
20456 20437 21163 20228
20066 20187 20882 20726
20829 19201 21138 19975
20586 20115 21306 20298
20321 19865 21148 20328
20878 20244 20216 20284
21047 19730 20416 20454
20658 19314 20982 20448
20623 19336 21093 20680
20408 20267 20118 20689
20252 20128 20543 20734
20803 19676 21193 20295
20618 20066 20677 19991
20982 19174 20446 20749
21064 19564 20705 20292
20569 19821 20715 20946
20447 20024 20465 20702
20808 19772 20820 20320
20719 19912 20750 20352
20690 19969 20614 20908
20620 20330 20672 20032
20747 20022 20441 20875
20165 19744 20975 20798
20785 20012 20319 20741
20801 19902 20265 19962
20364 19973 20937 20912
20970 19722 20668 20175
20800 20013 20969 19898
20159 20103 20407 20945
20523 20258 20383 20573
20694 19724 20920 20647
20732 20118 20269 20241
20349 20234 20240 20605
20828 19715 20427 20615
20584 19674 20987 20428
20709 19879 20650 20694
20679 20109 20946 19891
20667 19570 20761 20789
20176 20225 20813 20697
20816 19606 20343 20650
20714 20211 20560 20261
20578 20155 20352 20587
20533 20000 20443 20794
20582 20059 20978 20381
20475 20253 20724 20380
20176 20020 20368 20890
20530 20177 20771 20368
20408 20341 20361 20241
20693 20116 20447 20376
19773 20008 20589 20627
19983 20523 20101 19314
20050 18868 20172 20910
20354 20398 21117 20152
20550 19907 19579 20684
21076 19276 20155 19828
20807 19749 20239 19656
20371 20041 19868 20518
20902 19396 20341 20402
20927 19610 20521 19738
20817 18906 20426 19883
20343 19362 20970 20807
19892 19165 20603 20870
20730 19587 20287 20678
20109 19931 21061 20473
20482 19978 21097 20297
20081 19897 20022 20806
20511 19053 20700 20749
20221 20282 20647 20447
20411 20430 20707 19993
20538 19210 20713 20735
20230 20247 19921 20341
19829 19967 20420 20853
19883 20230 20388 20495
20637 19627 20492 20231
19977 19666 20286 20908
20301 20201 20808 20340
20281 20086 20127 20567
20442 20254 20283 20035
20039 19899 20075 20854
20646 19854 20613 20094
20394 19277 20880 20570
20183 20069 20205 20618
20508 20138 20093 19930
20642 19067 20594 20359
20423 20380 20585 20207
20383 20192 20831 20483
20107 19864 20801 20750
20608 20047 20231 20011
20757 19758 20102 20191
20577 19993 20924 20348
20776 19729 20301 20439
20699 19889 20437 20055
20429 19370 20540 20887
20183 19588 20894 20385
20530 19813 20656 20685
20570 19714 20470 20532
20164 19980 20308 20722
20921 19694 20088 19950
20736 19956 20326 20208
20672 19678 20706 20224
20713 19751 20394 20769
20538 19786 20460 20426
20617 19928 20411 19944
20258 19762 20145 20751
20520 19703 20560 20686
20364 19625 20635 20788
20426 20132 20447 20042
20641 19603 20574 20601
20533 19712 20858 20523
20582 19801 20129 20444
20397 19874 20632 20603
20240 19854 20454 20740
20166 19699 20650 20704
20242 19929 20317 20714
20555 19682 20706 20731
20429 19888 20445 20492
20582 19698 20420 20751
19391 19429 20796 20414
19664 18771 20648 20784
19872 19394 21092 20249
19984 19328 19935 20871
20196 20393 20319 19815
20658 19449 19108 20184
20730 19848 20175 19901
20335 19873 19901 20441
20136 18863 20043 20843
20258 19255 20674 20480
19461 19315 20364 20869
20392 20300 20286 20015
19795 19610 20525 20750
19979 19803 20704 20608
20105 19714 20944 19950
20221 20153 19922 20227
20710 19891 20245 19817
20052 20105 20444 20207
20591 19539 20460 20351
19947 20122 20163 20313
19984 20086 20929 20114
20343 19267 21056 20164
20548 19626 20808 20005
20674 19909 20089 20059
20640 19716 20001 20727
20380 20032 20769 20060
20256 19780 20577 20402
20289 19670 20850 20282
20521 19729 20623 20648
20418 19521 20664 20381
20228 20001 20892 19925
20479 19855 20147 20305
20496 19343 20747 20265
20087 19446 20793 20697
20130 20069 20180 20259
20469 19834 20382 20342
19978 19817 20479 20385
20330 19601 20856 20339
20318 19303 20530 20721
20448 19752 20302 20414
20073 20024 20746 20335
20647 19653 20342 20715
20356 19909 20909 20246
20302 19961 20818 20264
20670 19440 20063 20361
19981 19748 20708 20648
20080 19995 20800 20134
20308 19659 20314 20760
20402 20004 20478 20124
20470 19749 20231 20378
20212 19736 20794 20428
20521 19967 20746 20166
20131 19977 20287 20253
19465 19415 20830 20339
19563 19647 20840 20281
20219 19139 20129 20748
20220 19939 20028 20029
20540 19447 19845 20414
20585 18992 19963 19602
20588 18626 19960 20041
20204 18806 20710 20022
19698 19377 20590 20474
20583 19832 20027 19757
20168 19495 20283 20673
19795 19467 20650 20361
19767 19829 20551 20123
20448 19435 20406 19818
19916 19681 20166 20504
19912 19765 20622 20074
20191 19562 20755 20073
20127 19817 20365 19653
20257 19745 20002 20294
20374 19246 20707 19996
20484 19710 20316 20487
20060 19076 20495 20673
20405 19459 20572 20206
20021 19079 20834 19977
19992 19571 20497 20355
19701 19214 20389 20477
20399 19477 20488 20308
20410 19457 20159 20561
20362 19625 20362 20602
20100 19802 20364 19863
20336 19468 20821 19887
20455 19418 20283 20621
20160 19426 20613 20456
19947 19664 20563 19880
20375 19829 20363 19926
20326 19653 20363 20481
20224 19708 20493 20005
20219 19608 20379 20497
19628 19176 20586 20404
20098 18964 19447 20641
20126 18916 20351 20380
20140 19349 20600 20105
20192 19814 20024 19430
20368 19599 20172 20224
20049 19692 19848 20185
19842 19550 20481 19897
20297 19612 20095 19669
19945 19435 19914 20494
20205 19675 19522 19925
19861 19519 20374 19966
20354 19100 20275 20351
20164 19167 20321 19763
19943 19671 20201 20460
20329 19178 20261 20597
20354 19234 20274 20149
19622 19445 20117 20347
19843 19076 20489 19844
19890 18781 20343 19076
19929 19634 20091 20071
20161 18901 20101 20534
20257 19054 19672 20025
20320 19260 19950 19560
20057 19121 20195 19839
20191 19579 20047 20069
19810 19313 20192 20038
20263 19050 19770 20506
19863 18955 20210 20496
19703 19438 19695 20080
19862 19119 19725 20082
19505 19407 20057 20286
20030 18388 19854 19075
20136 19425 19770 20008
19965 18851 20017 19600
19725 19390 19966 19833
19888 19299 19810 20013
20026 19072 19847 19857
19399 19220 19839 19757
19518 19350 19115 19538
