35 23.566
30573 32479
30573 32479
31905 31747
31159 32138
31528 32122
30911 32407
31103 32341
30658 32435
31132 32287
31628 31936
31605 32019
31793 31892
31742 31919
31808 31814
30628 32472
31808 31814
31620 31998
31132 32287
30658 32435
31619 32001
31605 32019
30546 32453
31814 31643
31084 32319
30754 32351
31721 31877
31764 31664
31163 32113
30582 32429
31638 31905
31365 32107
31579 32006
31516 32011
31452 32105
31163 32113
31814 31643
31452 32105
31163 32113
30509 32442
31792 31586
31083 32313
31432 32069
30581 32340
31746 31646
30920 32319
31705 31809
31528 32005
30555 32390
31444 32068
31638 31899
30928 32318
31639 31855
31672 31830
31535 31975
31577 31936
31557 31940
31573 31938
30483 32410
31768 31552
31416 32061
31071 32198
31705 31797
30630 32298
30971 32296
31708 31595
31596 31858
30564 32309
31466 31993
31511 31988
31551 31919
31062 32261
30533 32375
30994 32268
31555 31891
31741 31578
30501 32376
30360 32400
31766 31414
31051 32259
31409 32060
30808 32286
31701 31770
30524 32344
31711 31550
31569 31856
31704 31652
30931 32280
31445 31985
30474 32399
31539 31918
30514 32367
31502 31972
31503 31942
30437 32382
31700 31644
31041 32182
31238 32044
30776 32271
31699 31748
31561 31856
30497 32333
30933 32258
31355 32033
31500 31961
31384 31969
31516 31899
31410 31964
31501 31910
30481 32365
30493 32354
30223 32374
31700 31625
30709 32234
31049 32044
30485 32343
31341 32023
30927 32208
31607 31732
30439 32365
31547 31836
31006 32124
31683 31720
31389 31964
30988 32169
31478 31877
31451 31948
31472 31925
31525 31852
31505 31875
31459 31938
31470 31934
30326 32326
31698 31317
31686 31568
31072 32012
31316 31982
30694 32218
30559 32227
30844 32193
31671 31714
31541 31727
30485 32301
31673 31640
31362 31918
31001 32060
30459 32322
31482 31817
31462 31887
31533 31789
31436 31917
30959 32140
30885 32155
30947 32147
30874 32165
30986 32103
30988 32102
31514 31810
31439 31899
31520 31794
30347 32311
31683 31435
30987 31968
31302 31933
31668 31692
30420 32302
30616 32212
31532 31783
30808 32153
30965 32103
30690 32206
31556 31713
31461 31882
30938 32140
31648 31698
31448 31886
31364 31894
31335 31900
31357 31898
30253 32309
31668 31633
30952 32097
31271 31930
30668 32183
30480 32210
30410 32289
31451 31835
31341 31889
31524 31748
31561 31672
31467 31783
31555 31707
31567 31646
31357 31887
31624 31644
31531 31717
31441 31880
31442 31876
31500 31774
31664 31636
31489 31778
31476 31782
30399 32278
31668 31601
30927 32092
30948 31913
30576 32111
31252 31886
30935 32009
30479 32206
30574 32143
31517 31635
31506 31720
30402 32239
31453 31766
31443 31833
31507 31642
31461 31733
31294 31883
31364 31878
31432 31862
31396 31876
31413 31871
31417 31863
30399 32272
31658 31582
30946 31890
30433 32167
31275 31882
30863 32082
30890 31998
30597 32087
30568 32106
31495 31675
31440 31727
31508 31616
31383 31872
31555 31590
31586 31583
31434 31779
31391 31844
31425 31805
31421 31823
31396 31827
31432 31780
30388 32271
31656 31360
30950 31882
31253 31862
31452 31670
30844 32040
31648 31576
31625 31579
30846 31951
30521 32089
30627 32063
30402 32163
31348 31857
31432 31711
30593 32077
31389 31786
31359 31822
30395 32194
30394 32244
31431 31766
31430 31771
30293 32271
31639 31476
30837 31869
30385 32164
31307 31855
30540 32020
31596 31577
31447 31621
30608 32016
30766 32000
31345 31852
31386 31769
30336 32219
31427 31685
30805 31934
31421 31767
30785 31977
30815 31884
30335 32257
31619 31516
31430 31657
31607 31534
30299 32248
31631 31428
30342 32086
30720 31985
31314 31841
30921 31843
31425 31616
30835 31869
30725 31953
30334 32189
31613 31510
31539 31575
31421 31724
31590 31565
31417 31762
30304 32233
30862 31846
31321 31798
31343 31773
31335 31778
30260 32241
31607 31327
30667 31899
30337 31970
31149 31838
30279 32156
31408 31673
31517 31574
31291 31836
31390 31752
31585 31478
31307 31800
31588 31401
31559 31555
31562 31508
31398 31734
31602 31383
31305 31806
30243 32195
31551 31457
30843 31824
30253 32047
31243 31815
31399 31628
31357 31752
31498 31563
31397 31707
31529 31549
31277 31808
30182 32185
31526 31549
30964 31804
30210 32123
31411 31556
31199 31790
31360 31705
31385 31625
31379 31639
31270 31771
31306 31745
31357 31738
31332 31739
31238 31779
31226 31780
31204 31789
30092 31942
31490 31337
30970 31782
31385 31548
31358 31695
31470 31432
31464 31488
31116 31773
31232 31751
31321 31719
30737 31774
31445 31418
31368 31517
31330 31682
31211 31743
30967 31753
30935 31759
31221 31716
31318 31710
31320 31695
31168 31703
31358 31513
31325 31621
31228 31695
31267 31673
31301 31667
31317 31622
31123 31701
31348 31291
31332 31489
31275 31664
31193 31679
31211 31676
31320 31606
31299 31639
31316 31609
30652 31698
31319 31585
31008 31684
31203 31658
31226 31622
31290 31606
31082 31671
31310 31589
31037 31673
31051 31648
31317 31584
31192 31628
31064 31630
31269 31605
31223 31613
31316 31585
31017 31634
31307 31486
31215 31600
31275 31566
30552 31632
31246 31344
31238 31553
30802 31610
31015 31602
31168 31565
31135 31598
31151 31590
31136 31597
30808 31592
31209 31476
31117 31555
30894 31588
31153 31506
31095 31550
31204 31411
31128 31496
31106 31549
30921 31534
31172 31372
31058 31517
31052 31512
31123 31366
30937 31509
31042 31430
30978 31464
30977 31417
30887 31226
30901 32403
30901 32403
31940 30621
31936 31793
31940 30621
31122 32209
31814 31851
31110 32340
31283 32127
31421 32123
31592 31992
31617 31885
31003 32368
31746 31868
31283 32127
31442 32048
31486 32003
30987 32390
31680 31875
31680 31875
31486 32003
31283 32127
31283 32127
31680 31875
30864 32402
31912 30731
31906 31600
31887 31787
31076 32311
31579 31899
31714 31861
31768 31842
31185 32101
31311 32088
31106 32145
30991 32337
31393 32024
31500 31968
31522 31930
30946 32389
30950 32348
31134 32107
31338 32073
31377 32061
31500 31968
31393 32024
31338 32073
31122 32128
31129 32124
31377 32061
31377 32061
31338 32073
31338 32073
31377 32061
31393 32024
31500 31968
30820 32371
31889 30574
31869 31762
31888 30713
31711 31802
31251 32081
31075 32162
31516 31884
31391 31905
30924 32368
31586 31844
30957 32317
30999 32277
31332 32043
31362 31990
31582 31858
31030 32243
31363 31923
31334 32040
31070 32223
31067 32240
30881 32362
31880 30626
31869 30742
31860 31623
31152 32078
31566 31824
31762 31727
31856 31700
30995 32277
31071 32143
31594 31778
31458 31850
31672 31759
31014 32181
31284 31985
31221 32023
31379 31891
31699 31735
30938 32312
31456 31878
31205 32055
31061 32176
30916 32318
31311 31967
30896 32359
31330 31949
31349 31895
31338 31935
31341 31902
30794 32360
31856 30506
31844 30717
31839 31591
31557 31808
31385 31868
31012 32174
31458 31840
31622 31740
30931 32257
31285 31920
31851 30583
31704 31706
31050 32085
31723 31655
31257 31980
31822 31639
30890 32333
30862 32357
31174 32007
31142 32034
30923 32266
31107 32069
31085 32078
31261 31942
31715 31675
31173 32020
31825 31623
31282 31921
30659 32334
31812 30672
31804 31533
31513 31779
31721 31644
31008 32153
30918 32215
30826 32326
31279 31917
31370 31861
31043 32047
30884 32320
31211 31971
31448 31783
31229 31921
31146 32005
31440 31832
31776 31593
31729 31613
31390 31837
31174 32004
31077 32011
31788 31563
30857 32322
31074 32022
30812 32325
31809 30389
31794 30966
31719 31600
31806 30640
31612 31615
31490 31757
31062 32007
31511 31680
31369 31830
31167 32004
30872 32314
30990 32073
31308 31857
30894 32213
30915 32182
30940 32095
31238 31865
31204 31941
31362 31854
30975 32094
31217 31909
31229 31883
31209 31931
31225 31900
30833 32312
31794 30540
31654 31256
31722 30751
31573 31549
31642 31426
31344 31824
31041 31990
31499 31624
31387 31755
30859 32167
31755 30739
31261 31848
31770 30602
31199 31938
31486 31639
30952 31999
31427 31705
31106 31942
30947 32029
30909 32094
30890 32097
31235 31851
31208 31908
30844 32254
31417 31711
31087 31978
31771 30543
30836 32263
31097 31947
31089 31972
30824 32310
31759 30469
31568 31350
31596 30763
31452 31560
31022 31984
31567 31487
30869 32087
30892 32035
31077 31942
31654 30673
31732 30631
31387 31650
31354 31726
31279 31823
31315 31786
31141 31938
31210 31824
31621 30690
31748 30586
31385 31676
31749 30496
31183 31923
31208 31891
31189 31896
30784 32306
31745 30440
31540 30942
31420 31364
31685 30631
31363 31654
31173 31915
30992 31984
31020 31954
30858 32065
31299 31777
31182 31823
30788 32232
31319 31667
30793 32129
31246 31821
31250 31804
31736 30544
30824 32068
31710 30610
30805 32104
31325 31661
31713 30558
31726 30547
30692 32306
31734 30377
31363 31210
31565 30619
31360 31615
31674 30605
31727 30497
31267 31758
31193 31816
31104 31899
30994 31926
30762 32106
30757 32210
30879 31984
31280 31670
31304 31622
30811 32021
30709 32248
30938 31952
30808 32051
31168 31873
30895 31960
31733 30397
30980 31935
31128 31890
31145 31876
30705 32297
30627 32280
31732 30263
31300 31028
31510 30594
31267 31733
31717 30454
31572 30510
30805 32038
30920 31944
30865 31969
31014 31898
30710 32195
31057 31892
30757 32122
31122 31870
31262 31744
31184 31795
31543 30573
30752 32163
31160 31862
30720 32191
31163 31826
31178 31804
30676 32194
31674 30437
31242 31433
31503 30582
31239 31725
31544 30457
30998 31869
31111 31831
30904 31919
30764 32037
31010 31837
31522 30535
30727 32133
30854 31949
31186 31736
31172 31750
30824 31969
30798 32019
30890 31934
30699 32189
31151 31810
30716 32147
30801 31984
31145 31812
30651 32180
31668 30426
31231 31640
31519 30466
31108 31813
31023 31829
30878 31854
30717 32102
30761 32028
31557 30434
30814 31965
30849 31912
30589 32175
31663 30347
31218 31332
31591 30426
30763 31905
30648 32120
30863 31850
31176 31608
31204 31376
31026 31799
31078 31695
31087 31620
31027 31791
31630 30362
31618 30410
30442 32087
31589 30338
31172 31320
31452 30412
30750 31894
31076 31679
31118 31378
30770 31834
30936 31770
30978 31748
31508 30374
31587 30369
30736 31885
31529 30244
31113 31326
31364 30377
31070 31663
30835 31764
30950 31730
30977 31692
31523 30332
31430 30340
31402 30367
31429 30358
30640 31839
31465 30253
31286 30363
31111 31199
31066 31546
30852 31679
30668 31760
30945 31664
31106 31289
31365 30328
31393 30269
31109 31274
30580 31837
31451 30211
30921 31183
31301 30288
30762 31547
30638 31732
31376 30268
30700 31558
30667 31632
30689 31621
30470 31679
31428 30196
30846 31181
31253 30264
30762 31465
30660 31603
31346 30223
31284 30234
30537 31559
31319 30210
30685 31413
31282 30233
30654 31532
30455 31557
31284 30018
30624 31516
31251 30221
30582 31444
31149 29975
30598 31379
30376 31376
30556 31246
30388 31318
30376 31100
30748 32762
30748 32762
32160 31343
31129 32650
31397 32173
30748 32762
31320 32350
31710 31877
31823 31797
31278 32388
32035 31542
32017 31756
31903 31790
32030 31671
31536 32127
31265 32572
32121 31502
31236 32621
31642 31948
31582 31984
32156 31359
32145 31457
31559 32022
31629 31950
31538 32046
31537 32083
31251 32579
32145 31457
30747 32650
32147 31352
32010 31738
31530 32123
31295 32231
31734 31786
30826 32541
31193 32532
32034 31495
31276 32292
31265 32497
32103 31464
31531 31992
31602 31901
30793 32585
31644 31803
31214 32509
31574 31983
31637 31836
30815 32584
31588 31948
32049 31471
31634 31875
31588 31948
31634 31875
32049 31471
31642 31807
30793 32585
31642 31807
31634 31875
30727 32627
32123 31176
31264 32456
31406 32114
31007 32529
31955 31553
31937 31680
32036 31420
32112 31319
31629 31780
31759 31699
31185 32526
31742 31725
32086 31410
31533 31953
31525 32074
31202 32502
31615 31859
31489 32103
31570 31941
31493 32075
31593 31899
31598 31886
31597 31898
31598 31886
31593 31899
30664 32596
32071 31253
31461 32057
31262 32414
30872 32516
31122 32508
31520 31994
31948 31465
31721 31719
31626 31767
31904 31584
31567 31862
30715 32525
31192 32496
31777 31657
30780 32517
31591 31837
31225 32436
32005 31418
32070 31330
32054 31365
31823 31654
32014 31389
31886 31632
31870 31637
30562 32539
32066 31296
31253 32306
31393 32006
30813 32495
31106 32486
31940 31451
32023 31352
31698 31716
31815 31650
31218 32410
30710 32503
30621 32515
31885 31498
31865 31546
31505 31883
31835 31608
31594 31749
31588 31831
31561 31854
31624 31720
31484 31936
31178 32458
31177 32482
31476 31966
31422 31987
31446 31970
31397 32004
31434 31980
30545 32496
32066 31074
31156 32479
31241 32185
31319 31987
32046 31227
31923 31409
31758 31633
31217 32346
31668 31691
31989 31317
31779 31564
31419 31932
31848 31478
31940 31318
31172 32361
31371 31965
31480 31906
31819 31529
31599 31699
31574 31734
31557 31790
31489 31850
31843 31489
31540 31826
31174 32347
31518 31847
31522 31834
30418 32488
32019 31105
31366 31961
31215 32280
30696 32476
30946 32468
31798 31383
31763 31528
31151 32310
31881 31310
31421 31876
31979 31277
31138 32387
32000 31198
31482 31814
31045 32444
31665 31687
31557 31700
31450 31865
32009 31158
31729 31592
31531 31803
31685 31616
31634 31688
31930 31303
31535 31752
31109 32422
31541 31723
31097 32424
31047 32437
31910 31308
31696 31607
31724 31603
30547 32470
32009 31134
31208 32254
31213 31983
31725 31417
31877 31304
30929 32444
31610 31685
30724 32457
31126 32343
31720 31556
31665 31672
30716 32462
31524 31756
31023 32379
31715 31602
31321 31961
31477 31798
31993 31177
31442 31865
30972 32419
31077 32346
31393 31876
31922 31273
31964 31250
31352 31907
31502 31759
31322 31919
31956 31259
30497 32454
31982 31058
31202 32242
30710 32440
31244 31957
31724 31348
30962 32404
31122 32339
31695 31569
31786 31285
31958 31123
31317 31865
31500 31751
31570 31655
31925 31237
31018 32369
31917 31271
31664 31631
31610 31637
31412 31833
31440 31780
31674 31580
31382 31858
30994 32377
31441 31759
31383 31838
31922 31267
30616 32417
31958 31081
31178 32207
31689 31453
31196 31960
31793 31243
31871 31237
31354 31846
30895 32395
31495 31721
31084 32331
31231 31924
31614 31627
30708 32400
31093 32313
30859 32397
31371 31772
31682 31562
30641 32403
31415 31741
31441 31736
31634 31595
31803 31238
31644 31573
30575 32412
31850 31205
30894 32382
31793 31235
31674 31530
31171 32066
31224 31837
31010 32331
31091 32313
31112 32178
31124 32149
31344 31827
31533 31614
31487 31680
31449 31717
31367 31731
31346 31796
31356 31744
31622 31559
31645 31548
31573 31612
31459 31686
31594 31580
31578 31581
30513 32407
31836 31177
31151 31840
31113 32121
30688 32364
31768 31195
31664 31423
30889 32348
31498 31614
31042 32163
31304 31825
31417 31669
31346 31720
31577 31573
30994 32304
31029 32272
31332 31822
31637 31464
31405 31709
31591 31530
31621 31503
31016 32301
30497 32382
31811 31035
31645 31111
31261 31798
30934 32299
31076 32008
31629 31373
30686 32328
31403 31684
31003 32207
31597 31494
30645 32355
31487 31592
31329 31718
31013 32118
31304 31790
31544 31544
31030 32073
31074 32040
31522 31559
30431 32370
31613 31372
31016 31966
31224 31788
30957 32186
31390 31663
31596 31487
30612 32321
30724 32281
31486 31583
30494 32327
30877 32267
31306 31705
30845 32278
31526 31539
31316 31684
31503 31542
31313 31694
30276 32325
31603 31336
31011 31919
30881 32173
30729 32264
30957 32066
31156 31777
31364 31650
30533 32319
31413 31527
30583 32309
31177 31700
31286 31678
31470 31463
31551 31425
31465 31524
31550 31438
30397 32316
31523 31180
30691 32236
30930 32062
31103 31668
31299 31645
30999 31841
31007 31819
31342 31544
31498 31356
31467 31446
31422 31521
31488 31425
31427 31499
31497 31375
31425 31504
30317 32289
31491 31175
30613 32186
31271 31641
31470 31410
31301 31511
31410 31483
31292 31633
31460 31444
30144 32206
31468 31327
30585 32171
31105 31632
31281 31620
31454 31363
30480 32169
31455 31190
31061 31631
31230 31554
31317 31358
31179 31607
31440 31307
31442 31210
31411 31344
31360 31352
31222 31597
30450 32167
31444 31145
31223 31505
31365 31295
31426 31245
30385 32122
31412 31153
30448 32083
31411 31215
30412 31962
31359 31141
31278 31026
31281 30992
31275 31011
31179 32470
32021 31252
31961 31887
31471 32286
31975 31280
31249 32469
31367 32290
31356 32412
31366 32396
31199 32441
32020 30912
31616 31810
32004 31135
31931 31373
31721 31748
31400 32286
31793 31672
31439 31860
31437 32044
31251 32332
31913 31472
31851 31595
31341 32294
31879 31562
31292 32324
31437 32044
31439 31860
31050 32441
32004 30812
31417 32004
31605 31754
31932 30856
31910 31332
31915 31176
31378 32282
31385 32222
31860 31517
31219 32293
31149 32406
31756 31657
31684 31733
31774 31613
31911 31203
31166 32337
31666 31748
31838 31546
31803 31556
31197 32329
31212 32310
31803 31556
30962 32398
31999 30772
31378 32241
31632 31740
31910 31160
31079 32343
31736 31653
31853 31501
31167 32326
31222 32279
31770 31592
31855 31383
31274 32247
31882 31266
31679 31665
31903 31196
31812 31524
31800 31555
31190 32316
31318 32243
31646 31675
31868 31318
31318 32243
31860 31324
31635 31687
31633 31714
31860 31324
31868 31318
30567 32341
31973 30721
31894 31158
30965 32339
31921 30751
31362 31947
31384 31737
31354 32170
31546 31715
31255 32246
31679 31663
31564 31667
31147 32272
31095 32321
31010 32330
31838 31408
31829 31475
31299 32230
31322 32186
31857 31237
31803 31517
31143 32312
31869 31229
31784 31534
31846 31328
31742 31552
31696 31611
31940 30736
31846 31328
31724 31560
31717 31583
31708 31596
31701 31598
31865 31232
30716 32331
31934 30662
31347 31980
31879 31152
31510 31669
31067 32320
31137 32256
31249 32242
31839 31221
31343 32145
31309 32175
31591 31650
31837 31358
31760 31519
31645 31637
31778 31451
31813 31444
31834 31391
31679 31615
31697 31593
31734 31552
31716 31562
30615 32328
31916 30652
31341 32006
31589 31649
30690 32327
31863 31050
31032 32306
31266 32034
31244 32224
31839 31171
31833 31303
31115 32226
31821 31356
31657 31549
31720 31548
31851 31110
31807 31434
31256 32142
31040 32267
31777 31447
31092 32247
31636 31599
31249 32159
31747 31488
31741 31498
31624 31636
31627 31608
31093 32229
30660 32321
31914 30559
31339 31809
31579 31640
30992 32221
31845 30799
31828 31150
31275 31962
30849 32277
31861 30744
31168 32215
31867 30565
31815 31349
30776 32289
31817 31182
31779 31410
31728 31486
31254 32068
31233 32162
31618 31634
31171 32210
31635 31569
30800 32282
31784 31383
31246 32097
31682 31518
31244 32146
31646 31522
31716 31502
31695 31507
31642 31534
30629 32315
31831 30710
31276 31739
30783 32274
31109 32178
31557 31633
31823 31067
31258 31959
31201 32143
31250 32056
31763 31399
31725 31474
31815 31188
31779 31343
31128 32154
31787 31251
30700 32281
31607 31591
30657 32301
30744 32278
31680 31489
31586 31632
31614 31536
31251 31991
31791 31205
31630 31514
31652 31491
31639 31492
30550 32257
31824 30667
30727 32215
31803 30932
30980 32166
31520 31630
31273 31655
31256 31908
31769 31177
31258 31710
31227 32051
30557 32237
31603 31560
31078 32118
31728 31396
31575 31617
31626 31465
31766 31228
31174 32069
31134 32071
31746 31308
31098 32106
31747 31295
31711 31449
31658 31459
31680 31458
31710 31456
30716 32202
31812 30577
31083 32102
31227 31754
31542 31587
31756 31065
31768 30728
31206 31951
31224 31838
31174 32056
31739 31240
31794 30641
31604 31460
31723 31393
31688 31453
31176 32014
31729 31283
31591 31497
31574 31576
31575 31530
31700 31405
31692 31432
31738 31264
30661 32194
31789 30542
31568 31559
31213 31760
30913 32097
31784 30625
31753 30962
31734 31257
31126 32050
31161 31890
31743 31060
31642 31453
31721 31388
31069 32082
30984 32089
31667 31429
31164 31813
31200 31811
31752 30997
30531 32194
31763 30625
31178 31616
30636 32111
31166 31797
31499 31530
30971 32020
30984 31970
31741 30963
31738 31055
31641 31442
31733 31210
31574 31453
31567 31526
31708 31332
30591 32139
31716 31251
30541 32158
31662 31379
31677 31372
31723 31215
30537 32187
30525 32179
31760 30448
30896 31881
31732 31187
30587 32129
31139 31595
31418 31525
31066 31719
31640 31405
31565 31488
31123 31706
31647 31312
31671 31261
31714 31240
31498 31521
30546 32132
31507 31497
30320 32160
31732 31127
30979 31719
30566 32057
31496 31500
31065 31647
31562 31441
30440 32159
31634 31371
30555 32110
31638 31322
31700 31233
31671 31240
31033 31718
31035 31661
30560 32078
30398 32100
31731 31115
30874 31683
31378 31485
30538 32041
31696 31219
31538 31412
31477 31467
31633 31328
31621 31366
30525 32092
30534 32066
31630 31334
30520 32054
31731 31001
30845 31679
31448 31462
31625 31166
31616 31327
31477 31369
31686 31137
31534 31348
31698 31086
31472 31442
31590 31340
31724 31063
31729 31043
31461 31457
30506 32044
31724 30513
31431 31455
30520 31966
31716 30654
31708 31051
31470 31397
31667 31119
31603 31265
31587 31332
31691 31075
31601 31306
30462 31935
31705 30966
31141 31400
31417 31377
31566 31303
31585 31246
31597 31113
31704 31048
31673 31058
31629 31105
31574 31265
31611 31108
30270 31922
31702 30926
30462 31712
31417 31369
31620 31077
31675 31028
31536 31293
31575 31183
31550 31268
31557 31192
31478 31286
31686 30682
31634 30877
31602 31052
31550 31233
31570 31128
31423 31276
31658 30534
31621 30637
31562 31095
31472 31217
31601 31009
31651 30560
31587 31014
31440 31233
31430 31256
31464 31160
31651 30387
31488 31009
31602 30616
31605 30471
31301 31128
31541 30329
31459 31085
31428 31106
30997 31108
31517 30297
31298 30762
31259 31016
30985 32692
31811 31494
31732 31664
31701 32213
31154 32664
31543 32459
31690 32390
31282 32599
31418 32472
31701 32213
31772 31513
31334 32490
31319 32560
31752 31594
31752 31594
31324 32529
31326 32509
31330 32497
31036 32661
31782 31443
31739 31586
31668 32278
31471 32430
31541 32384
31592 32363
31280 32571
31395 32465
31154 32581
31660 32315
31346 32471
31755 31460
31313 32510
31085 32652
31119 32625
31147 32595
31108 32640
31295 32530
31283 32539
31759 31446
31032 32654
31768 31366
31725 31493
31590 32191
31272 32526
31416 32420
31481 32378
31115 32623
31316 32454
31581 32281
31738 31400
31145 32592
31194 32531
31524 32324
31184 32556
31533 32307
31351 32440
31351 32440
30955 32628
31760 31213
31577 31474
31564 32105
31130 32581
31708 31460
31240 32522
31069 32615
31724 31357
31543 32180
31469 32303
31408 32357
31518 32239
31271 32467
31279 32426
31356 32392
31321 32424
31403 32385
31482 32258
31345 32413
31474 32270
30950 32608
31727 31207
31541 32057
31688 31441
31506 32227
31398 32341
31044 32586
31179 32519
31239 32517
31241 32419
31708 31293
31537 32164
31334 32404
31101 32555
31392 32383
31120 32520
31280 32410
31518 32181
31699 31394
31701 31332
31317 32409
31107 32539
31691 31432
31396 32357
30983 32567
31690 31286
31531 31886
31651 31428
31096 32537
31199 32498
31515 32060
31281 32407
31441 32220
31393 32271
31239 32491
31017 32548
31487 32194
31387 32366
31509 32109
31335 32371
31681 31383
31312 32375
31666 31386
30938 32539
31670 31305
31577 31413
31513 32020
31089 32530
31234 32457
31416 32201
31357 32233
31138 32469
31346 32341
31645 31409
31480 32164
31288 32366
31258 32377
31489 32088
31658 31330
31099 32480
31483 32117
31002 32526
31641 31348
31477 32010
31607 31409
31150 32434
31234 32432
31451 32115
31340 32243
31089 32512
31130 32465
31402 32198
31302 32291
31055 32521
31408 32187
31476 32110
31636 31369
31328 32263
31279 32348
31238 32359
31275 32349
31236 32377
30906 32511
31636 31227
31560 31409
31475 32091
31021 32499
31389 32189
31338 32230
31428 32092
31268 32249
31069 32491
31622 31351
31199 32431
31127 32435
31266 32319
31115 32461
31593 31378
31244 32343
31232 32352
31222 32413
31228 32399
31598 31355
31124 32454
30995 32492
31616 31350
31473 32070
31385 32103
31251 32223
31331 32200
31118 32453
31179 32430
31365 32185
31049 32478
31067 32468
31250 32302
31225 32306
31375 32142
31210 32399
31215 32361
31213 32374
31059 32476
30979 32486
31616 31348
31470 31361
31448 31992
31259 32178
31209 32315
31356 32163
31530 31350
31363 32086
31425 32030
31056 32456
31173 32430
31116 32443
31182 32374
31077 32444
30965 32480
31613 31340
31393 31373
31354 31970
31247 32168
31195 32237
31329 32075
31313 32142
31004 32445
31060 32425
31112 32423
31186 32312
31158 32403
31171 32360
31168 32378
30947 32480
31612 31211
31341 31905
31577 31337
30997 32441
31325 32059
31103 32418
31274 32131
31182 32254
31207 32163
31163 32333
31147 32390
31192 32181
31601 31275
31156 32364
31588 31302
31583 31303
30930 32463
31590 31226
31558 31326
31321 31895
31300 32015
30990 32422
31180 32219
31079 32412
31252 32130
31260 32115
31119 32378
30937 32458
31128 32336
31163 32260
31149 32327
31160 32313
31162 32286
30918 32453
31573 31225
31288 31704
31493 31315
31286 31950
31079 32411
31251 32111
31181 32117
31158 32170
31550 31278
31106 32348
31141 32276
31503 31286
31150 32273
31102 32374
31145 32274
30846 32441
31562 31123
31304 31313
31238 31927
31481 31294
31213 32109
30898 32413
31024 32411
31166 32115
31089 32374
31518 31207
31122 32274
31144 32204
31559 31150
31508 31261
31071 32400
30877 32438
31129 32246
31034 32409
30769 32421
31481 31229
31210 31993
31432 31280
30880 32411
31008 32406
31128 32152
31167 32074
31085 32353
31109 32265
31158 32086
31038 32398
31066 32373
31122 32243
31112 32246
30865 32410
31430 31243
31199 31919
31399 31269
31121 32222
30945 32406
31037 32395
31078 32347
31084 32239
31040 32370
30906 32404
31406 31227
31117 32174
31329 31260
31078 32325
31026 32387
30928 32391
30724 32402
31394 31213
31109 32011
30907 32385
31018 32382
31069 32271
31065 32319
31076 32144
31020 32360
31100 32050
31085 32057
31084 32102
31078 32115
30950 32382
31382 31196
31109 31945
31003 32378
31093 32039
31070 32063
31069 32186
31040 32272
31068 32261
31014 32312
31009 32314
30927 32382
31370 31158
31272 31193
31059 32008
31012 32301
30973 32328
31044 32257
31057 32145
30958 32365
30931 32370
31052 32217
31054 32186
30928 32366
31348 31090
31158 31183
31055 31950
31227 31179
31295 31139
31036 32251
30973 32258
31054 32081
31044 32175
30962 32320
30939 32330
30936 32344
30891 32354
31324 31034
31088 31183
31054 32074
31211 31176
31010 32226
31235 31073
30935 32234
31043 32167
31219 31100
30922 32323
30920 32346
30899 32337
31166 30986
31052 32012
31055 31069
30990 32225
31118 31040
31004 32199
31157 31031
30992 32201
30862 32336
31141 30982
31049 31226
31032 31868
31003 32166
30946 32222
30884 32331
30973 32216
30843 32318
31096 30976
30998 32112
30852 32251
30965 32188
30982 32166
30777 32314
31045 30849
30993 31870
30836 32258
30953 32171
30979 32072
30985 31924
30961 32079
30688 32239
30967 30889
30935 31867
30881 32156
30940 30892
30752 32189
30728 32200
30675 32172
30910 31707
30805 32034
30876 31906
30884 31763
30630 32074
