3 0.0161626
13796 13791 13796 14376
13748 14297 13619 13900
13310 14128 14238 13379
13818 13965 13545 13752
14087 14042 13724 13336
13683 13918 13865 13640
13538 14054 14223 12912
13971 13691 13226 13463
14272 13632 14015 13318
13896 13738 13263 13659
13784 14035 13902 13013
13526 14181 13980 14194
13918 14015 14197 13582
13674 13834 13866 14221
13896 13738 13263 13659
13310 14128 14238 13379
13748 14297 13619 13900
13526 14181 13980 14194
13748 14297 13619 13900
14087 14042 13724 13336
14272 13632 14015 13318
13674 13834 13866 14221
13683 13918 13865 13640
13971 13691 13226 13463
14272 13632 14015 13318
13683 13918 13865 13640
14272 13632 14015 13318
13748 14297 13619 13900
14087 14042 13724 13336
13918 14015 14197 13582
14087 14042 13724 13336
13310 14128 14238 13379
13748 14297 13619 13900
13971 13691 13226 13463
13683 13918 13865 13640
13538 14054 14223 12912
13796 13791 13796 14376
13818 13965 13545 13752
13818 13965 13545 13752
13784 14035 13902 13013
13526 14181 13980 14194
13748 14297 13619 13900
14087 14042 13724 13336
13918 14015 14197 13582
13310 14128 14238 13379
13310 14128 14238 13379
13683 13918 13865 13640
13971 13691 13226 13463
14087 14042 13724 13336
14087 14042 13724 13336
13674 13834 13866 14221
14272 13632 14015 13318
13683 13918 13865 13640
14272 13632 14015 13318
13748 14297 13619 13900
13971 13691 13226 13463
14087 14042 13724 13336
14087 14042 13724 13336
13918 14015 14197 13582
13526 14181 13980 14194
13918 14015 14197 13582
13538 14054 14223 12912
13796 13791 13796 14376
13818 13965 13545 13752
13818 13965 13545 13752
13784 14035 13902 13013
13748 14297 13619 13900
13538 14054 14223 12912
13310 14128 14238 13379
14272 13632 14015 13318
13310 14128 14238 13379
14087 14042 13724 13336
14087 14042 13724 13336
13683 13918 13865 13640
13971 13691 13226 13463
13674 13834 13866 14221
13784 14035 13902 13013
13918 14015 14197 13582
13674 13834 13866 14221
13796 13791 13796 14376
13818 13965 13545 13752
14087 14042 13724 13336
13971 13691 13226 13463
13748 14297 13619 13900
13617 13878 13967 14168
13310 14128 14238 13379
13683 13918 13865 13640
14272 13632 14015 13318
13310 14128 14238 13379
13674 13834 13866 14221
13818 13965 13545 13752
13770 13169 13698 13737
13770 13169 13698 13737
13971 13691 13226 13463
13754 13943 13366 13465
13754 13943 13366 13465
13754 13943 13366 13465
13310 14128 14238 13379
13754 13943 13366 13465
14087 14042 13724 13336
13748 14297 13619 13900
14272 13632 14015 13318
13818 13965 13545 13752
13818 13965 13545 13752
13186 13900 13402 13245
13485 13879 13572 13441
13314 13993 13338 13200
13310 14128 14238 13379
14087 14042 13724 13336
14272 13632 14015 13318
13538 14054 14223 12912
13971 13691 13226 13463
13683 13918 13865 13640
13310 14128 14238 13379
13674 13834 13866 14221
13770 13169 13698 13737
13971 13691 13226 13463
14087 14042 13724 13336
13186 13900 13402 13245
14087 14042 13724 13336
13683 13918 13865 13640
14087 14042 13724 13336
13319 13841 13764 13606
13416 13194 13506 13720
13583 13411 13450 13840
13674 13834 13866 14221
13485 13879 13572 13441
13674 13834 13866 14221
14087 14042 13724 13336
13754 13943 13366 13465
13674 13834 13866 14221
13818 13965 13545 13752
13310 14128 14238 13379
13314 13993 13338 13200
13674 13834 13866 14221
13319 13841 13764 13606
