7186 236.142
35469 38937
35469 38937
37288 37032
36981 37831
37054 37677
37257 37278
37261 37088
36410 38285
36558 38182
36622 38094
35946 38670
36060 38638
36197 38463
36288 38438
36337 38373
36377 38299
36512 38229
36872 37897
36930 37855
35790 38764
35885 38761
37117 37531
37140 37483
37177 37429
37228 37338
37257 37278
35700 38825
36787 37994
36815 37937
36121 38530
36165 38491
37261 37088
37288 37032
35885 38761
35889 38683
36060 38638
36084 38581
36622 38094
36641 38033
36930 37855
36981 37831
35510 38904
36523 38221
36558 38182
36288 38438
36315 38391
37140 37483
35510 38904
35561 38886
37204 37383
37228 37338
36512 38229
35651 38841
36815 37937
36871 37931
37054 37677
37058 37618
36745 37999
36702 38016
36084 38581
36117 38556
35710 38787
35762 38785
35561 38886
35600 38873
35906 38680
35946 38670
36745 37999
36787 37994
36377 38299
36410 38285
35710 38787
35616 38852
35651 38841
36641 38033
36682 38031
35469 38937
36315 38391
36337 38373
35770 38783
35790 38764
37200 37417
37204 37383
36702 38016
35600 38873
35616 38852
37058 37618
37065 37588
37084 37557
37109 37547
37177 37429
37200 37417
36682 38031
36871 37931
36872 37897
37077 37559
35469 38937
37072 37585
36117 38556
36121 38530
36169 38487
36193 38483
35700 38825
37109 37547
36193 38483
36197 38463
35889 38683
35906 38680
36523 38221
35762 38785
35770 38783
37065 37588
37072 37585
37084 37557
36165 38491
36169 38487
37077 37559
35469 38937
35469 38937
35469 38937
35469 38937
35469 38937
35469 38937
35469 38937
35469 38937
35469 38937
35469 38937
35469 38937
35469 38937
35469 38937
35469 38937
35469 38937
35469 38937
35469 38937
35469 38937
35469 38937
35469 38937
35469 38937
35469 38937
35469 38937
35469 38937
35469 38937
35469 38937
35469 38937
35469 38937
35469 38937
35469 38937
35469 38937
35469 38937
35469 38937
35469 38937
35469 38937
35469 38937
35469 38937
35469 38937
35469 38937
35469 38937
35469 38937
35469 38937
35469 38937
35469 38937
35469 38937
35469 38937
35469 38937
35469 38937
35469 38937
35469 38937
35469 38937
35469 38937
35469 38937
35469 38937
35469 38937
35469 38937
35469 38937
35469 38937
35469 38937
35469 38937
35469 38937
35469 38937
35469 38937
35469 38937
35469 38937
35469 38937
35469 38937
35469 38937
35469 38937
35469 38937
35469 38937
35469 38937
35469 38937
35469 38937
35469 38937
35469 38937
35469 38937
35469 38937
35469 38937
35469 38937
35469 38937
35469 38937
35469 38937
35469 38937
35469 38937
35469 38937
35469 38937
35469 38937
35469 38937
35469 38937
35469 38937
35469 38937
35469 38937
35469 38937
35469 38937
35469 38937
35469 38937
35469 38937
35469 38937
35469 38937
35469 38937
35469 38937
35469 38937
35469 38937
35469 38937
35469 38937
35469 38937
35469 38937
35469 38937
35469 38937
35469 38937
35469 38937
35469 38937
35469 38937
35469 38937
35469 38937
35469 38937
35469 38937
35469 38937
35469 38937
35469 38937
35469 38937
35469 38937
35469 38937
35469 38937
35469 38937
35469 38937
35469 38937
35469 38937
35469 38937
35469 38937
35469 38937
35469 38937
35469 38937
35469 38937
35469 38937
35469 38937
35469 38937
35469 38937
35469 38937
35469 38937
35469 38937
35469 38937
35469 38937
35469 38937
35469 38937
35469 38937
35469 38937
35469 38937
35469 38937
35469 38937
35469 38937
35469 38937
35469 38937
35469 38937
35469 38937
35469 38937
35469 38937
35469 38937
35469 38937
35469 38937
35469 38937
35469 38937
35469 38937
35469 38937
35469 38937
35469 38937
35469 38937
35469 38937
35469 38937
35469 38937
35469 38937
35469 38937
35469 38937
35469 38937
35469 38937
35469 38937
35469 38937
35469 38937
35469 38937
35469 38937
35469 38937
35469 38937
35469 38937
35469 38937
35469 38937
35469 38937
35469 38937
35469 38937
35469 38937
35469 38937
35469 38937
35469 38937
35469 38937
35469 38937
35469 38937
35469 38937
35469 38937
35469 38937
35469 38937
35469 38937
35469 38937
35469 38937
35469 38937
35469 38937
35469 38937
35469 38937
35469 38937
35469 38937
35469 38937
35469 38937
35469 38937
35469 38937
35469 38937
35469 38937
35469 38937
35469 38937
35469 38937
35469 38937
35469 38937
35469 38937
35469 38937
35469 38937
35469 38937
35469 38937
35469 38937
35469 38937
35469 38937
35469 38937
35469 38937
35469 38937
35469 38937
35469 38937
35469 38937
35469 38937
35469 38937
35469 38937
35469 38937
35469 38937
35469 38937
35469 38937
35469 38937
35469 38937
35469 38937
35469 38937
35469 38937
35469 38937
35469 38937
35469 38937
35469 38937
35469 38937
35246 38761
35972 38149
35555 38527
35483 38724
35726 38199
35584 38295
35222 38741
35952 37722
35782 38050
35520 38109
35476 38481
35388 38665
35205 38719
35673 37931
35436 38404
35385 38634
35431 38444
35293 38665
35323 38649
35133 38675
35602 37837
35477 37916
35424 38212
35351 38630
35188 38637
35412 38421
35358 38500
35395 38439
35156 38652
35002 38600
35435 37668
35418 38165
35214 38589
35286 38578
35399 38273
35391 38366
35319 38528
35368 38405
35351 38465
35334 38484
35074 38579
35414 37678
35370 38213
35310 38504
35351 38421
35208 38564
35088 38567
35233 38559
35190 38553
35367 38132
35263 38457
35349 38256
35212 38462
35319 38392
35337 38374
35361 38158
35088 38540
35345 38031
35335 38285
35223 38454
35290 38385
35190 38503
35110 38524
35328 38346
35332 38342
35082 38537
35328 38252
35293 38307
35224 38377
35155 38458
35105 38521
35208 38439
35196 38449
35068 38501
35328 38018
35244 38282
35166 38434
35183 38378
35297 38157
35298 38124
35067 38468
35287 38033
35157 38311
35240 38280
35265 38102
34971 38389
35236 37869
35183 38079
35084 38261
35171 38254
35003 38346
34986 38350
34967 38384
35122 37960
35056 38246
34908 38327
35052 38154
34961 38267
34850 38318
34989 37966
34885 38205
34955 38019
34829 38180
34901 37742
