1 0.0594604
12920 14820 14695
12970 14910 14495
13321 13796 15038
14059 13576 14264
14158 14031 13853
14249 13998 14207
14158 14031 13853
13958 14355 14474
13676 14101 14804
13331 13822 14980
13789 14233 14621
13011 14491 14577
13519 14514 14553
14022 14802 14080
13192 14744 14158
14000 13734 14384
13378 14727 14087
13752 14197 14657
13672 14399 14979
13593 14450 14787
13814 14656 14287
13202 14489 14726
13906 14177 14793
13608 14690 14226
14070 14582 14141
12920 14820 14695
14110 14529 14177
13657 14665 14317
14023 14062 14327
13560 14524 14367
13274 14743 14094
14000 13734 14384
14132 14119 14262
14032 14599 14195
13921 14629 14150
13932 14134 14720
14003 14020 14368
13274 14743 14094
14022 14802 14080
13672 14399 14979
14117 14496 14203
13932 14134 14720
12984 14452 14670
13413 14797 13692
13463 13945 14967
14064 13602 14204
14249 13958 14057
14032 13607 14232
14039 14223 13829
13148 14384 14558
13337 14589 14305
14008 14698 14020
13078 14770 13995
13965 14504 14151
13654 14098 14855
13677 14012 14772
13123 13993 14885
14029 14292 13947
13789 14156 14759
13880 14265 14414
13607 14398 14504
13101 14406 14437
13843 14305 14341
13761 14158 14564
13449 14599 14300
14058 14131 14062
13820 14436 14189
13509 14574 14275
13972 14022 14230
13015 14457 14604
13384 14367 14594
13422 14352 14650
13569 14211 14589
13535 14548 14215
13008 14463 14587
13666 14341 14238
13843 14293 14379
13594 14544 14252
13628 14175 14425
13923 13966 14390
13515 14281 14659
13923 13966 14390
13628 14175 14425
13659 14395 14393
13997 14123 14195
13594 14544 14252
13997 14123 14195
13449 14599 14300
12749 14368 14400
13071 14723 13887
13297 13751 14883
14037 13495 14187
14043 13635 13472
13660 14678 13698
13730 13833 14608
14017 13595 13474
12981 14419 14290
13361 13971 14797
13203 14505 14236
13319 13762 14864
14012 13879 13786
13616 14101 14754
13395 14430 14258
13911 14585 13898
13048 14579 14089
13992 13527 14198
13071 14723 13887
13988 14287 13872
13876 14063 14378
13785 14269 14337
13265 14221 14536
13945 14484 14083
13067 14557 14185
13273 14211 14580
13441 14322 14411
14003 14277 13986
13849 13992 14414
13554 14422 14153
13574 14146 14386
13176 14366 14577
12990 14658 13984
13464 14236 14452
13817 14098 14412
13294 14317 14485
13320 14583 13937
13496 14218 14537
13664 14107 14424
13945 14484 14083
13718 14652 13798
13718 14652 13798
13700 14661 13873
13546 14485 13918
13354 14257 14459
13637 14019 14779
13176 14366 14577
13612 14025 14794
13525 14130 14576
14012 13879 13786
13517 14398 14352
14037 13495 14187
13517 14398 14352
13640 14377 14319
13292 14318 14461
13563 14122 14461
13526 14233 14453
13640 14041 14774
13574 14146 14386
13644 14033 14772
13297 13751 14883
13644 14275 14277
13640 14377 14319
12981 14419 14290
13644 14275 14277
12990 14658 13984
12861 14515 14162
13126 13653 14804
13399 14649 13781
14002 13482 13297
13988 13623 13395
13699 14619 13744
12944 14105 14576
13107 14093 14734
13343 13980 14597
13903 14391 13933
13498 13943 14701
13327 14315 14375
13366 13833 14764
13561 14429 13911
12873 14365 14456
13929 14420 13785
13358 13907 14776
13875 14422 14053
13633 14064 14306
13848 13816 14329
13274 14510 13829
13808 13950 14229
13736 13688 14391
13263 14627 13801
13340 14496 13819
13220 14543 13920
13778 14121 14154
13982 14246 13986
13849 13684 14112
13523 14286 14267
13462 14345 14068
13624 14443 13864
13617 14338 14117
13696 14187 14297
13464 14112 14538
13820 13922 14170
13730 13741 14472
13758 14241 14225
13538 14270 14197
13381 14226 14435
13730 13741 14472
13220 14543 13920
13503 14156 14412
13842 14203 14069
13780 14021 14334
13186 14435 13993
13130 14363 14287
13199 14205 14500
13543 14031 14416
13480 14175 14450
13407 14362 14296
13711 14164 14296
13169 14023 14786
13269 14297 14425
13542 14054 14503
13107 14270 14481
13621 13916 14739
13624 14443 13864
13629 14194 14315
13780 14021 14334
13982 14246 13986
13169 14023 14786
13617 14338 14117
13479 14192 14489
13395 14287 14405
13407 14362 14296
13186 14435 13993
13395 14287 14405
13542 14054 14503
13479 14192 14489
12804 14046 14505
13155 13765 14749
13278 14626 13729
13707 13624 14440
13908 14370 13645
13982 13846 13728
13266 14566 13779
13796 13761 14284
13452 13867 14600
13076 13946 14688
13135 14406 14011
12804 14046 14505
12933 14106 14504
13177 14393 13904
13603 14402 13842
13361 13900 14694
13309 14260 14364
13447 14306 14094
13535 13827 14447
12998 14215 14437
13508 14004 14387
13248 14606 13738
13022 14197 14489
13838 13772 14099
13667 14145 14199
13386 13933 14476
13591 14076 14313
13739 14190 14113
13441 14158 14369
13645 13937 14208
13593 14390 14004
13978 14225 13921
13579 14266 14037
13978 14225 13921
13398 14277 14256
13840 14375 13723
13572 14146 14264
13502 14274 14123
13843 14295 14011
13391 14234 14322
13733 14103 14125
13631 14238 14206
13248 14606 13738
13666 14096 14202
13260 14288 14163
13411 13828 14704
13260 14288 14163
13254 14235 14412
13418 14012 14443
13275 14229 14403
13601 14266 14026
13411 13828 14704
13418 14012 14443
13634 14398 13729
13593 14390 14004
13840 14375 13723
13739 14190 14113
13843 14295 14011
13733 14103 14125
13667 14145 14199
12746 14154 14483
12912 14555 13765
13246 13487 14690
13473 13444 14373
13950 13528 13490
13291 13751 14612
13120 14546 13670
13080 13838 14572
13211 14429 13720
13217 14542 13707
12977 14318 14004
13359 14232 14287
13725 14086 14118
13787 13786 13835
12746 14154 14483
13248 13900 14442
13665 13753 14231
13489 14008 14250
13887 14207 13805
13205 14390 13862
12835 14053 14482
13007 14117 14446
13894 13790 13799
12836 14298 14075
13614 14183 13959
13237 13872 14464
13554 14109 14195
13462 14051 14296
12938 14242 14142
13319 13469 14633
13736 14165 14085
13050 14387 13993
13462 14051 14296
13537 14189 14067
13270 14151 14397
13634 13507 14354
13582 14287 13751
13592 14179 14185
13780 14258 13813
13517 14196 14155
13543 14285 13791
13239 14385 13875
13496 14243 13974
13489 14008 14250
13764 14154 13901
13638 13501 14237
13327 14348 13865
13089 14180 14356
13327 14348 13865
13464 14257 13895
13255 14230 14354
13891 13896 13717
13319 13469 14633
13270 14151 14397
13524 14200 13854
13764 14154 13901
13524 14200 13854
13634 13507 14354
13248 13900 14442
12752 14389 13828
12752 14389 13828
13224 13470 14662
13563 14263 13547
13879 13752 13583
12980 13604 14453
13253 13476 14574
12913 14348 13985
12811 14350 13902
13176 14300 13729
13780 13690 13635
13113 14129 14395
13847 14033 13553
13306 13896 14292
13601 13494 14293
13163 13627 14445
12980 13604 14453
13211 14247 13810
13216 13913 14333
13224 14215 13844
13777 14188 13702
13354 14094 14237
13428 13998 14176
13366 13951 14259
13428 13998 14176
13445 14101 14048
13723 14101 13970
13522 14202 13660
13630 14077 14106
13532 14064 14128
13355 13955 14287
13640 14195 13812
13445 14101 14048
13113 14129 14395
13785 13935 13588
13148 14248 13817
13303 14174 14269
13472 14130 13926
13309 14200 14135
13465 13932 14155
13723 14101 13970
13303 14174 14269
13472 14130 13926
13513 14095 14150
13785 13935 13588
13601 13494 14293
13630 14077 14106
13579 14066 14118
13579 14066 14118
13466 14202 13945
13466 14202 13945
13640 14195 13812
13513 14095 14150
12924 14195 14124
12935 13451 14641
13169 13398 14523
13632 14166 13586
13752 13824 13590
13082 14068 14323
13707 13655 13613
12976 13426 14510
13211 13823 14240
13285 14101 13845
13700 13697 13900
13473 14082 14109
13626 14165 13669
13514 14181 13763
13361 13943 14199
13696 14065 13954
13266 14021 14140
13565 13923 14042
13565 13923 14042
13260 14167 14200
13568 13861 13981
13361 13943 14199
13045 14181 14129
13581 14031 13976
13732 13968 13600
13507 14099 13960
13568 13861 13981
13632 14166 13586
13732 13968 13600
13045 14181 14129
13581 14031 13976
12797 14061 14289
12903 13170 14537
13331 14159 13569
13405 14121 13483
13690 14019 13653
13670 13762 13941
13103 13985 14039
13038 13356 14471
13681 13830 13788
12874 13242 14481
13468 14034 13897
13038 13356 14471
12990 14134 13951
13538 14006 13787
13429 14071 14029
13628 14058 13750
13165 14060 14035
13155 13306 14474
13636 14040 13703
13152 13813 13995
13392 14037 13660
13632 14006 13541
13658 13284 13652
13336 14035 13925
13548 13685 13811
13593 13385 13770
13632 13449 13737
13578 13630 13812
13578 13630 13812
13632 13449 13737
13627 13762 13674
13627 13762 13674
13564 13672 13598
