252 116.616
32896 35908
32896 35908
35563 33200
33104 35901
33835 35864
35511 33553
35414 33942
35202 34493
35320 34266
34898 34940
35320 34266
35392 34040
34407 35502
34124 35672
34241 35531
34994 34837
33943 35849
34469 35465
32896 35908
33104 35901
35512 33352
34050 35713
35107 34726
35167 34609
34546 35423
34264 35525
34650 35342
34665 35190
34016 35762
35167 34609
35202 34493
34562 35391
34650 35342
34817 34990
34765 35136
34800 35046
35392 34040
34124 35672
34701 35167
35521 33272
35053 34770
35107 34726
34765 35136
35512 33352
35521 33272
34016 35762
33869 35851
35007 34775
34800 35046
34817 34990
35003 34799
34562 35391
33835 35864
33869 35851
35053 34770
34665 35190
34687 35172
34241 35531
34264 35525
35005 34797
34687 35172
33104 35901
35053 34770
35005 34797
32896 35908
32896 35908
32896 35908
33104 35901
33104 35901
33869 35851
34241 35531
34264 35525
34562 35391
34562 35391
34665 35190
34800 35046
35202 34493
33035 35842
35478 33290
33751 35817
35160 34421
35352 33963
34689 35104
35398 33540
34524 35267
35254 34074
34786 35032
34078 35626
35085 34656
34945 34797
34268 35488
34855 34808
35469 33488
33924 35801
35054 34666
34335 35441
33979 35653
34510 35410
34454 35421
35271 34045
33971 35753
34268 35488
35415 33524
34855 34808
35410 33525
33707 35813
35432 33418
35140 34327
35309 33948
34931 34788
34217 35448
34735 34927
35370 33424
34998 34569
35346 33832
34408 35383
34507 35170
34045 35451
34463 35369
34691 35021
33864 35782
33886 35659
34594 35076
33752 35793
34949 34631
34555 35102
33977 35621
34013 35558
35321 33837
34981 34615
33989 35563
33978 35590
33047 35790
35414 33312
33806 35772
35323 33381
35296 33931
34961 34265
33999 35419
35067 34027
34382 35380
35015 34124
34913 34555
35291 33948
34729 34894
34860 34763
34476 35103
34440 35295
34688 35006
34565 35035
33947 35540
33827 35700
33882 35604
33975 35484
35394 33333
34702 34924
33880 35654
34907 34602
34438 35323
34891 34670
34395 35377
34527 35068
34878 34739
34516 35090
34889 34700
34912 34558
32647 35771
35403 33147
34887 34650
35256 33934
33674 35770
35343 33327
35295 33839
34465 35064
34708 34842
34343 35325
34021 35358
33847 35548
34334 35337
33788 35707
34851 34757
35368 33188
34642 34961
33947 35497
33768 35758
33987 35389
33970 35472
34858 34706
34578 34993
35272 33875
34515 35045
34547 35023
34634 34972
33702 35745
35362 33184
35222 33893
34884 34179
34862 34500
35257 33395
34781 34755
34634 34876
34290 35286
34344 35047
34050 35300
34849 34744
35260 33368
33786 35661
34613 34953
33898 35495
34295 35146
34490 35027
33952 35449
33706 35717
33811 35529
34544 35002
33964 35361
33814 35500
34291 35225
33995 35342
34017 35325
34530 35016
34040 35310
34497 35025
33036 35741
35358 33107
33621 35657
34876 34150
35159 33878
35216 33496
35238 33241
34327 35030
35182 33808
33798 35523
34620 34731
34504 34999
33937 35433
34272 35186
34816 34715
34852 34434
34857 34333
34154 35273
33705 35613
34013 35307
35355 33171
34573 34865
34836 34634
34208 35240
33956 35331
34562 34922
33657 35646
34824 34636
34567 34909
33018 35734
35309 33092
33777 35514
34858 34124
34230 35155
34448 34955
35099 33858
34014 35271
34833 34614
35135 33847
35170 33431
34598 34723
34548 34911
34778 34714
33842 35413
35208 33343
35211 33160
33910 35370
35270 33156
34805 34663
35188 33402
33909 35384
34816 34626
32877 35725
35204 33205
34827 34306
35057 33676
33004 35515
33677 35507
34431 34937
34083 35105
35137 33391
33899 35325
35118 33642
33983 35198
34806 34598
32992 35554
34634 34709
33820 35402
34537 34826
35201 33309
33728 35430
34492 34833
34071 35148
34706 34675
34714 34606
33689 35502
34774 34605
32785 35638
35185 33016
35118 33425
34820 34121
33685 35498
32805 35504
34204 34885
34047 34927
34475 34810
34358 34840
33982 35192
34808 34306
34026 35100
34567 34687
34728 34604
34806 34453
33871 35290
35181 33260
34612 34657
34800 34577
35180 33271
33758 35396
33834 35297
33786 35344
33773 35358
33760 35386
32638 35600
35165 33064
34803 34334
35012 33347
33603 35492
32752 35502
34095 34879
34645 34602
34766 34558
35076 33335
34023 34993
33704 35363
35116 33138
33962 35147
33993 35075
33868 35199
33793 35295
33803 35249
33856 35233
35161 33102
33759 35338
35128 33129
33754 35357
32618 35597
35060 33024
35047 33291
34784 34228
33601 35451
32642 35466
34072 34719
34711 34557
34066 34859
33732 35342
33993 35044
34754 34494
34768 34316
33766 35218
33868 35053
33800 35143
33825 35086
32548 35562
35037 33216
34756 34037
33926 34669
34592 34550
33346 35372
32760 35394
34742 34450
33897 35005
33702 35320
32629 35416
34671 34527
33538 35355
33747 35179
33492 35359
33757 35068
33831 35033
33872 35008
33755 35141
33787 35056
33810 35041
33750 35142
32495 35555
35006 33072
34731 34293
34977 33168
32820 35367
34336 34511
33743 35132
33644 35289
32509 35548
34690 34422
34456 34482
33690 35205
33714 35170
32443 35463
34904 33146
34690 34394
33714 35167
33480 35257
32855 35288
32475 35431
32694 35324
33599 35198
32727 35318
33681 35186
32671 35252
34894 33081
33710 34924
34625 34348
34690 34323
33424 35213
33669 35167
32822 35203
34886 33000
33692 34698
34649 34319
34676 34052
34820 33076
33631 35023
33664 34994
33545 34969
34708 32917
34625 34319
33624 34960
33392 34958
34571 34312
34491 34319
34540 34244
34445 34200
32835 36062
32835 36062
35430 33371
33820 35868
32997 35873
35270 34501
35292 33974
35309 33915
35356 33508
34328 35416
34977 34746
35230 34652
34308 35704
34774 34934
34165 35751
34753 35185
34584 35304
34710 35186
34436 35413
33980 35777
34444 35327
34584 35304
32941 36011
35230 34652
35243 34522
32941 36011
32959 35890
34195 35707
34308 35704
33881 35857
35356 33508
35370 33408
33938 35802
34904 34783
34977 34746
34444 35327
34812 34917
34843 34799
34904 34783
35383 33399
35430 33371
35292 33974
35309 33915
34181 35723
33881 35857
34836 34854
34836 34854
34843 34799
32959 35890
32997 35873
34784 34933
35243 34522
35270 34501
34710 35186
34753 35185
34812 34917
33938 35802
33966 35787
34195 35707
33980 35777
34836 34854
33966 35787
35370 33408
35383 33399
34753 35185
33980 35777
33881 35857
33966 35787
34710 35186
34812 34917
34843 34799
35243 34522
32729 35991
35159 34350
33827 35824
32873 35845
34766 34913
34627 35151
34220 35584
34415 35382
34663 35118
35019 34490
34774 34722
34877 34653
34368 35406
33828 35760
32792 35944
35069 34474
35148 34389
34040 35746
34183 35707
32844 35869
34833 34665
34099 35728
34040 35746
34174 35708
32862 35862
34842 34658
34139 35725
34373 35387
34139 35725
34370 35403
34373 35387
34040 35746
34139 35725
32716 35933
35142 33790
32820 35860
33784 35788
34160 35704
35085 34305
34826 34618
35140 33898
34382 35354
35060 34464
34563 35136
34736 34807
34382 35354
33885 35709
34625 35090
34629 34914
34713 34908
33815 35723
32767 35925
32694 35924
35095 33680
35031 34450
32929 35776
33629 35719
35045 33840
34817 34594
34327 35214
34619 35063
34257 35321
34150 35489
34705 34875
32741 35847
33997 35698
33770 35707
34625 35027
34147 35607
34721 34682
34717 34725
35064 33812
34294 35232
34100 35669
33714 35714
34041 35673
32725 35873
32677 35849
35063 33668
33715 35702
32862 35704
35014 34281
35054 33769
34226 35200
34424 35049
34697 34825
34730 34563
34903 34384
34581 34829
34484 34944
34139 35429
34129 35585
33791 35698
34094 35639
34828 34425
34812 34520
33977 35695
34144 35340
32728 35803
33991 35686
32827 35756
34459 34981
34185 35263
34739 34541
34161 35267
35061 33677
32835 35740
32705 35808
32693 35842
32678 35848
32670 35844
35050 33728
34772 34499
32810 35749
33749 35692
34975 33904
34202 35117
34684 34737
34494 34804
34313 34927
34109 35504
34077 35637
34130 35365
34984 33766
34367 34902
32685 35807
34175 35226
33966 35654
34140 35272
34661 34802
33877 35666
34676 34793
33809 35687
33819 35671
34358 34913
32499 35843
35025 33678
32956 35682
33748 35672
34766 34361
34940 33867
34267 34840
34091 35399
34627 34798
34683 34443
34248 34905
34677 34659
34123 35232
34076 35595
32595 35780
34968 33767
34196 35087
33879 35653
32701 35746
32794 35721
34150 35147
33966 35643
34675 34743
34180 35093
34024 35618
32783 35741
34013 35635
34660 34761
34628 34774
32792 35733
32782 35727
34952 33744
34757 34361
33825 35651
32939 35666
34860 33861
34266 34840
34602 34761
34673 34668
34068 35549
34144 34946
34083 35330
34108 34997
34103 35198
34874 33814
32805 35678
34087 35267
34027 35594
33897 35630
32906 35669
34611 34716
34658 34699
33967 35611
33847 35637
33969 35596
32698 35701
34939 33646
33758 35651
32710 35665
34688 34338
34869 33741
34088 35054
34249 34836
34672 34571
34060 35357
34554 34761
34262 34803
34067 35177
34609 34651
34059 35541
33871 35624
33964 35584
34584 34732
33830 35636
34908 33723
34027 35544
34000 35569
34905 33728
34006 35565
32585 35667
34883 33700
32668 35642
33694 35641
34679 34334
34851 33704
34087 35043
34172 34769
34057 35434
34647 34543
34502 34757
34580 34729
34655 34417
33828 35582
33783 35606
33922 35556
34054 35520
34013 35530
33703 35639
33945 35538
34551 34735
34522 34746
32958 35638
34848 33482
34840 33682
34575 34665
33677 35625
34077 34976
34276 34747
34042 35363
34567 34685
33990 35468
33890 35555
33795 35560
33696 35573
33753 35563
33952 35526
33956 35501
33955 35511
32551 35634
34810 33656
34569 34236
33005 35613
33721 35546
34076 34661
34551 34656
34565 34653
32895 35628
34036 34913
33995 35294
32571 35630
34074 34812
33979 35431
34028 35133
33933 35516
33793 35526
34022 35160
32475 35617
34798 33479
34556 34638
32868 35607
34558 34034
34032 34904
33729 35517
34786 33603
34028 35053
33960 35318
33926 35490
33953 35420
33796 35497
33731 35513
32501 35604
34778 33597
34558 33902
33972 35049
32812 35581
33740 35497
34418 34635
34508 34626
33946 35402
32722 35599
33908 35432
33819 35484
33880 35453
33845 35455
33825 35467
32631 35585
34496 34621
33952 34946
33724 35485
32744 35574
33933 35292
33865 35420
33925 35389
32637 35562
34483 34009
33607 35478
34074 34621
32838 35484
33897 34931
34475 34393
34470 34612
33876 35306
33883 35202
32710 35517
32690 35549
32639 35558
32540 35558
34460 34226
33873 35100
33820 35289
34390 34594
32852 35447
34403 34426
32746 35477
32634 35553
32547 35557
32489 35538
34451 34198
33769 35288
34248 34557
32637 35385
34380 34465
32629 35496
34301 34509
32545 35534
32462 35521
34431 34156
33673 35122
34214 34550
32624 35410
34269 34385
32574 35485
32614 35479
32560 35474
34408 33987
32589 35227
34097 34419
34245 34369
34282 34038
34380 34013
32181 35144
34266 33772
34067 33947
31957 35093
32172 35065
32102 35080
31923 35080
32016 35060
31899 35053
32941 36008
32941 36008
35637 33097
33831 35916
32941 36008
35425 33535
34411 35525
35178 34484
35194 34107
34201 35529
35393 33830
34877 35044
34615 35523
34108 35558
34830 35271
35547 33216
35525 33432
34891 34984
34925 34788
35525 33432
35028 34610
34094 35706
34079 35755
34778 35333
35124 34559
35210 34021
33996 35757
35178 34484
34729 35446
34753 35342
35374 33834
35579 33178
34830 35271
34944 34745
34662 35470
35194 34107
35325 33882
33868 35798
33932 35768
34662 35470
34729 35446
35318 33918
35007 34722
35023 34697
33831 35916
33846 35849
35072 34576
33965 35767
34891 34984
33856 35802
35617 33149
35116 34570
35289 33982
35601 33151
35247 34015
35281 33984
34094 35706
35554 33215
34931 34747
33846 35849
35072 34576
34925 34788
35247 34015
35318 33918
35325 33882
35023 34697
35007 34722
33932 35768
34753 35342
35289 33982
35617 33149
33868 35798
35281 33984
35554 33215
32941 36008
34729 35446
34891 34984
35194 34107
35325 33882
32719 35843
35559 33163
33783 35825
35025 34531
35090 34017
35226 33805
35379 33463
34058 35532
34690 35365
34865 35034
34904 34680
34471 35515
34697 35064
35482 33314
34925 34622
34029 35613
35202 33969
34613 35498
35420 33430
34718 35035
35218 33893
33999 35716
33873 35741
35458 33332
33839 35795
35117 34007
34471 35515
34613 35498
33968 35739
34865 35034
34865 35034
32739 35797
35479 33212
33651 35784
34916 34589
34975 34012
35277 33394
33996 35643
35214 33892
34408 35455
34847 34657
34683 35331
34789 34966
34747 35033
35420 33391
34595 35377
33691 35756
33858 35729
34498 35424
33947 35692
35088 33997
35146 33919
33889 35695
34436 35426
35140 33955
35111 33989
34783 35007
34759 35026
32777 35776
35432 33151
33673 35729
35267 33339
34904 34480
35057 33978
35199 33843
34827 34644
34380 35424
33988 35478
34783 34958
34674 35212
34730 34992
35130 33946
33946 35685
34454 35391
33968 35583
33843 35724
34576 35361
33795 35728
34657 35303
33982 35500
34619 35311
34584 35343
34763 34988
32704 35776
35421 33112
33810 35715
32740 35720
34873 34092
35246 33290
34303 35396
34810 34626
35157 33796
33959 35498
34654 35268
35047 33947
34520 35345
34662 34963
34744 34822
35331 33147
34748 34631
34709 34950
34583 35288
33888 35681
35127 33825
35116 33901
33921 35649
33958 35567
35350 33125
33923 35589
35103 33932
33666 35705
35404 32900
34223 35392
33892 35609
34772 34395
34736 34558
34651 35265
35151 33289
35082 33929
35121 33658
34815 34039
34845 33949
34414 35338
35236 33250
34699 34896
35322 33064
34672 34906
35115 33801
35397 33061
33803 35697
34522 35269
34495 35329
33839 35651
33830 35678
34510 35290
33444 35703
35392 33052
34764 34279
35080 33221
35045 33894
34686 34893
35063 33879
34230 35331
33989 35383
33718 35683
34644 35174
34425 35285
35115 33071
34704 34535
33882 35521
34715 34282
34509 35262
34615 35259
34709 34513
33814 35664
35103 33101
33856 35597
33824 35623
32622 35687
35316 32937
33659 35680
34386 35270
34940 33857
34688 34407
35089 33081
33834 35524
35062 33757
34661 34835
34667 34509
34644 35051
35195 33032
34505 35260
34603 35233
35011 33802
34627 35130
35274 33010
33769 35585
33732 35641
33826 35556
33718 35678
33653 35668
35311 32894
35003 33798
34642 34782
34242 35263
33832 35488
35029 33701
35044 33118
34627 34868
34584 35168
34359 35241
35178 33013
35084 33056
35246 32984
34513 35222
33727 35622
34295 35255
35301 32901
33655 35654
34526 35208
34581 35192
33749 35567
33815 35532
33789 35546
33767 35552
33424 35664
35234 32714
35006 33647
34628 34762
34347 35201
33823 35267
35073 32975
35225 32969
33541 35655
34589 34865
34565 35186
33708 35611
34576 35147
33802 35476
33770 35514
33731 35535
33721 35567
33796 35501
33778 35508
33729 35547
32678 35623
35122 32892
34611 34440
34992 33057
33658 35590
34249 35180
33773 35417
34562 34707
34537 35146
34560 35027
34608 34590
35048 32969
35111 32957
34547 35044
33703 35495
33686 35550
33726 35468
33755 35426
33748 35465
33667 35561
32678 35620
35109 32882
34601 34585
34900 32969
33578 35573
34135 35148
33772 35351
34530 34914
34380 35130
34507 35076
33737 35437
33676 35531
35082 32957
34955 32963
34407 35098
33635 35568
33762 35361
35103 32885
32495 35595
35107 32845
34579 34302
35052 32956
32530 35555
33624 35547
34495 35029
33721 35150
34372 35127
33704 35346
33628 35535
34376 35120
33713 35298
35071 32944
32321 35567
35033 32916
35011 32929
34457 35019
33622 35518
32496 35543
34232 35100
33708 35291
34376 35084
33647 35337
34434 35027
33660 35325
32469 35524
35013 32794
35000 32872
34423 34924
32591 35513
33573 35509
33738 35065
34324 35043
33624 35309
34396 34956
33619 35356
34332 35028
33605 35464
33600 35479
33273 35505
35001 32744
34411 34318
34734 32823
33597 35266
34216 34999
34404 34893
33532 35489
34923 32812
34328 34971
33561 35434
34994 32780
32502 35495
34924 32776
34408 34128
34772 32786
33464 35481
34378 34857
33593 35228
34017 34889
34109 34864
33545 35316
33530 35386
33499 35475
32147 35464
34911 32736
34260 34290
33346 35460
33544 35110
34036 34821
34180 34415
34119 34776
33457 35323
34246 34355
33467 35179
33480 35171
34083 34803
32471 35421
34792 32717
33390 35289
34179 34292
34048 34735
32533 35336
34155 34334
32411 35413
34179 34248
33362 35253
33596 34435
32021 35365
33313 34989
32319 35183
33284 35170
32509 35079
32567 35057
33019 36049
35647 33614
33105 35907
33767 35885
35178 34484
35287 34131
35619 33997
35647 33614
34703 35074
34685 35260
35072 34576
35287 34131
35491 34057
34797 34933
34370 35403
33099 36019
34844 34764
34415 35292
34108 35558
35178 34484
34610 35286
35028 34610
35491 34057
35619 33997
34753 34989
34013 35774
34091 35692
34091 35692
34931 34631
34394 35321
33801 35821
34277 35438
34873 34742
33105 35907
33922 35800
34196 35523
33922 35800
34013 35774
33767 35885
33801 35821
34610 35286
34898 34683
34898 34683
34786 34966
34265 35484
34125 35524
34242 35487
34268 35440
34931 34631
34125 35524
34844 34764
34228 35508
34228 35508
34763 34975
34405 35300
34763 34975
33922 35800
34405 35300
33105 35907
33105 35907
33105 35907
33105 35907
33767 35885
33767 35885
33801 35821
33922 35800
34091 35692
35287 34131
35491 34057
35619 33997
32900 35988
35603 33911
35282 34039
34789 34918
34287 35270
33759 35812
33045 35980
34004 35567
34655 35222
33987 35674
34674 35093
35404 33952
33822 35689
35515 33926
33775 35724
34694 35000
35327 34001
34783 34961
33045 35980
35316 34020
34714 34983
34789 34918
34714 34983
34714 34983
32866 35986
35471 33355
35088 33999
34773 34894
34385 35209
33041 35953
33696 35770
33956 35593
34633 35182
35468 33809
34714 34921
35316 33953
33846 35621
33757 35713
35457 33899
33810 35684
35382 33913
35351 33947
32925 35920
35431 33047
34936 33954
34733 34880
33024 35826
33949 35515
33660 35725
35409 33783
34317 35180
35337 33940
35085 33944
33757 35648
33903 35581
34678 34891
34561 35003
35396 33808
34431 35168
33689 35714
32946 35857
34521 35082
34345 35169
34548 35050
34501 35158
34509 35155
32943 35891
32927 35911
32933 35881
35383 33484
35225 33932
34623 34820
34289 35178
32959 35787
33583 35702
33943 35433
34488 35148
35336 33688
34561 34999
33738 35549
33632 35621
35318 33865
34620 34877
33868 35544
33910 35495
35259 33875
33594 35683
32764 35861
35383 33249
35030 33912
34602 34858
34276 35164
33910 35463
33526 35667
35336 33515
35297 33856
33056 35680
33621 35602
33841 35536
35095 33877
34544 34948
35346 33282
34483 35083
34431 35132
32920 35844
32998 35693
32935 35759
34584 34864
33846 35472
34461 35111
32929 35812
32857 35814
35315 33390
34595 34634
34927 33899
32932 35716
33479 35600
34189 35164
35270 33732
33905 35451
35305 33442
34567 34827
35104 33836
33782 35532
33620 35578
34280 35123
34510 34931
34389 35116
33805 35497
34479 34954
34951 33850
34469 35069
35046 33838
33577 35592
33888 35457
34438 35079
32793 35750
35306 33267
35067 33830
34544 34800
34039 35124
33801 35426
32929 35622
33434 35587
34164 35100
35278 33361
35262 33609
33765 35517
34423 35073
33574 35572
32908 35681
35255 33718
35136 33722
34467 34910
34466 35060
35088 33783
33493 35585
34478 34837
34532 34807
34476 34862
32773 35672
35302 33263
33720 35511
34535 34340
32985 35581
34563 33820
34533 34779
33763 35303
34819 33769
33972 35077
34396 35058
35260 33432
35229 33653
34010 35061
34460 35019
35071 33696
34965 33719
32853 35603
32657 35594
35260 33409
34533 34362
35068 33684
33613 35508
33953 35057
34515 34748
33709 35292
34281 35053
35163 33621
34442 34929
34434 35009
33680 35419
33698 35337
35081 33650
32667 35486
35253 33341
34473 34739
34785 33602
33665 35373
32707 35458
33722 35043
34260 35029
34434 35005
33674 35217
34919 33600
35226 33404
35040 33564
35148 33489
35120 33551
35139 33539
33573 35372
35217 33220
34457 34441
34803 33572
33631 35286
34072 35015
34940 33527
34431 34951
34326 35000
34185 35013
35182 33315
35083 33475
35093 33401
34447 34702
34454 34692
32481 35363
35196 33217
34456 34088
34777 33545
33972 35003
34435 34328
33496 35339
32698 35346
33608 35254
34431 34818
34834 33430
35128 33312
34276 34990
34410 34933
33515 35279
32530 35355
35164 33273
32670 35354
32523 35319
35140 33111
34773 33509
34420 34680
33449 35278
33569 35192
34034 34989
34792 33329
34844 33223
34330 34926
34982 33213
35093 33182
34217 34981
34389 34812
34393 34810
34222 34931
32487 35270
35070 33068
33499 35152
34414 34289
34740 33455
32694 35218
34161 34962
34403 34643
34842 33175
34764 33357
34385 34811
34310 34894
34940 33086
34920 33119
34211 34931
34303 34921
33450 35131
34987 33030
34702 33413
34410 34287
34133 34950
33454 35129
34285 34887
34395 34372
34384 34686
34760 33341
34810 33148
34378 34769
34816 33071
34893 33053
34892 33066
33199 34995
34873 32957
34353 34413
34760 33327
34117 34948
34320 34726
34800 33050
34278 34854
34050 34944
34789 32974
34349 34346
34642 33301
34277 34816
34195 34821
34070 34824
34760 32995
34674 33071
34661 33126
33849 34923
34665 32966
34317 34310
34585 33087
34264 34507
34179 34788
34007 34921
34053 34794
34605 32968
34049 34880
33925 34906
34625 32950
34314 34203
34167 34780
33976 34880
34264 34365
34178 34529
33947 34899
33727 34880
34545 32910
34312 34156
34507 32930
34235 34207
34165 34528
33929 34823
33859 34868
34036 34736
34152 34687
34093 34735
34124 34733
33801 34772
34489 32794
34226 34192
34320 32909
34033 34710
34151 34632
34082 34701
34124 34650
33733 34749
34185 34127
34089 34623
33842 34702
34000 34670
34036 34646
33706 34741
34125 34021
34058 34541
34017 34632
33820 34647
33762 34674
33781 34665
33686 34714
33923 34606
33802 34642
33722 34673
33904 34573
33692 34534
33749 34459
33366 34317
32951 36076
32951 36076
35420 33437
35181 34896
35198 34162
33360 35797
33875 35794
35327 33782
35377 33502
34730 35298
35294 33935
34576 35515
34194 35683
34321 35556
34672 35386
34351 35533
33044 36052
33236 36044
35068 34963
34601 35419
33236 36044
33350 35966
34159 35745
35311 33788
34750 35136
33357 35809
33902 35773
33350 35966
35256 34051
34952 35053
34056 35765
33013 36057
34585 35498
35056 34975
34772 35131
34005 35768
35377 33502
35420 33437
34166 35692
35029 35044
35226 34062
35029 35044
34833 35105
35204 34141
34833 35105
34897 35102
34897 35102
34928 35068
34005 35768
34056 35765
34321 35556
34351 35533
35215 34102
35215 34102
33875 35794
35256 34051
34928 35068
34194 35683
34750 35136
35327 33782
34897 35102
34928 35068
35215 34102
35256 34051
32815 36062
35301 33593
33272 35807
34074 35716
35240 33950
35135 34883
35178 34484
35178 34484
34959 34896
34314 35497
33251 35962
34176 35669
34718 35177
34927 35066
34844 35101
33109 35977
35275 33872
34598 35393
32923 35992
34679 35262
32963 35982
34578 35459
34413 35466
34679 35262
35275 33872
34160 35674
34579 35430
34359 35478
34413 35466
34359 35478
34095 35699
34589 35400
34126 35692
34126 35692
34076 35701
34076 35701
34578 35459
34578 35459
35275 33872
32957 35975
35240 33787
33263 35790
34045 35716
35115 34028
35081 34666
34611 35221
34766 35097
34795 34982
34351 35471
35157 33934
34550 35377
34939 34883
34136 35559
34162 35500
34431 35387
33164 35961
34051 35692
33040 35969
35034 34882
35051 34797
33235 35891
33247 35874
35075 34754
35077 34713
32613 35974
35192 33752
35021 34745
35085 33962
33244 35754
33913 35708
34758 35090
34553 35142
34830 34838
34515 35345
33161 35952
34368 35354
32891 35971
33179 35830
34884 34825
32917 35960
34235 35460
34077 35516
34258 35444
35113 33849
35152 33813
35098 33957
33981 35671
34038 35618
34035 35660
34041 35556
33940 35694
34044 35523
32990 35948
35178 33715
35066 33961
34965 34733
33878 35698
33247 35706
34705 35086
34492 35309
34254 35420
34456 35344
34757 34865
34735 35014
34110 35443
33130 35909
34059 35492
35077 33828
34035 35620
35139 33794
33038 35940
34841 34825
33131 35778
33983 35651
34857 34765
33194 35723
33170 35773
33913 35665
34852 34785
33244 35720
33910 35685
32951 35941
35167 33710
34898 34675
35043 33930
33288 35693
33778 35691
34480 35265
34624 35034
34755 34695
34066 35428
34731 34958
33122 35835
34006 35590
34316 35294
34235 35386
35107 33794
35048 33889
33066 35904
34719 35005
33018 35936
35134 33754
33872 35673
33943 35639
33109 35842
33848 35686
34263 35335
33947 35606
34250 35365
34253 35343
33945 35620
34242 35383
32896 35925
35146 33674
34731 34716
34886 33940
33742 35681
33150 35691
34476 35262
34228 35381
35021 33913
35089 33716
34004 35429
34168 35385
34480 35173
33048 35890
33845 35665
34721 34939
34498 35018
33901 35600
34600 34955
33101 35828
32933 35912
33121 35759
34003 35564
33965 35572
34718 34940
34568 35001
34534 35011
32678 35920
35136 33660
34716 34751
35011 33889
33831 35628
33180 35645
34562 35001
34450 35261
33997 35470
34208 35358
34221 35341
34480 35163
33098 35776
35013 33859
32892 35915
35076 33702
33037 35853
33113 35649
34713 34833
34638 34937
33887 35591
34671 34913
32986 35890
33961 35562
34467 35215
32917 35912
35080 33699
33969 35499
33981 35486
34220 35353
32721 35908
35118 33545
34679 34670
34859 33865
33560 35557
33952 35526
34199 35346
33751 35534
33228 35609
34214 35237
34525 34976
34475 35144
35106 33638
34413 35211
33086 35646
34665 34882
34560 34928
34676 34799
33949 35532
34994 33703
34863 33759
33072 35735
33215 35625
32952 35885
32806 35887
34927 33743
33036 35777
34422 35166
34200 35339
34989 33727
33011 35813
32802 35903
32994 35841
32973 35875
32739 35888
35074 33620
34674 34486
34831 33834
34604 34612
33641 35533
33203 35595
34469 35104
33945 35524
33037 35710
34241 35201
34994 33677
34427 35142
34859 33777
33978 35339
32958 35864
32768 35867
34063 35326
34181 35282
32990 35795
34156 35289
32989 35833
32733 35874
35036 33594
34496 34244
34460 35065
33175 35545
34729 33792
33852 35514
34498 34162
34339 35122
34043 35298
34835 33734
32907 35863
34999 33612
33026 35668
33940 35303
33929 35464
33119 35567
32954 35740
34414 35089
32984 35726
33865 35500
32673 35852
34979 33555
34460 34335
34713 33752
33184 35508
34424 34945
33788 35501
34234 35122
33871 35382
32945 35633
34829 33683
34367 35038
32860 35827
34951 33598
32913 35732
34316 35100
33863 35400
32873 35789
34969 33578
32726 35817
34947 33482
34457 34155
33104 35502
34367 34975
34703 33706
33751 35428
34239 35077
33804 35321
32859 35805
34773 33613
34287 35056
33778 35353
32830 35806
32634 35802
34864 33351
34303 34964
34643 33679
32918 35451
33559 35411
33770 35054
34161 35039
34656 33648
33731 35339
32849 35769
33692 35383
34286 34998
32670 35793
32823 35792
32833 35790
32846 35771
32757 35792
34291 34881
33671 35335
34129 35002
32897 35416
33114 35389
32816 35770
34266 34970
34275 34941
34270 34960
32668 35780
34275 34879
33055 35252
34137 34969
32840 35411
32798 35736
32688 35777
34249 34967
34250 34917
32685 35722
34259 34189
34170 34928
32797 35648
34248 34859
34247 34921
32747 35657
32708 35720
32738 35702
32745 35699
32677 35720
33984 34911
32655 35715
32652 35706
32654 35623
32569 35705
32642 35702
