204 22.1075
7926 8886 8944
7988 8431 9163
8225 9464 7940
9158 8629 8314
8314 9433 8001
8225 9464 7940
8634 9229 8233
9131 8686 8355
8056 8636 9076
9092 8543 8389
8308 9343 8141
8015 8498 9140
8958 9034 8191
8255 8468 9039
8086 8721 8983
8726 9000 8615
8551 9196 8318
8221 8469 9065
8518 9300 8012
9019 8745 8508
8644 9122 8470
8228 8609 9024
8480 9293 8252
8499 9321 8166
8034 9324 8305
8119 8593 9082
8015 8498 9140
8703 9248 8179
8004 8522 9113
7941 9269 8342
9122 8719 8296
8553 9168 8460
8914 9062 8427
8620 9005 8594
8209 9373 8084
8328 9252 8275
8280 8578 8992
8525 9206 8358
8857 8905 8495
8472 8663 8861
8672 8433 8770
8190 8808 8973
9048 8844 8384
8989 8914 8233
8776 9016 8534
8398 9390 8011
8709 8973 8627
8346 8928 8760
8205 9374 8107
7931 9031 8840
8664 8801 8703
7975 9243 8443
8430 9355 8058
8408 9357 8133
7951 9052 8805
8466 9345 8055
8358 8964 8730
8506 9310 8066
8375 9403 8073
7970 8979 8844
8742 9103 8563
8533 9273 8004
8178 8647 8992
8883 8699 8691
8953 9037 8403
8592 8818 8774
8918 8760 8599
8683 8942 8679
8316 9363 8118
8165 9229 8639
8031 8936 8893
8599 8735 8804
8722 8924 8673
8004 8522 9113
8201 9420 8037
9105 8750 8307
8423 9260 8270
8201 9420 8037
8140 8602 9071
9069 8775 8450
8930 8518 8530
8245 8534 9000
8823 8893 8517
8290 9057 8766
8810 8972 8549
8833 9140 8446
8901 9047 8450
8795 9178 8264
9158 8629 8314
8245 8534 9000
8369 8706 8936
8377 9043 8719
8339 8579 8961
8130 8588 9076
8088 9153 8711
8539 8713 8815
8569 9267 8254
8642 9116 8477
9051 8828 8448
8351 8719 8914
9071 8733 8398
8794 8879 8585
8389 8787 8822
8482 8914 8736
8374 9076 8640
8452 9037 8668
8785 9143 8352
8198 9145 8738
8638 8770 8779
8447 8939 8734
9076 8824 8361
8417 8615 8877
7986 8936 8931
8263 8796 8867
8286 8647 8955
8203 9382 8138
8107 8846 8949
8194 8835 8927
8945 8795 8520
9088 8752 8370
8507 8603 8892
8163 8856 8883
8161 8597 9029
8824 8892 8575
8322 9366 8075
8839 9092 8464
8679 8757 8708
8196 9185 8561
8103 8868 8840
8449 9065 8644
8797 8702 8687
8566 8877 8680
8531 9096 8578
9086 8660 8392
8870 9108 8435
8745 9153 8354
8452 8905 8785
8971 8837 8493
8529 8741 8798
8269 8863 8823
8994 8822 8491
8271 9073 8730
8748 8985 8547
8278 8583 8960
8766 9055 8487
8937 8884 8493
8459 8715 8841
8386 9012 8680
8839 9092 8464
8283 9004 8792
8579 8704 8856
8779 8805 8684
8895 8713 8650
8322 8742 8916
8923 8826 8559
8498 8749 8826
8967 8951 8377
8961 8870 8507
8870 9108 8435
8967 8951 8377
8157 8712 9038
9002 8792 8504
8153 8592 9056
8251 8793 8871
8111 8658 9051
8111 8658 9051
9002 8792 8504
8895 8713 8650
8579 8704 8856
8195 8854 8876
8748 8985 8547
8876 8980 8464
8158 8988 8805
8878 8771 8669
8829 8838 8554
8381 8967 8697
8766 9055 8487
8348 9146 8483
8498 8749 8826
8930 8518 8530
8153 8592 9056
8381 8967 8697
8672 8433 8770
8968 8787 8519
8829 8838 8554
8348 9146 8483
8417 8615 8877
8417 8615 8877
8158 8988 8805
8015 8498 9140
8015 8498 9140
8015 8498 9140
9158 8629 8314
7901 8449 9100
8194 8400 9017
8237 9147 7966
8306 9146 7911
9116 8592 8322
9004 8684 8284
8000 8893 8892
8039 8565 9063
8314 8489 8882
8771 9113 8367
8607 8524 8744
7946 9097 8708
8931 9006 8348
8714 8954 8493
8851 8762 8599
8306 8994 8689
8783 9111 8416
8980 8780 8332
8206 8567 9009
8345 9096 8464
8067 8862 8832
8162 8572 8945
8530 8913 8537
8170 8546 9017
8660 8810 8574
8158 8718 8862
8370 9052 8618
8439 8923 8680
8638 8647 8663
8898 8744 8461
8409 8663 8793
8412 8613 8875
8070 8847 8819
8495 8627 8785
8128 8706 9012
8391 9072 8450
8728 8826 8560
8756 8854 8508
8637 9046 8431
8400 8960 8511
8284 9026 8752
8627 8827 8627
8485 8701 8784
8519 8894 8561
8444 8950 8572
8556 8769 8672
8451 8706 8775
8228 8754 8836
8805 9017 8454
8812 8695 8628
8504 8795 8698
8872 8764 8514
8168 9065 8634
8271 8712 8869
8891 9023 8441
8377 9067 8575
8557 8847 8527
8583 8707 8728
8163 8804 8851
8277 8646 8921
8196 8600 8924
8135 8689 9028
8984 8751 8418
8446 8846 8705
8588 8601 8724
8923 8577 8514
8312 8789 8739
8307 8692 8913
8167 8819 8821
8333 8915 8724
8273 8714 8801
8135 8689 9028
8307 8920 8755
8401 8747 8723
8397 8852 8681
8557 8580 8752
7809 8563 9060
7998 9107 8187
8226 9094 7984
8421 8345 8745
9082 8504 8270
7968 8561 9014
8287 8451 8863
8711 8999 8350
8979 8633 8280
8451 9028 8311
8897 8501 8488
8627 8586 8652
7996 8526 9046
8879 8840 8379
8582 8705 8611
8962 8720 8366
8221 9034 8602
8830 8907 8366
8760 8967 8425
8538 8923 8461
8070 8481 8972
8553 8766 8525
8072 8603 8922
8386 8903 8580
8027 8860 8758
8175 8524 8936
8511 8761 8641
8153 8803 8717
8334 8943 8554
8331 8866 8683
8304 8690 8772
8800 8918 8397
8744 8464 8498
8743 8730 8525
8368 8913 8622
8153 8582 8908
8112 8652 8887
8477 8821 8559
8059 8820 8787
8411 8827 8602
8188 8785 8734
8786 8909 8404
8080 8463 9015
8270 8637 8855
8217 8663 8885
7977 8635 8986
8769 8922 8446
8202 8893 8681
8314 8975 8552
8143 8736 8817
8374 8952 8454
8088 8972 8669
8150 8844 8693
8131 8789 8784
8048 8589 9002
8527 8673 8700
8246 8655 8860
8455 8895 8537
8050 8563 8961
8016 8970 8729
8076 8801 8819
8134 8589 8920
8197 8736 8811
8257 8709 8697
8331 8992 8549
8204 8585 8888
8490 8951 8493
8262 8681 8812
8202 8726 8835
8498 8787 8540
8282 8994 8635
8299 8951 8663
8199 8675 8839
8048 8670 8935
8064 8915 8751
8398 8895 8647
8280 9029 8555
8176 8968 8639
8403 8675 8784
7873 8540 9003
7935 8503 9031
8006 8314 9008
8188 9032 7842
8929 8705 8234
8393 8992 8149
8402 8482 8674
8790 8647 8316
8889 8483 8403
8640 8870 8301
8069 8560 8908
8567 8662 8569
8687 8610 8524
8257 8670 8805
8200 8573 8859
8486 8949 8464
8719 8746 8407
8440 8490 8654
7996 8638 8861
8638 8942 8406
8540 8699 8440
8203 9003 8541
8225 8964 8616
8122 8558 8900
8274 8546 8742
8146 8720 8706
8331 8828 8611
8268 8881 8632
8044 8781 8807
8384 8528 8731
8498 8703 8483
8351 8816 8617
8361 8737 8562
8159 8925 8657
8707 8644 8491
8263 8912 8652
8311 8775 8637
8060 8613 8885
8286 8795 8676
8329 8758 8652
8322 8625 8741
8175 8515 8892
8031 8824 8715
8178 8694 8709
8359 8638 8608
8298 8979 8537
8716 8741 8433
8137 8980 8610
8257 8824 8679
8165 8695 8719
8295 8784 8656
7822 8496 9014
8122 8424 8854
8185 8986 8437
8518 8869 8136
8704 8607 8378
8573 8864 8353
8397 8937 8328
8063 8505 8884
7877 8499 9004
8134 8433 8838
8467 8596 8415
8084 8714 8670
7882 8669 8764
7975 8785 8697
8213 8627 8785
8251 8549 8778
8028 8778 8720
8307 8827 8557
8451 8819 8442
8155 8891 8551
8209 8880 8508
7984 8818 8655
8095 8550 8862
8369 8945 8399
8345 8525 8726
8344 8686 8521
8033 8788 8676
8171 8850 8635
8408 8844 8356
8115 8642 8755
8193 8700 8606
8022 8918 8638
8047 8937 8592
8095 8655 8740
8196 8910 8517
8395 8931 8334
8369 8945 8399
8047 8843 8650
8320 8924 8441
8318 8431 8730
8100 8696 8647
8102 8927 8508
7839 8418 8966
8286 8119 8643
8360 8936 8381
8417 8784 8433
7974 8394 8871
8251 8219 8669
8141 8688 8548
8028 8501 8859
8063 8547 8779
8085 8618 8715
8205 8814 8433
8300 8919 8402
8197 8512 8763
8005 8929 8570
8101 8758 8621
8203 8570 8748
8013 8757 8631
8355 8793 8411
8307 8773 8444
8071 8798 8502
8304 8672 8456
8273 8677 8494
8083 8763 8481
7821 8471 8777
7992 8426 8852
8168 8312 8634
8266 8916 8398
8347 8876 8346
8248 8593 8484
8021 8739 8611
8120 8565 8656
8019 8750 8407
8027 8454 8722
8138 8328 8758
8296 8902 8373
8129 8423 8740
7807 8658 8552
8050 8335 8740
8188 8814 8356
8310 8546 8306
8069 8562 8585
7918 8306 8608
8058 8227 8585
8179 8804 8223
8179 8804 8223
8048 8202 8486
8027 8011 8392
8076 9183 8623
8466 8505 8955
8572 9409 7887
8771 8238 8768
9181 8978 7833
9361 8467 7985
8769 8346 8755
9022 8424 8561
8771 8238 8768
8260 9294 8314
8207 9095 8653
8180 9243 8416
8144 9045 8655
8368 8729 8854
8291 9238 8429
8095 9250 8391
8534 8554 8912
8444 8766 8813
8492 8511 8930
8344 9187 8523
8693 9340 7926
8636 8566 8788
8564 9387 7946
9270 8796 7976
8406 9225 8482
8545 9098 8569
8383 9032 8685
8857 9216 7841
8513 8581 8894
8601 9008 8588
8665 9306 8174
8577 8595 8847
8319 8684 8875
9203 8435 8162
9140 8692 8195
9122 8777 8298
9286 8975 7865
8825 8750 8601
8315 9231 8551
8804 8537 8725
9302 8492 8038
8562 8869 8704
8610 8712 8629
8934 8643 8697
9052 8772 8436
8500 8885 8712
9175 8959 7949
8374 9107 8608
8418 9124 8517
8780 8523 8746
9146 8807 8060
9262 8454 8075
9098 8749 8363
8429 8642 8888
8848 8670 8640
9345 8484 8017
8622 8569 8786
8899 9100 8280
8462 8524 8922
9318 8669 7870
8503 8616 8873
8510 9206 8372
9081 8991 8125
8654 8521 8828
9014 8911 8241
8466 8505 8955
8710 9315 8053
8718 9278 8031
8653 9075 8548
9253 8432 8140
8894 8837 8532
8685 9248 8153
9100 8846 8242
8842 9218 8069
8615 9366 7941
8735 8661 8661
8973 8907 8255
8920 9146 8009
8743 8532 8771
8877 9071 8327
8764 9146 8313
8701 9201 8267
9056 8819 8338
9088 8855 8112
8966 8719 8509
8089 9245 8404
8808 9302 7938
8447 9005 8674
8476 8932 8660
8723 9329 7890
8627 9354 8035
9341 8444 8062
8895 9058 8290
9106 8875 8087
8689 9028 8463
8777 9301 7965
9237 8535 8031
8771 9159 8261
8522 9360 7969
8848 9128 8217
9168 8629 8241
9361 8467 7985
8631 8542 8820
9227 8831 7966
8982 9032 8119
8593 9195 8496
9059 9066 8024
8732 9270 8145
9180 8445 8178
9131 8947 7999
9186 8890 7898
9280 8619 7940
8996 8465 8496
8792 9135 8233
8959 8900 8499
9185 8652 8133
8450 9264 8328
9328 8654 7908
9113 8701 8299
8798 9176 8088
9328 8654 7908
9002 9022 8115
8660 8929 8624
8894 9117 8104
9079 8608 8398
9348 8516 8010
8829 9131 8337
8572 9409 7887
8860 8873 8504
8952 8935 8333
9204 8641 8093
9050 8940 8228
9078 9076 7998
9206 8833 7990
9298 8682 7874
8909 9043 8327
8943 9022 8429
8690 9084 8398
8689 9028 8463
9289 8545 7966
8893 9166 8002
8806 9165 8189
8825 9002 8494
9060 8694 8388
8968 8967 8264
9039 8891 8345
9165 8870 7972
8699 8873 8592
9062 9000 8012
9221 8592 7993
8799 9260 7989
9156 8771 8122
8999 8895 8477
8685 9321 7999
9017 9081 8099
9090 8891 8005
9134 9052 7988
8582 9039 8651
9221 8592 7993
8752 9190 8079
8713 9056 8402
8977 9107 8044
8745 9072 8344
8582 9039 8651
9113 8701 8299
9014 9104 7883
9039 8891 8345
8518 9079 8589
8887 9044 8357
8880 9183 7879
8939 9128 7892
8966 9048 8139
8883 8965 8503
8779 9185 8109
8759 9228 8046
8792 9135 8233
8848 9128 8217
9155 8963 7888
9050 8940 8228
8615 9164 8380
8752 9190 8079
8615 9164 8380
8999 8895 8477
9062 9000 8012
8887 9044 8357
8759 9228 8046
9298 8682 7874
8954 9081 8146
8660 8929 8624
8954 9081 8146
9186 8890 7898
9002 9022 8115
9155 8963 7888
9050 8940 8228
9298 8682 7874
9361 8467 7985
8466 8903 8596
8483 8755 8649
8665 9300 7885
9218 8866 7694
9313 8444 7857
9154 8578 8094
8729 9268 8023
9056 8540 8186
8756 9217 8031
8842 8928 8416
8987 8685 8346
8753 9158 8249
9254 8742 7929
9134 8641 7986
8818 9122 7934
8621 9047 8398
8688 9092 8322
8573 8888 8496
9273 8530 7911
8966 8874 8292
8694 8841 8531
8915 8987 8153
8796 9194 7916
9196 8917 7763
8522 8981 8550
9231 8814 7853
9048 8652 8118
8890 9003 8125
9205 8495 7977
9091 8954 7983
9218 8866 7694
8555 9069 8538
8633 8975 8462
8489 9113 8348
8641 9186 8080
8559 8858 8574
9124 8992 7806
9070 9061 7883
8986 8847 8239
8882 8808 8497
9159 8517 7996
8754 9086 8073
8975 8863 8160
8867 8876 8482
9023 9050 7984
8650 8960 8486
9114 8981 7830
8968 8759 8242
8936 8787 8471
8775 9116 7972
9196 8917 7763
9169 8743 7956
8951 8751 8365
8508 8990 8544
8751 8906 8476
8773 8667 8535
9111 9048 7959
9076 8800 8004
9215 8849 7818
8886 9021 8369
8890 8924 8342
9142 8914 7943
8689 8825 8537
9205 8521 7951
8626 9042 8410
9265 8498 7915
8984 9052 8010
8771 9034 8022
9036 9028 7976
8944 9085 8007
8931 9030 8020
9144 8800 7933
9188 8974 7815
8871 8956 8413
9191 8810 7921
8941 9018 8028
9031 9012 8020
9264 8788 7912
8563 8754 8549
8943 8993 8123
8959 8955 8031
9127 8970 7913
8639 8970 8474
8629 8812 8545
9031 9012 8020
9188 8974 7815
8694 8841 8531
8886 9021 8369
9127 8970 7913
8694 8841 8531
9264 8788 7912
9218 8866 7694
9218 8866 7694
9264 8788 7912
8227 8977 8427
8415 8626 8559
8567 9208 7828
9161 8777 7676
9260 8471 7859
9239 8642 7922
8309 8958 8455
8476 8692 8522
8702 9119 8227
9084 8533 8073
9119 8917 7780
8576 9178 8043
8856 8911 8150
9137 8495 7937
8618 8874 8469
8441 8796 8521
9049 8576 7998
8782 8716 8490
8712 9061 7976
8906 8858 8199
8951 8733 8205
8517 8987 8404
8688 9012 8346
9018 8938 7961
9126 8562 8056
8714 9049 8127
8658 8777 8499
8703 9187 7888
8891 8755 8402
9038 8902 7977
8545 9018 8291
8794 8905 8282
8745 8837 8304
9075 9027 7953
8946 8833 8243
8979 8923 7990
8756 9050 8007
8829 8824 8330
8592 8954 8395
8887 8985 8071
8690 8929 8358
9099 9015 7803
8932 9014 8016
8713 8852 8384
8977 8964 7992
8648 8810 8432
8783 8785 8435
9158 8914 7796
8721 8808 8497
8818 8630 8457
9133 8871 7818
8926 9043 7973
8598 8935 8462
8715 8861 8327
8823 8988 8204
9122 8852 7867
8793 8906 8220
8743 8930 8234
9121 8866 7887
8843 8911 8199
9047 8778 7966
9080 8832 7924
8651 9038 8236
9079 9047 7941
8824 8573 8458
8650 9018 8237
8128 8973 8375
8630 9187 7823
8661 8768 8487
9155 8753 7765
9203 8330 7862
9064 8426 8048
8744 8922 8166
8253 8919 8416
8841 8876 8061
8450 9119 8055
8536 9046 8227
9078 8535 7899
9175 8587 7846
8600 9032 7999
8941 8470 8239
8876 8684 8296
8462 8775 8429
8658 9185 7871
8434 8836 8381
8330 8805 8440
9119 8889 7785
8775 8639 8460
8995 9039 7934
8955 8908 7942
8535 8809 8337
8903 8895 8005
9046 8721 7919
8947 8852 7982
9150 8635 7893
8750 8711 8478
8862 8605 8349
8707 8726 8390
8324 8916 8449
8887 8810 8197
9076 8740 7807
8638 8831 8313
8606 8991 8229
8815 8842 8181
8924 8953 7940
8795 8770 8265
8687 8861 8246
8679 8890 8269
8928 8798 8237
9068 8956 7904
8618 8981 8301
8692 8726 8453
8934 8606 8237
8817 8986 8059
8670 8833 8310
8687 8815 8265
9069 8982 7901
8134 8885 8441
8286 8457 8467
8389 8441 8458
8476 9044 8161
9103 8807 7747
8809 8598 8348
9065 8874 7809
8359 8736 8463
8486 9008 8029
9101 8521 7862
8654 8765 8399
8903 8561 8134
8683 8827 8093
8812 8912 7978
8782 8622 8275
8971 9031 7931
8903 8762 8035
9029 8938 7842
8859 8795 8169
8781 8932 8011
8892 8792 8228
8878 8685 8233
8595 8854 8244
8937 8847 7947
8974 8965 7867
8405 8661 8457
8570 8804 8255
8986 8830 7886
8708 8678 8420
8740 8650 8402
8736 8628 8426
8787 8803 8114
8833 8665 8245
9004 8885 7866
8997 8839 7872
9020 8935 7856
8571 8764 8407
8890 8884 7944
8146 8469 8436
8667 9021 7919
9049 8824 7731
8233 8565 8422
8413 8693 8359
8868 8749 8050
9028 8903 7825
8743 8848 7967
8383 8698 8306
8764 8515 8285
8727 8633 8372
8990 8812 7864
8803 8478 8200
8811 8622 8189
8884 8969 7884
8963 8949 7898
8798 8728 8152
8929 8961 7923
9037 8732 7757
8671 8775 8177
8778 8721 8172
8693 8730 8163
8215 8470 8418
8287 8435 8300
8837 8937 7829
9015 8736 7729
8667 8781 7842
8808 8599 8151
8344 8559 8254
8567 8732 8161
8666 8606 8206
9005 8901 7816
9013 8850 7779
9006 8884 7760
8644 8498 8115
8777 8456 7832
8958 8797 7659
8948 8752 7734
8928 8755 7775
8445 8445 8088
8898 8739 7772
8941 8546 7561
8872 8718 7763
8107 8497 8968
8176 8300 9103
8433 8083 8951
8455 9426 8129
8684 9314 7891
9143 8566 8046
8780 9264 7951
8135 8452 8974
8697 9287 7903
8268 8339 9046
8202 8351 9066
8322 8296 8981
8341 8302 8958
8837 8254 8755
8230 8363 9030
8722 9091 8306
8855 8410 8742
8374 8276 8993
8563 9389 8121
8426 8733 8884
8803 8678 8608
8725 8139 8874
8116 8961 8643
8619 8467 8888
9034 8611 8557
8644 8172 8894
8568 9302 8264
8882 8897 8480
8593 8695 8797
8370 8356 8957
8657 8965 8545
8626 9214 8205
9122 8871 8021
8601 9168 8395
9064 8983 8162
8817 8785 8529
9042 8881 8419
9137 8625 8106
8623 8820 8732
8945 8523 8652
9109 8643 8038
8907 8795 8495
8895 8846 8508
8578 9199 8337
8481 8778 8792
8934 8749 8456
8986 8808 8425
8762 8512 8862
8443 8636 8907
8275 8388 8974
8308 8328 8988
8750 8922 8352
8720 8191 8893
9031 8590 8576
8269 8647 8920
8691 8762 8691
8417 8875 8833
8509 9076 8518
8397 8903 8678
8766 9242 7984
8535 9273 8404
8769 8391 8851
8488 9371 8258
8336 8349 8961
8516 9309 8235
8847 9211 8110
8735 9268 7997
8898 8866 8452
8966 8663 8463
8912 8221 8740
8709 8716 8684
8823 8632 8671
8921 8596 8625
9076 8639 8466
9088 8653 8361
8582 9342 8189
9027 8921 8221
8870 9063 8240
8929 8575 8637
8725 8139 8874
8496 9050 8523
8192 8341 9088
8176 8300 9103
9005 9038 8093
8410 9319 8293
8810 9236 8140
8972 8771 8444
8675 9347 7970
8994 9111 8138
9051 9009 8180
8786 8581 8702
8481 8600 8943
8740 8619 8713
8639 9147 8299
8281 8604 8946
8550 8978 8586
8941 9017 8197
8891 8462 8694
8280 8362 9010
8868 8234 8826
8955 8627 8513
8734 8546 8771
9071 8910 8243
9105 8834 8084
8472 8920 8662
8558 9124 8476
8548 8541 8878
8766 8691 8594
8731 8835 8599
8399 9279 8296
8727 8938 8380
8247 8279 9070
8755 8709 8684
8981 8813 8423
8684 9046 8368
8383 9406 8236
8813 8323 8842
8903 9158 8185
8727 8938 8380
8436 9421 8161
8721 8550 8756
8199 8238 9076
8584 8218 8903
8960 9024 8151
9001 9042 8023
8787 9148 8244
8607 9264 8287
9025 8955 8258
8670 9116 8399
8623 9286 8068
8892 8355 8715
8635 9187 8323
8302 8395 8951
8756 8178 8869
8465 8715 8900
8744 9175 8185
8465 9307 8281
8719 8971 8438
9091 8886 8177
9025 8955 8258
8247 8279 9070
8499 9293 8283
8835 8327 8765
8634 9194 8248
9005 9038 8093
8831 8281 8823
8675 9347 7970
9096 8645 8359
8736 8989 8355
8230 8446 9014
9000 8970 8333
8810 8438 8825
8547 8574 8842
8798 8465 8741
8383 9406 8236
8192 8341 9088
8504 9369 8198
8303 8301 9023
8745 9214 8177
8530 9360 8139
8759 9116 8249
8299 8419 8969
8875 8647 8624
8541 9039 8496
8606 8520 8808
8557 9325 8203
8649 9317 7981
8712 9238 8014
8635 9187 8323
8528 9024 8501
8685 8975 8366
8561 9209 8335
8973 8421 8656
9105 8834 8084
8623 9286 8068
8831 8605 8663
8230 8363 9030
8662 8585 8771
8606 8520 8808
8712 9238 8014
8933 9132 8161
8511 9363 8203
8933 9132 8161
8199 8238 9076
9051 9009 8180
8584 8218 8903
8973 8421 8656
8230 8363 9030
8960 9024 8151
8299 8419 8969
8479 8671 8868
8831 8281 8823
8875 8647 8624
8994 9111 8138
8900 9023 8203
8557 9325 8203
8649 9317 7981
8736 8989 8355
8498 8593 8868
8662 8585 8771
8479 8671 8868
8549 9264 8438
8813 8323 8842
8810 8438 8825
8528 9024 8501
8868 8234 8826
8465 9307 8281
8498 8593 8868
9051 9009 8180
8383 9406 8236
8557 9325 8203
9005 9038 8093
8261 8271 9032
8643 9341 7877
8683 8121 8892
8692 9185 7816
9078 8874 8162
8891 8677 8464
8273 8411 8952
8391 8262 8928
8338 9333 8154
8843 8350 8601
9013 8924 8108
8654 8716 8512
8978 8787 8390
8755 9160 8029
8671 9241 7921
8650 9263 7956
8707 8295 8729
8621 8333 8849
8834 8153 8716
8515 8909 8423
8897 8464 8539
8572 8403 8877
8434 9286 8262
8781 8521 8666
8492 8954 8524
8922 8805 8382
8986 8850 8375
8525 8899 8476
8606 9101 8218
8543 9147 8408
8765 8273 8756
8463 8622 8853
8619 8454 8797
8655 9187 8088
8434 8580 8888
8736 8609 8556
8809 8987 8194
8787 8211 8787
8962 8945 8243
8821 8627 8514
8956 9047 8066
8537 9224 8413
8791 8868 8343
8907 8998 8172
8596 9246 8241
8943 9026 8137
8928 9061 8135
8554 9087 8315
8819 8244 8761
8628 8221 8783
8751 8126 8795
8995 9029 8084
8678 8576 8694
8603 9173 8196
8607 8587 8563
8780 8377 8726
8558 9071 8303
8717 8422 8713
8479 9312 8079
8733 8543 8681
8538 8511 8851
8800 8369 8678
8756 8449 8699
8535 9273 8299
8490 9283 8237
8468 8914 8570
8473 9259 8337
8829 8227 8725
8268 8420 8936
8567 9150 8280
8524 9311 8080
8817 9047 8145
8785 8541 8591
8638 9060 8368
9011 9009 8135
8813 8361 8592
8682 8996 8366
8553 9098 8385
8730 8511 8705
8722 9050 8281
8683 9153 8154
8473 8531 8791
8724 9048 8172
8646 9050 8299
8679 8531 8704
8678 9011 8366
8465 8421 8890
8175 8405 8925
8194 8311 8941
8224 9312 8074
8583 8128 8755
8652 9223 7873
9076 8861 8117
9009 8893 8058
8364 8461 8880
8263 8481 8847
8740 9119 7943
9068 8853 8161
8280 8557 8793
8806 8239 8578
8905 8974 8150
8335 9305 8088
8595 8501 8593
8527 9175 7955
8378 8595 8659
8440 9241 8260
8829 8177 8695
8768 8373 8686
8667 8675 8405
8407 9121 8402
8533 9059 8382
8934 8763 8227
8781 8815 8363
8869 8841 8209
8379 8390 8805
8985 8934 8092
8882 9046 7928
8943 8634 8233
8765 8213 8722
8466 9277 8112
8940 8720 8313
8199 8263 8933
8879 8284 8512
8692 8624 8431
8458 8868 8492
8606 8489 8538
8698 8901 8225
8637 9166 7889
8483 9227 8274
8999 8920 8118
8857 8557 8353
8627 9143 8154
8675 9036 8252
8528 8572 8456
8502 8424 8804
8552 8829 8381
8580 8533 8587
8666 8999 8333
8584 8942 8338
8643 8128 8726
8516 8596 8537
8471 8743 8446
8834 8538 8436
8522 9201 8308
8678 9005 8222
8454 8581 8703
8564 9162 8224
8481 9176 8371
8629 8430 8696
8601 8301 8733
8677 8925 8302
8775 8297 8713
8518 8878 8444
8526 9223 8234
8941 9005 8087
8517 8487 8730
8077 8665 8475
8113 8198 8927
8360 9235 8223
8530 9158 7903
8762 8141 8682
8990 8890 7985
8215 8481 8551
8481 8589 8516
8170 8295 8883
8809 9014 7917
8547 8479 8580
8970 8788 8055
8255 8364 8781
8640 8944 8280
8247 8386 8845
8929 8832 8116
8774 8224 8674
8707 8256 8676
8876 8732 8217
8892 8936 8090
8151 8400 8920
8653 8328 8588
8373 8462 8635
8408 8395 8743
8244 9115 8290
8425 8728 8412
8389 9228 7962
8950 8906 8079
8675 8842 8195
8791 8793 8162
8523 8408 8606
8342 9087 8269
8303 9232 8238
8751 8652 8257
8438 9076 8322
8376 8761 8442
8787 8352 8393
8513 8957 8368
8648 8615 8429
8323 8449 8775
8499 9143 8236
8461 9047 8297
8457 8870 8403
8497 8393 8697
8436 9004 8346
8484 9199 8261
8717 8806 8343
8889 8971 8077
8388 9208 8195
8515 8448 8695
8487 8639 8424
8359 8398 8760
8726 8406 8398
8525 9219 8138
8489 8989 8299
8374 8852 8451
8519 9039 8269
8439 8664 8412
8882 8943 8129
8363 8859 8444
8522 8985 8240
8526 8952 8342
8481 9205 8215
8104 8280 8916
8272 9213 8164
8505 9112 7808
8757 8199 8670
8769 8679 8115
8640 8257 8496
8695 8670 8286
8721 8932 7999
8179 8201 8803
8455 8474 8336
8512 8425 8363
8305 8733 8393
8736 8865 8037
8480 9091 8150
8498 8955 8286
8439 9151 8201
8470 8450 8549
8330 8815 8339
8318 8343 8740
8345 8352 8655
8119 8259 8789
8511 8409 8650
8304 8368 8765
8469 9141 8238
8467 9175 8198
8764 8209 8656
7928 8068 8879
8120 9164 8056
8300 7981 8715
8756 8158 8656
8424 8671 8275
8675 8177 8521
8570 8418 8201
8036 8235 8729
8199 9093 8214
8301 8948 8263
8046 8193 8807
8426 8858 8239
7934 8109 8872
8457 9140 8189
8291 9162 8188
8272 8167 8708
8424 8906 8196
8239 9118 8167
8258 8139 8665
8457 9083 8118
8551 8068 8629
8611 8129 8485
8351 8638 8170
8330 8238 8240
8424 8245 8203
8272 8946 8206
8517 8108 8616
8311 9109 8178
8286 9116 8155
8456 8087 8650
8264 8064 8536
8352 9321 8311
8368 8725 8947
8395 9324 8149
8994 8232 8787
9065 8982 7911
9316 8362 8224
9199 8408 8397
8412 9121 8442
9258 8444 8310
9003 9003 7996
9234 8622 8355
9313 8449 8216
8391 9178 8461
8665 9227 8181
9283 8358 8236
8419 8890 8861
8780 8258 8911
8522 8869 8838
9043 8996 7941
9264 8465 8086
9237 8383 8338
9170 8564 8420
8477 9140 8433
8742 8494 8812
8554 8933 8762
9191 8544 8383
8949 8581 8734
9215 8714 8195
9133 8505 8487
9178 8772 8093
9277 8370 8281
8753 9229 8163
8837 9176 8008
8962 8946 8505
8800 9253 8043
8503 9161 8426
9154 8600 8362
9138 8707 8245
8737 9230 8071
8588 9286 8152
8853 8802 8651
9042 8646 8660
9149 8662 8482
9199 8732 8104
8706 9202 8209
9033 8797 8566
9013 8957 8254
8503 9089 8546
8691 9279 8035
9267 8258 8326
8800 9190 8199
8885 8487 8877
8463 8765 8893
8995 8250 8770
8562 9008 8583
8443 9314 8228
9246 8297 8339
8926 8544 8811
8644 8752 8802
8844 9085 8059
8569 9321 8122
9079 8831 8524
8943 8632 8717
9025 8329 8696
8717 8850 8592
8631 9242 8148
9210 8303 8363
9099 8318 8526
9045 8881 8408
9016 8344 8668
9151 8699 8375
8868 9080 8076
9064 8913 8296
8722 9142 8415
8676 9184 8255
9014 8949 8471
8979 8676 8684
8700 9264 8124
8594 8655 8859
8916 8690 8667
8904 9071 8292
8878 8593 8724
8816 8721 8753
9003 8314 8745
9004 8515 8721
9128 8734 8127
8650 8625 8764
8613 8865 8714
9117 8880 8340
8865 8909 8565
8812 9215 8133
8639 8817 8704
8922 8827 8560
8529 9309 8141
8766 9262 8058
8990 8973 8258
8543 8981 8601
8535 8851 8795
8983 8554 8707
8973 8560 8705
8892 8808 8633
9036 9011 7927
8747 8783 8738
8451 8787 8853
8537 8763 8879
9120 8585 8518
8620 9216 8368
8573 9051 8519
9093 8556 8640
8451 8787 8853
8641 9150 8360
8775 8287 8892
8625 9247 8134
8628 8856 8693
8578 8947 8697
8937 8987 8361
8765 9073 8227
8352 9321 8311
8684 8835 8626
9043 8717 8616
8894 8730 8643
9036 9011 7927
8889 8874 8583
8470 9188 8416
8825 9117 8087
8826 9207 8024
9022 8846 8537
8826 9207 8024
8658 8317 8906
8615 8860 8646
8747 8265 8909
8601 9035 8543
8685 9037 8482
8598 9277 8284
8987 8900 8510
8787 8813 8599
9043 8996 7941
8395 9284 8263
9058 8918 8213
8775 8287 8892
9004 8515 8721
8979 8676 8684
8881 8759 8718
8542 9063 8507
8890 9102 8000
8768 9108 8213
8528 9101 8429
8814 9067 8317
8913 9023 8514
9058 8918 8213
9103 8683 8399
8995 8886 8510
9065 8982 7911
9088 8815 8416
8928 8236 8807
9112 8897 8364
9103 8770 8370
8908 8741 8608
8992 8357 8783
8928 8236 8807
8520 8994 8725
8704 9026 8427
8641 8974 8549
9016 8344 8668
8661 9309 8074
8868 9056 8317
8589 8985 8560
8992 8357 8783
8908 8741 8608
8770 8942 8554
8770 8942 8554
8747 8265 8909
9065 8982 7911
8684 8835 8626
9022 8846 8537
8443 9314 8228
8834 9094 8151
8821 9055 8400
8787 8813 8599
8603 8895 8696
8529 9309 8141
8477 9140 8433
8865 9026 8413
8520 8994 8725
9108 8376 8521
8602 8848 8743
9108 8376 8521
8834 9094 8151
8395 9284 8263
8885 8487 8877
8657 9053 8483
8913 9023 8514
8598 9277 8284
8603 8895 8696
8520 8994 8725
8821 9055 8400
8908 8741 8608
8657 9053 8483
8775 8287 8892
8885 8487 8877
9108 8376 8521
9065 8982 7911
8342 8730 8888
8474 9274 8199
8656 8211 8888
8955 9003 7854
9030 8143 8614
9084 8536 8526
8451 9242 8283
8687 9198 8100
8803 9130 7934
9021 8457 8599
8908 8306 8756
8885 9020 8002
8744 8627 8673
8764 9061 8232
8524 8724 8727
8845 9021 8358
8861 8486 8802
8762 8560 8741
9073 8387 8575
9054 8793 8112
8579 8516 8771
8560 8679 8768
8453 8821 8835
8705 9149 8101
8939 8917 8280
8793 9006 8401
8880 8968 8455
8850 8889 8475
8958 8976 7960
8596 8826 8713
8989 8269 8657
8996 8835 8437
8669 9046 8321
8505 8913 8518
8688 8255 8851
8636 8753 8684
8626 9134 8193
8490 9085 8534
8954 8337 8635
8679 9125 8153
9083 8394 8529
9046 8354 8591
8952 8242 8681
8718 9097 8112
8990 8946 7989
8550 8909 8529
8976 8870 8440
8487 8838 8813
8856 9012 8323
8891 8658 8664
8638 9097 8276
8752 9028 8386
8509 8879 8697
8568 9146 8269
8690 9085 8123
8798 9078 8141
9035 8873 8380
8687 9090 8165
8590 8855 8525
8568 9262 8184
8893 9067 7941
9033 8897 7956
8762 9144 7988
8656 8847 8590
8896 8638 8529
8981 8878 8395
9080 8339 8593
8666 9126 8193
8956 8636 8579
8568 9262 8184
8669 8637 8688
8800 8833 8578
8800 8833 8578
8341 9211 8248
8383 9270 8145
8436 8748 8833
8823 8183 8801
8950 8883 7864
9047 8304 8389
8689 9121 7913
8746 9071 8010
8855 8457 8597
8549 9191 7960
8582 8288 8788
8530 8928 8446
8831 8379 8665
8652 8651 8655
8466 9236 8160
8541 9167 8112
8711 8511 8724
8930 8584 8517
8786 8343 8731
8427 8782 8768
8819 8365 8691
8407 9106 8269
8894 8526 8525
8586 8798 8528
8549 9118 8079
8517 8832 8568
8973 8873 7929
8992 8808 8093
9022 8334 8554
8373 9214 8222
8877 8947 8212
8836 8979 8344
8481 9180 8183
8744 8237 8784
8853 8612 8509
8809 8576 8562
8615 8744 8656
8843 8963 8431
8490 8864 8502
8784 8224 8782
9035 8732 8167
8839 8990 8284
8629 8718 8616
8734 8712 8552
8642 9112 8144
8763 9048 8086
8638 9018 8315
8765 8691 8495
8709 8566 8578
8861 8369 8636
8866 8954 8329
8888 8319 8651
8697 8775 8507
8381 8810 8830
8774 9004 8177
8756 9006 8111
8436 9020 8264
8840 8694 8474
8831 8550 8659
8884 8674 8316
8714 8593 8553
8982 8849 8268
8709 9061 8224
8627 9070 8254
8844 8823 8338
8381 8988 8467
8892 8666 8435
8469 8874 8578
8862 8593 8552
8487 8724 8776
8981 8826 8269
8695 8872 8435
8242 9201 8124
8340 8743 8830
8788 8161 8627
8833 8948 7826
8940 8574 8023
8536 8186 8787
8293 9103 8223
8709 8357 8700
8865 8655 8265
8843 8526 8498
8782 8457 8563
8757 8308 8621
8341 8606 8643
8726 8427 8603
8424 8373 8674
8514 9098 8071
8244 9178 8195
8388 9058 8247
8412 9001 8308
8522 9123 8046
8445 8825 8467
8627 9030 8097
8470 8935 8424
8438 8865 8450
8890 8336 8254
8723 8918 8405
8916 8331 8405
8564 8952 8275
8827 8908 8331
8660 8725 8505
8633 8557 8550
8396 9152 8182
8705 8937 8338
8428 9144 8155
8732 8754 8407
8694 8535 8651
8613 9086 8139
8756 8974 8239
8761 8926 8283
8597 9068 8183
8729 8823 8412
8322 8897 8438
8657 8537 8617
8739 8535 8510
8703 8594 8543
8663 8573 8545
8457 9180 8109
8543 8750 8435
8326 9069 8195
8870 8904 8103
8781 8733 8411
8700 8886 8414
8604 9092 8110
8542 8957 8269
8697 8995 8102
8832 8909 8246
8259 8612 8796
8390 9109 8157
8465 9078 7821
8751 8226 8599
8812 8606 8248
8635 8973 8075
8491 8387 8626
8311 8690 8731
8598 8232 8683
8780 8337 8547
8579 9049 8110
8536 8742 8403
8729 8495 8487
8656 8828 8397
8781 8790 8329
8414 8912 8400
8323 8680 8518
8614 8560 8504
8613 8977 8139
8671 8966 8237
8371 8976 8294
8631 8497 8451
8444 9090 8101
8514 9056 8181
8685 8821 8361
8710 8902 8309
8805 8667 8296
8508 8881 8409
8452 8972 8217
8693 8580 8432
8507 8642 8466
8761 8675 8357
8397 9070 8151
8697 8894 8328
8377 8824 8423
8476 8682 8486
8506 8675 8484
8267 8641 8573
8290 8586 8714
8381 8186 8643
8412 9064 7916
8791 8580 8154
8657 8371 8452
8369 8252 8544
8568 8901 7929
8644 8798 8077
8718 8676 8272
8410 8512 8406
8753 8720 8220
8434 8978 8143
8639 8851 8323
8470 8929 8200
8444 8216 8578
8332 8904 8340
8544 8745 8368
8664 8777 8172
8508 8754 8387
8388 9064 8148
8500 8867 8336
8395 8897 8264
8399 8765 8357
8374 8779 8399
8389 8889 8331
8370 8797 8357
8441 8857 8338
8235 8580 8542
8358 8855 8092
8363 8503 8373
8745 8689 8153
8493 8636 8330
8332 8708 8322
8565 8797 8185
8620 8810 8133
8695 8615 8222
8336 8847 8250
8715 8689 8166
8254 8386 8203
8473 8783 8008
8621 8552 8194
8562 8618 8044
8541 8767 8149
8465 8708 8178
8554 8702 8173
8500 8781 8160
8514 8636 8089
8015 8825 8886
8128 9502 7987
8177 8610 8993
8193 9488 7983
8720 8532 8687
9053 8796 8298
8716 8619 8656
8955 8771 8401
8308 8644 8905
8164 8723 8957
8117 9482 8069
8475 9426 8120
8979 8953 8388
8610 9195 8410
8700 8661 8675
8470 9083 8607
8028 9455 8285
8232 8841 8854
8090 8801 8889
8626 8741 8790
8185 8754 8921
8381 9258 8350
8067 9384 8415
8255 8884 8799
8580 9390 8105
8108 8714 8976
8549 9415 8138
8816 9172 8197
8936 8818 8406
8760 8697 8578
8704 8580 8686
8418 8702 8897
8333 9440 8264
8412 8714 8840
8275 9329 8359
8731 9232 8367
8614 9288 8325
8884 9147 8164
8826 8679 8511
8737 8548 8684
8114 9490 8012
8532 9309 8282
8200 9480 8027
8865 8990 8398
8365 9020 8709
8326 9060 8647
8745 8676 8627
8209 9464 8162
8350 9366 8314
8573 9242 8420
8603 9273 8343
8503 9071 8568
8686 8595 8739
8042 8894 8883
8593 9211 8389
8351 8765 8806
8472 8691 8828
8684 8855 8584
8658 8655 8730
8781 8937 8492
8128 9502 7987
8316 9220 8502
8056 8868 8882
8269 9465 8078
9016 8917 8230
8901 8940 8464
8430 8592 8859
8514 8913 8714
8193 8734 8917
8301 8550 8936
8466 9407 8186
8386 9379 8235
8424 8934 8756
8291 8716 8936
8244 9474 8091
8994 8923 8317
8299 8984 8746
8758 9167 8306
8343 9423 8152
8919 8943 8453
8177 8610 8993
8749 8836 8591
8448 9074 8637
8806 8766 8536
8224 8862 8863
8309 9205 8549
8797 9151 8220
8285 9448 8228
8616 9003 8543
8205 8673 8970
8487 8997 8630
8477 9443 8090
8666 8783 8605
8297 8566 8945
8267 9347 8375
8589 9011 8555
8533 9314 8268
8634 8907 8641
8540 8890 8691
8568 8826 8724
8173 8776 8955
9053 8796 8298
8857 9035 8238
8679 9037 8529
8832 9129 8186
8517 9422 8042
9018 8887 8308
8640 9142 8523
8251 9473 8019
8437 9224 8460
8194 8967 8774
8322 8760 8825
8461 9139 8561
8235 8755 8911
8377 8944 8702
8135 8665 8972
8833 9117 8202
8785 8811 8567
8550 9394 8148
8994 8923 8317
8792 9099 8429
8659 9265 8207
8841 9110 8243
8887 8976 8387
8131 8909 8878
8863 8804 8470
8399 9169 8595
8520 8864 8766
8149 8867 8866
8570 9048 8572
8560 9346 8217
8645 9101 8451
8357 9399 8249
8386 8785 8767
8832 9135 8178
8928 8831 8434
8455 8945 8640
8923 8939 8446
8297 8566 8945
8835 9028 8406
8839 8962 8437
8437 9150 8479
8116 9335 8460
8517 9422 8042
8604 9242 8335
8584 9055 8531
8895 8958 8299
9033 8802 8253
8823 8807 8493
8557 8993 8636
8359 9144 8599
8813 9009 8433
8649 9235 8302
8819 8667 8545
8846 9056 8255
8689 9041 8436
8890 8974 8290
8493 9398 8211
9033 8802 8253
8491 9356 8237
8845 8780 8484
8058 9416 8387
8267 8778 8865
8614 9319 8213
8653 9112 8436
8315 8859 8782
8280 9397 8289
8401 9386 8232
8149 8867 8866
8559 9356 8206
8249 8898 8759
8371 9316 8333
8015 8825 8886
8845 9097 8257
8649 9279 8179
8100 8970 8793
8100 8970 8793
8539 9302 8297
8539 9302 8297
8249 8898 8759
8845 9097 8257
8322 8760 8825
8315 8859 8782
8815 9043 8289
8649 9279 8179
8114 9490 8012
8015 8825 8886
8129 8972 8756
8825 9142 8214
8371 9316 8333
8797 9151 8220
8539 9302 8297
8401 9386 8232
9053 8796 8298
8128 9502 7987
8128 9502 7987
8845 9097 8257
8022 8913 8708
8168 8591 8977
8214 9467 8086
8264 8572 8827
8488 9366 8030
8979 8846 8319
8131 8629 8941
8559 9328 8152
8094 8751 8872
8243 8598 8792
8483 9366 8183
8655 8736 8562
8183 8644 8908
8384 8952 8592
8713 9139 8248
8682 8773 8469
8300 8846 8743
8504 9195 8258
8278 9224 8397
8438 8872 8534
8224 8693 8835
8555 8819 8648
8856 9016 8235
8197 8679 8867
8606 8805 8515
8529 9346 8198
8355 8979 8638
8306 9317 8211
8391 8791 8692
8751 9108 8209
8479 9304 8219
8368 9077 8378
8264 9250 8332
8789 9122 8184
8350 9119 8444
8818 8886 8383
8932 8886 8311
8888 8930 8318
8400 9053 8516
8519 9277 8203
8729 8878 8422
8857 8903 8329
8622 9105 8288
8593 8924 8405
8916 8786 8335
8417 9031 8433
8390 9090 8357
8699 8866 8424
8635 8881 8461
8663 9057 8321
8201 8841 8833
8603 8789 8624
8790 8998 8344
8490 9285 8305
8414 9305 8266
8182 8791 8845
8432 9296 8278
8798 8922 8407
8521 8858 8627
8807 9026 8339
8553 9078 8321
8490 8751 8706
8895 8912 8311
8498 9093 8336
8892 8889 8324
8504 9116 8287
8426 8913 8454
8889 8846 8344
8431 9029 8451
8017 8694 8848
8075 8638 8837
8158 9455 8018
8919 8869 8266
8205 9368 8018
8281 8825 8739
8682 9008 8109
8294 8775 8682
8630 9097 8237
8383 8949 8509
8484 8772 8634
8195 8742 8795
8158 9418 8053
8617 9139 8216
8771 8980 8329
8493 9341 8192
8805 8935 8297
8195 8885 8545
8593 8665 8395
8058 8843 8596
8518 9197 8045
8279 9284 8231
8324 9263 8265
8095 9053 8465
8848 8832 8307
8132 8654 8821
8718 8892 8357
8702 8993 8158
8704 9088 8077
8445 9229 8270
8583 9094 8265
8498 8869 8434
8340 9293 8212
8408 9208 8283
8163 8899 8564
8102 9447 8068
8784 8909 8301
8441 8803 8600
8333 9183 8286
8512 9315 8159
8735 8981 8307
8618 9018 8309
8385 8852 8449
8885 8861 8298
8457 9216 8220
8516 9318 8039
8691 8887 8371
8435 9000 8317
8361 8847 8572
8518 8755 8390
8511 9049 8291
8375 9281 8225
8159 8795 8808
8490 9070 8286
8111 8679 8836
8874 8801 8304
8128 8800 8800
8320 9001 8460
8311 9188 8304
8301 9213 8289
8358 9052 8288
8111 8679 8836
8032 9449 7930
8097 9440 7872
8099 8599 8813
8896 8662 8146
8763 8870 8302
8462 8768 8506
8631 8960 8216
8177 8696 8689
8111 8830 8545
8455 8769 8621
8299 9191 8245
8370 8907 8383
8814 8758 8234
8489 9340 7991
8112 9401 7977
8136 8719 8795
8225 9291 8164
8398 9244 8184
8199 8648 8714
8261 9000 8354
8147 8651 8722
8342 9186 8268
8057 8797 8755
8256 9087 8296
8117 8776 8772
8377 8879 8338
8571 8978 8189
8393 9257 8118
8494 9273 8068
8783 8910 8291
8806 8841 8290
8419 9096 8220
8071 9425 7933
8039 8626 8800
8550 8610 8318
8534 9048 8190
8610 9128 8157
8460 9161 8076
8449 9157 8130
8813 8807 8199
8345 8938 8378
8098 9402 8028
8485 9039 8255
8072 9415 8053
8365 9307 8155
8621 8701 8311
8446 9120 8196
8541 8960 8321
8391 8854 8383
8491 9329 8037
8182 8989 8378
8350 9133 8260
8044 9415 8063
8522 9025 8240
8057 9425 8040
8522 9025 8240
8352 9174 8221
8435 9170 8191
8362 9250 8170
8615 8941 8243
8361 9042 8233
8258 8941 8357
8374 8974 8293
8371 9169 8219
8374 8974 8293
7971 8753 8676
8019 9419 7901
8055 8661 8792
8151 8486 8626
8801 8613 8163
8777 8793 8270
8217 8760 8485
8568 8779 8300
8156 8841 8374
8046 9386 8053
8420 9136 8002
8310 9180 8237
8055 8710 8743
8350 8715 8563
8126 8684 8781
8551 9088 8099
8320 9291 8151
8536 8696 8312
8457 8965 8200
8361 8907 8348
8558 8937 8036
8194 8988 8278
8449 9023 8198
7975 8766 8593
8387 9008 8214
8325 9254 8083
8421 9119 8127
8376 8639 8588
8331 9206 8150
8140 8984 8360
8372 9235 8139
8359 8626 8618
8339 9108 8255
8128 8699 8747
8325 8960 8321
8435 8758 8345
8343 9135 8192
8373 9166 8066
8373 9149 8152
8387 9138 8137
8313 9178 8159
8337 9138 8211
8338 9169 8197
7883 8851 8343
7970 9327 7800
7995 8684 8747
8087 8590 8680
8729 8611 8162
7939 9319 7935
8578 8648 8230
8439 8770 8300
8096 9194 8077
8350 9009 8148
8191 9127 8222
8210 8746 8456
8367 8969 8083
8234 8920 8196
8035 8695 8573
8186 8660 8511
8096 9194 8077
8068 8818 8281
8218 8915 8268
8016 8646 8694
8329 9172 8150
8296 8851 8263
8205 8664 8507
8363 8709 8320
8335 8808 8330
8306 8599 8559
8092 8635 8536
8357 8987 8149
8089 8622 8547
8332 8813 8263
8083 8919 8264
8011 8865 8181
8073 8578 8588
8318 9128 8125
8318 9169 8061
8091 8624 8414
8038 8828 8257
8183 8588 8374
8281 9035 8140
8236 9148 8098
8028 9160 8105
7934 8385 8348
8234 9164 7975
8263 8965 8048
7960 8803 8212
8154 9097 8071
8165 8526 8307
8253 9124 8033
7984 9007 8046
8074 9146 7913
8146 9028 8042
8026 8911 7994
