114 1.26252
3768 3816 3163
3660 3277 3619
3334 4020 3333
3385 3401 3836
3006 3871 3547
3957 3456 3365
3573 3291 3705
3409 3336 3825
3591 3901 3263
3638 3925 3178
3724 3772 3242
3532 3360 3794
3151 3846 3571
3409 3336 3825
3780 3748 3296
3036 3902 3528
3074 3810 3656
3495 3543 3724
3177 3963 3472
3423 3892 3459
3757 3746 3323
3172 4001 3368
3135 3991 3380
3097 3648 3736
3012 3865 3561
3937 3414 3386
3057 3851 3626
3227 3716 3675
3913 3378 3423
3907 3491 3381
3481 3362 3799
3097 3648 3736
3436 3368 3817
3540 3906 3402
3737 3806 3209
3250 3708 3712
3801 3417 3536
3368 3994 3290
3515 3751 3581
3682 3831 3307
3665 3665 3479
3766 3773 3202
3928 3390 3416
3816 3501 3439
3123 3770 3667
3272 3596 3761
3245 3822 3609
3854 3546 3435
3696 3712 3394
3445 3975 3315
3768 3816 3163
3785 3569 3466
3806 3482 3485
3409 3470 3809
3957 3456 3365
3434 3877 3403
3259 3843 3523
3483 3407 3787
3556 3945 3265
3439 3510 3756
3620 3393 3684
3700 3823 3224
3648 3751 3451
3414 3973 3351
3453 3682 3641
3548 3440 3716
3169 3861 3558
3828 3700 3397
3654 3435 3681
3261 3684 3727
3553 3441 3707
3189 3889 3507
3531 3935 3279
3855 3564 3371
3071 3836 3597
3487 3587 3689
3866 3550 3338
3199 3886 3519
3663 3468 3594
3563 3609 3651
3223 3800 3617
3934 3480 3338
3291 3802 3556
3602 3880 3340
3133 3794 3639
3850 3585 3391
3320 3598 3733
3301 3890 3503
3212 3867 3543
3719 3524 3588
3658 3486 3673
3714 3579 3501
3438 3620 3718
3493 3538 3745
3155 3728 3695
3367 3512 3805
3378 3555 3732
3824 3498 3456
3834 3655 3268
3322 3854 3471
3400 3521 3752
3524 3458 3697
3350 3586 3740
3123 3770 3667
3712 3786 3287
3523 3615 3650
3880 3500 3398
3585 3568 3602
3681 3656 3462
3901 3432 3425
3578 3581 3610
3881 3591 3227
3341 3786 3584
3787 3530 3534
3318 3793 3592
3412 4018 3287
3587 3551 3636
3824 3451 3504
3698 3779 3335
3718 3609 3488
3367 3977 3361
3029 3873 3530
3731 3424 3612
3555 3759 3493
3282 3643 3742
3465 3636 3664
3355 3754 3578
3791 3676 3449
3455 3914 3349
3385 3401 3836
3660 3277 3619
3358 3956 3375
3679 3920 3179
3629 3504 3606
3572 3592 3682
3460 3765 3516
3266 3839 3512
3563 3720 3563
3186 3799 3629
3832 3683 3273
3858 3420 3477
3463 3411 3777
3706 3809 3217
3286 3692 3647
3613 3627 3592
3064 3929 3515
3286 3692 3647
3886 3376 3442
3748 3799 3238
3473 3407 3816
3892 3535 3347
3672 3883 3232
3901 3432 3425
3845 3626 3344
3331 3654 3687
3531 3735 3575
3736 3809 3188
3446 3512 3748
3406 3544 3750
3326 3952 3409
3162 3804 3626
3278 3579 3776
3494 3911 3321
3395 3834 3460
3863 3624 3266
3559 3807 3386
3029 3873 3530
3309 3763 3631
3358 3956 3375
3860 3532 3420
3199 3759 3654
3771 3515 3550
3285 3673 3676
3586 3776 3442
3519 3629 3647
3309 3763 3631
3791 3676 3449
3918 3449 3415
3378 3555 3732
3708 3730 3353
3751 3393 3590
3332 3931 3417
3164 3828 3618
3918 3449 3415
3466 3820 3498
3276 3740 3660
3410 3928 3353
3061 3777 3686
3413 3704 3604
3731 3424 3612
3682 3831 3307
3397 3806 3511
3923 3409 3408
3461 3499 3768
3207 3793 3653
3748 3799 3238
