3 0.260899
21037 20883
20194 20904
20733 20833
21522 20381
20096 20892
20994 20696
20657 21069
20726 20438
20751 21209
20757 20324
20288 20650
21111 20537
20663 20713
20615 20537
20790 20959
21271 20718
20368 20860
20452 21026
20035 20837
20889 20380
21186 20853
20920 21445
21250 20793
20616 20290
20156 20957
21421 20897
20718 21021
20992 20607
20655 20851
21954 20781
21059 20874
20821 20326
19939 20557
20481 21174
21010 20975
20936 20537
21358 20780
20638 20690
21154 20853
21271 20718
20153 20603
21483 20408
20521 20899
21171 20247
21005 20664
21265 20637
20984 21192
20706 19918
20024 20696
20381 20621
20630 21035
20860 20654
19965 20725
20933 21083
20904 21291
21265 20637
20790 20959
21091 20943
20790 20905
20761 20681
20581 21346
20663 20435
21207 21133
20866 20026
20375 20942
21199 20421
20713 20550
20994 20696
20764 21018
20868 20558
20526 20613
20785 20565
20449 20812
21251 20762
20624 20512
21327 21032
20983 20718
21063 20633
20620 20936
21056 21089
19359 21027
20892 21170
20574 20777
20551 19840
20743 20814
20919 21200
21108 20916
20969 20629
20575 20635
20567 20656
20759 21022
21167 21034
20725 20788
21512 20258
21121 20578
20713 20558
20608 20879
20368 20902
21005 21024
20954 20272
21358 20780
21062 20522
20344 20462
20809 19590
20650 20976
21300 20129
20951 20904
20629 20389
20340 21101
20600 20507
20830 21085
21421 20897
20646 20929
21061 20414
20094 21080
21061 20414
21055 20909
20705 20035
20968 20547
20956 20645
20648 21055
21061 20052
20722 20675
21063 20708
20581 21346
20615 20263
20472 21200
20832 20304
20207 21203
21042 20587
20362 21034
20674 21154
19931 20784
21197 20481
20230 21038
20655 20851
20984 21192
20960 20400
20516 21252
21059 20370
20608 20452
20573 20462
21001 21127
20799 20223
19943 20634
20653 21093
21056 21089
20547 20702
19568 20918
21091 20943
20883 20787
20961 20993
20868 21156
20736 20582
21047 20706
20706 20935
20235 20880
21324 21007
20183 21427
20826 20251
21095 20902
20726 20438
20199 21143
21109 20264
21184 21299
20933 21083
20295 20958
20969 20629
20132 20814
20554 20465
21096 20472
20933 20343
20230 21038
20375 20747
20593 20838
21017 20333
20175 20539
20673 20180
20802 20663
20429 20764
20232 20778
20702 20351
20189 20986
21397 20525
20375 21119
21324 21007
20644 20438
20537 19752
20566 21190
20451 20200
20724 20663
20655 20828
20466 21109
20884 20822
19481 21062
20936 20450
20375 21119
20921 20887
21001 21127
20667 20769
20348 21028
20840 20169
20416 20852
20885 20114
20317 20577
21397 20525
20290 21217
20617 19338
20190 20932
21407 20416
21375 21501
20860 20654
20204 20516
20904 21291
21297 20823
20756 21089
20885 21001
20531 20227
20892 21170
20721 20452
20173 20999
21412 20730
20902 20991
20713 19615
20343 20905
20187 20779
20940 20534
20813 20386
19929 20612
20444 20485
20526 20613
20982 19983
20503 20929
21240 20812
20356 20426
20767 20141
20173 20999
21158 20271
20890 20803
21197 20481
20343 20905
20715 20865
21375 21501
21231 20710
20624 20680
20932 20566
20457 20531
20843 20695
20542 21002
21011 20857
21136 21550
20755 20611
20796 20984
20858 21306
20423 20702
20864 20427
20499 20808
20563 20841
20541 20723
21231 20710
20246 20836
21247 21312
20077 21163
20924 20630
20281 20967
20370 20947
20412 20694
20751 20696
20306 20764
20548 20509
21244 21419
20593 20838
19953 20514
20785 20519
20888 20760
20889 20380
21105 21759
20806 21465
20303 20671
20708 20806
20200 20878
21053 20950
20281 21039
20794 21003
20460 20787
21121 20578
20489 20543
20908 20644
19678 20648
21191 21093
20293 20932
20867 21067
19615 20759
21240 20812
20908 20644
21090 20840
21010 20975
20881 20569
21146 20519
20530 20761
20450 20516
20655 20659
21089 21138
20768 20204
20665 21001
20603 20545
20648 21055
20929 20675
19461 20735
20514 20502
20864 20541
20736 20447
20759 21022
20843 20228
20453 20415
20839 19795
20674 21154
20822 20632
20830 21085
20929 20675
20199 21143
21169 20951
20026 21036
20645 20787
20452 21026
21290 20186
20242 20974
20855 20514
20175 20855
21240 20527
20821 20532
20692 20859
19910 21141
21076 20703
21225 20346
20879 19933
20173 21022
20512 21179
20499 20808
20951 21051
20625 20758
20840 20127
21146 20857
20594 20424
20386 21096
21169 20951
20614 21104
21954 20781
20198 20939
21633 21094
21029 20924
21008 20520
20263 20895
20957 20393
20810 20723
20807 20358
20483 20506
20984 20190
20622 20699
20868 21156
20632 21090
21327 21032
20271 20825
20657 21069
20872 21178
20919 21200
21089 21138
21124 20041
19359 21027
20588 20778
20368 20566
20981 19534
20598 20919
20578 20414
20491 20856
20686 20790
20630 21035
20792 20608
21136 21550
20866 20268
21186 20864
21265 20599
20680 20404
20904 20620
20608 20879
20522 20913
20724 20963
21035 19910
20311 21007
21062 20977
20618 20978
20762 20511
20290 21217
20935 20425
20257 20768
20793 20099
20431 20651
20879 20283
21042 20587
20766 20770
20349 20910
20746 20737
20297 21111
21126 20716
20919 20734
20349 20910
20404 20498
21249 20423
20574 20777
20760 20879
20510 20381
21675 20448
20771 21050
21063 20708
21111 20543
20831 20512
19881 20858
20203 20873
20417 20710
20918 19821
20832 20799
21011 20857
21070 21158
20924 20478
20762 20789
20666 20196
21542 21238
20826 20662
20115 20979
21178 20720
21126 20716
20604 20262
20273 20683
20625 20765
20670 20681
21105 21759
21265 20599
20911 20748
20560 20542
20743 21080
21251 20762
20762 20800
20554 20465
21675 20448
20011 20652
21166 20171
20655 20828
20933 19543
20252 20682
20864 20541
19972 20851
20951 21051
20633 20856
21542 21238
20393 20623
21266 20640
