2337 121.96
3644 3143 2609 2969
2706 4028 2770 2881
2560 2798 3743 2909
2698 3006 2927 3740
2748 3606 3451 3027
2631 3940 2944 3215
2770 2899 2901 3725
3332 3232 3411 2914
2878 3985 2947 2930
2631 3940 2944 3215
2775 3441 2860 3630
3143 3876 2901 2882
2812 3111 3167 3624
3585 3107 2688 3211
3396 3663 2757 2823
2861 3092 3714 2960
2834 3524 3172 3491
3332 3232 3411 2914
2658 3220 3638 3204
3306 3743 2921 2763
2715 2901 3711 3082
2978 3394 3233 3434
3417 3078 2734 3370
3632 3164 2678 3018
2720 3243 3703 2977
2686 3960 2839 3216
2959 3117 3681 2877
2748 3606 3451 3027
2960 3299 3144 3538
3616 3120 2689 3119
2741 3105 3341 3539
3069 3245 3602 2958
2699 3828 3203 3020
2879 3580 2953 3533
3178 3620 3203 2995
2825 4014 2871 2942
2698 3006 2927 3740
3520 3125 2807 3230
3203 3616 2553 3247
2862 4025 2820 2885
2741 3105 3341 3539
3252 3482 3220 3074
2960 3299 3144 3538
3616 3120 2689 3119
2862 4025 2820 2885
2653 3152 3634 3239
3417 3078 2734 3370
3577 3328 2902 2928
2646 3177 3682 3129
3332 3232 3411 2914
2641 3291 3672 3036
3054 3206 3624 2952
2834 3524 3172 3491
3491 3280 3173 2851
2748 3606 3451 3027
2720 3243 3703 2977
2658 3220 3638 3204
2879 3580 2953 3533
3355 3268 2968 3280
3641 3135 2594 3004
2698 3006 2927 3740
3097 3447 3213 3338
3332 3232 3411 2914
2835 4018 2893 2863
2656 3562 3498 2981
2790 3759 3084 3315
2698 3006 2927 3740
3551 3043 2877 3163
2825 4014 2871 2942
3053 3873 3065 2845
2834 3524 3172 3491
3143 3876 2901 2882
2595 3041 3582 3357
3417 3311 3218 2996
3053 3873 3065 2845
2646 3177 3682 3129
2741 3105 3341 3539
3477 3414 3026 2929
3234 3280 3007 3381
3593 3335 2844 2888
2728 3036 3737 2810
2834 3524 3172 3491
3016 3095 2989 3587
3590 3050 2744 3185
2861 3092 3714 2960
2826 3658 3048 3442
3285 3165 3446 2997
3069 3245 3602 2958
2631 3940 2944 3215
3556 3453 2749 2818
2594 3050 3049 3708
3234 3209 3503 2942
2954 3586 3162 3360
2733 3989 2813 3132
3332 3232 3411 2914
2835 4018 2893 2863
2653 3407 2942 3637
3585 3107 2688 3211
3042 3917 2978 2855
2835 4018 2893 2863
2594 3050 3049 3708
2753 3955 2817 3181
2775 3441 2860 3630
3491 3280 3173 2851
2721 4017 2785 3030
2834 3524 3172 3491
2960 3299 3144 3538
3425 3608 2898 2777
2658 3220 3638 3204
3143 3876 2901 2882
2826 3658 3048 3442
2720 3243 3703 2977
2710 3660 2801 3534
3616 3120 2689 3119
2861 3092 3714 2960
2956 3901 3034 2968
3054 3206 3624 2952
2631 3940 2944 3215
3285 3165 3446 2997
3615 3287 2758 2897
2698 3006 2927 3740
3585 3107 2688 3211
3417 3311 3218 2996
2950 3990 2829 2929
3206 3452 3393 2850
2629 4017 2903 2898
2741 3105 3341 3539
3206 3125 3535 2902
2631 3940 2944 3215
2999 3584 3235 3225
2834 3524 3172 3491
2950 3990 2829 2929
2775 3441 2860 3630
3585 3107 2688 3211
3306 3743 2921 2763
2585 3120 3714 3068
2775 3441 2860 3630
3585 3107 2688 3211
2877 3404 3284 3434
3448 3579 2784 2876
2861 3092 3714 2960
2962 3254 3406 3342
3585 3107 2688 3211
3615 3287 2758 2897
2594 3065 3736 2961
2879 3580 2953 3533
3285 3165 3446 2997
2790 3759 3084 3315
2790 3759 3084 3315
3593 3335 2844 2888
2643 3444 2889 3632
3053 3873 3065 2845
2720 3243 3703 2977
2686 3960 2839 3216
3285 3165 3446 2997
2721 4017 2785 3030
2770 2899 2901 3725
3580 3077 2803 3161
3451 3317 3227 2908
3093 3904 2935 2818
2563 2905 3643 3299
3069 3245 3602 2958
2635 3482 3099 3563
3280 3750 2788 2915
2878 3985 2947 2930
2626 2982 3617 3314
3109 3028 2836 3567
3577 3328 2902 2928
2658 3220 3638 3204
3491 3280 3173 2851
2861 3092 3714 2960
2748 3606 3451 3027
2960 3299 3144 3538
3616 3120 2689 3119
2958 3260 3638 2888
2703 3588 3478 2961
2720 3243 3703 2977
2960 3299 3144 3538
2879 3580 2953 3533
3628 3131 2749 2960
2698 3006 2927 3740
3097 3447 3213 3338
3335 3129 3238 3168
3053 3873 3065 2845
2745 3836 3183 3010
2878 3985 2947 2930
2902 3031 2768 3677
3491 3280 3173 2851
3053 3873 3065 2845
2708 4004 2867 3051
2879 3580 2953 3533
3104 3785 3142 2809
2595 3041 3582 3357
3551 3043 2877 3163
3026 3947 2925 2788
2861 3092 3714 2960
2834 3524 3172 3491
3491 3280 3173 2851
2748 3606 3451 3027
3143 3876 2901 2882
2563 2905 3643 3299
2741 3105 3341 3539
3185 3212 2698 3514
3625 3228 2730 2969
2861 3092 3714 2960
2686 3960 2839 3216
3069 3245 3602 2958
2748 3606 3451 3027
2726 3734 3047 3392
3577 3328 2902 2928
2698 3006 2927 3740
3252 3482 3220 3074
2748 3606 3451 3027
3050 3684 3036 3274
3398 3388 3244 2888
2862 4025 2820 2885
2643 2984 3060 3710
3419 3240 2790 3302
3203 3616 2553 3247
2862 4025 2820 2885
2812 3111 3167 3624
3280 3750 2788 2915
2879 3580 2953 3533
3577 3328 2902 2928
2862 4025 2820 2885
2595 3041 3582 3357
2698 3006 2927 3740
3583 3309 2734 3015
2626 2982 3617 3314
3577 3328 2902 2928
2748 3606 3451 3027
2938 2987 3696 2898
2730 3816 2946 3360
3491 3280 3173 2851
2720 3243 3703 2977
2748 3606 3451 3027
3054 3206 3624 2952
2931 3630 3131 3386
3585 3107 2688 3211
3644 3143 2609 2969
2698 3006 2927 3740
3356 3249 2775 3357
3218 3350 3458 2821
2733 3989 2813 3132
2861 3092 3714 2960
2686 3960 2839 3216
2811 3645 2848 3523
3327 3324 3388 2901
2733 3989 2813 3132
3053 3873 3065 2845
2741 3728 2909 3456
2932 3994 2823 2947
2686 3331 3003 3646
3455 3193 2951 3225
3577 3328 2902 2928
2662 3082 3739 2775
2834 3524 3172 3491
3285 3165 3446 2997
2832 2867 3495 3346
3625 3228 2730 2969
2861 3092 3714 2960
2834 3524 3172 3491
3417 3078 2734 3370
3616 3120 2689 3119
2720 3243 3703 2977
2792 3753 2874 3437
3054 3206 3624 2952
3327 3324 3388 2901
2686 3960 2839 3216
3615 3287 2758 2897
2728 3294 3108 3611
3054 3206 3624 2952
2686 3960 2839 3216
2790 3759 3084 3315
3069 3245 3602 2958
2733 3989 2813 3132
2698 3006 2927 3740
3585 3107 2688 3211
3327 3324 3388 2901
2862 4025 2820 2885
2643 2984 3060 3710
2931 3630 3131 3386
2775 3441 2860 3630
3577 3328 2902 2928
2932 3994 2823 2947
2658 3220 3638 3204
2960 3299 3144 3538
3317 3761 2703 2775
2563 2905 3643 3299
3332 3232 3411 2914
2658 3220 3638 3204
3054 3206 3624 2952
2796 3682 2786 3503
3625 3228 2730 2969
3054 3206 3624 2952
2878 3985 2947 2930
2720 3243 3703 2977
2686 3960 2839 3216
3285 3165 3446 2997
3593 3335 2844 2888
2698 3006 2927 3740
2931 3630 3131 3386
3285 3165 3446 2997
3104 3785 3142 2809
2631 3940 2944 3215
2699 3828 3203 3020
2632 3385 2804 3666
3285 3165 3446 2997
2686 3960 2839 3216
2878 3985 2947 2930
2811 3645 2848 3523
3008 3977 2802 2857
2834 3524 3172 3491
3585 3107 2688 3211
3143 3876 2901 2882
2861 3092 3714 2960
2871 3165 3057 3625
3585 3107 2688 3211
2931 3630 3131 3386
3556 3453 2749 2818
2720 3243 3703 2977
3016 3095 2989 3587
2879 3580 2953 3533
3605 3211 2855 2914
2625 3114 3733 2852
2834 3524 3172 3491
2978 3394 3233 3434
2748 3606 3451 3027
2730 3816 2946 3360
3583 3309 2734 3015
2633 3145 2904 3720
3178 3620 3203 2995
3069 3245 3602 2958
2686 3960 2839 3216
3234 3209 3503 2942
2878 3985 2947 2930
2698 3006 2927 3740
3585 3107 2688 3211
3143 3876 2901 2882
2950 3990 2829 2929
2626 2982 3617 3314
3300 3525 3189 2963
2879 3580 2953 3533
3425 3608 2898 2777
2835 4018 2893 2863
2752 2910 3547 3330
3244 3097 2852 3467
3583 3309 2734 3015
3054 3206 3624 2952
3491 3280 3173 2851
2703 3588 3478 2961
2720 3243 3703 2977
2676 3626 2883 3544
3585 3107 2688 3211
2720 3243 3703 2977
2738 3726 3138 3333
2861 3092 3714 2960
2931 3630 3131 3386
3585 3107 2688 3211
3641 3135 2594 3004
2698 3006 2927 3740
2960 3299 3144 3538
3097 3447 3213 3338
2932 3994 2823 2947
3069 3245 3602 2958
2824 3999 2908 2971
3016 3095 2989 3587
3491 3280 3173 2851
2835 4018 2893 2863
2812 3882 3148 2826
2871 3165 3057 3625
3280 3750 2788 2915
2741 3105 3341 3539
3593 3216 2762 3073
3306 3743 2921 2763
2720 3243 3703 2977
2595 3041 3582 3357
3327 3324 3388 2901
2834 3524 3172 3491
3143 3876 2901 2882
2658 3220 3638 3204
2658 3220 3638 3204
3417 3078 2734 3370
3593 3335 2844 2888
2641 3291 3672 3036
2792 3753 2874 3437
2938 2987 3696 2898
2631 3940 2944 3215
2834 3524 3172 3491
3577 3328 2902 2928
2643 2984 3060 3710
3327 3324 3388 2901
2699 3828 3203 3020
2931 3630 3131 3386
3327 3324 3388 2901
2835 4018 2893 2863
2698 3006 2927 3740
3585 3107 2688 3211
3583 3309 2734 3015
2862 4025 2820 2885
2563 2905 3643 3299
3178 3620 3203 2995
3016 3095 2989 3587
3590 3050 2744 3185
2835 4018 2893 2863
2563 2905 3643 3299
2902 3031 2768 3677
3452 3365 3172 2884
2563 2905 3643 3299
3417 3311 3218 2996
2683 3353 3539 3238
3054 3206 3624 2952
2879 3580 2953 3533
3593 3205 2887 2956
2748 3606 3451 3027
2720 3243 3703 2977
2675 3606 3248 3354
2796 3682 2786 3503
3097 3447 3213 3338
3625 3228 2730 2969
2698 3006 2927 3740
3512 3172 2678 3259
3327 3324 3388 2901
2825 4014 2871 2942
2720 3243 3703 2977
2631 3940 2944 3215
2698 3006 2927 3740
3332 3232 3411 2914
3032 3868 3056 2922
3143 3876 2901 2882
2730 3816 2946 3360
3008 3977 2802 2857
2687 3023 3298 3579
3356 3249 2775 3357
3143 3876 2901 2882
2715 2901 3711 3082
2812 3111 3167 3624
3593 3216 2762 3073
3097 3447 3213 3338
3556 3453 2749 2818
2861 3092 3714 2960
2834 3524 3172 3491
3417 3078 2734 3370
3616 3120 2689 3119
2861 3092 3714 2960
2931 3630 3131 3386
3285 3165 3446 2997
3206 3452 3393 2850
2631 3940 2944 3215
3396 3663 2757 2823
2698 3006 2927 3740
3097 3447 3213 3338
2817 3509 3282 3381
2792 3753 2874 3437
3417 3311 3218 2996
2862 4025 2820 2885
