199 6.31732
2880 3774 3626
3186 3273 3861
3206 4068 3048
3742 3803 2986
3780 3084 3512
4025 3404 3068
2977 3688 3682
2899 3702 3641
3727 3330 3449
3259 4033 3056
3010 3818 3525
3459 3920 3332
3747 3734 3170
3792 3631 3218
3264 3342 3846
3131 3590 3713
3063 3794 3501
3824 3600 3193
3648 3264 3486
3365 3225 3806
3448 3963 3318
3236 3354 3820
3929 3457 3143
3632 3927 3074
3379 3181 3739
3754 3494 3389
3661 3230 3588
3248 4057 3041
3845 3522 3275
3322 3365 3795
3303 4007 3098
3548 3616 3478
3949 3529 3100
3914 3371 3287
3381 3408 3672
2991 3782 3534
3565 3805 3117
3523 3672 3462
3660 3110 3627
3733 3121 3542
3303 3526 3645
2938 3749 3618
3451 3855 3424
3407 3469 3551
2914 3767 3596
3031 3753 3594
3813 3561 3249
3303 4007 3098
3340 3289 3772
3407 3303 3736
3987 3428 3157
3965 3472 3123
3684 3929 3006
3248 4057 3041
3427 3387 3627
3321 3467 3735
3226 3563 3632
3875 3641 3189
3340 3289 3772
4002 3496 3111
3289 3495 3739
3683 3374 3415
3431 3936 3394
3579 3434 3502
3882 3357 3354
3607 3335 3564
3580 3569 3485
3326 3516 3668
3876 3508 3316
3090 3842 3470
3673 3172 3536
3143 3668 3630
3535 3659 3373
3358 3356 3703
3348 3419 3755
3802 3554 3302
3260 3945 3362
3516 3895 3299
3685 3835 3099
2938 3749 3618
3893 3553 3105
3419 3859 3409
3118 3781 3536
3813 3561 3249
3684 3929 3006
3831 3584 3193
3040 3805 3477
4008 3441 3128
3090 3842 3470
3507 3656 3494
3490 3828 3453
3607 3335 3564
3925 3464 3180
3902 3550 3184
3588 3762 3356
3965 3472 3123
3310 3298 3834
3710 3152 3547
3829 3664 3174
4008 3441 3128
3500 3418 3614
3487 3891 3308
3365 3225 3806
3348 3419 3755
2880 3774 3626
3307 3951 3324
3374 3452 3696
3500 3418 3614
3619 3302 3577
3903 3463 3343
3617 3278 3585
3326 3516 3668
2914 3767 3596
3843 3544 3232
3987 3428 3157
3483 3836 3423
3533 3628 3469
3624 3135 3636
3543 3866 3371
3624 3135 3636
3710 3152 3547
3845 3522 3275
3903 3463 3343
3843 3544 3232
3710 3152 3547
3505 3751 3421
3588 3762 3356
3543 3866 3371
3431 3936 3394
3143 3668 3630
3673 3172 3536
3310 3298 3834
3710 3152 3547
3649 3875 3109
3448 3963 3318
3843 3544 3232
3487 3891 3308
3307 3951 3324
3617 3278 3585
3107 3644 3685
3107 3644 3685
3490 3828 3453
3649 3875 3109
3516 3895 3299
3987 3428 3157
3533 3628 3469
3107 3644 3685
3289 3495 3739
3619 3302 3577
3649 3875 3109
3507 3656 3494
3843 3544 3232
3516 3895 3299
3624 3135 3636
3875 3641 3189
3107 3644 3685
3310 3298 3834
3374 3452 3696
2880 3774 3626
3040 3805 3477
3374 3452 3696
3374 3452 3696
3451 3855 3424
3483 3836 3423
2880 3774 3626
3419 3859 3409
3419 3859 3409
3419 3859 3409
3754 3494 3389
3754 3494 3389
3831 3584 3193
3483 3836 3423
4008 3441 3128
2938 3749 3618
3143 3668 3630
3107 3644 3685
3143 3668 3630
3507 3656 3494
3831 3584 3193
3845 3522 3275
3289 3495 3739
3289 3495 3739
3348 3419 3755
2880 3774 3626
2938 3749 3618
2938 3749 3618
2938 3749 3618
3040 3805 3477
3040 3805 3477
3040 3805 3477
3107 3644 3685
3107 3644 3685
3143 3668 3630
3143 3668 3630
3143 3668 3630
3143 3668 3630
3248 4057 3041
3289 3495 3739
3289 3495 3739
3289 3495 3739
3289 3495 3739
3289 3495 3739
3289 3495 3739
3289 3495 3739
3289 3495 3739
3289 3495 3739
3303 4007 3098
3310 3298 3834
3310 3298 3834
3326 3516 3668
3340 3289 3772
3340 3289 3772
3348 3419 3755
3348 3419 3755
3348 3419 3755
3348 3419 3755
3365 3225 3806
3374 3452 3696
3374 3452 3696
3374 3452 3696
3419 3859 3409
3419 3859 3409
3451 3855 3424
3451 3855 3424
3451 3855 3424
3483 3836 3423
3500 3418 3614
3500 3418 3614
3516 3895 3299
3516 3895 3299
3543 3866 3371
3588 3762 3356
3624 3135 3636
3624 3135 3636
3624 3135 3636
3624 3135 3636
3710 3152 3547
3710 3152 3547
3710 3152 3547
3754 3494 3389
3831 3584 3193
3831 3584 3193
3831 3584 3193
3831 3584 3193
3843 3544 3232
3987 3428 3157
4008 3441 3128
4008 3441 3128
2994 3739 3592
3185 3993 3005
3227 3981 2995
3249 3163 3802
3625 3090 3621
3991 3382 2995
3336 3333 3718
3305 3307 3784
3019 3773 3471
3512 3825 3344
3594 3228 3575
3070 3642 3561
3278 3902 3058
3642 3101 3598
3195 3430 3676
3844 3602 3152
3932 3404 3103
3260 3938 3023
3115 3808 3443
3091 3709 3533
3757 3647 3032
3657 3176 3556
3500 3858 3206
3696 3257 3444
3402 3873 3227
3634 3793 3077
3892 3486 3174
3924 3452 3158
3977 3433 3097
3346 3348 3667
3454 3672 3392
3024 3567 3612
3625 3207 3539
3096 3575 3512
3767 3604 3140
3072 3816 3412
3549 3564 3378
3401 3299 3631
3889 3515 3117
3792 3433 3280
3453 3865 3257
3309 3861 3322
3706 3516 3243
3473 3525 3439
3556 3239 3537
3287 3876 3316
3896 3529 3060
3539 3546 3398
3335 3925 3029
3667 3471 3317
3788 3400 3301
3217 3228 3800
3466 3496 3473
3729 3509 3279
3363 3719 3403
3521 3845 3292
3852 3550 3129
3482 3869 3248
3775 3513 3214
3371 3402 3599
3356 3319 3675
3733 3433 3310
3615 3277 3486
3071 3716 3511
3853 3430 3258
3220 3927 3066
3397 3242 3660
3847 3432 3271
3521 3845 3292
3615 3277 3486
3615 3277 3486
3683 3325 3382
3189 3934 3025
3397 3242 3660
3370 3300 3661
3458 3808 3384
3769 3460 3260
3683 3325 3382
3397 3242 3660
3792 3433 3280
3458 3808 3384
3615 3277 3486
3769 3460 3260
3769 3460 3260
3769 3460 3260
3397 3242 3660
3397 3242 3660
3397 3242 3660
3397 3242 3660
3397 3242 3660
3397 3242 3660
3397 3242 3660
3397 3242 3660
3458 3808 3384
3458 3808 3384
3458 3808 3384
3458 3808 3384
3769 3460 3260
2889 3730 3590
3243 3922 3019
3257 3239 3769
3552 3081 3548
3968 3426 3069
3724 3470 3245
3197 3347 3663
3089 3627 3529
3829 3550 3127
3042 3744 3422
3313 3203 3701
3574 3333 3258
3511 3160 3565
3913 3442 3030
3416 3741 3379
3377 3812 3295
2911 3716 3458
3519 3809 3273
3076 3638 3458
3355 3243 3654
3793 3442 3154
2958 3596 3582
3785 3413 3257
3745 3437 3212
3455 3731 3354
3869 3426 3106
3766 3593 3077
3506 3679 3338
3572 3259 3412
3337 3842 3225
3948 3424 3091
3486 3700 3327
3248 3867 3267
2943 3602 3555
3299 3294 3747
3264 3849 3322
3278 3284 3753
2921 3690 3561
3814 3431 3215
3299 3294 3747
3299 3249 3759
3281 3866 3224
3264 3229 3766
3282 3846 3267
3264 3229 3766
2794 3666 3589
3164 3190 3740
3204 3902 2984
3296 3172 3715
3958 3368 3059
2904 3625 3483
3742 3400 3195
3824 3525 3108
3680 3564 2999
3339 3740 3335
3396 3698 3329
3769 3376 3255
3379 3676 3371
3278 3286 3730
2855 3578 3499
3915 3370 3022
3279 3277 3726
3396 3698 3329
2802 3655 3564
2843 3656 3537
3373 3736 3348
3816 3534 3070
3750 3536 3057
3958 3368 3059
3750 3536 3057
3396 3698 3329
2758 3640 3517
3102 3182 3737
3288 3734 3321
3906 3351 2967
3681 3387 3163
3241 3277 3728
3811 3520 3069
3349 3654 3324
2812 3591 3527
2800 3568 3528
2798 3638 3453
3318 3372 3325
3827 3325 2997
3722 3324 3217
3722 3324 3217
3169 3693 3171
3223 3153 3711
3808 3485 3028
3768 3453 2984
2880 3774 3626
3186 3273 3861
3206 4068 3048
3583 3912 2914
3780 3084 3512
4025 3404 3068
3206 4068 3048
3441 3870 3375
3294 4026 3114
3752 3169 3508
3714 3804 2994
3052 3720 3566
3096 3640 3712
3469 3831 3418
3231 4040 3051
3864 3524 3332
3236 3354 3820
3687 3128 3649
3630 3158 3581
3149 3818 3427
3762 3096 3516
3924 3547 3229
3820 3625 3281
3714 3804 2994
3347 3991 3122
3655 3416 3401
3548 3941 3323
3944 3501 3093
3736 3318 3417
3826 3214 3372
3775 3666 3228
3322 3365 3795
3443 3966 3207
3662 3577 3350
3951 3441 3156
3686 3240 3572
3386 3603 3468
3264 3342 3846
2963 3753 3604
3698 3819 2950
3310 3298 3834
3417 3956 3251
3797 3646 3257
3488 3260 3624
3417 3917 3356
3395 3900 3390
3524 3297 3619
3282 3310 3808
3168 3545 3659
3698 3819 2950
3336 3489 3763
3445 3381 3542
3084 3649 3697
3022 3794 3563
3587 3195 3633
2891 3749 3622
3979 3431 3128
2932 3797 3539
3254 3453 3787
3200 3705 3654
2891 3749 3622
3834 3695 3148
3732 3285 3438
3733 3121 3542
3949 3484 3179
3936 3513 3210
3318 4007 3189
3554 3315 3586
3258 3532 3749
3550 3461 3519
3376 3571 3490
3122 3715 3675
3318 4007 3189
3882 3595 3252
3370 3951 3338
3395 3900 3390
3569 3553 3496
3001 3779 3585
3122 3715 3675
3407 3303 3736
3882 3595 3252
3841 3633 3277
3599 3552 3463
4013 3399 3146
3982 3422 3117
3938 3468 3217
3809 3626 3302
3786 3681 3171
3022 3794 3563
3809 3626 3302
3563 3244 3661
3068 3777 3532
3348 3419 3755
3365 3225 3806
3616 3825 3066
3108 3600 3684
3225 3508 3760
3606 3850 3137
3614 3533 3491
3365 3225 3806
3061 3855 3455
3563 3791 3170
3407 3303 3736
3084 3649 3697
3970 3378 3178
3508 3311 3611
3156 3717 3443
3072 3822 3457
2963 3753 3604
3536 3576 3477
3108 3600 3684
3536 3576 3477
3264 3342 3846
3789 3768 3082
3841 3633 3277
3508 3311 3611
3789 3768 3082
3638 3703 3344
4025 3404 3068
3617 3253 3535
3606 3850 3137
3790 3260 3343
4013 3399 3146
3445 3381 3542
3587 3195 3633
2941 3756 3606
2932 3797 3539
3732 3285 3438
3001 3779 3585
3404 3958 3316
2941 3756 3606
3631 3822 3140
3336 3489 3763
3974 3418 3144
3982 3422 3117
3254 3453 3787
3938 3468 3217
3254 3453 3787
3832 3682 3164
3376 3571 3490
3404 3958 3316
3970 3378 3178
3617 3253 3535
3714 3804 2994
3569 3553 3496
3924 3547 3229
3225 3508 3760
3156 3717 3443
3061 3855 3455
3001 3779 3585
2941 3756 3606
3417 3917 3356
3587 3195 3633
3587 3195 3633
4013 3399 3146
3882 3595 3252
3698 3819 2950
3832 3682 3164
3206 4068 3048
3638 3703 3344
3061 3855 3455
3404 3958 3316
3841 3633 3277
3832 3682 3164
3832 3682 3164
3563 3244 3661
3638 3703 3344
3264 3342 3846
3569 3553 3496
3001 3779 3585
3970 3378 3178
3336 3489 3763
2891 3749 3622
4025 3404 3068
3404 3958 3316
3638 3703 3344
2891 3749 3622
2891 3749 3622
2891 3749 3622
2891 3749 3622
2932 3797 3539
3001 3779 3585
3001 3779 3585
3061 3855 3455
3061 3855 3455
3084 3649 3697
3084 3649 3697
3084 3649 3697
3084 3649 3697
3206 4068 3048
3206 4068 3048
3206 4068 3048
3206 4068 3048
3206 4068 3048
3206 4068 3048
3254 3453 3787
3264 3342 3846
3264 3342 3846
3264 3342 3846
3264 3342 3846
3336 3489 3763
3365 3225 3806
3376 3571 3490
3404 3958 3316
3404 3958 3316
3407 3303 3736
3445 3381 3542
3445 3381 3542
3563 3244 3661
3563 3244 3661
3569 3553 3496
3569 3553 3496
3587 3195 3633
3638 3703 3344
3698 3819 2950
3714 3804 2994
3714 3804 2994
3732 3285 3438
3732 3285 3438
3789 3768 3082
3832 3682 3164
3832 3682 3164
3832 3682 3164
3924 3547 3229
4013 3399 3146
4025 3404 3068
4025 3404 3068
4025 3404 3068
4025 3404 3068
4025 3404 3068
4025 3404 3068
4025 3404 3068
2923 3753 3524
3137 3956 3018
3314 3426 3756
3670 3149 3559
3710 3755 2950
3967 3355 3144
3299 3487 3729
3127 3494 3681
3199 3687 3596
3690 3274 3343
3351 3524 3476
3401 3935 3319
3464 3395 3500
3029 3780 3390
3005 3859 3387
3434 3288 3603
3962 3408 3055
3877 3594 3227
3831 3623 3197
3018 3842 3436
3069 3666 3606
3601 3238 3502
3759 3732 3021
3491 3825 3245
3558 3176 3643
3853 3361 3232
3748 3621 3232
3647 3162 3562
3493 3226 3581
3929 3450 3119
3828 3192 3284
3499 3541 3445
2956 3774 3464
3489 3904 3253
3031 3722 3527
3545 3862 3099
3169 3446 3746
3774 3684 3082
3922 3437 3135
3797 3579 3281
3774 3671 3168
3067 3753 3474
2959 3719 3572
3607 3776 3083
3818 3566 3251
3566 3669 3188
3586 3531 3436
3523 3924 3226
3951 3424 3132
3010 3719 3563
3186 3661 3648
3137 3956 3018
3427 3573 3466
3694 3438 3304
3332 3450 3735
3523 3924 3226
3186 3661 3648
3487 3891 3308
3670 3149 3559
3821 3186 3314
3545 3862 3099
3670 3149 3559
3303 3441 3737
3430 3446 3447
3797 3579 3281
3927 3285 3154
3934 3425 3133
3487 3891 3308
3927 3285 3154
3481 3931 3309
3481 3931 3309
3186 3661 3648
3031 3722 3527
3031 3722 3527
3031 3722 3527
3031 3722 3527
3186 3661 3648
3487 3891 3308
3487 3891 3308
3487 3891 3308
3523 3924 3226
3670 3149 3559
3670 3149 3559
3670 3149 3559
3670 3149 3559
3670 3149 3559
3670 3149 3559
3927 3285 3154
3927 3285 3154
3927 3285 3154
2827 3648 3557
3077 3236 3693
3176 3931 3147
3528 3750 3020
3667 3079 3541
3946 3402 3122
3362 3869 3308
2936 3682 3469
3667 3079 3541
2834 3695 3508
3170 3535 3638
3472 3907 3272
3008 3622 3571
3930 3341 3133
3381 3236 3564
3240 3487 3691
3685 3475 3229
3428 3878 3306
3103 3488 3677
3463 3192 3554
3912 3361 3129
3509 3742 3192
3711 3440 3217
2937 3676 3528
3868 3567 3183
3720 3673 3021
3206 3924 3097
3940 3417 3066
3772 3633 3103
3807 3602 3141
3739 3654 3084
3463 3192 3554
3134 3558 3643
3070 3620 3559
3859 3576 3127
3742 3417 3211
3023 3587 3645
3788 3567 3205
3023 3587 3645
3120 3604 3563
3864 3413 3194
3131 3573 3567
3667 3079 3541
3023 3587 3645
3023 3587 3645
3463 3192 3554
3463 3192 3554
3667 3079 3541
2899 3670 3495
3021 3392 3670
3124 3913 3030
3520 3642 2837
3663 3047 3510
3935 3340 3094
3397 3154 3521
3146 3098 3648
3425 3868 3256
3088 3561 3482
3462 3821 3254
3784 3318 3187
3718 3608 2943
3612 3619 2848
3141 3529 3595
3853 3533 3151
3890 3377 3086
3080 3472 3619
3674 3574 3009
3771 3564 3122
3705 3372 3209
3440 3898 3237
3651 3484 3183
2902 3563 3490
3533 3620 2841
3675 3543 3165
3087 3450 3664
3087 3450 3664
3670 3383 3186
3670 3383 3186
3670 3383 3186
3019 3406 3633
3069 3913 2892
3888 3305 3088
3901 3326 3022
3109 3474 3577
3374 3843 3245
3723 3556 3061
3202 3876 2978
3374 3843 3245
3401 3875 3224
3667 3321 3180
3668 3511 3156
3885 3334 3089
3837 3461 3061
3071 3432 3598
3847 3454 3132
3724 3315 3164
3201 3850 3022
3353 3813 3199
3505 3251 3122
3540 3476 2910
3840 3360 3023
3836 3329 3118
3040 3837 2982
3040 3837 2982
3317 3797 3147
3752 3203 3106
3757 3344 2955
3551 3289 3100
3082 3803 3043
3691 3310 3066
3040 3837 2982
3040 3837 2982
3040 3837 2982
3003 3756 2976
2880 3774 3626
3186 3273 3861
3206 4068 3048
3583 3912 2914
3780 3084 3512
4025 3404 3068
3402 3969 3215
3979 3477 3191
3294 4026 3114
3358 3359 3730
3710 3152 3547
3671 3184 3610
3799 3390 3428
3733 3121 3542
3236 3354 3820
3951 3536 3200
3848 3531 3333
3741 3255 3538
3638 3869 3011
3890 3528 3291
3527 3651 3470
3347 3991 3122
3762 3096 3516
3177 3699 3497
3790 3799 2971
3050 3778 3570
3275 3551 3678
3991 3408 3157
3451 3896 3348
2977 3688 3682
2890 3750 3601
3752 3169 3508
3475 3763 3370
3366 3830 3382
3404 3321 3752
3659 3846 2983
3987 3429 3168
3911 3563 3247
3836 3444 3385
3920 3582 3238
3225 3591 3639
3365 3225 3806
3571 3612 3481
3310 3298 3834
3746 3821 2945
3437 3731 3411
3314 3396 3780
3078 3713 3579
3248 4057 3041
2925 3726 3616
3522 3674 3448
3590 3888 2943
3329 4012 3062
3687 3784 3079
3303 4007 3098
3005 3723 3623
3898 3212 3320
3629 3565 3475
3550 3793 3279
3125 3778 3486
2914 3767 3596
3650 3609 3456
3474 3862 3272
3546 3942 3243
3142 3622 3625
3204 3586 3664
3613 3875 2940
3096 3640 3712
2962 3797 3584
3544 3620 3414
3688 3748 3169
3522 3674 3448
3702 3822 3058
3302 3955 3229
3332 3309 3786
3492 3878 3264
2949 3836 3545
3616 3589 3528
3722 3685 3196
3898 3212 3320
3337 3283 3764
3258 3532 3749
3766 3769 3035
3980 3448 3129
4008 3441 3128
3751 3510 3343
3165 3592 3661
3659 3846 2983
3583 3912 2914
3622 3884 2937
3690 3538 3420
3209 3588 3652
3751 3510 3343
2998 3741 3583
3310 3298 3834
3248 4057 3041
3523 3686 3429
3158 3629 3616
3105 3712 3577
3336 3489 3763
3419 3806 3389
3096 3640 3712
3583 3783 3295
3060 3733 3594
3685 3579 3373
3492 3878 3264
3302 3955 3229
3898 3212 3320
3235 3583 3676
3583 3912 2914
3336 3489 3763
3128 3722 3570
4003 3446 3139
4013 3399 3146
3303 4007 3098
2880 3774 3626
3719 3824 3032
3341 3390 3701
3105 3712 3577
3650 3609 3456
3341 3390 3701
3365 3225 3806
2972 3766 3595
3546 3942 3243
4013 3399 3146
3640 3799 3066
3417 3811 3394
3060 3733 3594
3158 3629 3616
3466 3900 3271
3504 3792 3286
3005 3723 3623
3332 3309 3786
3404 3321 3752
3685 3579 3373
3258 3532 3749
3365 3225 3806
3337 3283 3764
3050 3778 3570
3466 3900 3271
3209 3588 3652
3719 3824 3032
3980 3448 3129
3622 3884 2937
3690 3538 3420
3419 3806 3389
3417 3811 3394
3096 3640 3712
3583 3783 3295
2949 3836 3545
3417 3811 3394
3165 3592 3661
3504 3792 3286
3417 3811 3394
4003 3446 3139
3583 3783 3295
2998 3741 3583
3443 3722 3372
3719 3824 3032
2949 3836 3545
3504 3792 3286
3466 3900 3271
3504 3792 3286
3443 3722 3372
3443 3722 3372
3466 3900 3271
3332 3309 3786
2998 3741 3583
3165 3592 3661
3622 3884 2937
3980 3448 3129
3504 3792 3286
3341 3390 3701
4003 3446 3139
3258 3532 3749
2880 3774 3626
3235 3583 3676
3060 3733 3594
3404 3321 3752
3443 3722 3372
3685 3579 3373
2880 3774 3626
2998 3741 3583
2998 3741 3583
3050 3778 3570
3096 3640 3712
3096 3640 3712
3209 3588 3652
3209 3588 3652
3235 3583 3676
3235 3583 3676
3248 4057 3041
3248 4057 3041
3248 4057 3041
3248 4057 3041
3258 3532 3749
3302 3955 3229
3332 3309 3786
3336 3489 3763
3336 3489 3763
3336 3489 3763
3336 3489 3763
3365 3225 3806
3417 3811 3394
3417 3811 3394
3419 3806 3389
3419 3806 3389
3419 3806 3389
3419 3806 3389
3443 3722 3372
3443 3722 3372
3443 3722 3372
3443 3722 3372
3466 3900 3271
3466 3900 3271
3466 3900 3271
3492 3878 3264
3504 3792 3286
3522 3674 3448
3583 3783 3295
3650 3609 3456
3650 3609 3456
3690 3538 3420
3690 3538 3420
3690 3538 3420
3690 3538 3420
3719 3824 3032
3751 3510 3343
3751 3510 3343
3898 3212 3320
3898 3212 3320
3980 3448 3129
3980 3448 3129
3980 3448 3129
3980 3448 3129
4003 3446 3139
4003 3446 3139
4013 3399 3146
4013 3399 3146
2850 3754 3570
3183 3972 3050
3267 3220 3783
3538 3876 2887
3821 3218 3306
3990 3368 3075
3727 3759 3034
3396 3909 3218
3862 3240 3272
3545 3787 2963
3234 3325 3710
3451 3822 3328
3487 3870 3245
2880 3795 3540
3795 3525 3319
3350 3322 3721
3200 3561 3655
3336 3265 3757
3934 3425 3133
3637 3825 2945
3940 3418 3158
3295 3963 3122
3567 3850 2904
2933 3621 3629
3094 3688 3528
3376 3708 3408
3226 3467 3712
3894 3476 3175
3673 3485 3362
3295 3710 3337
3975 3469 3121
3312 3887 3304
2998 3646 3601
3024 3770 3540
3623 3608 3376
3826 3230 3284
3043 3693 3562
3565 3555 3471
3271 3287 3756
3402 3662 3370
3951 3372 3169
3197 3585 3648
3498 3872 3193
2986 3647 3578
3579 3496 3516
3698 3626 3168
3594 3546 3510
3614 3533 3491
2940 3671 3609
3270 3349 3655
3345 3844 3295
3509 3680 3364
3134 3614 3607
3610 3591 3427
3579 3590 3429
3708 3651 3161
3126 3616 3605
3271 3287 3756
3561 3538 3523
3030 3706 3572
3807 3478 3322
3649 3552 3374
3646 3739 3131
3581 3527 3514
2957 3789 3564
2957 3789 3564
3646 3739 3131
3934 3472 3129
3951 3424 3132
3043 3693 3562
3043 3693 3562
3951 3424 3132
3646 3739 3131
3646 3739 3131
3271 3287 3756
3951 3424 3132
3271 3287 3756
3271 3287 3756
3271 3287 3756
3271 3287 3756
3646 3739 3131
3646 3739 3131
3646 3739 3131
3951 3424 3132
3951 3424 3132
2835 3742 3551
3204 3956 3028
3287 3220 3756
3571 3811 2854
3815 3137 3240
3894 3408 3143
3510 3757 2861
3661 3699 3017
3082 3424 3642
3214 3322 3667
3734 3455 3316
3569 3553 3420
3477 3679 3363
3312 3905 3203
3644 3594 3093
3368 3672 3406
3257 3872 3242
2883 3640 3596
3012 3662 3563
3785 3489 3288
3641 3733 3089
3744 3519 3308
3426 3835 3216
2925 3627 3568
3344 3818 3249
3320 3236 3738
3412 3788 3230
2936 3772 3490
3238 3272 3731
3593 3508 3454
3066 3490 3567
3303 3290 3704
3606 3505 3443
3633 3694 3129
3439 3707 3300
3793 3471 3311
3454 3802 3205
2982 3692 3522
2905 3785 3480
3325 3273 3670
2864 3774 3529
3604 3640 3138
2916 3747 3506
3301 3277 3720
2893 3738 3507
2978 3694 3559
3309 3823 3298
3250 3289 3713
2864 3697 3555
3313 3285 3707
2909 3673 3565
2978 3694 3559
2864 3697 3555
2864 3697 3555
2880 3684 3554
3259 3901 3001
3296 3288 3703
3485 3785 2819
3782 3347 3294
3007 3580 3485
3589 3446 3326
3561 3531 3394
3633 3623 3069
3562 3503 3422
2953 3663 3555
3306 3831 3194
3625 3596 3105
3277 3827 3203
3437 3633 3350
3354 3755 3197
2913 3738 3499
3394 3654 3344
2915 3669 3546
3625 3714 3088
3299 3889 3202
2982 3646 3554
2880 3684 3554
3633 3623 3069
2880 3684 3554
3299 3889 3202
2880 3684 3554
2880 3684 3554
2880 3684 3554
2880 3684 3554
2880 3684 3554
2880 3684 3554
2880 3684 3554
2873 3619 3525
3192 3885 3160
3264 3227 3686
3400 3643 2807
3605 3622 3059
3535 3498 3405
3283 3227 3674
2912 3725 3484
2953 3619 3495
2949 3641 3493
2866 3694 3460
3521 3470 3386
3561 3564 2991
2917 3625 3361
2885 3530 3415
2869 3548 3409
2753 3546 3432
2837 3654 3420
3371 3481 2802
2851 3605 3327
2848 3585 3371
2816 3604 3371
2836 3608 3370
2797 3491 3329
2825 3601 3278
2880 3774 3626
3186 3273 3861
3206 4068 3048
3696 3843 2938
3780 3084 3512
4025 3404 3068
3742 3803 2986
3847 3515 3363
3294 4026 3114
3752 3169 3508
3962 3547 3175
3310 3298 3834
3717 3137 3570
3402 3969 3215
3682 3727 3229
3600 3955 3024
3061 3855 3455
3347 3991 3122
3489 3904 3253
3669 3754 3181
3928 3387 3292
3107 3648 3665
3733 3121 3542
4009 3432 3092
3480 3327 3716
3039 3772 3519
3259 4033 3056
3988 3448 3120
3696 3843 2938
2949 3836 3545
3457 3685 3440
3452 3346 3702
3235 3558 3660
3926 3477 3296
3811 3337 3414
3345 3570 3649
3554 3593 3489
3741 3255 3538
3407 3303 3736
3638 3705 3314
3903 3365 3333
3655 3193 3546
3957 3366 3227
3382 3865 3390
3624 3135 3636
3504 3305 3595
3684 3929 3006
3248 4057 3041
3638 3869 3011
3432 3833 3392
3365 3225 3806
2977 3688 3682
3076 3815 3494
2975 3698 3595
3687 3791 3066
3081 3766 3533
3425 3981 3146
3365 3225 3806
3162 3537 3687
3651 3122 3588
3128 3811 3492
3004 3846 3510
3543 3842 3268
3587 3606 3344
3187 3455 3775
3590 3877 3197
3368 3909 3426
3336 3489 3763
3866 3465 3349
3818 3353 3407
3819 3530 3336
3866 3465 3349
3760 3773 3025
3518 3908 3244
4008 3441 3128
3276 3375 3818
3096 3640 3712
3600 3785 3138
3322 3359 3780
3269 3664 3608
3820 3377 3399
3684 3929 3006
2914 3767 3596
3570 3239 3582
3162 3818 3470
3162 3818 3470
3653 3200 3567
3570 3239 3582
2880 3774 3626
2914 3767 3596
3587 3606 3344
3145 3600 3653
3518 3908 3244
3413 3286 3751
3442 3854 3283
3336 3489 3763
3413 3286 3751
3248 4057 3041
3222 3704 3552
3368 3909 3426
3160 3567 3714
3417 3836 3384
3010 3818 3525
3624 3135 3636
3405 3885 3387
3276 3375 3818
3222 3704 3552
3096 3640 3712
3891 3497 3309
3789 3768 3082
3554 3850 3198
3269 3664 3608
3464 3370 3563
3891 3497 3309
3262 3318 3854
3801 3469 3376
2880 3774 3626
3425 3981 3146
4009 3432 3092
3151 3784 3480
3554 3850 3198
3206 4068 3048
3801 3469 3376
3096 3640 3712
3322 3359 3780
3119 3757 3583
3673 3672 3304
3322 3359 3780
3673 3672 3304
4008 3441 3128
3543 3842 3268
3151 3784 3480
3789 3768 3082
3424 3840 3324
3591 3197 3579
3119 3757 3583
3591 3197 3579
3801 3469 3376
2914 3767 3596
3405 3885 3387
3206 4068 3048
3010 3818 3525
3673 3672 3304
3891 3497 3309
3187 3455 3775
3262 3318 3854
3269 3664 3608
3365 3225 3806
3464 3370 3563
3789 3768 3082
3145 3600 3653
3464 3370 3563
3442 3854 3283
3543 3842 3268
3820 3377 3399
3891 3497 3309
2977 3688 3682
3151 3784 3480
3424 3840 3324
3248 4057 3041
3262 3318 3854
3442 3854 3283
3820 3377 3399
3760 3773 3025
3262 3318 3854
3010 3818 3525
3262 3318 3854
3424 3840 3324
3425 3981 3146
2977 3688 3682
3119 3757 3583
3413 3286 3751
3653 3200 3567
3145 3600 3653
3653 3200 3567
2977 3688 3682
3010 3818 3525
3424 3840 3324
3262 3318 3854
3365 3225 3806
3587 3606 3344
3096 3640 3712
2977 3688 3682
3570 3239 3582
3760 3773 3025
3425 3981 3146
2977 3688 3682
2977 3688 3682
2977 3688 3682
2977 3688 3682
2977 3688 3682
2977 3688 3682
2977 3688 3682
2977 3688 3682
3096 3640 3712
3096 3640 3712
3096 3640 3712
3096 3640 3712
3096 3640 3712
3096 3640 3712
3096 3640 3712
3096 3640 3712
3096 3640 3712
3096 3640 3712
3145 3600 3653
3145 3600 3653
3145 3600 3653
3162 3818 3470
3162 3818 3470
3206 4068 3048
3206 4068 3048
3206 4068 3048
3206 4068 3048
3206 4068 3048
3262 3318 3854
3262 3318 3854
3262 3318 3854
3262 3318 3854
3262 3318 3854
3262 3318 3854
3262 3318 3854
3262 3318 3854
3262 3318 3854
3262 3318 3854
3262 3318 3854
3269 3664 3608
3322 3359 3780
3322 3359 3780
3336 3489 3763
3368 3909 3426
3368 3909 3426
3413 3286 3751
3413 3286 3751
3424 3840 3324
3424 3840 3324
3424 3840 3324
3425 3981 3146
3425 3981 3146
3425 3981 3146
3464 3370 3563
3518 3908 3244
3543 3842 3268
3543 3842 3268
3570 3239 3582
3653 3200 3567
3673 3672 3304
3684 3929 3006
3684 3929 3006
3684 3929 3006
3696 3843 2938
3696 3843 2938
3696 3843 2938
3760 3773 3025
3760 3773 3025
3760 3773 3025
3801 3469 3376
3801 3469 3376
4008 3441 3128
4008 3441 3128
4009 3432 3092
4009 3432 3092
4009 3432 3092
2879 3698 3605
3175 4032 3011
3210 3340 3798
3572 3865 2920
3637 3021 3585
3994 3430 3121
3770 3433 3339
3928 3334 3243
3020 3723 3571
3366 3901 3387
3657 3634 3291
3486 3203 3507
3599 3123 3517
3221 3963 2942
3240 3487 3691
3718 3735 3029
3404 3853 3174
3113 3739 3476
3689 3765 3050
3440 3871 3171
3508 3785 3108
3093 3559 3620
3540 3829 3066
3624 3104 3623
3667 3409 3373
3258 3244 3761
3459 3265 3561
3670 3826 2947
3298 3290 3706
3162 3686 3524
3959 3359 3172
3128 3502 3677
3320 3271 3732
3179 4030 3056
3635 3659 3275
3473 3860 3135
3337 3286 3722
3637 3021 3585
3112 3819 3422
3069 3797 3491
3293 3371 3712
3163 3947 3090
3112 3819 3422
3170 3538 3655
3146 3547 3640
3272 3413 3749
3179 3606 3608
3267 3505 3641
3197 3367 3756
3394 3826 3244
3413 3935 3129
3604 3666 3255
3048 3692 3574
3282 3532 3630
3031 3698 3567
3180 3946 3064
3485 3230 3498
3604 3666 3255
3413 3935 3129
3179 3606 3608
3624 3104 3623
3282 3532 3630
3047 3800 3493
3485 3230 3498
3637 3021 3585
3047 3800 3493
3637 3021 3585
3485 3230 3498
3413 3935 3129
3047 3800 3493
3047 3800 3493
3047 3800 3493
3047 3800 3493
3112 3819 3422
3112 3819 3422
3282 3532 3630
3604 3666 3255
3604 3666 3255
3604 3666 3255
3637 3021 3585
3637 3021 3585
3637 3021 3585
3637 3021 3585
2847 3660 3591
3140 3975 2997
3243 3202 3757
3605 3807 2893
3609 3021 3530
3982 3413 3092
3882 3315 3233
3278 3510 3620
3577 3095 3548
3133 3455 3652
3415 3238 3500
3770 3423 3314
3189 3934 3025
3694 3717 2940
3530 3784 3037
3473 3801 3120
2978 3694 3559
3363 3867 3163
3343 3794 3367
3361 3899 3184
3638 3633 3286
3945 3369 3094
3614 3048 3480
3046 3574 3600
3325 3839 3315
3235 3388 3749
2864 3685 3578
3639 3415 3323
3074 3754 3419
3913 3430 3115
3250 3289 3713
3704 3703 2996
3002 3741 3491
3979 3335 3094
3025 3780 3455
3250 3289 3713
3240 3216 3723
3350 3869 3293
3585 3655 3219
3156 3587 3598
3104 3646 3428
3587 3747 2975
3065 3767 3466
2864 3685 3578
3101 3593 3558
3701 3708 2975
3061 3796 3436
3053 3600 3592
3069 3744 3435
3053 3600 3592
3982 3413 3092
3053 3600 3592
3053 3600 3592
3053 3600 3592
3053 3600 3592
2840 3720 3477
3128 3100 3613
3136 3897 3034
3536 3088 3511
3600 3803 2877
3898 3398 3085
3491 3607 3265
3894 3355 3095
3885 3367 3114
3523 3777 3015
3242 3473 3600
3318 3790 3176
3331 3862 3062
2974 3693 3535
3107 3532 3594
3040 3573 3552
3136 3897 3034
2935 3693 3558
3326 3832 3125
3022 3434 3610
2873 3591 3587
3890 3412 3070
2873 3591 3587
3897 3405 3031
2850 3582 3575
3111 3884 2983
3876 3342 3036
3126 3831 3050
2972 3627 3500
3082 3469 3561
2898 3692 3556
2997 3508 3554
2933 3686 3502
3038 3499 3562
2759 3689 3452
2823 3660 3529
2880 3774 3626
3186 3273 3861
3206 4068 3048
3596 3067 3650
3712 3864 2941
4025 3404 3068
3045 3724 3634
2977 3688 3682
3141 3623 3674
3996 3455 3189
3780 3084 3512
3322 3365 3795
3733 3121 3542
3475 3927 3233
3832 3703 3131
2941 3756 3606
3742 3803 2986
3929 3537 3157
3443 3966 3207
3503 3941 2966
3718 3346 3418
3236 3354 3820
3370 3958 3216
3299 4003 3042
3342 3988 3247
3423 3399 3595
3336 3489 3763
3549 3151 3666
3231 4040 3051
3798 3525 3383
3386 3417 3702
3530 3919 2959
3449 3912 3254
3916 3517 3286
3570 3812 3115
2880 3774 3626
3336 3489 3763
3959 3478 3093
3177 3579 3726
3276 3504 3666
3856 3431 3339
3953 3502 3132
2994 3660 3653
3560 3607 3427
3434 3950 3292
3397 3382 3657
3641 3914 3027
3760 3289 3457
3607 3335 3564
3781 3569 3380
3562 3213 3588
3659 3900 3013
3659 3900 3013
3950 3370 3253
3869 3652 3114
3310 3298 3834
3874 3583 3181
3261 4045 3017
3694 3226 3579
3038 3781 3598
3141 3623 3674
3607 3335 3564
3633 3342 3499
3701 3887 2944
3766 3592 3300
3972 3469 3080
3825 3417 3373
3177 3579 3726
3745 3243 3533
3651 3339 3476
3817 3425 3355
3896 3555 3323
3376 3380 3712
3160 3890 3487
3513 3279 3627
3901 3383 3319
3596 3067 3650
3775 3225 3427
2941 3756 3606
3038 3781 3598
3809 3729 3169
3310 3298 3834
3866 3657 3099
3343 3439 3598
3624 3135 3636
3246 3666 3497
3246 3666 3497
3898 3572 3312
3926 3602 3175
3972 3469 3080
3752 3599 3276
3206 4068 3048
3798 3525 3383
3763 3285 3485
3206 3804 3580
3695 3856 3018
3542 3173 3664
3754 3229 3489
3542 3173 3664
3655 3184 3599
3235 4016 3106
3752 3599 3276
3711 3313 3486
3711 3313 3486
3922 3413 3298
3624 3135 3636
3235 4016 3106
3729 3837 2971
2994 3660 3653
3826 3444 3348
3896 3555 3323
3542 3254 3613
3573 3188 3600
3542 3254 3613
3744 3296 3421
3729 3837 2971
3809 3729 3169
3702 3832 3047
3883 3539 3331
3592 3270 3571
3573 3188 3600
3209 3740 3587
3261 4045 3017
3209 3740 3587
3883 3539 3331
3592 3270 3571
3695 3856 3018
3241 4029 3039
3241 4029 3039
3817 3425 3355
3859 3653 3231
3161 3871 3489
3141 3623 3674
3902 3264 3307
2941 3756 3606
3883 3539 3331
3319 3804 3469
3319 3804 3469
3957 3366 3227
3162 3863 3441
3624 3135 3636
3729 3837 2971
3733 3340 3445
3517 3879 3230
3902 3433 3298
3162 3863 3441
3571 3199 3624
3745 3243 3533
3571 3199 3624
3702 3832 3047
3571 3199 3624
3902 3264 3307
3821 3470 3348
3517 3879 3230
3972 3469 3080
3162 3863 3441
3209 3740 3587
3241 4029 3039
3376 3380 3712
3754 3229 3489
3206 3804 3580
3745 3243 3533
3821 3470 3348
3517 3879 3230
3141 3623 3674
3821 3470 3348
3449 3912 3254
3310 3298 3834
3733 3340 3445
3209 3740 3587
3542 3254 3613
3592 3270 3571
3902 3264 3307
3957 3366 3227
3376 3380 3712
2880 3774 3626
3038 3781 3598
2941 3756 3606
3745 3243 3533
3343 3439 3598
3902 3264 3307
3702 3832 3047
3733 3340 3445
3694 3226 3579
3869 3652 3114
3659 3900 3013
3596 3067 3650
3821 3470 3348
3241 4029 3039
3957 3366 3227
2880 3774 3626
3624 3135 3636
3752 3599 3276
3206 3804 3580
3209 3740 3587
3206 3804 3580
3162 3863 3441
3343 3439 3598
3571 3199 3624
2880 3774 3626
2880 3774 3626
2880 3774 3626
2880 3774 3626
2880 3774 3626
2880 3774 3626
2880 3774 3626
2880 3774 3626
2880 3774 3626
2880 3774 3626
2880 3774 3626
2880 3774 3626
2941 3756 3606
2941 3756 3606
2941 3756 3606
2941 3756 3606
2941 3756 3606
2941 3756 3606
2941 3756 3606
2941 3756 3606
2941 3756 3606
2994 3660 3653
2994 3660 3653
3038 3781 3598
3038 3781 3598
3038 3781 3598
3038 3781 3598
3038 3781 3598
3038 3781 3598
3141 3623 3674
3162 3863 3441
3162 3863 3441
3177 3579 3726
3177 3579 3726
3206 3804 3580
3209 3740 3587
3209 3740 3587
3246 3666 3497
3246 3666 3497
3261 4045 3017
3261 4045 3017
3310 3298 3834
3310 3298 3834
3310 3298 3834
3310 3298 3834
3310 3298 3834
3310 3298 3834
3343 3439 3598
3376 3380 3712
3376 3380 3712
3542 3254 3613
3542 3254 3613
3542 3254 3613
3571 3199 3624
3571 3199 3624
3573 3188 3600
3573 3188 3600
3592 3270 3571
3592 3270 3571
3592 3270 3571
3592 3270 3571
3596 3067 3650
3596 3067 3650
3596 3067 3650
3596 3067 3650
3596 3067 3650
3596 3067 3650
3624 3135 3636
3624 3135 3636
3624 3135 3636
3624 3135 3636
3624 3135 3636
3624 3135 3636
3711 3313 3486
3711 3313 3486
3711 3313 3486
3729 3837 2971
3733 3340 3445
3745 3243 3533
3745 3243 3533
3798 3525 3383
3798 3525 3383
3798 3525 3383
3798 3525 3383
3809 3729 3169
3809 3729 3169
3821 3470 3348
3821 3470 3348
3821 3470 3348
3902 3264 3307
3957 3366 3227
3972 3469 3080
2941 3759 3589
3182 4023 3004
3210 3283 3808
3487 3935 2889
3591 3108 3629
3921 3333 3270
3700 3310 3458
3849 3464 3331
3258 3358 3724
3363 3378 3591
3849 3569 3260
3479 3268 3617
3827 3685 3076
3883 3424 3304
3270 3221 3772
3077 3611 3571
3800 3640 3181
3316 3835 3166
3282 3990 2997
3337 3931 3118
3682 3161 3488
3058 3776 3546
3859 3633 3106
3579 3179 3558
3812 3636 3199
3010 3665 3549
3602 3131 3612
3327 3872 3151
3559 3887 2973
3691 3815 3030
3540 3235 3479
3487 3810 3191
3195 3974 3048
3676 3866 2918
3563 3823 2987
3537 3175 3603
3654 3148 3571
3822 3602 3179
3010 3665 3549
3195 3974 3048
3057 3580 3595
3043 3635 3600
3506 3230 3585
3502 3897 2955
3631 3158 3548
3852 3444 3295
3487 3935 2889
3502 3897 2955
3542 3908 2918
3064 3638 3580
3331 3443 3589
3487 3935 2889
3542 3908 2918
3640 3144 3584
3542 3908 2918
3542 3908 2918
3058 3776 3546
3852 3444 3295
3640 3144 3584
3058 3776 3546
3487 3935 2889
3487 3935 2889
3487 3935 2889
3487 3935 2889
3487 3935 2889
3487 3935 2889
3542 3908 2918
3542 3908 2918
3640 3144 3584
3640 3144 3584
3640 3144 3584
2876 3750 3567
3237 3974 2938
3246 3184 3711
3530 3907 2905
3534 3025 3627
3914 3289 3180
3821 3461 3309
3678 3227 3410
3822 3362 3243
3738 3614 3114
3782 3571 3123
3898 3270 3195
2925 3681 3566
3363 3292 3555
3027 3551 3594
3108 3948 3035
3077 3895 3062
3447 3681 3017
2919 3731 3495
3618 3095 3581
3819 3544 3215
3241 3207 3689
3818 3595 3095
3497 3869 2932
3638 3792 2946
3215 3314 3702
3581 3136 3572
3159 3929 2991
3031 3721 3528
3205 3930 2978
3161 3937 2955
3602 3146 3503
3387 3810 2955
2895 3759 3550
3387 3810 2955
3523 3164 3543
3496 3149 3585
2912 3701 3543
2876 3750 3567
3056 3697 3543
3512 3155 3580
3055 3547 3550
3504 3162 3574
2925 3681 3566
3496 3149 3585
3387 3810 2955
2925 3681 3566
3387 3810 2955
3387 3810 2955
2761 3557 3559
3104 3935 2980
3378 3890 2873
3531 3086 3552
3821 3384 3306
3661 3159 3383
2992 3715 3466
3614 3110 3388
3474 3838 2895
2892 3756 3518
2850 3745 3531
3498 3144 3493
3463 3846 2886
2885 3735 3534
3504 3868 2880
2738 3747 3442
2749 3654 3534
3057 3930 2975
3457 3786 2779
3817 3344 3306
3392 3773 2851
2849 3573 3528
2899 3689 3400
2846 3663 3511
2828 3632 3505
