0 0.0271464
14661 15110
14712 14173
14262 14966
14445 14230
14354 14885
14031 14955
14421 14130
14132 14669
14280 14327
13352 14922
14354 13656
13773 14843
14334 14106
14124 14532
14274 14285
14014 14652
13875 14816
13229 14664
14172 13835
13996 14648
14094 14345
14011 14474
14046 14440
13631 14644
14098 13798
13996 14579
13759 14632
14028 14309
14032 13934
13572 14638
14068 13698
13702 14607
14009 14110
13927 14563
13950 14515
13962 14266
14000 14168
13974 14241
13521 14617
13983 13733
13980 14037
13656 14541
13778 14506
13948 14381
13939 14497
13402 14612
13972 14025
13843 14479
13519 14548
13941 14355
13918 14457
13512 14581
13935 14373
13419 14495
13968 13936
13728 14462
13931 14183
13965 13955
13810 14396
13873 14268
13766 14436
13914 14242
13696 14458
13947 13766
13806 14285
13761 14334
13864 14229
13903 14186
13929 13974
13707 14386
13916 14034
13923 14021
13531 14445
13927 13880
13658 14418
13824 14102
13900 14057
13686 14321
13919 13988
13563 14419
13758 14291
13766 14166
13775 14146
13735 14307
13269 14396
13915 13674
13885 13877
13536 14387
13771 14077
13844 14015
13734 14229
13893 13687
13699 14300
13642 14314
13577 14369
13595 14330
13612 14328
13156 14379
13831 13802
13614 14301
13723 14219
13407 14374
13440 14366
13818 13972
13744 14057
13822 13815
13628 14239
13771 14018
13201 14365
13813 13955
13427 14339
13555 14277
13722 14176
13658 14219
13743 14031
13761 14012
13669 14179
13744 14017
13102 14365
13803 13747
13417 14293
13118 14361
13680 14135
13788 13925
13549 14194
13686 14003
13727 13948
13482 14216
13460 14277
13465 14251
12949 14328
13766 13854
13370 14289
13677 14058
13478 14214
13645 14128
13516 14161
13695 13926
13756 13876
13744 13912
13734 13916
13333 14284
13765 13489
13720 13889
13671 14052
13753 13585
13629 14093
13429 14212
13519 14124
13740 13741
13729 13747
13475 14203
13496 14152
13636 14076
13431 14210
13512 14129
13117 14256
13741 13458
13720 13713
13302 14253
13678 13802
13664 13990
13469 14080
13376 14179
13327 14215
13557 14070
13702 13762
13433 14152
13462 14150
13644 14030
13610 14036
13594 14061
13582 14069
13148 14220
13714 13443
13300 14211
13460 14121
13711 13713
13491 14035
13643 14026
13661 13929
13680 13751
13046 14206
13699 13192
13690 13602
13420 14121
13176 14128
13661 13777
13481 14023
13641 14016
13172 14171
13625 14019
13681 13654
13432 14044
13430 14068
12920 14185
13649 13508
13167 14131
13570 14013
13647 13700
13379 14098
13631 13850
13629 13956
13332 14119
13337 14106
12787 14165
13630 13836
13294 14114
13621 13942
13087 14121
13439 14001
13356 14069
12916 14143
13378 14022
13544 13958
12993 14129
13548 13949
13240 14085
13624 13611
13386 13982
13602 13939
13619 13859
13330 14066
13334 13999
13346 13985
13612 13901
13608 13904
12860 14076
13620 13395
13606 13748
13540 13936
13311 14018
13084 14061
13595 13933
13191 14060
13310 14055
12779 14043
13593 13726
13295 14010
13579 13853
13328 13928
13452 13920
13578 13890
13206 13984
13588 13707
13570 13792
13536 13882
13326 13914
13269 13963
13424 13892
13417 13913
13233 13975
13033 13977
13588 13438
13547 13715
13285 13903
13548 13440
13529 13880
13209 13958
13131 13967
13532 13859
13115 13961
13566 13247
13543 13704
13548 13288
13368 13867
13234 13899
13272 13895
13468 13862
13532 13810
13512 13852
12970 13961
13565 12934
13554 13037
13525 13664
13332 13839
13212 13851
13461 13833
13070 13944
13141 13861
13511 13768
13482 13772
13524 13689
13100 13921
13105 13886
13135 13882
12966 13958
13516 13466
13273 13831
13083 13912
13506 13635
13407 13830
13070 13934
13468 13758
13492 13713
13459 13828
13505 13656
12918 13952
13506 13415
13046 13921
13449 13746
13362 13823
13468 13434
13408 13820
12755 13948
13462 12981
13041 13864
13446 13699
13352 13823
13400 13747
13401 13703
12991 13845
13446 13649
13269 13823
13376 13665
13371 13724
13370 13746
13349 13793
13328 13801
13420 13659
12556 13842
13443 13470
12732 13812
13420 13621
13338 13719
12987 13806
13215 13801
13350 13644
13061 13803
13323 13780
13313 13787
13361 13628
13018 13792
13423 13383
13280 13759
13420 13587
13128 13774
13338 13686
13357 13619
13074 13778
13384 13598
12980 13787
13419 12754
13413 13556
13119 13769
13248 13735
13360 13561
13317 13607
13275 13705
13309 13670
12905 13777
13404 13446
13101 13760
12922 13763
13400 13543
13142 13714
13224 13642
13197 13691
13351 13556
13302 13597
13291 13623
12871 13776
13404 13217
13289 13623
13318 13499
13122 13683
13385 13366
13014 13750
13390 13251
13073 13739
13028 13741
12721 13750
13349 13110
13289 13511
12959 13733
13274 13594
13126 13613
13062 13711
13070 13650
12888 13722
13340 13087
13286 13442
13274 13591
13043 13634
12983 13669
13022 13649
12882 13650
13271 13577
13039 13616
12974 13634
12571 13641
13233 13435
13195 13574
12941 13632
13019 13613
12946 13617
12797 13606
13217 13397
13143 13548
12957 13586
13133 13562
12937 13605
12875 13568
13195 13359
13134 13482
13001 13540
12883 13555
13082 13508
13055 13539
13027 13536
13190 13329
13066 13379
13117 13330
12899 13530
13180 13319
13014 13378
12922 13461
12910 13523
12822 13517
13160 12989
13098 13126
12970 13339
13074 13281
12904 13439
12837 13485
12606 13445
13058 13246
12926 13336
12694 13418
12972 13256
12567 13379
13045 13214
12814 13326
12873 13265
12713 13264
13020 12867
12945 13037
12982 12969
12924 13175
12807 13188
12849 13178
12590 13245
12901 13095
12690 13149
12900 13143
12634 13206
12462 13231
12897 13139
12456 13231
12880 13059
12811 13128
12642 13105
12875 12711
12792 13037
12557 13072
12748 12994
12697 13004
12734 12987
12712 12948
12456 12863
