7 1.26201
14476 15714
15195 15033
15060 15324
14916 15434
14515 15581
14781 15540
15062 15142
14806 15492
15063 15050
14515 15581
15063 15050
14321 15654
15082 14777
14387 15550
15050 15087
14627 15522
14942 15276
14852 15378
15001 15254
14647 15472
14746 15471
15007 15155
14835 15433
14801 15464
15039 15142
14339 15611
14322 15625
14339 15611
14229 15631
15053 14772
15053 14772
14819 15426
14347 15484
15024 15103
14892 15269
14836 15368
15016 15139
14969 15253
14341 15524
14290 15586
14275 15599
14969 15253
14241 15598
15032 14748
14743 15408
14336 15496
15013 14776
15007 15124
14931 15209
14835 15311
14839 15235
14752 15351
14967 15130
14304 15517
14289 15586
14289 15586
15007 15124
14215 15594
15004 15120
14588 15401
14332 15481
14904 15190
14279 15557
14661 15370
14962 15125
14292 15503
14813 15246
14751 15281
14857 15203
14715 15292
14814 15212
14698 15331
14698 15331
14742 15283
14999 15123
14257 15557
15002 15076
14533 15391
14321 15411
14822 15189
14753 15219
14615 15323
14935 15123
14901 15157
14279 15554
14962 15099
14290 15478
14859 15166
14747 15261
14674 15311
14697 15265
14583 15353
14690 15295
14308 15454
14320 15443
14583 15353
14290 15478
14267 15555
14290 15478
14242 15554
14983 14823
14982 15044
14417 15391
14683 15292
14570 15325
14320 15440
14257 15552
14295 15453
14515 15371
14775 15189
14903 15066
14740 15222
14566 15350
14831 15157
14699 15261
14715 15232
14861 15112
14465 15390
14821 15167
14893 15069
14465 15390
14884 15101
14305 15448
14861 15112
14884 15101
14821 15167
14229 15534
14966 14931
14434 15383
14645 15290
14950 15038
14249 15509
14282 15428
14331 15391
14735 15174
14867 15092
14783 15142
14808 15112
14694 15259
14896 15052
14288 15395
14734 15215
14717 15219
14682 15277
14880 15058
14665 15282
14801 15126
14801 15126
14880 15058
14717 15219
14717 15219
14231 15507
14949 15035
14251 15403
14397 15336
14403 15296
14582 15279
14234 15481
14858 15057
14744 15133
14727 15185
14644 15246
14846 15090
14593 15275
14938 15036
14802 15103
14780 15120
14715 15216
14676 15233
14719 15212
14668 15237
14582 15279
14676 15233
14938 15036
14949 15035
14132 15502
14132 15502
14948 15027
14247 15401
14484 15271
14824 15088
14732 15111
14233 15443
14726 15178
14555 15266
14214 15491
14718 15204
14591 15249
14598 15235
14212 15496
14674 15207
14672 15222
14638 15223
14638 15223
14212 15496
14128 15497
14947 14840
14239 15323
14444 15270
14921 15024
14232 15413
14518 15222
14641 15219
14212 15484
14821 15058
14706 15204
14925 14955
14480 15259
14709 15142
14929 14904
14729 15092
14941 14884
14792 15073
14711 15124
14763 15085
14763 15085
14711 15124
13874 15480
13874 15480
14919 14999
14379 15236
14219 15324
14693 15117
14076 15475
14541 15209
14691 15192
14216 15405
14182 15467
14608 15199
14780 15073
14212 15441
14840 15002
14796 15036
14792 15055
14885 15001
14780 15073
14111 15466
14917 14775
14295 15221
14549 15196
14908 14981
14691 15152
14775 15073
14216 15302
14834 14987
14775 15073
14209 15429
14210 15342
14626 15191
14159 15456
14178 15451
14843 14984
14656 15182
14216 15302
14683 15181
14689 15169
14689 15169
14683 15181
14121 15442
14121 15442
14909 14668
14592 15191
14208 15373
14907 14771
14906 14932
14833 14983
14775 15033
14909 14668
14685 15110
14662 15174
14726 15066
14155 15398
14622 15188
14124 15433
14871 14980
14672 15137
14160 15381
14905 14951
14746 15058
14199 15380
14762 15044
14895 14968
14895 14968
14764 15037
14674 15119
14674 15119
14734 15059
14199 15380
14208 15373
14775 15033
14734 15059
14775 15033
13936 15441
14909 14594
14266 15190
14888 14962
14506 15178
14206 15355
14823 14981
14088 15434
14131 15365
14721 15062
14682 15109
14762 15038
14107 15430
14605 15170
14524 15176
14669 15127
14632 15147
14888 14962
14187 15359
14762 15038
14618 15163
14093 15432
13921 15439
14884 14639
14876 14688
14869 14932
14199 15224
14317 15174
13998 15409
14815 14963
14435 15170
14570 15167
14750 15037
14193 15288
14081 15398
14083 15364
14650 15119
14377 15171
14134 15330
14136 15313
14665 15074
14619 15142
14717 15060
14593 15147
14681 15064
14730 15038
14837 14937
14837 14937
14869 14932
14018 15388
14018 15388
14869 14884
14531 15165
14163 15246
14028 15329
14111 15310
14637 15116
14764 14960
14158 15278
14717 15049
14828 14912
14652 15071
14750 15006
14682 15054
14750 15006
14640 15102
14869 14884
14809 14940
14812 14938
14013 15344
14860 14055
14858 14784
14451 15162
14141 15168
14741 14946
14056 15305
14692 15034
14604 15103
14525 15117
14137 15274
14613 15062
14521 15157
14788 14932
14810 14895
14677 15054
14138 15265
14855 14863
14025 15312
14850 14877
13954 15335
14843 14648
14058 15264
14226 15162
14831 14845
14675 15043
13955 15317
14692 14941
14348 15157
14471 15137
14368 15142
14616 15045
14594 15091
14778 14908
14489 15108
14723 14929
14544 15092
14807 14892
14819 14862
13890 15254
14817 14800
14450 15113
14363 15139
13988 15207
14675 14907
14575 15077
14098 15161
14664 15004
14175 15141
13987 15252
14777 14853
14786 14808
14762 14889
14746 14904
14585 15052
14663 15016
14608 15026
14143 15145
14120 15156
14591 15030
13972 15215
14800 14577
14361 15138
14752 14859
14780 14710
14765 14754
14671 14897
14486 15073
14417 15106
14568 15059
14663 14954
14643 15004
14587 15021
14618 15014
14327 15133
14783 14231
14776 14585
14660 14880
14749 14736
14595 14988
14409 15078
14473 15073
14354 15108
14736 14836
14707 14859
14524 15051
14567 15009
14534 15037
14564 15036
13953 15110
14736 14566
14279 15072
14724 14812
14463 15038
14691 14837
14590 14952
14527 15011
14555 14973
13893 15106
14684 14710
14266 15053
14673 14812
14408 14992
14601 14834
14579 14909
14540 14945
14469 14990
14525 14968
14248 15048
14650 14804
14462 14985
14538 14856
14476 14917
14448 14953
14624 14552
14606 14799
14612 14735
14438 14862
14594 14598
14458 14769
14585 14696
14432 14713
14539 14641
14085 14616
14527 14303
14318 14563
14202 14505
13957 15499
15155 14655
14640 15434
14877 15311
15106 14895
14996 15117
14954 15191
15008 14939
14712 15368
15079 14909
14664 15383
14642 15386
15008 14939
14649 15384
13635 15462
15155 14638
13813 15395
14579 15384
14905 15181
14995 14966
15089 14746
14696 15332
14843 15273
15006 14861
14660 15379
14785 15286
15025 14843
14579 15384
15025 14843
14796 15275
14540 15376
15081 14728
14842 15267
14851 15128
14699 15270
15019 14817
14984 14938
14867 14989
14660 15359
14989 14851
14583 15369
14887 14953
14690 15325
14881 14974
13770 15367
15017 14752
14138 15366
14829 15255
14839 14997
14615 15359
14867 14973
14976 14909
14979 14873
14683 15269
14681 15286
14644 15346
14979 14873
14644 15346
14169 15342
14999 14684
14316 15324
14837 14947
14606 15319
14828 15165
14971 14845
14987 14722
14785 15248
14932 14902
14823 15210
14683 15257
14630 15278
14666 15266
14950 14886
14828 15165
14999 14684
14950 14886
14059 15341
14998 14531
14474 15267
14827 14991
14821 15193
14978 14600
14965 14772
14708 15246
14933 14880
14614 15264
14831 14894
14830 14912
14757 15198
14633 15252
14986 14541
14960 14801
14934 14831
14757 15198
14948 14830
14965 14772
14615 15254
14988 14532
14988 14532
14998 14531
13870 15334
14980 14512
14609 15257
14057 15299
14962 14729
14811 15067
14858 14875
14980 14512
14017 15323
14783 15147
14712 15197
14947 14822
14784 15100
14698 15242
14892 14843
14944 14829
14708 15232
14876 14868
14888 14860
13967 15303
14962 14522
14130 15253
14660 15230
14810 14960
14834 14840
14942 14770
14961 14661
14739 15119
14953 14686
14788 15036
14004 15261
14759 15059
14707 15155
14898 14824
14696 15180
14666 15202
13968 15280
14898 14824
14004 15261
14766 15037
14961 14661
13863 15298
14958 14647
14116 15250
14602 15224
14892 14820
13910 15279
14807 14922
14937 14669
14934 14759
14648 15200
14686 15158
14730 15029
14900 14765
14695 15131
14786 15016
14789 14933
14729 15069
14719 15092
13903 15288
14786 15016
14719 15092
14789 14933
14807 14922
13537 15264
14947 14623
14536 15223
14021 15231
13952 15248
14781 14979
14875 14808
14806 14885
14804 14914
14712 15038
14638 15146
14931 14691
14685 15102
14711 15050
14947 14623
14920 14726
14552 15216
14622 15180
14910 14758
14666 15118
13952 15248
14021 15231
14611 15195
14883 14769
14928 14692
14806 14885
14878 14790
14611 15195
14878 14790
14677 15112
14677 15112
13952 15248
13864 15236
13864 15236
14940 14450
14401 15208
13994 15217
14917 14705
14781 14910
14932 14526
14762 14978
14701 15041
14543 15196
14791 14806
14905 14751
14608 15192
14685 15096
14845 14787
14932 14526
14940 14450
14642 15118
14616 15126
13952 15234
14816 14793
13952 15234
13994 15217
14616 15126
13885 15229
14921 14459
14382 15170
13995 15187
14911 14679
14767 14793
14592 15166
14895 14740
14600 15120
14695 15014
13948 15204
14844 14755
14756 14892
14665 15081
14638 15090
14699 15002
14741 14962
14754 14957
14486 15168
14759 14867
14486 15168
13887 15223
14825 14783
13975 15193
14825 14783
14665 15081
14759 14867
13818 15211
14909 14541
14352 15154
14039 15160
14591 15151
14900 14642
14743 14930
13833 15163
14752 14781
14615 15089
14684 14994
14662 15072
14895 14734
14829 14747
14809 14778
14696 14988
14733 14944
13823 15202
14889 14736
14752 14781
14656 15077
14733 14944
14696 14988
14656 15077
14895 14734
13708 15181
14905 14435
13806 15159
14503 15138
14895 14545
14891 14705
14776 14771
14736 14868
14649 15071
14650 14978
14579 15091
14837 14733
14727 14943
14736 14868
14565 15136
14649 15071
14684 14953
14577 15114
14675 14965
14790 14756
14727 14943
14808 14738
14794 14743
14650 14978
14649 15071
13597 15178
14890 14684
13786 15156
14455 15138
14727 14868
14688 14943
14644 15049
14744 14761
14619 15054
14561 15111
14724 14910
14835 14726
14552 15126
14846 14705
14889 14701
14797 14738
14781 14743
14757 14757
14692 14923
14708 14921
14559 15123
14552 15126
14559 15123
13616 15137
14888 14375
14301 15135
14881 14665
14734 14727
14713 14856
14615 15046
14544 15061
14660 14939
14435 15121
14709 14909
14430 15126
14301 15135
14809 14714
14670 14936
14567 15054
14827 14687
14858 14673
14823 14704
14823 14704
14868 14672
14858 14673
14868 14672
13968 15135
14878 14410
13993 15097
14387 15075
14869 14648
14699 14712
14681 14856
14610 14997
14623 14917
14423 15071
14531 15057
14800 14709
14664 14877
14852 14665
14565 15038
14770 14710
14558 15049
14860 14656
13871 15114
14865 14542
14470 15053
13941 15108
14610 14988
14756 14706
14649 14873
14679 14814
14529 15031
14847 14630
14800 14672
14659 14830
14835 14665
13631 15110
14859 14524
14518 15025
14167 15036
14578 14942
14621 14846
14675 14744
13850 15107
14052 15048
14730 14693
13924 15058
14573 14976
14671 14811
14778 14666
13918 15106
14832 14632
14843 14579
14808 14639
14650 14827
14843 14579
13808 15095
14857 14481
14219 15009
14568 14959
14710 14652
14656 14771
14425 14991
14589 14844
14293 14995
14805 14632
14833 14562
14648 14816
14816 14589
14609 14824
14828 14585
14608 14832
13805 15094
14857 14436
14323 14976
14568 14954
14626 14806
14646 14778
14697 14643
14338 14961
14823 14486
14794 14619
14820 14542
14807 14588
14707 14640
13770 15082
14801 14485
14285 14954
13790 15075
14684 14642
14592 14793
14434 14932
14477 14888
14531 14816
14790 14565
14743 14596
14767 14587
14783 14582
13702 15073
14783 14506
13860 14922
14472 14850
13756 15055
14586 14742
14755 14580
14521 14805
14646 14638
14648 14631
13706 15053
14775 14471
14448 14838
14519 14622
14672 14523
14605 14545
14553 14558
14542 14598
13786 14811
14763 14125
14399 14733
14751 14464
14447 14629
14546 14520
14607 14474
14585 14507
14070 14733
14727 13968
14394 14638
14699 14344
14584 14506
14624 14400
14203 14652
14129 14695
14188 14685
14110 14637
14623 14339
14490 14496
14335 14521
14129 14590
14622 14348
14037 14615
14416 14323
13954 14580
14282 14034
14024 14449
13940 14550
14223 13900
13612 14419
13892 14073
13465 14265
14513 15742
15586 14990
15062 15096
14743 15629
14875 15410
14943 15343
14589 15740
14974 15197
15028 15169
14529 15681
15303 14407
15209 14849
15044 14977
14765 15339
14729 15629
14918 15262
14966 15045
15215 14616
15252 14564
14741 15606
14916 15334
14998 15030
14765 15339
13849 15674
13849 15674
15202 14845
14922 14985
13940 15672
14498 15670
14733 15533
14796 15277
15076 14848
14889 15171
14682 15552
14517 15652
14844 15215
14809 15250
14806 15266
13886 15656
15182 14562
14420 15647
15179 14802
14652 15549
14780 15249
14512 15636
15012 14840
14679 15410
14881 15058
14912 14863
14899 14927
14679 15410
14888 15010
14842 15191
14821 15201
14842 15191
14842 15191
14403 15626
14403 15626
15181 14424
14661 15408
15119 14757
14538 15467
15158 14540
14879 15024
14773 15247
14899 14897
15007 14772
14810 15094
14504 15507
14481 15575
14446 15603
14909 14816
14942 14802
15177 14512
14782 15171
15000 14797
14773 15247
14795 15142
14799 15112
13793 15625
15181 14259
14341 15622
14646 15345
14503 15500
15128 14393
15116 14592
14821 15003
14704 15225
14893 14801
15181 14259
15102 14697
14992 14725
14868 14931
14452 15555
15059 14705
14808 15093
14868 14931
14980 14782
14419 15568
14771 15160
14726 15207
14930 14794
14785 15119
14365 15594
14960 14789
14754 15193
14387 15584
14764 15182
14380 15585
14795 15106
14795 15106
14795 15106
14760 15189
14760 15189
14387 15584
14330 15608
14330 15608
15110 14156
15106 14587
14637 15334
14455 15340
14793 15104
14838 14908
14413 15497
14666 15221
14904 14794
14841 14853
14452 15380
15033 14697
14396 15564
14712 15141
14762 15114
14348 15577
14698 15186
15074 14664
15083 14651
14988 14718
14938 14758
14920 14762
14972 14745
14972 14745
14979 14725
14979 14725
14324 15603
15094 14316
14414 15330
14600 15319
14792 14884
15091 14409
14837 14829
14730 15104
15087 14584
14400 15493
14884 14763
14633 15301
14640 15197
14770 15040
15043 14629
14765 15061
14683 15149
14650 15159
15070 14587
15029 14665
14950 14736
14330 15577
14992 14687
14362 15562
14965 14713
14912 14758
15005 14676
14384 15542
14683 15149
14770 15040
14376 15551
14396 15507
14912 14758
14959 14727
14396 15507
14245 15603
15074 14461
14533 15302
14399 15464
15007 14662
14768 14869
14718 15096
14761 14965
14636 15184
15056 14529
14811 14814
14898 14747
14557 15241
14309 15550
14587 15219
14277 15575
14756 15054
14811 14814
14357 15530
14632 15202
15056 14529
14971 14682
14904 14741
14723 15090
14961 14689
14385 15501
14937 14715
14937 14715
14360 15512
14374 15506
14756 15054
14636 15184
14898 14747
14723 15090
14093 15601
15066 13952
15062 14177
14531 15251
14399 15397
14266 15531
15042 14522
14164 15594
14753 14826
14999 14590
14752 14997
14670 15095
14630 15174
14336 15502
14886 14726
14556 15205
14805 14749
14959 14619
14769 14760
14604 15202
15042 14522
14940 14649
14725 15016
14916 14678
14368 15487
14717 15051
14906 14702
14375 15468
14392 15445
14715 15094
14803 14752
14891 14721
14715 15094
14394 15420
14394 15420
13876 15561
15066 13899
15041 14367
14528 15195
14750 14975
14357 15479
15045 13904
14867 14706
14071 15560
14163 15534
15031 14506
14290 15488
14972 14581
14708 15035
14544 15180
14623 15174
14623 15174
14631 15081
14304 15486
14692 15066
14662 15068
14357 15479
14941 14611
14907 14677
14925 14635
14920 14649
14639 15076
14942 14590
14887 14703
14893 14679
14889 14687
14942 14590
14290 15488
14631 15081
13807 15544
15027 14459
13934 15520
14268 15478
14356 15278
14722 14922
14449 15193
14344 15444
14572 15162
14729 14772
14613 15117
14471 15191
14643 15029
14958 14538
15010 14473
14749 14718
14697 15018
14904 14642
14862 14688
14902 14655
14937 14595
14808 14701
14945 14542
14729 14772
14327 15477
14775 14704
14713 14971
14854 14698
14937 14595
14663 15024
14713 14971
14337 15468
14599 15144
14599 15144
14344 15444
15011 14468
13931 15498
15023 14374
14395 15172
14265 15473
14342 15434
14722 14823
14747 14715
14704 14945
14591 15136
14522 15154
14951 14460
14606 14998
15022 14434
14936 14593
14937 14516
14793 14682
14644 14946
14899 14628
14322 15464
14856 14648
14852 14680
14615 14993
14550 15139
14208 15472
15021 14379
14394 15172
14337 15424
14707 14731
14987 14415
14930 14555
14674 14945
14699 14851
14446 15126
14831 14679
14866 14626
14500 15076
14245 15462
14915 14590
14608 14989
14588 15069
14543 15070
14313 15449
14596 14992
14835 14677
14315 15442
13944 15467
15013 13963
14679 14802
14222 15442
14824 14671
14994 14205
14585 14850
14353 15166
14332 15418
14974 14303
14569 15037
14928 14545
14419 15057
14386 15148
14863 14612
14482 15056
14948 14406
14908 14588
14551 15052
14951 14400
14272 15439
14294 15419
14287 15437
14218 15436
14978 14176
14371 15141
14328 15383
14577 14724
14553 14946
14918 14435
14439 15049
14846 14579
14647 14698
14739 14591
14928 14273
14693 14659
14876 14503
14255 15423
14728 14626
14514 14956
14862 14532
14480 15031
14500 14991
14946 14201
14935 14229
14247 15432
14486 15009
14945 14216
14174 15428
14954 14054
14474 15031
14544 14860
14355 15087
14904 14195
14321 15159
14301 15333
14250 15362
14804 14573
14709 14625
14665 14644
14564 14701
14836 14512
14900 14397
14948 14120
14894 14407
14562 14715
14830 14531
14681 14639
13719 15406
14919 14089
14143 15345
14330 15033
14628 14629
14466 15024
14510 14815
14294 15281
14898 14261
14487 14835
14887 14381
14817 14414
14904 14130
14239 15324
14696 14592
14813 14514
14713 14551
14788 14544
14268 15306
14185 15277
14894 14041
14490 14731
14440 14977
14680 14573
14740 14543
14876 14361
14276 14988
14884 14291
14275 15165
14235 15227
13969 15268
14876 14350
14418 14895
14639 14532
14104 15109
14223 15087
14707 14511
14310 14935
14375 14912
14669 14521
14398 14819
14871 14275
14550 14503
14684 14401
14855 14330
14362 14819
14863 14189
14462 14497
14654 14365
14792 14241
14184 14800
14840 14052
14461 14469
14656 14183
14510 14230
14468 14306
14444 14435
14727 13945
15241 16243
15363 16155
15256 16151
15319 16073
15319 16073
15137 16086
15303 16013
15169 16073
15299 16037
15133 16032
15267 15989
15182 16003
15144 16017
15218 15990
14811 16028
15143 15504
15003 16016
15097 15846
15134 15582
15046 15932
15051 15891
14965 16004
15070 15571
15020 15917
14931 16003
15068 15557
15013 15878
14956 15900
14736 15973
15033 15544
15012 15855
14927 15892
14891 15961
14805 15964
14805 15964
14913 15942
14916 15915
14891 15961
14915 15929
14833 15947
14833 15947
15027 14529
14998 15845
14983 15850
14904 15934
14897 15942
14821 15946
14979 15742
14887 15930
14911 15844
14967 15839
14900 15883
14973 15802
14970 15803
14973 15802
14973 15802
14713 15940
14972 15637
14814 15921
14750 15928
14855 15909
14966 15744
14929 15838
14891 15855
14957 15824
14865 15864
14961 15777
14722 15937
14966 15744
14706 15923
14970 15625
14947 15793
14843 15902
14878 15834
14919 15825
14944 15799
14845 15900
14857 15858
14867 15852
14919 15825
14857 15858
14645 15913
14947 15757
14666 15904
14807 15900
14839 15885
14852 15832
14937 15793
14901 15821
14906 15797
14870 15822
14811 15890
14832 15889
14852 15832
14906 15797
14807 15900
14657 15903
14941 15703
14931 15780
14803 15900
14899 15819
14831 15857
14855 15820
14823 15885
14803 15898
14934 15617
14925 15777
14897 15810
14828 15855
14858 15817
14858 15817
14816 15857
14812 15869
14812 15869
14648 15897
14925 15682
14923 15777
14730 15894
14924 15684
14892 15796
14795 15889
14860 15809
14805 15860
14821 15836
14860 15809
14821 15836
14800 15883
14815 15845
14808 15848
14800 15883
14808 15848
14925 15682
14669 15894
14924 15651
14918 15765
14785 15884
14811 15835
14802 15849
14894 15766
14814 15801
14815 15799
14849 15796
14798 15879
14849 15796
14872 15788
14879 15774
14872 15788
14879 15774
14798 15879
14879 15774
14770 15883
14770 15883
14919 15609
14917 15747
14886 15764
14914 15754
14810 15809
14867 15782
14835 15796
14798 15852
14801 15836
14806 15816
14851 15785
14840 15789
14792 15874
14780 15881
14792 15874
14780 15881
14859 15783
14835 15796
14859 15783
14917 15747
14774 15880
14917 15701
14905 15748
14865 15764
14804 15805
14827 15787
14793 15831
14813 15795
14790 15854
14912 15724
14912 15724
14846 15784
14791 15839
14782 15869
14858 15778
14782 15869
14862 15771
14851 15781
14864 15769
14846 15784
14851 15781
14865 15764
14846 15784
14846 15784
14751 15877
14914 15631
14896 15680
14894 15733
14863 15768
14781 15854
14787 15852
14879 15736
14790 15802
14826 15781
14913 15675
14852 15775
14818 15783
14802 15792
14913 15675
14879 15736
14852 15775
14797 15799
14799 15797
14825 15782
14790 15802
14551 15876
14551 15876
14913 14366
14911 15560
14668 15873
14689 15854
14778 15848
14848 15771
14905 15645
14813 15777
14787 15833
14898 15658
14879 15732
14794 15790
14860 15741
14887 15721
14796 15778
14813 15777
14893 15703
14853 15754
14880 15723
14893 15703
14860 15741
14856 15753
14796 15778
14856 15753
14672 15852
14894 15630
14761 15844
14777 15790
14888 15639
14770 15838
14794 15785
14887 15696
14874 15731
14874 15731
14887 15696
14847 15761
14834 15763
14817 15771
14847 15761
14817 15771
14817 15771
14874 15731
14662 15851
14894 15565
14881 15695
14768 15825
14684 15843
14868 15709
14794 15773
14849 15727
14830 15762
14724 15840
14757 15837
14832 15733
14808 15770
14730 15838
14794 15773
14713 15831
14892 14246
14890 14362
14876 15607
14728 15827
14758 15822
14808 15756
14792 15767
14860 15701
14768 15787
14780 15768
14843 15702
14870 15688
14839 15710
14874 15651
14892 14246
14822 15751
14827 15714
14823 15732
14827 15714
14822 15751
14827 15714
14892 14246
14700 15830
14876 15534
14870 15673
14757 15765
14753 15796
14737 15822
14859 15685
14792 15760
14814 15730
14831 15710
14722 15827
14837 15688
14807 15753
14703 15828
14812 15747
14793 15756
14836 15703
14679 15823
14870 15575
14704 15798
14780 15760
14752 15778
14814 15722
14869 15619
14729 15788
14835 15696
14791 15732
14854 15673
14860 15647
14737 15783
14795 15730
14818 15699
14848 15677
14864 15627
14824 15698
14861 15638
14848 15677
14861 15638
14848 15677
14614 15819
14859 15636
14662 15780
14747 15774
14814 15721
14637 15818
14839 15677
14795 15729
14854 15653
14779 15743
14756 15760
14773 15755
14847 15670
14843 15672
14843 15672
14592 15814
14857 15586
14622 15801
14740 15763
14846 15655
14854 15591
14812 15689
14828 15662
14771 15748
14754 15750
14800 15714
14780 15726
14786 15725
14798 15717
14538 15778
14850 15519
14616 15777
14843 15566
14842 15646
14684 15753
14726 15733
14703 15751
14807 15688
14808 15657
14760 15721
14787 15711
14748 15729
14799 15704
14829 15655
14558 15762
14850 15437
14840 15603
14841 15446
14674 15749
14822 15655
14699 15722
14807 15669
14735 15721
14748 15714
14775 15705
14679 15729
14795 15692
14790 15702
14666 15736
14839 15596
14815 15621
14716 15719
14793 15670
14771 15698
14671 15725
14805 15639
14739 15713
14802 15660
14751 15704
14760 15700
14667 15735
14700 15716
14838 15577
14764 15648
14799 15637
14757 15696
14739 15712
14810 15600
14825 15592
14676 15711
14838 15511
14798 15628
14813 15568
14751 15683
14732 15702
14633 15708
14826 15505
14773 15577
14764 15624
14715 15696
14743 15676
14732 15684
14665 15689
14822 14176
14794 15411
14691 15688
14731 15670
14785 15498
14755 15602
14744 15613
14754 15607
14631 15688
14778 14246
14761 15374
14684 15671
14709 15655
14632 15686
14740 15603
14754 15585
14760 15434
14741 15598
14616 15680
14736 15575
14727 15602
14696 15653
14649 15669
14678 15661
14640 15671
14681 15657
14605 15678
14718 15555
14650 15661
14525 15660
14670 15489
14648 15590
14607 15655
14667 15530
14642 15652
14618 15650
14659 15243
14641 15638
14637 15639
14574 15644
14650 14290
14639 15562
14589 15626
14616 15580
14610 15620
14536 15629
14640 14228
14638 15540
14599 15608
14527 15605
14636 15532
14487 15562
14607 15468
14578 15493
14603 15489
14425 15540
14562 15492
14128 15555
15406 15111
15246 15115
15090 15382
14509 15516
14920 15495
14996 15427
15018 15401
13943 15505
15387 14774
15064 15376
15344 15097
15363 15069
14889 15488
14547 15492
14344 15503
14940 15420
14402 15497
14332 15496
15361 15039
15048 15354
15201 15070
14871 15384
14609 15487
14609 15487
14361 15473
15339 14480
15308 14814
14838 15365
15137 15068
14541 15433
15023 15272
15247 14976
14487 15439
15192 15013
14977 15321
14938 15331
15224 14977
14938 15331
14963 15322
13908 15460
15286 14727
15078 15003
14967 15265
15230 14966
14227 15443
14739 15349
14534 15370
13909 15449
14896 15316
15104 14970
14381 15425
14439 15374
14933 15291
14410 15402
14381 15425
13909 15449
13894 15436
15247 14563
15031 14999
14953 15251
15229 14784
14726 15329
15234 14622
14926 15284
14104 15434
15160 14963
14541 15335
15224 14943
14469 15338
14212 15420
14372 15371
14284 15409
14361 15394
15224 14943
13972 15424
15218 14672
15000 14972
14949 15230
15204 14855
14331 15380
14139 15402
14723 15296
14483 15331
15137 14959
14841 15271
14531 15308
14924 15270
15187 14932
15187 14932
14519 15313
14924 15270
13902 15412
15209 14614
14940 14961
14936 15228
15184 14838
14644 15277
15095 14957
14899 15269
14290 15345
15168 14888
14141 15371
14471 15299
14377 15324
14078 15399
13924 15404
14422 15305
14107 15397
14912 15247
14912 15247
13918 15408
13936 15398
15196 14504
14421 15278
14857 15269
14950 14950
15176 14807
14936 15160
15054 14925
15150 14886
14062 15389
14905 15212
14127 15345
14216 15319
14365 15298
15176 14807
14312 15299
14863 15266
14142 15331
14250 15308
14924 15192
13904 15383
15174 14443
14327 15273
15149 14546
14804 15262
14928 15042
15148 14850
15032 14924
14850 15187
14218 15277
14180 15316
14087 15318
14827 15240
15119 14881
13964 15362
14028 15335
13956 15380
14042 15325
15138 14875
15119 14881
13865 15353
15136 14675
14789 15259
14816 15005
14296 15263
14974 14905
14811 15211
15074 14836
14915 14994
14165 15282
15106 14747
13957 15338
15096 14781
14110 15300
14296 15263
14016 15327
14800 15237
14027 15310
14811 15211
14027 15310
13650 15334
15121 14499
14263 15256
14695 15252
14789 15135
14852 14967
15073 14782
13959 15325
13663 15333
14755 15202
15109 14571
14129 15280
15077 14642
14077 15298
13963 15310
14889 14912
15077 14642
15047 14835
14967 14848
14931 14883
15047 14835
14892 14899
14960 14876
14965 14856
13938 15318
15117 14454
14727 15187
15075 14614
14784 15020
14513 15216
14285 15252
15069 14775
14407 15245
15096 14494
14062 15265
15044 14834
14869 14891
14936 14841
14818 14953
14828 14939
14912 14868
13959 15301
14056 15293
14056 15293
14062 15265
13958 15303
13959 15301
13617 15303
15075 14540
14689 15182
14756 14998
14718 15090
14451 15210
15068 14673
14040 15292
14821 14893
14211 15252
13945 15299
15039 14713
14963 14825
15036 14798
13755 15302
14390 15225
13755 15302
14868 14876
14910 14868
14348 15230
15016 14808
14279 15234
14265 15240
14910 14868
14265 15240
13902 15296
13902 15296
15067 14582
15031 14680
14666 15125
14691 14994
14745 14993
14414 15184
14789 14892
14607 15174
15025 14791
14126 15235
14034 15277
14952 14824
14264 15232
13920 15278
14856 14831
14812 14874
15005 14800
14828 14838
14288 15230
14612 15153
14058 15237
14342 15213
14058 15237
14342 15213
14370 15190
14370 15190
14612 15153
13801 15286
13801 15286
15031 14312
15021 14447
15007 14769
14655 15027
14739 14894
14545 15173
14346 15186
14021 15269
13817 15284
14123 15223
14587 15112
15031 14312
14034 15244
14874 14822
14228 15212
14969 14798
14801 14848
14789 14855
14877 14802
14300 15191
14263 15193
14584 15143
14992 14770
14230 15205
14584 15143
14877 14802
14969 14798
14789 14855
14801 14848
14992 14770
14230 15205
13998 15268
15007 14653
14397 15173
14965 14792
14123 15187
14562 15010
14814 14799
14994 14668
14535 15121
14689 14868
14636 14950
14112 15223
14718 14818
14007 15249
14631 14968
14525 15172
14701 14845
14528 15149
14525 15172
15007 14653
13976 15266
15007 14522
14064 15183
14432 15156
14530 15037
15004 14653
14601 14876
14690 14808
14892 14759
14457 15075
14815 14790
15007 14522
14601 14876
14022 15215
14956 14744
14761 14799
14456 15129
13991 15259
14956 14744
13991 15259
13715 15263
15000 14588
14206 15151
14599 14831
13984 15233
14439 15127
14768 14774
13983 15258
14452 15090
14526 14915
14955 14694
14980 14609
14465 14987
14508 14929
14834 14751
14485 14986
14916 14741
14953 14739
14814 14770
13984 15233
13901 15247
14997 14349
14072 15144
14378 15124
14977 14562
14826 14749
14467 14880
14710 14768
14431 14977
14951 14677
14601 14770
14422 15008
14498 14813
14389 15098
14936 14734
13970 15189
14980 14480
14989 14423
14018 15148
14531 14779
13924 15220
14944 14695
13642 15243
14988 14421
14356 14943
14039 15139
14456 14812
14875 14725
13908 15219
14259 15122
14617 14727
14344 15025
14973 14550
14947 14632
14904 14676
14967 14554
14581 14766
13941 15157
14343 15081
14519 14776
14476 14788
13918 15201
14921 14644
14322 15115
14602 14735
13925 15159
14324 15099
13721 15219
14955 14321
14462 14781
14340 15075
14612 14719
14947 14566
13883 15195
13979 15136
14119 15122
14863 14714
14253 15094
14508 14775
13723 15201
14885 14654
14907 14578
14316 15081
14867 14683
13609 15218
14946 14323
14429 14740
14340 15065
14774 14710
14048 15095
14927 14550
13824 15173
13758 15175
13958 15130
13624 15191
14884 14621
14843 14650
14829 14697
14889 14562
13961 15116
13747 15168
14920 14203
14241 15045
14651 14702
14907 14501
13997 15061
13924 15095
13827 15122
14721 14692
14882 14570
14812 14620
14804 14655
13793 15161
14897 14530
14902 14511
13761 15156
14849 14284
14225 15043
14509 14701
13983 15045
14706 14670
14848 14365
13829 15074
14748 14533
14740 14554
13749 15127
14565 14387
14313 14561
14119 14839
14067 15004
13821 15026
13613 15125
14346 14257
14218 14373
14038 14962
14012 14981
13950 14972
14007 14766
13717 14891
13726 14824
13500 14785
13614 14540
