8 3.4128
27500 29723 28906
27943 29967 28039
28382 29089 29012
28862 29515 27353
28992 28124 28436
29072 28414 27542
28970 28655 27684
29015 28523 27404
28607 28925 28931
27668 29548 28765
29005 28677 27616
28387 29841 27981
28159 29836 28202
28740 29265 28918
27587 29619 28861
28975 28239 28389
28032 29947 28195
28589 29406 28564
28331 29446 28722
28235 29392 28790
28000 29732 28750
28650 29436 28398
28180 29498 28673
28798 29055 28847
28494 29302 28599
28449 29385 29005
28041 29889 28389
28119 29595 28680
28975 28239 28389
27633 29844 28594
28953 29011 28568
28473 29584 28603
28939 29025 28907
28482 29363 28700
28397 29413 28779
28783 29270 28675
27402 29391 28905
27893 29821 28158
28122 29795 26399
28411 29073 28970
28924 28048 28351
28988 28590 27433
28211 29745 26700
28917 28380 28509
28739 29478 27210
28926 28710 27644
28944 28109 28278
27641 29680 28347
28120 29727 28043
28075 29767 26498
28986 28582 27573
27877 29223 28882
28003 29649 28188
28964 28660 27462
28681 28875 28795
28350 29413 28648
27586 29466 28553
28830 29000 28606
28458 29435 28493
28200 29597 27628
28020 29811 28133
27420 29507 28836
28436 29579 28533
28143 29301 28841
28507 29385 28234
27493 29353 28760
27485 29697 28301
28518 28996 28903
28643 28886 28764
27452 29481 28683
28755 29028 28608
28540 29365 28554
28113 29339 28717
28609 29145 28407
28628 29110 28283
28412 29175 28815
28605 29237 28416
28565 29255 28582
28704 29093 28672
28608 29047 28745
28379 29261 28654
28584 29035 28793
28753 29022 28628
28660 29107 28547
28612 29083 28719
28721 29103 28657
28404 29230 28621
28387 29306 28601
28605 29158 28714
28373 29308 28761
28369 29214 28838
28643 28886 28764
28600 29190 28703
28588 29221 28663
28566 28885 28839
28518 28996 28903
28371 29202 28904
28600 29190 28703
27120 29380 28717
27877 29785 27997
28129 28917 28881
28287 29514 26371
28792 27939 28450
28964 28377 27522
28653 29390 26915
27580 29573 28285
28104 29604 27398
28332 29406 26645
27282 29630 28161
27448 29345 28680
27377 29482 28377
28755 28601 27743
28477 28751 28806
28887 28299 28133
28855 28460 27591
28818 28596 27587
28870 28103 28445
28848 28668 27517
28652 28870 28719
28647 29054 28452
27983 29637 28157
28266 29534 26613
28907 28220 28206
28042 29713 26505
27913 29735 28049
28564 29215 28651
28529 29233 28527
28033 29750 26436
27920 29708 28033
28892 28194 28314
28149 29679 26473
28469 29277 28486
28230 29427 28404
28870 28103 28445
28778 28612 27720
28135 29578 27612
28422 29312 28522
28700 28941 28630
28245 29568 27472
28489 29010 28661
27313 29298 28849
28753 28260 28407
28405 29313 28494
28726 28913 28543
27333 29356 28775
28675 28989 28553
28056 29771 26396
28324 29513 28355
28486 29071 28712
28482 29154 28665
28920 28387 27596
28177 29103 28847
28208 29186 28736
28718 28967 27733
28855 28411 27594
28194 29127 28804
28064 29708 27407
28793 28398 27694
28357 29193 28652
28165 29540 27598
28217 29358 28611
28371 29188 28725
28905 28606 27582
28289 29328 28645
28071 29663 27527
28841 28264 28325
28318 29351 28583
28078 29115 28828
28892 28612 27531
28780 28207 28483
28472 28973 28755
28306 28932 28817
28793 28398 27694
28094 29220 28782
28252 29002 28824
28846 28200 28434
28136 29564 27588
28090 29373 28564
28240 29412 28536
28058 29747 26384
28198 29368 28561
28841 28264 28325
28309 29298 28659
28182 29406 28538
27144 29632 27933
28049 29685 26222
28251 28812 28821
28702 28023 28459
28900 28478 27424
27828 29628 27861
28073 29595 27292
28718 28290 28270
28151 29509 26687
27490 29490 28279
28771 28568 27702
27177 29515 28217
28011 29633 26378
27367 29492 28135
28797 28094 28425
27424 29450 28316
27962 29559 28018
28450 29277 28408
28544 29014 28614
28321 29479 26548
28423 29177 28612
28870 28046 28439
27949 29398 28303
28775 28487 27547
28403 28816 28712
28819 28092 28165
28650 28645 28686
28657 28935 28509
28436 29085 28435
28104 29370 27635
28381 29214 28606
28601 28753 28581
28255 29061 28710
28201 29510 26641
28614 28869 28556
28642 28723 28609
28132 29574 27401
27954 29623 28119
28017 29403 27663
28439 28797 28644
28156 29347 28530
28359 29244 28517
28588 28893 28574
28054 29387 28349
28713 28686 27485
28210 29343 28504
28316 28971 28632
28314 29463 27606
28811 28650 27436
28042 29608 27382
28282 29282 28643
28323 29382 26609
28236 29317 28623
28366 29300 28188
28343 29010 28618
28433 28897 28700
27990 29606 27512
28016 28853 28711
28074 29505 27500
28016 29470 27571
27983 29611 27493
28329 29309 28456
28024 29610 27470
28031 29629 27419
28026 29602 27481
27086 29315 28593
27998 29625 27337
28123 29531 26446
28248 29029 28669
28824 27929 28209
28122 29518 26796
27712 29378 28270
27327 29543 27977
28045 29518 27327
27263 29563 28116
28662 28123 27992
28652 28363 27939
28758 28502 27660
27813 29411 28014
28541 28979 28524
28642 28623 27339
28261 28824 28604
28799 28405 27392
27787 29552 27793
28218 29463 26618
28701 28012 28402
28410 29104 26511
28508 28852 28549
28162 29459 27572
27873 29535 27616
28703 28057 28232
28622 28878 28498
28440 29074 28301
28737 28094 28126
28648 28545 27881
28024 29129 28639
28066 29489 27369
28294 29195 28528
28308 28907 28575
28378 29058 28376
28750 28559 27450
28341 29046 28441
28747 27958 28311
28199 29257 28338
28734 28519 27651
28031 29591 27414
27768 29618 27927
27948 29284 28482
27915 29528 27581
27932 29467 27502
28645 28610 27436
28045 29341 28450
28200 29479 26480
28177 29487 26605
27756 29058 28651
28265 29225 28442
28004 29474 27498
28311 29218 28474
28045 29206 28605
28428 29056 28326
28629 28864 28485
28258 29109 28568
28244 29048 28572
28177 29279 28482
28177 29487 26605
27083 29533 27982
27258 29007 28628
27827 29618 26552
28178 29359 26393
28686 27825 28356
28755 28436 27401
28606 28408 28155
28582 28477 27142
27335 29183 28575
27820 29507 27480
27221 29581 27883
28083 29463 26679
27971 29323 27552
28373 29033 28342
28217 28674 28620
28153 29410 26465
28466 28693 28544
28573 28798 28421
28486 28781 28499
28257 28932 28493
27983 29574 26607
28143 29257 28477
28389 28843 28515
28027 29540 27405
28251 29119 28475
28117 29458 27542
28241 28971 28577
28045 29171 28543
28580 28471 27530
28376 28978 28406
28473 28876 28496
28173 29153 28511
28384 28911 28495
28175 29125 28502
28176 29029 28511
27327 29102 28540
28027 29537 26526
28092 29405 26490
28143 28851 28561
28655 27803 28127
28728 28414 27396
28467 27876 27863
27883 29181 27514
28116 29352 26842
27971 29520 27253
28545 28546 27696
28557 28663 27621
28377 28811 28487
27978 29428 26636
28251 29071 28100
28564 28490 27411
28226 29087 28003
28372 28897 28402
28054 29331 27351
28175 29048 28426
28049 29172 28218
27930 29447 27496
28043 29237 27382
27994 29392 26528
28439 28837 28396
28123 29138 28321
28231 28963 28420
27958 29140 28361
27960 29442 27459
28078 29126 28423
28235 29050 28418
28157 29100 28421
27666 29156 27598
27938 29525 26301
28009 29481 26174
28151 28767 28477
28588 28328 27377
28701 28380 27354
27938 29476 27019
28022 29181 26568
28237 28830 28230
27942 29145 28002
28198 28982 28256
28523 28462 27291
28436 28496 27651
28513 28543 27486
28413 28765 28273
28157 28721 28320
28000 29279 26301
27939 29426 27453
28089 29268 26500
28499 28428 27556
28093 29110 28227
28089 29057 28383
28460 28358 27611
28080 29073 28316
27958 29456 26538
27985 29097 28350
28113 29102 27633
27946 29498 26549
28093 28824 28267
27177 29045 28340
27882 29360 27268
27942 29238 26535
27999 28657 28430
28356 28169 28191
28619 28354 27212
27824 28927 28303
28341 28429 27765
28429 28363 27504
28395 28308 28097
28026 29086 28018
28018 28825 28367
28285 28503 28268
27930 29153 27434
28204 28560 27502
28145 28600 28233
28071 29016 28148
28084 28861 28304
27867 29356 27446
27904 29116 27452
27911 29051 28262
28045 29046 28262
27647 27829 28272
27834 29282 27307
27919 29130 26797
28397 28212 27400
28206 27905 27567
27890 29049 28124
27977 28556 28181
28378 28314 27425
28261 28288 27486
28031 29008 28139
27719 29155 27439
27951 28823 28143
27819 28921 28237
27982 29017 27314
27771 29224 27268
27903 28843 28130
28048 28172 27225
28175 28138 27428
27856 29022 27953
27983 28952 28007
27846 29046 28111
28024 28913 28053
27871 29034 27228
27748 29168 27087
27792 28827 28106
27886 28129 27259
27995 28824 27248
27860 28610 27790
27867 28560 27870
27826 29018 28103
27671 28859 27814
27689 28781 28029
27731 29158 27065
27917 28032 26901
27810 28039 26950
27700 28966 27340
27768 28961 27159
27620 28752 27257
27726 29111 27047
27722 28844 26986
27671 27822 26954
27753 28990 28466
28326 29890 27618
28565 28075 28886
29343 28011 28126
29475 29012 27013
29662 28314 27817
27856 29117 28447
29056 29620 27485
28566 29772 27209
29132 29493 27551
29611 28212 27973
28714 28259 28780
28799 28187 28545
28970 28988 28162
28804 28567 28217
29292 29456 27703
28667 28386 28236
28457 28529 28330
29074 28831 28109
29475 29012 27013
28537 29245 28178
29433 28319 27766
28560 29800 28059
29012 29765 27654
29391 29191 27673
28332 29395 28206
28514 28269 28351
28330 28746 28209
29650 28759 27611
28723 28461 28226
29014 28167 28171
29354 29396 28083
29392 28479 27635
28362 28292 28348
28326 29890 27618
28362 28292 28348
27101 29116 28435
28248 29824 27494
28360 28039 28837
29090 27736 28014
29394 28754 26784
29497 28476 27521
27320 29041 28444
27879 28626 28200
29397 27939 27665
27498 28994 28259
27750 28768 28400
29030 29472 27018
28487 28106 28734
28448 28382 28278
28132 29797 27534
28800 29610 27333
29045 27748 28000
29291 29229 27060
29260 29311 27147
28723 28714 27937
29209 29397 27589
28518 28257 28550
27591 29077 28209
28550 28240 28501
29351 29211 27286
28140 29640 27784
28901 28473 27903
29025 29460 27492
28538 28158 28648
28499 29716 27219
28477 28836 28076
28225 29683 27549
29154 29423 27641
29490 28509 27605
29356 28312 27739
28966 28432 28003
27792 28978 28150
29119 29238 27688
28223 29793 27762
28842 29468 27396
27655 28936 28430
29252 29330 27210
28576 29735 27180
28876 29256 27833
27677 29172 28185
28596 28892 27989
28313 28859 28088
28883 29512 27211
28652 28169 28618
28291 28960 28020
28309 29809 27391
27838 28926 28184
28854 28594 28155
28571 28202 28407
28980 27958 27984
29393 27972 27864
29064 29196 27849
28470 29476 27811
29069 28130 27925
29200 29143 27744
28537 28625 28094
28620 28190 28584
28247 29637 27738
28465 28409 28222
28680 27970 28402
28860 29503 27304
28865 28552 28124
28791 29071 27925
29173 28525 27765
29174 28021 27874
27842 28837 28253
28620 28190 28584
28865 28552 28124
29003 28112 27956
29087 29027 27765
28758 28477 28165
29252 29100 27760
29369 29160 27178
28747 28166 28168
28291 28404 28249
28296 28386 28277
29038 29330 27647
29370 28517 27303
29174 28021 27874
28454 29629 28013
28772 29169 27870
28285 29474 28018
29109 29152 27764
28554 27971 28619
29003 28112 27956
29496 28506 27395
28883 29512 27211
28842 29468 27396
28554 27971 28619
26930 29110 28108
28151 29677 27431
28332 27758 28629
29222 29285 26813
29234 27702 27713
29483 28038 27550
27287 28922 28297
27579 28810 28416
28673 27932 28393
28407 29479 27192
27929 28752 28081
29364 29062 26892
28591 28044 28542
28689 27871 28156
28925 27744 27939
28098 28203 28226
27312 28880 28277
28252 28278 28200
28338 29580 27913
28559 28078 28568
27529 28849 28338
27439 28903 28211
29293 29106 26971
27839 28620 28237
29354 28178 27682
28317 28357 28168
28209 29672 27603
28057 29595 27749
29242 27795 27708
28819 28567 28125
28257 29609 27271
29178 29283 27163
29108 29326 27582
29372 28413 27378
28868 28697 27795
28738 28838 27881
29182 29182 27519
29211 28920 27480
28456 28049 28600
28525 27988 28609
27686 28724 28300
28760 28522 28147
29335 29053 27011
29332 29005 27034
27471 29020 28181
28973 28848 27742
28349 28124 28263
29160 29205 27323
28232 29467 27997
27697 28950 28128
28352 29605 27103
29299 28430 27375
28833 29089 27829
28882 28446 27869
28858 28004 28012
28487 29674 27066
29145 29238 27262
29324 29094 27234
29058 27997 27856
28404 29346 27548
27808 28742 28164
29063 29401 27253
28771 29440 27402
28822 28479 28041
28637 28890 27846
28214 28165 28249
28615 29151 27862
28779 28385 28143
29124 29369 27417
27752 28796 28067
27711 28794 28139
27511 29152 28035
29223 28373 27753
28192 28733 28071
28376 28624 28068
29159 28660 27602
28364 28684 28035
27752 28761 28193
29256 29192 27079
29134 29397 27379
29119 29220 27423
28963 29459 27292
28963 29459 27292
29214 28668 27587
29168 29198 27393
28228 28771 28045
29224 29009 27246
27686 28724 28300
28349 28047 28614
29256 29192 27079
28228 28771 28045
29177 27752 27860
27078 28940 28174
28371 29601 26948
28384 27908 28450
28548 27770 28319
29202 29102 26542
29315 27844 27660
28002 29212 27924
28289 28290 28166
29175 29172 26737
28816 29437 27020
27267 28589 28333
29104 29205 26809
28299 29573 27889
27505 28890 28101
27807 28715 28084
29166 28205 27542
28484 28033 28391
27161 28801 28243
29243 28114 27432
27620 28839 28026
29164 28747 27502
28628 28529 27790
28876 28565 27666
29029 29354 27411
28732 28456 27946
27142 28939 27998
27768 28660 28116
28758 29385 27310
28985 29295 27447
28793 28345 27884
27560 28640 28301
27205 28905 28161
29287 28503 27185
27681 28671 28208
28592 29029 27567
29099 29068 27112
28655 28338 28144
29093 29345 27375
28418 27936 28438
28955 28725 27629
28765 29415 27058
28557 27959 28145
28762 28383 27763
28779 28885 27573
27690 28827 28110
29179 28985 27202
29098 29219 27231
28373 29403 27242
28494 28069 28358
28930 29292 27549
29096 29111 27521
28566 29385 27364
29302 29083 27109
28910 29324 27439
28931 28503 27727
27550 28692 28219
28686 28487 28066
29273 28093 27563
28523 27915 28291
28445 28588 27772
28473 28546 28034
27525 28921 28074
28764 28996 27739
28753 28365 27788
28709 28458 28051
28391 28462 28070
28775 28736 27639
28507 27931 28353
28518 27923 28302
26915 28829 28141
28103 29546 27718
28473 27800 28379
28496 27673 28294
29112 29116 26699
29286 29065 26922
27518 28746 28026
28739 28342 27848
27834 28050 28258
28291 29518 27726
27883 28988 27820
28626 29349 27233
29177 28950 26957
28444 27871 28270
28806 29230 27507
28889 27796 27674
29029 29281 26786
28724 28563 27570
27603 28832 27994
28199 28398 28067
28670 28912 27640
28804 29304 27252
29052 27937 27511
28933 29341 27055
28259 27882 28357
28491 28021 28167
28592 28465 27921
28967 29041 27437
28132 28512 28025
27734 28551 28041
27614 28629 27957
27648 28701 27952
27613 28603 28101
29099 29092 26759
29034 29109 27345
28481 27700 28234
28959 29325 27181
28470 28022 28231
28685 28435 28039
28999 29154 27369
28563 28475 28049
28572 28705 27694
28919 29259 27373
29140 29074 27102
27683 28472 28057
28476 27901 28235
29093 29152 27119
29146 28965 26952
29146 28915 27137
29076 28704 27432
29072 29270 27152
29082 29258 27173
28674 28359 28041
28644 29340 27107
28996 29265 27358
29076 28967 27346
27241 28811 27962
28150 29451 27600
28431 28010 28154
28806 27489 27463
29209 28932 26886
27621 28541 27701
28941 27507 27352
27279 28604 28009
28459 28299 27952
28254 29364 27339
27407 28831 27884
27500 28663 27964
28505 28430 27633
27539 28605 27796
29177 29028 26897
28577 29092 27453
28746 29264 27259
28543 28395 27942
29016 29118 27153
28859 29277 27100
28941 29322 27033
29132 29058 26955
28646 29221 27266
28976 29203 27305
28618 28421 27903
28919 29227 27216
29007 28893 27210
29025 29166 27099
29128 28931 26978
28443 28426 27826
29086 29099 27013
29059 28638 27264
28935 28891 27350
29033 29205 27018
28927 29173 27343
27338 28659 27840
27812 29426 27587
28026 27547 27972
28975 29120 26537
29169 28859 26850
29036 27855 27078
27540 28411 27785
28291 28601 27453
29033 28193 27222
28918 29225 26669
28210 29286 27305
28075 28418 27506
27491 28541 27876
28240 29316 27010
29007 29011 26972
27503 28461 27606
29161 29023 26892
28541 28227 27917
28462 28414 27705
28875 29176 27152
28695 29230 27136
28538 28293 27729
28722 29291 26851
28971 28909 27106
28390 28278 27904
28942 29153 27193
28521 29203 27272
28400 28240 27864
28901 29240 26879
28877 29060 27273
28973 29051 27085
27336 28608 27800
28105 29268 27054
28850 27717 27253
28857 29078 26631
29159 28943 26768
27536 28876 27349
28362 28021 27756
28415 28303 27542
28032 28506 27216
28696 28437 27209
27460 28651 27537
29000 28779 26931
28222 28319 27671
28931 27735 27220
28140 28362 27640
29118 28897 26883
28774 29224 26660
28897 29000 27079
27434 28493 27565
28707 29154 26810
28911 29038 26985
29138 28979 26752
28804 29085 26925
28778 29150 27046
28934 28943 26949
27321 28443 27513
28200 28017 27699
28742 29033 26857
28820 29017 26558
28915 27678 27128
29059 28798 26758
28322 28289 27486
28877 27881 26939
28838 28980 27049
28485 28837 26604
28707 27670 27105
28793 28998 26492
28825 28953 26402
28914 27658 27066
28679 28287 26976
28766 28668 26730
27992 28155 26960
28407 27531 27104
28630 27316 27000
28648 28955 26339
28867 27596 26989
28791 28651 26484
28720 28700 26413
28793 28938 26400
28465 27438 26953
28528 27345 26863
28777 28873 26398
28549 28561 26423
28704 27493 26862
28515 28677 26175
28396 29903 28187
28567 30125 28139
29181 29004 28805
29415 28493 27757
29490 28295 27917
29769 28460 27902
29336 28511 27809
29220 29393 28597
29241 29126 28413
28814 29792 28176
29164 29276 28697
28989 29396 28314
29097 29428 28192
28638 29639 28271
28607 29927 28003
29193 29197 28670
29466 28442 27974
28533 29627 28402
29292 28361 27982
29363 28473 27768
28424 29728 28354
28529 29742 28263
29312 28348 28042
29428 28304 28165
28463 29859 28264
28529 29837 28239
28614 29796 28058
28452 29688 28399
28555 29685 28346
28565 29702 28324
28612 29690 28192
28629 29909 28047
28538 29842 28186
28614 29796 28058
27848 28317 28792
28485 30032 27888
29475 28313 27812
29518 28261 27871
29445 28431 27946
29214 29065 28517
28905 29122 28646
28105 29368 28427
28769 29380 28213
28250 29787 28249
28704 29751 28064
29100 29119 28562
29070 29147 28361
28571 29843 27995
28980 29230 28453
28660 29501 28170
29061 29200 28601
28717 29556 28101
29013 29315 28407
29498 28297 27891
28550 29893 28112
28527 30011 28117
28443 29810 28209
29145 29261 28290
28492 29325 28314
28333 29717 28267
29150 29122 28475
29186 29194 28273
28565 29628 28218
28627 29875 27954
28641 29785 28161
28414 29677 28289
29166 29305 28257
28670 29730 28125
28346 29842 28218
28401 29728 28219
28565 29874 28139
28541 29544 28308
28597 29321 28238
28620 29522 28235
29069 29349 28232
28541 29701 28287
28521 29723 28260
28433 29807 28216
27561 28127 28709
27652 27640 28730
28459 29974 27899
29366 28188 27618
29473 28073 27875
28377 29769 28171
27818 27904 28594
28601 29428 27789
29158 28387 28174
29152 28812 28479
29327 28223 27674
28848 29154 28541
29269 28294 27781
28873 28925 28591
27734 27727 28624
28529 29509 28254
29375 27916 27889
29128 29052 28409
27612 28284 28659
28990 29263 28357
27711 27805 28631
29255 28163 27853
29061 28859 28448
29169 29152 27963
27818 27904 28594
28962 29302 28381
28921 29328 28194
28503 29938 28077
29057 29067 28300
28517 29843 27969
27703 28227 28690
28571 29776 28151
28496 29650 28202
28927 29173 28510
28510 29893 27830
28552 29829 28034
28419 29747 28169
29109 29212 28127
28552 29829 28034
28491 29652 28287
28472 29705 28231
29302 28226 27820
29016 29216 28106
28408 29688 28239
29043 29130 28528
29033 29192 28457
28994 29218 28209
28994 29154 28483
28849 29130 28538
29113 29206 28206
29045 29151 28480
27345 27935 28658
27709 27808 28593
28188 29968 27668
28853 29260 27160
29325 27928 27657
28908 28952 28435
29212 28180 27578
28674 29281 27211
29070 28430 28184
27906 28114 28551
29186 28287 27773
27513 28261 28657
28078 29290 28367
27776 28065 28569
28540 29768 28066
29292 28121 27673
28414 29458 28286
28768 29273 27815
28862 28997 28527
29110 28363 28092
28498 29375 28113
28235 29722 28124
28468 29869 27893
28463 29550 28272
27628 28145 28608
28612 29115 28412
28478 29652 28266
28359 29657 28155
28965 29213 28338
28819 29254 28194
29045 29151 28312
28383 29907 28033
28081 29965 27859
28477 29868 27993
29025 29039 28398
27563 28196 28581
28477 29868 27993
27554 28227 28563
28372 29948 27836
29074 28324 28269
28968 29245 28082
27729 28158 28574
28486 29910 27863
28863 29118 28389
27667 28072 28600
29017 29092 28381
28452 29675 28146
28446 29264 28298
28835 29222 28288
28368 29727 28106
29017 29092 28381
28474 29698 28121
27667 28072 28600
28363 29685 28124
27426 28114 28643
27756 27790 28566
28296 29893 27541
28758 29227 27137
29218 27911 27574
29156 28209 27539
28757 29154 27141
27989 27921 28484
28717 28808 28441
29038 28563 27820
28755 28981 28399
28241 29642 28188
27633 28261 28442
28972 28675 28343
29009 28405 27875
28516 29563 27926
28693 29219 28195
29185 28204 27672
27484 28033 28579
28993 28329 28022
28484 29751 27994
28371 29433 28235
28434 29667 28052
29096 28214 27693
28804 29085 28293
27747 28001 28564
28908 29066 28340
27892 28013 28494
27893 27986 28512
29176 28161 27757
27751 27830 28549
28403 29610 28086
27534 28079 28566
27785 28109 28491
28470 29340 28256
28386 29819 27878
28362 29504 28193
28777 29112 28359
27760 27971 28525
28318 29866 28033
28446 29762 27955
28260 29215 28276
28842 29077 28353
28290 29867 27769
28913 29119 28128
29071 28224 27921
28351 29838 27854
27783 28120 28474
29075 28137 28078
28886 29142 28207
29066 28252 28251
28923 29074 28262
28893 29100 28146
29090 28076 27855
28443 29354 28271
28462 29786 27843
27516 28098 28504
28279 29579 28212
28455 29608 28171
27501 28163 28565
28248 29886 27933
28285 29545 28256
28897 29128 27839
28478 29587 28182
28250 29587 28255
27758 28078 28542
28443 29354 28271
27373 28890 28375
27401 28109 28587
27708 27611 28555
28287 29851 27819
28513 29232 27089
29125 28005 27570
28684 29208 27206
28977 28525 27745
28748 28858 28381
28628 29212 27157
27974 29089 28281
28753 29137 27099
28065 29297 28263
28809 29012 28226
27605 27790 28519
27565 27900 28513
28092 29069 28353
28977 28371 27790
27483 27683 28561
27608 28299 28439
28869 28899 28319
28273 29763 27925
28345 29824 27663
27896 27940 28394
27754 27996 28472
27506 28073 28499
28989 28348 27719
28876 28445 28116
29058 28230 28117
28176 29447 28190
28300 29392 28233
27645 28226 28409
27821 27911 28486
29066 28174 27799
28321 29655 27970
28437 29540 28051
29120 28139 27757
28890 29084 28102
28699 28877 28324
28364 29303 28221
27695 27616 28538
28368 29773 27678
28300 29789 27862
28480 29620 27992
27701 27713 28498
28217 29618 28099
28291 29714 27997
27848 27925 28461
28230 29742 28010
28395 29762 27853
28307 29605 28036
27861 29460 28165
28182 29810 28032
28442 29434 28182
28241 29818 27983
28324 29468 28151
28307 29509 28154
27681 28162 28387
28351 29804 27718
28659 29078 28300
27657 28171 28395
28419 29756 27751
28649 29076 28302
27493 28146 28473
28405 29650 28034
28352 29533 28132
28749 29022 28226
28352 29432 28232
28363 29466 28137
28222 29458 28189
28440 29536 28048
27353 27632 28503
28162 29829 27589
28685 29127 27007
29102 27953 27661
28835 28802 28260
28397 29728 27359
28908 28371 27662
27801 28352 28372
27530 27989 28468
28593 29000 28178
28406 29541 27877
27881 29008 28222
28063 29786 27962
28591 29171 27080
28505 29159 27200
28919 28187 27680
29053 28153 27829
28978 28111 27978
28795 29073 27184
27848 27772 28424
28505 29163 27143
27865 28052 28315
28888 29041 28101
28278 29322 28182
27597 27801 28403
27561 27910 28422
28229 29745 27788
28424 29581 27719
28472 29009 28155
28810 29075 27040
28202 29478 28025
27714 27653 28470
28311 29688 27800
28122 29218 28213
28134 29785 27622
28358 29431 28176
27662 27675 28490
28133 29716 27959
29072 28116 27692
27645 28045 28398
28439 29277 28179
28433 29399 28170
28193 29586 28079
28389 29602 27999
28087 29723 28011
28393 29629 27969
27675 27663 28481
28229 29147 28206
28914 28185 28045
27545 28170 28393
28326 29701 27789
27584 27656 28493
27346 27896 28435
27619 27669 28466
28179 29741 27673
28527 29133 26791
29054 28050 27388
27465 28173 28271
28419 29193 26938
28738 28918 28061
28843 28568 27602
28085 29426 28024
27790 27789 28286
28881 28513 27737
28624 29016 27125
28992 28001 27440
28956 28049 27595
28589 29062 27085
28270 29363 28173
27512 27834 28466
28392 29297 27860
27669 27956 28366
28641 28973 28001
27742 27718 28404
27727 27786 28362
28314 29688 27788
28889 28063 27426
28325 29499 27728
28117 29643 27837
28295 29538 27901
28369 29588 27686
28192 29097 28193
28221 29560 27946
28192 29393 27966
28157 29627 27948
28719 29048 27086
28848 29037 27102
28725 28920 27409
27378 28009 28203
27570 27636 28447
28041 29738 27582
28790 28995 27001
28939 27962 27484
28719 28824 27967
28859 28194 27177
28855 28431 27714
28280 29335 27810
27704 27770 28239
27495 27659 28310
27931 29352 28059
27441 27768 28418
28217 29591 27586
28228 29366 27611
28094 29615 27861
28268 29143 27884
28072 29625 27799
27420 27900 28238
28265 29234 28168
28042 29453 27913
27972 29276 27995
27984 29440 27948
27956 29240 28102
27260 27852 28179
27327 27457 28362
28045 29605 27808
28440 28963 26958
28800 28133 27259
28685 28727 27957
28081 29561 27782
28040 29233 28120
27481 27721 28188
28240 29037 27003
28146 29233 27858
28246 28881 28003
27441 27759 28317
27462 27654 28199
27337 27682 28305
27433 27522 28294
28021 29240 27468
28423 28941 26951
27990 28698 27966
27369 27887 28114
28151 28745 27740
28089 28876 27253
27933 29114 28010
27639 28942 28070
27985 29234 27666
27423 27739 28159
27627 27714 28105
26903 27682 28077
27388 27414 28120
27626 28995 27836
28004 28698 26848
27131 28303 28028
27274 27973 28034
27181 27742 27865
27277 27271 27769
27953 29679 28649
28300 28958 29153
28419 30130 28156
29472 28681 27216
29639 28556 27824
28555 29679 27596
28468 29780 28137
28847 28785 28588
28988 29109 28267
28613 29666 27815
28055 29154 29018
29242 29062 28335
28549 29632 27996
29358 28941 28393
29092 28894 28546
28622 29613 28100
27995 29206 28862
28738 29364 28598
29130 29009 28368
28698 29471 28607
28332 29440 28665
28544 29281 28652
28817 29507 28401
28232 29043 28991
29259 29010 28347
29059 29098 28364
28903 29502 28541
28536 29730 28128
28264 29344 28852
29459 28910 28544
28104 29197 28889
28171 29610 28504
29071 28974 28422
28063 29633 28761
28422 29175 28748
28546 29630 28175
28153 29752 28447
28256 29031 28931
28586 29529 28597
28396 29565 28489
28406 28911 28834
28306 28920 28972
28319 29345 28696
28157 29126 28924
28169 29706 28543
28148 29351 28750
28542 29591 28348
28372 28915 28929
28156 29541 28579
28068 29742 28643
28903 29502 28541
28318 29355 28680
28394 29125 28883
28083 29553 28626
28386 29678 28166
28405 29671 28393
28083 29553 28626
28422 29175 28748
28157 29126 28924
27838 29246 28828
27899 28851 29031
28077 29977 28051
29436 28683 27218
29462 28517 27751
28993 29085 28007
29183 29034 27482
28729 29326 28534
28034 29722 28146
29114 28983 28012
29307 28877 28224
29182 28778 28504
28617 29578 27789
28328 29946 27609
29397 28814 27720
28376 29810 27887
28356 29936 28085
28118 28928 28975
28197 29153 28842
28593 29279 28596
28684 29434 28557
28006 29382 28711
29069 29053 28014
29409 28602 27918
27886 29582 28644
28394 29866 27667
28295 28831 28908
29176 28878 28501
28549 29607 27556
29252 28691 28345
29352 28649 28034
29422 28618 27833
28240 29199 28838
29035 29082 28288
28716 29344 28370
29254 28636 28250
29235 28942 28328
28394 29866 27667
28211 29496 28447
28142 29562 28342
28417 29829 27884
28069 29080 28857
28120 29671 28131
27979 29458 28732
28044 29336 28791
29183 28834 28392
29434 28567 27728
28562 29494 28472
28191 29214 28766
29336 28664 27745
28453 29565 28052
28374 29670 27971
28374 29527 28315
28476 29520 28369
27953 29606 28569
28276 29644 28254
29437 28553 27867
28170 29518 28560
28208 29225 28634
27937 29595 28614
29440 28542 27517
28262 29389 28560
28434 29655 27507
28579 29469 28296
28189 28874 29007
28344 28669 28723
28291 28610 28949
28215 28853 29002
28254 29671 28106
28581 29589 27546
28190 28857 28942
27991 29642 28557
28022 29668 28349
28033 29442 28615
29253 28948 28316
28125 29662 28480
29446 28526 27582
29446 28526 27582
28055 29603 28493
28067 29575 28609
28476 29520 28369
28423 29462 28487
28401 29619 28294
28401 29619 28294
28262 29655 28320
27991 29642 28557
27875 29197 28829
28089 28752 28955
28257 29910 28051
29365 28775 27335
29406 28294 27608
29367 28549 27806
28928 29021 28185
28658 29411 28460
29336 28711 27697
28505 29387 28540
29039 28930 28111
28557 29096 28596
27922 29291 28783
29284 28805 28194
29015 28988 27916
29135 28836 28482
28998 28959 28253
29166 28660 28416
28267 29787 28038
28431 29552 27561
29163 28950 27477
28458 29479 28389
28394 29614 28267
28308 29881 28003
27995 29279 28632
28204 28763 28896
28573 29523 27533
28636 29417 28306
29224 28901 27510
29395 28697 27597
28356 29858 27928
28143 29149 28840
28333 29741 27938
28355 29681 28047
28312 29765 27950
28041 29524 28496
28212 29197 28695
28644 29246 28520
28073 29637 28191
29157 28779 28330
28003 29198 28735
28113 29154 28755
27973 29226 28749
27987 29536 28357
28170 28869 28812
28414 29508 28302
29210 28753 28307
28110 29507 28425
29170 28906 27504
27950 29402 28574
28191 29136 28723
28179 29861 28080
28322 29486 28382
28159 29182 28719
27949 29624 28484
28192 28866 28827
29034 28914 28259
27980 29483 28560
28345 29409 28472
28239 29196 28716
29346 28778 27480
28174 29890 28070
28239 29196 28716
28174 29890 28070
29346 28778 27480
27500 29583 28297
27988 28752 28917
28207 29879 27999
29264 28717 27263
29364 28460 27691
27761 29502 28279
28508 29377 27462
28809 28887 28112
29049 28835 28344
28322 29540 28154
29166 28877 27310
28616 29264 28424
28617 29179 28484
29218 28806 27488
28236 28915 28644
28447 29300 28477
28914 28761 28376
27829 29038 28749
29186 28774 27584
29337 28598 27385
28112 29138 28736
28273 29713 27805
27924 29019 28835
29227 28629 27862
28875 28993 28048
27862 29454 28431
28222 29795 27962
28134 29831 28022
28291 29666 27820
27916 29407 28479
28048 29001 28808
29225 28500 27893
27796 29022 28791
27978 29491 28413
28368 29602 27958
28158 29187 28569
28261 28990 28560
29328 28576 27619
28265 29453 28341
29283 28601 27755
29357 28540 27718
28231 29631 27916
28153 28847 28734
28276 29331 28480
28321 29819 27630
28117 29473 28386
29273 28685 27791
28361 29568 28095
28074 29299 28498
28284 28725 28542
28196 29611 28075
28113 29184 28587
29313 28703 27294
29355 28475 27737
29193 28762 27932
29311 28553 27665
28342 29807 27684
28094 28899 28758
28086 29661 28075
29308 28621 27669
28163 28732 28682
28154 28719 28695
28083 28736 28824
28222 29296 28482
28257 29602 28091
29274 28669 27732
28223 28993 28675
28097 28707 28745
29274 28669 27732
27743 29093 28634
28086 28823 28702
28167 29822 27891
29287 28629 27246
29364 28409 27625
28648 28980 27985
28177 29384 28126
28850 28551 28341
29239 28608 27538
28422 29162 28462
28980 28802 28214
28017 29085 28680
28031 28920 28602
28495 29214 28402
28204 29755 27472
28244 29610 27799
29056 28731 27364
28308 29506 27783
27834 29473 28412
28258 29677 27635
29036 28684 27675
29109 28745 27288
27912 29436 28367
28913 28770 28260
27848 29122 28565
28317 29289 27964
27935 29261 28497
28326 29236 28392
28139 29772 27948
28126 28878 28482
29192 28663 27440
29315 28466 27643
28898 28821 28025
28217 29264 28328
28259 29562 28044
28489 29229 28247
28950 28467 28250
29085 28729 27659
28241 28762 28522
28101 29591 28067
29159 28649 27708
29147 28515 27743
27918 29153 28560
29218 28514 27724
28127 28832 28668
28148 29459 28071
28157 29276 28447
29286 28556 27650
28082 29459 28348
29200 28521 27667
29271 28626 27254
28166 29553 28070
29285 28618 27277
28323 29759 27442
28133 28809 28699
27843 29461 28366
29234 28653 27626
29272 28519 27720
28167 28733 28669
27874 29047 28679
28091 29781 27453
29143 28613 27254
29236 28375 27613
29297 28402 27494
28126 28888 28436
28860 28557 28149
28636 28614 28180
28334 29195 28369
27960 28811 28532
28921 28766 28037
28477 29070 28187
28025 29417 28321
27929 29045 28650
28459 29152 28365
28618 28383 28194
28110 29308 27783
29202 28595 27293
28253 29443 27680
29277 28548 27373
29188 28492 27716
28043 29348 28090
27937 29758 27892
29112 28632 27637
29266 28538 27570
28108 29212 28226
28104 29590 27743
28092 29267 28294
29264 28433 27605
28039 29694 27911
29019 28685 27488
28080 29510 27966
27895 29160 28410
28182 29284 27981
28169 28737 28468
28182 29121 28382
28115 28725 28587
28068 29611 27922
28892 28707 28126
29030 28676 27468
29144 28566 27655
29060 28708 27461
28097 29722 27667
28064 29472 27972
28225 28696 28477
28044 28796 28495
28126 28716 28631
29138 28405 27722
28227 29498 27660
27935 29767 27934
28109 28766 28668
28069 28795 28677
27591 29016 28381
27920 29747 27701
28015 28677 28659
28108 29180 27327
29096 28248 27660
29246 28519 27376
28263 29031 27844
28688 28336 27933
28878 28601 27578
28654 28744 27858
29032 28671 27409
27694 28993 28549
28111 29149 28311
27953 29326 28101
29171 28478 27617
27835 28910 28523
27993 29537 27805
28004 29288 28249
27976 28766 28503
27995 29298 28081
27883 29405 27923
27975 29609 27540
27850 28869 28643
28064 29542 27507
28018 28674 28441
28074 29226 28257
29093 28528 27601
28017 29446 27606
29233 28513 27526
27971 29562 27653
27901 28908 28582
27998 28727 28615
27910 29358 28297
29137 28527 27508
27902 28681 28637
28079 29294 27546
28002 29352 27619
27643 28878 28490
27735 29530 27759
27899 28679 28567
28485 28373 27619
28948 28646 27284
29128 28398 27590
28105 28886 27863
28069 28807 28206
29067 28501 27448
27995 29102 27930
28949 28533 27391
27871 28863 28464
27893 28993 28255
27920 29192 28232
27964 29366 27665
27781 28693 28482
28014 28978 27737
28012 28626 28491
27999 29413 27518
27976 29440 27600
28098 29096 27661
27969 29143 27650
28004 29396 27591
27741 28884 28468
27628 28817 28393
27751 29126 27639
29053 28273 27261
27982 28890 27718
28863 28464 27438
27890 28760 27931
27829 28969 28208
28958 28496 27362
29036 28389 27583
27962 29072 27558
27907 29018 27659
27776 29018 27579
27849 28250 27574
28768 28443 27277
28997 28385 27372
28820 28350 27454
27753 28043 27192
27625 29300 28915
28038 29205 29066
28627 30300 27550
29682 27596 27036
29682 27596 27036
29025 30011 27332
29096 28219 28444
29465 28762 28191
29678 28459 27618
28065 29082 28864
28622 30218 27702
28245 29305 28829
27877 29261 28930
29316 28823 28265
28318 28942 28838
29311 29735 27837
28479 28666 28777
29187 28267 28283
27779 29427 28914
28474 29563 28698
28543 29695 28613
28984 29156 27916
28511 29964 27904
28894 29787 27505
28004 29638 28855
28829 30132 27841
28700 29560 28493
28675 29789 27989
28746 28900 28358
28873 29272 28009
27820 29703 28304
28497 29411 28767
28900 28381 28490
29175 29786 27636
28827 29460 28107
28918 29255 28133
28751 29583 28149
29184 28894 28430
28270 29669 28668
28794 28418 28436
28817 29767 27959
29072 28941 27980
28825 29520 27867
28646 29665 28624
28508 29488 28670
27535 29025 28992
27626 29023 29011
28574 30047 27660
29432 28125 27052
29486 27753 27210
29374 27812 27263
28079 29269 28729
27857 29497 28733
29289 28916 27147
29322 28488 28125
27987 29189 28883
29202 29730 27721
28258 29677 28543
28171 29246 28765
29260 29691 27649
29030 28769 28035
28204 29668 28649
28357 29628 28515
27978 29415 28686
29068 28257 28346
28706 29776 27692
27812 29343 28770
29095 28532 28276
28380 29938 27738
28659 29877 27550
28708 29845 27496
27742 29323 28801
29110 28276 28340
28942 28631 28202
28915 29094 27944
27631 29032 28900
28452 29896 27661
28537 29532 28332
28491 29582 28486
27779 29206 28862
28383 29444 28622
27706 29268 28847
27627 29067 28963
29358 28270 27203
28990 29756 27296
28583 28372 28581
29219 28680 28180
29233 28422 28193
28576 29475 28423
28661 29887 27466
28783 29855 27350
29051 28877 27830
28844 28529 28375
28578 29562 27988
29096 28859 27887
28876 29752 27404
28595 28797 28536
28644 28441 28580
29051 28970 27750
28734 28822 28229
28922 28685 28256
28718 29551 27932
29087 28333 28333
28877 28310 28368
28776 28982 28110
27685 29323 28893
28798 29407 28062
28496 29560 28606
28860 28847 28092
28557 28644 28570
27689 29319 28891
28541 29393 28581
28617 28723 28538
28617 29901 27324
29259 28648 28181
29037 28699 28080
28816 29901 27157
28754 29556 27828
28779 28718 28398
28781 29640 27768
28807 29875 27268
28971 29052 27803
28825 29756 27451
27978 29415 28686
28731 29560 27869
28621 29622 27804
28789 29763 27416
29061 28814 27952
28811 29442 27779
28942 29063 27741
28890 29253 27739
28567 28433 28613
28776 29765 27434
28658 28681 28492
28713 29621 27957
28886 29474 27741
28740 29580 27829
28822 29198 27871
28971 29052 27803
28781 28708 28106
28865 29192 27937
28711 29897 27333
28713 29621 27957
28811 29442 27779
27380 29234 28820
27613 29032 28891
28483 29973 27648
29323 27629 27197
29364 28073 26735
29486 27676 27138
29304 27809 27237
29323 28053 26963
28221 29655 28412
27558 29209 28821
29302 28128 27052
29168 29531 27631
29279 28046 27189
27985 28917 28713
27670 29315 28816
27866 28724 28772
27724 29153 28765
28065 29251 28600
27969 29088 28655
28501 29896 27316
28758 28983 27847
29469 27732 27174
27837 29198 28741
28332 29587 28475
28714 29755 27422
29126 28345 28058
28575 29830 27354
28700 29484 27758
28164 29103 28654
29240 28541 27904
29141 29710 27508
28825 28441 28337
28701 28757 28114
28980 28557 28154
28551 29835 27491
29088 28184 28260
29370 27736 27142
29031 28297 28207
28381 29457 28561
28955 28828 27886
28860 28654 28030
29275 28089 27258
29034 28264 28191
28505 28459 28535
28402 29401 28570
28804 29721 27281
28108 29579 28484
27865 29131 28855
29329 27738 27186
28583 28550 28217
29088 28233 28207
28887 28602 27980
28465 29439 28285
28643 29407 28036
28828 28504 28254
28454 28481 28464
28728 28994 28008
28579 29754 27470
28414 28425 28566
28881 28865 27936
28794 28902 27924
28930 29674 27702
29145 29604 27493
29067 28552 28172
28840 28598 28096
28413 29279 28519
27633 29522 28485
28972 29138 27687
28426 29496 28441
28430 28625 28490
28731 29442 27738
29127 28632 27937
28659 29706 27714
28194 29274 28588
27971 29040 28758
28571 29432 27916
28752 29676 27642
28857 28830 28053
28196 29504 28578
28660 29570 27875
27844 29146 28756
28796 29569 27704
28826 28627 28089
28708 29406 27983
28756 29138 27868
29145 28438 28042
27554 29300 28687
27688 28913 28826
28012 29933 26863
29295 28024 26745
29421 27688 27172
29426 27715 27061
28862 28790 27733
29239 27964 26940
27597 29246 28787
29152 28729 27132
29320 27913 26812
27718 29184 28624
28825 28627 27993
28130 29538 28343
27707 29085 28766
27815 29049 28684
28269 29280 28453
28376 29676 27547
28685 29558 27642
28602 28319 28206
27913 29559 28368
28012 28973 28648
29223 27813 27325
28077 29451 28433
28468 29829 27489
29281 28031 26848
28428 29666 27644
28637 29530 27809
27794 29169 28629
27911 29506 28427
28002 29651 28163
28866 28118 28161
29411 27726 27084
28220 29274 28543
29017 29366 27510
27569 29289 28549
28843 28347 28135
29358 27726 27152
28408 28584 28288
29036 28190 28149
28593 29742 27322
28550 29757 27218
29076 28387 27887
29226 28281 27247
28877 28600 27978
29071 29144 27386
28892 28536 27935
28224 29419 28498
28900 28479 27912
29125 28288 27838
28670 29380 27853
29255 27834 26859
28578 29709 27468
27858 29653 28155
28486 29802 27488
28957 29652 27406
28404 29485 28318
29102 28433 27825
28929 29599 27420
29239 27871 27166
29290 27746 27217
28617 28689 27919
28516 29329 28024
28039 29493 28537
28945 28453 28105
28569 28635 28048
29030 28251 28095
28513 28645 28092
28235 29335 28478
28859 29648 27489
28573 29728 27421
28238 29581 28326
28920 28169 28154
29063 28472 27888
29300 27735 27207
29019 29148 27627
28917 28582 27826
28889 28540 27924
29028 28412 28010
28556 29571 27597
28474 29681 27510
28611 29382 28020
28579 29654 27561
28413 28269 28498
29229 27735 27349
28948 29331 27582
28042 29653 28085
28627 29572 27590
28042 29653 28085
28619 29678 27486
29229 27735 27349
29069 28274 28013
27459 29155 28556
27465 28908 28765
28417 29799 27330
29227 27785 26955
29300 27560 27182
29417 27611 27044
28662 28548 27918
28988 28087 28102
29063 27785 27217
28317 29614 27351
27596 29135 28657
27735 29581 28169
28258 29660 27490
28631 28993 27762
28108 29271 28408
27567 29036 28720
27827 29489 28010
28873 28390 27586
28066 29354 27956
28184 29318 28386
27948 29462 28144
27878 29340 28314
27517 29177 28532
28234 29322 28266
28584 29734 27308
29155 28193 27162
28924 28970 27501
28206 29070 28463
29257 27715 27065
28903 29224 27577
29112 28218 26990
29330 27635 27117
28833 28432 27792
28503 28396 27986
27667 29138 28532
28787 28280 28042
27924 29333 28471
29386 27689 27021
28740 28492 27862
28722 29609 27284
28626 29527 27777
28842 28313 27852
28283 28453 28149
29396 27572 27127
29044 27768 27240
28902 29406 27287
29200 28199 27042
29123 27755 27235
28840 28100 28159
28900 28272 28104
28552 29346 27934
28886 28287 27898
28945 28099 27988
29015 27654 27325
28742 28315 27918
28874 28375 27772
28763 29466 27176
28529 29587 27326
29021 27695 27304
28885 28274 27953
27367 29132 28604
27505 28906 28714
28186 29763 27154
29195 27846 26549
29273 27489 27105
29407 27601 27026
28318 29535 27271
28519 28572 27911
28847 29224 27487
27703 29514 27985
27908 29447 27862
27991 29097 28350
28679 28204 28084
27522 29001 28658
27398 29080 28510
27492 29121 28349
28741 28319 27699
29066 28107 26711
28736 29066 27557
28476 29332 27813
28649 28403 27710
28515 29653 27152
29184 27964 26838
28914 27881 27196
28412 29492 27227
28551 29287 27794
29065 27733 27208
29190 27831 26962
28890 28213 28033
28672 28288 27886
28597 29462 27756
29203 27699 26759
29187 27941 26772
29302 27659 26971
28911 28031 27734
29163 27629 27081
29092 27751 27058
28909 28072 28010
29107 27692 27171
29262 27510 27170
29321 27627 27051
29275 27536 27065
28634 29461 27043
29288 27622 27059
27334 28860 28687
28529 29454 27641
29172 27709 26790
29309 27563 26982
29389 27567 26852
27773 28935 28327
28825 28488 27236
27516 28917 28556
28550 28197 27955
28986 27820 26818
28830 28067 27864
28542 29331 27727
27762 29363 27829
28737 28306 27690
28650 28887 27459
28734 28932 27411
28799 28160 27906
29090 27613 27128
29071 27733 26994
29263 27596 26920
28588 29436 27712
29172 27564 27053
29179 27660 26838
29206 27573 27046
29200 27618 26979
27693 28900 28055
28302 29448 27288
28920 27707 26781
29109 27505 27045
29198 27589 26936
28646 28144 27568
28381 29433 27711
28544 29385 27468
28587 29274 27633
28953 27546 26950
28415 29295 27451
28501 29298 27427
28516 28985 27585
29174 27505 26907
28357 29092 26979
28798 27460 26820
29162 27399 26843
