150 13.3215
8081 8622 8889
8081 8622 8889
8361 9375 7987
8467 9359 7828
8714 8269 8694
9153 8723 8176
8681 8338 8721
8351 9361 8036
8985 8501 8402
8675 8274 8726
8325 8840 8701
8843 8454 8569
8965 8916 8286
8125 8775 8826
8937 8545 8480
8856 9040 8206
8498 9320 7875
9033 8758 8374
8879 8955 8355
8186 8885 8711
8556 9201 8069
8606 9252 7898
8900 8946 8230
8382 9025 8640
8503 9314 7945
8630 8370 8743
8658 9151 8237
8816 8595 8601
9095 8581 8316
8806 8934 8439
8769 8403 8684
9086 8453 8333
8424 9237 8173
8249 8811 8730
8592 9177 8126
8207 8694 8842
8535 9169 8272
8418 9289 8097
8268 8550 8874
8467 9359 7828
8590 8868 8587
8780 9023 8428
8565 9231 8022
8554 9179 8132
8834 8389 8579
8920 8429 8541
8695 9078 8467
9103 8812 8251
9073 8532 8347
8279 8799 8789
8398 9344 7959
8109 8564 8883
8970 8444 8451
8771 9108 8210
8458 9310 7991
8709 8996 8470
8731 9143 8196
8522 8514 8800
8519 8636 8741
9098 8671 8299
8475 8778 8703
8573 9302 7858
8308 8752 8777
8787 8447 8610
8889 8518 8514
8430 9286 8005
9057 8523 8398
9068 8598 8341
8202 8616 8866
8199 9346 8092
8811 9052 8149
8617 8726 8677
9148 8732 8218
8763 8847 8530
8558 8556 8772
9044 8658 8300
8886 8652 8536
8469 9217 8309
8758 8417 8655
8151 8822 8754
8971 8818 8366
8109 8564 8883
8151 8822 8754
8393 9301 8192
8856 8763 8520
9122 8744 8242
8689 8670 8666
8505 9242 8013
8395 8927 8629
8823 8859 8503
8912 8575 8494
8684 9091 8311
8536 9311 7860
8510 8577 8850
9075 8729 8260
8436 9338 7977
8480 9330 7889
8679 8877 8499
8246 8760 8833
9122 8744 8242
8228 8759 8837
8621 9144 8389
8674 8719 8555
8996 8765 8339
8186 8996 8657
8686 8701 8621
8909 8626 8465
9052 8709 8285
8715 8689 8564
9006 8799 8274
8623 9050 8485
8384 8897 8692
8280 8970 8650
8448 8906 8652
8841 9007 8233
8401 8751 8811
8717 9083 8405
8450 8741 8745
8526 9260 8007
8295 8654 8839
8582 9176 8259
8404 8862 8656
8556 9201 8069
8635 8747 8623
8797 8987 8302
8839 8378 8576
9002 8611 8391
8669 9087 8371
8573 9202 8032
8606 9252 7898
8762 9133 8183
8607 9083 8418
8510 9207 8024
8230 8816 8710
8441 8956 8539
8645 8735 8665
9006 8799 8274
8929 8962 8210
8480 9330 7889
8501 9211 8148
8771 9108 8210
8801 8821 8544
8289 8706 8819
8507 9277 7897
8386 8760 8752
8826 8901 8416
8755 9053 8409
8522 8634 8709
8762 9133 8183
8840 8854 8414
9148 8732 8218
8311 8986 8645
8268 9085 8562
8199 9346 8092
8936 8814 8461
8741 9004 8457
8836 8985 8282
8151 8822 8754
8547 8612 8714
8733 8655 8644
8395 8768 8719
8649 9004 8488
8436 9338 7977
8741 9004 8457
8548 9087 8391
8526 9260 8007
8798 8377 8627
8503 9314 7945
8926 8900 8401
8417 9313 8092
8754 9063 8427
8754 9063 8427
8289 8706 8819
8643 8822 8566
8791 9060 8373
8750 8776 8551
8520 8615 8763
8279 8799 8789
8750 8776 8551
8508 9206 8141
8836 8985 8282
8508 9206 8141
8081 8622 8889
8507 9277 7897
8520 8615 8763
8464 9319 7898
8280 8970 8650
8762 9133 8183
8573 9302 7858
8583 9083 8490
8418 9289 8097
8400 9341 7893
8400 9341 7893
8791 9060 8373
9153 8723 8176
8479 9277 8127
8583 9083 8490
8479 9277 8127
8547 8612 8714
9153 8723 8176
8311 8986 8645
8464 9319 7898
8268 9085 8562
8418 9289 8097
8464 9319 7898
8464 9319 7898
8762 9133 8183
8771 9108 8210
8141 8691 8797
8196 8619 8838
8385 9336 7914
8432 9316 7839
8740 8344 8575
9086 8714 8165
8519 8480 8682
8448 8515 8698
9009 8757 8236
8617 9063 8154
8932 8823 8206
8753 9019 8386
8666 8977 8415
8670 9034 8080
8830 8962 8250
8870 8872 8376
8472 8600 8660
8986 8776 8248
8817 9015 8139
8514 9163 7991
8667 9048 8295
8416 9310 8038
8892 8892 8323
8436 9269 7882
8819 8859 8443
8577 9147 8173
8590 9110 8366
8556 9206 7968
8267 8957 8626
8290 8620 8808
8384 8659 8741
8231 8663 8788
8169 8947 8653
8523 8673 8612
8488 8729 8595
8190 8690 8812
8332 8766 8709
8272 8789 8761
8217 8786 8784
8158 8835 8705
8403 9318 7945
8356 8987 8555
8734 8711 8500
8409 8823 8481
8397 8922 8532
8351 8897 8669
8410 9196 8151
8365 9134 8214
8701 8639 8565
8596 8605 8618
8556 9157 8145
8318 8895 8690
8436 8966 8457
8498 9259 7898
8467 9220 8025
8510 9240 7910
8338 9003 8527
8701 8639 8565
8416 9222 8090
8898 8831 8352
8479 9126 8365
9008 8779 8107
8371 8802 8646
8381 8806 8559
8898 8831 8352
8476 9244 7930
8492 9215 7919
8474 9158 8124
8457 9259 8025
8390 9285 8162
8399 9252 8109
8363 8883 8665
8581 8791 8583
8725 8603 8607
8394 8703 8667
8667 8691 8519
8338 8926 8585
8337 8800 8690
8725 8603 8607
8407 8783 8587
8390 9285 8162
8123 8664 8775
8217 8532 8798
8340 9292 7886
8731 8268 8462
9000 8437 8174
8663 8311 8567
8886 8737 8144
8471 9124 8215
8800 8794 8405
8596 8345 8528
8875 8832 8279
8715 8799 8437
8269 8647 8714
8742 9013 8320
8535 8957 8368
8612 8885 8414
8344 9001 8358
8195 8587 8797
8777 8910 8202
8183 8601 8759
8401 9154 8090
8576 9028 7955
8864 8786 8330
8646 8411 8447
8404 8600 8609
8509 9087 8173
8563 9059 8335
8429 9199 7979
8148 9269 8013
8159 8931 8527
8398 9218 8034
8137 8743 8737
8330 9272 7921
8158 8709 8770
8496 8408 8677
8372 9205 8117
8557 8721 8501
8325 9144 8128
8492 9240 7902
8570 8753 8489
8327 8834 8658
8566 9084 8183
8296 9211 8133
8494 8840 8441
8242 8907 8506
8287 8829 8677
8281 8659 8700
8523 9148 8095
8440 9151 8109
8405 9247 7965
8386 9254 7972
8335 9231 8028
8275 8772 8684
8572 8596 8536
8392 9239 7981
8230 8885 8661
8459 9200 7967
8502 8902 8411
8396 8781 8511
8339 8766 8664
8536 8739 8536
8283 9126 8142
8390 9212 8109
8115 8867 8514
8129 8594 8745
8302 9285 7857
8497 9109 7808
8573 8274 8447
8837 8588 8216
8662 8395 8403
8522 9036 8204
8710 9007 8106
8396 9217 7962
8325 8711 8648
8237 8646 8668
8378 8486 8561
8517 9098 7918
8472 8893 8305
8207 8842 8563
8480 9225 7840
8269 8550 8683
8582 8842 8374
8760 8781 8273
8561 9014 8112
8165 8449 8726
8288 8749 8611
8492 9080 8150
8465 9109 8048
8774 8792 8241
8629 8925 8277
8808 8728 8214
8656 8407 8403
8731 8953 8242
8353 8535 8602
8137 9176 8071
8430 9165 7951
8509 9058 8130
8161 8614 8699
8468 8959 8249
8279 8518 8658
8446 8638 8451
8421 9124 8064
8713 8912 8283
8592 8927 8277
8360 9201 8066
8338 8798 8424
8322 8804 8470
8169 8588 8710
8305 8826 8608
8389 8726 8525
8485 8607 8475
8413 9112 8144
8220 8644 8672
8462 8895 8395
8457 9177 7950
8385 9177 8053
8512 8734 8442
8589 8800 8411
8166 8539 8711
8512 8606 8524
8067 8515 8733
8396 9214 7909
8455 9175 7778
8607 8380 8401
8749 8650 8139
8663 8852 8158
8493 8735 8308
8318 8567 8516
8179 8497 8633
8111 8570 8723
8487 9029 8121
8397 9148 7896
8611 8753 8210
8555 8740 8245
8454 8888 8389
8536 8955 7914
8242 8488 8617
8222 9127 7988
8518 8968 8155
8245 8795 8589
8746 8690 8161
8131 9092 8140
8651 8652 8186
8245 8901 8256
8305 8680 8579
8406 9117 7948
8258 8619 8604
8274 8694 8454
8308 8579 8515
8443 9030 8060
8371 9076 8003
8267 8706 8475
8444 9057 8025
8182 8705 8598
8427 8963 8170
8291 9075 8049
8375 9110 7990
8238 8697 8621
8437 9072 7995
8263 9078 8035
8147 8785 8587
8358 9214 7897
8397 8377 8389
8399 9068 7878
8647 8852 8048
8385 8560 8288
8529 8765 8153
8504 8966 7940
8236 8648 8479
8210 8598 8534
8513 8864 8100
8227 8732 8408
8254 8847 8366
8285 8798 8232
8316 8998 8041
8359 9105 7982
8341 8987 7992
8424 8863 8168
8429 9042 7971
8445 8789 8243
8235 8610 8512
8270 8790 8257
8362 8607 8248
8106 8626 8575
8190 8622 8255
8238 9201 7770
8444 8925 7849
8157 8801 8147
8315 9122 7813
8407 9011 7956
8256 8937 7966
8437 8774 8190
8200 9076 7930
8418 9006 7897
8263 8776 8236
8359 8972 7875
8362 8485 8095
8389 8788 7952
8320 8928 7873
7850 8187 8995
7971 7980 8997
8114 9277 8364
9015 8863 7876
9167 8353 8197
7850 8187 8995
7933 8074 8983
7965 8020 8985
7973 8060 8981
9036 8861 7921
8036 9191 8416
8057 8809 8753
8419 9248 8137
9044 8829 7877
8194 9261 8215
7909 7987 8994
7909 7987 8994
8123 8456 8960
8450 8260 8828
9119 8354 8283
8916 9072 8049
8547 8190 8784
8380 9089 8381
8758 8306 8608
9014 8770 7969
8949 8886 8165
8363 9035 8527
8615 8391 8689
8666 8639 8584
8946 9071 8073
8681 8727 8516
9102 8411 8250
8198 8623 8860
8811 9178 7951
8491 8852 8638
8813 9162 7994
8698 9018 8422
8148 9230 8362
8956 8725 8190
8249 8658 8813
8595 8564 8643
8359 8903 8681
9093 8451 8290
8793 9126 8023
8465 8763 8698
8069 8652 8883
8434 8876 8660
8933 8554 8396
8640 8385 8691
8223 8698 8754
8374 8904 8614
8654 8627 8630
8549 8839 8653
8230 8678 8804
8476 8230 8897
8341 8993 8547
8144 9214 8372
8294 8677 8767
8730 8938 8477
9026 8340 8387
9010 8537 8340
8753 8921 8466
8086 8522 8913
8458 8665 8767
8830 9116 8122
8109 9241 8398
9000 8445 8374
8045 8547 8980
8302 9102 8498
8566 8631 8677
8273 9207 8203
8562 8691 8646
8782 8370 8606
7933 8074 8983
8502 8865 8591
8266 9094 8508
8445 8418 8824
8897 8479 8478
8522 9183 8113
8589 8332 8721
8723 8821 8495
8737 8424 8603
8876 8974 8151
8272 8595 8902
8858 8999 8200
8334 8945 8606
8713 8314 8646
8315 8833 8730
8883 8737 8258
8108 9137 8456
8528 8247 8857
8321 8600 8788
8632 8340 8708
8286 8547 8877
8784 8617 8602
9059 8353 8306
8343 8502 8842
8422 9065 8366
8617 8739 8576
8807 8483 8552
8834 8571 8417
8898 9155 7970
8175 8498 8920
8999 8709 8033
8961 9004 8012
8530 8355 8732
8260 9128 8433
8184 9168 8452
8915 9164 7955
8365 9074 8482
8939 9045 8084
8623 8678 8620
8648 9081 8230
8694 8338 8648
8789 9136 8007
8973 8708 8297
8053 9004 8566
8083 8514 8959
8290 8311 8895
8740 8952 8349
8747 9152 8097
8843 9050 8171
8159 8421 8948
8514 9171 8117
8769 8748 8466
8476 8230 8897
8887 8517 8449
8174 8480 8937
8869 8982 8269
9044 8664 8319
8450 9054 8468
8480 8738 8705
8320 8537 8840
8497 9104 8354
8709 8864 8490
8530 8355 8732
8869 8982 8269
9079 8498 8239
8981 8531 8413
8578 9178 8028
8343 9134 8397
8505 9009 8427
8159 8421 8948
8747 9152 8097
8578 8645 8670
8547 8190 8784
9079 8498 8239
8838 9007 8235
9003 8410 8435
8469 8247 8875
8043 8959 8569
8834 8991 8256
9003 8410 8435
8876 8974 8151
8216 8603 8825
8843 9050 8171
8512 8718 8720
8071 9092 8523
8776 8827 8456
8709 8976 8301
8909 9091 8106
8972 8865 8138
8093 9275 8414
8935 8822 8206
8864 8924 8328
8174 8480 8937
8127 8500 8918
8967 8877 8084
8807 8483 8552
9059 8353 8306
8451 9115 8347
8495 8608 8724
8589 8749 8567
8938 9010 8128
8469 8247 8875
8093 9275 8414
8813 9162 7994
9119 8354 8283
8648 9081 8230
8578 8645 8670
8864 8924 8328
8230 8678 8804
8245 9213 8364
8113 9048 8522
8590 8570 8659
8981 8531 8413
8043 8959 8569
8512 8718 8720
8758 8306 8608
8935 9089 8031
8114 8517 8958
8272 8595 8902
8450 8260 8828
8898 9099 8036
8909 9091 8106
9029 8482 8356
8981 8531 8413
8898 9155 7970
8967 8877 8084
8888 8865 8202
8831 8926 8284
9015 8863 7876
8361 9099 8367
8216 8603 8825
8175 8498 8920
8831 8926 8284
8127 8500 8918
9044 8664 8319
8938 9010 8128
8114 9277 8364
8495 8608 8724
8451 9115 8347
8245 9213 8364
8528 8247 8857
9014 8770 7969
8776 8827 8456
8321 8600 8788
8898 9099 8036
9029 8482 8356
8590 8570 8659
8175 8498 8920
8159 8421 8948
9079 8498 8239
9119 8354 8283
7951 9222 8285
8031 8454 8917
8480 8085 8734
9006 8824 7838
9119 8334 8182
8441 8200 8762
8065 8627 8804
9052 8388 8242
8812 9132 7918
8928 8619 8277
8993 8268 8320
8640 8571 8590
8985 8760 7884
8479 8714 8602
8306 8465 8837
8749 9102 8065
8848 8675 8319
8113 9204 8354
8119 8975 8535
8645 8747 8483
8255 8518 8869
8842 9066 8001
8693 8775 8393
8328 8595 8658
8817 9003 8130
8801 9099 7967
8873 8777 8198
8384 8823 8520
8551 8311 8669
8613 8925 8306
9039 8415 8289
8225 8769 8709
8182 8890 8494
8367 8490 8638
8243 8541 8880
8975 8497 8355
8165 9174 8343
8329 9116 8171
8881 8545 8388
8733 8916 8363
8899 8828 8086
8448 8312 8752
8364 8944 8456
8511 8357 8695
8778 9042 8104
8280 8510 8794
8618 8303 8704
8139 9094 8502
8889 8426 8359
8182 8910 8464
8518 8987 8362
8621 8332 8608
8849 8862 8211
8500 8981 8420
8558 8345 8604
8369 8399 8771
8582 8748 8523
8857 8850 8297
8504 9008 8173
8174 9038 8447
8758 8458 8440
8735 9056 8077
8773 8953 8216
8199 8504 8895
8420 9066 8215
8156 8575 8878
8300 9076 8335
8123 9175 8354
8343 8503 8748
8396 8329 8796
8168 8405 8898
8501 8363 8666
8906 8397 8401
8590 8825 8409
8157 9002 8514
8402 9040 8322
8863 8479 8397
8808 9080 7988
8742 8855 8229
8878 8853 8121
8789 8982 8190
8843 9088 7976
8340 9070 8227
8767 9085 7994
8274 9075 8405
8211 9075 8446
8587 8853 8476
8115 9116 8403
8864 8982 8185
8733 8916 8363
8049 8928 8516
8068 9185 8349
8146 8442 8879
8538 8087 8589
9004 8799 7814
9039 8302 8221
8749 9062 8016
8601 8202 8552
8693 9077 8065
8072 9148 8327
8255 8484 8782
8197 8471 8858
8847 8749 8245
8099 9178 8302
8835 8351 8369
8351 8265 8774
8414 8565 8601
8816 8993 8128
8907 8548 8232
8360 8980 8288
8484 8266 8628
8629 8707 8320
8330 8463 8678
8439 8810 8449
8294 9020 8214
8143 8935 8482
9024 8331 8171
8279 8605 8572
8251 8537 8639
8563 8821 8415
8725 8890 8232
8254 8507 8715
8675 8967 8188
8232 8669 8599
8664 8900 8275
8696 8785 8294
8341 8588 8523
8955 8468 8268
8447 8287 8707
8922 8341 8350
8537 8566 8488
8446 8267 8738
8782 8994 8085
8549 8873 8311
9024 8319 8248
8163 8856 8462
8185 8794 8469
8212 9010 8373
8460 8958 8372
8638 8273 8520
8674 8574 8375
8320 8832 8459
8298 8622 8560
8810 8637 8269
8250 9061 8241
8789 8649 8305
8590 8759 8319
8246 8657 8507
8971 8446 8318
8295 8838 8403
8779 8850 8275
8823 8475 8363
8578 8559 8569
8353 8623 8491
8614 8836 8316
8836 8854 8081
8970 8458 8247
8238 8895 8414
8234 9069 8354
8582 8847 8323
8474 8562 8523
8474 8562 8523
7936 8926 8499
7986 8381 8848
8089 9169 8293
8462 8098 8628
8923 8673 7768
8959 8300 8278
8675 8961 7940
8328 8186 8766
8000 8355 8841
8416 8209 8736
8392 8265 8664
8851 8484 8132
8151 9064 8351
8452 9039 8027
8183 8390 8772
8139 8431 8836
8443 8586 8415
8824 8626 8244
8529 8190 8550
8252 8329 8645
8208 8973 8324
8948 8320 8117
8606 8222 8515
8390 8932 8366
8525 8510 8439
8554 8821 8229
8791 8565 8267
8779 8918 8045
8491 8307 8527
8782 8922 8001
8458 8538 8492
8279 8788 8427
8102 8844 8468
8394 8714 8386
8316 8759 8394
8754 8403 8320
8273 8656 8449
8674 8888 8196
8913 8402 8243
8697 8673 8207
8220 8858 8368
7983 8871 8516
8465 8677 8321
8773 8804 8147
8644 8727 8278
8547 8225 8452
8536 8470 8329
8306 8727 8434
8727 8429 8350
8657 8924 8175
8158 8838 8390
8731 8746 8181
8787 8294 8356
8681 8801 8214
8412 8807 8286
8529 8419 8508
8815 8309 8273
8544 8449 8467
8674 8915 8120
8918 8450 8242
8534 8746 8290
8922 8317 8227
8816 8856 8117
7983 8871 8516
7908 8750 8482
8025 8412 8780
8152 8910 8255
8437 8107 8511
8723 8573 8088
8958 8226 8160
8230 8256 8571
8357 8145 8709
8615 8859 8163
8039 8777 8393
8260 8678 8342
8534 8627 8282
8793 8543 8223
8952 8245 8146
8309 8228 8662
8533 8375 8394
8840 8427 8237
8296 8891 8332
8406 8469 8452
8659 8746 8157
8657 8313 8272
8380 8521 8439
8823 8493 8242
8420 8523 8404
8658 8309 8282
8317 8749 8255
7847 8655 8475
8138 8161 8592
8332 8101 8567
8382 8801 8142
8839 8290 8105
8809 8338 8191
8770 8469 8184
8593 8745 8159
8450 8620 8188
8223 8206 8571
8566 8709 8037
8720 8469 8180
7981 8542 8961
8249 8199 9062
8382 9312 8195
8480 8173 8896
9085 8836 7964
9280 8552 8114
8284 8255 9052
8487 9215 8327
8294 8220 9012
8660 8395 8760
8034 8527 8928
8468 8285 8799
8642 9257 8238
8702 9162 8071
8470 8223 8783
8080 8509 8953
8947 9025 8223
8308 8309 8979
9225 8507 8275
8122 8438 8961
8987 8339 8495
8413 9018 8544
9038 8887 8034
8430 8376 8850
8408 9066 8610
8855 8415 8667
9183 8627 8145
9280 8552 8114
8684 9175 8056
8247 8674 8839
8221 8278 9008
8016 8655 8941
8229 8346 8996
8265 8491 8911
8516 9288 8168
8267 8469 8823
8529 9306 8152
8576 8988 8560
8116 8682 8924
8716 8955 8444
8541 9282 8065
8904 8594 8549
8749 9089 8245
9170 8662 8210
8797 8961 8300
8913 8937 8263
9240 8570 8194
8923 8615 8487
7999 8608 8950
9010 8848 8126
8527 9265 8175
8977 8456 8510
8906 9008 8236
8341 9095 8524
8968 8396 8528
8613 9127 8400
9133 8646 8320
8499 9200 8312
8157 8801 8724
9240 8434 8216
9073 8847 8007
8382 8817 8634
9199 8583 8346
9156 8739 8091
8694 9034 8466
8811 8932 8377
8174 8618 8880
8480 8173 8896
8288 8357 8987
8185 8893 8700
8095 8710 8850
8625 8969 8558
8774 8776 8450
8708 8858 8570
8628 9125 8338
8537 8517 8740
8886 8420 8629
8879 8978 8271
8347 8709 8741
8966 8886 8223
8730 8496 8712
8713 8747 8578
8450 9054 8485
8165 8768 8813
8886 9062 8163
9201 8573 8252
8022 8555 8946
8666 9195 8077
8368 9029 8649
8308 8309 8979
8767 8683 8674
9011 8736 8333
8811 9047 8290
8828 8928 8350
8653 8633 8685
9073 8856 7979
8972 8697 8410
9108 8791 8190
8671 9072 8257
8981 8784 8397
8822 8530 8704
8663 9175 8104
8474 8209 8817
8567 9186 8241
9120 8565 8388
8507 9043 8476
8360 9073 8483
8845 8919 8285
8195 8367 9000
8206 8705 8840
9049 8762 8307
8183 8610 8907
8195 8745 8804
8335 8237 8985
8724 8892 8435
8256 8726 8730
8507 9039 8499
8848 8719 8597
8597 8764 8679
8768 8544 8657
8365 8452 8887
8316 8202 9004
9139 8540 8382
8614 9170 8362
9114 8449 8414
8557 9178 8272
8835 8873 8343
8438 8915 8632
8778 8995 8424
8494 9185 8357
8652 9109 8197
8839 8527 8601
8840 8836 8426
8740 9060 8267
8867 8724 8460
9150 8766 7992
9001 8918 8179
9030 8892 7971
8081 8752 8820
8848 8911 8342
8430 8376 8850
9055 8858 7969
9065 8827 8182
8864 8855 8340
8610 8710 8706
8592 8811 8653
8335 8237 8985
8744 8728 8610
9150 8766 7992
8322 8870 8688
9046 8826 8183
8792 9029 8390
9108 8791 8190
9135 8825 8016
8322 8870 8688
8976 8829 8201
8326 8848 8711
9026 8682 8360
8174 8618 8880
8267 8469 8823
9180 8600 8251
8549 8447 8725
8652 9109 8197
8189 8831 8720
8592 8811 8653
9157 8726 8020
8778 8995 8424
8643 9055 8271
9085 8836 7964
9157 8726 8020
8992 8803 8382
8357 9092 8459
9180 8600 8251
8549 8447 8725
8210 8682 8849
8991 8700 8403
9200 8621 8207
8357 9092 8459
8745 8699 8651
8189 8831 8720
9126 8749 8075
9126 8749 8075
8614 9170 8362
8210 8682 8849
8792 9029 8390
8157 8801 8724
8992 8803 8382
9026 8573 8402
8122 8438 8961
8848 8719 8597
9135 8825 8016
8886 8420 8629
8767 8683 8674
8081 8752 8820
9200 8621 8207
8848 8911 8342
8991 8700 8403
8744 8728 8610
8778 8995 8424
9157 8726 8020
8335 8237 8985
8744 8728 8610
8042 8659 8888
8071 8619 8911
8196 8157 8908
8580 9196 8145
8932 8852 7967
9180 8378 8283
8600 8347 8693
8198 8168 8859
8588 9131 8257
8681 9052 8228
9076 8782 8003
8656 8996 8380
8498 8893 8434
8136 8667 8818
9107 8510 8137
8229 8623 8773
8379 8959 8563
9152 8402 8234
8438 8930 8463
8961 8767 8318
8609 8801 8536
8411 9033 8493
8467 9182 8269
8342 9005 8563
8280 8399 8768
8172 8739 8691
9013 8643 8184
8474 8580 8660
8919 8564 8432
9177 8461 8091
8712 8723 8396
9034 8822 8031
9063 8538 8207
8735 8710 8505
9122 8441 8269
8289 8470 8723
8325 8448 8743
8784 8389 8612
8404 8869 8514
8311 8754 8605
8871 8822 8152
8708 8662 8586
8859 8389 8549
8816 8815 8346
8881 8891 8066
9003 8638 8305
8770 8451 8608
8993 8554 8366
9107 8707 8078
9169 8496 8230
8968 8754 8196
8922 8863 8042
8716 8474 8665
8891 8862 8068
8488 9046 8349
8130 8613 8863
8224 8613 8838
8807 8944 8268
8795 8687 8569
8842 8665 8367
8056 8678 8858
8220 8748 8669
8825 8553 8531
8405 8584 8694
8594 8818 8468
8496 9038 8457
8288 8827 8612
8793 8531 8575
8788 8588 8575
8108 8632 8856
8884 8534 8529
8587 8450 8675
8088 8636 8864
8108 8632 8856
8497 9038 8278
8593 9191 8230
8809 8631 8572
8088 8636 8864
8088 8636 8864
7894 8747 8616
8181 8149 8898
8252 8108 8728
8529 9137 8200
9056 8780 7951
9155 8451 8209
8213 8188 8759
8894 8323 8411
8354 8515 8669
8417 8507 8642
9072 8402 8224
7987 8500 8851
7984 8629 8777
8891 8750 8085
8701 8692 8308
8579 8893 8261
8894 8842 8005
8453 9030 8446
8775 8431 8520
8314 8736 8560
8729 8926 8146
8860 8392 8494
8299 8854 8457
8295 8364 8724
8521 9062 8250
9028 8788 8028
8585 9114 8209
8126 8457 8827
8500 8931 8365
8018 8638 8737
8131 8549 8818
8065 8617 8746
8284 8379 8692
8974 8675 8068
8760 8533 8392
8259 8985 8450
8904 8747 8042
8567 8971 8283
8484 9037 8297
8463 8960 8427
8821 8404 8514
8608 8630 8580
8634 8968 8180
8670 8962 8187
8315 8571 8591
8552 9121 8006
8108 8586 8850
8957 8659 8154
8087 8594 8805
8312 8755 8486
9012 8608 8176
8278 8804 8604
8898 8429 8343
8985 8638 8248
8189 8580 8792
8247 8375 8729
8203 8562 8751
8939 8661 8188
8701 8765 8167
8462 9034 8338
8809 8659 8195
8744 8919 8153
8282 8804 8516
8739 8671 8364
8750 8539 8513
8707 8662 8423
8541 8982 8302
8519 8664 8566
8995 8574 8300
8730 8588 8570
8751 8523 8491
8082 8593 8825
8896 8527 8308
8981 8593 8298
7968 8571 8815
8001 8528 8850
8063 8221 8790
8510 9117 8082
8829 8760 7961
9086 8377 8188
8582 9040 8019
8771 8270 8464
8579 8877 8231
8372 8365 8574
8126 8575 8664
8264 8689 8557
8913 8647 8152
8361 8996 8416
8303 9030 8436
8956 8506 8110
8661 8669 8254
8705 8655 8363
9024 8741 8028
8836 8460 8306
8451 8918 8427
8201 8554 8666
8097 8474 8707
8865 8586 8210
8925 8327 8293
8086 8442 8762
9053 8411 8174
8745 8533 8505
8464 8929 8239
8467 8985 8157
8965 8472 8287
8402 8648 8444
8806 8404 8383
8198 8367 8749
8056 8474 8743
8712 8453 8539
8919 8591 8170
8483 8555 8489
8026 8585 8802
8517 8720 8260
8954 8577 8043
8552 8758 8248
8053 8537 8794
8924 8656 8054
8532 8732 8249
8719 8648 8265
8806 8375 8431
8926 8556 8292
8568 8667 8264
8810 8648 8166
7943 8529 8732
7986 8110 8808
8429 8871 8233
8938 8741 7852
9048 8357 8179
8280 8432 8526
8426 8698 8409
8117 8204 8743
8177 8305 8615
8476 8665 8209
9007 8732 8023
8912 8741 7972
8606 8649 8216
8769 8267 8449
8193 8597 8443
8004 8533 8713
8049 8439 8755
8840 8634 8096
8863 8293 8287
8894 8406 8286
8726 8464 8493
8433 8621 8358
7963 8480 8769
8115 8272 8719
8738 8470 8339
8691 8496 8384
9010 8497 8016
8858 8626 8111
8623 8663 8189
8667 8592 8348
8928 8307 8183
8917 8566 8158
8153 8740 8279
8611 8521 8477
8917 8566 8158
8826 8507 8269
8735 8430 8453
8817 8530 8236
8892 8467 8248
8728 8534 8244
7992 8512 8765
8667 8632 8240
8689 8595 8243
7951 8441 8684
7976 8440 8765
8085 8160 8732
8983 8713 7936
8684 8315 8474
8327 8525 8409
7978 8502 8625
8421 8694 8401
8819 8220 8287
8953 8688 8021
8730 8353 8279
8612 8490 8318
8500 8633 8154
8519 8654 8119
8779 8582 8080
8973 8713 7982
8715 8588 8103
8734 8175 8312
8885 8329 8208
8560 8628 8202
8736 8541 8142
8883 8318 8235
8820 8551 8106
8638 8570 8195
8666 8580 8191
8611 8521 8263
8564 8523 8253
8809 8508 8217
8803 8525 8109
8689 8441 8284
8672 8558 8062
8711 8498 8140
8907 8250 8003
8968 8593 7976
8798 8436 8091
8756 8350 8115
8864 8296 8139
8784 8544 8047
8707 8532 8007
8578 8458 7967
8018 8431 8869
8083 8249 8974
8402 9446 8027
8452 8013 8790
8568 9350 7886
9228 8381 8278
8199 8110 8862
8065 8259 8971
8411 9389 8080
8749 8190 8738
8580 8967 8412
8091 9152 8351
8594 8916 8457
9016 8735 8256
8974 8630 8390
8146 8314 8900
8196 8566 8842
8503 9252 8264
8987 8450 8569
8606 9323 7972
8053 8300 8940
8792 8723 8478
8318 9112 8377
9106 8661 8102
8544 9170 8277
8602 8043 8772
8824 9027 7999
8367 9074 8385
9096 8525 8304
8111 8301 8937
8942 8872 8112
8202 8478 8818
9211 8434 8150
8539 8442 8687
9056 8683 7944
8210 8862 8622
8041 8420 8923
8284 9142 8398
8394 9012 8398
8342 8830 8649
8568 9001 8492
8639 9233 8229
8633 8149 8771
8223 9038 8513
8844 8147 8639
8195 8614 8725
8122 8327 8913
9199 8405 8273
8558 9270 8201
8480 9423 7934
8507 9109 8358
8871 9017 8123
8260 8413 8803
8555 8753 8634
8744 8350 8708
8663 8229 8752
8408 9212 8286
8452 8013 8790
8178 8578 8745
8696 8202 8766
8156 8387 8855
8644 9201 8026
8842 8547 8595
8862 8988 8209
9004 8425 8621
8931 8806 8216
8903 8792 8335
8434 9433 7977
8402 9315 8161
8365 9099 8383
8449 8461 8777
8808 9053 8036
8175 8584 8787
8307 9058 8431
8622 9339 7930
8129 8411 8873
8140 8341 8860
8781 8374 8692
8961 8694 8416
8657 9209 7987
8952 8750 8195
8880 8943 8136
8121 8371 8889
8652 9047 8180
8469 9443 7908
8628 8705 8643
8599 8781 8443
8723 9100 7890
9089 8472 8520
9075 8621 8280
8262 9133 8416
8162 9040 8548
9139 8458 8333
8722 9103 7920
8493 8814 8692
8763 8923 8225
8205 8906 8650
9187 8502 8307
8616 9298 8064
8335 9132 8343
8128 8944 8590
8692 9024 8152
8702 8603 8609
8718 8655 8564
8770 8886 8315
8530 9413 8048
8241 9036 8549
8528 9060 8344
9119 8360 8434
8602 8043 8772
8330 8348 8801
8916 8818 8167
8083 8983 8618
8291 9003 8525
8819 8206 8707
9127 8547 8295
8810 8294 8652
8060 8346 8926
8676 8468 8667
9033 8816 8093
8469 9443 7908
8657 9063 8077
8873 8534 8613
8645 9089 8219
8616 9298 8064
8714 8230 8750
8810 8294 8652
8850 9024 8095
9030 8365 8528
8838 8821 8405
9043 8480 8473
9123 8467 8332
9130 8394 8365
8434 9433 7977
8553 9371 7946
9187 8502 8307
8797 8219 8701
8822 9090 8022
8929 8659 8517
8557 9333 7937
8947 8779 8190
8261 8942 8587
8630 8941 8319
8077 9050 8558
8762 8866 8316
8553 9371 7946
8831 8840 8389
9069 8486 8365
9171 8384 8308
8874 8699 8425
8120 8361 8918
8530 9413 8048
8882 8607 8554
8411 8937 8562
8230 9059 8422
8888 8593 8557
9052 8619 8338
9069 8486 8365
8676 8468 8667
8797 8219 8701
8640 9279 8058
8639 9233 8229
9161 8457 8338
8568 9350 7886
8733 8241 8738
8715 8989 8171
8904 8822 8164
9016 8570 8568
9030 8365 8528
8678 8737 8439
8770 8886 8315
8831 8840 8389
9043 8480 8473
8733 8241 8738
9161 8457 8338
8553 9371 7946
8947 8779 8190
8678 8737 8439
8888 8593 8557
8655 9004 8166
8677 9051 8055
8554 8245 8728
8822 9090 8022
8163 8999 8550
8236 8992 8566
8702 8603 8609
9171 8384 8308
9127 8398 8416
8163 8999 8550
8236 8992 8566
8640 9279 8058
8554 8245 8728
8640 9279 8058
8904 8822 8164
8947 8779 8190
9016 8570 8568
8602 8043 8772
8568 9350 7886
8639 9233 8229
8810 8294 8652
8810 8294 8652
9016 8570 8568
9161 8457 8338
8024 9177 8217
8363 9416 7877
8601 8013 8703
9189 8378 8242
8701 8922 8032
8149 8899 8548
8764 8189 8690
8278 9300 7975
8179 8801 8602
8637 9023 8114
8509 9346 7944
8671 8931 8086
8561 9123 8194
8593 9271 7889
8393 9401 7920
8776 8242 8687
8758 8300 8634
8861 8646 8417
8943 8368 8608
8328 8661 8472
8534 9296 7977
9163 8323 8277
8456 8601 8493
9118 8262 8326
8575 9184 8169
8438 8887 8298
8623 8371 8635
8810 8463 8585
8585 9156 8138
8963 8368 8577
9107 8524 8220
8951 8567 8520
8655 8710 8385
8369 8655 8464
9011 8542 8436
8496 8775 8330
8454 8865 8405
8556 8957 8237
8447 8870 8349
8603 9010 8161
8313 8737 8427
9070 8480 8259
8527 8394 8603
9142 8444 8269
8444 8499 8610
8402 8969 8290
8801 8798 8144
9025 8476 8367
8629 8582 8438
8365 8997 8401
9034 8491 8259
9144 8437 8246
8570 8724 8388
8773 8752 8382
8603 8761 8179
8483 8794 8416
8803 8640 8428
9080 8472 8412
8365 8599 8531
9080 8425 8436
8406 8588 8583
8962 8570 8433
8629 8537 8581
8404 8908 8426
8486 8647 8432
9020 8498 8238
9024 8442 8422
9034 8491 8259
8403 8966 8386
8406 8588 8583
8106 8771 8500
8365 9344 7909
8586 9084 7832
8594 7966 8682
9071 8353 8330
8759 8135 8673
8240 8964 8397
8119 8769 8420
8614 8942 7945
8475 9251 7935
8871 8334 8400
8565 9072 8078
8942 8352 8350
9030 8442 8218
8961 8516 7896
8577 8994 7990
8491 9186 7917
8835 8232 8592
8697 8179 8649
8527 9279 7865
8432 8844 8370
8792 8299 8603
8645 8884 8024
9011 8425 8299
8833 8321 8574
8653 8798 8107
8700 8738 8007
8535 8901 8157
8397 8883 8285
8576 8249 8620
8642 8156 8658
8292 8848 8373
8508 9155 8133
8576 8719 8252
8799 8736 8080
8731 8536 8498
8430 8565 8480
8256 8648 8434
8679 8628 8321
8351 8528 8534
8959 8302 8474
9055 8410 8183
8509 9306 7869
8330 8570 8427
8689 8651 8306
8563 8900 8138
8485 9335 7892
8262 8579 8479
8480 8859 8237
8510 8801 8195
9053 8431 8258
8338 8605 8412
8508 8395 8525
8503 8775 8198
8384 8872 8337
8589 8909 7992
8829 8411 8341
8734 8412 8414
8586 8981 8120
8351 8801 8379
9040 8384 8292
8954 8524 8308
8757 8636 8120
8690 8237 8615
8598 8644 8338
8566 8773 8126
8649 8629 8407
9036 8384 8295
9040 8384 8292
8282 8523 8454
8451 9329 7786
8456 9242 7758
8479 7994 8651
8648 7969 8563
9053 8322 8240
8757 8713 8001
8612 8163 8634
8870 8408 8306
8681 8225 8543
9032 8331 8167
8628 8198 8597
8623 8788 8060
8459 9179 7916
8538 8594 8324
8491 9026 7854
8396 9105 7942
8988 8390 8271
8435 9073 7950
8294 8519 8410
8450 9067 8011
8931 8489 8009
8327 8488 8497
8366 8538 8360
8660 8445 8453
8346 8859 8273
8689 8484 8301
8319 8892 8154
8716 8395 8460
8524 8740 8110
8598 8833 7909
9015 8347 8160
8518 8969 8098
8570 8918 7871
8635 8285 8559
8370 8887 8131
8427 9209 7873
8386 9259 7817
8995 8369 8258
8653 8446 8399
8749 8500 8261
8558 9014 7815
8917 8456 8260
8505 9023 8091
8419 9238 7822
8526 9199 7801
8918 8423 8279
8482 9237 7768
8378 8831 8348
8383 8809 8326
8647 8299 8463
8435 8419 8480
8595 8561 8356
8637 8593 8248
8543 8949 8107
8581 8890 8071
8406 8557 8357
8557 8943 7939
8581 8458 8456
8383 9206 7934
8637 8499 8312
8386 8517 8460
8180 8818 8304
8423 9192 7873
8492 9129 7764
8554 8182 8516
9023 8288 8058
8388 9085 7916
8730 8628 7960
8928 8302 8167
8442 8917 8086
9001 8252 8235
8802 8214 8251
8504 8534 8317
8281 8417 8461
8852 8432 8240
8670 8645 7985
8525 8812 7809
8623 8374 8353
8202 8803 8281
8513 8673 8029
8397 8495 8344
8458 8872 7877
8657 8335 8303
8475 9119 7774
8411 8452 8403
8367 8862 8111
8569 8767 7939
8560 8273 8515
8330 8815 8141
8608 8746 8019
8299 8740 8303
8446 8853 8093
8661 8213 8414
8544 8800 7953
8311 8441 8443
8446 8418 8375
9001 8301 8084
8343 8750 8166
8557 8754 8004
8341 8425 8435
8564 8414 8441
8283 8777 8282
8283 8777 8282
8283 8777 8282
8243 8408 8410
8376 8259 8254
8400 9160 7820
8454 8951 7700
8806 8366 8176
8717 8593 7949
8531 8761 7898
8415 9072 7804
8266 8281 8384
8356 8440 8368
8350 8447 8379
8392 8810 8081
8316 8874 8025
8485 8743 7919
8434 8890 8007
8500 8366 8195
8470 8638 8010
8403 8851 8048
8424 8836 8080
8478 8632 8014
8256 8749 8193
8204 8806 8025
8276 9053 7812
8457 8716 7613
8481 8309 8152
8770 8169 8012
8432 8404 7933
8418 8711 8006
8400 8780 7813
8312 8803 7995
8360 8755 8020
8420 8767 7946
8302 8804 8013
8279 8740 7688
8345 8737 7987
8716 8032 7947
8362 8641 7861
8331 8736 7975
8223 8721 7807
8296 8647 7784
8309 8588 7933
7902 8122 9041
7923 8097 9045
8265 9230 8203
9251 8201 8034
9257 8171 8088
9119 8481 8090
8867 8821 8142
8739 8976 8315
9251 8201 8034
8203 9123 8399
8383 9017 8702
8762 8922 8287
9037 8710 8171
8622 8963 8436
7988 8332 9020
8496 9153 8275
8026 8518 8997
8239 8796 8870
8184 9120 8426
9161 8231 8239
9194 8366 8075
8926 8531 8533
9001 8583 8302
8595 8811 8585
8141 8288 9000
8941 8381 8493
8163 9091 8489
8034 8218 9024
8311 9192 8328
9067 8501 8195
8392 9165 8249
9019 8483 8415
8222 8363 8972
8316 9213 8259
9230 8142 8205
9206 8155 8234
8435 9109 8351
8075 8893 8760
8636 8462 8746
8543 9083 8312
8368 8456 8899
8330 9205 8228
8286 8683 8942
8557 8442 8805
8805 8897 8248
8411 8376 8913
8673 8749 8660
8904 8418 8574
9143 8253 8339
8112 8373 8981
8075 8893 8760
8428 8775 8789
8299 9174 8348
8647 9018 8386
8983 8319 8484
8463 8663 8812
8872 8765 8145
8517 8401 8844
8323 8609 8910
9237 8313 8181
8337 9050 8628
8199 8800 8924
8468 8642 8831
8154 8385 8975
8897 8671 8264
8925 8663 8559
8348 9069 8376
8969 8564 8357
8662 8616 8681
7977 8320 9029
9106 8297 8342
8062 8864 8774
8668 8834 8387
8239 8691 8932
8065 8903 8721
8657 8913 8441
8783 8627 8671
8418 8847 8655
8504 8695 8717
8140 8319 9008
8548 9034 8610
9257 8171 8088
8822 8641 8604
8751 8762 8552
9175 8245 8217
8847 8590 8619
8112 8373 8981
8793 8757 8452
9087 8400 8372
8939 8450 8476
8474 8406 8839
9068 8425 8161
9068 8425 8161
7956 8354 9011
8485 8595 8786
7955 8399 9000
8852 8543 8613
8724 8801 8581
9143 8253 8339
8258 8836 8768
8618 8694 8693
9095 8355 8332
8240 9054 8542
8877 8740 8229
7927 8165 9031
8699 8741 8673
8534 9061 8348
8480 8548 8832
8256 8690 8892
7911 8117 9038
8307 8651 8961
9027 8525 8379
8744 8814 8366
8055 8329 8990
8788 8636 8616
8943 8596 8467
8848 8679 8417
8630 8469 8741
9113 8353 8211
9103 8394 8201
8307 8651 8961
8714 8754 8597
9175 8245 8217
8047 8348 8990
8483 8868 8645
8952 8586 8469
8962 8547 8456
8525 8666 8771
8954 8450 8464
9194 8366 8075
8518 8731 8680
8892 8495 8627
8445 8718 8885
8703 8729 8606
8295 9067 8440
8772 8456 8674
9030 8472 8379
8440 8813 8669
8611 8854 8537
8483 8868 8645
8445 8718 8885
8482 9036 8652
7911 8117 9038
9214 8292 8207
8286 8683 8942
9237 8313 8181
8830 8573 8627
8574 8915 8454
9100 8324 8294
8625 8781 8657
7927 8165 9031
8516 8780 8698
9231 8365 8194
8511 8816 8651
8476 8367 8892
8564 8920 8537
8771 8611 8727
8611 8854 8537
8719 8665 8649
8830 8573 8627
9150 8248 8296
8926 8531 8533
8454 8743 8732
8357 8746 8801
8890 8531 8569
8496 8445 8799
8861 8565 8580
8454 8743 8732
8714 8754 8597
8496 8445 8799
9150 8248 8296
8568 8761 8659
8974 8416 8491
8861 8565 8580
8966 8325 8543
9214 8292 8207
8890 8531 8569
8047 8348 8990
8357 8746 8801
8574 8915 8454
8504 8695 8717
8974 8416 8491
8337 9050 8628
7902 8122 9041
8567 8611 8738
8925 8663 8559
8966 8325 8543
8771 8611 8727
8892 8495 8627
8703 8729 8606
7902 8122 9041
8445 8718 8885
8047 8348 8990
8307 8651 8961
8625 8781 8657
8483 8868 8645
8567 8611 8738
9231 8365 8194
8974 8416 8491
9068 8425 8161
7911 8117 9038
7927 8165 9031
8286 8683 8942
8504 8695 8717
8703 8729 8606
8926 8531 8533
9214 8292 8207
9251 8201 8034
9251 8201 8034
9257 8171 8088
7855 8065 9045
7855 8065 9045
8364 9017 8653
9213 8158 7996
9225 8149 8049
9214 8079 8192
8577 8942 8381
9126 8313 8078
9114 8194 8277
8344 8618 8833
8616 8741 8226
8236 8638 8934
8062 8863 8722
7941 8231 8998
8588 8823 8522
8933 8348 8493
9077 8383 8316
8104 8245 8960
8184 8724 8775
7969 8436 8982
9159 8268 8028
8538 8997 8588
8272 8629 8944
9090 8227 8237
8769 8531 8673
8721 8709 8436
8408 9004 8640
8998 8301 8370
8516 8662 8598
8359 8688 8805
8227 8702 8788
9064 8317 8352
8784 8653 8404
9183 8233 8052
8076 8335 8970
9162 8258 8195
8393 8558 8819
8458 8650 8741
8479 8480 8832
9046 8296 8365
8553 8621 8564
9025 8455 8356
8638 8607 8596
8473 8549 8711
8022 8414 8974
8678 8631 8545
8189 8735 8738
8811 8631 8462
8470 8504 8748
8722 8571 8631
8476 8843 8612
8022 8414 8974
8903 8611 8483
8706 8502 8725
8748 8544 8606
8880 8390 8555
8835 8564 8588
8857 8590 8558
8790 8542 8623
8912 8521 8530
8911 8599 8517
8863 8457 8552
8813 8494 8597
8914 8483 8521
8866 8597 8544
8887 8593 8530
9086 8302 8364
7842 8031 9003
7867 8005 8997
8355 9002 8607
9104 8170 7965
9216 8128 8022
9073 8317 8290
8170 8477 8940
8327 8299 8822
8658 8678 8421
8996 8417 8096
9081 8282 8052
8064 8636 8764
8426 8840 8598
8503 8896 8565
8683 8653 8144
9094 8168 8187
8262 8674 8725
8977 8371 8345
8912 8375 8406
8073 8303 8960
8947 8444 8344
8398 8975 8582
8587 8564 8590
8431 8453 8787
7846 8165 8990
8907 8548 8457
8742 8515 8605
8904 8586 8486
8414 8641 8662
8522 8849 8519
8621 8608 8542
8876 8474 8516
8672 8515 8663
8511 8498 8704
8383 8531 8746
8447 8500 8713
8466 8476 8754
8531 8593 8571
8781 8489 8581
8826 8593 8529
8416 8619 8734
8772 8589 8538
8650 8604 8541
8836 8540 8514
8906 8482 8500
8841 8495 8542
8394 8593 8741
8828 8487 8567
7744 8079 8968
8311 8967 8591
9076 8171 7817
9143 8128 7949
8635 8648 8240
7999 8264 8946
8493 8854 8526
8506 8692 8442
8902 8468 8393
8144 8453 8805
8363 8878 8527
8093 8466 8891
9035 8296 8060
8626 8426 8657
8978 8223 8196
8765 8569 8503
8873 8551 8438
8258 8280 8809
8288 8636 8608
8781 8488 8556
8428 8421 8721
9059 8164 8111
8230 8584 8737
8938 8334 8156
8566 8477 8595
8024 8381 8924
8037 8359 8914
8389 8293 8741
9034 8202 8185
8266 8596 8722
8844 8350 8461
8396 8578 8703
8912 8327 8229
9011 8313 8160
8812 8564 8480
9024 8316 8108
8813 8514 8462
8283 8517 8716
8508 8478 8704
8333 8570 8711
8035 8316 8928
7861 8038 8929
8248 8838 8475
9001 8000 8105
9134 8114 7906
8427 8741 8260
9032 8287 8010
9030 8166 8016
8419 8832 8351
8222 8597 8597
8114 8228 8787
8612 8632 8171
8428 8641 8398
8148 8576 8736
8490 8356 8682
8657 8503 8495
8061 8314 8757
8878 8301 8294
8353 8575 8570
7910 8353 8891
8039 8424 8832
7991 8206 8921
8925 8224 8121
8566 8340 8610
8011 8389 8859
8547 8409 8646
8746 8404 8544
7965 8454 8862
8818 8531 8128
8443 8436 8546
8897 8251 8196
8271 8569 8650
8900 8269 8148
8895 8419 8243
8764 8468 8523
8871 8329 8381
8390 8354 8703
8867 8499 8431
8378 8487 8653
8417 8539 8494
7981 8257 8887
8776 8561 8453
8784 8462 8438
8371 8474 8690
8746 8518 8481
8779 8523 8409
8780 8498 8452
7755 8214 8877
7954 8142 8920
8341 8681 8340
8939 8132 7993
8734 8559 8307
8325 8521 8569
8532 8550 8355
8147 8497 8679
8875 8401 8070
8722 8530 8411
8037 8278 8722
7926 8351 8794
8895 8291 8215
8398 8236 8656
8763 8418 8519
8431 8327 8559
8870 8317 8116
8085 8156 8695
8865 8497 8236
7904 8248 8847
7858 8144 8878
8753 8444 8454
7799 8152 8854
8826 8234 8424
8499 8553 8316
8012 8348 8806
7968 8313 8822
8833 8422 8393
8338 8462 8685
8083 8300 8700
8862 8436 8310
8826 8447 8416
7794 8267 8800
7909 8138 8908
8642 8495 8283
8895 8234 7937
8129 8465 8577
8271 8337 8674
8311 8248 8534
8576 8395 8336
8563 8390 8484
8847 8367 8113
7886 8183 8776
8082 8209 8699
8745 8322 8435
8882 8258 8150
8832 8229 8268
7926 8155 8780
8721 8381 8439
7983 8151 8747
7990 8249 8703
8797 8367 8414
8810 8379 8290
8806 8392 8400
8787 8141 8420
7813 8127 8783
7877 8078 8875
8592 8428 8187
8792 8018 8130
8829 8271 8049
8882 8252 8066
8386 8372 8477
8087 8310 8601
8501 8177 8390
8107 8086 8597
8486 8296 8414
8880 8230 8090
8867 8118 8094
7794 7950 8870
8028 8301 8459
8861 8095 8086
8252 8267 8434
7797 8057 8841
8000 7951 8505
8240 8198 8471
8002 7995 8495
