1329 35.635
8554 9132 8374
8564 9009 8505
8627 8978 8448
8542 8744 8742
8614 8855 8513
8556 8748 8705
8636 8950 8461
8503 8956 8548
8580 8946 8494
8587 8950 8468
8542 8744 8742
8554 9132 8374
8857 8686 8252
8488 9018 8477
8548 9109 8329
8488 9018 8477
8548 9109 8329
8487 9065 8481
8547 9075 8397
8608 9095 8428
8610 9056 8428
8432 9052 8340
8497 9067 8295
8537 9022 8287
8562 9095 8404
8557 8986 8400
8554 9132 8374
8548 9109 8329
8418 9061 8275
8554 9132 8374
8554 9132 8374
8608 9095 8428
8528 9084 8437
8444 9080 8375
8444 9080 8375
8554 9132 8374
8488 9087 8428
8444 9080 8375
8548 9109 8329
8395 8959 8340
8509 9069 8426
8515 9082 8401
8464 9125 8297
8554 9132 8374
8554 9132 8374
8515 9082 8401
8547 9075 8397
8488 9087 8428
8552 9087 8379
8503 9054 8366
8554 9132 8374
8533 9051 8439
8527 9083 8439
8557 8986 8400
8488 9087 8428
8537 9022 8287
8514 9065 8379
8552 9087 8379
8554 9132 8374
8510 9103 8358
8497 9067 8295
8532 9090 8284
8444 9080 8375
8510 9103 8358
8488 9029 8369
8554 9132 8374
8554 9132 8374
8497 9067 8295
8547 9075 8397
8566 9047 8461
8527 9083 8439
8533 9051 8439
8446 9001 8374
8515 9082 8401
8548 9109 8329
8515 9082 8401
8541 9060 8337
8510 9103 8358
8510 9103 8358
8488 9029 8369
8554 9132 8374
8509 9069 8426
8487 9065 8481
8488 9087 8428
8488 9087 8428
8552 9087 8379
8446 9001 8374
8548 9109 8329
8520 9088 8424
8551 9069 8339
8548 9109 8329
8554 9132 8374
8510 9103 8358
8497 9067 8295
8547 9075 8397
8501 9029 8316
8554 9132 8374
8497 9067 8295
8536 9027 8365
8548 9109 8329
8488 9087 8428
8588 9075 8385
8488 9018 8477
8589 9045 8455
8515 9082 8401
8554 9132 8374
8497 9067 8295
8554 9132 8374
8527 9083 8439
8488 9087 8428
8433 8965 8311
8515 9082 8401
8532 9049 8315
8533 9051 8439
8470 9004 8464
8497 9067 8295
8497 9067 8295
8501 9029 8316
8497 9067 8295
8552 9087 8379
8463 9023 8345
8554 9132 8374
8547 9075 8397
8478 9031 8322
8470 9004 8464
8554 9132 8374
8548 9109 8329
8519 9018 8247
8537 9022 8287
8552 9087 8379
8520 9097 8335
8488 9029 8369
8488 9029 8369
8515 9082 8401
8509 9069 8426
8488 9087 8428
8503 9054 8366
8488 9087 8428
8548 9109 8329
8552 9087 8379
8503 9033 8324
8554 9132 8374
8510 9103 8358
8552 9087 8379
8541 9060 8337
8497 9067 8295
8444 9080 8375
8446 9001 8374
8422 9023 8296
8554 9132 8374
8554 9132 8374
8522 9069 8297
8393 9001 8389
8554 9132 8374
8548 9109 8329
8510 9103 8358
8554 9132 8374
8497 9067 8295
8566 9047 8461
8487 9065 8481
8444 9080 8375
8548 9109 8329
8478 9031 8322
8515 9082 8401
8478 9031 8322
8547 9075 8397
8475 8957 8332
8543 9021 8337
8515 9082 8401
8470 9058 8311
8478 9031 8322
8554 9132 8374
8509 9069 8426
8507 8995 8345
8554 9132 8374
8552 9087 8379
8497 9067 8295
8527 9083 8439
8488 9087 8428
8514 9065 8379
8535 9096 8401
8527 9083 8439
8552 9087 8379
8554 9132 8374
8509 9069 8426
8552 9087 8379
8509 9069 8426
8497 9067 8295
8554 9132 8374
8488 9018 8477
8548 9109 8329
8509 9069 8426
8527 9083 8439
8520 9088 8424
8548 9109 8329
8497 9067 8295
8393 9001 8389
8497 9067 8295
8547 9075 8397
8547 9075 8397
8488 9029 8369
8478 9031 8322
8548 9109 8329
8554 9132 8374
8548 9109 8329
8548 9109 8329
8554 9132 8374
8444 9080 8375
8444 9080 8375
8497 9067 8295
8488 9087 8428
8554 9132 8374
8515 9082 8401
8535 9076 8352
8515 9082 8401
8510 9103 8358
8424 8923 8363
8510 9103 8358
8519 9018 8247
8548 9109 8329
8543 9021 8337
8515 9082 8401
8523 9056 8383
8570 9089 8457
8554 9132 8374
8503 9054 8366
8509 9069 8426
8488 9087 8428
8547 9075 8397
8509 9069 8426
8510 9103 8358
8554 9132 8374
8552 9087 8379
8537 9022 8287
8487 9065 8481
8552 9087 8379
8554 9132 8374
8482 9006 8324
8509 9069 8426
8527 9083 8439
8548 9109 8329
8548 9109 8329
8510 9103 8358
8497 9067 8295
8497 9067 8295
8432 9052 8340
8444 9080 8375
8481 9141 8389
8548 9109 8329
8547 9075 8397
8488 9018 8477
8543 9021 8337
8470 9004 8464
8557 8986 8400
8393 9001 8389
8510 9103 8358
8478 9031 8322
8510 9103 8358
8535 9076 8352
8543 9021 8337
8515 9082 8401
8530 9045 8289
8488 9029 8369
8548 9109 8329
8527 9112 8427
8464 9125 8297
8470 9004 8464
8510 9103 8358
8444 9080 8375
8488 9029 8369
8532 9090 8284
8554 9132 8374
8433 8965 8311
8510 9103 8358
8510 9103 8358
8452 8987 8328
8478 9031 8322
8510 9103 8358
8488 9029 8369
8509 9069 8426
8537 9022 8287
8554 9132 8374
8543 9021 8337
8510 9103 8358
8547 9075 8397
8537 9022 8287
8488 9087 8428
8497 9067 8295
8488 9029 8369
8488 9087 8428
8527 9083 8439
8552 9087 8379
8488 9087 8428
8552 9087 8379
8464 9125 8297
8570 9089 8457
8554 9132 8374
8554 9132 8374
8608 9095 8428
8527 9083 8439
8470 9004 8464
8509 9069 8426
8537 9022 8287
8510 9103 8358
8527 9083 8439
8527 9083 8439
8497 9067 8295
8501 9029 8316
8554 9132 8374
8552 9087 8379
8527 9083 8439
8488 9087 8428
8536 9130 8333
8554 9132 8374
8547 9075 8397
8509 9069 8426
8514 9065 8379
8509 9069 8426
8520 9088 8424
8393 9001 8389
8510 9103 8358
8515 9082 8401
8487 9065 8481
8497 9067 8295
8554 9132 8374
8527 9083 8439
8475 8957 8332
8527 9083 8439
8560 9014 8426
8433 8965 8311
8497 9067 8295
8527 9083 8439
8554 9132 8374
8541 9060 8337
8510 9103 8358
8554 9132 8374
8554 9132 8374
8517 9056 8420
8497 9067 8295
8488 9087 8428
8527 9083 8439
8515 9082 8401
8488 9029 8369
8547 9075 8397
8509 9069 8426
8488 9018 8477
8470 9004 8464
8444 9080 8375
8497 9067 8295
8521 8981 8450
8488 9018 8477
8554 9132 8374
8533 8983 8310
8487 9065 8481
8535 9076 8352
8533 9051 8439
8497 9067 8295
8510 9103 8358
8543 9021 8337
8513 9031 8447
8432 9052 8340
8554 9132 8374
8444 9080 8375
8509 9069 8426
8554 9132 8374
8488 9087 8428
8509 9069 8426
8448 8962 8374
8464 9125 8297
8554 9132 8374
8554 9132 8374
8548 9109 8329
8497 9067 8295
8515 9082 8401
8548 9109 8329
8510 9103 8358
8497 9067 8295
8433 8965 8311
8608 9095 8428
8509 9069 8426
8548 9109 8329
8547 9075 8397
8552 9087 8379
8527 9083 8439
8552 9087 8379
8547 9075 8397
8514 9065 8379
8548 9109 8329
8543 9021 8337
8548 9109 8329
8444 9080 8375
8548 9109 8329
8515 9082 8401
8557 8986 8400
8444 9080 8375
8497 9067 8295
8480 9067 8313
8554 9132 8374
8530 9045 8289
8566 9047 8461
8501 9029 8316
8547 9075 8397
8488 9029 8369
8488 9018 8477
8509 9069 8426
8552 9087 8379
8548 9109 8329
8515 9082 8401
8557 8986 8400
8527 9083 8439
8393 9001 8389
8527 9083 8439
8547 9075 8397
8527 9083 8439
8497 9067 8295
8488 9018 8477
8493 9025 8322
8509 9069 8426
8454 8985 8419
8482 9006 8324
8497 9067 8295
8497 9067 8295
8497 9067 8295
8433 8965 8311
8548 9109 8329
8444 9080 8375
8497 9067 8295
8547 9075 8397
8515 9082 8401
8515 9082 8401
8510 9103 8358
8478 9031 8322
8532 9090 8284
8548 9109 8329
8535 9076 8352
8478 9031 8322
8552 9087 8379
8608 9095 8428
8447 9025 8298
8433 8965 8311
8515 9082 8401
8510 9103 8358
8547 9075 8397
8552 9087 8379
8487 9065 8481
8510 9103 8358
8488 9087 8428
8547 9075 8397
8497 9067 8295
8433 8965 8311
8589 9045 8455
8533 9051 8439
8547 9075 8397
8541 9060 8337
8488 9087 8428
8548 9109 8329
8488 9087 8428
8547 9075 8397
8420 8961 8342
8554 9132 8374
8446 9001 8374
8515 9082 8401
8488 9087 8428
8510 9103 8358
8554 9132 8374
8552 9087 8379
8554 9132 8374
8488 9018 8477
8478 9031 8322
8497 9067 8295
8488 9029 8369
8393 9001 8389
