1823 124.041
9328 8719 8250
7714 9410 8682
7852 8612 9203
8684 8486 8978
9008 9021 8317
9026 8742 8517
8717 9269 8349
7418 8474 9391
8511 7957 9175
9502 8795 7490
8942 8098 8925
8014 9674 8214
7948 7817 9435
7705 9182 8903
7958 9506 8476
9606 8319 8183
8714 8768 8748
8897 9387 7713
8066 9256 8791
9298 8948 7998
8251 8396 9187
9016 8460 8750
8122 9000 8996
7466 8881 9199
8718 9022 8540
8395 9525 8315
8688 9499 8047
9613 8421 7666
8414 9278 8543
9199 9186 7601
8224 9742 7947
9343 8438 8473
9528 8112 8410
9007 9242 8074
7651 8166 9435
8422 9024 8786
9211 7970 8662
8413 8766 9006
8331 8804 8955
9581 8327 8099
7466 8881 9199
7884 8796 9078
9493 8169 8365
7437 8468 9411
9196 8665 8291
8177 8908 8986
9369 8817 7727
9148 8881 8212
8353 9546 8234
8080 9263 8761
8970 9313 7680
8306 8330 9129
9016 8044 8802
7751 9388 8644
8536 9516 8077
9007 9242 8074
7980 7687 9359
8535 8691 8852
7891 9390 8571
8177 9377 8417
7989 9630 8251
8685 9282 8211
9610 8441 7786
8234 9705 7975
8987 8542 8656
7651 8166 9435
8303 8026 9155
8595 8239 9030
9196 8167 8650
8756 8998 8526
9053 9207 7662
8999 8596 8567
9124 8477 8439
9505 8729 7553
7773 9138 8909
8538 8920 8716
8649 9499 8107
7507 8690 9245
8586 8613 8843
8538 8920 8716
8950 8630 8540
8165 9262 8706
9091 8499 8688
7403 8476 9360
8920 8142 8860
8543 7917 9161
8249 8737 9042
9613 8421 7666
7796 9043 8903
7714 9410 8682
7738 8150 9399
8518 8418 9006
9040 9164 7763
8071 9571 8234
8010 8027 9327
9379 8816 7775
9256 8787 8137
8651 8977 8565
8267 9105 8601
8038 9591 8277
8312 9606 7958
8045 9486 8383
9015 9008 8102
9528 8112 8410
9192 8057 8685
9457 8189 8366
7787 9136 8913
8116 8080 9250
9440 8445 8242
7832 8608 9219
9479 8751 7635
8928 9362 7675
9227 9109 7645
8470 9219 8367
8942 8098 8925
8134 7907 9241
8103 9405 8422
9507 8780 7510
9424 8222 8334
9290 8191 8638
9150 9188 7689
9026 8742 8517
8700 9506 7998
7448 8612 9278
7806 8949 9038
8928 9334 7688
8519 9397 8202
7651 8889 9137
8395 9525 8315
7989 9630 8251
9440 8445 8242
8272 9110 8592
9016 8460 8750
8558 9070 8623
9426 8705 8003
8274 9653 7971
8609 8687 8829
8554 8203 9124
8107 8016 9278
7768 9322 8658
9367 8645 8102
7856 8319 9294
7714 9410 8682
7787 9136 8913
8422 9024 8786
7958 8742 9169
8819 9019 8397
9528 8112 8410
8742 8453 8937
8931 9302 7911
9401 8796 7600
8168 8706 9052
9528 8112 8410
8829 8961 8629
7980 7687 9359
9007 9242 8074
8395 9525 8315
8928 9362 7675
8832 8762 8598
8684 8486 8978
9053 9207 7662
7809 9113 8899
8519 9397 8202
9401 8796 7600
7804 8965 9018
9507 8780 7510
8066 9256 8791
9466 8369 8195
7466 8881 9199
9211 7970 8662
8955 9079 8233
8338 9672 7923
7412 8523 9325
8331 8804 8955
9501 8605 7968
9251 8381 8498
8619 8769 8724
8017 9416 8424
7973 8351 9193
8832 8093 8958
8821 8284 8839
7651 8166 9435
9361 8661 8215
8349 9140 8549
8295 9090 8731
7650 8709 9218
8563 9516 8003
8014 9688 8171
8511 8225 9118
7714 9410 8682
8649 9499 8107
8224 9742 7947
9102 8913 8155
7913 9416 8558
8703 8592 8790
8041 8580 9105
8339 9172 8564
9507 8780 7510
7714 9410 8682
8843 8265 8888
9610 8441 7786
7787 9136 8913
7543 8904 9175
9559 8375 8100
8080 9263 8761
9168 8542 8371
8070 9608 8174
8669 8547 8960
7994 9596 8253
7438 8474 9373
8199 7975 9215
9206 8690 8262
8898 9338 7730
9063 8627 8487
8312 8817 8968
9395 8867 7650
8010 8027 9327
9119 8275 8613
8717 9269 8349
9528 8112 8410
7806 9041 8944
8413 9040 8724
8700 9051 8467
7933 8167 9257
9266 9085 7605
7856 8319 9294
9192 8057 8685
8886 9179 8232
7738 8150 9399
8031 9673 8174
9412 8717 8053
8209 8856 8938
7705 9182 8903
9001 8571 8585
9104 9161 7802
7488 8458 9389
8224 9742 7947
8538 8920 8716
7714 9410 8682
8165 9023 8971
9458 8167 8437
9290 8191 8638
9361 8661 8215
8098 7850 9355
9379 8302 8419
9606 8319 8183
8402 9400 8205
9053 9207 7662
8649 9499 8107
8610 9070 8602
8251 8396 9187
8928 9362 7675
8870 8142 8910
8917 8571 8622
9015 9008 8102
8530 9161 8476
7773 8477 9239
8721 8542 8774
7764 9348 8669
9507 8780 7510
9349 8888 7580
8511 7957 9175
8522 9289 8357
8777 8368 8837
7543 8904 9175
7891 9390 8571
8745 9241 8241
8649 9499 8107
9606 8319 8183
7758 8499 9342
9015 9008 8102
8554 8203 9124
8312 9606 7958
9266 9085 7605
8993 8353 8784
7651 8166 9435
7891 9390 8571
8071 9571 8234
8525 8870 8717
9426 8705 8003
8950 8630 8540
9458 8167 8437
7744 9388 8705
7329 8745 9243
9016 8044 8802
8479 9018 8646
8335 8667 9022
9482 8765 7580
7804 8965 9018
8107 8016 9278
9040 9164 7763
8610 9070 8602
8029 9628 8192
7758 9334 8683
9424 8222 8334
7434 8521 9334
8507 8439 9036
9290 8191 8638
8010 8027 9327
8970 9313 7680
8262 9120 8585
9298 8948 7998
9206 8690 8262
7758 9118 8937
9006 8938 8376
7833 9424 8505
7651 8166 9435
7793 9372 8657
7412 8523 9325
8649 9499 8107
7705 9182 8903
8583 7940 9111
9507 8780 7510
8584 8356 9029
9610 8441 7786
9192 8057 8685
8555 8940 8664
8103 7914 9327
9068 8728 8385
8498 8947 8749
8029 9628 8192
7714 9410 8682
8470 9219 8367
8107 8016 9278
9257 9108 7587
8961 8543 8597
8714 8768 8748
9440 8445 8242
7646 8784 9237
9396 8721 8051
8159 8924 9053
8886 9179 8232
8267 8630 9073
9363 8298 8446
8920 8142 8860
8504 9193 8408
9511 8157 8411
9353 8767 7782
8392 9544 8198
8897 9387 7713
8269 9648 8097
7669 8513 9259
8609 8819 8794
8144 9326 8463
8070 9608 8174
7418 8474 9391
8823 8327 8792
8869 8253 8929
8010 8027 9327
7804 8965 9018
7758 9168 8870
8643 9051 8594
9322 8724 8166
8256 9690 7873
7651 8889 9137
9202 8218 8649
9200 8526 8421
8199 7975 9215
8538 8920 8716
8103 9405 8422
8931 9302 7911
7873 9326 8617
9528 8112 8410
8862 8711 8588
9507 8780 7510
8486 8464 8981
8928 9362 7675
8670 9317 8316
8688 9499 8047
8962 9113 8179
8306 8330 9129
9475 8430 8141
9610 8441 7786
9175 9207 7615
9358 8830 7771
7714 9410 8682
8312 8817 8968
8123 9352 8594
8522 9289 8357
9507 8780 7510
7438 8474 9373
8587 8930 8689
7969 9152 8891
8103 7914 9327
8974 9112 8209
8476 7842 9185
8255 8654 9090
9046 8664 8454
9150 9188 7689
9196 8665 8291
9613 8421 7666
7705 9182 8903
8649 9499 8107
8070 9608 8174
8450 9008 8764
8224 9742 7947
9528 8112 8410
8259 9206 8547
8733 8723 8773
8178 9030 8895
9153 8228 8626
7751 9388 8644
8616 8570 8930
9484 8326 8139
9016 8044 8802
9251 8381 8498
9325 8769 7961
8928 9362 7675
8107 8016 9278
9040 9164 7763
9101 8243 8630
7543 8904 9175
