3 0.38254
27914 28305 27152
27916 27721 27277
28028 27867 27023
28292 27714 28305
28177 28575 26821
28508 28508 27487
27313 27453 27140
28139 28300 27807
27715 28308 26940
27622 28594 27574
28326 28198 26947
28212 28081 27612
27382 28148 26585
27757 26878 27494
28240 28417 26706
27839 27662 27814
28184 28117 26719
27940 27579 27486
28273 27672 26695
27649 27773 26360
27441 28251 26844
27845 28174 26513
28054 28934 27170
28157 28538 26932
28081 28235 26938
27710 27714 27050
28442 27655 27877
27571 27210 27162
27607 27755 26683
27290 27852 26456
27787 28124 26750
27784 27973 27022
26709 26980 26757
27949 27472 27862
27360 28094 27501
26828 26667 26931
27184 27942 26079
27469 27566 27422
27582 27813 27046
27228 27978 26710
27996 28666 26650
27483 28293 26583
27300 28371 26687
28301 27297 26870
28446 27964 27923
28319 28627 27178
28202 28202 27332
27372 28110 26126
27828 27833 27217
26868 27557 26664
28182 27878 26328
27750 27229 26843
28187 28125 26768
26852 27622 27948
27590 27412 27636
27786 28062 26494
27761 27866 26482
27318 27210 26740
27842 28287 26747
27477 27643 26992
27933 28701 26951
28201 28483 26864
27373 28429 26458
26680 27060 27491
27230 28757 27001
27682 27547 27134
26682 27846 25993
26166 26541 26950
27702 28818 26417
27968 27981 26525
27820 28888 26972
27934 28334 27415
28170 28194 26827
27885 28118 26491
28476 27728 27243
28032 28050 26750
26090 27104 26103
28259 27685 26935
28330 28163 26974
27688 28047 27276
27284 27289 26941
27984 28235 26852
28002 27657 27977
28050 27784 27402
27535 27743 26444
28629 27605 27253
28120 27659 26434
27504 28132 27224
28312 28357 26943
27420 27975 27177
27648 27868 26903
27863 27750 26732
28027 27809 27075
28316 28111 27608
27635 28079 25990
28067 28605 27226
27463 27979 27100
28802 27484 27341
27660 27559 26656
27666 28189 27121
27764 27694 26683
27230 26712 27741
28283 27818 27014
28261 28154 27302
28593 28147 27537
27952 27680 26316
26876 27146 26714
27979 28318 26927
27625 28522 26733
27864 28312 26911
27007 27047 27249
26838 27975 26848
27987 28871 26968
27337 27329 27037
27154 27498 27201
27322 27604 27665
27865 27582 27160
28354 27828 26833
27945 28128 27055
28612 27947 27868
27701 28451 27271
28365 28302 26747
27526 27268 27271
28009 28097 27071
27295 27070 27500
27701 28308 26472
27637 27505 25843
26276 25979 25956
28230 28118 26752
27550 28039 26695
27986 28159 27015
27400 28017 27437
28062 27621 26945
27701 27678 27693
27867 27477 28065
27437 27970 27075
28172 28099 27156
28294 28473 26394
27586 26629 27385
27169 26933 27367
27562 27142 27261
27470 26781 26987
28098 27590 27856
28374 28047 27357
27212 27909 26717
27327 27816 26966
27775 27883 26373
27547 27421 26161
28277 28608 26699
27936 28002 28292
27328 27526 26816
27807 28003 26986
27747 27907 26603
28454 27818 27151
27610 27140 26606
27653 27573 27449
28100 28088 25991
27548 27812 27345
27182 27887 26884
28297 27901 27102
27266 27798 27233
27582 27823 27615
27231 27897 26865
27371 28284 27389
28410 27903 27215
27306 27463 27395
28088 28220 26723
27911 28164 26736
27669 27927 27444
26976 27301 26061
28532 27942 26474
28389 28468 26956
27896 27816 27404
28043 27986 26738
27835 28288 26806
27647 27173 25940
27427 28123 26668
27646 27987 26726
27875 27934 26791
27679 28185 27463
28380 27458 27686
27124 27348 26777
28187 28249 26819
27968 28099 26653
27911 27883 27528
27857 28197 26553
28300 28498 26918
28124 28451 26910
28477 28279 26702
27826 27952 26260
28242 28207 27487
27988 28365 27547
27993 28362 26824
28034 28020 26617
27334 28290 27083
28005 28224 27353
28202 27777 27008
28021 27189 27411
27706 28537 27263
28348 27841 26618
28691 28603 27154
27695 27994 27976
27673 27426 26828
27755 28028 26570
28405 28149 26663
27642 26939 27821
28166 28395 26875
27624 27787 26431
27423 28039 26910
26784 28379 27165
27558 27461 27190
26805 27529 27343
27659 27952 26451
27862 28312 26988
26852 28590 26619
27403 28460 27452
26830 28227 26189
27445 26681 28145
27969 27103 27479
27726 28175 27995
27662 27631 27145
27324 27339 27004
28540 27820 27447
28010 28075 26548
27179 27575 27334
28000 27502 27043
27809 27900 27207
27948 27612 27497
27838 28263 27101
27646 27543 27498
28097 27993 27185
27561 27647 27284
27787 27861 26622
27706 28142 27119
27356 28076 26141
27221 27952 26634
28399 28386 27373
27956 27944 27616
26831 27566 27003
27448 27928 26452
27633 28007 26575
27327 27730 26471
27562 27827 26530
27189 28720 26669
28198 27548 27248
27553 27650 26392
27544 28266 27273
28495 28139 27021
27940 28152 26386
27658 27358 27343
27847 28116 26811
27755 28225 27209
27576 27489 26501
28350 28218 26459
28025 28029 26771
28070 28314 27193
27968 28350 26888
27655 27885 27053
27549 28234 26673
27825 27923 27311
27949 27997 26952
27628 28000 27019
27682 27802 26992
27171 28180 26958
28288 28188 26855
27538 27228 26483
28260 28190 26712
27588 28425 26731
27594 27426 26816
28196 27539 26895
27948 27851 27611
28246 28331 26897
27605 28017 26796
27862 28070 27091
28175 28597 26923
27353 27437 26681
27490 28002 26800
28688 28721 26899
27545 28256 27331
27536 26812 27483
28290 28174 26965
27215 28758 26626
28158 27968 27256
26906 27293 26777
27061 27973 27522
28027 28142 27570
28092 27722 26970
27168 27320 27347
27448 27512 26892
26892 27872 27248
27637 28332 26270
26225 27800 26193
27858 28031 26895
27098 27626 26683
28226 28731 26738
28063 28356 26973
27336 27417 27691
27234 27755 26192
27006 27894 26722
28151 27012 27111
27380 27810 26591
28177 27484 26968
27610 26786 26748
28556 28197 27114
28169 27586 26931
28167 28644 27013
27871 27925 26844
27703 28396 26738
27910 28060 27328
27209 28561 27712
28013 27497 27521
26741 28609 27016
28582 27948 27280
28119 27936 26744
27317 26838 27995
27572 27860 26693
27698 28437 26978
27973 27399 26626
27384 27715 26757
27037 27575 27382
27559 27894 26523
28689 28281 27167
28044 27872 26801
28320 28207 27247
27561 27351 26987
27403 28057 26892
28076 28327 27467
27867 28061 26829
27362 27419 27330
28025 28148 27575
27976 27759 26881
27398 28433 26916
27962 28419 26997
26955 27906 27350
27040 28097 27499
27756 28066 27063
27403 27257 27380
27792 28240 26419
28030 28099 26933
27645 27213 27384
27446 27931 26953
27656 28514 26918
27475 27631 26787
27453 27819 25928
26373 27785 26861
27886 28697 26912
27472 27966 26526
27543 27617 26514
28101 28456 26750
27851 28089 26968
28031 27869 26313
27445 27127 27412
27301 27581 26377
27046 28221 26728
27963 28239 26833
27321 27568 27371
28076 28099 27255
28258 28570 27177
27642 27552 26390
27873 27759 26459
28418 28084 26696
28098 27943 27436
26059 27799 26549
27901 28216 26920
27843 27788 27473
27975 27357 26784
28007 28394 26401
28183 27669 26537
26882 27552 27568
27645 28642 27235
26482 26816 25982
27441 28083 26086
27209 27918 26446
27777 28232 26994
28120 27577 27655
27000 27539 27173
26672 28056 26974
26671 27996 27442
28296 28442 26934
27157 28075 27250
27586 27722 27330
28018 27534 26970
28195 27651 26176
28683 28247 27260
27843 28232 26569
27514 27489 27162
27999 28230 27361
28103 27395 27123
27142 26410 26803
27461 27962 26260
27535 27965 26372
28098 28135 26533
28233 27195 26974
26973 26778 26776
27474 27950 26894
26861 27565 25446
28090 27954 26930
28021 28010 26603
27912 28335 26596
27892 28500 26880
27295 28104 26689
28147 27878 27446
28298 28349 26913
27422 27504 27141
28255 28271 27076
27562 27644 26798
27633 28184 26799
28561 28205 27304
27909 27996 26883
28159 28530 27319
27816 27564 26894
27702 26983 27505
28439 28090 26625
28170 27938 26550
28205 28438 26533
27527 27532 27142
27689 28015 27182
27912 28239 26752
27974 27881 26816
27762 27873 27293
28615 28130 27522
27419 27888 26314
27324 27776 26517
27827 28254 27381
27400 27553 27376
27689 27554 27028
27310 27998 26665
28337 28427 26668
27680 27471 26963
27522 27337 26961
27406 27645 26854
27666 27770 26819
28411 28481 26885
28065 27511 27183
28512 28059 26784
27992 27291 26914
27860 27131 26457
28171 27635 27540
27621 28189 27014
27567 28035 27500
27558 27858 26675
27264 27334 26681
28276 27973 26441
27618 28011 26761
28205 28793 27117
28137 27901 27928
27693 27554 26346
27514 28507 27272
28373 28468 27445
27534 28093 27063
27833 27581 27114
27816 27940 26851
