69 26.8444
28856 30457 30761
29130 30049 31065
29214 32755 28418
29443 29487 30920
31483 31265 30172
31001 31648 28809
29214 32755 28418
31138 31925 28778
30961 31727 29176
30301 32588 29339
30169 31739 30262
30011 32481 29603
29331 29929 30808
30304 31909 30074
29007 30146 31049
29411 29778 30817
31096 31476 30271
31130 31360 30314
30226 30672 30544
29823 30892 30561
31190 31177 30405
31236 31290 30246
30959 32051 29182
29773 30974 30542
29194 29986 30997
30039 31929 30152
30507 30431 30636
28915 30450 30964
29692 31087 30710
30851 31595 29861
29823 30892 30561
30638 30283 30669
30725 32068 29811
29218 30198 30753
31384 31352 30032
30440 32276 29603
30250 32439 29526
30601 32396 29557
30215 32677 29589
29303 29628 30905
30684 32134 29642
29683 31339 30495
30880 31985 29365
29589 29523 30880
30571 32467 29414
31142 31531 29694
30294 30520 30672
30555 32081 29920
29495 29510 30909
30373 32326 29568
30337 30620 30644
29090 30101 30834
31206 31143 30527
30275 32192 29724
29729 31279 30438
30970 31604 29780
31450 31264 30268
29686 29710 30816
30650 32207 29582
30381 32181 29647
28860 30476 30742
29468 30165 30736
30476 31705 29954
29439 29543 30822
30527 31506 30010
29311 30071 30870
30409 32427 29455
30702 31960 29826
30375 30601 30574
29306 29612 30898
31384 31352 30032
30628 31935 29841
30409 32427 29455
30917 31568 29969
30922 31508 29926
29618 29518 30830
30203 31978 29967
29649 31284 30576
30467 31912 29951
29730 31160 30577
30879 31518 29978
30866 31490 30215
29090 30101 30834
30969 31577 29791
29730 31160 30577
30866 31490 30215
31450 31264 30268
30961 31727 29176
28777 30306 30717
29184 29950 30844
29622 29313 30692
30132 32438 29247
31013 31739 28600
31481 31155 29953
31276 30866 30118
30889 31718 28829
31122 31356 30304
29050 30437 30568
30233 31913 29901
28902 30026 30754
31092 31465 30251
30595 32356 29428
30864 31492 29723
29072 30186 30740
29889 31842 30063
30363 32159 29600
29412 29531 30770
29537 29623 30737
29318 29830 30775
29674 30979 30553
30792 31529 29861
29571 29528 30749
29043 30629 30684
30531 32250 29490
31004 31597 28735
29239 29848 30757
31065 31083 30376
29557 30225 30667
29355 29769 30681
29647 31219 30474
29757 31125 30383
30042 31638 30079
29739 31105 30504
30936 30946 30464
29004 29992 30750
31001 31771 28639
28870 30217 30702
30479 32280 29497
31061 31417 30260
29043 30629 30684
30349 32057 29676
30928 31590 29563
30243 32400 29359
31254 31107 30030
30412 31840 29721
30122 31811 29991
29826 31111 30451
30099 31544 30033
29662 31204 30448
29360 29928 30675
30871 31732 28672
30336 32328 29519
30660 31537 29608
29156 30007 30669
30620 31782 29620
30771 31853 29276
30300 32423 29298
30451 32389 29323
30618 31695 29672
30042 31638 30079
30270 31982 29864
31043 31525 29678
30249 31666 30023
30771 31853 29276
29537 29623 30737
30256 32386 29532
30538 32387 29310
30352 31709 29926
30270 31982 29864
30656 31509 29863
28718 30373 30634
28843 29665 30758
29223 32427 28300
29512 29504 30723
31293 30741 29931
30742 31769 29215
31040 31386 30215
29511 32403 28885
29795 30898 30412
31149 30979 29972
30587 32355 29407
30798 31605 28425
30851 31546 28721
30883 31551 28568
29023 29987 30684
30043 31811 29924
30105 30531 30315
30699 31482 29849
29478 31184 30360
29580 31056 30308
29659 30853 30483
29106 29885 30735
30280 32014 29628
29386 30289 30538
29318 30290 30492
29446 29730 30603
31105 31157 30274
30360 31746 29685
29438 30111 30632
30563 31643 29504
29495 29592 30593
30480 31917 29437
30453 30506 30454
31226 31154 29759
30214 32026 29534
29501 29869 30544
29031 30167 30645
31277 30852 29867
31280 30949 29778
29177 30115 30564
29467 29968 30526
30981 31182 30237
30175 32171 29507
31211 31101 29964
30384 32257 29439
29330 31134 30427
30914 31430 29867
30076 31698 29888
29200 29700 30663
30424 32206 29465
29041 30142 30637
30960 31456 29634
30091 32278 29484
30476 31839 29494
30447 31541 29643
30198 31553 29912
30070 31773 29960
30288 32127 29466
30347 32063 29527
30182 32366 29435
30252 32107 29479
30322 31544 29900
30232 31820 29853
29489 30893 30450
30458 31609 29521
30341 32102 29468
30101 31897 29850
30343 31898 29656
29484 30969 30412
30479 32203 29435
28777 30330 30470
29035 29650 30716
29229 32396 28802
29305 32375 28180
29432 29500 30674
31276 30818 29699
30772 31161 30054
29529 30754 30404
30086 31933 29533
30723 31617 28358
29997 30407 30250
30622 31612 29076
30983 31315 29919
31105 31128 30235
29520 32361 28535
30558 31802 28930
29090 29618 30665
29879 31823 29800
30228 31473 29461
30918 31069 30248
30416 32129 29432
29460 30920 30298
29613 30185 30460
28953 29656 30683
30850 31416 29737
29793 31593 29953
30499 32277 29171
30024 31701 29875
29665 30810 30383
30742 31604 29198
30370 32193 29445
31113 30876 29822
29205 29708 30628
30225 31437 29681
30198 32226 29372
29379 32363 28496
30449 30348 30324
29783 30836 30266
29332 29980 30570
29032 29824 30671
30391 30302 30446
31234 30833 29696
30527 31334 29842
29396 29908 30525
30124 31791 29745
29277 30030 30612
29209 30104 30599
30151 32232 29413
29652 29732 30460
30173 31655 29792
30187 32320 29382
30104 30385 30446
30190 31550 29695
29307 29794 30616
29393 29939 30551
29397 29660 30541
30080 32225 29444
29435 30068 30469
30539 31806 28506
30090 31811 29775
30006 31820 29685
29190 30036 30580
29220 32393 28268
29306 29375 30617
31259 30743 29662
30556 31650 28412
30725 31579 28931
29335 29826 30503
30294 31944 29111
30913 31300 29903
30677 31379 29612
30175 31832 29432
30532 31396 29155
29872 31001 30167
29542 32318 28974
29500 30672 30398
30210 30323 30257
31187 30827 29642
29661 31042 30216
31073 30974 30025
29686 31441 29920
30789 30956 30036
29638 31531 29854
29909 31683 29799
29747 31629 29841
30286 30188 30398
29227 29886 30513
30053 32283 29325
31014 30927 30032
29957 31954 29417
29447 30890 30227
29357 30885 30275
30129 30318 30311
30075 31654 29703
30190 32061 29381
30787 31310 29826
29508 30675 30356
30239 32096 29317
29224 30002 30598
30263 31975 29213
30259 30252 30329
30151 32185 29192
30257 32175 29188
29198 30036 30552
30057 31676 29745
30283 31666 29278
30164 32091 29370
30283 31675 29240
29019 30018 30535
29127 32290 28449
29192 29818 30588
29325 29496 30360
29408 32225 28266
31149 30725 29560
30241 32001 29117
30980 30876 30007
29549 30966 30212
30201 31871 29288
30566 31508 28505
29344 32243 28806
29247 30390 30355
30120 30097 30051
30716 31192 29745
29725 30009 30251
31112 30672 29565
30722 31526 28376
29128 30464 30385
29965 32127 29304
29319 29668 30472
30012 31982 29361
29859 31660 29702
30694 31471 28618
30856 31244 29741
29997 32210 29141
29546 32217 28270
29183 29885 30498
29855 30015 30109
30713 31423 28490
29351 30832 30229
30109 31277 29744
29290 29509 30489
29776 31612 29708
30616 31252 29665
29296 32266 28618
30029 31493 29739
30614 31273 29615
30010 31611 29602
28784 30227 30233
28955 29671 30568
29271 32266 28290
29433 29502 30200
29697 32097 28180
30840 30869 29841
30124 31739 29213
30606 31258 29609
29574 31996 28798
29258 30767 30025
30705 31154 28576
28906 30266 30229
30292 31319 28506
29660 31323 29515
30655 31381 28505
29026 29615 30480
29516 32185 28408
29062 29943 30328
29227 32031 28689
29306 32136 28486
29849 29833 29999
29996 29973 29974
29171 32100 28776
29818 30062 29999
30023 29891 29910
30066 30101 29891
29190 30163 30290
29292 29649 30397
29211 32208 28318
29914 30087 29988
28654 30095 30172
29031 32239 28109
29057 29936 30319
29882 29832 29891
30534 31165 28710
30300 30716 29754
30085 31594 29139
29721 30981 29406
30453 31007 28984
30046 30934 29259
30526 31178 28443
29245 31983 28433
30046 31646 29007
29453 32166 28280
29527 32048 28173
29128 32009 28527
29284 32167 28328
29077 32207 28188
29044 32013 28399
28926 31909 28334
29029 29868 30044
29043 32195 28139
29383 31963 28021
29614 29755 29882
30526 31145 28358
30030 30474 29656
30034 31357 29057
30396 31119 28548
30409 30891 28527
29789 31573 28861
29840 31605 28481
29128 31388 28914
29162 31621 28625
29800 29834 29750
29227 31900 28138
28983 31751 28432
29129 32071 28179
29005 32167 28305
29093 31824 28387
29205 31945 28084
29153 31639 28161
28723 31804 28303
28976 31934 27971
29946 30146 29645
29357 31228 28590
29256 31535 28446
29095 31722 28178
28779 31760 28090
28870 31558 28335
28852 31625 28314
28862 31675 28192
28738 31884 27739
29320 30923 28413
29027 31592 28096
29230 31527 28370
28746 31507 28239
28848 31518 27904
28879 31424 28255
29150 31392 28212
29119 31482 28090
29140 31258 28050
28998 31903 30159
29100 29781 31371
29718 32720 28573
30113 32466 28273
30194 29609 31104
31833 31185 29550
31576 30888 29920
31234 30665 30423
29836 32589 28786
31709 31320 29683
29576 30219 31134
29989 30340 31111
31491 31453 29396
30897 31601 30269
30479 32035 29402
29271 29843 31290
31222 31480 30679
29463 30084 31265
31213 31124 30710
31317 31252 30418
29326 31988 29800
30493 32243 29227
30253 31978 29468
30012 32319 28945
31060 31727 30064
29894 29722 31247
29459 30132 31138
29920 32575 28430
29740 29951 31205
30052 32437 28841
29668 32456 28941
30456 32277 29093
30112 32403 28397
29059 31936 30150
30958 31512 30280
29143 29766 31344
31236 31305 29742
31234 30665 30423
30406 32276 29338
30632 30954 31086
30176 29814 31150
31133 31797 29931
31116 31203 30908
30100 32519 28426
31385 31178 29987
30816 30928 31012
30564 31934 29246
30593 32249 29224
30699 31027 30971
31009 31919 30023
29919 32448 29120
29190 31751 30237
29740 29951 31205
30696 30948 31070
30212 32412 28279
31037 31329 30800
31132 31555 29951
31341 31280 29809
30323 32310 29300
30816 30928 31012
30323 32310 29300
29989 30340 31111
29190 31751 30237
30723 31024 30946
30431 32260 29390
31038 31313 30789
30723 31024 30946
31037 31329 30800
29100 29781 31371
30958 31512 30280
31067 31283 30697
31385 31178 29987
31116 31203 30908
31341 31280 29809
31133 31797 29931
30212 32412 28279
31067 31283 30697
29989 30340 31111
29740 29951 31205
28997 31788 30064
29208 29923 31238
29330 29712 31228
29659 32416 28954
29924 32264 28283
31276 30439 30082
29913 32330 28393
29839 32290 28925
29569 29741 31128
29334 30073 31079
30603 30836 30796
30527 31871 29413
31083 31731 29700
30946 31112 30795
31004 31870 29881
29142 29939 31154
31186 30930 30442
30742 30680 30923
30845 31211 30644
29237 31428 30630
30749 31520 30162
30146 31947 29405
29781 32337 29028
31224 30615 30325
30277 29803 31026
30849 31178 30366
30826 31335 30038
29055 31815 29950
31243 31061 29723
31040 31644 29967
31129 31038 30175
30028 31965 29361
29294 30216 31046
31114 30857 30477
30737 31397 30360
29692 30292 31016
29792 30298 30989
31267 30884 30223
30592 31927 29194
30218 32228 29098
30489 32099 29107
29989 32263 29277
29806 32415 28978
30233 32217 29331
30326 32149 29341
30757 31356 30017
30399 32034 29347
31036 31717 29991
29804 30125 30941
30447 32164 29154
31225 30641 30278
29109 31792 29973
30402 31979 29229
30453 31980 29187
29784 30164 31003
30309 32052 29347
29990 32243 29146
29255 31356 30453
30746 31404 30301
30479 31976 29333
28644 31787 29766
28947 29775 31232
29011 29599 31183
29625 32395 28821
29769 32312 28214
31262 30686 30218
29304 30111 30942
30019 29771 30913
30943 30491 30440
29639 32392 28971
30513 31288 30089
28854 31806 29758
30613 31448 30082
29305 29938 31022
29216 30005 30955
30325 31853 29382
30419 32149 29140
29377 31823 29687
29149 29659 31157
30231 32207 29241
29205 29848 31090
30985 31542 29887
29065 31698 29910
30845 31050 30516
29028 31784 29962
30742 31611 29791
30182 32104 29301
30795 31007 30784
30391 31952 29236
30463 31875 29313
31184 30732 30289
29124 29833 31133
31024 31672 29717
31257 30824 30036
31165 30945 29571
30286 32079 29156
31163 30621 30358
30185 32011 29333
30865 30830 30721
30675 31093 30612
30526 30712 30795
30572 31838 29544
30249 32143 29224
31066 31143 29651
30911 30731 30651
31064 31187 29555
30309 32035 29292
31076 31090 29570
30860 30875 30598
30592 30642 30909
30859 31567 29833
30922 30569 30569
30707 31132 30404
31169 30566 30420
29377 31823 29687
30937 30784 30384
31062 30649 30376
30946 30711 30330
31181 30805 30319
30859 30720 30746
30572 31838 29544
30593 31683 29766
28981 29690 31133
29578 32391 28828
29756 32204 28255
30081 29459 30873
31137 30726 30153
29240 29883 30929
31014 31152 29556
29094 29900 31013
31134 30638 30215
29689 30292 30909
30909 30782 30248
30717 31284 29885
29917 32199 28430
30461 31407 29890
30829 31483 29797
30052 32176 28572
30729 31050 30473
29634 32284 28325
29969 30201 30889
29060 29734 31014
29488 32193 29096
30575 31658 29244
30270 31616 29508
30405 30982 30608
30316 31968 29024
29514 32217 28903
30304 31999 29285
30771 30796 30511
28997 31741 29801
30026 31899 29313
30490 31674 29136
29987 30250 30872
31013 30738 30213
30229 32103 29231
30124 32162 29067
29938 31774 29409
30466 31814 29207
30187 32139 29114
30836 30918 30485
30815 30938 30193
29516 31718 29526
30051 29712 30811
30445 31791 29354
30385 30681 30763
30355 31908 29102
30779 30696 30685
30475 30883 30718
30723 30852 30692
29745 32206 29078
30101 31665 29403
29955 32202 28292
30228 32133 29239
30486 30710 30754
30448 31684 29214
28691 31731 29775
28973 29690 31030
28995 29605 31003
29387 32315 28807
29859 32200 28192
31132 30593 30127
30315 31154 29836
29159 29933 30852
29549 32286 28786
29091 29799 30999
30215 32106 28503
28938 31724 29657
30889 30659 30219
30597 30934 30267
29358 30091 30764
30496 30746 30382
30819 30367 30315
29664 30143 30717
30772 30357 30347
30804 31355 29431
30699 30609 30518
30717 31409 29590
29930 32148 28252
29630 30020 30762
29678 32195 28930
30373 31431 29458
30276 30862 30628
30005 31503 29350
30635 30716 30617
29927 31581 29385
30546 31555 29166
30657 30662 30692
30196 32020 29055
30105 32097 29236
30199 31971 28998
29942 32128 28905
30457 31652 29137
30242 31910 28969
30126 31866 29245
29957 32111 28242
30409 31810 29098
30027 32108 29229
30355 31684 29320
30190 31892 29141
30405 31773 29295
30423 31653 29113
30298 31880 29194
30246 31841 29223
30117 32102 29026
30401 31669 29315
30259 31675 29326
30292 31888 29214
30192 31774 29232
28875 29559 31019
29360 32171 28585
29806 32118 28234
30924 30517 30119
29065 29775 30973
30207 30991 29746
30441 31113 29276
30267 30723 30440
29590 31406 29389
30437 30420 30184
29607 30023 30705
29611 30209 30618
30423 30609 30551
29701 29975 30672
29561 32157 28639
30337 31292 29070
30059 32074 28870
30104 31981 28648
30217 31581 29241
29946 31310 29340
30129 31730 29276
29714 32104 28967
30275 31830 29203
30297 31317 29079
29986 32055 28948
29615 32112 28926
30184 31889 28893
30019 31859 29245
30303 31711 29014
30098 31902 29138
30257 31877 29049
30204 31671 29204
29959 31920 29145
30105 31853 29156
30306 31606 28953
30212 31620 29319
30101 31633 29326
29947 32070 29153
28988 29668 30827
29507 32080 28523
30288 31479 28715
30191 30652 29418
29705 30083 30206
29553 30063 30597
30053 31281 29308
29353 32078 28763
29438 30316 30326
29449 30262 30379
29879 32021 28975
29401 30645 30351
30270 31750 29182
30054 31600 29294
30271 31654 28765
29603 32071 28908
29934 32058 28936
30217 31772 29042
30019 32056 28751
29624 31919 29104
30145 31843 28945
29656 31893 29085
30083 31834 29002
29674 32048 29071
30134 31813 29142
30110 31821 29102
30132 31822 29097
29283 32063 28551
29508 29819 30514
29876 32051 28150
30266 31627 28811
29500 30035 30422
29977 31193 29257
29673 31904 28675
29821 31751 29111
30225 31743 29181
30156 31760 28893
29827 31461 29248
30003 31498 29227
29973 31986 28375
29597 31836 28938
29952 31578 29226
30071 31777 28952
29835 32048 28371
29848 31769 29044
30048 31830 28824
29886 31891 28884
29567 32002 28754
29526 32044 28693
29554 32017 28915
29964 32046 28656
29917 31849 28747
29915 31805 28999
30065 31810 28728
30055 31785 28984
28927 29861 30282
29851 32045 28122
30190 31506 29086
29451 31236 29198
29436 31502 29201
29261 31835 28784
29515 31986 28668
29726 32006 28620
29799 31909 28548
29740 31970 28434
29307 31815 28759
29894 32006 28253
29998 31686 29033
30045 31765 28956
29961 31755 28965
30112 31723 28869
30188 31595 29125
30091 31667 28878
29973 31582 29170
30060 31726 28827
29901 31668 29073
30106 31630 29123
29981 31726 29068
29110 31872 28481
29692 31986 28188
29720 31958 28119
29867 31495 29162
30116 31542 29123
29659 31657 28921
29849 31741 28707
29824 31784 28247
29930 31562 28858
30044 31646 28761
29952 31657 28499
29785 31847 28377
29782 31662 28868
29841 31633 28981
30102 31550 29025
29799 31757 28392
29509 31773 28225
29638 31856 28110
29762 31340 29113
29943 31321 29102
30078 31490 28641
29682 31623 28711
29895 31611 28668
30016 31433 28859
30056 31410 29082
29650 31568 28884
29957 31491 29005
29961 31481 28885
29686 31418 29100
29960 31473 29007
28978 31622 28458
29687 31273 29011
29921 30865 28841
29153 31618 28642
29776 31077 28942
29776 31449 28938
29163 30946 29008
29390 31195 28864
29394 31064 28723
29575 30912 28854
29502 31011 28981
29454 31050 28764
29161 30923 28792
29148 30762 28681
28508 30464 31177
29036 29828 31830
30435 29054 30829
30539 31437 29552
31605 30229 29205
31975 29950 29984
29329 29570 31624
30184 29369 30871
30718 31150 30527
30555 31284 29530
31878 30115 29410
31797 30157 29270
29403 29652 31593
30350 29197 30851
31526 30752 29698
30021 30423 30660
29107 30048 31720
29575 30526 31167
29201 30070 31464
31930 29858 30007
28885 30241 31421
31791 29764 30254
28645 30397 31281
30353 29101 30849
30325 31185 30283
30181 30348 31235
31247 30776 29576
31192 30115 30383
30909 30025 30817
29689 30591 30962
30926 31245 29826
31158 30886 29753
29469 30622 31083
31427 30064 30348
28693 30816 30891
31040 30722 30186
28837 30802 31032
29900 30368 31021
29481 30015 31566
29521 30094 31340
31009 31004 29911
31660 29809 30099
29770 30444 31225
30737 31014 29854
31745 29988 29847
31123 30682 29767
31331 30189 30061
31415 30294 29871
29822 30507 30628
30829 31270 29493
29877 30492 30915
30872 30948 30144
31033 30955 29918
29174 30105 31446
30803 31270 29713
30030 30368 30826
31379 30309 29868
29837 30375 31292
29471 30650 30570
29654 30636 31031
31321 30774 29513
31914 29783 30072
29092 30370 31376
31675 30033 29776
31221 30784 29749
28845 30671 30940
31342 30654 29800
31032 30611 30213
31975 29950 29984
29370 30675 30635
29729 29998 31407
30325 31185 30283
30872 30948 30144
29718 30042 31403
28693 30816 30891
30831 31012 30203
30737 31014 29854
31337 30114 30647
28422 30336 31258
28952 29935 31708
30420 28935 30801
30826 31237 29728
31197 30766 29256
31813 29785 29901
30525 31017 30414
30592 31070 30236
29005 29504 31676
31686 29742 30117
30989 30859 29318
31745 29808 29527
29944 30209 31159
29072 29738 31445
30622 31124 30057
29364 29612 31550
28636 30314 31265
31471 30668 29545
30650 30980 30511
29569 29991 31230
30634 29137 30736
29826 30463 30577
30277 31180 29909
30152 30239 31143
30161 29824 30782
30541 29410 30666
30761 30355 29960
28753 30120 31309
29703 29888 31381
29454 29367 31534
30466 28984 30797
30976 30918 29905
31225 30102 30538
28717 30270 31342
30810 31205 29824
31246 30298 29783
30614 29178 30719
28848 30615 30815
31458 30742 29633
31373 30658 29654
28808 30801 30945
28797 30673 31000
30609 29286 30733
29236 29638 31463
30897 31050 29652
29231 30306 31287
30351 31206 29765
31448 30645 29688
29753 30341 31125
29373 29393 31470
29000 29945 31431
31036 30842 29276
29522 30456 31078
30627 29780 30641
29362 30543 30965
29254 29623 31396
29636 30420 30876
31079 30769 29540
30681 29304 30707
31687 29928 29763
28795 30401 31211
29616 30362 30894
29411 30527 31083
31212 30710 29662
29317 30382 31160
29686 30451 30835
30857 30283 29950
29837 30442 30548
30466 28984 30797
29027 30221 31296
30579 29142 30785
31200 30592 29707
29873 30394 30884
30681 29304 30707
31076 30832 29538
29872 30345 31086
30831 30852 29909
29626 30576 30809
28952 29935 31708
29461 30273 31292
29407 30379 31138
29555 30282 31159
29322 30446 31142
29536 30452 31079
28531 30276 31167
28590 29762 31572
30270 28791 30750
30326 31224 29361
31287 30717 29328
31676 29741 29895
31033 30102 30182
31119 30737 29471
30834 31002 29546
31446 30630 29646
29329 29479 31506
30541 29000 30730
28782 30545 30795
28682 30615 30956
29382 29673 31376
30534 29130 30689
30445 31159 29783
30153 29073 30729
29088 29876 31218
30642 30965 30307
28888 29624 31498
30676 31093 29544
28929 29619 31526
28976 30017 31165
30370 29363 30553
30033 30126 31023
31672 29908 29679
30135 30072 31122
30458 30930 30421
30582 30858 30336
28844 29813 31547
29295 30440 31126
31304 30632 29683
31177 30735 29377
31332 30700 29606
29842 30281 31012
30599 29249 30597
30658 30844 29561
28783 30674 30677
30613 29337 30568
29790 30320 30520
29032 29868 31257
30673 30679 29861
28701 30168 31239
31237 30702 29595
29506 30361 31060
30657 31016 29653
29643 29755 31294
29554 29911 31195
29552 29699 31326
29515 29843 31278
29562 30599 30476
29948 30337 30479
29598 30406 30763
29685 30327 30772
29455 29779 31350
29802 30235 31135
29448 30200 31152
30669 31218 29542
29362 30418 30988
28598 30226 31198
31173 29895 30376
28727 30219 31182
29310 30459 30733
29941 29756 31154
30339 29253 30598
30140 30124 30432
31148 30087 30494
30618 31148 29549
29545 30516 30611
29503 30407 30617
29683 30367 30598
29565 30500 30615
28581 30210 31341
31163 30091 30398
30340 31200 29553
30418 31202 29545
29490 30436 30789
29560 30316 30783
29449 30442 30973
28492 30134 31196
28792 29740 31440
30446 28952 30725
30628 31177 29416
31494 29793 29322
31522 29785 29444
30281 29029 30688
30106 29885 30928
30584 29310 30564
30650 30434 29772
30783 30767 29330
29128 29545 31362
30840 30090 30056
28943 30210 31125
31132 29995 30192
28650 30576 30772
29266 29663 31331
29257 29466 31400
29036 29773 31278
30421 30924 30332
30889 29896 30278
30662 30993 29539
29319 29356 31180
31346 29987 29610
29438 30501 30390
29930 30080 31009
30351 31141 29724
29547 30476 30512
30520 28998 30611
31209 30658 29386
30629 31123 29528
30830 30097 30097
29217 30261 31052
29586 30377 30645
28606 30339 31088
30354 30700 30362
30980 30035 29667
31278 30580 29646
30993 30695 29454
29689 30247 31006
30609 30965 29672
29750 29995 31015
28621 30117 31214
31165 30676 29567
29436 30501 30459
31447 29874 29486
29403 30400 30700
30587 30932 30297
28755 30370 31063
30509 28959 30723
29308 30371 30983
31439 30464 29471
29827 30239 30992
30862 30078 30385
28703 30237 31104
31387 30626 29510
31162 29817 29648
28721 30310 31102
31164 30623 29628
31142 29786 30476
29816 30254 30714
31398 30239 29499
30981 30318 29650
28635 30402 31055
29567 30311 30711
29548 30099 31098
28641 30392 31060
29317 30661 30389
28462 30206 31125
28725 29490 31335
30296 28916 30724
30383 31086 29503
30942 30644 29292
31337 30479 29322
30230 31052 29665
30104 30697 30113
30872 29977 29955
29909 29927 30912
30845 29995 30136
30567 29154 30553
30705 29195 30419
30378 29215 30301
29787 30006 30754
30007 29706 30563
30346 29313 30307
31246 30562 29463
28910 29569 31271
28796 29545 31274
29019 29709 31185
28670 30097 31115
30587 30891 29970
29135 30366 30829
29691 30235 30392
28695 29750 31098
30392 28973 30554
29229 29400 31233
29387 30417 30479
31022 29727 30045
29646 30132 30858
29562 30344 30503
30587 30953 29475
30188 30637 29983
30505 30919 29579
29524 30193 30997
29879 29936 30949
29233 30222 30701
28511 30497 30603
29551 30269 30589
28545 30203 31068
31169 30418 29533
30938 30620 29551
30988 30436 29612
31107 30576 29301
30437 28916 30671
29206 29468 31255
29629 30254 30461
31262 30361 29599
28730 30255 30967
31075 30601 29299
29427 29484 31044
30461 28954 30658
29465 29957 31017
28949 29739 31253
28542 29952 31132
30871 30650 29496
31254 30253 29620
29439 30221 30641
30455 30947 29511
28938 29976 31092
29181 30223 30719
29142 30197 31017
28518 30425 30753
30330 28956 30603
29193 30253 30641
28473 30181 30915
28884 29455 31261
30120 30944 29494
30411 28694 30606
31144 30472 29196
30186 30646 29909
28999 29663 31157
29132 29404 31246
30238 29054 30159
30574 29016 30261
29740 30039 30103
29837 29758 30816
28594 30070 31038
30253 30870 29612
29872 29914 30543
30917 30534 29422
30726 29972 30110
30256 30489 29788
29441 30245 30511
30965 30564 29295
29182 30339 30315
29126 29967 30933
30852 30571 29518
28531 30097 31112
29615 30234 30458
30403 28807 30640
30375 30333 29651
30273 28725 30688
30262 28878 30719
30997 30409 29524
28926 30052 30843
29657 30001 30139
28554 29698 31055
29394 30252 30384
28891 29898 31051
29410 29755 31003
30454 28957 30382
29348 30147 30604
30139 30882 29845
31120 30333 29526
31091 30349 29524
29285 30338 30460
30502 30882 29351
30316 29045 30446
29296 29431 31030
30497 28925 30536
30270 30915 29576
30139 28891 30587
30345 30913 29367
30227 29041 30547
30399 28974 30451
30346 30896 29507
28322 30176 30708
28868 29362 31214
30055 30940 29347
30114 28822 30411
30741 30544 29085
30943 30231 29177
30560 30377 29502
30011 30869 29751
29734 29801 30090
30133 30646 29813
29770 30015 29836
29538 30079 30297
28547 30063 30993
29400 29633 30870
30826 30415 29376
28784 29603 31129
29638 29877 30474
29111 30316 30402
29239 30026 30561
29043 29536 30887
28981 29591 31035
28394 30076 30902
29279 30221 30492
29393 30120 30408
28326 30050 30986
28714 29505 31115
28941 29410 31022
30599 30305 28927
30878 30228 29018
29647 29756 29950
29225 30105 30449
30729 30111 29187
29114 30158 30399
30662 30193 29138
28558 29278 30845
30615 30175 28736
30729 30129 29009
30482 30085 28839
30616 29743 28543
30585 30052 28618
28877 32552 29013
29009 32639 28963
29210 32407 28757
30539 31358 31684
30997 30498 31168
31273 31024 30750
30257 31473 31190
31206 31768 30669
30872 30832 31165
29739 31775 30316
29305 32188 29916
30998 31314 30790
30267 31618 31110
29467 31859 30202
30356 32070 29391
30736 30886 31008
30156 32241 29341
30911 31239 30820
29155 32436 29184
29759 31948 29992
31135 31120 30874
29527 32022 30061
30324 31399 30906
29284 32383 28915
30188 31889 29437
29253 32301 29053
30578 31078 31045
30648 31583 30741
31149 30946 30847
29043 32468 28769
29912 32282 29640
29977 31856 29760
30009 32109 29493
29994 31798 29775
30002 32102 29610
30059 31801 29654
30824 31522 30697
29167 32383 29056
30819 31613 30695
31151 30847 31157
29021 32520 29073
30612 31068 30968
30122 32049 29473
29216 32212 29675
31246 31185 30729
29146 32196 29704
29913 31800 29992
29486 31902 30187
29592 31957 30169
29650 31994 29922
29601 32007 30117
29729 31977 30156
29650 31994 29922
29088 32191 29718
29021 32520 29073
29043 32468 28769
30094 32145 29487
30319 31550 31012
30612 31068 30968
31229 30845 30834
30319 31550 31012
31246 31179 30829
31272 31151 30744
29088 32191 29718
30116 32074 29647
29159 32124 29921
30094 32145 29487
29601 32007 30117
29912 32282 29640
29729 31977 30156
31272 31151 30744
29485 31968 30186
29485 31968 30186
30116 32074 29647
29021 32520 29073
28731 32374 29045
28791 32482 28901
29090 32416 28649
30403 31287 31496
31015 30353 31022
31250 30784 30586
29706 31773 30316
29766 31696 30261
29326 31827 30135
30053 31429 30956
31202 31615 30555
29504 31794 30137
30019 31718 29823
30760 30419 31143
28895 32219 29499
30305 31341 31262
30946 30471 31017
30802 30541 31022
31068 30871 30816
30877 30751 30949
31222 31079 30086
30359 31332 31386
29176 32147 29681
28985 32262 29189
29571 31948 29873
29911 32068 29460
30210 32044 29384
31030 31174 30734
29880 31636 30667
30733 30810 30937
30209 31497 30802
31149 31125 30792
29650 31799 29678
31062 30998 30848
30846 30429 31073
30527 31095 31369
30461 31212 30926
29006 32464 28995
30572 30924 30872
29113 32143 29910
29828 32171 29324
29223 32203 29067
30656 31357 30660
29199 31985 29651
30500 31273 30907
29071 32347 29130
30273 31384 30758
29290 32167 29576
29942 31628 29984
29504 31890 30090
29981 32035 29602
30748 30648 31068
29928 32113 29265
30748 30648 31068
31202 30977 30585
29541 31892 29894
29259 32241 28922
30537 31126 30883
29819 31794 29982
29851 31761 29907
30985 31551 30570
29049 32357 29125
30800 30769 31045
30580 31306 30744
29024 32251 29218
29287 31935 29883
30509 31489 30655
30043 32122 29246
30623 31522 30584
30992 31206 30651
31002 30356 31018
30271 31343 30918
30576 31543 30604
29987 31532 30860
29078 32424 28914
29075 32423 28956
30407 31338 30796
28942 32353 29163
28942 32353 29163
29212 32113 29622
29940 32059 29645
30966 31515 30654
30972 30426 30937
31015 30353 31022
28727 32195 29116
29057 32414 28880
29071 32138 28408
30155 31269 31388
30837 30255 31010
31193 31233 30192
30466 30681 31293
30601 30810 30813
29576 31696 30269
31138 31442 30491
29808 32079 29255
30704 30728 30857
30815 30457 30882
30243 31329 30935
29568 31809 29848
29872 31934 29314
29971 31907 29536
30996 30353 30952
30763 31059 30704
29366 31741 30156
30814 30434 31011
29463 31857 30007
30131 31423 30686
29100 32003 29740
29154 32124 29455
30340 31024 31194
30991 31611 30535
30199 31144 31214
30208 31134 31168
29037 32343 28895
28821 32375 28995
30893 30806 30805
29712 31786 29616
29360 31871 29569
29479 31770 29990
30059 31938 29288
30823 31476 30644
30396 30983 30932
31107 30926 30643
31054 31017 30759
29235 32037 29611
30964 31109 30564
30514 30965 30842
28788 32298 29008
30166 31279 31357
29665 31614 29932
29258 31911 29653
29635 31675 30087
29254 32098 29143
29130 32134 29419
30948 30384 30872
28845 32269 29108
28934 32010 29717
29600 31640 30184
29004 32081 29714
30074 31900 29299
31081 31471 30505
30494 30935 31005
29599 31688 30089
30962 31267 30637
30484 31250 30904
29061 31905 29894
28956 32239 29069
29049 32025 29652
28979 32135 29032
28975 32253 29067
30490 31258 30788
28969 32278 29001
28977 32237 29113
28746 32279 29002
28832 32403 28852
29105 32096 28784
30041 31073 31321
30825 30105 30916
31193 31170 30135
30726 30412 30767
30112 30946 31239
30998 30731 30693
30068 31017 31043
29349 31681 30153
30810 30187 30963
31077 31207 30496
30558 31607 30409
29378 31628 30225
30573 31466 30537
29154 31885 29364
30855 31358 30352
29502 31672 29896
29516 31754 29828
30650 31352 30517
29912 31880 29175
29527 31665 30084
29423 31835 29698
29806 31851 29270
29717 31680 29445
30993 30803 30732
30919 30315 30878
30421 31147 30678
29095 32023 29124
28866 32198 28900
30243 31411 30608
28999 32035 29546
30352 31243 30859
30483 31089 30775
30330 30988 30892
30008 31778 29291
30841 30347 30815
28756 32364 28914
28902 32263 28842
28831 31964 29562
29673 31891 29286
30542 30882 30752
29055 31946 29659
28879 32073 29067
30202 31140 30927
31002 30893 30681
29845 31810 29437
29039 32393 28825
29460 31769 29861
28798 32207 29032
29440 31852 29657
29907 31668 29318
29572 31650 30131
30785 31139 30610
28987 32075 29031
30221 31281 30744
29533 31865 29369
29587 31816 29431
30563 31394 30560
28823 32087 28930
30929 31114 30533
30965 31003 30547
28803 32270 28993
30763 30326 30875
29619 31671 29560
30235 31269 30754
28692 32131 28902
28938 32366 28797
30313 30805 30820
30819 30305 30749
31063 31073 30457
30750 30789 30677
30116 31228 30731
29383 31654 29870
29198 31879 29226
31044 31098 30262
30857 31133 29902
29913 31539 29649
28769 32180 28878
29585 31399 30548
29109 31707 29747
29834 31810 29119
28723 32299 28808
30540 31437 30504
29464 31644 30121
29674 31512 30237
28948 32030 29426
30665 31055 30573
29039 31900 29513
29586 31559 30028
30817 30879 30590
28830 32328 28807
29610 31606 29696
29018 31910 28979
30437 31046 30740
29804 31690 29240
30191 31212 30581
30881 30926 30534
30962 30969 30529
29764 31507 29724
29723 31663 29315
29534 31641 30067
28693 32080 28951
30952 30802 30611
28971 31917 28883
29483 31851 29126
30488 31447 30259
28785 32049 28911
29699 31543 29424
30208 31059 30743
29017 31840 29546
29685 31720 29332
30469 31006 30748
28953 31767 29746
28985 31811 29601
29504 31724 29664
28958 31861 29621
28957 31903 29575
29688 31557 30045
29497 31717 29675
28642 32050 28916
28815 32090 28726
28879 32082 28407
30346 30824 30744
30757 30180 30740
30999 31005 30390
29941 31224 30620
30644 30755 30542
29187 31708 29325
29710 31760 29073
28968 31888 29393
30381 31269 30479
30749 31059 29928
28744 32012 28802
28882 32067 28620
29639 31383 30340
29506 31437 29731
29657 31429 30131
30624 31033 30496
29454 31484 29838
28879 32003 28955
30834 30887 30493
28957 31853 29506
29298 31761 29007
29638 31533 29377
28920 31827 29579
29353 31571 30066
30381 30966 30690
30967 30916 30444
29215 31612 29998
29247 31625 29773
29691 31363 29934
29312 31674 29644
30911 30806 30517
29406 31535 29806
29351 31598 29936
29476 31660 29612
30988 30947 30404
28948 31748 29602
29352 31539 30110
30628 30802 30527
28931 31677 29607
28621 31980 28836
28636 32009 28796
30266 30900 30673
30710 30286 30508
30960 30831 30310
28810 31785 29061
30844 30717 30462
29484 31313 30065
29911 31127 30578
29467 31618 29459
30429 30982 30240
29437 31322 29652
30173 31218 30373
29910 31163 30386
29012 31654 29634
29353 31462 29903
29246 31613 29596
30647 30802 30428
30300 30928 30669
30952 30852 30102
28920 31867 29039
28860 31925 28872
29338 31449 29939
29315 31725 29034
29310 31567 29547
28764 31878 28957
28738 31892 28903
29284 31571 29980
30903 30958 30284
29332 31520 29979
30418 30970 30413
30849 30778 30408
30824 30892 30361
30778 30802 30424
29483 31468 28898
30863 30861 30390
30788 30891 30409
28617 31798 28900
28718 31924 28856
28856 31787 28624
30117 30510 30651
30612 30280 30440
30884 30608 30209
30089 31185 30371
29292 31498 29495
29424 31571 29455
30155 30903 30575
29231 31561 29936
28717 31576 29114
28909 31684 28724
29221 31668 28900
28821 31903 28793
30695 30857 30347
30822 30869 30316
30831 30739 30405
30848 30748 30404
28346 31579 28712
28716 31873 28695
30627 30234 30389
30681 30864 30306
30084 31155 30099
29151 31450 29719
29288 31336 29364
29875 30964 30252
29315 31508 28997
28641 31542 28897
28688 31768 28354
30452 30855 30272
30545 30023 30258
30587 30764 30216
29023 31066 29798
28706 31603 28632
28973 31188 29299
28963 31123 29515
29428 30809 29542
30426 30347 30269
30001 30675 29888
28986 32460 29163
29119 32602 28856
29124 32580 28683
29937 29612 31235
29969 29545 31138
31489 30191 30275
30422 29751 31010
29235 32372 29725
30808 31409 30115
30923 30563 30376
30766 30987 31001
31463 30107 30497
29136 32466 29069
29348 32340 29486
30675 31320 30818
30599 31647 30169
29271 32450 29623
30658 31144 30871
29529 32204 29298
29470 32212 29482
31329 30108 30756
29879 30421 31044
31203 30254 30141
29728 31717 30611
31034 30217 30334
29848 30784 31036
29628 32186 29263
29328 32456 29388
30856 31216 30407
30315 31943 30313
29320 32243 29582
29809 31815 30565
29081 32489 29129
29483 32218 29241
29179 32511 28712
29848 30784 31036
29941 32146 30210
29919 31843 30531
30730 31048 30727
31139 30339 30177
30038 31999 30124
30885 30321 30428
30116 31667 30578
31244 30186 30310
30137 31723 30354
30155 31541 30533
29293 32492 28802
29306 32488 28773
31426 30170 30496
30220 31430 30722
29586 32180 29538
30785 31639 30264
29861 30469 31113
31072 30179 30503
30272 31419 30500
29861 30469 31113
29764 31831 30572
29223 32512 28695
30690 31079 30776
30705 31465 30336
29946 31996 30196
30380 31604 30286
31426 30170 30496
30330 31534 30415
30028 31708 30512
30203 31707 30343
30804 31147 30441
30796 31460 30212
30761 31173 30574
29586 32180 29538
30043 31683 30547
30380 31604 30286
29014 32466 29146
30337 31722 30168
29846 31678 30688
30860 31143 30698
31136 30121 30609
31129 30335 30300
30858 31394 30335
29014 32466 29146
30690 31079 30776
29846 31678 30688
30043 31683 30547
30860 31143 30698
29223 32512 28695
31129 30335 30300
31136 30121 30609
30858 31394 30335
28735 32216 29657
28958 32499 28854
28999 32499 28654
30066 30774 31001
31320 30002 30578
31436 30051 30304
30901 30331 30216
29126 32451 29226
28944 32481 28955
30248 31906 30084
31174 30176 29833
30530 31142 30864
30585 31233 30555
29910 30901 30949
30653 31485 30216
30684 31098 30642
29389 32076 29574
29439 32181 29418
28823 32129 29726
29931 32053 30015
31168 30034 30661
29281 32320 28741
30979 30322 30254
30590 30801 30791
29769 30850 30981
30245 31730 30303
30164 31810 30110
30830 31125 30586
29176 32343 29479
29874 31817 30408
29608 32106 29377
29178 32428 28777
31075 30185 30030
28967 32361 29257
29524 32065 29392
30132 31869 30270
31255 30073 30260
29940 31930 30107
30616 31172 30608
31068 30255 30098
29663 32128 29341
29067 32477 28871
30004 31502 30569
29972 31666 30463
31326 30055 30437
30120 30863 30886
28886 32382 29325
30069 31611 30533
29798 31689 30561
29248 32489 28763
30720 31561 30097
29866 31680 30528
28804 32388 29593
29869 32036 30106
31232 30129 30467
30629 31547 30194
28904 32300 29654
30565 30800 30827
29138 32191 29693
31108 30131 30482
31057 30328 30156
29557 31585 30563
29044 32243 29620
31232 30154 30146
29034 32284 29589
30572 30789 30905
28998 32249 29605
30720 31146 30175
29147 32424 28906
29147 32424 28906
30701 31131 30437
30604 31595 30228
31111 30183 30225
29663 31554 30567
29277 32344 29339
29887 30801 30999
28886 32382 29325
28776 32184 29683
29237 32413 28604
29905 30759 30920
31304 29833 30488
31429 29865 30300
30820 30244 30094
29232 32318 28747
29126 32396 29086
30524 30914 30768
29842 31663 30404
30013 31732 30236
28995 32137 29481
30994 30161 30009
30602 31452 29893
30536 31269 30177
30379 31160 30600
29188 32371 28716
29189 32050 29825
30030 31530 30524
29310 31916 29689
28829 32079 29563
30218 31508 30279
29688 30969 30862
30217 31580 30283
30427 31073 30644
31182 29939 30470
30672 30992 30601
31198 30088 30425
29885 30835 30873
30015 31831 30131
30575 31370 30045
29709 31925 29149
30698 31125 30347
31281 29834 30554
31140 30125 29917
29655 31840 29930
31294 30033 30422
30500 31547 30071
30761 31051 30501
29383 31964 29585
31063 30128 30354
30439 31104 30535
29625 32003 29172
29555 31595 30477
29117 32262 29113
29706 30863 30902
29102 32297 29309
29338 31890 29628
30817 30231 30274
31057 30150 30017
28822 32189 29481
29057 32308 29397
29923 31588 30417
30578 31350 30087
29128 32097 29383
29583 32017 29359
29495 32039 29253
29252 32149 29090
29429 32050 29260
29382 32051 29342
29440 31999 29376
30579 31200 30453
29640 31928 29488
29321 32074 29521
30419 31202 30469
29317 31976 29666
29243 32092 29223
29652 31924 29415
29079 32167 29356
30406 31583 30106
30802 31065 30492
29907 31884 29926
30818 30167 30350
29117 32291 29112
29340 32085 29414
29523 32090 29241
29519 32074 29246
30764 31071 30351
28803 32322 29077
29088 32395 29067
29204 32289 28628
29843 30713 30891
31025 29899 30470
31176 30038 30079
30895 30130 29832
29565 31908 29232
29228 32106 29017
28871 32108 29463
29062 31991 29757
29771 31656 30138
30149 31521 30278
29788 30814 30871
30011 31595 30170
29339 32034 29333
30423 30775 30619
30526 31176 30150
29949 31399 30406
30295 31104 30535
29852 31765 30090
30592 30895 30548
30497 31489 29938
30740 30928 30454
28930 32174 29218
30579 31047 29990
29036 32281 29161
31132 30086 30321
29274 31879 29390
28893 32217 29312
31040 30122 29965
29260 31943 29451
30368 30973 30587
29137 32097 29070
29288 32001 29382
29103 32041 29208
29924 31506 30523
30789 30999 30309
30448 30780 30617
29943 31414 30462
30506 31124 30411
30763 31013 30353
29829 31558 30298
29069 32244 29164
29887 31556 30318
29811 31546 30361
30774 31010 30426
30398 31003 30557
30585 30990 30579
29811 31531 30410
30390 31550 30089
29068 32248 29163
28448 31925 29622
28879 32373 28354
29723 30561 30807
30737 29592 30338
31061 29835 30124
30764 30469 30120
29138 32159 28506
28750 31910 29584
30848 30063 30288
30194 30989 30363
29414 31677 29775
29903 31347 30317
29165 32012 29151
29760 30739 30763
29111 31926 29392
30918 30046 30026
30104 30847 30566
29191 31767 29399
29402 31609 29882
29132 32097 28791
28640 32059 29138
29966 31514 30150
29825 30771 30616
29547 31607 29788
29279 31842 29138
29028 32264 28818
30225 31420 29959
30894 29792 30205
30653 30899 30418
28863 32366 29026
30397 30949 30523
30859 29975 30099
29060 32106 28873
29566 31473 30364
28938 32351 28947
31060 29817 30165
30515 30971 30212
29034 32219 29089
29871 30561 30587
29201 32082 28940
30889 29915 30298
30699 30962 30273
30458 30912 30539
28885 32157 29128
29785 31455 30472
30292 30977 30331
29895 31367 30393
28877 32234 28959
30504 30970 30451
30282 30758 30542
30250 30973 30409
29776 31456 30405
28445 31686 29484
28833 32317 29018
28950 32121 28280
29785 30446 30572
30925 29677 30073
30704 30112 29825
28935 32267 28738
30799 29963 30262
30460 30953 30337
29662 30791 30546
29206 31772 28904
29240 31708 29038
30215 31198 29903
29138 31648 29152
29126 31720 29321
30165 30928 30358
29963 30758 30450
30266 30853 30439
30647 30438 30074
28997 32020 29016
28940 31970 29123
29860 30681 30526
30674 30464 29845
29705 31389 30218
29124 31996 29041
29784 31503 30079
30626 30883 29964
30608 30016 30192
29805 31324 30151
29840 31469 30091
30502 30834 30090
28896 32221 28921
29696 31258 30275
29787 30627 30541
28839 32080 29032
28945 32161 28922
30613 30034 30158
29700 30759 30456
30617 30929 29941
29798 30649 30539
29686 30950 30446
28937 32161 29022
28770 32253 28986
28875 32098 28440
29444 30417 30453
30293 29626 30296
30747 29839 29676
29101 31471 29225
30186 30844 30388
29699 31374 30183
30443 30776 29641
28992 31968 28712
30530 29958 30127
30565 30299 29866
29090 31656 29160
28869 32153 28821
30261 30930 30240
29650 30591 30397
30478 30388 29955
28936 31814 29002
30297 30915 29751
29697 31314 30216
28914 31956 29099
30724 29781 30129
30607 29805 30165
29694 30567 30422
30441 30814 30239
28619 31904 28771
28811 32090 28423
28907 31962 28413
29649 30788 30318
30562 29652 30065
28981 31535 29151
29662 31337 29560
29752 30556 30297
30158 30901 30190
29461 31163 30198
30392 29912 29963
28856 31882 29041
29820 30639 30288
30425 30767 29829
30278 30672 29903
30468 29829 30030
28911 31912 28507
28711 31975 28692
29512 31204 30163
28839 31640 29048
28833 31990 28667
29680 30993 30122
29569 31337 30118
29627 31093 30212
30349 30597 29972
30461 29904 29960
29651 30734 30251
28835 31902 29058
28696 31891 28777
28719 32040 28361
30126 30855 30185
30372 29605 29889
28910 31502 28962
30165 30460 29647
29589 31278 29480
30206 30628 29413
29523 31176 29507
28825 31886 28770
29561 31108 30081
28855 31517 29048
28742 31666 29043
30183 30466 29562
28811 31833 28381
30126 30453 30028
28829 31344 28984
29448 31029 29505
29551 30856 29788
29544 30924 29680
28631 31396 28184
30092 30138 30017
29811 30363 29680
30030 30246 29615
29888 30054 29414
29926 30031 29403
