75 1.64222
8683 9296
8877 9066
8970 8803
8927 8941
8909 8982
8770 9121
8806 9083
8928 8860
8586 9386
8980 8725
8701 9145
8586 9386
8980 8725
8795 8994
8549 9252
8479 9129
8655 9036
8868 8847
8724 9026
8735 8712
8808 8798
8713 8819
8650 9079
8821 8818
8674 9074
8536 9150
8927 8778
8853 8711
8478 9271
8911 8931
8848 8811
8876 8783
8830 8820
8911 8736
8873 8757
8502 9325
8840 8647
8788 8787
8642 9108
8894 8817
8933 8774
8716 9060
8546 9124
8713 8968
8879 8749
8768 8796
8915 8693
8770 9121
8881 8946
8893 8982
8723 8942
8931 8754
8852 8748
8838 8862
8880 8688
8823 8768
8872 8842
8791 8897
8833 8793
8615 8991
8586 9386
8888 8735
8581 9248
8489 9117
8895 8756
8791 8846
8914 8961
8771 8789
8818 8759
8809 8822
8723 9089
8767 8678
8835 8744
8874 8705
8658 9085
8586 9386
8821 8691
8705 9052
8944 8814
8500 9343
8803 8785
8728 9031
8830 8673
8812 8943
8687 9101
8877 9066
8825 9042
8706 9029
8507 9311
8865 9002
8713 9082
8775 8744
8821 8696
8722 9063
8502 9347
8702 9125
8823 8891
8877 9066
8596 9193
8711 9018
8514 9230
8899 8774
8889 8806
8702 9125
8777 8758
8782 9043
8841 8981
8785 8924
8775 9024
8777 8720
8819 8945
8770 9121
8801 8982
8792 9005
8828 8828
8502 9347
8713 8968
8548 9239
8775 8890
8674 9074
8504 9343
8795 8946
8758 9054
8800 8990
8861 8668
8568 9317
8515 9387
8795 8994
8767 8940
8887 8775
8878 8802
8857 8822
8799 8718
8478 9277
8572 9288
8572 9288
8812 8760
8942 8777
8770 9121
8829 8875
8776 9063
8812 9008
8447 9215
8705 9052
8533 9268
8860 8956
8695 9022
8705 9052
8812 8710
8874 8621
8933 8797
8746 9003
8826 8978
8572 9288
8706 9048
8815 9023
8502 9325
8517 9263
8498 9269
8498 9159
8754 8723
8819 8945
8892 8917
8831 8972
8819 8945
8634 9250
8741 9132
8619 9214
8538 9296
8857 8839
8895 8727
8786 9031
8796 8777
8867 8797
8805 8752
8615 9267
8890 8883
8676 9043
8531 9159
8732 8778
8874 8705
8888 8816
8860 8956
8796 9089
8800 8990
8915 8693
8840 8950
8782 9043
8797 8690
8502 9347
8825 9042
8822 8795
8897 8861
8588 9289
8602 9243
8938 8795
8784 8812
8615 9267
8879 8766
8537 9210
8706 9029
8516 9112
8801 8960
8731 8786
8859 8903
8881 8708
8898 8751
8751 8519
8898 8869
8871 8731
8481 9255
8676 8843
8785 8924
8586 9386
8796 8789
8819 8945
8580 9289
8758 8821
8828 8793
8770 9121
8910 8783
8674 9074
8478 9271
8819 8945
8819 8945
8776 9063
8775 9031
8507 9311
8839 8989
8595 9128
8718 9076
8868 8801
8758 8762
8586 9386
8885 8778
8804 8827
8491 9160
8792 8692
8801 8842
8878 8691
8503 9209
8856 8680
8722 9066
8726 9012
8850 8772
8586 9386
8885 8702
8808 8860
8770 9121
8744 8768
8813 8851
8874 8745
8549 9305
8520 9309
8533 9194
8772 8905
8715 8700
8723 8992
8823 8817
8754 8732
8543 9317
8934 8721
8783 8791
8791 9025
8729 8925
8572 9288
8877 8733
8517 9263
8853 8711
8915 8693
8811 8977
8816 8799
8728 9031
8802 8779
8948 8771
8845 8631
8933 8773
8602 9106
8779 8935
8798 8754
8877 9066
8837 8773
8807 8744
8729 9028
8908 8784
8605 9042
8744 8784
8933 8773
8538 9296
8886 8926
8928 8807
8719 9062
8770 9121
8498 9269
8549 9223
8894 9009
8850 8745
8805 9072
8732 9079
8795 8994
8705 9052
8970 8803
8886 8926
8877 8715
8853 8876
8586 9386
8900 8893
8889 8621
8875 8644
8750 8974
8850 8845
8555 9280
8654 9037
8896 8874
8828 8828
8812 9008
8837 8974
8552 9122
8599 9283
8801 8982
8586 9386
8674 9074
8537 9210
8478 9128
8599 9283
8793 8966
8822 9086
8481 9310
8502 9347
8763 8976
8933 8774
8825 9042
8773 8682
8502 9347
8886 8965
8549 9305
8694 9152
8747 9041
8899 8846
8980 8818
8472 9086
8781 8852
8901 8827
8893 8808
8814 8755
8896 8874
8701 9145
8713 8968
8421 9186
8894 9009
8779 8976
8772 8820
8895 8727
8849 8894
8893 8808
8938 8795
8501 9180
8980 8725
8562 9241
8661 9061
8347 9182
8739 9129
8936 8750
8863 8978
8824 8709
8825 8876
8496 9170
8924 8763
8599 9283
8915 8693
8755 8999
8915 8874
8770 9121
8820 8833
8763 8999
8779 8831
8778 8953
8802 9036
8856 8756
8933 8774
8811 8874
8684 9086
8933 8774
8775 9024
8933 8773
8758 8821
8931 8895
8489 9311
8847 8842
8885 8739
8592 9307
8705 9052
8878 8693
8855 8668
8729 9138
8487 9261
8770 9121
8800 8990
8877 9066
8554 9181
8712 8968
8796 8889
8718 8976
8886 8926
8816 8934
8796 8796
8723 9089
8920 8691
8785 8749
8829 8998
8861 8915
8484 9263
8800 8990
8875 8772
8760 8819
8933 8774
8874 8705
8770 8762
8485 9220
8864 8845
8840 8812
8705 9052
8808 8830
8812 9008
8881 8729
8862 8753
8693 8932
8586 9386
8734 9076
8839 9037
8816 8804
8795 8994
8702 9125
8572 9288
8836 8799
8499 9252
8836 8700
8791 9016
8862 8753
8763 8999
8836 8906
8803 9001
8716 8941
8806 9083
8737 8910
8885 8702
8925 8713
8533 9282
8543 9226
8776 8718
8770 9121
8746 8996
8859 8823
8721 8727
8688 9015
8517 9263
8729 9028
8709 8932
8514 9230
8749 9123
8892 8806
8803 8773
8768 9033
8889 8864
8877 9066
8507 9311
8831 8744
8749 8991
8838 8716
8682 9093
8695 9165
8970 8803
