6 0.167396
8033 7974
7698 8023
8067 7526
8044 7675
7430 8099
8073 7362
7970 7914
7633 7940
8043 7504
7373 7948
7840 7912
7902 7739
7915 7495
7465 7504
8001 7449
7510 7594
7910 7364
7353 7772
8056 7806
7517 7459
7674 7446
7620 7366
7835 7625
7534 7797
7987 7528
8188 7822
7877 7578
7723 7378
7655 7834
7401 7725
7450 7652
7361 7931
7793 7656
7298 8077
7499 7761
7888 7448
7677 7712
7474 7768
7626 7619
7502 7978
7478 7621
7329 7602
7353 7637
7730 7645
7469 7153
7438 7498
7776 7463
7405 7261
7656 7732
7599 7252
7754 7879
7899 7515
7947 7364
7601 7474
7897 7598
7650 7475
7578 7352
7856 7633
7583 7824
7908 7358
7434 8060
7940 7489
7710 7751
8001 7596
7903 7742
7403 8060
7948 7521
7705 7705
7961 7811
7764 7421
8067 7361
7541 7537
7566 7615
7753 7595
7867 7650
7569 7592
7775 7209
8053 7408
7715 7251
7653 7253
7581 7553
7559 7948
7698 7767
7515 7922
7577 7637
7846 7474
7768 7767
7696 7766
7277 7335
7468 7884
7304 7634
7500 7774
7807 7489
8204 7759
7705 7485
7870 7377
7523 7778
7124 7498
7652 7653
7385 7552
7481 7720
7769 7384
7858 7418
7714 7878
7923 7511
7238 7539
7555 7121
7680 7540
7955 7370
7544 7633
7491 7744
7740 7201
7848 7809
7933 7567
7523 7943
7529 7655
7460 7646
7743 7462
7881 7593
7927 7668
7252 7442
7802 7426
7667 7805
7467 7906
7693 7018
7734 7762
7238 7382
7592 7345
7357 7744
7302 7738
8230 7496
7789 7789
7825 7800
7367 7499
7431 7905
8129 7468
7555 7688
8012 7398
7521 7373
7754 7205
7587 8044
7866 7403
7290 7763
7457 7507
7712 7446
7282 7699
7844 7118
7325 7807
8136 7414
7152 7775
7859 7364
7384 7765
7729 7453
7332 7614
7703 7344
7617 8058
7641 7341
7514 7792
8022 7570
7645 7750
7989 7893
7735 7772
7479 7593
7662 7559
7780 7109
7879 7457
7679 7762
7375 7753
7379 7487
7773 7270
7822 7801
7732 7367
7740 7744
7219 7548
7470 7737
7272 7744
7593 7710
7405 7700
7756 7136
7841 7739
7985 7191
7897 7528
7664 7573
7629 7837
7790 7690
7742 7311
7711 7605
7609 7934
7992 7411
7759 7439
7764 7484
7694 7614
8005 7642
7866 7561
7578 6939
7926 7567
7803 7344
7675 7779
7682 7174
8005 7532
7715 7513
7417 7981
7763 7205
7270 8043
7431 7622
7903 7797
7380 7648
7715 8054
7529 7552
7931 7677
7800 7729
7814 7258
7754 7820
7807 7637
7800 7650
7847 7804
7641 8264
7463 7524
7637 7223
7740 7698
8000 7604
7034 7278
7565 8082
7692 7328
7788 7623
7695 7632
7690 7266
7284 7874
7605 7533
7796 7495
7462 7613
7951 7219
7427 7689
7997 7421
7100 7743
7425 7925
8130 7566
7508 7580
7858 7725
7465 7721
7830 7713
7234 7728
7845 7453
7127 7966
7841 7425
7674 7443
7893 7531
8017 7464
7591 7753
7516 7723
7699 7458
7826 7220
7732 7673
7945 7502
7640 7434
7841 7582
7344 7856
7707 7528
7296 7741
8135 7363
7562 7859
7479 7907
7621 7794
7550 7514
7772 7436
7447 7813
7745 7899
7849 7856
7855 7257
7617 7669
7889 7874
7674 7383
7861 7223
7280 7780
7327 7701
7601 7719
7857 7420
8220 7707
7553 7722
7639 7208
7559 7791
7404 7526
7347 8168
7471 7867
7306 7730
7544 7539
7742 7704
7899 7667
7630 8050
7783 7299
8059 7391
7638 7338
7577 7552
8164 7556
8068 7391
7516 7576
7921 7594
7702 7705
7859 7584
7763 7347
7497 7915
7288 7770
7315 7927
7842 7699
7628 7261
7498 7845
7552 7644
7909 7336
7787 7550
7707 7123
7506 7877
7617 7131
7311 7613
7754 7307
7778 7630
7703 7892
7911 7364
8015 7595
7868 7419
7569 7396
7677 7335
7844 7693
7895 7354
7773 7750
7415 7785
7667 7669
7735 7458
8018 7467
8080 7561
7864 7302
7465 7128
7987 7508
8124 7532
7474 7729
8029 7492
7490 7755
7172 7642
7312 7985
7838 7155
7427 7549
7789 7867
7122 7641
7807 7869
7908 7679
7494 7914
7803 7913
7460 7950
7858 7413
7795 7359
7747 7275
7805 7940
7421 7672
8100 7162
7652 7717
8150 7568
7669 7297
7293 7424
8124 7926
7701 7635
7893 7555
7579 7947
7617 7506
7613 7474
7712 7629
7928 7450
7151 7898
7574 7795
7761 7525
7729 7557
8079 7639
7785 7915
8247 7434
7765 7574
8141 7257
7283 7946
7778 7434
7625 7747
7828 7919
8399 7596
6996 7182
7866 7336
7530 7779
8083 7793
7584 8173
7675 7684
7390 7543
7505 7748
7699 7721
8021 7044
7701 7016
7669 7589
7667 7685
7273 7914
7613 7477
7434 7313
8073 7583
7972 7126
7648 7591
8001 8170
7544 7686
7208 7915
7831 7412
7858 7648
7897 7535
7231 7785
7756 8011
7686 7115
7904 7666
7933 7664
7550 7525
7900 7326
7822 7561
7536 7318
7477 7610
7981 7393
7586 7829
7770 7742
7411 7717
7417 7821
7810 7966
8017 7371
7753 8070
8145 7577
7709 7358
7661 7400
7730 7338
7326 7768
7359 7890
7821 7589
7751 7459
7639 7727
7531 7230
7903 7793
7594 7310
7791 7541
7868 7605
7565 7280
7552 8059
7850 7857
7850 8040
7470 7908
8189 7715
6986 7574
7894 7791
7341 7633
7886 7921
7202 7442
7889 7394
7589 7435
7374 7762
7364 7462
7809 7407
7404 7270
7636 7846
7771 7508
7763 7347
7398 7695
7505 7625
7778 7761
7358 7840
7917 7505
7583 7246
8020 7491
7741 7440
7768 7643
7825 7433
7785 7358
7815 7549
7879 7862
7286 7755
7907 7510
7904 7749
