176 22.1367
33646 32292 33033 32992
32615 33774 32282 33966
33268 32997 33671 33764
32974 33893 33806 32173
33346 33835 32520 33271
32095 33092 34044 32571
33697 33062 33407 32685
32728 32890 33602 33787
34733 32912 32480 31570
33778 32555 32629 33148
32209 33613 33753 32949
34111 32931 32839 32458
33054 32822 33947 32702
32432 33433 33943 32457
34453 33251 32228 31963
32544 33711 33443 33207
33009 33671 32340 33740
34212 33749 32071 32421
33175 33713 32203 33999
33838 34045 32061 33171
31939 32244 32678 34166
33521 33157 32132 33900
33648 33367 33426 31993
33546 33096 33623 33138
32975 34018 32908 32617
33724 33242 31594 33749
33241 32723 34002 31833
32126 32212 31995 34120
33334 33622 33316 33699
32236 33842 33100 33357
33559 33969 32651 32203
34446 32739 32091 32289
32998 33666 32227 33965
33623 33365 32010 33833
32686 33306 33207 33822
33724 34237 32437 32947
32893 33917 33456 32263
33221 33320 31946 34117
33461 33108 32187 33752
32951 33811 32497 33547
32618 33975 33059 33159
33616 32565 32689 33463
34178 33471 32824 32377
32963 33096 33575 33281
34381 33194 32599 32906
34767 32967 32454 31382
32663 33712 33619 32786
33212 33146 33145 34010
33086 33254 33072 33737
32062 33641 33653 33440
34088 34076 32123 32821
34036 32608 33400 32539
34009 33022 33387 31681
34042 32874 32155 33285
33576 33731 32355 33643
32258 32771 33118 34012
33383 33245 33033 33182
33966 32903 32149 33513
32486 33619 32743 33709
33245 33855 33594 32504
33789 32828 32864 32976
33105 33360 32559 33856
34386 33370 32385 33050
33441 33077 33825 32169
32811 33895 32703 33160
33652 34255 31866 33208
32218 32265 31994 34067
32609 32867 34090 32442
34526 33290 32410 31300
34064 33429 32562 32575
33552 33067 33461 33012
33206 33680 32127 33894
32699 33338 32354 33945
33608 33691 32703 33505
33415 33361 33428 32450
33497 33821 32193 33321
33783 32583 33602 31766
32471 32266 32453 34043
32839 34197 32220 33344
33477 33271 32015 33726
34049 32883 32284 33271
33721 32779 32476 33415
32342 33625 32864 33582
32567 33656 32804 33622
34222 33282 32812 31743
33625 33768 33280 32356
32583 34465 32952 32470
33976 33662 31752 32937
32581 33528 33735 32645
32546 33697 32953 33310
34796 33019 32420 31557
32731 33305 33435 33414
32544 33837 32351 33584
32537 33005 34089 31728
34373 32758 32699 32311
34063 32917 32913 31334
32750 32897 34108 32425
31798 33595 33770 33330
32999 33634 33059 33062
32020 32302 32668 34134
33888 33225 31343 33615
32966 32981 33752 33086
33493 33987 32542 33147
32313 33808 33122 33255
33979 33561 32368 33013
34444 33280 32204 31825
33235 33229 31960 34089
32932 33630 32316 33833
34501 32685 32299 32202
32618 33825 33428 33218
32716 33325 33326 33256
33435 34131 32547 32302
32237 32687 33180 34066
33808 32477 32643 33086
32233 33700 32637 33633
33008 32722 33732 32770
33996 33517 32762 32835
32442 33429 33918 32325
33975 33459 32390 33123
33711 33330 33229 32700
33366 33269 32083 33797
34587 32677 32108 31986
32510 33969 33094 33163
33472 33263 33487 32077
33037 33518 32095 34042
33606 34289 31951 32483
33118 33717 32254 33853
32651 33198 33834 33056
33032 34130 32042 33475
33690 32813 33739 32217
34571 33027 32312 31149
34710 32929 32490 31554
32964 34478 32715 32489
32131 33647 33619 33354
31972 33510 33522 33486
32778 33721 32637 33627
33956 33862 32923 32249
33805 32947 32333 33489
34247 33364 32509 33113
33582 33032 33013 32961
32436 33805 33493 33073
33773 33428 32140 33287
32707 32959 33911 31997
33828 32642 33466 31661
32495 33072 32224 34065
32883 32936 33761 32982
33204 33372 33370 32610
32640 33393 33083 33826
32208 33316 32566 34007
32535 34003 32993 33444
33561 33182 33407 32695
33948 33387 31360 33578
32938 33822 32350 33553
32666 33457 33660 32934
33037 34263 32140 32682
33314 32957 33833 32476
33375 33327 32581 33577
33066 33303 33188 33702
32575 33629 32488 33857
34302 32676 32660 32350
34482 32732 32146 31924
32997 33311 33895 32315
32506 33745 32884 33516
34401 32966 32100 32349
32547 33217 32229 34032
32675 33822 32750 33569
33129 34191 32310 32950
34291 32325 33017 31789
33143 33813 32277 33571
33848 33536 32398 32955
32596 33373 32247 33999
32724 33662 32541 33639
33485 33019 32179 33800
32925 33935 32857 33093
32492 33785 33292 33274
32844 32826 33760 33020
32517 33674 33824 32515
32792 33318 33628 32632
32722 33748 33204 32841
32851 33828 32357 33590
33610 33025 32175 33579
33677 33009 32868 32977
33699 33360 33198 32676
33114 32842 33855 32491
32752 33277 33516 33359
32863 33609 32251 33929
33341 34258 31964 32947
33282 33762 32814 32603
34092 33053 32873 32486
34582 32776 32271 31756
33838 33299 31429 33617
32266 33391 32479 33910
33723 32590 33456 32261
34413 32782 32274 32219
32613 33664 32657 33612
32643 33329 33031 33789
34607 33108 32288 31071
34189 32970 32910 31734
32939 33763 33621 32365
33394 33320 33689 32273
34579 33262 32308 31730
32082 33652 33397 33342
33508 33942 32198 33028
33708 32715 32563 33430
34529 32759 31946 32429
32974 33512 32613 33856
32970 34155 31996 33430
34462 32950 32784 31871
33053 33539 33346 33207
33874 33126 32441 33218
33312 33861 32515 33429
33405 33457 32088 33670
32919 32844 33828 32742
33710 34004 32036 33261
33603 33002 33640 31866
33744 32726 33486 31936
34797 32973 32394 31347
32395 33454 33706 33089
33805 33941 32693 32888
33033 33740 32204 33990
32732 33651 32391 33799
32891 33158 33347 33695
33855 32794 33399 32451
32629 33523 32261 33924
33721 32779 32476 33415
32744 34392 32313 33118
32112 32329 32239 34072
33971 33015 32952 32869
32725 32869 33765 32966
32253 33116 34108 32296
32652 33648 32790 33599
34075 33321 32516 32575
32623 33235 33692 33613
32185 34027 32801 33269
34337 32983 32764 31788
33690 33578 32911 32755
32707 33186 33732 32972
33336 33450 33721 32383
32937 34056 33101 32453
32995 34098 32801 32928
34113 32713 32991 32118
33020 33565 33402 33244
32333 33375 32561 33881
32643 33858 32809 33332
32797 32922 33908 32148
32383 33504 33629 32704
33522 33962 32665 32401
32839 33996 33077 33150
32744 33309 32473 33918
34290 32807 32651 32234
33225 34089 32858 32943
33609 33813 32129 33411
32619 33287 33807 33020
33481 33974 32641 33095
34411 32794 33293 31787
34409 32852 32244 32424
33382 33160 32233 33830
32521 33627 32719 33784
32284 33138 33993 32138
32910 32718 33960 32569
33100 33442 32329 33736
33092 33307 32053 34019
33876 33786 32630 32768
32354 33752 33033 33300
34332 33318 32419 31232
33765 32823 32606 33350
34413 33164 32491 31298
34780 32726 32292 31634
33719 33561 33047 31885
32227 33396 32551 33941
32865 33275 33549 33464
33131 33047 33487 33720
33844 32991 33312 32448
33038 33399 33454 32550
33984 33585 32187 32368
32850 32998 33641 32793
32824 33795 32554 33557
32167 33782 33601 32925
33835 34034 32181 33126
33617 32509 32493 33506
33795 33403 32863 32870
32569 33388 32118 34042
33704 33784 32184 33496
32103 33130 33968 32606
33566 32526 33200 32880
34025 32826 32995 32268
34602 33144 32221 31053
32674 33724 32624 33840
33740 33648 32188 33150
33437 33037 32144 33796
33907 33253 32421 33462
32724 32915 33764 32863
33877 33639 32381 32527
33353 32959 33814 32578
33768 33604 32299 33081
32932 33826 32756 33327
33351 33924 32442 33428
33767 33547 33268 32471
32197 33707 33588 32948
33410 33157 33334 33954
34014 33252 33102 31977
34473 32979 32444 31703
32374 33434 33870 32306
34099 32841 33166 31721
32739 34227 32937 33065
32214 33793 33118 33275
32796 33676 33520 32665
32125 33549 33536 33431
33045 33721 32203 33859
33206 34173 32625 33365
33693 34053 32608 32148
32242 33560 33617 32962
33526 33109 33481 32227
32523 33797 32306 34046
32860 33632 33536 32666
32767 33723 33246 32990
33244 34298 32065 32715
33550 33653 32827 33539
32748 33809 32067 33768
32278 34312 32885 32517
33499 33744 33338 32297
33473 33747 32237 33412
33749 32799 33095 32638
32976 33684 32309 33855
32218 34382 33041 32625
33041 33539 32270 33800
32727 33649 32309 33867
33043 33073 33398 33195
32965 32874 33852 32676
32512 33674 32920 33496
32538 33877 33377 32326
32750 33232 33839 32845
33504 33966 32935 32076
32148 33646 33528 33308
33049 34287 31962 32858
33327 33225 33453 32400
33371 33170 32137 33701
33969 33840 32179 32721
34025 33048 32965 32062
32883 33244 33478 33535
33377 33700 32841 33498
33341 33161 33370 32782
34245 32865 32626 32351
33065 33838 32853 33029
34447 32892 32478 31917
32732 33936 33109 33131
33922 32876 33398 31830
33317 33702 32866 33498
32710 33766 33767 32483
33976 33491 32284 33075
32416 33679 32785 33679
32548 33113 33868 32634
32816 33262 32405 33881
32706 33550 33461 33388
32408 33828 33037 33241
34019 32762 32902 32953
33025 34470 31922 32907
33268 33320 33676 32535
32577 33285 33322 33524
34542 32964 32473 31780
34383 33152 32476 31542
32116 33636 33632 33398
33199 33906 32406 33453
33441 33401 32115 33726
33690 32705 32576 33453
32688 33313 33771 33003
33147 33778 32489 33496
33493 33207 33511 32716
33401 33888 32814 32154
33034 34402 32271 32572
33568 33194 33773 32194
32798 33658 32243 33889
32732 33701 32259 33693
32913 33129 33524 33201
33649 33400 32249 33154
34024 33077 32970 32482
32933 33616 32912 33869
33182 33661 33280 32823
33754 34048 32538 31836
32813 34454 32370 33117
33507 33388 31963 33666
33724 33534 32764 32847
34075 33569 32800 32448
32615 33857 32478 33525
32650 33787 32080 33684
33374 34043 32647 32364
32463 34019 33025 33291
32903 33087 33603 33189
32070 33656 33472 33352
33287 33525 33583 32216
33676 33567 32332 33062
33030 34533 32346 32568
33396 34143 32463 32595
33817 32658 33449 32318
32905 33907 33148 32052
33024 33705 33058 33291
32762 33433 33704 32911
33150 33890 32864 32959
33643 33016 33597 31767
33094 33901 32197 33600
33102 34367 31944 32858
33104 34182 32679 33377
32666 33817 33334 32804
33189 33626 33269 32600
33850 33166 33041 32943
32489 34017 33032 33301
33683 33563 32941 32795
33893 32850 33413 32356
33802 33179 32537 33097
34133 33277 32890 31807
33098 33781 33033 33182
34211 32753 32916 32301
