2 0.0528201
7165 7396 7381
7174 7454 7334
7313 7604 7075
7498 7316 7188
7072 7104 7413
6748 7645 6849
7174 7454 7334
7165 7396 7381
7184 7584 6986
7026 7482 7037
7303 7377 6768
7343 7243 6952
7248 6824 7124
7382 7188 6956
7474 7217 6850
7232 7291 7119
7377 7303 6829
6511 7299 7258
7143 7337 7117
7135 7292 7211
6736 7318 7248
7151 7376 7037
6730 6845 7379
6975 7353 7141
6880 6579 7376
7022 6930 7302
7018 7065 7361
7143 7337 7117
6881 7279 7304
6672 7396 7172
7051 7424 6965
6449 7521 6805
6947 7516 6884
6857 7523 6486
6456 7521 6725
7085 7434 6750
6947 7516 6884
6924 7394 7018
6884 7448 6909
6939 7387 7028
7273 7012 6932
7361 7030 6867
7278 6994 6935
7460 7202 6646
7466 7047 6817
7178 7128 6851
7210 7115 6918
7186 6850 7039
7222 7217 6821
7154 7283 6766
7249 7251 6707
7105 7068 7154
7070 7175 7141
7105 7068 7154
7075 7360 6993
7124 7365 6890
7145 7260 6944
6905 7315 7134
6940 7063 7348
6951 6927 7241
6957 6799 7160
7021 7237 7094
7120 6966 7023
7091 7151 6974
7051 7210 7089
6655 7147 7303
6880 7278 7291
7020 7396 6941
6977 7415 6894
6569 7464 6490
6461 7454 6575
6725 7449 6486
6320 7483 6686
6605 7422 6600
7265 7027 6862
7244 6979 6906
7261 7114 6523
7333 6867 6652
7333 6867 6652
7339 6825 6741
7413 7003 6631
7193 7099 6719
7193 7099 6719
7182 7149 6794
7160 7182 6769
7209 7137 6608
7195 7239 6330
7160 7185 6667
6936 7157 7130
7058 6824 7110
7058 7053 7030
7032 7283 6902
7087 7322 6855
7095 7193 6875
7100 7186 6425
7070 7244 6897
7099 7190 6836
6754 7309 6997
6141 6947 7325
6141 6947 7325
6909 6976 7200
6141 6947 7325
7047 7128 7065
7000 7169 7029
7005 7159 7079
6893 7182 7054
6699 7160 7261
6730 7248 7157
6730 7248 7157
6760 7216 7119
6769 7138 7149
6839 7027 7225
6800 7176 7094
6858 7211 7093
6990 7251 6928
6576 7400 6692
6826 7378 6876
6742 7396 6682
6927 7332 6873
6913 7355 6792
6788 7389 6851
6454 7406 6528
7251 6833 6756
7220 6671 6855
7198 6889 6887
7238 6871 6646
7128 6771 6891
7188 6908 6832
7141 6974 6797
7215 6906 6820
7365 6960 6617
7400 6686 6631
7365 6960 6617
7179 6996 6793
7116 7116 6741
7205 7029 6607
7142 7132 6509
6850 7107 7116
6897 6986 7084
6926 6983 7102
7036 6810 7100
7048 6730 7040
7066 7299 6761
6938 7309 6833
6988 7264 6770
7079 7250 6780
7087 6973 6844
7019 7195 6827
7093 7176 6596
6609 7254 6949
6609 7254 6949
7023 6827 6952
7030 7076 6862
6991 7085 7044
6976 7097 6958
6919 7147 6951
6931 7131 7008
7002 6965 6988
6959 7097 6997
6997 7022 7038
6563 7056 7184
6664 7242 6952
6606 7244 7139
6732 7177 7099
6624 7180 7105
6624 7180 7105
6624 7180 7105
6668 7036 7143
6567 6967 7214
6745 6997 7166
6823 6897 7195
6779 7120 7063
6754 7144 7060
6858 7191 6939
6698 7192 6915
6891 7280 6849
6638 7288 6854
6816 7301 6843
6891 7280 6849
6502 7375 6615
6776 7312 6774
6607 7331 6662
6502 7375 6615
6566 7353 6517
7159 6851 6823
7138 6853 6806
7138 6853 6806
7264 6934 6295
7169 6774 6749
7169 6774 6749
7107 7017 6727
7094 7099 6680
7160 6842 6586
7128 7016 6511
7108 7045 6332
6721 7084 7114
6692 7026 7116
6799 7065 7048
6857 6935 7050
6865 6899 7072
6837 6959 7051
6804 6979 7084
7026 6793 7021
7037 7263 6699
6955 7281 6729
7050 7254 6723
6904 7274 6762
6684 7303 6780
7051 7250 6693
7060 7170 6757
7051 7233 6753
7051 7250 6693
7078 7195 6751
6958 7124 6776
7013 7130 6762
7087 7107 6467
6415 7246 6900
6848 7032 7042
6866 7100 6957
6868 7067 6965
6895 7039 6830
6947 7059 6820
6986 7003 6767
6951 6912 6908
6916 6985 6887
6919 6973 6884
6986 6874 6910
6978 6923 6833
6935 6469 7024
6915 7011 6829
6924 6902 6982
6561 7243 6945
6599 7157 7129
6561 7243 6945
6661 7175 6948
6696 7112 7079
6725 7084 7079
6558 6851 7208
6558 6898 7145
6558 6898 7145
6776 6564 7122
6776 6564 7122
6577 6769 7187
6741 6888 7182
6723 6894 7116
6729 7109 6970
6702 7100 7049
6595 7178 6930
6841 7154 6935
6835 7187 6905
6639 7244 6782
6854 7201 6820
6685 7238 6832
6632 7274 6816
6411 7269 6842
6600 7273 6821
6314 7307 6662
7146 6828 6665
7079 6822 6764
7177 6810 6289
7148 6744 6567
7111 6870 6434
6659 6970 7097
6938 6793 6940
6824 7264 6551
6626 7296 6496
6736 7215 6731
7047 7134 6753
6846 7211 6710
6960 7216 6670
6935 7210 6676
6893 7227 6625
6829 7235 6659
6844 7249 6591
7028 7226 6635
6988 7185 6719
6988 7161 6730
6954 7022 6768
7074 6884 6390
7086 7053 6305
7060 6926 6449
6840 6857 7002
6827 6602 7004
6815 7020 7039
6868 6918 6926
6867 7065 6769
6760 7031 6960
6944 7009 6819
6961 6965 6764
6961 6965 6764
6945 6901 6866
6872 6955 6843
6907 6928 6860
6931 6855 6899
6949 6785 6864
6974 6860 6792
6859 6797 6969
6557 6990 7109
6519 7003 7103
6439 7238 6913
6629 7123 6948
6585 7056 7066
6653 6998 7059
6545 6712 7188
6574 6606 7166
6733 6888 7131
6574 6606 7166
6574 7092 6994
6484 7134 6920
6757 7169 6890
6774 7078 6861
6818 6971 6854
6769 7155 6852
6843 7187 6714
6826 7072 6794
6837 7014 6815
6612 7227 6789
6550 7254 6808
6575 7239 6613
6550 7254 6808
6572 7244 6696
6259 7266 6517
7069 6795 6444
7057 6798 6745
7069 6788 6649
7082 6632 6343
7085 6760 6317
6590 6897 7084
6650 7258 6550
6655 7196 6728
7015 7131 6697
7020 7045 6752
7026 6993 6706
7045 7104 6695
7016 6906 6753
7025 6748 6746
6776 7080 6743
7039 6875 6716
6779 7244 6582
6977 7204 6258
6841 7192 6373
6793 7216 6416
6794 7188 6448
6675 7196 6617
6903 7178 6703
6943 7135 6714
6966 7161 6650
6974 7140 6524
6763 6944 6903
6763 6944 6903
6749 6900 6986
6691 6962 7030
6807 6972 6888
6702 6893 7027
6759 6549 7015
6863 6863 6886
6865 6908 6864
6760 7013 6904
6726 6976 6957
6688 7030 6932
6944 6902 6815
6909 6909 6777
6919 6644 6827
6867 6623 6857
6852 6730 6887
6823 6724 6952
6489 6944 7108
6368 7190 6824
6368 7190 6824
6577 7095 6914
6560 6917 7064
6258 7039 7009
6554 6884 7088
6656 6611 7040
6660 6557 7063
6617 6703 7083
6673 6771 7037
6414 6864 7115
6647 6845 7068
6499 7051 6988
6695 7164 6876
6592 7073 6885
6746 7132 6875
6594 7061 6881
6592 7073 6885
6918 6494 6809
6422 7131 6845
6448 7157 6789
6437 7198 6741
6444 7186 6779
6730 7183 6530
6353 7015 6944
6995 7015 6605
6885 7159 6415
7009 7110 6594
6747 7220 6291
6743 7191 6516
7014 6989 6717
6986 7030 6614
7032 6927 6659
6816 7184 6521
7035 7085 6504
7069 6743 6493
7047 6794 6726
6656 7168 6677
6582 7232 6525
7032 6927 6659
6415 7255 6448
6469 7116 6856
6588 6935 6994
6611 7218 6731
6471 7077 6908
