13 2.32744
13456 15626 15681
14224 14404 15918
14973 15300 14475
15233 14311 14998
15256 14689 14875
13604 15559 15774
14034 15598 14694
14665 15451 14824
14129 14575 15793
15153 14871 14943
14770 15072 15314
15208 14736 14725
14578 14850 15639
14128 14963 15914
14048 15362 15103
14993 14903 15116
14366 14321 15785
14172 15190 15582
14474 14688 15740
14191 14738 15773
14218 14478 15765
14605 15191 15477
14397 15235 15129
14505 14886 15518
14188 15242 15244
14568 15395 15064
14854 14922 15336
14301 14473 15791
14795 14629 15545
14896 14916 15416
14904 14945 14870
14039 15576 15736
14041 15418 15401
14965 14866 15479
14379 15438 15022
14792 14604 15571
14250 15263 15179
14724 14628 15631
14396 14689 15759
14250 15263 15179
14791 15016 15225
14651 15048 15315
14811 14980 14982
14723 14986 15401
14899 15407 14965
14689 14864 15611
14627 14955 15517
14034 15598 14694
14978 14926 15084
14301 14473 15791
14818 14932 15149
14658 15440 15013
14798 14935 15208
14789 14965 15405
14643 15386 15072
14044 15029 15598
14818 14932 15149
14643 15386 15072
14689 14864 15611
14862 14929 15126
14860 14949 15112
14798 14935 15208
14044 15029 15598
14627 14955 15517
14172 15190 15582
14862 14929 15126
14789 14965 15405
14627 14955 15517
13517 15515 15702
14000 15589 14653
14108 14380 15833
14112 14336 15818
14934 14937 14429
15191 14649 14759
14215 14452 15763
13680 15425 15536
14217 15375 15007
15134 14589 14828
14668 14522 15535
14141 14385 15796
13716 15406 15559
13793 15345 15546
14057 14639 15657
14305 14590 15728
14883 14774 15255
14396 15182 15419
14868 14899 15361
15059 14768 14930
13906 15564 14675
14561 15030 15126
14844 14996 14568
14735 15012 15187
14431 15181 15063
14777 15286 14499
13882 15492 15496
15126 14759 14756
14285 14613 15735
14596 14960 15302
14807 14712 15446
14123 15113 15544
14473 14820 15601
14973 14806 15026
14105 15186 15180
14496 15157 15300
13584 15310 15582
13584 15310 15582
15004 14786 14926
14071 14432 15803
14805 14758 15375
13857 15529 15507
14549 14825 15595
14767 15019 14879
14498 15091 15283
13929 14962 15738
14897 14953 14882
13907 15220 15510
14562 15322 15031
15088 14868 14785
14814 15091 14669
13842 15013 15686
14450 15168 15104
15131 14666 14790
14292 15061 15475
14061 14853 15567
14843 15061 14670
14853 15285 14501
14560 14906 15488
13808 15271 15678
13965 15180 15485
14844 14996 14568
14721 14945 15374
14624 15324 14778
15053 14785 14799
14040 14853 15747
15100 14661 14808
14666 14856 15412
14685 14600 15478
14770 15235 14535
14005 15413 14902
14519 14941 15397
14450 15168 15104
13808 15271 15678
14988 14879 14913
14006 15562 14534
13894 15243 15504
14505 15331 15011
13920 15315 15461
14772 15191 14757
14696 15229 14791
14643 15229 14881
14019 15332 15401
13915 15496 15444
13959 15314 15493
14006 15562 14534
14615 14879 15505
14071 14432 15803
14022 14940 15816
14468 15013 15429
14690 15250 14761
14732 14854 15447
14690 15250 14761
14772 14779 15388
15100 14661 14808
14988 14879 14913
14108 14380 15833
15053 14785 14799
14468 15013 15429
13919 15411 15392
14767 15019 14879
14853 15285 14501
14668 14777 15495
13915 15496 15444
13919 15411 15392
14777 15286 14499
13449 15230 15666
13533 15508 15008
14107 14329 15802
14114 14264 15749
14819 15264 14482
15143 14593 14686
13608 14878 15783
15060 14439 14791
15026 14736 14744
14979 14668 14875
14699 14931 15289
13820 15387 15401
14369 15125 15111
14778 14998 14535
14976 14477 14896
14578 14693 15463
14802 14776 15329
14071 15344 14817
13841 15415 15361
14940 14723 14983
14181 15173 15204
14280 14395 15694
14196 14527 15592
14385 15290 14921
13883 15490 14688
14311 15029 15292
14027 15068 15511
14766 15046 14638
14096 14376 15723
15108 14732 14741
14614 14834 15436
14626 14803 15372
13740 15117 15560
14251 15172 15137
14750 14547 15431
14159 14346 15718
13538 15259 15623
14208 14428 15694
13765 15476 15504
13566 15268 15557
14864 14487 15031
14891 14573 14998
13772 15213 15504
14410 15109 15074
14883 14648 15027
14668 14941 15043
14828 15228 14493
14710 15114 14661
13690 15330 15508
14951 14689 14840
14536 14894 15455
13912 14689 15773
14137 15017 15337
14474 14906 15477
13487 15320 15646
13934 15165 15490
15034 14648 14813
14522 14795 15583
14491 15102 15210
14858 14885 14921
14430 15229 15024
14204 15116 15223
14772 14943 14723
13978 15223 15298
14275 15150 15135
13867 15061 15525
14077 15126 15397
13484 15193 15661
14884 14938 14596
14797 14887 15299
14738 15003 14843
14191 14587 15701
14656 15241 14570
14644 15149 14586
13972 15185 15346
13954 14940 15551
14520 15264 14974
14758 14831 15353
14640 14964 15078
13765 14690 15744
14156 15340 14572
13690 15330 15508
14768 14977 14593
14195 15080 15293
13864 14959 15554
14083 15056 15357
14474 14906 15477
13942 15261 15440
14520 15264 14974
14251 15172 15137
14861 14571 15136
13771 15315 15439
13846 15326 15403
14753 14896 15210
14656 15241 14570
13838 14998 15636
13449 15230 15666
13449 15230 15666
14738 15003 14843
14849 15065 14486
14204 15116 15223
13846 15326 15403
14640 14964 15078
14118 15325 14590
14849 15065 14486
13484 15193 15661
13838 14998 15636
14709 15068 14727
14709 15068 14727
14118 15325 14590
13771 15315 15439
14709 15068 14727
13331 15043 15642
13443 15504 14993
13878 15415 14364
14018 14311 15757
14093 14185 15732
15094 14614 14620
13675 15353 15480
14227 14292 15693
13529 15474 15066
14800 14967 14480
13695 15455 15290
13595 15013 15483
14780 14461 15053
13813 15283 15387
14549 14793 15394
15026 14730 14644
13910 14639 15626
14181 15251 14916
13806 14989 15559
14874 14423 14980
13456 15078 15580
13797 14895 15610
14963 14574 14837
14071 15171 15027
14391 14896 15277
14096 14542 15636
14951 14426 14870
14634 15186 14514
14126 14679 15490
15004 14563 14725
14174 14339 15697
13830 15443 14558
14175 15155 15076
14677 15053 14587
14319 15093 15148
13841 15042 15434
13345 15466 15164
14284 15024 15205
14982 14362 14778
14982 14362 14778
14229 14758 15461
13877 15207 15288
14001 15177 14996
15043 14693 14682
14725 14887 14940
14483 14955 15121
14199 15106 15177
14832 14804 14917
14413 14843 15366
14749 14822 15232
14872 14695 14684
14007 15065 15328
14907 14600 14854
14592 14931 15178
14902 14667 14757
14404 14864 15352
14934 14693 14741
14629 14848 15266
14439 15191 14948
14761 14971 14599
14498 15043 14940
14142 15157 15119
14313 15099 15001
14665 14798 15333
14772 14938 14561
14797 14618 15050
14441 14769 15451
14750 14704 15193
14443 15080 15176
14729 14811 15248
13803 14678 15649
14805 14592 14997
14219 14959 15207
13904 15198 15353
14149 15091 15186
14604 14893 15245
13879 15022 15465
14178 14662 15489
14096 15094 15179
13345 15466 15164
14593 14963 14729
13841 14962 15490
13803 14678 15649
14142 15157 15119
13803 14678 15649
13256 14785 15487
13425 15417 15097
14047 14150 15650
14695 14870 14378
15035 14583 14543
14263 14351 15432
14032 15251 14572
14957 14468 14721
14422 14893 14825
13735 14740 15572
14852 14626 14719
14399 15015 15003
13854 14535 15443
15002 14660 14678
13893 14967 15242
14500 14641 15260
14746 14816 15166
13571 15168 15473
14972 14700 14509
14144 15049 15145
14558 15161 14457
13987 14858 15321
14699 14729 15205
13629 15195 15253
13861 14922 15356
14098 15099 15132
14312 14991 15130
14081 15153 15009
14390 15026 15033
14363 14903 15092
13580 15086 15387
14352 14581 15366
14644 15050 14468
14567 14773 15177
13639 15069 15414
13669 14885 15440
14598 14889 15100
13986 14860 15244
14636 14828 14687
14292 15161 14689
14395 14845 15259
14033 15166 15027
13483 14867 15349
14169 14095 15349
14528 15152 14431
14605 14979 14414
14993 14630 14618
14710 14216 14731
14987 14566 14678
14834 14594 14675
14670 14720 15183
13679 14807 15140
14272 14966 14436
14091 15016 14869
13871 14993 15087
14053 15062 15056
14700 14691 14539
13949 15090 15071
14709 14577 14781
14663 14760 14917
14320 14909 14979
14613 14779 15033
14583 14887 14557
14433 14732 15141
14574 14816 14953
14705 14686 15124
14993 14630 14618
14538 15103 14429
14343 14805 14974
14433 14788 14975
14062 14794 15074
14323 14814 14966
13327 14764 15307
13981 15012 14988
14104 14088 15235
14554 14881 14486
14947 14503 14500
14689 14354 14773
13630 14904 15068
14555 14801 14859
14199 14523 15181
14506 14693 15155
14151 14828 14607
14805 14442 14582
14797 14559 14551
13864 14830 15083
14528 14639 15122
13864 14896 15037
14653 14711 15105
14668 14644 14555
14600 14748 15004
14195 14739 15011
13664 14501 15160
13987 14849 14275
14847 14357 14496
14682 14528 14500
13783 14816 15062
14649 14449 14915
14391 14730 14989
14480 14775 14690
14464 14651 14706
14254 14788 14412
14038 14746 14845
14302 14842 14358
14143 14638 15007
13974 14773 14875
14634 14606 14871
13746 14820 14956
14598 14619 14769
14584 14629 15000
14636 14617 14463
13653 14510 14898
13856 14725 14896
14231 14718 14564
14640 14433 14659
14597 14607 14702
13943 14626 14573
13434 15799 14448
13584 15807 14441
13592 14250 16196
13663 14230 16191
15366 15007 14490
14821 15368 15057
14659 15705 15517
13925 15774 14907
14092 15735 14605
15154 14860 15095
15083 14554 15533
14938 15335 15168
15059 14625 15328
13450 15279 15823
13861 15221 15639
14738 14678 16028
14516 14954 15791
14231 14814 15934
14894 14991 15590
14391 14961 15781
15069 14568 15364
13663 14230 16191
14042 14580 16124
14129 15177 15618
14330 15069 15686
13935 15093 15768
14114 14579 16101
14301 14756 15951
13956 15121 15713
14180 14571 16160
13999 15129 15659
14599 15035 15684
14301 14756 15951
14599 15035 15684
14129 14743 16022
14207 14825 16021
14141 15080 15950
13999 15129 15659
14207 14825 16021
13956 15121 15713
14187 15072 15632
14187 15072 15632
13440 14983 15831
13647 14139 16136
13741 15768 13674
15053 14657 14957
14981 14304 15244
13564 15252 15491
14171 14401 16115
15019 14509 15144
14016 15578 14523
14133 15629 14171
13742 15680 14828
13695 15690 13789
14327 15474 15324
14156 15675 13940
14057 15142 15572
13459 15740 14500
14726 15342 15026
14965 14677 14273
14458 14901 15643
14210 15653 13930
13808 15102 15605
14570 15291 15434
14841 14945 15438
13939 15699 13779
14107 14791 15819
14652 15253 15423
13878 15094 15629
13876 15711 13685
14681 14667 16005
14452 15370 15445
13753 15649 14918
14257 14747 15820
14224 15571 14422
14884 14597 15156
14351 14960 15708
14471 15452 14498
13982 15054 15817
14361 15551 14996
13997 15497 15222
14364 14766 15750
14883 14636 15099
14864 14977 14890
14366 14942 15552
14146 15601 14185
14165 14552 16095
14249 14694 15951
14391 14924 15583
14398 15002 15457
14886 14572 15073
14919 14570 15319
13832 15011 15829
14122 15602 14490
14606 15322 15294
14158 15577 14379
14471 15452 14498
13972 14689 15992
14909 14580 14963
14634 15495 14421
14004 15026 15793
14606 15308 15315
14195 14967 15663
14187 14784 15879
14068 15004 15562
14572 15388 14492
14396 15522 14323
14103 14731 15902
14046 15029 15625
13824 15735 13784
14861 14904 15459
13997 15645 14326
14012 14949 15869
14713 15260 15100
14572 15388 14492
14041 14579 16086
13742 15680 14828
14252 14726 15834
14019 14713 15908
14628 15325 15118
14690 15268 15114
14850 15257 15021
13877 15710 13752
14726 15342 15026
13999 15610 15113
14625 15272 15309
14019 14713 15908
14201 14677 15966
14041 14579 16086
14041 15457 15432
14396 15522 14323
13877 15710 13752
14198 14689 15971
14625 15272 15309
14103 14731 15902
14107 14791 15819
14146 15601 14185
14146 15601 14185
13877 15710 13752
13266 15668 14324
13602 14095 16130
13704 15719 13688
13835 15647 13685
15001 14485 14329
13334 14915 15732
13794 15674 13935
13740 14262 16056
14267 14313 15905
13691 15708 13763
14129 15609 14077
13547 14156 16096
13445 14939 15679
14529 15301 15047
14751 14748 15417
13475 15572 14847
13814 14816 15699
13673 14201 16093
14888 14517 14197
14348 14912 15453
13277 15648 14277
14438 14796 15319
14593 15235 15305
14374 15471 14133
13892 14973 15643
14134 14675 15893
14149 14451 16024
14934 14461 15007
13999 15606 14590
14118 14404 16027
13473 14143 16110
14826 15088 14496
13740 15711 13726
14252 14652 15820
14793 14629 15436
14812 14536 15095
14257 14591 15770
14675 15227 14964
13859 15625 13909
14453 15321 14904
13876 15645 13877
14643 15339 14655
14120 15432 14693
14106 14960 15483
13659 15497 15062
14350 15345 14336
14237 15484 14319
14187 15514 14452
14259 14612 15626
14673 15171 15029
14091 14497 15992
14710 15314 14954
14218 14663 15945
14253 14572 15859
14034 15446 14637
14619 15274 15004
14020 15021 15565
14306 14768 15537
14955 14169 14774
14055 15586 14152
14009 15500 14736
13909 15088 15529
14268 14758 15583
14488 15266 15239
14368 15406 14192
14197 15367 15259
14038 15402 14862
14304 15335 15082
13445 14939 15679
14749 15151 14959
14439 15389 14207
13700 15178 15403
14211 14517 15962
14702 15140 14992
14171 15373 15211
14315 15445 14389
14273 15381 15169
14078 14542 15953
14051 15529 14498
13975 15338 15357
13949 15566 14753
14488 15266 15239
14611 15118 15219
13814 14816 15699
13952 15037 15633
14335 15439 14490
14366 15053 15333
14955 14169 14774
14117 15462 14542
13673 15517 14988
14118 14404 16027
13875 15120 15480
14955 14169 14774
14202 15498 14391
14122 15538 14469
14600 15036 15271
14275 15492 14249
14117 15548 14253
14135 15099 15441
14604 15253 15206
14117 15462 14542
14321 15397 15073
14803 15031 14907
14123 15136 15367
14371 15384 14246
14075 14566 15991
14366 15053 15333
14344 15097 15356
14020 15021 15565
13876 15645 13877
13848 15473 15049
14058 15581 14324
13949 15566 14753
14050 15313 15398
14273 15381 15169
14004 15512 14918
13909 15088 15529
14075 14566 15991
14004 15512 14918
14604 15253 15206
14056 15175 15406
13843 15132 15481
14050 15313 15398
14749 15151 14959
13843 15132 15481
13835 15647 13685
14202 15498 14391
13700 15178 15403
13700 15178 15403
14202 15498 14391
14273 15381 15169
14366 15053 15333
14488 15266 15239
13360 15567 14371
13642 14172 16065
13769 15661 13714
13770 15632 13698
14817 14445 14357
14171 14659 15927
13630 14992 15571
14760 14511 15002
13716 14919 15501
14517 15051 15135
13752 15592 13910
14753 14262 15095
13859 14837 15542
14026 15544 14110
13942 15204 15349
14335 14368 15433
13617 15578 14236
14810 14405 15048
13473 15494 14848
14275 15348 14899
14647 14787 14953
13818 15529 14641
14438 15160 15261
13473 15453 14970
14645 14702 15238
14361 15328 14310
13658 14196 16063
14615 14577 15248
14461 15313 14249
13694 15650 13824
14717 14597 15212
13693 15087 15517
14540 15298 14950
14204 14831 15339
13853 15627 13751
14214 14972 15276
14117 15607 13886
14698 14643 14788
14043 14372 16013
14022 15568 14199
13664 15406 14848
13828 15129 15450
14237 15492 14233
14333 15432 14474
14738 14377 15194
14004 15456 14748
14102 15446 14501
14072 15479 14403
14591 15304 14781
13954 15544 14305
14631 15169 14938
13960 15234 15293
14104 15429 14585
14577 15233 14914
14135 15468 14247
14672 15167 14377
14162 15363 15091
13942 15368 15174
14683 14991 14935
14645 15230 14919
13979 15373 15088
13979 15373 15088
13828 15129 15450
13959 15411 14819
13960 15234 15293
14059 15503 14412
14050 15512 14459
14004 15456 14748
14092 15492 14328
14054 15465 14455
13638 15416 14949
14097 15529 14318
14104 15429 14585
14025 15414 14607
14100 15455 14485
14092 15539 14234
14059 15503 14412
14103 15460 14313
14025 15414 14607
14025 15414 14607
14104 15429 14585
13427 14080 16057
14062 15578 13864
14743 13832 14496
13656 14132 15959
13680 14744 15520
14575 15070 14886
14070 14647 15804
14708 13926 14553
14719 14376 14321
14667 14568 14796
14457 14904 15124
14170 14342 15855
13692 14933 15381
14246 15423 14378
14018 15019 15062
14321 15369 14111
13756 14756 15475
14266 15133 14935
14364 15170 14820
14070 14818 15279
14616 14899 14836
13835 15154 15306
13866 14990 15251
14296 15241 14209
13935 15319 14671
14205 15312 14753
14054 14608 15898
13739 15269 15097
14143 14572 15840
14013 15547 14153
14278 15009 15154
13974 15311 14765
14058 15446 14481
13908 15555 14138
14332 15182 14922
14284 15213 14596
14114 15443 14183
13779 15400 14771
14095 15495 14124
13870 14619 15860
14089 15335 14632
13799 15361 14770
14615 15166 14655
14062 15480 14327
14066 15374 14570
14305 14926 14932
14315 14617 15252
14090 15276 14766
13282 15064 15050
13543 14094 15933
13663 15560 13661
14626 13913 14299
14672 14360 14214
13417 14740 15309
14465 15005 14859
14007 14630 15783
14099 14343 15667
13916 14227 15862
14601 14989 14448
14282 15092 14741
13469 15215 14989
13834 14786 15231
13953 15519 14138
14110 14845 15041
14002 15460 13897
13813 14749 15294
13703 15112 14994
14241 15054 14802
14140 15218 14336
13835 15553 13977
13984 15143 14676
14208 15419 14158
13971 15369 14494
13841 15245 14735
14123 15259 14206
14065 15240 14442
14056 15454 14277
14009 15317 14611
14025 15114 14602
13991 15471 14164
14086 15345 14306
14009 15396 14447
14031 15358 14299
13464 14633 15200
13561 15504 13729
13765 14253 15777
13819 15500 13639
14591 13818 14393
14412 14947 14837
14532 13952 14332
14144 15331 13968
13647 14756 15088
13821 15020 14724
13638 14612 15450
13731 14575 15611
14135 15143 14198
13992 15258 14509
13957 14601 15001
13919 14525 15749
13924 14393 15750
13940 14463 15561
13679 15476 14013
13867 15288 14444
14100 15369 14077
14042 15423 14233
13995 15194 14398
14051 15286 14123
13891 15448 14106
13988 15381 14290
13939 14579 15482
13980 15429 14068
13987 15307 14407
12883 14747 14939
13623 15473 13679
13874 14501 15714
13953 15156 14440
13337 14524 15289
13060 14573 14535
13820 15400 13718
13792 14518 14863
13895 15251 14432
13925 15322 14080
13807 15316 14122
13489 15160 14177
13723 15384 13533
13828 14192 15538
13815 15016 14037
13762 15269 13941
13797 15063 14106
13011 14880 14028
13517 15208 13906
13702 14825 13882
13775 14531 13893
13469 15153 13940
13389 14617 13926
13918 15841 14792
14074 15071 16095
14293 14783 15801
15044 14985 15082
15028 15342 15481
14775 15568 15722
14990 15477 15523
14813 15808 15598
14568 15383 15760
14220 15243 15862
14797 15721 15644
14358 14823 15763
14111 14864 16035
14614 15134 15734
14114 15186 15923
14256 14991 15962
14013 15094 15953
14313 15111 15765
13997 15066 15969
14028 14945 16032
14675 14803 15650
14763 15793 15492
15017 15300 14975
15018 14945 15280
14542 15359 15757
14182 15005 15829
14731 15608 15584
14655 15402 15650
14861 15432 15140
14942 15368 15388
14791 15446 15206
14101 14863 15902
14866 15008 15475
14720 15319 15613
14864 15178 15407
14135 15069 15809
14068 14913 15884
14017 15104 15871
14733 15507 15540
14980 15084 15310
14842 15061 15444
14978 15267 15298
14052 15081 15914
14826 15225 15430
14771 15234 15521
14733 15507 15540
14808 15102 15497
14819 15427 15246
14819 15427 15246
13939 14861 15875
14059 15721 14768
14173 14688 15767
15007 14890 15111
14300 15719 14864
14022 15076 15858
14412 15193 15707
14472 14800 15702
14982 14898 15232
13998 15111 15713
14875 15320 15141
14185 14746 15732
14160 15231 15669
14629 15364 15609
14930 14984 15322
14650 15418 15564
14805 15049 15373
14785 15159 15410
14560 15302 15646
14754 15630 15293
14880 14986 15263
14615 15505 15549
14743 15570 15479
14705 15691 15274
14491 14698 15699
14715 15606 15518
14771 15041 15433
14577 15544 15543
14698 15254 15594
14768 14956 15452
14185 14746 15732
14527 15166 15697
14967 15260 15242
14763 15473 15440
14543 15712 15257
14517 15398 15585
14722 15533 15534
14844 15223 15280
14971 14958 15138
14731 15443 15503
14777 15275 15325
14756 15439 15467
14617 15452 15540
14841 15239 15282
14811 15199 15284
14517 15398 15585
14777 15275 15325
14811 15199 15284
14841 15239 15282
13906 15221 15668
13946 15712 14787
13994 14703 15847
14140 14693 15713
14943 15055 14535
15002 14833 14805
14276 15704 14914
14029 14820 15691
14515 15372 15555
14601 15465 15496
13970 14966 15791
14352 15171 15650
14090 15187 15667
14720 15595 14629
14495 15570 15332
14447 15281 15627
14675 15306 15511
14954 14982 15070
14957 14889 15185
14596 15620 15202
14663 14839 15572
14750 15222 14952
14709 15341 15462
14424 15129 15670
14734 15581 14632
14723 15564 15000
14926 15069 14742
14543 15569 15407
14895 14917 15249
14516 15278 15529
14578 15664 14717
14583 15245 15564
13936 15034 15815
14628 15545 15470
14661 15490 15478
14746 15562 15102
14778 15176 15281
14425 15014 15686
14850 15198 15177
14578 15664 14717
14966 14948 14976
14503 15151 15640
14792 15179 15236
14969 14933 15123
14613 14959 15595
14902 15160 14964
14717 15586 15141
14738 15509 15459
14733 15563 15447
14321 15661 14748
14589 15566 15281
14914 15097 15224
14699 14991 15504
14878 15188 15162
14315 15102 15678
14029 14820 15691
14824 15175 15180
14543 15569 15407
14565 15029 15600
14328 14956 15689
14495 15570 15332
14832 15205 15179
14321 15661 14748
14501 15505 15526
13956 15041 15805
14590 15481 15497
14890 14993 15230
14514 15061 15606
14969 14933 15123
14424 15129 15670
14315 15102 15678
13946 15712 14787
14496 15185 15615
14878 15188 15162
14558 15547 15488
13956 15041 15805
14558 15547 15488
14914 15097 15224
14840 14987 15241
14949 15032 15209
14840 14987 15241
14628 15545 15470
14949 15032 15209
14890 14993 15230
14738 15509 15459
14628 15545 15470
14315 15102 15678
13721 15050 15660
13933 14955 15801
13968 15694 14669
14682 14629 15491
14824 15169 14476
14931 14848 15010
14492 15367 15513
14385 14720 15678
14379 15278 15594
14758 14874 15271
14886 15092 14524
14736 15208 15129
14724 15528 15384
14693 14831 15459
14165 14899 15689
14664 15283 15498
13742 15015 15682
14234 15586 14774
13819 15658 14681
14148 15647 14909
14810 15051 15224
14414 15578 14803
14081 15620 14938
13830 15195 15608
14021 15592 15025
14673 15436 15443
14868 14928 15168
14209 15597 14980
14695 15553 15426
14565 15442 15482
14741 15473 14966
14452 14977 15623
14104 15652 14786
14850 15097 15212
14585 14941 15595
14473 14911 15630
13992 15648 14863
14180 15026 15648
14882 14965 15064
14821 15136 15037
14732 15184 15400
13941 15657 14708
13881 14976 15686
14830 15152 14698
13992 15648 14863
14824 15169 14476
14081 15620 14938
14628 15489 15461
14567 15493 15460
14455 15528 15442
13896 15174 15658
14422 14965 15676
14534 15024 15576
14381 15140 15568
14628 15489 15461
14159 15604 14733
14534 15024 15576
14903 14873 15220
14880 15092 14770
14922 14922 15041
14902 14976 15050
14159 15604 14733
14672 15561 15204
14861 15070 15207
14234 15586 14774
13917 15148 15647
14861 15070 15207
14748 15150 15012
14672 15561 15204
14744 15145 15061
14417 15584 14785
13917 15148 15647
14913 14942 15026
14913 14942 15026
14381 15140 15568
14880 15092 14770
14824 15169 14476
13786 15110 15581
13931 14922 15745
14128 15646 14818
14403 14514 15644
14686 15507 14516
14929 14673 14949
14772 15131 14555
14125 15588 14823
14872 14946 15042
14373 14778 15629
13931 15145 15569
14541 14634 15552
14722 15337 15278
14475 14850 15594
14861 14993 15127
14713 15207 15365
14425 15316 15513
14167 15017 15585
14658 15504 15212
14797 15051 15191
14327 14884 15659
13787 15074 15631
14791 15124 14871
14615 15424 15454
14850 15044 15145
14567 15283 15479
14133 15558 14847
14215 14901 15655
14491 15518 15414
13872 15164 15576
13872 15164 15576
14297 15082 15521
14356 14655 15678
14279 15092 15581
14545 15278 15482
14688 15381 15420
14478 15205 15491
14398 14962 15588
14229 15120 15574
14645 15533 15389
14683 15395 15313
14646 15468 15396
14675 15459 15164
14356 14655 15678
14475 15553 15321
14647 15546 15289
14546 15453 15450
14560 15447 15454
14647 15445 15420
14657 15435 15390
14684 15459 15150
13839 15128 15516
13897 14722 15745
13922 15611 14817
14328 14288 15600
14720 15060 14476
14832 14824 15061
14084 15557 14827
14413 15547 14723
14832 14851 14989
14470 14438 15573
14136 14863 15624
14496 14331 15530
14210 14891 15595
14787 14979 15184
14560 15229 15448
14702 15145 15045
14822 14757 15108
14315 14531 15650
14315 14531 15650
14656 15430 15315
14626 15485 15266
14250 15012 15529
14442 14655 15575
14355 15548 14746
14084 15557 14827
14311 14833 15508
14690 14934 15300
14694 15006 15208
14794 15015 15159
13897 15117 15574
14691 15254 15127
14665 15379 15360
14498 15533 15275
14392 15547 15252
14509 15316 15422
14811 14950 14736
14454 15029 15478
14589 15415 15386
14640 15389 15385
14530 14875 15461
14591 15503 15373
14370 15378 15449
14701 15273 14735
14470 15270 15458
14396 14674 15586
14456 15348 15416
14415 15312 15498
14677 15363 15392
14540 15025 15460
14459 15333 15418
14442 14655 15575
14396 14674 15586
14415 15312 15498
14591 15503 15373
14677 15363 15392
14396 14674 15586
13522 14977 15504
13659 14163 15718
13922 15606 14781
14122 15534 14692
14745 14928 15074
14289 14377 15620
14059 14737 15511
14720 15003 15106
14349 14533 15504
13860 14818 15554
13840 15505 14849
14672 15327 14960
14485 15501 15273
13972 15553 14813
14403 15103 15488
14147 15504 14845
14594 15383 15358
14639 15410 14900
14506 15492 14725
14474 15134 15395
13936 15249 15483
14638 15404 15036
14373 15147 15459
14390 15256 15433
13968 14956 15521
14596 15295 15380
14377 15448 15330
14364 15533 14773
14621 15327 15313
14379 15474 15280
14670 15331 15278
14744 14983 15076
14494 15519 14715
14626 14972 15372
13880 15134 15471
13883 15517 14604
13968 14742 15506
14146 14477 15449
14717 14959 14982
13981 15492 14741
14391 15490 15100
14296 15379 15342
14086 14660 15488
14693 14881 14989
14156 14867 15443
13916 15024 15412
14518 14539 15349
14521 15349 15200
14431 15171 15362
14321 14944 15410
14643 14782 15264
13899 15078 15469
14110 14866 15464
14605 14965 15308
14668 15259 15211
14484 15340 15320
14132 14915 15454
14615 15278 15237
14662 15129 15259
14511 15176 15332
14097 14952 15386
14565 14684 15311
14556 15309 15200
14573 15222 15288
14574 15293 15287
14486 15309 15274
14615 14782 15291
14571 14676 15343
13604 14992 15464
14098 15464 14902
14604 14741 15276
14701 14901 14471
14340 15440 14689
13936 15431 15023
14193 14812 15391
14390 15142 15342
14533 15244 14900
14028 15411 14924
14634 15219 15200
14484 15313 15266
14474 15063 15279
14123 14768 15438
14659 14766 15092
14487 15242 15137
14013 14759 15443
14567 15093 15269
14563 15111 15271
13649 15008 15291
13735 15439 14680
13853 15384 14582
14017 14719 15359
14345 14577 15291
14576 14870 15034
14241 15313 14796
14110 15127 15271
13722 15368 14935
13895 15307 14996
14452 15264 14746
14492 14807 15163
14366 15141 15054
14254 14974 15181
14332 15250 15134
13788 15374 14672
14019 15048 15275
14535 15178 15038
14298 14933 15150
14096 14438 15261
14316 15240 14935
14319 15233 14624
14558 14550 14993
14427 14609 15111
14535 15075 14987
13985 14360 15137
14286 15080 14263
14533 15061 14550
14431 14891 14871
14473 14645 14803
14328 15057 14749
14318 14740 14798
13869 14786 15856
14237 15655 14144
14712 14493 15784
15527 15336 14873
14593 15626 14427
14439 15518 14495
15420 14668 15642
14240 15592 14627
14087 14908 15549
15406 14697 15703
14712 14493 15784
14933 15403 14612
15232 15389 15117
14622 14868 15624
14359 15508 14929
14325 15013 15547
13960 14944 15772
14254 15285 15502
13906 14784 15826
15458 15225 15067
14916 15104 15461
13997 14844 15737
15054 15245 15448
15096 15288 15405
14340 15459 14931
14886 15431 14527
14685 15360 15427
15463 15177 15290
14864 15441 14555
13960 14790 15795
14788 15329 15338
14824 15348 15262
15083 14789 15587
15264 15253 15251
14783 15314 15397
14058 15516 15081
15391 15235 15206
14043 15075 15558
13904 14827 15791
15297 15373 15188
15475 15016 15126
15339 15304 15244
14736 15450 15309
13879 14834 15830
14340 15459 14931
15440 15371 15158
14043 15075 15558
14769 15323 15460
15365 15193 15228
15351 15381 15138
15265 15094 15446
15276 15228 15285
14840 15307 15321
15471 15033 15131
15365 15193 15228
14240 15592 14627
15442 15293 15183
14730 15440 15325
15450 15179 15419
14707 15415 15416
15471 15033 15131
14707 15415 15416
14340 15459 14931
13629 15173 15496
13813 14703 15795
14079 15500 14741
14412 15479 14237
15124 14548 15377
15518 15284 14851
14460 14650 15588
14793 15376 14621
14993 14629 15682
14897 15012 15417
15074 15094 15342
13953 14855 15746
13720 15167 15494
13846 14899 15561
15263 15331 15001
14375 15475 14306
15457 14980 15076
14022 15073 15498
13818 14882 15624
14353 15453 14819
14227 14970 15473
15419 15259 14911
14892 14702 15474
14291 14795 15459
14553 15405 15213
13975 14767 15689
14828 15232 15268
14124 15411 15105
14079 15500 14741
14969 15357 14533
15256 15295 15235
13721 14930 15688
14121 15475 14535
14785 15431 14414
15313 15323 15123
14065 14836 15498
15314 15238 15171
13731 15297 15417
15339 15268 15043
14241 15467 14893
13822 14746 15786
13629 15181 15454
13897 14772 15784
14785 15431 14414
14646 14778 15471
14380 15468 14491
14263 15472 14833
15191 15303 15177
14590 14973 15455
14643 15311 15350
14697 15392 15289
15018 15220 15401
14321 15431 14896
14336 15481 14499
15339 15187 15197
14369 15435 14518
15191 15303 15177
14760 15282 15332
14627 15403 15283
14714 15367 15307
14724 14775 15513
14732 15083 15453
15429 15078 15375
14984 15364 14505
14052 15418 15022
15365 15201 15119
14753 15417 14521
13897 14772 15784
14052 15418 15022
14709 15211 15445
15011 15222 15284
15365 15201 15119
14698 15372 15192
15434 15177 15324
13822 14746 15786
14645 15381 15339
15439 15177 15116
15402 15264 15118
14709 15211 15445
15018 15220 15401
14724 14775 15513
14380 15468 14491
15402 15264 15118
14697 15392 15289
14627 15403 15283
13629 15173 15496
14380 15468 14491
14627 15403 15283
13822 14746 15786
14079 15500 14741
13546 15202 15394
13750 14725 15765
14073 15496 14503
14347 15465 14204
14965 14428 15439
15428 15095 15131
14429 15378 14617
14384 15387 14842
14830 14536 15478
14294 15399 14867
14166 15443 14291
14625 14491 15664
14693 14609 15509
14710 14581 15560
15018 15317 14556
15224 15002 15348
13773 14845 15617
15265 15302 14986
14041 14914 15418
14969 14466 15373
15118 15290 15190
13680 15107 15441
14571 15416 14411
14767 14683 15413
15043 15327 14462
14412 15421 14300
13951 14807 15537
13803 14790 15729
13927 14966 15463
14347 15465 14204
13872 14749 15725
14511 15366 14493
13590 15097 15444
13861 14820 15726
15290 15172 15072
13890 14699 15634
14345 14752 15488
14073 15496 14503
15255 15279 15123
15224 15002 15348
14324 15434 14468
14147 15404 15003
14770 15372 14439
13987 14948 15450
14660 15248 15323
14751 15210 15381
15368 15168 15154
14570 14873 15440
13567 15195 15409
15309 15146 15184
14917 15348 14467
14600 15359 15253
14949 15158 15400
15177 15111 15317
15313 15270 14858
13987 14948 15450
15130 15176 15144
14043 15455 14851
14519 15416 14439
14708 15299 15251
15399 15112 15297
13912 14706 15556
15369 15128 15055
15207 15233 15128
14919 15178 15391
13774 15130 15427
14570 14873 15440
14705 15300 15283
14617 14709 15426
15399 15129 15040
14073 15496 14503
13803 14790 15729
15337 15237 15025
14753 15403 14422
14299 15442 14499
15307 15298 14995
14412 15421 14300
14590 15345 15303
15203 15310 15017
15337 15237 15025
14681 15201 15385
14671 15253 15312
14958 15301 15055
15248 15206 15135
14590 15345 15303
15203 15310 15017
14671 15253 15312
14147 15404 15003
15248 15206 15135
14917 15348 14467
13631 15103 15441
13740 15476 14461
13749 14670 15755
14184 15432 14166
14669 14323 15552
15387 15110 15080
13910 15420 14742
14010 14601 15425
14793 14824 15349
15314 15190 14932
14161 14992 15399
14208 15370 14540
14356 15410 14422
14915 15339 14209
14587 14378 15591
13720 14673 15706
15089 15175 15118
14826 15078 15324
14745 15308 14486
14507 15392 14305
15006 15267 15056
14123 15095 15400
14504 15371 14306
13858 14756 15519
13822 14702 15635
14628 14439 15534
14702 14533 15489
13795 14761 15661
14304 15376 14439
14395 15126 15357
14902 14621 15388
15243 15282 14658
14269 15415 14440
14559 14530 15501
13831 14630 15616
15162 15143 15148
14537 15359 15232
14977 15025 15269
14669 14323 15552
15303 15239 14992
13844 14812 15476
13744 14802 15666
13818 14784 15621
13740 15476 14461
15243 15282 14658
14710 14679 15406
14471 15413 14179
14575 15335 15205
14656 14482 15514
14388 14818 15382
15272 15059 15213
15183 15254 14966
14677 15234 15139
14550 15283 15274
14202 15136 15366
15342 15067 15185
15257 15159 15137
15204 15061 15187
14978 15209 15185
14471 15413 14179
14161 14992 15399
15333 15112 15169
15245 15047 15258
13901 15111 15393
15373 15041 15175
15165 15296 15014
15253 15009 15269
14905 15269 15098
15179 15267 14963
14697 15187 15332
14543 15359 15158
14599 14454 15575
14599 14454 15575
14650 15207 15332
14607 15285 15266
15387 15110 15080
14615 15198 15333
14656 14482 15514
14728 15251 15114
15240 15196 15107
14628 15280 15148
15165 15296 15014
15182 15092 15261
14583 14463 15537
15222 15234 15065
15222 15234 15065
15286 15165 15105
15286 15165 15105
15373 15041 15175
14576 14471 15626
14506 15297 15272
14728 15251 15114
14669 14323 15552
14576 14471 15626
14583 14463 15537
14615 15198 15333
13620 15114 15360
14226 15354 14544
14439 15339 14310
14567 14438 15613
14789 14361 15386
15365 15058 14911
14986 15296 14760
14967 14966 15232
14035 15030 15392
14728 14794 15319
15036 15240 14491
13792 14748 15568
14488 14728 15341
13727 14788 15461
14605 14596 15366
14843 14421 15257
14576 15308 14399
14617 14491 15400
14375 15348 15064
15120 15237 14894
14933 14366 15237
14581 14456 15535
14522 15326 15114
15172 15225 14966
15284 15126 15014
15243 15218 14986
13640 15160 15323
14650 14538 15388
14718 14751 15333
14650 15110 15283
15313 15025 15022
14503 15154 15309
14822 15065 15182
15230 15096 15080
15342 14778 15048
15132 15112 15161
15204 15033 15209
14550 15315 15199
13760 15082 15340
14572 14575 15376
15096 15195 15058
15192 15178 15060
15103 15053 15165
14589 14443 15553
15086 14450 15235
15306 15086 15037
14950 14581 15234
15314 15105 15020
14641 15225 15042
13685 15093 15264
14054 15332 14743
14431 15291 14481
14511 14402 15568
15300 14937 14927
13715 14747 15508
14580 14491 15399
14066 15298 15097
14348 15318 14912
13981 14817 15325
13730 14625 15510
13923 15005 15347
14976 14422 15205
14854 15279 14498
15180 15079 14878
15065 15059 15094
15121 14537 15158
14651 15286 14624
14376 15212 14994
15292 15030 15016
15163 15129 14574
14724 14882 15191
15204 15120 14525
15159 15185 14982
14753 15257 14608
15210 15072 14969
14668 14583 15210
14458 15047 15229
15143 15084 15040
13730 14625 15510
14763 15280 14582
14365 14990 15282
14559 14581 15336
13951 15068 15285
14568 14896 15275
15114 14887 15186
14631 15045 15198
14751 14546 15192
13466 15055 15189
13850 14889 15312
13887 15314 14613
14287 15310 14167
14491 14655 15213
15251 15020 14609
14650 15278 14405
14841 14725 15186
14999 15170 14817
14178 15299 14235
15087 15115 14977
14128 15292 14783
15020 15018 15031
15107 15071 14662
13927 14792 15258
15079 14813 15112
14917 14864 15078
14312 15035 15213
14724 14870 15041
13854 14785 15291
15104 15033 14883
15118 14865 15023
14164 15288 14830
13440 15024 14999
13681 14844 15286
14299 15274 14114
14837 14457 15120
15094 14831 14777
14569 15257 14384
14001 15183 14755
15071 15106 14965
14981 14619 15047
14261 14810 15136
13906 14773 15167
15084 15010 14968
14428 14703 15066
14762 14480 15173
14666 14568 15061
14407 14546 15086
13939 14717 15164
14775 14515 15160
14835 15013 15031
13750 15057 14557
14315 15226 14187
14753 14348 15069
15071 14893 14897
14601 14609 14996
13920 14788 15068
14517 14761 14998
14756 15076 14259
14139 15196 14382
14223 15083 14448
14197 15171 14210
14168 15218 14321
14601 15063 14519
13466 14453 15066
14328 14191 15052
15030 14852 14718
14719 14474 14879
14790 14796 14762
14638 14437 14805
14700 14380 14789
13633 16023 14570
13947 15033 16000
14225 15827 14210
14407 14797 15914
14969 14936 15154
14122 15848 14309
13762 15990 14844
14155 15756 14993
14728 15672 15028
14824 15406 14839
14268 14870 15718
13784 15919 14915
14283 15612 15422
14484 15309 15381
14525 15588 15275
14615 15423 15054
13917 15508 15498
13962 15649 15304
14440 15256 15646
13800 15158 15822
14371 15338 15606
14554 15452 15287
14537 15551 15201
13998 14946 15966
14869 14891 15463
14205 14916 15651
14065 14915 15863
14934 15049 15415
14757 15503 14965
14050 14952 15805
14791 15260 15146
14947 14978 15084
14068 15372 15545
14943 14990 15434
14615 15423 15054
14016 15072 15715
14948 15085 15002
14747 15263 15282
14755 15217 15556
13867 15661 15171
14905 15344 14892
13850 15665 15031
14782 15135 15424
14374 15368 15573
14828 15359 14920
14812 15529 14948
14772 15206 15150
14733 15355 15352
14735 15420 15217
14471 15419 15526
14371 15338 15606
13763 15155 15980
14817 15459 15035
13813 15103 15675
14050 14952 15805
14821 15068 15523
14102 14876 15710
13775 15660 15290
14896 14981 15447
14063 14969 15676
14085 15838 14987
14824 15406 14839
13813 15103 15675
14942 15140 15209
14854 15355 14918
14741 15098 15558
14905 15344 14892
14813 15038 15526
14812 15529 14948
13867 15661 15171
14111 14884 15667
14085 15838 14987
14772 15206 15150
14100 14936 15710
14817 15459 15035
14896 14981 15447
14063 14969 15676
14111 14884 15667
14854 15355 14918
14482 14874 15566
14374 15368 15573
14482 14874 15566
14100 14936 15710
14824 15406 14839
13649 15891 14776
13732 15979 14717
13737 15039 15849
14279 14402 15803
14395 15553 14099
14917 15018 14948
13794 15801 14465
13997 14774 15702
13967 14512 15745
13752 15804 14632
14043 15765 14284
13703 15857 14788
14205 14493 15649
14043 15765 14284
14169 15649 14669
14131 14458 15664
14000 15693 14977
14280 15444 15360
14535 14946 15509
13965 14882 15761
14078 15763 14975
14593 15356 15194
14369 15282 15604
14792 14818 15419
14459 15284 15497
14771 15146 15110
13755 15122 15648
13898 14981 15844
13725 15815 14934
14822 15397 14801
14347 15342 15546
14791 15428 14886
14106 15569 14925
14399 15196 15562
14740 15161 15224
13854 15632 15181
14698 15246 15244
14472 15540 15136
13817 15067 15619
13914 14955 15830
14502 15412 15277
14836 15043 15364
14723 14857 15481
14865 14940 15237
14110 15466 15266
14656 15214 15395
14709 15277 15145
13990 14849 15698
13842 15646 15127
14414 15342 15439
14637 15314 15319
14525 14901 15538
14071 15507 15308
14622 15401 15086
14654 15523 14995
13939 15350 15465
13885 15594 15188
14001 15768 14904
14798 15390 14911
13733 15107 15694
13823 15587 15228
14888 15079 15152
14180 15146 15614
14025 14913 15637
14433 15323 15330
13944 15592 15203
14030 15496 15310
13920 14911 15830
14911 15024 15094
14429 15332 15453
14812 15281 15023
14640 15362 15039
14870 15093 15071
14732 15196 15305
13970 15409 15412
14869 15002 15153
13859 15601 15094
14788 15393 14972
14676 15326 15012
14693 14912 15534
14638 15482 15005
14870 15093 15071
14347 15342 15546
14728 15233 15333
14492 15325 15295
14684 15441 14938
14603 14920 15409
14139 15395 15454
14749 15370 15000
14007 15462 15362
13859 15601 15094
14177 15461 15367
14749 15370 15000
14901 15037 15032
14603 14920 15409
14666 15282 15183
14531 15073 15399
14728 15233 15333
14822 15397 14801
14901 15037 15032
14492 15325 15295
14177 15461 15367
14869 15002 15153
14139 15395 15454
14788 15434 14936
14531 15429 15202
14791 15428 14886
14640 15362 15039
14732 15196 15305
14788 15393 14972
13552 15508 15176
13661 15929 14686
13848 14894 15817
14249 14327 15758
14319 15544 13971
14891 14987 14803
13664 15886 14586
14319 15544 13971
13985 15760 14331
13850 14733 15811
13983 14495 15661
13971 15763 14340
14117 15404 15343
13694 15802 14802
13941 15577 15089
14186 14413 15588
13616 15820 14707
14007 15683 14780
13775 15570 15134
14849 15072 15101
14575 15513 14750
13778 15740 14661
13951 15768 14608
13983 14495 15661
14042 15434 15169
14723 15274 14991
13787 14906 15744
13918 14858 15782
13584 15814 14756
13998 15710 14951
14260 15287 15526
14207 14370 15747
13598 14995 15700
14613 15456 14780
14609 15489 14853
14359 15182 15568
14818 15091 14894
14656 15274 15065
14239 15494 15020
14310 15385 15275
13969 14824 15631
14684 14786 15530
14761 14991 15200
13883 14918 15597
14396 15095 15389
13658 15782 14893
14150 15374 15365
14696 15067 15234
14003 14764 15619
14543 15121 15364
14191 14371 15612
14486 15213 15243
14770 15016 15142
14531 15243 15125
14340 15479 15114
14710 15360 14962
14466 14949 15379
14436 14866 15516
14666 15388 14940
14352 15295 15448
13780 15136 15599
13915 14827 15795
14708 14830 15419
14823 14959 15124
14222 15492 15049
14769 14973 15218
14014 14881 15571
13966 15436 15284
13661 15929 14686
14472 15277 15319
14682 15176 15148
14321 15397 15189
14167 15429 15131
14414 15366 15260
14688 14874 15402
14168 15360 15301
14779 14929 15166
14804 14938 15127
14795 15307 14871
14041 15365 15376
13638 14901 15806
14696 14785 15481
14425 15331 15147
14667 15108 15232
14375 15480 15059
13862 14887 15708
14588 15330 15032
14536 15323 15118
14426 15310 15251
14696 14785 15481
14374 15295 15314
14505 15236 15196
13783 14908 15708
13633 14987 15730
14505 15236 15196
14582 15207 15360
14773 15005 15168
14597 15106 15367
14656 15274 15065
14597 14900 15425
14011 15388 15440
13985 15760 14331
14795 15307 14871
14718 15231 15127
14436 14866 15516
13872 14929 15607
14612 15181 15349
14613 15456 14780
14582 15207 15360
14682 15176 15148
13633 14987 15730
14310 15385 15275
13872 14929 15607
14591 15276 15062
14426 15289 15259
14718 15231 15127
14597 15106 15367
14582 15207 15360
13489 15055 15510
13495 15918 14624
13645 14750 15714
14136 14281 15654
14416 15502 14066
14829 15072 14985
13927 15726 14552
14163 14305 15633
14421 14713 15438
13950 15638 14794
13826 15641 14651
14351 14750 15568
13687 15722 14762
14759 15033 15042
14258 15434 15046
14558 15125 15193
13531 15816 14682
14076 15335 15322
13907 15583 14919
14137 14919 15549
13637 15875 14662
13759 14733 15713
13689 15799 14629
13747 14752 15640
14723 15054 15087
13889 15347 15387
13549 15870 14681
14689 14812 15338
14650 14856 15303
14254 15234 15432
14215 15350 15266
14391 15297 15220
14625 15370 14845
14127 15096 15498
14664 15366 14883
14529 14883 15423
14108 15453 14923
14498 15108 15360
14455 15221 14928
14096 15377 15269
14609 15121 15332
14492 15182 15241
14744 15051 15077
14382 14895 15410
14437 15305 15037
13495 15918 14624
14471 15318 14896
14471 15209 15004
14450 15207 15257
14705 15057 14995
14698 15149 14627
14553 15163 15273
14623 14904 15227
14409 15122 15343
14145 15323 15305
14543 15122 15319
13549 15870 14681
14151 14900 15500
14136 14281 15654
14553 15163 15273
13494 15777 14630
13630 14595 15577
14231 14117 15527
14253 15468 14032
14770 15021 14880
13846 15405 14507
13669 15621 14644
13714 15484 14754
14227 14667 15539
14050 15305 15224
14369 15116 15089
14003 14832 15549
14719 14621 15021
13956 14891 15514
14646 15186 14703
13935 14943 15420
14559 15268 14844
14516 15123 14917
13877 15206 15288
14477 14840 15390
14443 14881 15420
14601 15071 15170
14567 15080 15316
14421 15310 14792
14437 15200 15005
14389 15303 14802
14028 15396 14902
14007 15231 15253
14006 15360 15267
14465 15138 15036
14503 15099 15200
14620 15030 15043
14378 15195 15051
14587 15075 15202
14230 15178 15400
14006 15050 15413
13646 15594 14598
13766 14787 15543
14089 14326 15479
14175 15406 13762
14755 14904 14876
13959 14714 15513
14386 15099 15062
14531 15259 14825
14106 15187 14942
14597 15031 15161
13868 14843 15394
13792 15333 15141
13835 15264 15058
14482 14831 15311
13800 15163 15390
13741 14862 15505
14444 15010 15310
14458 15061 15022
14061 15165 15154
13973 15056 15250
14531 14887 15225
13938 15095 15158
14557 14785 15254
13745 14805 15527
14443 14878 15311
14573 15049 15169
14553 14843 15274
14576 15056 15124
13947 15040 15268
14074 15096 15142
14578 15053 15129
13548 15154 15232
13594 14791 15520
14060 15199 14071
14396 14721 15266
14681 14823 14743
14381 15132 14293
13763 14798 15367
13922 15168 14141
14408 15056 15062
14222 14949 15281
14506 14903 15153
14491 14982 14824
14301 15023 15127
14363 14875 15247
14559 14956 15118
14083 15071 14781
14097 14989 15250
14190 14971 15223
14017 15158 15075
14459 15115 14768
14453 14799 15237
14321 14969 15129
14470 14966 15146
13559 14753 15453
13915 15151 14736
14295 14717 15203
14553 14951 15000
13849 14984 15245
14324 15005 14964
14230 14848 15205
14535 14928 15029
14333 14749 15155
14189 14952 15203
14284 15012 15008
13822 14985 15012
14538 14890 15099
14275 14895 15114
13399 14734 15398
13848 14995 14157
13980 14975 14062
14507 14751 15072
13795 14908 14692
14321 14862 15097
14301 14897 14788
13872 14893 13972
14271 14838 15034
14417 14702 15006
13904 14864 14133
14131 14765 15021
