550 17.1125
3925 3255 3451
3291 3520 3778
3174 3615 3751
3488 3842 3499
3353 3727 3671
3836 3264 3553
3312 4017 3347
3688 3950 3079
3201 3855 3636
3710 3304 3675
3623 3492 3706
3707 3715 3376
3461 4028 3238
3763 3646 3510
3519 3611 3697
3190 3337 3857
3136 3973 3425
3598 3937 3293
3879 3469 3489
3637 3742 3505
3154 3491 3827
3474 3951 3370
3615 3614 3605
3850 3700 3249
3719 3844 3291
3951 3471 3367
3844 3785 3137
3342 3819 3561
3447 3454 3769
3463 4032 3005
3961 3567 3256
3740 3513 3577
3515 3739 3614
3613 3844 3397
3119 3946 3501
3366 3947 3481
3593 3340 3762
3425 3249 3838
3831 3574 3365
3934 3369 3441
3770 3752 3151
3304 3900 3541
3637 3742 3505
3537 3406 3750
3136 3973 3425
3463 4032 3005
3844 3785 3137
3250 3591 3752
3818 3689 3279
3353 3727 3671
3238 3896 3549
3446 4009 3315
3211 3828 3596
3879 3469 3489
3852 3345 3519
3514 3908 3411
3793 3686 3378
3831 3574 3365
3154 3491 3827
3514 3767 3591
3278 3309 3852
3686 3494 3637
3936 3505 3324
3366 3947 3481
3382 3361 3797
3538 3556 3707
3610 3533 3673
3621 3930 3288
3919 3609 3249
3695 3352 3663
3576 3590 3642
3592 3806 3407
3543 3819 3468
3763 3646 3510
3732 3932 3124
3312 4017 3347
3425 3249 3838
3174 3615 3751
3174 3615 3751
3742 3361 3662
3201 3855 3636
3312 4017 3347
3446 4009 3315
3524 3757 3542
3302 3818 3588
3593 3340 3762
3425 3249 3838
3136 3973 3425
3686 3494 3637
3514 3908 3411
3203 3542 3777
3543 3819 3468
3951 3471 3367
3880 3584 3362
3574 3956 3251
3725 3739 3365
3190 3337 3857
3864 3653 3289
3688 3950 3079
3734 3782 3336
3119 3946 3501
3366 3947 3481
3606 3564 3667
3463 4032 3005
3674 3748 3460
3154 3491 3827
3836 3264 3553
3378 3614 3649
3312 3626 3713
3925 3255 3451
3835 3460 3500
3592 3606 3617
3729 3670 3476
3844 3785 3137
3919 3609 3249
3637 3851 3344
3477 3513 3745
3425 3249 3838
3742 3361 3662
3201 3855 3636
3646 3595 3567
3740 3513 3577
3793 3686 3378
3443 3901 3450
3861 3745 3159
3637 3742 3505
3517 4005 3267
3929 3412 3427
3154 3491 3827
3312 4017 3347
3278 3309 3852
3623 3492 3706
3621 3930 3288
3763 3646 3510
3592 3806 3407
3136 3973 3425
3948 3426 3405
3330 3814 3610
3238 3896 3549
3463 4032 3005
3514 3767 3591
3919 3609 3249
3090 3562 3783
3867 3292 3541
3424 3958 3477
3403 3534 3732
3925 3255 3451
3831 3574 3365
3477 3513 3745
3593 3340 3762
3719 3844 3291
3514 3908 3411
3645 3980 2997
3827 3657 3325
3353 3727 3671
3519 3611 3697
3312 4017 3347
3710 3550 3601
3817 3692 3299
3763 3646 3510
3403 3534 3732
3621 3930 3288
3397 3556 3717
3278 3309 3852
3447 3454 3769
3174 3615 3751
3934 3369 3441
3425 3249 3838
3835 3460 3500
3514 3908 3411
3637 3742 3505
3561 3630 3563
3463 4032 3005
3446 4009 3315
3623 3492 3706
3676 3761 3391
3613 3844 3397
3358 3966 3397
3842 3749 3179
3710 3304 3675
3688 3950 3079
3312 3626 3713
3136 3973 3425
3867 3292 3541
3687 3852 3292
3318 3860 3535
3593 3340 3762
3514 3767 3591
3154 3491 3827
3582 3810 3474
3831 3574 3365
3238 3896 3549
3919 3609 3249
3948 3426 3405
3079 3729 3670
3374 3782 3612
3725 3739 3365
3742 3361 3662
3443 3901 3450
3136 3973 3425
3892 3421 3480
3637 3742 3505
3800 3296 3545
3729 3670 3476
3345 3737 3627
3688 3950 3079
3154 3491 3827
3312 4017 3347
3201 3855 3636
3761 3739 3257
3463 4032 3005
3514 3908 3411
3575 3860 3381
3844 3785 3137
3615 3614 3605
3425 3249 3838
3174 3615 3751
3537 3406 3750
3483 3670 3615
3934 3369 3441
3366 3947 3481
3827 3657 3325
3582 3885 3316
3948 3426 3405
3919 3609 3249
3880 3584 3362
3623 3492 3706
3447 3454 3769
3517 4005 3267
3190 3337 3857
3139 3956 3482
3538 3556 3707
3232 3588 3763
3686 3494 3637
3154 3491 3827
3312 4017 3347
3936 3505 3324
3517 4005 3267
3867 3292 3541
3403 3534 3732
3593 3340 3762
3201 3855 3636
3136 3973 3425
3919 3609 3249
3684 3389 3669
3600 3867 3311
3547 3743 3542
3763 3646 3510
3291 3405 3819
3425 3249 3838
3831 3574 3365
3342 3295 3820
3844 3785 3137
3925 3255 3451
3514 3908 3411
3388 3786 3564
3629 3885 3310
3610 3584 3618
3716 3570 3570
3817 3692 3299
3312 3626 3713
3238 3896 3549
3637 3742 3505
3424 3958 3477
3488 3842 3499
3793 3686 3378
3492 3555 3714
3732 3932 3124
3892 3421 3480
3770 3752 3151
3463 4032 3005
3174 3615 3751
3610 3533 3673
3887 3562 3361
3793 3686 3378
3517 4005 3267
3312 4017 3347
3770 3752 3151
3397 3556 3717
3403 3534 3732
3732 3932 3124
3139 3956 3482
3852 3345 3519
3839 3453 3509
3136 3973 3425
3565 3882 3342
3442 3921 3519
3244 3771 3628
3740 3513 3577
3488 3842 3499
3514 3767 3591
3174 3615 3751
3643 3588 3576
3563 3501 3704
3425 3249 3838
3463 4032 3005
3763 3646 3510
3346 3834 3539
3695 3352 3663
3934 3369 3441
3312 3626 3713
3948 3426 3405
3593 3340 3762
3579 3787 3512
3961 3567 3256
3278 3309 3852
3844 3785 3137
3154 3491 3827
3792 3714 3272
3447 3454 3769
3474 3951 3370
3621 3930 3288
3606 3564 3667
3621 3930 3288
3951 3471 3367
3704 3701 3417
3742 3361 3662
3867 3292 3541
3492 3555 3714
3463 4032 3005
3489 3920 3442
3388 3786 3564
3613 3844 3397
3818 3689 3279
3934 3369 3441
3668 3555 3589
3778 3750 3192
3488 3842 3499
3844 3785 3137
3919 3609 3249
3249 3766 3664
3291 3520 3778
3763 3646 3510
3312 3626 3713
3366 3947 3481
3435 3234 3812
3238 3896 3549
3671 3695 3484
3562 3338 3780
3514 3767 3591
3291 3405 3819
3136 3973 3425
3641 3945 3147
3517 4005 3267
3154 3491 3827
3174 3615 3751
3835 3460 3500
3864 3597 3347
3686 3494 3637
3111 4033 3284
3477 3513 3745
3174 3615 3751
3961 3567 3256
3771 3483 3513
3691 3902 3132
3232 3588 3763
3610 3584 3618
3154 3491 3827
3136 3973 3425
3822 3319 3534
3725 3739 3365
3508 3821 3457
3651 3814 3361
3948 3426 3405
3835 3460 3500
3190 3337 3857
3676 3864 3324
3637 3742 3505
3447 3454 3769
3425 3249 3838
3388 3786 3564
3690 3345 3720
3312 3626 3713
3474 3951 3370
3544 3927 3298
3844 3785 3137
3593 3340 3762
3483 3670 3615
3610 3533 3673
3463 4032 3005
3834 3590 3351
3795 3739 3209
3519 3611 3697
3079 3729 3670
3446 4009 3315
3238 3896 3549
3934 3369 3441
3366 3947 3481
3729 3670 3476
3312 4017 3347
3174 3615 3751
3951 3471 3367
3288 3875 3542
3201 3855 3636
3844 3785 3137
3637 3742 3505
3519 3611 3697
3463 4032 3005
3278 3309 3852
3729 3670 3476
3529 3861 3403
3867 3292 3541
3517 4005 3267
3813 3623 3421
3539 3669 3593
3524 3810 3539
3643 3588 3576
3770 3752 3151
3141 3549 3773
3732 3932 3124
3686 3494 3637
3695 3352 3663
