5 0.379101
28552 28261 26957
27687 28771 27194
27182 28230 27896
28312 28405 27185
26321 28158 27805
28555 27633 27310
27861 27805 27284
27625 28623 26867
26829 29239 27323
27279 28333 27054
27404 28023 27409
28731 27493 27409
27260 27026 27459
28111 28265 26918
28080 28468 27120
27170 28555 26700
27495 28251 27064
27680 28107 26655
27174 28581 27951
28070 28234 28188
27348 28491 27396
27334 28194 27334
27829 28091 27426
27863 27696 27049
27626 27527 27411
28099 26983 27994
27581 29146 26717
27424 28917 26357
26918 27916 27627
27940 28200 27129
28232 27605 27652
27797 28097 27082
27156 28396 27155
27556 27802 27635
27560 28350 26832
28560 27867 27786
27485 27714 27430
27611 28447 27509
27467 28129 28073
27687 28771 27194
27295 28408 27166
28309 27190 27655
27653 27582 27211
27911 27586 27369
27301 28932 26888
27807 28478 27357
27246 27857 28004
28036 27493 26630
27861 28658 27558
28082 28667 28047
27482 28449 27004
27328 28971 27044
27079 28175 27448
27743 28089 26834
26282 27595 27727
27314 28605 26395
27433 28368 27311
27859 28435 27039
27555 28326 27733
27762 27890 27278
27980 27243 27533
28293 28034 26321
27476 28543 26688
26829 29239 27323
27161 28137 27754
27866 27571 27284
27437 27949 27242
28081 28050 27242
27938 28504 26763
27708 28531 27291
27767 28463 27063
28631 27421 27142
27725 28041 27800
27738 28424 26860
27301 28932 26888
27795 28447 27012
28078 28339 27743
28430 27144 27204
27915 28280 27553
27328 28971 27044
26723 28525 26622
27803 27991 27364
28246 27857 27984
28101 28205 26973
27699 27363 27558
27751 28844 27636
27975 29006 27571
27454 28847 27445
27545 28341 27928
27678 28903 27876
27411 28363 27257
27563 28447 26788
27956 28093 27225
27574 28652 27563
27671 28251 27692
28080 28468 27120
27434 28431 27280
27833 26982 27304
27721 28596 27134
27222 28516 27126
27863 28729 27772
28005 27345 26747
28037 27477 27786
27474 28681 25795
27402 28646 26814
28232 27605 27652
27840 27844 27518
28095 27682 26585
27314 27642 27478
27616 28777 26746
27657 28091 27601
26978 28658 27146
26950 28220 27853
28420 27811 27170
26978 28085 27998
27621 28041 28140
27633 28458 27016
27454 28847 27445
27960 28339 27529
28472 27894 26915
27384 28067 27663
27968 28753 26769
27376 28621 26592
27360 28750 27215
27611 28263 27825
27999 27208 27519
27695 28137 27544
27481 28365 26999
27873 28420 27241
27478 28443 27345
27294 27932 27885
28339 28561 27130
27761 28115 27468
28094 27833 27033
28270 28553 26639
28156 28581 26776
27667 27474 27716
28391 27879 27460
27894 27726 27505
28343 28365 26999
27795 28447 27012
27011 28249 27572
28367 28267 27452
28401 27535 27378
27274 27288 28012
27840 27734 27389
27467 28770 26943
27462 29172 26964
27873 28420 27241
28245 27553 27576
26830 26982 28051
28553 27915 26991
27191 28474 26337
28032 28129 27578
27919 28335 27731
28075 26492 26675
27197 27490 27398
27906 28840 26890
28154 28291 26893
27475 28291 26810
26355 28325 27045
28364 27679 27513
27156 28665 27873
27333 28592 27076
27806 28419 27617
26508 28213 27395
28138 26738 27116
28245 27553 27576
27099 28455 27453
27691 28209 27533
27591 28201 27000
27387 28706 27025
27515 27421 27485
27797 27703 26994
27273 28095 27627
27688 28171 26784
27817 28441 27022
27965 28761 27192
27430 28468 28052
28087 27356 27343
27671 27579 27954
27927 27925 27887
28241 27569 27936
27255 29106 27069
27531 28474 27050
28347 27917 27004
27995 27750 27480
28124 27704 26502
27600 28484 26961
27678 28903 27876
28494 26842 28285
28553 27915 26991
28299 28329 28384
27340 27807 27853
27517 28664 27438
27985 28522 26967
27868 28235 28345
28482 28327 27392
27011 27897 27870
28354 28033 26672
27315 28542 26731
27817 27917 27710
27868 28235 28345
28731 27493 27409
26577 27417 27736
28476 28381 27568
27208 28768 26294
26938 28574 26098
27310 28559 27683
28066 28395 27002
27418 27824 27270
27297 28409 27355
27207 28308 27549
27581 28295 27154
28025 28482 27648
28053 27579 26578
27076 27402 27943
28040 28380 26686
27624 28166 27544
26482 28417 27501
27507 28001 27935
28083 27532 27745
27865 27136 27645
28080 28185 26876
27050 28670 27148
27352 27806 28013
27667 27474 27716
28381 28906 26814
27266 28218 27484
28486 27701 26868
28242 27937 27466
27779 28533 26252
27176 28325 27078
27476 28867 26765
27379 28338 27421
27529 28293 27557
28211 27878 27412
27566 28760 27106
27984 27887 26952
28463 27714 26926
27933 28208 27823
28213 27768 27707
28339 28530 27393
27272 29400 26897
27303 28008 27753
28110 27823 26912
25962 28110 27642
27790 28161 27007
27390 28813 26492
28249 27638 27288
27838 28277 27557
28152 27631 27062
27257 28591 27656
28613 28440 26818
28146 27929 27520
27580 29026 25849
27346 28593 27974
27660 28487 27093
28022 26790 27578
27915 27617 27243
27480 28371 26586
26837 28539 27280
27995 27750 27480
27629 28592 27428
27859 27598 27868
27906 28840 26890
28299 28329 28384
28031 28157 27062
27334 28194 27334
28391 27879 27460
27927 27925 27887
27505 28577 27441
27352 28911 26895
26955 28240 27285
27919 28335 27731
27955 26766 27186
28213 27768 27707
27878 26922 27094
27843 28346 26926
27084 28931 26422
27960 28339 27529
28381 28906 26814
26797 28539 28354
28246 27857 27984
27956 28371 27713
28406 28298 27830
27935 27943 27385
27858 28189 27092
27982 28851 27565
28430 27144 27204
27960 28511 27243
28312 28405 27185
27099 28455 27453
27883 28342 26150
27915 28280 27553
28084 27058 27200
27150 28765 26745
26717 28954 26785
27577 27460 27300
28310 27632 26736
27042 27215 27506
27156 28665 27873
27793 28009 27410
27573 28808 26721
27863 28729 27772
28375 27799 27341
27468 28240 27938
28238 28355 27309
28012 28265 27154
28529 27840 27574
27442 27545 27578
27982 28851 27565
28037 28038 27357
27874 27710 27450
27485 28608 27095
26692 28307 28210
27772 27636 27689
27738 27245 27112
27980 28096 27510
27810 28407 26969
25932 28928 26903
28412 28054 27555
27228 28524 26856
27776 27945 26626
28249 28202 27802
28129 27893 27861
27975 29006 27571
27257 28591 27656
28119 28182 27819
28147 27522 27308
28129 27893 27861
27970 27821 27179
27571 28227 27788
27824 28212 27866
28406 28298 27830
28043 28068 26695
27584 27302 27610
28082 28667 28047
28149 28725 26546
27701 28352 26624
27588 28130 27807
27600 28484 26961
27912 28111 27904
27773 28510 27402
27765 28701 27839
27727 28079 27285
27736 28922 27584
28063 27593 27042
28025 28482 27648
28310 27632 26736
27656 28114 26650
28327 28609 26765
28042 28214 27442
28494 26842 28285
27572 28116 27360
28068 27815 26957
26917 28823 26999
28252 28530 26860
27439 28618 27203
28529 27840 27574
27143 26760 27413
28372 27980 27300
27283 28311 26952
27246 28630 26121
27887 27751 27752
27779 27664 27382
28665 28712 26716
28524 27859 27274
27272 29400 26897
27395 28046 27701
27850 27463 27792
28070 27821 26943
27017 27032 27514
28180 27838 26950
27834 28080 27231
28472 27894 26915
27184 28054 27928
27542 28285 26809
26636 28428 27775
27503 28831 26789
27594 28197 27778
27960 28964 27162
28099 26983 27994
28183 27876 27072
26484 27999 27433
27677 27881 27422
27765 28701 27839
27533 28158 27361
27300 27834 27311
28078 28339 27743
27468 28240 27938
27753 28560 27096
27390 28813 26492
27315 28276 28106
27658 28237 27205
28509 27794 26916
27066 28070 27633
28267 27715 27186
28343 28365 26999
27038 28751 26372
26908 28972 26743
28012 28265 27154
27965 28393 27787
28211 27878 27412
27881 29027 26465
26855 28638 26809
27937 28125 27264
28722 27649 26424
27568 27533 28186
28032 28129 27578
27374 28534 26411
27517 28664 27438
27821 27713 27950
28080 28185 26876
27892 28373 27341
27692 28181 27036
27487 28480 27218
27226 28332 27269
27268 27369 27633
27900 28226 27088
27699 27862 27438
28227 27950 27404
27809 28773 26479
26301 28626 27065
27038 27815 27675
28420 27811 27170
27058 28904 27836
28215 28491 27163
27734 28708 26026
27994 28546 27928
27566 28600 27641
28394 27610 27584
26927 27626 27561
27344 27921 27849
27190 28244 27512
27113 28489 27557
27784 27916 27748
28289 27340 26747
28482 28327 27392
28562 27752 27169
27985 28522 26967
26967 28609 27194
28194 28153 27439
28665 28712 26716
27399 27768 27513
27466 28343 27567
28272 27855 27178
27205 28483 26161
28238 28355 27309
28347 27917 27004
27365 27589 27501
27773 28510 27402
26855 28638 26809
27994 28546 27928
28071 28452 26629
28180 27838 26950
