835 103.313
7553 7818 9152 8095
7906 8014 9438 7539
7988 7883 8481 8508
8224 7457 8547 8264
8228 9281 7877 7471
8305 9227 7806 7629
8803 8597 8274 6982
8995 8293 8189 7252
8391 9105 7981 7610
8957 8789 8236 7364
7674 7936 9256 7880
7595 7625 9191 8159
8291 9036 8338 7217
7823 7510 9047 8418
7623 7789 9152 8065
7853 8057 9396 7609
7685 7588 9214 8144
7711 8047 8671 8321
8337 9144 7845 7674
8677 8722 8346 7073
7769 7950 9152 8056
8727 8913 7919 7505
7782 7536 8953 8458
8777 7973 7937 7998
8917 8106 8430 7344
8890 8321 8194 7407
7818 7548 9094 8379
8131 8148 9167 7433
7980 8543 9109 7019
7705 7644 9177 8101
8080 7678 8740 8370
8070 8173 8386 8196
8870 8227 8434 7090
8646 8951 8247 7288
7934 8090 9350 7584
8146 7862 8919 8213
7806 7733 9341 7658
8123 7708 8813 8311
8005 8692 8971 7121
8912 8069 7881 7682
8104 7779 8406 8394
8865 8337 8445 7910
7967 7572 9146 8277
8543 8668 8227 7843
8470 9076 8315 7653
8002 8577 9049 7037
8819 8305 8637 7759
7926 7620 9057 8313
8293 8444 8058 8031
8552 8848 8076 7647
8245 8799 8707 7175
8605 8635 8384 7664
8390 9191 8097 7500
8210 8646 8806 7279
7909 7635 8963 8430
8662 8560 8526 7747
8794 8286 8363 7979
8050 7985 8955 8105
8743 8604 8467 7741
8114 7966 8692 8285
8712 8470 8482 7836
8696 8244 8698 7787
8767 8351 8635 7771
8249 8591 8614 7826
8398 9176 7855 7606
8995 8293 8189 7252
8036 7809 8898 8353
7977 7758 8853 8370
8332 8997 8454 7599
8578 8606 8306 7763
8485 8968 8327 7392
8443 8483 8250 7908
8186 8250 8867 7830
8623 8837 8156 7445
8435 9167 8177 7550
8803 8597 8274 6982
7838 8117 9288 7399
8092 7828 8393 8443
8070 7842 9079 8120
8028 7976 8547 8475
8381 8885 8378 7593
7995 8210 9325 7303
8218 8820 8719 7108
8072 8103 9039 7895
8013 7871 8913 8306
8072 7905 8876 8327
8428 8902 8496 7530
8202 8529 8648 7688
8242 8195 8215 8244
8351 9251 8028 7507
8451 8755 8287 7681
7833 8022 9073 8055
8042 7965 8509 8345
8023 8404 8844 7775
7961 7891 9272 7738
8565 8346 8535 7853
8497 8653 8114 7847
8217 8783 8198 7719
8038 8223 8139 8176
7984 8113 9226 7574
8505 8704 8578 7663
8099 8460 9141 7319
8341 8651 8728 7235
8626 8814 8394 7499
8198 8693 8736 7197
8083 8011 8936 8004
8286 8444 8019 8034
8469 8874 8499 7446
8387 8924 8425 7537
7996 7971 9126 7962
8499 8374 8798 7924
8041 8689 8663 7330
8019 8499 9113 7116
7949 7890 8710 8473
8198 8830 8563 7487
8473 8384 8825 7935
8414 8983 8396 7588
7880 7870 9299 7916
8150 8679 8733 7381
7918 8268 9274 7386
8259 8434 8458 7850
8192 8032 8600 8129
8503 8994 8091 7579
8575 8499 8310 7779
8516 8747 8444 7581
8226 8648 8725 7259
8390 8469 8369 8013
8406 8697 8164 7846
8300 8769 8551 7520
8271 8629 8625 7503
8032 8132 9140 7641
8309 8636 8767 7303
8269 8203 8732 8074
7882 8195 8838 7990
7890 8094 8657 8170
8351 9251 8028 7507
8421 8340 8713 7978
8126 7911 9023 8231
8057 8066 8578 8229
8384 8527 8512 7812
7857 7939 9312 7773
8273 8618 8500 7731
8245 8799 8707 7175
7952 8018 9287 7765
8167 8032 8640 8134
8481 8514 8219 7938
8279 8384 8893 7493
8398 8970 8410 7541
8032 8058 8995 7993
8102 8069 9009 7952
8171 8635 8609 7613
8452 8694 8265 7792
7799 7750 9305 7778
8374 8226 8695 8049
8482 8732 8145 7755
8099 8439 8923 7512
8313 8734 8546 7706
8331 8871 8512 7636
8331 8767 8422 7745
8345 8283 8772 7959
8452 8950 8478 7476
7890 7879 9298 7799
8106 8246 8559 8118
8448 8323 8648 8001
8299 8779 8572 7652
7992 8078 9054 8174
8231 8612 8608 7562
8419 8743 8119 7801
8339 8449 8796 7378
8098 8274 9194 7573
8409 8724 8474 7732
8315 8209 8751 8063
8087 7956 8954 8138
7780 8008 9083 8070
8195 8091 8887 7942
8170 8307 9132 7551
7886 8113 8988 8012
8308 8321 8842 7861
8061 7934 8974 8041
8109 8265 9170 7581
8683 8602 8424 7763
8079 8566 8759 7612
8094 8469 8985 7439
8437 8428 8216 7948
8061 7934 8974 8041
8303 8546 8607 7664
8339 8617 8240 7802
8149 8140 8849 8072
8359 8783 8423 7574
8126 7911 9023 8231
8354 9156 8130 7564
8022 7822 8902 8325
8192 8032 8600 8129
8296 8560 8315 7923
8317 8448 8757 7384
8292 8712 8198 7757
8459 8901 8498 7566
8397 8359 8662 8032
8268 8613 8675 7391
8287 8309 8675 8047
7799 7750 9305 7778
8354 9156 8130 7564
8001 8528 8702 7677
7780 8008 9083 8070
8516 8266 8546 7885
8339 8254 8738 8034
7857 7939 9312 7773
8546 8338 8214 7887
8058 8145 8774 7979
8324 8254 8837 7914
7881 7821 9204 7851
8415 8916 8441 7573
7983 8117 9052 7860
8171 8478 8790 7760
7933 8226 8986 7890
8459 8901 8498 7566
8285 8511 8891 7647
8313 8734 8546 7706
8415 8571 8274 7921
8437 8428 8216 7948
8003 8224 8909 7921
8285 8511 8891 7647
8473 8384 8825 7935
8287 8309 8675 8047
8323 8846 8534 7657
8171 8478 8790 7760
8452 8950 8478 7476
8093 8302 9201 7603
8093 8302 9201 7603
8384 8527 8512 7812
8323 8846 8534 7657
7822 8091 9017 8057
7822 8091 9017 8057
8546 8338 8214 7887
8397 8359 8662 8032
7890 7879 9298 7799
8324 8254 8837 7914
8058 8145 8774 7979
8351 9251 8028 7507
8437 8428 8216 7948
7717 7845 9054 8015
7801 7753 9307 7752
7946 7620 8761 8296
8137 8751 8641 7094
8323 9131 7951 7557
8370 9004 7939 7587
8645 8564 8358 7639
8528 8532 8418 7699
8472 8255 8714 7860
8308 9023 8036 7505
7779 7833 9237 7836
7817 7745 9220 7788
8150 8557 8774 7163
7796 7812 8859 8232
8354 8947 7970 7478
8296 8621 8764 7258
7723 8073 8790 7753
8156 8192 9067 7463
8044 8443 8766 7342
8163 8673 8286 7663
8422 8788 8435 7508
8283 8869 8112 7602
8414 8665 8074 7839
8219 8877 8248 7597
7871 7919 9109 7800
8237 8397 8719 7290
7985 8223 8425 8048
7854 7776 9106 7870
7813 7853 9158 7884
8349 8907 8391 7557
8060 7883 8893 8148
8332 8624 8340 7583
8196 8385 8701 7366
8010 8069 8663 8068
8050 7817 8851 8274
7954 8136 8769 7994
8281 8724 8482 7397
7829 8029 8930 8086
7830 7824 9172 7864
8142 7839 8892 8195
7887 8003 8953 8061
8083 8292 9166 7570
7971 7978 8845 8170
8189 8183 8656 7929
8234 8378 8590 7812
8388 8680 8233 7553
8015 8107 8694 8011
8040 8024 8687 7936
8029 8406 8932 7409
8290 8705 8157 7604
8245 8226 8581 8001
7851 8072 8993 8027
7976 7923 9096 7689
8090 7908 8610 8190
7843 7852 9022 8141
7912 7975 8847 8002
8104 8479 8526 7675
8407 8741 8415 7537
7914 7984 8722 8114
8361 8344 8230 7885
8274 8513 8190 7783
8067 8323 8850 7638
8028 8519 8533 7615
8069 8385 8892 7430
8352 8584 8183 7774
8343 8301 8789 7903
8092 7983 8538 8089
7916 8138 8654 8034
8411 8821 8446 7487
8234 8780 8476 7586
8369 8649 8214 7571
8052 7938 8750 8084
8272 8843 8500 7483
8256 8349 8511 7748
8314 8590 8458 7642
8067 7949 8622 8088
8264 8702 8557 7541
7844 8010 9030 8041
7797 8142 9028 7591
8123 8018 8678 8027
8349 8697 8525 7524
8323 8803 8442 7572
7887 8014 8729 8013
8306 8415 8535 7599
8145 8409 8784 7702
8230 8466 8679 7561
8110 8001 8848 7966
8358 8592 8161 7744
8101 7984 8746 8072
7969 7982 8812 8153
8326 8794 8396 7562
8248 8598 8741 7269
8175 8089 8635 8061
8335 8345 8738 7905
8168 8612 8606 7428
7969 7982 8812 8153
7811 8014 9010 8086
8377 8715 8496 7484
8409 8630 8182 7659
8188 8553 8508 7691
8061 8086 8670 7996
8262 8710 8414 7593
8340 8596 8217 7687
8176 8388 8680 7547
8140 8097 8650 8065
8221 8524 8747 7264
8110 8001 8848 7966
8416 8826 8194 7481
8326 8555 8171 7798
8264 8608 8593 7475
8255 8716 8198 7644
8185 8567 8654 7359
8191 8516 8496 7723
8190 8346 8742 7720
8192 8604 8525 7654
8114 8478 8759 7645
8185 8567 8654 7359
8192 8720 8157 7648
8266 8520 8613 7480
8191 8595 8603 7552
8167 8517 8616 7655
8114 8478 8759 7645
7916 8017 8714 8145
7916 8017 8714 8145
7717 7982 8960 8033
7726 7706 9215 7835
7787 7815 8819 8272
7997 7645 8778 8240
8204 8556 8714 7133
8227 8857 8175 7190
8302 8503 8054 7689
8432 8521 8105 7587
7892 7773 8761 8209
7816 8264 8761 7732
7771 7727 9167 7692
8040 8051 9077 7300
7923 7767 8878 8074
8209 8345 8600 7686
8142 8214 8192 7909
7765 8131 8749 7770
7933 7924 8798 8144
8220 8465 8638 7263
8290 8806 8330 7413
7954 7832 8577 8118
8190 8568 8716 7182
7947 7791 8843 8132
8373 8630 8225 7517
7956 8680 8513 7394
8213 8832 8222 7240
8081 8620 8522 7360
7810 8056 8993 7857
8351 8198 8662 7730
8265 8315 8615 7777
8019 8134 8605 7805
8161 7932 8472 7955
8107 7899 8517 8004
8409 8707 8400 7476
7793 7967 8899 8017
7777 7721 8917 7885
8104 8003 8572 7965
8243 8029 8776 7729
8316 8767 8288 7471
8199 8779 8455 7490
8061 8254 8981 7553
8192 8478 8416 7504
7892 8104 8514 7839
8326 8636 8142 7545
8223 8720 8354 7536
7925 8074 8641 7987
8131 8546 8483 7680
8253 8824 8265 7366
8036 8199 9027 7453
8212 8739 8397 7436
8257 8584 8398 7574
7997 8055 8642 7949
8055 8112 8772 7833
8095 8575 8379 7621
8191 8207 8617 7641
8032 8000 8640 8064
8008 8212 9065 7512
8295 8771 8259 7395
8297 8760 8368 7446
8050 7988 8815 7947
8048 8049 8669 7950
8070 8552 8583 7547
8009 8620 8470 7561
8230 8685 8132 7605
8124 8526 8520 7512
8222 8641 8499 7460
8270 8509 8132 7730
8306 8519 8111 7557
8050 7817 8756 8247
8093 7978 8657 7891
8251 8707 8498 7414
8304 8048 8758 7805
8083 8201 8628 7602
8222 8702 8518 7273
8136 8466 8634 7545
7791 7988 8911 8028
8131 8697 8403 7491
8099 7905 8664 8032
8090 8629 8479 7499
8097 8633 8467 7463
8091 8686 8470 7456
7708 7970 8884 7924
7722 7671 9058 7745
7943 7619 8837 8069
7985 7817 8671 8137
8201 8358 8606 7221
8279 8783 8308 7405
8358 8508 8032 7544
7842 8248 8981 7387
8077 8016 8741 7675
7902 8604 8448 7370
7757 8072 8575 7611
8183 8629 8505 7232
8230 8534 8273 7498
8205 8183 8364 7560
8044 8138 8396 7640
8254 8754 8313 7437
8018 7848 8647 7838
7876 7891 8733 8061
8070 7918 8580 7810
8067 7795 8530 7976
7843 8430 8576 7536
8310 8759 8287 7411
8001 7805 8475 8027
7948 8021 8500 7902
8030 8646 8325 7496
8184 8679 8404 7410
7880 7624 8865 7983
7971 7846 8559 7957
8233 8238 8504 7507
8033 8390 8484 7422
7886 7968 8522 7837
8192 8544 8306 7558
7974 7893 8543 7909
7700 7970 8838 7549
7930 7769 8562 8116
8130 8680 8258 7252
8231 8544 8142 7409
7871 7869 8629 7852
8111 8150 8392 7450
7947 7874 8443 7842
8031 8089 8343 7585
8047 8612 8349 7301
8006 8076 8374 7517
7687 7886 8757 7500
7604 7982 9155 7984
7927 8098 9466 7506
7988 7883 8481 8508
8182 9081 8366 6926
8224 7457 8547 8264
8338 9215 8054 7400
8346 9163 7819 7497
8995 8293 8189 7252
8803 8597 8274 6982
8736 7487 8739 7198
8215 7618 8790 8187
8447 9127 7902 7505
8126 7586 8265 8373
7636 8189 8504 8336
8154 9162 8166 7028
8101 9065 8300 6950
8177 7714 8925 8255
8863 7560 8326 7558
7701 7843 9109 8097
8854 7511 8326 7575
7834 8336 8603 8230
7915 7659 8724 8426
7661 7768 9282 7955
7761 8060 9355 7812
8940 8051 8378 7264
7892 7868 8955 8220
8571 8919 8092 7665
8417 8980 8338 7122
8517 8954 7938 7631
8397 9153 7968 7515
8413 8724 8616 7070
8843 8574 8461 7433
7996 8057 8469 8411
8092 7643 8868 8281
8957 8789 8236 7364
7713 7916 9026 8129
8294 8741 8639 7235
8315 9104 7991 7502
8036 7819 9132 7858
8439 8952 7861 7666
8870 8227 8434 7090
8912 8069 7881 7682
7980 7747 9245 7966
7776 7899 9426 7781
7818 7993 9262 7653
7852 7939 9134 7927
7957 7778 8906 8322
8062 7794 9213 8007
8782 8494 8376 7701
7731 7959 9243 8023
7985 7682 9167 8087
8007 8272 9181 7420
8334 9166 8103 7485
7662 7925 9161 8058
8309 9041 8175 7446
8700 8777 8542 7169
8421 9199 8047 7361
8092 7828 8393 8443
8819 8305 8637 7759
8431 8809 8068 7745
8710 8842 8409 7324
8460 9000 8065 7534
8555 8537 8263 7731
8140 7967 8630 8358
8266 8901 8309 7564
8754 8731 8025 7476
8340 8382 8439 7976
8881 8161 8010 7656
8995 8293 8189 7252
8895 8246 8131 7650
8507 8461 8791 7288
7949 7890 8710 8473
7889 8446 9037 7688
8678 8872 8481 7386
8497 8795 8280 7525
8917 8106 8430 7344
8503 8904 8491 7158
7873 8351 8776 7898
7846 8004 9329 7541
8464 8714 8667 7187
7844 7926 9375 7758
8068 8321 8972 7556
8489 8410 8698 7351
7915 7837 8931 8166
7880 7946 9075 7951
8005 8037 9318 7488
8714 8539 8620 7492
8405 8644 8191 7705
8594 8635 8659 7700
8391 9074 7826 7556
8132 7829 8825 8308
8529 8398 8686 7300
8310 8360 8771 7656
8546 8945 8163 7243
8055 8517 8985 7510
8153 8752 8689 7313
8632 8625 8607 7584
8755 8523 8404 7695
8269 9018 8200 7486
8371 8611 8222 7741
8436 8967 8207 7602
8662 8692 8499 7445
8421 8828 8241 7470
7974 8142 9400 7511
7780 7947 9393 7845
7789 8112 8809 8086
8162 8109 9087 7882
8303 8666 8015 7891
8638 8594 8500 7440
8067 8092 9233 7789
7785 7969 9432 7765
7725 8009 9236 7931
8506 8861 8116 7732
8548 8429 8340 7763
8010 8114 8783 8150
8221 8480 8863 7381
8028 7976 8547 8475
7849 8019 9302 7615
8083 8299 8708 8092
8518 8557 8804 7249
8112 7897 8661 8133
8741 8829 8480 7189
8613 8670 8515 7457
8357 8198 8842 7617
8247 8078 9002 7517
8545 8836 8150 7585
8120 8117 9113 7806
8580 8299 8716 7278
8691 8496 8572 7495
8600 8680 8517 7515
8540 8692 8140 7603
8020 8146 8991 8067
8013 8125 9306 7425
8282 8231 8587 8003
8613 8525 8390 7626
8000 7857 9304 7646
8526 8553 8332 7839
8258 8177 8990 7535
8478 8403 8716 7390
8269 8700 8749 7579
8203 8104 8872 7955
8185 8448 8920 7873
8411 8498 8529 7702
8671 8585 8412 7441
8201 8417 8963 7714
8013 8185 8830 8076
8299 8522 8537 7945
8034 8204 8859 8030
8246 8087 8903 7912
8378 8509 8809 7468
8138 8290 8755 8029
8325 8210 8807 7599
8636 8528 8292 7767
7985 8068 9055 7899
8506 8324 8838 7456
8279 8135 8897 7838
8399 8765 8660 7145
8025 8000 8756 8114
8195 8270 8997 7884
8359 8681 8693 7633
8371 8686 8552 7281
8469 8421 8805 7365
8350 8060 9052 7811
8103 8194 8785 8032
8229 8084 8911 7822
8133 8214 9200 7802
7972 8510 8560 7888
8247 7956 8577 8053
8474 8786 8391 7565
8319 8009 8938 7843
8468 8386 8420 7816
8271 8449 8731 7602
7942 7859 9097 7876
8116 8389 8932 7716
8061 7972 9264 7768
8363 8751 8118 7746
8295 8248 8911 7756
8386 8584 8136 7769
8103 7953 9250 7697
8399 8765 8660 7145
8238 7970 8999 7823
8218 8152 8969 7809
8244 8072 8947 7862
8228 8267 8679 7771
8415 8573 8821 7398
8282 8231 8587 8003
8128 8193 8741 8075
7923 7969 9014 7904
8304 8222 8561 7829
8258 8217 8956 7665
7942 7859 9097 7876
8275 7974 8677 7861
8316 8477 8429 7815
8089 8015 9220 7741
8317 8619 8805 7397
8171 8218 8631 8109
8029 8265 8815 8044
8133 8214 9200 7802
8089 8015 9220 7741
8279 8135 8897 7838
8381 8257 8660 7539
8289 8069 8923 7805
7923 7969 9014 7904
8306 8018 8563 7876
8357 8694 8043 7813
8245 8158 8817 7946
8579 8388 8777 7400
8392 8686 8338 7592
8343 8258 8911 7591
8315 8670 8132 7702
8171 8218 8631 8109
8029 8265 8815 8044
8025 8000 8756 8114
8363 8751 8118 7746
8244 8072 8947 7862
8548 8429 8340 7763
8203 8104 8872 7955
8357 8694 8043 7813
8116 8389 8932 7716
7849 8019 9302 7615
7972 8510 8560 7888
8316 8477 8429 7815
7735 7885 9246 7571
7752 8037 9298 7452
8106 7803 8563 8132
8269 8722 7824 7667
8351 8835 7826 7609
8513 8585 8657 7136
8606 8606 8309 7418
8067 7871 8510 8116
7861 8030 8896 8013
8568 8434 8593 7207
8444 8346 8700 7397
7998 7826 9283 7556
8203 8809 7859 7605
7934 8140 8844 8050
8214 8178 8585 7954
7905 8295 8734 7672
8338 8736 7979 7440
8152 8349 8417 7840
7891 8075 8862 7859
7938 8005 8876 7995
8366 8614 8243 7513
7989 8111 8749 8083
8481 8381 8697 7279
8455 8486 8652 7251
8300 8562 8306 7637
7762 7993 9209 7466
8399 8369 8740 7308
8104 7927 9053 7782
8237 8418 8467 7722
7802 7999 9162 7493
8229 8698 7919 7648
8384 8575 8134 7739
8313 8679 8085 7207
8029 7959 9201 7657
8079 8148 9147 7798
8248 8448 8052 7793
8031 8256 8991 7407
7755 7901 9262 7454
8181 8400 8736 7424
7797 7974 9222 7539
8320 8628 8645 7337
8409 8602 8003 7613
8409 8691 7871 7355
8114 8267 8850 7526
8307 8675 7955 7490
8213 7927 8773 7817
8151 8153 8959 7578
8357 8507 8391 7672
8073 8223 8751 7923
8126 8256 8367 7890
7966 8090 8824 7914
8263 7950 8695 7765
8375 8472 8180 7734
8380 8633 8633 7363
8347 8046 9048 7726
8139 8198 8896 7792
8585 8635 8573 7509
8279 8723 7934 7617
8335 8464 8198 7711
7966 8225 8800 7910
8200 8114 8930 7765
8083 7971 9165 7699
8398 8227 8675 7441
8220 8689 8115 7685
8332 8645 8065 7692
8074 8128 8777 7803
8479 8449 8617 7499
8121 8733 7886 7550
8599 8453 8348 7683
8452 8604 8485 7594
8126 8015 8756 7896
8090 8223 8732 7856
8268 7965 9006 7759
8100 8250 8808 7774
8144 8096 8970 7766
8133 8237 8861 7714
7751 7975 9233 7512
8298 8522 7876 7747
8350 8537 8185 7688
8288 8450 8333 7729
7738 8030 9203 7562
8144 8397 8766 7571
8077 7885 9151 7756
8347 8529 8507 7565
8382 8460 8326 7786
8097 8082 9001 7666
8205 8677 7940 7746
8110 8263 8832 7690
8321 8680 7872 7548
8346 8044 8617 7800
8377 8469 8384 7689
8330 8664 8415 7588
8571 8487 8589 7663
8571 8487 8589 7663
8338 8407 8410 7681
8338 8407 8410 7681
8330 8664 8415 7588
8202 8004 8935 7791
8202 8004 8935 7791
8330 8664 8415 7588
8330 8664 8415 7588
7754 7892 8663 7946
7932 7777 8628 7974
7963 7717 9146 7563
8171 8714 7824 7548
8237 8678 7750 7567
8280 8541 8544 7190
8565 8577 8496 7450
7930 8040 8666 7831
8055 7853 8954 7771
8483 8582 8326 7232
7816 7866 8831 7817
8078 8264 8686 7434
8545 8580 8367 7312
7848 8083 8795 7908
8459 8332 8524 7259
8107 8176 8855 7616
8066 8173 8654 7881
8031 8189 8765 7756
8056 7934 9018 7733
8517 8462 8501 7480
8083 8478 8002 7725
8392 8535 8560 7464
8297 8373 8565 7392
8216 8619 7871 7317
8287 8420 8631 7324
7868 7972 9085 7576
8165 8384 8434 7667
7991 8126 8814 7748
8053 7980 9053 7680
8142 8688 7802 7644
8300 8614 7912 7362
8261 8485 8113 7598
8348 8542 7943 7516
8037 8109 8580 7945
7878 8134 8736 7823
7873 8216 8258 7727
8321 8366 8067 7722
8317 8342 8209 7700
8464 8352 8242 7664
8037 8231 8745 7710
8413 8364 8568 7564
8327 8667 7794 7541
8313 8522 8152 7546
8245 8506 8453 7506
8500 8521 7914 7489
8335 8590 7769 7607
8050 7945 9127 7665
8449 8481 8538 7612
8186 8557 8223 7624
8212 8688 7753 7588
7976 8074 8732 7807
7971 7963 8760 7801
8290 8431 8595 7467
8348 8608 7933 7500
8249 8576 7850 7539
8266 8524 7960 7556
8105 8061 8735 7776
8305 8158 8599 7491
8076 8117 8711 7769
8231 8218 8457 7704
8157 8680 7897 7612
8187 8064 8663 7444
8285 8582 7934 7282
8169 8138 8486 7773
8254 8693 7824 7530
8054 7936 8672 7906
7991 8060 9048 7721
8274 8554 7953 7479
7872 7954 9040 7767
8263 8576 8611 7278
8267 8562 7783 7568
8256 8684 7804 7530
8235 7961 9044 7684
8331 8427 8552 7568
8165 8382 8457 7702
8308 8559 7799 7546
7627 8151 8551 7673
7943 8111 8394 7860
7975 7858 9116 7634
7981 7753 9041 7692
8062 8703 7787 7476
8173 8482 8432 7175
8205 8630 7676 7548
8500 8548 8317 7203
7786 8001 8629 7777
7647 8057 8606 7720
7832 8074 8774 7641
7996 7905 9050 7663
8390 8450 7904 7289
8479 8215 8473 7373
7888 7984 8750 7534
8242 8474 8044 7513
8483 8505 8327 7205
8161 8201 8178 7667
8250 8404 8248 7598
8359 8372 8493 7565
7929 8004 8658 7581
7818 8007 8618 7817
8258 8570 7851 7300
8277 8082 8582 7451
8437 8433 8436 7554
8089 8305 8432 7676
8190 8270 8428 7567
8124 8103 8361 7610
7858 8065 8582 7810
7850 8039 8612 7474
8392 8556 7735 7380
8232 8599 7853 7500
8378 8457 8178 7603
8313 8473 8530 7487
7979 8168 8395 7677
8421 8448 8427 7594
8288 8578 7842 7499
8331 8444 8491 7523
8214 8655 7775 7295
8131 8630 7707 7531
7881 8080 8537 7660
8202 8618 7799 7517
8205 8624 7710 7409
8272 8462 8344 7579
8280 8591 7762 7406
8182 8660 7753 7516
8083 8595 7685 7558
8106 8580 7789 7556
8281 8560 7713 7562
8389 8455 8518 7514
8262 8473 8474 7544
8181 8619 7750 7529
7754 7995 8659 7582
7755 8043 8565 7673
8207 8502 7734 7454
8242 8584 7750 7287
8432 8507 7809 7156
8054 8425 7880 7553
8160 8227 8366 7562
8252 8415 8134 7596
8350 8311 8261 7537
8273 8546 7806 7347
8297 8239 8497 7457
8173 8440 7945 7220
8333 8364 7977 7558
8247 8363 8517 7488
8175 8518 7782 7417
8387 8381 8352 7511
8220 8465 7861 7522
8195 8581 7746 7392
8280 8430 8222 7536
8241 8518 7836 7205
8252 8437 8294 7507
8317 8444 7811 7368
8298 8381 8407 7554
8323 8408 8367 7515
8275 8432 8444 7519
8309 8439 7839 7508
8041 8494 7773 7313
8058 8375 7896 7525
8085 8444 7806 7243
8153 8009 8486 7315
8177 8456 7731 7416
8242 7926 8484 7402
8253 8546 7797 7280
8386 8078 8271 7268
8240 8329 8444 7496
8114 8350 7943 7363
8107 8355 7708 7347
7585 8272 9071 7928
7988 7883 8481 8508
8037 7976 9446 7409
8154 9162 8166 7028
8182 9081 8366 6926
8409 9097 7829 7474
8736 7487 8739 7198
8995 8293 8189 7252
8535 8370 8856 7159
8957 8789 8236 7364
8126 7586 8265 8373
8646 8951 8247 7288
8168 9108 8163 7066
8870 8227 8434 7090
8995 8293 8189 7252
8469 9019 8211 7455
8314 8875 8088 7822
8092 7828 8393 8443
8567 8962 7841 7509
7648 8225 9172 7836
7951 7921 9324 7668
7636 8189 8504 8336
8736 7487 8739 7198
7783 8121 9337 7534
8104 7779 8406 8394
7915 7659 8724 8426
8460 8940 7990 7858
8707 8690 8535 7477
8843 8574 8461 7433
8917 8106 8430 7344
8727 8913 7919 7505
8803 8597 8274 6982
8399 8814 7963 7940
8628 8782 8473 7421
7949 7890 8710 8473
8191 8534 8040 8309
8769 8856 8020 7414
8600 8666 8657 7625
8576 8833 8405 7797
8751 8723 8444 7500
8912 8069 7881 7682
8881 8161 8010 7656
8688 8578 8379 7694
8668 8922 8363 7491
8610 8768 8328 7720
7699 8181 9213 7436
8387 8884 8559 7627
8854 7511 8326 7575
8055 7811 8963 8277
8450 8972 8282 7728
8072 8062 9395 7498
8036 7799 8524 8415
8863 7560 8326 7558
8162 9145 8248 7032
8435 8881 8063 7926
7714 8316 8314 8318
7803 7835 9101 8067
8117 7529 9122 8053
8829 8422 8592 7696
8552 8557 8434 7689
8373 8760 8114 7928
8028 7976 8547 8475
8204 7703 9127 8013
8895 8246 8131 7650
8491 8713 8618 7519
8439 9001 8287 7715
8420 8809 8596 7507
8283 8500 8503 8040
8793 7879 8372 7856
8803 8597 8274 6982
8140 7967 8630 8358
8101 8102 9295 7391
8216 7731 8995 8230
7828 8250 8970 7738
8503 8699 8358 7874
8356 8217 9023 7312
8494 8743 8225 7882
8316 7948 9016 8096
8050 8170 9377 7334
8727 8594 8297 7686
8348 8854 7941 7932
7778 8202 8869 7978
8149 7644 9051 8131
7813 8378 8868 7794
8326 9063 7932 7548
8338 9108 7890 7549
8165 8408 8809 7949
8057 7992 9432 7595
8115 7680 9215 8032
7740 8476 8837 7445
7868 8091 9021 7908
8329 8754 8656 7470
7852 7950 9131 8004
7610 8318 9074 7876
8435 9056 8269 7625
7594 8242 9153 7799
7705 8172 9280 7458
8859 8307 8437 7033
8142 8046 9372 7523
8575 8655 8674 7550
8819 8305 8637 7759
7732 8465 9062 7680
8608 8491 8697 7890
8017 7997 9275 7781
7626 8229 9162 7570
8568 8516 8737 7565
8160 7797 8937 8299
7879 7903 8968 8215
7922 7734 9122 8201
8251 8340 8843 7758
8412 8430 8756 7622
8500 8688 8641 7489
7759 8055 9026 7892
8164 9090 8142 7665
8461 8640 8758 7614
8098 8153 8671 8074
8372 8400 8769 7627
8246 7860 8956 8152
8219 8038 9007 7678
8191 7909 8863 8261
8099 8120 9191 7701
8352 8460 8776 7847
7923 8424 9019 7442
8078 8153 8901 8031
8301 8780 8571 7536
8099 8141 9225 7597
7902 8258 9086 7539
8483 8731 8620 7594
8777 7973 7937 7998
8428 8700 8644 7524
8084 8214 9135 7650
8396 8732 8744 7504
8413 8546 8789 7582
8470 8589 8707 7602
7977 8139 9164 7834
8233 8474 8920 7373
8022 8220 9257 7388
7901 8065 9311 7370
8002 8239 8920 7971
8296 8288 8834 8004
8075 8037 9208 7746
8022 8220 9257 7388
8147 7988 8941 8120
8064 8261 8918 7962
8205 7753 9095 7947
8010 8292 9139 7353
8441 8528 8700 7759
8134 7761 9115 7942
8119 7867 9185 7880
8404 8387 8823 7709
7824 8316 8914 7814
8171 7649 9126 8050
7983 8264 9109 7491
8463 8608 8688 7828
8509 8626 8711 7415
8261 8545 8426 8131
7739 8205 9183 7522
8073 8042 8814 8189
8370 8168 8893 7781
8114 7957 9116 7989
8343 8450 8817 7834
8057 8055 8848 8168
8049 8142 9081 7808
7890 7844 8989 8179
8363 8360 8859 7753
8147 8035 8923 8137
8005 8279 9077 7555
8095 8051 8852 8153
8179 7715 9027 8213
8148 7772 8992 8171
8233 8034 9034 8104
8516 8586 8627 7651
8177 7842 9219 7935
8079 7916 9165 7975
7898 8130 9212 7771
8284 7758 9017 7826
8209 8389 8939 7719
8033 8031 8841 8171
8414 8194 8885 7527
8217 7992 8937 8255
8141 8085 8960 7893
8266 8363 8920 7731
8030 8083 8758 8132
8233 7992 8827 8223
8174 8074 9139 7664
8097 8065 8981 7862
8272 7999 9093 8109
7715 8177 9104 7731
8215 8102 8818 8110
8463 8608 8688 7828
8090 8136 9015 8127
8509 8626 8711 7415
7918 8171 8936 7994
8320 8106 8955 7905
7886 8168 8922 8006
8434 8399 8843 7667
7860 8166 8977 7958
8159 8451 8852 7601
7918 8183 9045 7838
8260 7971 9021 8121
8107 8199 9147 7715
8516 8586 8627 7651
8198 8308 8783 7989
8301 8780 8571 7536
8262 7982 8983 8130
8217 8015 8789 8121
7890 7844 8989 8179
8179 8075 9137 7711
7860 8166 8977 7958
8363 8360 8859 7753
8239 8259 8923 7907
8047 8277 9043 7588
8414 8194 8885 7527
8124 8063 8826 8126
7916 8328 8956 7762
8113 8036 9126 7840
7916 8328 8956 7762
8085 8015 9067 7929
8047 8277 9043 7588
7898 8130 9212 7771
8280 7973 8909 8257
8272 7999 9093 8109
8198 8308 8783 7989
8034 8042 9112 7811
8047 8069 9159 7729
8147 8039 9055 7875
8320 8106 8955 7905
8217 8015 8789 8121
8179 7715 9027 8213
8031 7981 9098 7926
8149 7644 9051 8131
8280 7973 8909 8257
8355 8699 8671 7833
8107 8199 9147 7715
8179 8056 8938 8129
8315 8167 8731 7972
8339 7976 8909 7927
8315 8167 8731 7972
7715 8177 9104 7731
8217 7992 8937 8255
8179 7715 9027 8213
7690 8413 8974 7480
7910 8097 9217 7432
7971 8094 9170 7300
8060 7551 8903 8170
8173 7915 8862 8185
8361 8725 8598 7509
8462 8582 8582 7500
8485 8464 8659 7766
8167 7608 9105 8049
7920 8137 9210 7395
8404 8546 8678 7585
7730 7884 9092 7855
8478 8483 8684 7716
7761 8253 9062 7455
8434 8683 8585 7561
8265 7879 8690 7873
7876 7765 9151 7852
8323 8339 8726 7742
7995 8197 9128 7617
8076 8386 8754 7685
7864 8236 8821 7928
7941 7978 8973 7762
7844 8067 8881 8070
8212 7727 8960 8073
8311 8640 8666 7672
8004 8067 8959 7812
8359 8424 8688 7657
8095 7695 9048 8022
8182 7952 8983 8096
8448 8648 8611 7431
8047 7801 8901 8108
7806 8106 8991 7925
8110 8301 8918 7568
8281 8346 8855 7680
8087 8080 8923 7990
8060 8320 8803 7753
8105 8174 9006 7703
8040 8014 8776 8140
8444 8611 8620 7612
8250 8707 8618 7473
8199 8026 8872 8029
8126 8035 8855 7774
8350 8709 8613 7565
8058 7851 9028 7932
8033 7708 9063 7901
7994 8306 8721 7850
8295 8698 8630 7577
8142 8088 8749 8080
8029 7918 8637 8148
8373 8557 8633 7730
7834 8078 9191 7674
8254 7770 8898 7872
8446 8616 8608 7521
8083 7837 9047 7600
8032 8177 8646 7836
7818 8010 9034 7951
7997 8054 9155 7530
7786 8110 9015 7915
8156 7844 9014 7835
7987 8001 8928 7964
8137 7984 8959 7543
8167 8009 8843 8113
8389 8688 8636 7478
8221 7773 8857 8119
7917 7998 9074 7773
8016 8000 8944 8032
7964 8159 9130 7456
8091 8264 8900 7578
7859 7695 9088 7964
8109 7962 9132 7592
8225 8310 8859 7638
8367 8395 8762 7637
8039 7889 9044 8024
8177 8002 8927 8021
8173 8318 8787 7683
8016 7942 9196 7683
8058 8238 8932 7636
8016 7767 9052 7958
8452 8568 8689 7508
8052 8140 8808 7910
8028 8151 8910 7772
7789 8062 8925 8114
8089 8052 8809 7961
7913 8151 8856 7812
8131 8238 8865 7495
8216 7906 9011 8045
7871 8005 8852 8085
8148 7970 8938 7733
8305 8473 8725 7587
8098 8035 8923 7886
7999 7960 9020 7846
8082 7699 9024 7919
8306 8315 8764 7457
8149 8127 8870 7744
7869 8132 8870 7951
8223 8099 8871 7646
8129 7965 9009 8043
8103 7944 9017 8085
8220 8319 8769 7746
7833 8035 8940 8078
7833 8035 8940 8078
8225 8154 8768 7851
7686 7591 9010 8024
7859 7994 9151 7415
7977 8133 9014 7323
7997 7852 8577 8164
8058 7479 9030 7896
8270 8328 8079 7684
8298 8720 8564 7461
8440 8494 8645 7482
8421 8313 8289 7591
7713 8225 8821 7694
7761 7699 9011 8015
8427 8316 8463 7493
7740 8371 8538 7668
8134 8517 8638 7522
8125 7742 8960 7863
8240 8342 8691 7673
7888 8020 9120 7360
8199 7974 8714 7946
7911 8103 9098 7574
8145 7942 8893 7796
8105 7602 9007 8032
8004 7781 8686 8103
8048 8186 8754 7648
8309 8621 8607 7381
8344 8565 8643 7508
7794 8046 8939 7769
7975 8142 8535 7818
7867 8143 9084 7552
8162 7870 8958 8046
8044 7912 8656 8087
8103 7840 8557 8155
8152 8330 8354 7739
8089 8291 8821 7504
7971 8317 8391 7751
8331 8658 8599 7419
8101 8091 8815 7732
8391 8596 8584 7565
8324 8420 8687 7656
7833 7853 8976 7808
8278 8681 8598 7502
7944 7885 8662 8121
7947 8191 8854 7439
8214 7876 8779 7895
8170 8491 8610 7561
8367 8622 8561 7483
8166 7815 8882 8009
8375 8599 8599 7602
7986 8167 8806 7630
7818 8082 8682 7873
8083 8057 8819 7696
7959 8057 8314 7853
8326 8469 8662 7535
7856 8121 8848 7756
7785 7986 8990 7927
8013 7957 8834 7975
7969 7926 9148 7414
7776 7883 9033 7998
8190 8025 8861 7623
7800 8121 9091 7473
7936 7986 8852 8001
8033 7954 8893 7837
7814 7906 8981 7933
7966 8156 8422 7846
7751 7967 8864 8035
7888 8129 9025 7575
8322 8680 8603 7529
7949 8054 8326 7868
8023 8172 8571 7803
8108 8015 8857 7851
8342 8586 8609 7592
8014 7887 9134 7653
7966 8156 8422 7846
7871 7984 8874 8013
7773 8137 8942 7624
8300 8473 8588 7652
8200 7896 8941 7992
8225 8015 8689 7807
8196 8036 8790 7659
8157 8041 8792 7589
8056 7907 8676 7998
7952 8033 8833 7833
7790 7983 8977 7580
8084 7912 8830 7983
8209 7849 8849 7929
8150 7916 8867 7867
8158 7919 8823 7873
8158 8032 8691 7802
7671 7754 9079 7400
7817 7671 8976 7712
7905 8018 9027 7346
7928 7819 8590 8073
8211 8276 7961 7601
8350 8559 8535 7452
8421 8205 8424 7435
8253 8275 7999 7552
8238 8480 8226 7574
8347 8399 8534 7487
8080 8046 8768 7693
7736 8027 8839 7666
8385 8218 8412 7498
8048 7939 8862 7759
8284 8448 8624 7486
7768 8087 8814 7606
7999 7859 8647 8055
8016 7751 8918 8020
8386 8158 8478 7472
8186 7794 8912 7851
7855 8021 8295 7844
8169 7831 8935 7990
8125 8521 8545 7585
8176 7802 8893 7932
8387 8195 8425 7441
7918 8017 8316 7818
7956 7779 8595 8062
7839 8092 8564 7704
7925 7949 8237 7797
8158 8482 8496 7539
8108 7999 8837 7773
7843 8087 9070 7561
7917 7881 8794 7820
8174 7875 8888 7934
8090 8431 8598 7577
7996 7988 8794 7794
8033 7831 8940 7790
8138 8484 8560 7545
8181 7851 8919 7544
8182 7824 8790 7846
7572 8074 9068 7212
7995 7760 8708 7984
8138 8469 8514 7523
8150 7670 8905 7765
8237 8330 7956 7500
8363 8015 8305 7489
8317 8192 8328 7407
8166 8240 8611 7396
8017 7713 8925 7818
8122 7806 8831 7942
7753 7988 8791 7652
7739 7871 9043 7464
7887 8026 8632 7578
7656 8028 8747 7472
7968 7948 8709 7778
7924 8009 8674 7577
7640 7721 8922 7423
7779 7682 8823 7933
7636 8189 8504 8336
7773 7940 9453 7454
7988 7883 8481 8508
8154 9162 8166 7028
8182 9081 8366 6926
8224 7457 8547 8264
8399 8814 7963 7940
8995 8293 8189 7252
8126 7586 8265 8373
7915 7659 8724 8426
7699 7943 9364 7749
7807 7989 9341 7868
7872 7771 9158 8182
7926 7722 8951 8324
7851 8001 9328 7853
7979 7598 8912 8362
7642 8839 8468 7762
8598 9042 8349 7661
7740 8063 9293 7787
8476 8278 9067 7118
7827 8062 9411 7487
8537 9149 8097 7552
7714 8316 8314 8318
7934 7965 9371 7592
7913 7929 9262 8101
7892 8101 9403 7510
7996 8057 8469 8411
8532 8109 9034 7090
8309 8254 9150 7040
8494 9117 8053 7615
8718 8187 8640 7700
7958 7916 9097 8239
8092 7828 8393 8443
8487 8206 9112 7065
8208 8168 9135 7960
7906 8014 9438 7539
8769 8856 8020 7414
8995 8293 8189 7252
8368 8361 9038 7154
8589 9105 8252 7709
8064 7727 8805 8379
8504 8746 8075 7821
7968 7908 9299 8078
8940 8444 8336 7483
8028 7976 8547 8475
8196 8263 9184 7302
8106 7834 8698 8356
8446 8219 9081 6967
8957 8789 8236 7364
8215 7908 9230 7561
8403 8776 8215 7923
8279 8020 8862 7815
7949 7890 8710 8473
8893 8552 8412 7587
8733 8644 8429 7466
8347 8930 8279 7860
8963 8399 8485 7669
8662 8976 8010 7608
8191 8534 8040 8309
8181 8075 9211 8042
8396 8916 7979 7874
8388 9008 8283 7771
8654 8667 8580 7619
8204 8791 8289 7909
8926 8467 8404 7602
8036 7799 8524 8415
7994 7736 8755 8296
8120 7806 8914 8111
8005 8128 8975 8072
8168 7820 8874 8262
8688 8668 8568 7553
8293 8520 8156 8015
8831 8485 8454 7553
8521 8691 8685 7571
8035 7956 8749 8291
8406 8294 9048 7002
8048 7957 8924 8243
8677 8433 8604 7470
8579 8389 8658 7229
8060 7760 8892 8186
8321 8649 8830 7399
8858 8500 8502 7514
8379 8893 8383 7783
8364 8209 9206 7185
8361 8883 8529 7731
8268 8768 8584 7882
8085 7760 9009 8173
8793 8703 8363 7494
8354 9022 8152 7744
8804 8685 8386 7447
8290 8729 7990 8050
8695 8418 8517 7733
8250 8083 9175 8049
8569 8462 8624 7536
8545 8868 8377 7696
8530 8638 8672 7638
8203 8004 9284 7504
8489 8353 8148 8033
8408 8954 8329 7810
8560 8707 8435 7565
8759 8700 8416 7481
8498 8548 8827 7337
8289 8959 8412 7003
8376 8727 8273 7945
8907 8549 8434 7697
8291 8271 9118 7349
8016 8335 8838 7871
8866 8391 8494 7670
8825 8589 8374 7506
8630 8287 8660 7685
8208 8616 8209 7952
8327 8396 8927 7422
8813 8606 8384 7352
8298 8679 7999 8097
8263 8528 8234 8150
8149 7873 8856 8147
8446 8219 9081 6967
7993 7845 9053 8196
8352 8305 8989 7366
8255 8625 8135 7998
8460 8987 8123 7731
8133 7853 8772 8294
8075 8015 8795 8231
8346 8539 8181 7986
8340 8355 8965 7217
8377 8312 8962 7323
8326 8556 8122 7999
8462 8277 8961 7198
8432 8340 8988 7270
8280 8490 8781 7582
8245 8153 8736 7998
8296 8584 8598 7770
8689 8556 8307 7546
8268 8846 8224 7885
8030 7892 9021 8191
8437 8632 8256 7789
8664 8424 8464 7754
8078 8183 9059 7793
8282 8535 8081 8077
8409 8303 8808 7569
8274 8596 8401 8068
8167 8112 8872 8087
8177 8461 8815 7850
7998 7899 8989 8227
8201 8241 9057 7676
8213 8083 8709 8167
8342 8245 8853 7800
8776 8566 8501 7530
8639 8272 8543 7851
8257 8140 8827 7946
8576 8410 8462 7807
8513 8200 8687 7984
8115 7905 8886 8088
8531 8628 8761 7720
8610 8683 8480 7520
8305 8533 8358 7997
8448 8359 8935 7305
8010 7897 8968 8268
8782 8487 8493 7540
8607 8360 8542 7645
8108 8314 8907 7671
8318 8657 8458 7777
8119 8278 8990 7907
8108 8117 8822 8008
8158 8309 9017 7667
8022 7974 9015 8209
8485 8681 8444 7656
8322 8405 8984 7179
8552 8507 8583 7502
7984 7801 9070 8126
7984 7801 9070 8126
8134 8480 8773 7851
8539 8615 8609 7608
8612 8337 8603 7627
8506 8386 8926 7401
8277 8507 8497 7838
8510 8389 8922 7223
8150 8342 8849 7640
8744 8568 8431 7439
8421 8208 8497 7953
8276 8579 8380 7892
8315 7932 9013 7895
8362 8772 8227 7832
8099 7984 8837 8204
8562 8261 8648 7686
8484 8372 7981 7899
8548 8378 8743 7193
8366 8555 8123 7977
8762 8610 8414 7487
8587 8461 8482 7659
8485 8679 8732 7650
8317 8816 8513 7763
8061 8285 8847 7674
8779 8469 8465 7559
8303 8638 8173 7986
8186 8305 8711 7896
8287 8495 8301 8065
8422 8481 8615 7945
8287 8495 8301 8065
8213 8277 8948 7676
8198 8098 8884 7979
8149 7873 8856 8147
8186 8264 9046 7562
8192 8224 8820 8164
8075 7827 8885 8165
8245 8153 8736 7998
8304 8573 8167 7980
8365 8498 8420 7837
8392 8673 8483 7757
8426 8635 8413 7737
8041 8177 9080 7875
8355 8465 8832 7510
8432 8340 8988 7270
8456 8604 8529 7834
8538 8392 8856 7164
8192 8224 8820 8164
8461 8417 8880 7194
8607 8475 8064 7853
8507 8772 8406 7631
8513 8438 8823 7208
8624 8433 8501 7674
8459 8098 8779 7778
8060 7760 8892 8186
8618 8452 8483 7758
8362 8501 8323 8028
8317 8816 8513 7763
8448 8359 8935 7305
8362 8501 8323 8028
8484 8372 7981 7899
8425 8434 8927 7365
8744 8568 8431 7439
8010 7897 8968 8268
8099 7984 8837 8204
8260 8176 8767 7906
8430 8853 8407 7714
8516 8264 8882 7303
8607 8475 8064 7853
8563 8476 8516 7834
8744 8568 8431 7439
8260 8176 8767 7906
8548 8378 8743 7193
8322 8405 8984 7179
8022 7974 9015 8209
8430 8853 8407 7714
8041 8177 9080 7875
8618 8452 8483 7758
8538 8392 8856 7164
8513 8438 8823 7208
8562 8261 8648 7686
8456 8604 8529 7834
7875 7856 8932 8100
7995 7790 8878 8215
8071 8019 9168 7917
8285 8840 8311 7754
8373 8406 8813 7178
8455 8328 7898 7861
8779 8488 8449 7512
8337 8722 7899 7617
8447 8279 8038 7995
8295 8751 8213 7743
7936 8283 8859 7649
8006 7817 8779 8185
8697 8546 8433 7405
8724 8501 8443 7463
8270 8415 8264 7988
8643 8414 8510 7703
8554 8575 8492 7403
8381 8613 8295 7559
7876 8117 8949 7913
8127 7948 8869 7947
8459 8372 8806 7250
8601 8585 8390 7385
8674 8517 8341 7574
7994 7926 9134 7974
8238 8669 8564 7824
8386 8391 8892 7300
8217 8453 8050 8130
8597 8304 8549 7578
8517 8568 8715 7383
8293 8279 8918 7337
8085 8077 9088 7886
8496 8378 8825 7221
8352 8300 8215 7789
8396 8566 8731 7426
7984 7866 8977 8063
8762 8498 8412 7494
7964 8031 9026 7949
8538 8271 8554 7584
8524 8352 8699 7694
8315 8504 8115 7995
8177 8141 9001 7622
8530 8638 8624 7545
8055 8192 8785 7535
8183 8215 8757 8161
8041 8011 8786 8101
8151 7824 8768 8155
8424 8522 8333 7762
8047 8240 8876 7628
8241 8385 8460 7921
8145 7989 8817 8010
8402 8406 8150 7837
8449 8321 8742 7307
8225 7916 8924 7791
8360 8484 8142 7812
8198 8059 8615 7869
8766 8486 8414 7520
8403 8481 8722 7241
7975 7895 8830 8084
8123 7989 8954 8013
8533 8304 8580 7594
8336 8343 8647 7717
8238 8388 8091 8112
8098 8061 8832 8054
8138 7880 8762 8117
7975 8296 8072 8129
8031 8029 8810 8119
8230 8526 8177 8090
8068 8156 8847 7899
8477 8434 8471 7709
8369 8590 8369 7744
8115 8069 9070 7889
8084 8177 8937 7729
8140 8065 9039 7892
8151 7928 8883 8043
8324 8653 8179 7412
8467 8600 8629 7634
8755 8466 8471 7465
8074 8058 9018 7894
8163 7863 8771 8006
8178 8290 8510 7904
8357 8510 8316 7767
8316 8477 8180 7982
8060 8166 8967 7867
8253 8661 8474 7574
8287 8522 8331 7966
8264 8467 8570 7849
8279 8577 8213 7772
8004 7932 8813 8126
8093 8047 8780 8078
8152 8165 9077 7646
8166 8099 8766 8095
8490 8164 8677 7757
8259 8574 8351 7852
8376 8597 8485 7722
8470 8040 8695 7716
8465 8281 8826 7325
8294 8412 8536 7758
8755 8529 8359 7410
7940 8275 8944 7842
8126 8502 8195 8023
8461 8608 8688 7702
8330 8354 8195 7772
8255 8226 8713 7752
8191 8095 8735 8098
8045 8212 8948 7897
8204 8411 8191 8112
8197 8063 8622 7804
8113 8027 8831 7970
8165 8134 8923 7889
8481 8489 8445 7719
8067 8179 8889 7888
8278 8231 8860 7410
8755 8466 8471 7465
8210 8383 8701 7596
8194 8075 8644 7892
8388 8383 8828 7223
8092 8114 8859 7894
8462 8504 8391 7706
8191 8045 8866 7969
8326 8226 8936 7241
8210 8383 8701 7596
8395 8322 8860 7301
8059 8440 8199 8119
8388 8374 8366 7755
7940 8275 8944 7842
8059 8440 8199 8119
8490 8164 8677 7757
7844 7781 8857 8137
7953 7756 8843 8197
7984 7680 8741 8180
8057 8066 9054 7887
8185 8745 7894 7578
8326 8377 8749 7165
8761 8455 8406 7468
8312 8572 8262 7698
8342 8433 8109 7726
7928 8234 8435 7920
8639 8538 8373 7273
8607 8510 8397 7305
8066 8138 8505 7801
8282 8265 8329 7761
8133 7830 8821 7987
8438 8302 8709 7203
8017 7869 8817 8049
8257 8384 8111 7843
8143 8401 8654 7521
8037 7922 8782 8072
8509 8507 8492 7420
8013 8130 8961 7545
8684 8423 8418 7502
8442 8442 8232 7678
7858 8209 8758 7893
8096 7986 8906 7910
8537 8478 8340 7570
8307 8446 8157 7729
8574 8216 8467 7598
8469 8044 8690 7637
8683 8466 8307 7424
7994 7965 8944 8009
8415 8434 8577 7381
8216 8301 8566 7735
8638 8507 8410 7372
8211 8333 8235 7758
8108 8363 8553 7759
8004 8022 8827 7988
8134 8084 8615 8082
8660 8465 8403 7467
8383 8464 8470 7623
8138 8045 8744 8088
8404 8164 8695 7685
8365 8563 8558 7564
8111 8120 8881 7617
7989 8037 8774 8017
8467 8517 8437 7605
8203 8450 8400 7846
8065 7780 8751 8159
8001 8102 8777 7884
8307 8522 8635 7694
8019 8070 8916 7498
8320 8310 8494 7602
8044 8106 8561 7899
8037 8170 8750 7496
8023 8225 8850 7570
8065 8114 8871 7686
8323 8564 8336 7558
7992 8181 8856 7619
7992 8181 8856 7619
7744 8212 8352 7867
7916 8130 8837 7493
7946 7838 8752 8016
8072 7828 8711 7884
8158 8739 7842 7546
8354 8262 8562 7130
8717 8349 8331 7354
8278 8454 7932 7329
8128 8562 8219 7594
7833 8130 8600 7627
8195 7917 8417 7711
7967 7878 8728 7987
8169 8422 8083 7675
8331 8413 8454 7532
8153 8364 8175 7733
8109 8052 8559 7786
8023 8099 8487 7865
8110 8003 8731 7853
7969 8040 8566 7897
8053 8020 8753 7819
8174 8453 8530 7612
8005 8204 8795 7555
8277 8420 8276 7657
8168 8532 8154 7691
7935 8181 8740 7562
7952 7913 8643 7891
8259 8301 8123 7680
8298 8283 8184 7594
7919 8221 8662 7532
7929 8149 8797 7618
8053 8497 8119 7695
8295 8321 8481 7647
8127 8340 8571 7503
8065 8252 8575 7674
8221 8270 8484 7679
8267 8503 8340 7662
8065 8264 8552 7539
7688 8060 8303 7814
7879 8155 8730 7372
7991 8033 8696 7514
8078 8523 8132 7668
8256 8274 8315 7590
8209 8354 8396 7525
7842 8157 8680 7556
7899 8185 8709 7507
7956 8059 8570 7590
8084 8150 8327 7612
7830 8182 8695 7483
7861 8164 8656 7436
7866 8067 8614 7483
7780 8067 8598 7458
7617 7966 9521 7446
7657 7991 9532 7399
7988 7883 8481 8508
8154 9162 8166 7028
8182 9081 8366 6926
8409 9097 7829 7474
8736 7487 8739 7198
8995 8293 8189 7252
8863 7560 8326 7558
8168 9108 8163 7066
7822 7678 9088 8256
8912 8069 7881 7682
8092 7643 8868 8281
8417 8980 8338 7122
8126 7586 8265 8373
8289 8959 8412 7003
8002 7721 9112 8197
8727 8913 7919 7505
8646 8951 8247 7288
7636 8189 8504 8336
8092 7828 8393 8443
8522 8515 8535 7926
8191 8534 8040 8309
8061 7860 8696 8381
8560 8479 8578 7910
8957 8789 8236 7364
7652 8066 9488 7456
8326 8676 7961 7957
8411 9048 7909 7607
8802 8406 8449 7673
7915 7659 8724 8426
8154 9162 8166 7028
8947 8743 8355 7332
7949 7890 8710 8473
8444 8710 8675 7230
7686 8290 9361 7307
7993 7740 9128 8181
8629 8596 8423 7839
8617 8785 8435 7749
8101 9065 8300 6950
8599 8991 8151 7619
8573 9031 8117 7595
8035 8734 8909 7258
8312 8937 8079 7780
8995 8293 8189 7252
8117 8255 8516 8217
7996 8057 8469 8411
8142 8032 9071 7983
8932 8757 8257 7384
8499 9004 8123 7581
7886 8661 8962 7121
8870 8227 8434 7090
8252 8380 9017 7697
8016 8140 9314 7357
8286 8973 8048 7816
8660 8557 8607 7727
8770 8507 8145 7641
8881 8161 8010 7656
7925 7897 9075 8163
8699 8511 8403 7796
7914 7851 9248 8112
8777 8800 8198 7339
7858 8162 9335 7639
8843 8574 8461 7433
8338 8878 8021 7836
8170 8716 8642 7564
8092 8469 8991 7524
8480 8343 8682 7939
8222 8221 9039 7790
7714 8316 8314 8318
7978 7791 9220 8010
8819 8305 8637 7759
7737 8095 9501 7441
7935 7782 9164 8239
8895 8246 8131 7650
7839 8368 9123 7542
8073 7977 9177 8029
8429 8632 8280 7862
8675 8617 8214 7811
8028 7976 8547 8475
7851 8188 9467 7423
8749 8601 8147 7511
8050 7911 9202 8152
7618 7970 9503 7436
7702 8037 9425 7573
7762 8333 9168 7410
8463 8602 8595 7734
8101 9065 8300 6950
7813 8257 9302 7314
7992 7767 9236 8056
8695 8442 8613 7742
8385 8398 8877 7721
7750 8050 9375 7588
8374 8910 7976 7818
8369 8887 8178 7766
8306 8270 8773 8022
8295 8278 8854 7968
8381 8662 8526 7668
8790 8580 8094 7520
8391 8831 8012 7828
8155 8517 8820 7645
7874 8142 9244 7540
8241 8162 8500 8367
8404 8435 8795 7977
8231 8824 8368 7598
8236 8633 8762 7600
8582 8885 8228 7597
8115 7806 9151 8072
8043 8038 9202 8137
8254 8128 8835 7992
7667 8075 9277 7649
7744 8237 9421 7392
7832 8102 9355 7557
8426 8544 8615 7690
7891 8634 8918 7095
8361 8448 8570 7934
7969 8560 8949 7370
8104 8418 8927 7623
7802 8197 9401 7350
8086 8240 8874 8120
8394 8813 7991 7933
7806 8076 9456 7506
8828 8828 8095 7496
7764 8053 9392 7508
7788 8193 9244 7656
7726 7932 9470 7558
8378 8677 8114 7894
8081 7964 9133 7995
8150 8125 9117 7978
8277 8302 8908 7892
8377 8942 8090 7633
7709 8333 9195 7373
8359 8622 8499 7927
8049 7939 9097 8061
7832 7933 9238 7912
8047 8018 9159 7974
8296 8012 8973 7556
8081 8136 9079 8002
8389 8899 8218 7704
8373 8696 8221 7851
8099 8002 8960 8108
8458 8167 8711 7825
7965 7775 9272 8073
7875 8186 9292 7501
8205 7775 9129 8097
7856 7865 9127 8157
8414 8316 8741 8037
8445 8348 8582 7938
8323 8638 8027 7936
8208 8488 8985 7594
8458 8860 8285 7733
8163 8224 9000 7901
8178 8513 8964 7548
8181 8267 8655 8058
8501 8545 8666 7655
7899 8249 9207 7744
8333 8752 8098 7808
8179 8588 8723 7702
8268 8295 8944 7832
8444 8376 8736 7884
8484 8352 8923 7758
8487 8809 8163 7652
8140 8553 8787 7708
8458 8860 8285 7733
7832 8007 9447 7492
8316 8176 8893 7876
8265 8274 8860 7991
8403 8573 8566 7775
7697 8211 9300 7475
8332 8794 8230 7774
8026 8055 9285 7881
8038 8541 8897 7349
8115 8196 9137 7874
8185 8206 9193 7687
8243 8205 8952 7800
8365 8759 8207 7765
8138 8818 8126 7788
7997 8109 9165 7856
7740 8324 9220 7383
7812 8140 9383 7560
8284 8419 8812 7578
8472 8551 8461 7824
8220 8710 8672 7491
8282 8577 8675 7717
7891 7822 9266 8080
8214 8262 9143 7720
7940 8251 9006 7806
7933 7863 9265 8040
8410 8636 8553 7762
8253 8347 8806 7954
8604 8495 8519 7737
8047 7946 8984 8102
8029 8241 9221 7443
7720 8004 9213 7933
8233 8284 8952 8035
8395 8763 8361 7757
8260 8305 8815 7928
8163 8235 8974 7745
7800 8214 9245 7516
8604 8495 8519 7737
8255 8280 8779 8007
8350 8748 8308 7830
8031 8208 9033 7867
7804 8262 9272 7343
7914 8109 9300 7483
8036 8299 9146 7355
8130 8617 8780 7625
8354 8287 8875 7777
7937 8074 9255 7492
7987 8163 9205 7928
7929 7916 9252 8045
7740 7941 9452 7524
7812 8279 9235 7499
7778 8316 9216 7395
8373 8696 8221 7851
8400 8050 8936 7558
8383 8275 8806 7926
7929 7916 9252 8045
8075 8109 9106 7981
7778 8316 9216 7395
8031 8208 9033 7867
8047 7946 8984 8102
8396 8549 8475 7788
7894 8181 9173 7781
8350 8748 8308 7830
8395 8763 8361 7757
7713 8238 9274 7636
7813 8166 9282 7536
8323 8638 8027 7936
8092 7778 9152 7978
7891 7822 9266 8080
7894 8181 9173 7781
8133 8043 9129 8023
8075 8109 9106 7981
8133 8043 9129 8023
8100 8293 8897 8085
8316 8176 8893 7876
8401 8246 8817 7932
8028 7916 9203 7855
8311 8239 8819 7895
8472 8615 8475 7721
8184 8234 8868 8045
8416 8545 8476 7793
8501 8545 8666 7655
8400 8050 8936 7558
8472 8615 8475 7721
7800 8214 9245 7516
8416 8544 8811 7897
7813 8166 9282 7536
7726 7932 9470 7558
7940 8251 9006 7806
7939 8293 9126 7689
8100 8293 8897 8085
8184 8234 8868 8045
8130 8617 8780 7625
8416 8544 8811 7897
7623 8183 9355 7416
7626 8039 9455 7312
7664 8319 9182 7252
7960 7995 9180 8123
8169 7718 9051 8053
8312 8805 7965 7858
8332 8804 7893 7836
8587 8443 8503 7670
8308 8672 8367 7683
8225 8725 8114 7659
8419 8611 8255 7602
7665 7842 9453 7456
7865 8173 9149 7379
8102 8710 8038 7712
7765 8088 9360 7520
7922 7819 9243 7964
8138 7747 9077 8046
7784 8295 9146 7333
7984 7889 9191 8041
7688 8237 9168 7298
7755 8056 9332 7636
8314 8483 8232 7812
8449 8223 8498 7755
8288 8592 8458 7773
7670 8302 9207 7262
8495 8478 8461 7788
7711 8239 9145 7457
7820 8143 9224 7534
8056 8447 8822 7565
7907 7995 9253 7424
7804 8488 8865 7504
8566 8515 8530 7658
8126 8547 8611 7627
7970 7894 9154 7992
8016 7895 9187 7945
8380 8417 8525 7727
8423 8541 8452 7608
8263 8285 8870 7825
8560 8483 8587 7687
7844 8136 9313 7619
8248 8179 8832 7965
7964 7980 9253 7842
8194 8370 8672 7877
7829 8083 9320 7487
8402 8306 8781 7836
8303 8698 8250 7829
8354 8154 8691 7901
7763 8141 9280 7613
7964 7939 9063 8016
8230 8432 8633 7782
8487 8444 8651 7591
8146 8103 8909 8032
8185 8534 8562 7852
7863 8414 8877 7321
8039 8120 9044 7432
8004 8032 9015 7836
8349 8315 8851 7648
8320 8372 8719 7768
7843 8331 8984 7470
8424 8465 8494 7814
8366 8338 8756 7556
8215 8341 8758 7586
8071 8188 9029 7801
8174 8194 8951 7747
8012 7825 9082 8048
7654 8173 9357 7423
8238 8540 8744 7512
8089 8115 8912 8018
7841 8068 9156 7695
8073 8419 8802 7698
8304 8361 8588 7792
7945 8058 8982 7847
8148 8400 8635 7815
8046 8012 8939 7917
8355 8593 8553 7759
8100 8401 8967 7582
7792 8029 8972 7914
7936 8174 8952 7885
8031 8267 8639 8045
8206 8545 8478 7795
8255 8241 8942 7768
8408 8520 8647 7641
8153 8235 8872 8028
8313 8603 8525 7714
8037 8027 9130 7805
7823 8475 8961 7304
8208 8083 8930 7947
8424 8422 8607 7706
8330 8254 8799 7830
8130 8523 8654 7660
7801 8138 9353 7559
8224 8019 8849 8014
8323 8335 8497 7863
8336 8025 8710 8024
8028 8020 9064 7898
8177 8186 8880 7772
8042 7953 9148 7948
8031 8167 8969 7893
8007 8210 9100 7467
8114 7948 8940 7955
8114 8114 9151 7513
8191 8538 8797 7626
8096 8607 8463 7769
7929 8025 9211 7793
8175 8183 8799 7929
8560 8483 8587 7687
8130 8199 8968 7594
8007 8210 9100 7467
8137 8208 8874 7923
8216 8067 8867 7919
8362 8184 8637 7957
8146 8322 8710 7807
8134 8415 8710 7756
8358 8467 8460 7814
8142 8027 8979 7795
7664 8319 9182 7252
8335 8122 8751 7948
8224 8019 8849 8014
8335 8122 8751 7948
8335 8122 8751 7948
7548 7972 9372 7264
7789 8450 8912 7189
7926 7960 9084 8043
7941 7767 9116 7995
8267 8546 8483 7682
8370 8442 8353 7770
8514 8373 8540 7637
7551 8009 9340 7280
7617 8073 9193 7579
7640 8123 9104 7428
7954 7812 9168 7957
7888 7920 9126 7935
7742 7940 9315 7555
7817 8105 9313 7524
7986 7871 9032 7605
8424 8438 8560 7591
7861 7997 8962 7734
8509 8475 8432 7622
8371 8417 8457 7652
7665 8088 9046 7529
8084 8127 8873 7815
8104 8204 8854 7855
8189 8434 8594 7511
8310 8161 8673 7763
8162 8019 8873 7910
8170 8288 8686 7682
8134 8517 8724 7537
8354 8226 8716 7751
7914 8167 8939 7848
8018 8254 8801 7566
7934 7854 9177 7892
8220 8275 8495 7788
8124 8248 8631 7779
8322 8351 8379 7722
8048 8236 8748 7766
8320 8341 8500 7722
8008 8078 8840 7861
7944 7833 9090 8020
7912 8086 9051 7490
7905 7964 9097 7455
8335 8287 8792 7611
7872 8397 8959 7545
8475 8379 8365 7764
8230 8465 8524 7721
7819 7991 9107 7620
8476 8440 8445 7700
8184 8448 8751 7604
8176 8138 8921 7563
8256 8378 8537 7662
8150 8135 8898 7755
8002 8369 8937 7536
8245 8248 8794 7709
7878 7966 9099 8029
8131 8075 8888 7858
7976 8370 8797 7557
8140 8473 8492 7779
7912 7966 8960 7902
7980 8472 8797 7512
8370 8442 8353 7770
7781 7956 8908 7714
7792 8366 8904 7173
7883 7788 9105 7938
8020 8459 8331 7613
8051 8465 8501 7609
8448 8384 8369 7612
7848 8338 8938 7276
8057 7931 8830 7875
8265 8259 8749 7485
7873 8419 8738 7383
8124 8051 8882 7822
8119 8064 8651 7763
7924 8235 8595 7637
8354 8379 8554 7575
8039 8125 8415 7734
7867 8203 8787 7325
8151 7953 8763 7801
8227 8326 8378 7623
8089 8189 8531 7731
8228 8302 8513 7710
7960 8144 8809 7725
8382 8391 8555 7511
8382 8391 8555 7511
8037 8086 8578 7711
8146 8074 8896 7689
7989 8141 8817 7586
8063 8072 8823 7726
7979 8226 8762 7597
8137 8076 8893 7611
7979 8226 8762 7597
7479 7698 9010 7495
7661 8003 8678 7765
7935 8295 8459 7676
7938 8129 8327 7705
8167 8243 8524 7179
8327 8210 8534 7406
8135 8054 8895 7633
8025 8002 8631 7663
8232 8216 8353 7514
8223 8289 8510 7637
8225 8255 8373 7512
7889 8197 8355 7587
7920 8131 8296 7642
7963 7957 8547 7621
8064 8159 8513 7100
8127 8233 8397 7563
8216 8191 8495 7472
8110 8223 8350 7622
7819 8149 8300 7613
7836 8037 8343 7619
8115 8110 8258 7462
8119 8023 8154 7465
7858 8096 8332 7591
