147 9.34029
3068 3994 3224
3068 3994 3224
3601 3355 3699
3717 3235 3655
3877 3645 3016
3975 3472 3100
3639 3323 3675
3266 3938 3317
3528 3360 3633
3715 3246 3681
3368 3778 3540
3483 3668 3597
3818 3644 3157
3945 3546 3026
3167 3947 3251
3625 3716 3349
3565 3684 3397
3794 3723 3046
3903 3590 3085
3518 3812 3235
3676 3448 3592
3343 3861 3332
3567 3765 3299
3932 3295 3276
3401 3824 3483
3282 3651 3622
3144 3981 3119
3410 3848 3418
3300 3893 3430
3228 3907 3417
3091 3971 3239
3755 3293 3612
3703 3471 3523
3812 3599 3302
3363 3888 3226
3863 3374 3392
3918 3456 3220
3103 3960 3260
3695 3422 3579
3723 3437 3459
3731 3654 3363
3459 3827 3392
3389 3850 3379
3884 3592 3185
3868 3495 3199
3103 3960 3260
3503 3710 3468
3661 3518 3486
3842 3620 3141
3758 3340 3513
3762 3384 3435
3304 3860 3487
3681 3428 3569
3765 3569 3326
3859 3628 3051
3597 3410 3617
3916 3274 3320
3912 3364 3347
3964 3502 3063
3844 3488 3281
3604 3408 3594
3925 3340 3223
3189 3956 3221
3856 3632 3017
3186 3911 3319
3815 3563 3245
3365 3854 3438
3975 3472 3100
3441 3778 3417
3638 3474 3577
3419 3785 3413
3934 3551 3116
3076 3973 3253
3422 3740 3490
3661 3484 3495
3505 3739 3344
3949 3504 3070
3832 3502 3208
3144 3939 3337
3897 3558 3132
3765 3569 3326
3130 3977 3223
3434 3746 3469
3413 3789 3523
3303 3862 3369
3202 3909 3368
3292 3872 3499
3496 3748 3380
3918 3488 3192
3956 3474 3200
3808 3527 3323
3747 3634 3398
3459 3827 3392
3228 3907 3417
3440 3729 3484
3963 3480 3089
3731 3654 3363
3604 3408 3594
3882 3608 3058
3357 3802 3525
3357 3802 3525
3594 3674 3403
3587 3736 3381
3723 3437 3459
3897 3558 3132
3825 3620 3186
3788 3556 3323
3827 3522 3290
3186 3911 3319
3941 3527 3145
3949 3504 3070
3882 3608 3058
3202 3909 3368
3130 3977 3223
3681 3428 3569
3836 3280 3416
3565 3684 3397
3076 3988 3189
3587 3736 3381
3292 3872 3499
3941 3527 3145
3292 3872 3499
3418 3757 3523
3832 3485 3332
3758 3340 3513
3747 3634 3398
3762 3384 3435
3681 3428 3569
3434 3746 3469
3357 3802 3525
3503 3710 3468
3695 3422 3579
3916 3274 3320
3975 3472 3100
3884 3592 3185
3490 3758 3462
3827 3522 3290
3963 3480 3089
3490 3758 3462
3941 3527 3145
3877 3645 3016
3762 3522 3378
3932 3295 3276
3681 3428 3569
3836 3280 3416
3934 3551 3116
3068 3994 3224
3587 3736 3381
3304 3860 3487
3884 3592 3185
3490 3758 3462
3068 3994 3224
3144 3939 3337
3365 3854 3438
3076 3988 3189
3594 3674 3403
3836 3280 3416
3594 3674 3403
3459 3827 3392
3594 3674 3403
3788 3556 3323
3788 3556 3323
3292 3872 3499
3661 3484 3495
3762 3522 3378
3762 3522 3378
3949 3504 3070
3076 3988 3189
3304 3860 3487
3365 3854 3438
3788 3556 3323
3594 3674 3403
3186 3911 3319
3357 3802 3525
3695 3422 3579
3228 3907 3417
3788 3556 3323
3304 3860 3487
3365 3854 3438
3934 3551 3116
3747 3634 3398
3877 3645 3016
3661 3484 3495
3975 3472 3100
3068 3994 3224
3068 3994 3224
3068 3994 3224
3068 3994 3224
3068 3994 3224
3068 3994 3224
3068 3994 3224
3068 3994 3224
3076 3988 3189
3292 3872 3499
3292 3872 3499
3357 3802 3525
3357 3802 3525
3365 3854 3438
3459 3827 3392
3459 3827 3392
3587 3736 3381
3594 3674 3403
3681 3428 3569
3681 3428 3569
3695 3422 3579
3731 3654 3363
3747 3634 3398
3788 3556 3323
3788 3556 3323
3897 3558 3132
3916 3274 3320
3932 3295 3276
3934 3551 3116
3934 3551 3116
3043 3947 3229
3668 3381 3550
3874 3561 3006
3897 3243 3345
3938 3479 3100
3151 3910 3247
3552 3690 3344
3077 3925 3264
3748 3592 3043
3814 3510 3284
3055 3946 3083
3617 3646 3334
3755 3568 3159
3475 3710 3448
3760 3512 3310
3234 3862 3380
3326 3814 3474
3205 3896 3249
3359 3800 3440
3393 3828 3324
3564 3637 3391
3342 3849 3424
3860 3339 3287
3053 3936 3181
3430 3743 3465
3751 3613 3030
3196 3888 3325
3648 3404 3515
3293 3769 3488
3583 3639 3382
3462 3719 3450
3407 3780 3448
3262 3893 3324
3297 3878 3366
3362 3846 3413
3692 3391 3493
3385 3801 3404
3857 3578 3110
3917 3285 3271
3865 3540 3134
3847 3316 3337
3882 3555 3116
3051 3944 3211
3332 3853 3379
3651 3621 3353
3888 3527 3131
3675 3330 3549
3683 3465 3506
3868 3271 3297
3892 3471 3190
3622 3465 3542
3724 3544 3360
3925 3489 3101
3418 3755 3481
3294 3734 3534
3682 3438 3514
3370 3751 3505
3670 3611 3347
3864 3303 3208
3851 3395 3200
3648 3394 3530
3639 3639 3363
3649 3490 3469
3888 3268 3345
3839 3476 3265
3682 3438 3514
3382 3708 3511
3909 3298 3291
3860 3559 3100
3705 3563 3355
3916 3475 3125
3907 3290 3296
3725 3619 3335
3897 3243 3345
3471 3723 3336
3705 3399 3458
3422 3750 3267
3297 3774 3481
3760 3512 3310
3558 3721 3267
3297 3878 3366
3705 3399 3458
3619 3699 3327
3619 3699 3327
3619 3699 3327
3865 3540 3134
3760 3512 3310
3297 3878 3366
3682 3438 3514
3760 3512 3310
3760 3512 3310
3760 3512 3310
3760 3512 3310
3038 3939 3209
3666 3343 3539
3769 3131 3299
3827 3553 2972
3908 3483 3065
3068 3914 3190
3907 3298 3233
3515 3440 3495
3818 3376 3121
3580 3668 3323
3882 3539 3053
3186 3891 3301
3477 3687 3276
3745 3512 3260
3703 3571 3293
3353 3631 3463
3696 3418 3327
3648 3612 3289
3312 3809 3381
3207 3857 3356
3434 3712 3423
3392 3732 3407
3285 3773 3423
3267 3785 3428
3237 3864 3282
3427 3742 3378
3671 3345 3474
3601 3488 3306
3795 3476 3239
3405 3727 3455
3611 3385 3485
3231 3882 3221
3658 3446 3467
3188 3835 3366
3871 3522 3089
3842 3506 3119
3343 3739 3483
3205 3816 3365
3055 3919 3227
3836 3310 3222
3687 3330 3448
3065 3925 3209
3613 3615 3305
3351 3784 3389
3791 3482 3198
3777 3480 3215
3890 3426 3104
3885 3340 3113
3660 3616 3245
3345 3776 3401
3687 3330 3448
3428 3713 3430
3839 3529 3071
3344 3831 3356
3605 3617 3237
3430 3716 3404
3889 3430 3092
3878 3506 3081
3839 3544 3065
3876 3525 3069
3903 3344 3068
3878 3482 3099
3888 3429 3100
3878 3506 3081
3903 3344 3068
3903 3344 3068
3903 3344 3068
3015 3924 3118
3629 3335 3515
3665 3566 2985
3885 3219 3206
3905 3451 3055
3536 3628 3141
3433 3701 3399
3820 3270 3216
3029 3890 3194
3323 3657 3454
3348 3729 3400
3607 3416 3465
3578 3608 3311
3900 3282 3168
3676 3539 3282
3210 3818 3355
3124 3771 3423
3151 3862 3287
3650 3306 3382
3881 3492 3040
3624 3391 3419
3232 3824 3313
3736 3450 3254
3731 3470 3248
3822 3495 3092
3283 3690 3428
3189 3842 3306
3841 3420 3100
3711 3490 3209
3139 3850 3305
3028 3907 3139
3248 3745 3396
3278 3719 3417
3874 3441 3076
3735 3460 3260
3820 3411 3108
3876 3478 3069
3303 3755 3375
3663 3546 3283
3862 3453 3084
3268 3780 3309
3300 3765 3376
3856 3494 3060
3233 3812 3256
3247 3802 3367
3247 3802 3367
3028 3782 3370
3283 3690 3428
3028 3782 3370
3283 3690 3428
3283 3690 3428
3084 3847 3191
3320 3573 3413
3853 3062 3156
3904 3366 3042
3813 3324 3076
3415 3605 3328
3740 3468 3086
3547 3604 3268
3681 3469 3241
3584 3379 3279
3720 3494 3057
3258 3734 3230
3860 3411 3045
3164 3728 3349
3827 3468 3069
3391 3680 3315
3240 3788 3308
3139 3695 3389
3344 3701 3339
3214 3722 3383
3249 3587 3403
3383 3604 3380
3268 3731 3295
3150 3802 3321
3292 3718 3298
3379 3688 3388
3326 3716 3343
3151 3829 3302
3161 3824 3313
3161 3824 3313
3119 3815 3276
3371 3664 3371
3787 3416 2952
3809 3358 2996
3716 3434 3010
3231 3736 3259
3268 3685 3361
3300 3673 3298
2962 3760 3124
3335 3630 3371
3162 3684 3191
3293 3648 3346
3152 3554 3095
3031 4019 3216
3193 3347 3818
3261 3295 3817
3337 4081 2956
3847 3587 3323
3285 4073 2985
3163 3968 3238
3616 3830 3377
3397 3472 3695
3396 4035 3013
3223 4049 3133
3755 3733 3239
3608 3710 3463
3659 3690 3451
3408 4024 3184
3676 3898 3181
3187 3378 3802
3322 3618 3642
3065 3940 3307
3121 4066 3037
3642 3887 3184
3266 3364 3788
3743 3605 3443
3485 3424 3678
3470 4014 3030
3789 3686 3392
3565 3726 3475
3539 3459 3652
3200 3954 3282
3219 4054 3081
3427 3414 3710
3251 3529 3727
3837 3562 3371
3739 3868 3146
3370 3673 3544
3241 3646 3610
3501 3516 3594
3213 4061 3097
3294 3576 3672
3519 3911 3305
3337 3797 3485
3570 3636 3524
3250 3454 3732
3454 3544 3580
3128 4056 3100
3260 3447 3762
3405 3859 3420
3102 3985 3279
3718 3809 3229
3514 3586 3576
3464 3506 3678
3742 3823 3214
3491 3842 3353
3239 3519 3761
3385 4040 3051
3825 3578 3331
3261 3295 3817
3406 3330 3778
3500 3992 3227
3289 3749 3511
3433 3400 3766
3590 3760 3434
3080 3930 3344
3823 3624 3403
3230 3398 3796
3387 3574 3615
3153 3936 3306
3102 3985 3279
3467 3999 3145
3383 3490 3714
3080 3930 3344
3316 3676 3568
3709 3781 3293
3346 3730 3554
3522 3746 3493
3754 3761 3272
3303 3757 3493
3442 3770 3422
3687 3628 3500
3461 4020 3085
3726 3697 3415
3735 3717 3337
3438 3550 3584
3046 3952 3343
3694 3762 3357
3710 3698 3371
3331 3448 3719
3585 3659 3471
3789 3686 3392
3539 3459 3652
3566 3902 3300
3447 3886 3393
3383 3490 3714
3340 3352 3803
3682 3807 3315
3408 3566 3593
3697 3717 3429
3481 3768 3438
3739 3868 3146
3406 3330 3778
3482 3845 3349
3046 3952 3343
3362 3376 3778
3805 3649 3341
3353 3548 3652
3360 3420 3748
3329 3353 3781
3805 3649 3341
3585 3659 3471
3527 3697 3535
3358 3732 3502
3692 3784 3300
3722 3657 3429
3307 3556 3643
3128 4056 3100
3141 3999 3274
3353 3676 3561
3288 3748 3526
3709 3789 3256
3262 3720 3568
3230 3398 3796
3709 3789 3256
3823 3624 3403
3360 3420 3748
3388 3636 3558
3709 3789 3256
3742 3823 3214
3371 3373 3771
3261 3295 3817
3385 4040 3051
3676 3898 3181
3141 3999 3274
3371 3373 3771
3527 3697 3535
3476 3417 3707
3388 3636 3558
3371 3373 3771
3447 3886 3393
3329 3353 3781
3141 3999 3274
3476 3417 3707
3307 3556 3643
3387 3574 3615
3527 3697 3535
3709 3789 3256
3805 3649 3341
3682 3807 3315
3385 4040 3051
3307 3556 3643
3682 3807 3315
3447 3886 3393
3722 3657 3429
3476 3417 3707
3476 3417 3707
3340 3352 3803
3262 3720 3568
3482 3845 3349
3482 3845 3349
3128 4056 3100
3360 3420 3748
3385 4040 3051
3742 3823 3214
3742 3823 3214
3739 3868 3146
3789 3686 3392
3128 4056 3100
3128 4056 3100
3261 3295 3817
3261 3295 3817
3261 3295 3817
3261 3295 3817
3261 3295 3817
3261 3295 3817
3261 3295 3817
3261 3295 3817
3261 3295 3817
3262 3720 3568
3262 3720 3568
3262 3720 3568
3371 3373 3771
3371 3373 3771
3371 3373 3771
3371 3373 3771
3385 4040 3051
3385 4040 3051
3388 3636 3558
3447 3886 3393
3539 3459 3652
3682 3807 3315
3722 3657 3429
3739 3868 3146
3739 3868 3146
3739 3868 3146
3742 3823 3214
3789 3686 3392
3823 3624 3403
2986 4061 3046
3335 3300 3799
3369 4026 2976
3574 3294 3477
3823 3594 3354
3440 4005 3004
3218 3481 3638
3735 3745 3251
3020 3945 3230
3473 3572 3557
3382 3520 3577
3605 3886 3176
3254 3911 3287
3374 3392 3657
3075 3989 3217
3511 3809 3364
3683 3757 3127
3695 3601 3381
3492 3461 3542
3319 3435 3705
3439 3842 3332
3753 3614 3372
3120 4001 3149
3202 3956 3209
3542 3700 3418
3101 3984 3196
3134 4055 3096
3348 3355 3749
3693 3690 3393
3261 3580 3603
3526 3672 3506
3169 3426 3742
3670 3797 3294
3147 4042 3115
3780 3636 3320
3185 3925 3225
3563 3719 3321
3086 3864 3294
3242 3347 3774
3177 3964 3158
3799 3616 3350
3142 3979 3187
3379 3380 3731
3428 3778 3384
3390 3727 3486
3364 3318 3777
3603 3657 3456
3182 4058 3081
3002 3951 3264
3457 3429 3619
3633 3673 3431
3623 3615 3450
3610 3661 3434
3006 3994 3248
3294 3500 3637
3147 3629 3557
3339 3651 3539
3425 3668 3514
3320 3659 3522
3431 3862 3350
3650 3704 3415
3396 3386 3722
3816 3586 3385
3583 3712 3416
3402 3324 3633
3453 3437 3632
3403 3990 3121
3276 3395 3745
3435 3518 3572
3481 3730 3365
3662 3713 3408
3574 3294 3477
3479 3846 3219
3365 3319 3761
3448 3997 3088
3379 3405 3637
3777 3656 3364
3353 3346 3774
3498 3394 3625
3679 3644 3410
3638 3804 3226
3373 3434 3709
3301 3728 3549
3182 3503 3629
3354 3586 3560
3664 3798 3155
3256 3397 3746
3435 3640 3513
3823 3594 3354
3180 3941 3262
3297 3501 3590
3297 3501 3590
3358 3385 3738
3358 3385 3738
3301 3728 3549
3180 3941 3262
3147 3951 3228
3180 3941 3262
3180 3941 3262
3180 3941 3262
3180 3941 3262
3180 3941 3262
3297 3501 3590
3042 3876 3277
3321 4008 2946
3350 3346 3769
3360 3269 3737
3792 3530 3304
3562 3772 3146
3248 3431 3640
3438 3974 3081
3472 3368 3586
3372 3993 3004
3233 3889 3214
3142 3958 3173
3103 3937 3257
3403 3838 3293
3698 3728 3251
3355 3311 3712
3127 3976 3120
3194 3499 3595
3172 3508 3601
3614 3739 3291
3407 3803 3316
3425 3607 3513
3063 3941 3228
3287 3348 3731
3069 3962 3128
3750 3594 3365
3355 3999 2971
3223 3577 3570
3787 3587 3344
3595 3659 3429
3657 3701 3407
3387 3343 3697
3362 3389 3686
3669 3647 3370
3424 3798 3359
3276 3394 3696
3582 3672 3410
3344 3652 3474
3128 3416 3703
3260 3707 3539
3182 3512 3573
3663 3686 3389
3663 3763 3269
3200 3654 3548
3763 3638 3360
3282 3725 3527
3318 3386 3709
3412 3667 3473
3261 3556 3572
3688 3668 3277
3379 3557 3547
3661 3743 3271
3404 3534 3524
3777 3593 3361
3242 3504 3586
3601 3700 3409
3429 3383 3562
3599 3657 3455
3337 3374 3705
3574 3702 3391
3381 3381 3591
3332 3507 3564
3763 3638 3360
3334 3597 3521
3426 3524 3519
3320 3426 3687
3599 3657 3455
3574 3702 3391
3194 3499 3595
3426 3524 3519
3320 3426 3687
3599 3657 3455
3194 3499 3595
3426 3524 3519
3574 3702 3391
3574 3702 3391
3014 3902 3235
3090 3944 2990
3260 3252 3766
3300 3210 3730
3787 3505 3340
3394 3900 3021
3129 3941 3133
3371 3296 3596
3288 3414 3644
3468 3602 3376
3595 3540 3425
3579 3558 3391
3463 3303 3484
3149 3836 3244
3740 3624 3256
3519 3759 3240
3713 3630 3357
3649 3680 3343
3779 3562 3286
3425 3222 3523
3263 3711 3450
3336 3796 3300
3767 3498 3356
3714 3516 3315
3229 3326 3758
3132 3925 3167
3414 3780 3205
3514 3561 3450
3250 3375 3659
3241 3670 3511
3195 3703 3506
3648 3759 3225
3621 3628 3368
3045 3905 3195
3327 3342 3708
3340 3274 3689
3232 3461 3527
3351 3360 3655
3277 3374 3681
3074 3942 3137
3173 3862 3203
3234 3449 3549
3171 3513 3551
3053 3870 3188
3170 3888 3187
3229 3341 3739
3312 3550 3524
3286 3289 3759
3305 3351 3689
3287 3455 3544
3061 3900 3173
3518 3698 3357
3186 3888 3179
3186 3888 3179
3186 3888 3179
3171 3513 3551
3186 3888 3179
3186 3888 3179
3186 3888 3179
3186 3888 3179
3003 3809 3207
3014 3893 3196
3090 3886 3076
3203 3326 3741
3265 3242 3702
3771 3459 3264
3493 3525 3438
3408 3727 3223
3582 3568 3360
3678 3610 3351
3207 3638 3509
3148 3864 3181
3591 3613 3338
3088 3875 3111
3159 3393 3564
3318 3337 3660
3307 3248 3695
3235 3379 3610
3269 3546 3516
3583 3753 3195
3275 3360 3678
3166 3377 3638
3274 3368 3633
3003 3789 3165
3235 3319 3665
3317 3309 3658
3677 3600 3339
3148 3345 3604
3200 3635 3445
3296 3325 3612
3163 3212 3665
3672 3540 3312
3255 3260 3637
2986 3467 3820
3249 3192 3877
3429 4029 3093
3601 3928 3031
3688 3068 3601
3929 3487 3221
3648 3863 3079
3615 3106 3656
3870 3524 3284
3681 3831 3059
3416 4016 3136
3765 3456 3455
3895 3427 3255
3263 3895 3376
3781 3500 3404
3330 3225 3858
3819 3667 3218
3125 3542 3771
3213 3515 3790
3267 3617 3657
3533 3975 3139
3455 3706 3447
3018 3446 3812
3225 3448 3778
3568 3949 3172
3168 3944 3260
3477 3646 3559
3054 3411 3813
3712 3146 3554
3601 3928 3031
3083 3603 3748
3695 3347 3531
3513 3951 3161
3847 3519 3302
3088 3420 3801
3502 3782 3336
3747 3461 3435
3266 3839 3247
3688 3068 3601
3367 3256 3757
3401 3957 3201
3128 3916 3296
3507 3292 3720
3553 3408 3612
3168 3944 3260
3252 3827 3476
3629 3465 3574
3056 3523 3775
3792 3476 3381
3374 3229 3821
3735 3690 3256
3277 3632 3616
3844 3531 3184
3676 3177 3618
3018 3446 3812
3728 3131 3480
3672 3144 3628
3338 3688 3543
3540 3990 3117
3550 3316 3704
3831 3408 3420
3360 3703 3533
3561 3323 3693
3595 3898 3107
3519 3324 3709
3530 3765 3352
3292 3652 3563
3807 3472 3357
3843 3333 3388
3656 3312 3643
3322 3569 3677
3396 3507 3635
3267 3306 3847
3533 3488 3589
3540 3990 3117
3350 3368 3736
3285 3299 3832
3502 3239 3737
3700 3131 3563
3607 3733 3396
3492 3830 3350
3721 3726 3296
3354 3268 3761
3558 3813 3331
3644 3373 3477
3809 3583 3229
3513 3602 3497
3315 3278 3790
3609 3826 3313
3809 3583 3229
3503 3684 3506
3657 3257 3584
3220 3510 3746
3550 3563 3421
3802 3677 3123
3411 3268 3727
3384 3208 3807
3300 3578 3640
3708 3118 3580
3158 3793 3488
3362 3384 3729
3802 3677 3123
3399 3363 3742
3646 3742 3330
3753 3575 3321
3591 3553 3430
3451 3963 3198
3146 3846 3398
3317 3746 3522
3887 3519 3194
3524 3761 3427
3638 3423 3500
3720 3169 3510
3384 3208 3807
3432 3474 3695
3384 3544 3605
3887 3519 3194
3805 3575 3291
3605 3754 3347
3632 3507 3487
3322 3569 3677
3088 3420 3801
3588 3265 3724
3158 3793 3488
3266 3742 3543
3451 3963 3198
3401 3336 3722
3558 3813 3331
3146 3846 3398
3384 3208 3807
3834 3572 3297
3708 3118 3580
3839 3475 3321
3283 3424 3732
3304 3274 3834
3497 3636 3532
3609 3826 3313
3312 3236 3840
3595 3898 3107
3538 3425 3638
3316 3751 3490
3432 3474 3695
3304 3274 3834
3566 3762 3381
3362 3384 3729
3664 3712 3420
3317 3746 3522
3292 3652 3563
3513 3713 3429
3711 3633 3378
3688 3068 3601
3720 3169 3510
3517 3536 3500
3134 3646 3625
3525 3471 3622
3134 3646 3625
3146 3846 3398
3213 3515 3790
3317 3235 3795
3312 3236 3840
3605 3754 3347
3588 3265 3724
3837 3300 3397
3158 3793 3488
3168 3944 3260
3809 3583 3229
3361 3552 3721
3134 3646 3625
3513 3713 3429
3664 3712 3420
3720 3169 3510
3317 3235 3795
3083 3603 3748
3322 3569 3677
3720 3169 3510
3497 3636 3532
3532 3534 3493
3589 3323 3643
3588 3265 3724
3362 3384 3729
3688 3068 3601
3595 3898 3107
3399 3363 3742
3525 3471 3622
3054 3411 3813
3753 3575 3321
3451 3963 3198
3399 3363 3742
3720 3169 3510
3532 3534 3493
3517 3536 3500
3532 3534 3493
3361 3552 3721
3312 3236 3840
3708 3118 3580
3540 3990 3117
3837 3300 3397
3018 3446 3812
3146 3846 3398
3158 3793 3488
3497 3636 3532
3837 3300 3397
3837 3300 3397
3054 3411 3813
3054 3411 3813
3134 3646 3625
3146 3846 3398
3146 3846 3398
3158 3793 3488
3158 3793 3488
3158 3793 3488
3158 3793 3488
3168 3944 3260
3292 3652 3563
3292 3652 3563
3304 3274 3834
3312 3236 3840
3317 3746 3522
3317 3746 3522
3317 3746 3522
3322 3569 3677
3362 3384 3729
3384 3208 3807
3399 3363 3742
3399 3363 3742
3497 3636 3532
3497 3636 3532
3532 3534 3493
3532 3534 3493
3540 3990 3117
3588 3265 3724
3588 3265 3724
3601 3928 3031
3601 3928 3031
3601 3928 3031
3664 3712 3420
3688 3068 3601
3688 3068 3601
3688 3068 3601
3688 3068 3601
3688 3068 3601
3688 3068 3601
3688 3068 3601
3708 3118 3580
3720 3169 3510
3720 3169 3510
3720 3169 3510
3720 3169 3510
3802 3677 3123
3809 3583 3229
3837 3300 3397
3010 3463 3787
3300 3213 3837
3332 3957 3154
3546 3771 3045
3694 3080 3557
3844 3494 3267
3522 3907 3138
3207 3812 3475
3120 3433 3770
3457 3649 3455
3026 3386 3798
3047 3286 3782
3823 3352 3398
3627 3091 3601
3582 3229 3681
3413 3939 3177
3473 3574 3536
3655 3654 3419
3385 3772 3319
3748 3487 3391
3701 3151 3506
3304 3199 3752
3376 3611 3478
3225 3852 3357
3707 3630 3195
3361 3408 3712
3341 3536 3592
3716 3530 3292
3258 3743 3491
3360 3313 3726
3114 3538 3771
3485 3815 3221
3311 3833 3180
3229 3518 3662
3332 3145 3756
3353 3708 3424
3215 3375 3732
3788 3378 3365
3264 3705 3511
3803 3548 3208
3622 3692 3338
3601 3259 3643
3641 3689 3248
3558 3746 3380
3298 3226 3756
3541 3886 3159
3491 3677 3406
3497 3200 3703
3238 3890 3269
3705 3586 3367
3594 3302 3632
3325 3508 3717
3319 3527 3618
3611 3712 3256
3522 3704 3382
3318 3727 3414
3612 3452 3555
3736 3530 3251
3832 3487 3269
3223 3549 3687
3618 3287 3523
3480 3756 3401
3596 3704 3307
3790 3207 3413
3835 3523 3212
3385 3290 3699
3220 3883 3374
3623 3282 3632
3413 3939 3177
3403 3448 3692
3403 3448 3692
3114 3538 3771
3218 3269 3795
3601 3259 3643
3626 3685 3389
3480 3270 3692
3635 3289 3458
3332 3145 3756
3220 3883 3374
3220 3883 3374
3635 3289 3458
3635 3289 3458
3635 3289 3458
3220 3883 3374
3220 3883 3374
3220 3883 3374
3220 3883 3374
3028 3493 3763
3120 3881 3323
3295 3200 3828
3531 3793 3034
3646 3069 3553
3831 3439 3234
3586 3690 3300
3279 3764 3182
3182 3597 3507
3716 3547 3171
3506 3108 3626
3074 3313 3764
3406 3234 3656
3354 3609 3461
3693 3393 3273
3621 3667 3384
3462 3868 3080
3229 3462 3586
3751 3517 3114
3209 3805 3244
3637 3640 3417
3377 3361 3684
3809 3427 3263
3113 3418 3748
3591 3269 3571
3776 3341 3389
3038 3494 3731
3183 3797 3327
3543 3294 3619
3766 3460 3185
3783 3470 3080
3671 3102 3491
3620 3155 3485
3442 3224 3683
3616 3080 3614
3594 3319 3529
3421 3861 3122
3199 3507 3716
3202 3789 3432
3326 3371 3640
3073 3482 3750
3416 3871 3140
3326 3371 3640
3446 3200 3701
3452 3186 3684
3684 3603 3138
3445 3450 3535
3417 3781 3124
3117 3288 3755
3453 3543 3484
3213 3519 3616
3199 3654 3472
3632 3107 3477
3223 3546 3465
3619 3073 3552
3028 3493 3763
3421 3861 3122
3028 3493 3763
3619 3073 3552
3619 3073 3552
3003 3346 3759
3277 3178 3776
3360 3856 3131
3513 3765 2946
3602 2992 3537
3826 3423 3170
3440 3807 3026
3746 3312 3365
3502 3691 2979
3653 3023 3487
3591 3600 3224
3173 3749 3270
3150 3618 3436
3558 3109 3539
3258 3671 3252
3053 3392 3732
3126 3512 3533
3187 3496 3679
3554 3665 3325
3514 3662 3344
3345 3289 3618
3375 3241 3636
3312 3280 3634
3342 3046 3701
3072 3433 3729
3380 3152 3659
3622 3036 3502
3412 3464 3444
3103 3303 3747
3114 3480 3709
3289 3164 3683
3575 3131 3497
3412 3175 3638
3003 3346 3759
3132 3469 3697
3003 3346 3759
3420 3123 3635
3348 3126 3699
3042 3433 3718
3218 3152 3752
3430 3743 2935
3543 2971 3511
3726 3246 3365
3557 3561 3113
3519 3663 3250
3157 3625 3299
3395 3702 2962
3052 3422 3723
3329 3077 3684
3074 3487 3616
3619 3002 3486
3137 3454 3660
3244 3089 3704
3614 3018 3454
3580 3021 3477
3392 3139 3601
3379 3151 3628
3238 3133 3683
2983 3360 3710
3477 2944 3497
3489 3623 3094
3527 2976 3481
3049 3420 3503
3044 3382 3682
3511 2953 3489
2955 3218 3682
3519 2952 3451
3525 2910 3479
3519 2952 3451
3475 2903 3446
3109 3834 3586
3283 4080 3168
3439 3363 3826
3577 3949 3067
3578 3230 3724
3909 3458 3271
3544 3286 3751
3333 4023 3213
3506 3724 3564
3730 3714 3344
3464 3321 3778
3552 3645 3543
3664 3845 3249
3397 3371 3813
3169 4070 3198
3644 3758 3258
3826 3604 3302
3619 3687 3426
3773 3663 3297
3359 3965 3339
3683 3860 3127
3473 3748 3525
3515 3322 3763
3556 3444 3716
3593 3414 3625
3798 3478 3443
3758 3609 3372
3682 3661 3385
3208 4012 3357
3453 3340 3791
3282 3752 3610
3782 3815 3186
3250 3791 3619
3140 3935 3484
3595 3827 3434
3813 3531 3442
3755 3584 3463
3494 3955 3125
3569 3389 3702
3529 3375 3719
3872 3511 3342
3876 3557 3335
3574 3300 3697
3712 3783 3194
3453 3340 3791
3610 3413 3658
3120 3805 3599
3632 3912 3099
3240 3617 3677
3383 4028 3174
3323 3580 3702
3467 3984 3288
3835 3562 3368
3299 3732 3594
3725 3517 3476
3664 3330 3529
3236 3882 3576
3304 4063 3183
3494 3495 3707
3525 3782 3499
3155 3977 3453
3242 3933 3459
3228 3695 3665
3295 3879 3500
3399 3875 3415
3664 3903 3144
3801 3542 3395
3422 4023 3091
3304 4063 3183
3516 3900 3160
3201 3799 3591
3426 3987 3296
3478 3496 3735
3372 4044 3137
3747 3497 3478
3848 3626 3294
3421 3847 3404
3414 3962 3342
3213 3615 3696
3283 4080 3168
3674 3870 3080
3261 3743 3645
3780 3569 3358
3272 3692 3633
3616 3876 3258
3752 3628 3314
3191 3640 3676
3264 3606 3637
3208 3916 3480
3569 3469 3634
3420 3521 3743
3621 3835 3305
3294 3857 3568
3629 3385 3662
3674 3870 3080
3608 3810 3417
3342 3865 3449
3575 3879 3322
3656 3447 3539
3586 3899 3200
3603 3815 3358
3456 3562 3669
3130 3945 3493
3443 3527 3705
3805 3457 3461
3188 3746 3645
3213 3615 3696
3560 3293 3716
3627 3811 3318
3155 3977 3453
3388 3980 3336
3397 3461 3744
3603 3890 3292
3120 3815 3578
3201 3630 3667
3109 3834 3586
3252 3915 3408
3195 3939 3394
3876 3557 3335
3666 3863 3104
3432 3551 3702
3433 3962 3297
3467 3507 3704
3561 3446 3644
3271 3697 3627
3526 3916 3151
3656 3447 3539
3323 4037 3257
3588 3914 3112
3323 4037 3257
3584 3935 3147
3373 3858 3458
3188 3746 3645
3399 3936 3389
3839 3445 3447
3342 3865 3449
3846 3498 3438
3525 3452 3666
3577 3949 3067
3130 3945 3493
3712 3783 3194
3494 3544 3659
3848 3626 3294
3712 3783 3194
3522 3446 3673
3426 3987 3296
3379 4017 3303
3372 4044 3137
3494 3495 3707
3294 3857 3568
3130 3945 3493
3369 4018 3209
3208 3935 3472
3369 4018 3209
3588 3914 3112
3618 3696 3408
3478 3496 3735
3379 4017 3303
3610 3413 3658
3296 3913 3480
3369 4018 3209
3842 3526 3394
3577 3949 3067
3372 4044 3137
3387 3892 3443
3208 3916 3480
3271 3697 3627
3387 3892 3443
3271 3697 3627
3522 3446 3673
3478 3496 3735
3666 3863 3104
3842 3526 3394
3369 4018 3209
3588 3914 3112
3842 3526 3394
3846 3498 3438
3208 3935 3472
3846 3498 3438
3387 3892 3443
3876 3557 3335
3666 3863 3104
3621 3835 3305
3188 3746 3645
3494 3495 3707
3295 3879 3500
3621 3835 3305
3271 3697 3627
3323 4037 3257
3603 3815 3358
3577 3949 3067
3208 3916 3480
3130 3945 3493
3130 3945 3493
3208 3916 3480
3208 3916 3480
3208 3916 3480
3208 3916 3480
3208 3916 3480
3208 3916 3480
3208 3916 3480
3208 3935 3472
3271 3697 3627
3283 4080 3168
3283 4080 3168
3283 4080 3168
3283 4080 3168
3304 4063 3183
3304 4063 3183
3342 3865 3449
3369 4018 3209
3369 4018 3209
3369 4018 3209
3369 4018 3209
3379 4017 3303
3426 3987 3296
3426 3987 3296
3453 3340 3791
3478 3496 3735
3588 3914 3112
3588 3914 3112
3588 3914 3112
3603 3815 3358
3610 3413 3658
3621 3835 3305
3621 3835 3305
3621 3835 3305
3656 3447 3539
3656 3447 3539
3666 3863 3104
3712 3783 3194
3848 3626 3294
3140 3637 3669
3280 4063 3118
3433 3223 3748
3566 3914 3041
3828 3507 3339
3468 3653 3497
3715 3597 3322
3756 3500 3374
3778 3490 3402
3457 3322 3725
3683 3801 3119
3793 3521 3356
3595 3894 3080
3318 3742 3517
3646 3789 3146
3364 3949 3281
3585 3616 3304
3507 3270 3723
3222 3968 3262
3177 3713 3620
3163 3930 3472
3641 3425 3527
3209 3729 3615
3182 3674 3630
3557 3278 3658
3363 3848 3428
3349 3884 3414
3593 3362 3585
3304 4022 3133
3532 3934 3066
3724 3508 3430
3293 4031 3198
3400 3928 3223
3241 3626 3575
3571 3758 3395
3475 3456 3724
3718 3572 3374
3629 3345 3654
3216 3697 3607
3194 3556 3667
3369 3965 3267
3389 3804 3379
3806 3412 3429
3241 3920 3451
3179 3799 3551
3524 3430 3692
3588 3892 3117
3613 3866 3202
3434 3902 3159
3411 3512 3682
3380 3825 3390
3491 3445 3685
3564 3255 3700
3228 3623 3586
3627 3874 3136
3609 3825 3266
3816 3537 3324
3259 4036 3170
3424 3987 3150
3546 3302 3664
3380 3551 3640
3486 3640 3439
3275 3783 3542
3234 3554 3606
3150 3754 3607
3335 3998 3209
3391 3780 3449
3289 3936 3308
3538 3870 3178
3477 3437 3715
3325 3853 3437
3324 4013 3125
3273 3905 3472
3533 3300 3716
3433 3904 3235
3212 3539 3675
3273 4039 3125
3539 3393 3689
3567 3353 3646
3811 3520 3332
3180 3672 3664
3422 3987 3164
3392 3802 3415
3539 3393 3689
3458 3899 3166
3219 3633 3650
3262 3907 3429
3813 3434 3407
3564 3255 3700
3287 3935 3336
3141 3934 3393
3335 3994 3232
3538 3435 3687
3588 3892 3117
3335 3994 3232
3564 3255 3700
3335 3994 3232
3241 3920 3451
3335 3994 3232
3335 3994 3232
3335 3994 3232
3241 3920 3451
3335 3994 3232
3335 3994 3232
3335 3994 3232
3335 3994 3232
3335 3994 3232
3539 3393 3689
3564 3255 3700
2991 3797 3482
3261 4027 3133
3367 3267 3724
3506 3192 3684
3511 3887 3087
3808 3525 3307
3662 3546 3305
3074 3766 3535
3166 3637 3607
3220 3715 3518
3385 3754 3328
3004 3771 3506
3731 3427 3403
3206 3658 3587
3090 3903 3443
3478 3335 3692
3749 3404 3374
3311 3950 3234
3201 3618 3635
3172 3498 3641
3271 3926 3282
3797 3513 3309
3535 3320 3668
3211 3628 3581
3355 3463 3675
3759 3451 3325
3247 3997 3158
3314 3960 3192
3405 3895 3101
3584 3378 3443
3237 4006 3172
3608 3290 3437
3632 3419 3428
3623 3449 3406
3444 3376 3715
3184 3633 3621
3335 3850 3388
3514 3391 3672
3554 3812 3254
3577 3796 3172
3570 3864 3196
3338 3369 3721
3592 3869 3125
3595 3846 3094
3425 3282 3717
3467 3822 3257
3257 3998 3154
3232 3759 3498
3453 3409 3692
3335 3935 3217
3509 3430 3632
3607 3826 3137
3261 3958 3213
3321 3934 3250
3408 3876 3136
3323 3870 3380
3540 3321 3635
3270 3885 3423
3366 3929 3267
3237 3830 3430
3340 3828 3417
3588 3281 3637
3228 3864 3428
3446 3888 3132
3181 3816 3439
3370 3759 3430
3366 3929 3267
3182 3918 3438
3340 3828 3417
3182 3918 3438
3119 3906 3431
3250 4023 3086
3314 3286 3721
3314 3286 3721
3550 3840 3062
3762 3524 3302
3186 3596 3533
3352 3737 3327
3209 3433 3604
3746 3404 3360
3640 3377 3403
3291 3957 3064
3566 3780 3159
3385 3306 3702
3436 3390 3643
3313 3922 3255
3208 4021 3130
3537 3859 3154
3137 3908 3411
3581 3833 3082
3334 3821 3372
3468 3308 3681
3514 3364 3647
3476 3356 3660
3328 3928 3222
3266 3939 3119
3238 3829 3402
3329 3926 3176
3544 3846 3113
3442 3350 3694
3334 3343 3697
3328 3348 3701
3044 3584 3470
3125 3969 3126
3269 3271 3720
3373 3237 3697
3432 3823 2921
3660 3441 3155
3077 3859 3354
3183 3559 3520
3646 3482 3242
3553 3781 3075
3456 3777 3121
3263 3900 3209
3398 3288 3644
3258 3291 3670
3457 3346 3506
3508 3330 3511
3292 3282 3697
3470 3788 3102
3660 3441 3155
3475 3286 3657
3274 3278 3675
3303 3208 3670
3548 3475 3209
3204 3274 3612
3210 3163 3618
3043 3364 3835
3163 3276 3869
3241 3180 3847
3264 3999 3054
3492 3935 3000
3893 3532 3164
3348 3978 3183
3375 3203 3793
3183 3264 3817
3074 3343 3840
3123 3327 3833
3444 3925 3147
3857 3595 3318
3132 3297 3864
3518 3909 3091
3515 3819 3246
3735 3793 3028
3213 3702 3524
3648 3730 3443
3408 3748 3498
3878 3534 3115
3434 3574 3652
3795 3733 3273
3238 3653 3618
3421 3481 3708
3660 3632 3567
3397 3422 3722
3516 3402 3730
3536 3698 3550
3469 3778 3470
3249 3628 3600
3608 3833 3219
3492 3935 3000
3152 3322 3818
3368 3354 3760
3203 3463 3783
3140 3358 3797
3232 3793 3510
3694 3688 3406
3737 3514 3424
3269 3454 3723
3608 3833 3219
3541 3895 3064
3326 3619 3590
3289 3447 3741
3721 3502 3466
3525 3589 3579
3804 3536 3354
3459 3547 3586
3569 3876 3121
3303 3524 3662
3478 3769 3436
3893 3532 3164
3249 3432 3749
3419 3810 3376
3507 3446 3630
3541 3895 3064
3507 3867 3367
3203 3463 3783
3775 3662 3316
3819 3510 3344
3264 3999 3054
3337 3404 3754
3562 3878 3208
3721 3502 3466
3753 3685 3333
3731 3762 3303
3310 3523 3702
3590 3676 3520
3359 3875 3413
3669 3764 3302
3422 3414 3750
3604 3735 3362
3652 3678 3415
3590 3676 3520
3487 3522 3677
3500 3738 3442
3669 3764 3302
3766 3677 3337
3492 3935 3000
3512 3759 3391
3530 3750 3409
3571 3814 3371
3517 3907 3207
3290 3419 3796
3704 3701 3323
3752 3612 3380
3367 3789 3414
3771 3550 3359
3541 3406 3662
3794 3564 3348
3562 3878 3208
3660 3779 3323
3787 3568 3336
3786 3612 3357
3786 3612 3357
3772 3547 3403
3667 3718 3413
3669 3561 3407
3667 3718 3413
3176 3657 3580
3819 3510 3344
3536 3749 3386
3319 3851 3469
3482 3524 3637
3152 3322 3818
3501 3767 3373
3176 3657 3580
3893 3532 3164
3319 3851 3469
3487 3522 3677
3819 3510 3344
3517 3907 3207
3482 3524 3637
3660 3733 3326
3608 3833 3219
3310 3523 3702
3319 3851 3469
3702 3662 3393
3571 3814 3371
3487 3522 3677
3648 3730 3443
3702 3662 3393
3775 3662 3316
3319 3851 3469
3310 3523 3702
3487 3522 3677
3492 3935 3000
3702 3662 3393
3819 3510 3344
3775 3662 3316
3319 3851 3469
3203 3463 3783
3203 3463 3783
3310 3523 3702
3319 3851 3469
3492 3935 3000
3492 3935 3000
3492 3935 3000
3492 3935 3000
3492 3935 3000
3608 3833 3219
3775 3662 3316
3775 3662 3316
3775 3662 3316
3819 3510 3344
3819 3510 3344
3893 3532 3164
3893 3532 3164
3086 3299 3816
3108 3268 3822
3427 3906 3060
3463 3252 3728
3861 3511 3068
3484 3889 3121
3364 3326 3750
3135 3426 3714
3167 3694 3547
3824 3531 3227
3584 3627 3500
3657 3572 3448
3262 3576 3554
3324 3869 3402
3274 3464 3692
3587 3672 3346
3857 3524 3184
3391 3475 3654
3208 3695 3428
3468 3523 3609
3425 3369 3712
3854 3554 3116
3420 3750 3380
3554 3799 3092
3516 3828 3213
3477 3496 3590
3626 3578 3509
3318 3410 3742
3364 3326 3750
3453 3291 3697
3277 3418 3708
3786 3507 3353
3407 3414 3669
3476 3499 3640
3351 3445 3702
3552 3812 3256
3609 3778 3273
3492 3435 3602
3368 3369 3740
3533 3636 3434
3505 3715 3355
3617 3619 3545
3534 3826 3191
3686 3705 3296
3504 3870 3201
3216 3406 3748
3344 3564 3603
3411 3382 3724
3732 3546 3374
3610 3653 3392
3434 3840 3361
3746 3561 3362
3712 3495 3380
3243 3634 3548
3694 3687 3236
3665 3596 3406
3580 3713 3424
3714 3585 3318
3612 3646 3422
3403 3393 3724
3387 3751 3410
3680 3758 3275
3731 3422 3390
3507 3902 3094
3548 3801 3353
3502 3834 3240
3817 3561 3277
3761 3581 3297
3445 3792 3358
3437 3468 3642
3677 3614 3374
3779 3619 3270
3704 3624 3308
3702 3609 3329
3461 3838 3332
3244 3421 3744
3663 3608 3405
3501 3404 3546
3774 3555 3281
3612 3712 3342
3626 3682 3318
3641 3771 3315
3357 3794 3411
3764 3547 3309
3764 3581 3281
3641 3771 3315
3447 3681 3428
3507 3902 3094
3657 3572 3448
3820 3588 3259
3857 3524 3184
3641 3771 3315
3861 3511 3068
3448 3389 3705
3820 3588 3259
3432 3551 3649
3817 3561 3277
3446 3553 3552
3357 3794 3411
3448 3389 3705
3432 3551 3649
3617 3619 3545
3657 3572 3448
3432 3551 3649
3448 3389 3705
3507 3902 3094
3657 3572 3448
3820 3588 3259
3119 3405 3703
3162 3290 3744
3412 3906 3038
3433 3238 3665
3439 3851 2990
3843 3467 3095
3222 3890 3068
3159 3682 3493
3543 3767 3232
3661 3662 3289
3427 3825 3167
3613 3568 3442
3482 3807 3255
3763 3605 3244
3723 3546 3346
3371 3853 3092
3240 3769 3387
3265 3438 3649
3336 3330 3737
3817 3577 3250
3488 3837 3149
3496 3713 3316
3547 3744 3237
3328 3602 3532
3656 3703 3285
3604 3640 3334
3493 3711 3405
3478 3269 3596
3628 3694 3309
3281 3405 3683
3453 3840 3114
3303 3392 3724
3762 3590 3250
3825 3486 3058
3250 3897 3040
3343 3362 3735
3520 3533 3536
3467 3480 3583
3418 3346 3709
3426 3246 3683
3579 3702 3326
3609 3630 3346
3730 3531 3341
3376 3508 3634
3234 3394 3696
3226 3454 3677
3386 3384 3664
3557 3690 3340
3382 3524 3613
3310 3549 3636
3446 3500 3555
3156 3693 3532
3358 3540 3639
3843 3467 3095
3399 3497 3590
3277 3580 3537
3467 3355 3620
3606 3579 3368
3332 3850 3110
3725 3538 3293
3407 3527 3559
3440 3443 3624
3417 3379 3638
3427 3471 3606
3408 3459 3643
3577 3579 3532
3270 3844 3380
3614 3692 3311
3442 3488 3597
3550 3702 3377
3406 3493 3621
3272 3560 3558
3272 3560 3558
3146 3662 3471
3338 3352 3708
3380 3868 2972
3394 3339 3699
3815 3525 3129
3421 3822 3104
3437 3825 2991
3528 3758 3209
3618 3626 3299
3664 3490 3274
3158 3423 3668
3574 3699 3269
3542 3513 3440
3456 3706 3368
3507 3577 3344
3309 3398 3642
3197 3355 3693
3759 3602 3138
3214 3518 3548
3750 3595 3164
3393 3460 3607
3238 3388 3679
3519 3546 3511
3360 3381 3620
3697 3505 3256
3491 3700 3353
3701 3435 3307
3589 3550 3374
3459 3443 3534
3771 3536 3170
3401 3588 3397
3728 3539 3210
3577 3481 3445
3291 3473 3636
3403 3648 3369
3448 3470 3568
3428 3438 3577
3182 3502 3629
3712 3557 3188
3273 3582 3532
3721 3509 3243
3313 3498 3618
3265 3496 3619
3797 3500 3130
3799 3471 3191
3388 3559 3442
3358 3487 3626
3497 3528 3514
3383 3629 3396
3235 3428 3640
3433 3637 3384
3764 3530 3233
3453 3488 3524
3423 3493 3536
3394 3339 3699
3433 3637 3384
3764 3530 3233
3235 3428 3640
3764 3530 3233
3764 3530 3233
3240 3465 3562
3337 3348 3697
3386 3808 3037
3391 3315 3696
3792 3519 3022
3801 3449 3087
3678 3572 3143
3582 3569 3292
3552 3470 3437
3392 3550 3305
3552 3652 3215
3257 3365 3630
3486 3696 3238
3434 3754 3064
3506 3738 3065
3381 3749 3090
3299 3460 3616
3780 3400 3176
3477 3542 3471
3691 3485 3245
3499 3669 3069
3392 3392 3579
3290 3490 3538
3453 3529 3511
3430 3538 3499
3713 3533 3203
3750 3443 3205
3341 3472 3556
3744 3444 3188
3770 3501 3148
3265 3488 3552
3756 3531 3158
3505 3525 3501
3764 3532 3150
3206 3320 3692
3330 3309 3692
3358 3732 2978
3769 3478 3102
3545 3563 3247
3418 3676 3027
3642 3528 3110
3451 3507 3353
3422 3607 3209
3235 3423 3574
3286 3525 3387
3747 3441 3152
3264 3336 3537
3707 3505 3201
3505 3502 3501
3437 3523 3496
3238 3335 3611
3255 3478 3523
3234 3461 3544
3227 3471 3540
3430 3466 3508
3248 3676 2891
3252 3473 3508
3747 3373 3048
3424 3510 3357
3492 3473 3382
3688 3418 3109
3693 3391 3180
3473 3489 3488
3309 3504 3363
3257 3444 3501
3389 3491 3495
3745 3397 3087
3704 3416 3104
3354 3404 3492
3368 3422 3335
3675 3366 3167
3717 3380 3041
3692 3383 3157
3675 3366 3167
3661 3336 3047
3688 3305 3136
3678 3314 3088
3621 3281 3067
