208 9.32067
8999 8179 8828
8208 9300 8717
8886 8959 8655
8683 8917 8801
8142 8836 9017
9252 8523 8384
8476 8892 8902
8236 9472 8355
8817 8401 8838
8325 9309 8567
9153 9081 8152
9021 9200 8247
9186 8827 8310
9031 8710 8612
9055 9061 8280
8502 9526 8171
8014 8599 9150
9470 8459 8228
9103 8898 8496
8843 9283 8335
8380 9120 8719
9028 8348 8707
8510 8274 8995
8648 8661 8906
8838 9108 8509
9371 8337 8321
8260 8329 9090
8260 8614 9015
8653 9129 8622
8502 9312 8367
8859 8662 8759
7881 8772 9144
9187 8381 8543
8103 9422 8481
8232 9068 8846
9133 8172 8724
9187 8381 8543
9201 8717 8362
9103 8898 8496
8945 8759 8647
8938 8539 8721
9017 8368 8735
8420 9318 8509
7943 8828 9100
8362 8986 8847
9258 8891 8105
8650 9394 8210
8138 8678 9118
8524 9469 8129
8468 9037 8773
8788 9215 8437
9322 8342 8396
8487 9376 8361
8480 8343 8972
9016 8950 8305
8955 8308 8839
8201 8981 8949
9346 8628 8262
8249 9158 8770
9134 8883 8348
8861 8961 8662
8615 8707 8870
8419 8741 8954
9130 8165 8746
8276 9025 8889
8621 8941 8758
8102 9359 8585
8614 9137 8552
8391 8380 9057
8876 8447 8765
8432 9353 8468
9371 8337 8321
8273 9449 8284
9412 8507 8290
8913 9113 8260
9130 8165 8746
8588 8895 8844
9308 8522 8365
8408 8306 9027
9262 8318 8480
8276 9025 8889
8665 9146 8551
8105 9442 8437
8960 8664 8658
8279 9218 8689
8211 8663 9012
7943 8828 9100
8087 8323 9129
8732 9286 8272
9357 8728 8222
9030 8585 8691
8615 8707 8870
8488 9114 8723
8056 8687 9093
8861 8961 8662
8523 9467 8228
8103 8826 9041
8471 9208 8600
8774 8551 8901
8817 8761 8719
9021 8233 8791
8586 8904 8811
8746 9183 8491
8617 9251 8429
9258 8891 8105
8977 8947 8470
8260 8329 9090
9391 8533 8231
8861 8961 8662
8328 8504 9057
8201 8981 8949
8033 8670 9122
9044 8949 8397
9258 8891 8105
8975 8216 8801
8771 8554 8910
8864 9126 8420
8977 8464 8743
8523 9467 8228
8370 8825 8913
8717 8788 8777
9130 8165 8746
8305 9423 8258
8817 8761 8719
8127 9316 8590
8705 9338 8260
7943 8828 9100
8622 8806 8850
8751 9108 8568
9055 9061 8280
8438 9235 8567
8468 9037 8773
9113 8513 8609
8617 9251 8429
8102 9359 8585
9150 8646 8432
8276 9025 8889
8434 8287 9044
9262 8318 8480
9279 8706 8330
9362 8400 8324
8991 8377 8765
8999 9107 8265
9170 8410 8622
8817 8761 8719
9153 8642 8428
9038 8793 8593
8972 8315 8819
8273 9449 8284
8748 8831 8729
9279 8706 8330
8343 9299 8529
8442 8396 9011
8398 8765 8963
8056 8687 9093
8740 8598 8870
8579 9271 8504
8715 9089 8634
8861 8961 8662
8481 8836 8875
8271 9232 8701
8708 9296 8312
8542 9437 8248
8142 8836 9017
8880 8428 8785
9063 8899 8356
8218 9034 8881
9130 8165 8746
8948 8993 8539
8341 9142 8677
9412 8507 8290
7943 8828 9100
8127 9384 8549
9279 8706 8330
9057 8228 8786
9336 8619 8272
8133 9412 8445
9140 8765 8423
8772 8745 8813
7943 8828 9100
9035 8405 8689
8432 9353 8468
8594 8733 8881
9038 9106 8206
8770 9226 8387
8270 8996 8944
8918 8367 8796
8684 9114 8603
8727 8899 8725
8945 9074 8416
8380 9120 8719
8145 8899 8988
9186 8383 8620
8127 9384 8549
8853 8877 8713
9150 8646 8432
8620 9382 8248
8487 9376 8361
8333 8715 8973
8069 8651 9130
8277 9190 8704
8448 8447 8999
8493 8953 8813
9130 8191 8701
8990 8654 8697
8398 8765 8963
8705 9338 8260
8972 8315 8819
8056 8687 9093
8674 8933 8710
8665 8776 8840
9147 8201 8674
8521 9359 8336
8316 9229 8673
9175 8685 8406
8772 8745 8813
9060 8749 8514
8960 8664 8658
9412 8507 8290
7950 8818 9087
8471 9208 8600
8653 9129 8622
9187 8381 8543
8848 9066 8563
8991 8377 8765
8523 9467 8228
8908 9019 8599
8908 8370 8806
9357 8728 8222
8481 8836 8875
8997 9039 8383
8432 9353 8468
8330 9091 8770
8142 8836 9017
8270 8996 8944
8462 8300 9031
8276 9025 8889
8620 9382 8248
8212 9489 8174
7943 8828 9100
8211 8663 9012
8650 9394 8210
8212 9408 8495
8362 8986 8847
8973 8467 8717
8296 9107 8735
8226 9215 8704
8865 8399 8821
8997 9039 8383
8676 9049 8680
8817 8761 8719
9233 8473 8449
8521 9359 8336
9112 8436 8610
8408 8306 9027
8963 8205 8862
8333 8788 8960
9130 8165 8746
8972 8844 8621
8587 8753 8851
8139 8393 9111
8567 8917 8814
9096 8808 8500
8809 9209 8411
9020 8601 8618
9357 8728 8222
9419 8468 8265
8770 9226 8387
8231 9390 8547
8567 8917 8814
8977 8947 8470
8249 9158 8770
9024 8258 8749
9250 8432 8525
8874 9012 8601
8960 9051 8465
8145 8899 8988
8443 8904 8861
8432 9353 8468
7943 8828 9100
8523 9467 8228
8419 8741 8954
8918 8367 8796
8270 8996 8944
8664 9068 8664
9060 8555 8646
9234 8645 8386
8740 8598 8870
8365 9421 8253
8468 9037 8773
8462 8300 9031
8919 8726 8707
8972 8315 8819
9380 8510 8287
9130 8165 8746
9038 9106 8206
9281 8752 8320
8056 8687 9093
9279 8706 8330
8060 9315 8626
8447 9405 8416
8328 8504 9057
8589 9467 8104
8867 8444 8795
8533 8901 8855
8913 9078 8401
7931 8820 9124
8622 8806 8850
9419 8468 8265
8788 8813 8717
8235 9343 8573
8887 9172 8262
8482 8443 8960
9188 8574 8482
9130 8165 8746
8324 9027 8842
8725 9043 8684
8927 8841 8623
8972 8315 8819
9187 8381 8543
8468 9037 8773
9086 9048 8231
8194 8835 8997
9017 8368 8735
8587 8961 8766
8477 9358 8377
9060 8555 8646
9008 8957 8441
8549 9392 8233
8961 8914 8564
8972 8315 8819
8212 9489 8174
8277 9190 8704
8211 8663 9012
7943 8828 9100
8359 9239 8581
9412 8507 8290
8327 8963 8900
8462 8300 9031
8795 9219 8412
9096 8808 8500
9182 8397 8669
9000 8370 8704
8587 8961 8766
8772 8745 8813
9127 8739 8583
9308 8522 8365
8303 9189 8697
8646 9224 8524
8114 8854 9012
8926 9098 8324
8803 8625 8850
9130 8165 8746
8276 9025 8889
9357 8728 8222
8832 9119 8510
8615 8707 8870
8625 9071 8681
8960 8664 8658
8822 8745 8725
9044 8949 8397
8033 8760 9090
9113 8944 8269
8305 9423 8258
9182 8397 8669
8740 8598 8870
9000 8370 8704
8705 9338 8260
8871 8471 8789
8271 9232 8701
8330 9091 8770
8665 9146 8551
8398 8765 8963
8579 9271 8504
8276 9025 8889
8523 9467 8228
9419 8468 8265
9130 8165 8746
7943 8828 9100
8877 8857 8677
8945 9074 8416
8482 8443 8960
9357 8728 8222
8446 9221 8573
8727 8899 8725
8495 8927 8827
8963 8205 8862
9153 8589 8468
8751 9108 8568
8487 9376 8361
8524 9469 8129
8705 9338 8260
8803 8625 8850
9005 8597 8669
8309 8983 8887
9272 8362 8439
8772 8745 8813
8152 8753 9065
9052 8944 8441
8305 9423 8258
9130 8165 8746
8688 8774 8800
8497 8386 8968
8886 8959 8655
8842 9128 8426
9040 8196 8801
8420 8915 8836
8568 9029 8691
8318 8727 8999
9188 8574 8482
8740 8598 8870
8999 9107 8265
