377 22.3961
8157 9861
9549 8742
8521 9773
9327 9092
9370 9025
9469 8893
9262 9153
8994 9517
9312 9151
8457 9785
9234 9204
9479 8837
9338 9052
8338 9816
9134 9362
9039 9449
9094 9383
9184 9236
8614 9735
9524 8751
9401 8983
8205 9827
9501 8792
8708 9730
8392 9815
8584 9760
8724 9698
9411 8970
9205 9215
9439 8922
8916 9564
9422 8927
9142 9318
8906 9585
9485 8803
9059 9396
8281 9824
8946 9535
9174 9284
9026 9485
8747 9684
9174 9284
8281 9824
8940 9541
8592 9752
9053 9412
8421 9803
9026 9485
8802 9656
8708 9730
9137 9322
8878 9598
8866 9634
8876 9602
8835 9647
8866 9634
8767 9676
8184 9846
8195 9840
8835 9647
8421 9803
8793 9659
8777 9671
8614 9735
8157 9861
9053 9412
8157 9861
8184 9846
8777 9671
9137 9322
8943 9536
8876 9602
8943 9536
8281 9824
8157 9861
8157 9861
8157 9861
8281 9824
8281 9824
8614 9735
8708 9730
8943 9536
9026 9485
9026 9485
9026 9485
9026 9485
9053 9412
9053 9412
9137 9322
9174 9284
8156 9835
8156 9835
9144 9153
8190 9794
8348 9791
9129 9269
8977 9513
9120 9336
9142 9203
8999 9448
8499 9760
8679 9713
9092 9375
8772 9664
8894 9572
8594 9731
8396 9767
8552 9755
8714 9696
9048 9387
8856 9584
8917 9528
9005 9412
8911 9535
8396 9767
9041 9411
8848 9608
8575 9735
8714 9696
8835 9623
8798 9632
8820 9628
8778 9649
8795 9646
8585 9734
8396 9767
8396 9767
8714 9696
8060 9823
9127 9227
8316 9750
8522 9746
8995 9423
8951 9510
8175 9779
9106 9263
8893 9564
8971 9497
8540 9718
9030 9384
9098 9300
8607 9709
8702 9684
9090 9333
9079 9362
8715 9650
8136 9818
8850 9578
8654 9690
8836 9599
8163 9792
8642 9699
8817 9607
8791 9619
8150 9813
8749 9630
8737 9643
8881 9567
8770 9622
9054 9374
8971 9497
9054 9374
8174 9781
8892 9566
8971 9497
8971 9497
7943 9813
9122 9221
8515 9729
8203 9749
9088 9327
9116 9226
8975 9388
8957 9476
8593 9689
8939 9505
8116 9790
8168 9760
8065 9796
7983 9807
8697 9659
8713 9624
8863 9561
8735 9608
8884 9537
9036 9371
8833 9589
8797 9598
8983 9382
8650 9667
9063 9357
9064 9342
8609 9677
8946 9479
8876 9541
8638 9673
8808 9595
8822 9592
9116 9226
7920 9813
9096 9222
8201 9734
8371 9719
8114 9774
8502 9688
8919 9451
8390 9702
8882 9513
7951 9804
9033 9371
8831 9582
8590 9684
8870 9531
9052 9336
9061 9309
9067 9268
8927 9433
8054 9790
9077 9247
8749 9595
8968 9384
8662 9634
8946 9395
8807 9588
8644 9664
8632 9670
8057 9788
8720 9604
8709 9618
8688 9628
8874 9521
8955 9391
7984 9779
9096 9217
8165 9730
9056 9270
8344 9701
8826 9582
9030 9352
8104 9758
8520 9680
8943 9381
8902 9411
8046 9778
9009 9368
8851 9470
8829 9513
8721 9588
8397 9687
8874 9437
8667 9625
8829 9513
8700 9609
8641 9635
8581 9671
8867 9460
8631 9663
8570 9677
8634 9656
8716 9596
8366 9699
8386 9693
8397 9687
8397 9687
8829 9513
8829 9513
7930 9776
9069 9148
8825 9581
8384 9693
8171 9696
8863 9452
8062 9710
8691 9602
9051 9231
8006 9774
8865 9381
8543 9676
9029 9322
9030 9273
8988 9361
8634 9632
8864 9428
8991 9357
8611 9650
8590 9662
8581 9668
8609 9658
8561 9670
8547 9671
7994 9744
9038 9186
8817 9504
8903 9360
8036 9703
8624 9602
8166 9695
8724 9579
9024 9284
8223 9679
8330 9675
8991 9327
8476 9671
8810 9552
8908 9345
8606 9652
8802 9577
8574 9667
7996 9741
8326 9678
8476 9671
8580 9658
9008 9314
9022 9295
9018 9311
7967 9739
9015 9097
8802 9544
9003 9282
8815 9365
8257 9676
8451 9669
8150 9685
7988 9686
8906 9319
8590 9603
8831 9359
8704 9576
8546 9664
8981 9307
8553 9643
8589 9625
8779 9574
8704 9576
8781 9565
8987 9284
7907 9722
9002 9172
8922 9297
8802 9522
8151 9669
8447 9668
7924 9674
8553 9588
8687 9573
8979 9258
8549 9631
8736 9557
8993 9216
8987 9231
8779 9551
8780 9532
8535 9648
8494 9663
8527 9657
8505 9662
8347 9667
8968 9095
8787 9511
8936 9250
8522 9604
8650 9554
8946 9150
8943 9215
8435 9628
8725 9515
8695 9527
8405 9661
8670 9552
8480 9626
8483 9605
8384 9663
8325 9658
8910 9232
8785 9432
8873 9248
8612 9516
8502 9556
8467 9626
8750 9497
8405 9647
8673 9514
8495 9591
8744 9510
8354 9651
8263 9655
8874 9200
8874 9200
8716 9508
8844 9214
8480 9558
8365 9630
8334 9646
8423 9586
8443 9561
8431 9583
8151 9655
8872 9062
8765 9204
8570 9387
8869 9185
8316 9646
8411 9552
8566 9454
8515 9487
8515 9487
8361 9617
8365 9585
8389 9565
8388 9573
8515 9487
8515 9487
8261 9643
8834 9171
8500 9435
8374 9570
8293 9619
8353 9608
8361 9575
8361 9575
7974 9637
8469 9333
8465 9428
8348 9577
8218 9631
8327 9607
8261 9614
8238 9621
8347 9588
8340 9588
8463 9245
8365 9302
8452 9274
8342 9393
8347 9361
8347 9361
8302 9586
8434 9252
8341 9287
8322 9565
8328 9320
8259 9584
8335 9273
8321 9416
8308 9562
8311 9541
8139 9572
8326 9213
8310 9529
8179 9548
8048 9533
8310 9279
8276 9520
8304 9288
8249 9355
8301 9241
8275 9263
8238 9327
8274 9249
8260 9258
8219 9314
8226 9247
8172 9301
8211 9145
8197 9166
8168 9246
8103 9186
8154 9159
8157 9861
9549 8742
8260 9824
9327 9092
9370 9025
9469 8893
8591 9750
9312 9151
8469 9783
9479 8837
9338 9052
8648 9740
8847 9647
8197 9840
9234 9204
8410 9797
9218 9243
9524 8751
9401 8983
9026 9485
8878 9603
9501 8792
8828 9662
9134 9362
9247 9172
9262 9153
9042 9440
9411 8970
8680 9721
9439 8922
8501 9761
8338 9816
9422 8927
9170 9289
9485 8803
9003 9519
9147 9324
8961 9545
9054 9410
8928 9590
8167 9845
8528 9759
8771 9667
9107 9372
9101 9385
8771 9667
8338 9816
8378 9801
9173 9272
8743 9692
8961 9545
9051 9432
8941 9568
9185 9254
8743 9692
8928 9590
8941 9568
9155 9321
9083 9402
9083 9402
8528 9759
8718 9702
8378 9801
9004 9497
9185 9254
8695 9706
8878 9603
9003 9519
9004 9497
8695 9706
8718 9702
9155 9321
8878 9603
9155 9321
8378 9801
8378 9801
8528 9759
8718 9702
8743 9692
8771 9667
8771 9667
8771 9667
8878 9603
8878 9603
8928 9590
8928 9590
8941 9568
8941 9568
8941 9568
8961 9545
9003 9519
9003 9519
9004 9497
9155 9321
9155 9321
8421 9764
9224 9159
9205 9201
9149 9273
8843 9605
8691 9695
8894 9582
8464 9749
8568 9746
8981 9459
8753 9648
9013 9410
9091 9349
8782 9630
9075 9395
9148 9317
9110 9320
8590 9724
8947 9516
8928 9540
8613 9708
8958 9483
8643 9696
9043 9401
8956 9493
8770 9642
8928 9540
8641 9704
9054 9399
8324 9763
9187 9134
9134 9191
8412 9734
9133 9314
8944 9516
8867 9554
8518 9733
9065 9372
8975 9451
8757 9639
9015 9399
9153 9149
8346 9758
8835 9572
9082 9325
8720 9645
8610 9685
8796 9601
8545 9701
8647 9646
8644 9656
8949 9474
9024 9389
8799 9595
9110 9317
8576 9692
8953 9457
8564 9696
8443 9732
9145 9080
8974 9440
8998 9352
9134 9142
8625 9650
8727 9638
8924 9461
9131 9239
9063 9346
8777 9597
9082 9319
8795 9561
8830 9540
8871 9510
9108 9277
8918 9504
8839 9526
8745 9630
8512 9729
9089 9285
8548 9689
8590 9682
9124 9247
8537 9695
8518 9720
8785 9580
8598 9665
8897 9506
8742 9632
8597 9674
8512 9729
8447 9725
9128 9209
8945 9435
8785 9534
9040 9345
8901 9491
8681 9630
8511 9712
8777 9580
9122 9234
8914 9489
9090 9270
8535 9693
8736 9600
8624 9640
9061 9277
8609 9649
8576 9678
8741 9598
8588 9677
9052 9313
9050 9343
9052 9313
8588 9677
9052 9313
9052 9313
8435 9723
9126 9179
8833 9442
8792 9481
8770 9570
8926 9397
8668 9610
8941 9376
8587 9645
8718 9582
9000 9344
9092 9233
8483 9712
9023 9309
8530 9665
8691 9600
9116 9215
9082 9262
8583 9660
9000 9344
9052 9272
8516 9676
9120 9192
9039 9303
8511 9699
8502 9703
9060 9269
9039 9303
8584 9651
8373 9718
9125 9075
8837 9376
8753 9526
8938 9351
8425 9711
8973 9300
8504 9691
8569 9658
9118 9124
9031 9297
8734 9563
9097 9188
8578 9607
9041 9259
9113 9176
9079 9235
8714 9581
8603 9601
8680 9592
8516 9668
9060 9236
8656 9600
8510 9669
8659 9599
8331 9709
9114 9003
8788 9308
8707 9564
9030 9282
9100 9115
8392 9698
8489 9680
8560 9643
9038 9244
8483 9684
8568 9642
8671 9583
9099 9168
8622 9600
9064 9206
8632 9594
9072 9186
9066 9190
8623 9597
8622 9600
8335 9696
9088 9136
8697 9524
8718 9285
8967 9265
8773 9281
9029 9252
8482 9678
9034 9179
8386 9685
8631 9589
8504 9640
8692 9564
8565 9613
8565 9613
9058 9155
8972 9258
8492 9643
8656 9574
8346 9693
8718 9285
8773 9281
8694 9529
9075 9141
8649 9581
8565 9613
8323 9691
9085 9136
8687 9353
9008 9242
8685 9534
8767 9244
8766 9255
9025 9181
8606 9585
8361 9681
8551 9605
8484 9608
9013 9197
8469 9646
8430 9677
8655 9572
8518 9606
8666 9555
8449 9650
8444 9674
8659 9563
8320 9686
9084 9124
8724 9241
8659 9547
9008 9234
8821 9239
9020 9163
8468 9633
9062 9135
8528 9601
8570 9583
8403 9676
8438 9656
8641 9554
8606 9567
8528 9601
8403 9676
8446 9639
8598 9579
8384 9676
9083 9109
8648 9477
8978 9230
9012 9161
8452 9616
8438 9651
9055 9124
8519 9601
8563 9549
8646 9531
8535 9579
8603 9533
8995 9202
8994 9219
8988 9223
8375 9669
9066 8983
8965 9226
8640 9484
8994 9120
8619 9523
8457 9597
8533 9547
8411 9636
9057 9103
9063 9060
8511 9585
8377 9642
8531 9576
9058 9076
9058 9076
8516 9577
8515 9578
8295 9668
9049 9070
8938 9209
8622 9464
8968 9078
8468 9579
8528 9545
8407 9610
8563 9513
8351 9646
8404 9623
8593 9510
9044 9072
8615 9477
8509 9567
8337 9660
8483 9569
8344 9657
8335 9652
9017 9027
8931 9203
8599 9454
8941 9062
8558 9492
8484 9562
8446 9577
8346 9593
8406 9590
8534 9502
8503 9525
8513 9522
8372 9592
8372 9592
8323 9638
8931 9110
8526 9399
8930 9158
8474 9442
8392 9578
8458 9555
8471 9501
8337 9582
8329 9596
8467 9512
8464 9553
8307 9627
8904 9157
8505 9365
8474 9391
8471 9499
8323 9609
8382 9570
8387 9546
8441 9534
8458 9520
8245 9603
8812 9008
8797 9151
8470 9490
8344 9566
8418 9504
8348 9507
8303 9532
8722 9121
8615 9127
8470 9430
8405 9488
8421 9456
8427 9432
8296 9481
8465 9348
8404 9454
8435 9354
8126 9459
8447 9280
8355 9382
8414 9336
8398 9374
8372 9378
8369 9332
8416 9274
8230 9216
8157 9861
8157 9861
9549 8742
8660 9749
8260 9824
8521 9773
9234 9204
9327 9092
9370 9025
9469 8893
9262 9153
8338 9816
9312 9151
9479 8837
9338 9052
8932 9572
8197 9840
8429 9800
8392 9815
9524 8751
9074 9407
9037 9471
9401 8983
9501 8792
9174 9284
9153 9343
9157 9299
9182 9237
9411 8970
9439 8922
8778 9674
9422 8927
9485 8803
8879 9590
9112 9363
8852 9633
8952 9551
8981 9518
8715 9705
9189 9223
8758 9695
8167 9845
9134 9362
9068 9454
8469 9783
8521 9773
8469 9783
8705 9708
8813 9658
9024 9507
8981 9518
9024 9507
8865 9611
9068 9454
9101 9392
8767 9692
8952 9551
9101 9392
8852 9633
8870 9605
8670 9728
8813 9658
8813 9658
8879 9590
9189 9223
8682 9727
8682 9727
8670 9728
8682 9727
8157 9861
8157 9861
8521 9773
8521 9773
8682 9727
8682 9727
8813 9658
8813 9658
8813 9658
8813 9658
8813 9658
8852 9633
8852 9633
8108 9830
9355 8914
9276 8991
9083 9317
8349 9748
8625 9744
8975 9507
8906 9560
9308 8950
9080 9335
8217 9808
9056 9406
8803 9644
8273 9764
8836 9602
9037 9455
8244 9767
8874 9582
9048 9413
8217 9808
9037 9455
8635 9712
8778 9656
8846 9585
8752 9680
8685 9706
8630 9721
8685 9706
8721 9694
8725 9681
8625 9744
8767 9668
8767 9668
8721 9694
8217 9808
8721 9694
8721 9694
8721 9694
8721 9694
9037 9455
8082 9820
9330 8910
9063 9010
9054 9351
8189 9805
8504 9743
9297 8912
8899 9540
9036 9383
8863 9581
8974 9490
8921 9504
9020 9437
8827 9594
8789 9620
8999 9455
8729 9676
8602 9738
8521 9741
8680 9697
8769 9654
8633 9712
8772 9645
8608 9725
8688 9681
8624 9716
8688 9681
8062 9806
9267 8848
9024 8911
9019 9430
9189 8902
8224 9743
8396 9722
8172 9790
8573 9717
8338 9725
8770 9600
8838 9565
8857 9561
8877 9506
8972 9461
8738 9654
8758 9612
8985 9440
8884 9493
8699 9671
8930 9480
8930 9480
8668 9678
8661 9693
8600 9714
8602 9705
8729 9669
8635 9697
8665 9683
8620 9704
8635 9697
8620 9704
8729 9669
8729 9669
7989 9788
9175 8840
9017 9305
9093 8881
8530 9715
8159 9751
8851 9478
8129 9777
8922 9451
9121 8858
8731 9604
8978 9405
8747 9579
8970 9441
8597 9711
8986 9354
8800 9563
9004 9346
8725 9663
8833 9532
8679 9671
8612 9693
8820 9558
8140 9765
8649 9687
8717 9666
8656 9683
8832 9533
7917 9769
9104 8710
8994 9326
9020 8803
8487 9699
8210 9710
8119 9767
9068 8775
8963 9390
8134 9717
8824 9505
8894 9450
8720 9631
8962 9438
8591 9696
8807 9550
8738 9577
8900 9443
8759 9562
8650 9679
8683 9641
8609 9686
8822 9521
8665 9671
8746 9565
8681 9661
8597 9692
8682 9659
8007 9750
9103 8637
9045 8775
8964 9305
8483 9699
8092 9741
8718 9588
8820 9493
9079 8678
8907 9427
8948 9385
8822 9449
8596 9681
8702 9605
8072 9742
8015 9743
8680 9642
8664 9664
8820 9493
8676 9654
8645 9669
8607 9680
8639 9670
8620 9671
8618 9674
8679 9647
7925 9735
9097 8573
8950 9286
9074 8663
8362 9696
8049 9712
8934 9372
8809 9468
8700 9518
8518 9672
8697 9599
8801 9490
8003 9732
8621 9670
9077 8626
8443 9680
8671 9651
8445 9673
8644 9663
8634 9669
8657 9655
8657 9655
7990 9732
9056 8601
8934 9337
9028 8602
8246 9682
8516 9669
8045 9701
8788 9394
8691 9505
8723 9459
8933 9369
8670 9638
8587 9668
8617 9655
8609 9665
8661 9643
8641 9652
8933 9369
8645 9650
8933 9369
8933 9369
7979 9726
8922 9346
8716 9423
8045 9693
8593 9665
8652 9631
8860 9365
8648 9643
8598 9661
8882 9355
8012 9688
8914 8595
8838 9301
8479 9665
8784 9338
8650 9606
8540 9660
8584 9654
8598 9644
8511 9661
8641 9637
8644 9632
8642 9634
7999 9667
8829 9291
8448 9664
8649 9468
8692 9326
8648 9552
8647 9603
8638 9634
8524 9652
8763 9307
8574 9646
8730 9321
7987 9666
8797 9258
8699 9280
8639 9589
8052 9657
8415 9652
8433 9640
8562 9639
8628 9606
8583 9615
8572 9627
8108 9650
8723 9250
8633 9494
8681 9260
8390 9644
8572 9624
8434 9625
8619 9575
8588 9585
8361 9644
8708 9148
8610 9433
8625 9264
8468 9621
8687 9237
8579 9534
8541 9619
8569 9562
8561 9597
8568 9588
8109 9643
8697 9142
8612 9259
8331 9629
8548 9436
8602 9374
8411 9606
8539 9601
8575 9424
8530 9605
8531 9604
7953 9630
8635 9124
8635 9124
8347 9600
8515 9555
8536 9340
8585 9238
8423 9588
8580 9276
8580 9276
7930 9597
8569 9190
8528 9284
8128 9595
8493 9483
8387 9576
8432 9496
8408 9561
8044 9590
8539 9082
8508 9275
8482 9414
8220 9551
8377 9528
8310 9531
7838 9547
8472 9224
8229 9478
8081 9546
8464 9364
8279 9374
7954 9545
8445 9334
8206 9408
8244 9371
8379 9355
8191 9363
8432 9277
8262 9352
8319 9327
8327 9291
8322 9300
8322 9300
8218 9348
8349 9204
8326 9286
8258 9336
8277 9324
8277 9324
8277 9324
8199 9341
8318 9257
8254 9334
8259 9300
8286 9282
8309 9276
8309 9276
8200 9331
8301 9184
8210 9272
8278 9268
8286 9253
8190 9327
8278 9262
8232 9268
8172 9326
8261 9236
8199 9261
8242 9252
8226 9256
8110 9287
8257 9127
8167 9256
8256 9218
8230 9250
8083 9279
8256 9189
8228 9234
8232 9202
8122 9227
8196 9215
8110 9194
8089 9184
8157 9861
9549 8742
8405 9820
8524 9806
8167 9845
9327 9092
9370 9025
9139 9372
9469 8893
9479 8837
9312 9151
9338 9052
8285 9843
9524 8751
9401 8983
9501 8792
8724 9726
8591 9780
9078 9435
8951 9563
9411 8970
9439 8922
8922 9578
9422 8927
9226 9243
8524 9806
8591 9780
8640 9752
9117 9419
9485 8803
8346 9834
8869 9592
8967 9537
8858 9621
9005 9488
9050 9467
8990 9508
8892 9587
9173 9345
9241 9225
8837 9624
9173 9345
9188 9304
8975 9521
9117 9419
8771 9696
8805 9677
8692 9745
8805 9677
8832 9654
9059 9450
9251 9209
9280 9190
8692 9745
8645 9749
9203 9264
8750 9709
8832 9654
9188 9304
9194 9275
9280 9190
9282 9158
9005 9488
8311 9837
8346 9834
9282 9158
8762 9707
8295 9842
9051 9457
9251 9209
9194 9275
8311 9837
8750 9709
8771 9696
9203 9264
9050 9467
8285 9843
8645 9749
8771 9696
9203 9264
8640 9752
8285 9843
8311 9837
8311 9837
8311 9837
8524 9806
8524 9806
8524 9806
8591 9780
8591 9780
8645 9749
8692 9745
8771 9696
8805 9677
8805 9677
8832 9654
9203 9264
9280 9190
8287 9842
9264 9108
8426 9798
8889 9586
8562 9757
8321 9817
9075 9424
8827 9638
9157 9321
8748 9683
8949 9538
9254 9186
9004 9471
9076 9388
8968 9475
8946 9561
9188 9236
8793 9671
8603 9740
8663 9739
9134 9362
9124 9366
9203 9214
8684 9729
9187 9291
9187 9291
8291 9837
8707 9716
9205 9191
8707 9716
9237 9190
8572 9747
8811 9647
8987 9473
8811 9647
9004 9471
8568 9752
8568 9752
8707 9716
8707 9716
8811 9647
8811 9647
8811 9647
8811 9647
8219 9799
9249 9165
8480 9747
8949 9536
8368 9787
9178 9274
8982 9468
9197 9189
8633 9735
8317 9798
9143 9293
9124 9365
8871 9558
9064 9400
9127 9343
8699 9679
8745 9671
8776 9664
8660 9730
8816 9633
8817 9593
8991 9432
9242 9185
8796 9641
9028 9416
8861 9573
8695 9712
9058 9409
8697 9711
8834 9579
8829 9584
9002 9424
9002 9424
8314 9795
9206 9174
8347 9753
8602 9732
9117 9351
9167 9258
9143 9278
8767 9663
8931 9534
8859 9558
8978 9433
9049 9377
8839 9569
8949 9518
8644 9708
9019 9396
8680 9667
8814 9621
8806 9624
8960 9465
8642 9728
8714 9664
8961 9452
9022 9380
9153 9268
8695 9665
8266 9789
9191 9158
8497 9723
8309 9780
8829 9524
8978 9427
8593 9715
8921 9518
9155 9233
9137 9275
9166 9193
8945 9448
8792 9623
8936 9494
8604 9690
9014 9374
9088 9312
8759 9652
9057 9351
8808 9592
8644 9669
9113 9304
8815 9568
8733 9654
8659 9662
9016 9360
9047 9355
8702 9659
8695 9661
8811 9569
9098 9306
9014 9374
8307 9767
9187 9121
8558 9711
8799 9509
8321 9721
8792 9621
8584 9665
8697 9652
9156 9192
8926 9431
8755 9651
9003 9373
9118 9203
8907 9501
9111 9275
8901 9503
9015 9340
9050 9328
8968 9406
9077 9307
8579 9705
8314 9723
9095 9290
9127 9196
8943 9425
8958 9417
9097 9277
8272 9732
9169 8896
8567 9696
9153 9161
8906 9492
8833 9494
8786 9564
8952 9408
8652 9651
8575 9693
9111 9216
9068 9305
9140 9179
8768 9614
9077 9263
9094 9248
8971 9347
9012 9327
8677 9649
8711 9634
8960 9380
9029 9313
8755 9623
8725 9626
8969 9364
9028 9324
8144 9710
9138 9126
9091 9241
8227 9707
8458 9696
8966 9334
8906 9466
8931 9391
8572 9689
8775 9554
9047 9296
8638 9648
8822 9494
9024 9306
8952 9386
8892 9490
8534 9693
8723 9625
8660 9640
8735 9586
8725 9605
8822 9494
8765 9565
8755 9572
8756 9571
8822 9494
8236 9695
9130 8949
9106 9002
9090 9179
8300 9694
8478 9693
8784 9494
8947 9376
8965 9313
8756 9564
8845 9479
8901 9418
8716 9625
8553 9673
8864 9431
9017 9291
8586 9637
8723 9586
8624 9626
9052 9219
9028 9264
8508 9684
9046 9231
8611 9627
8328 9690
9099 8966
9053 9150
9005 9278
9088 8970
8539 9654
8688 9612
8488 9670
8822 9446
8929 9341
8801 9476
8895 9411
8753 9520
8721 9582
8900 9407
8756 9504
8953 9307
8507 9663
8952 9309
8712 9603
8716 9594
8322 9661
9099 8830
8987 9265
9038 9139
8892 9409
8483 9620
8470 9637
8651 9610
9040 9017
9062 8944
8814 9429
8751 9486
8721 9564
8774 9475
8852 9410
9042 8972
8689 9586
8658 9609
8698 9570
9052 8948
9052 8948
9062 8944
8316 9657
9084 8792
9036 9112
8636 9610
8917 9218
9045 8856
8769 9472
8872 9389
8873 9362
8745 9484
8692 9522
8653 9579
9077 8805
9055 8853
8685 9561
8690 9551
8270 9651
9031 8912
9023 9007
8871 9372
8613 9604
8753 9453
8669 9559
8817 9381
8262 9636
9022 8862
8943 8940
8858 9290
8518 9604
8665 9547
8742 9411
8613 9589
9001 8894
8826 9340
8751 9385
8779 9365
8770 9374
8779 9365
8779 9365
8240 9632
9006 8754
8810 9270
8417 9586
8890 8904
8603 9558
8692 9381
8761 9347
8648 9508
8998 8885
8984 8886
8893 8903
8646 9539
8499 9557
8979 8811
8601 9483
8847 8886
8918 8871
8546 9553
8598 9551
8882 8877
8460 9534
8960 8809
8837 8848
8584 9450
8499 9511
8232 9283
8816 8782
8293 9278
8139 9275
8281 9193
8231 9255
8101 9268
8111 9163
8016 9212
8059 9161
7924 9185
8055 9101
8004 9161
8046 9154
7907 9170
8039 9055
8038 9137
7934 9128
7998 9100
7954 9108
7984 9106
7890 9097
7919 9063
7919 9063
8157 9861
8157 9861
9549 8742
8539 9785
9174 9284
9205 9215
9327 9092
9370 9025
8260 9824
9469 8893
9262 9153
8443 9793
8338 9816
9312 9151
9142 9318
9134 9362
9234 9204
9479 8837
9338 9052
8205 9827
9524 8751
9401 8983
9501 8792
8764 9701
9111 9401
8392 9815
8597 9756
9411 8970
9439 8922
9422 8927
8894 9617
8983 9540
8935 9594
8969 9558
8410 9797
9485 8803
8857 9629
8902 9597
8717 9717
9096 9414
9027 9521
8676 9732
9038 9495
9049 9456
9059 9432
8616 9753
8848 9651
8169 9841
8667 9741
9014 9526
9038 9495
8792 9672
8816 9657
8717 9717
9049 9456
9059 9432
8816 9657
8169 9841
8935 9594
8969 9558
8851 9640
8649 9751
8785 9690
9097 9411
8649 9751
8785 9690
8792 9672
8597 9756
8676 9732
9014 9526
8717 9717
8157 9861
8157 9861
8157 9861
8597 9756
8597 9756
8676 9732
8676 9732
8676 9732
8676 9732
8717 9717
8792 9672
9049 9456
8155 9840
9107 9384
8469 9783
9037 9480
8984 9523
9084 9414
8532 9778
8893 9617
8603 9752
8896 9569
8788 9661
8680 9711
8718 9682
8818 9626
8955 9555
8731 9675
8796 9630
8937 9558
9106 9400
8653 9721
8633 9737
8649 9730
8635 9735
8032 9808
9085 9288
8259 9773
8598 9735
8976 9523
8890 9604
9037 9443
9058 9368
9072 9332
8759 9655
8665 9703
8160 9781
8785 9619
8608 9733
9004 9480
9034 9477
8127 9802
8698 9674
8723 9667
8858 9613
8678 9695
9059 9356
8813 9614
8144 9788
8890 9604
8134 9795
9004 9480
8127 9802
8890 9604
8890 9604
8890 9604
8890 9604
8013 9808
9068 9270
9037 9430
8238 9743
8590 9726
8969 9509
8881 9576
8118 9782
8677 9691
8204 9773
8715 9663
8812 9610
8049 9802
8744 9626
9020 9477
8603 9709
9023 9473
8728 9637
8869 9604
8219 9744
8028 9806
8844 9606
8600 9714
8599 9725
8844 9606
8016 9802
9037 9409
8591 9724
8183 9730
8946 9507
8857 9589
8029 9790
8149 9773
8705 9634
9017 9463
8666 9688
8677 9687
8819 9606
8957 9475
8731 9609
8178 9768
9001 9466
8713 9625
8042 9772
9027 9398
8170 9740
8371 9705
8580 9691
8856 9564
8945 9502
8375 9701
8696 9611
9012 9460
9017 9410
8966 9466
8120 9771
8675 9646
8755 9599
8167 9762
8670 9657
8945 9502
8830 9565
8815 9591
8640 9687
8654 9685
8796 9594
8654 9685
8067 9770
9027 9264
8228 9690
8543 9687
9023 9352
8147 9762
9004 9445
8956 9461
9026 9284
8837 9555
8841 9501
8921 9492
8655 9637
8660 9606
8732 9593
8689 9598
8070 9769
8809 9574
8777 9589
8647 9663
8597 9679
8885 9500
8794 9581
8618 9674
8900 9496
8630 9665
8597 9679
8111 9760
9009 9316
8549 9671
8134 9736
8981 9433
8809 9564
8825 9500
8896 9482
8626 9659
8683 9593
8876 9483
8593 9661
8651 9623
8651 9623
8754 9580
8723 9582
8121 9752
8701 9592
8754 9580
8651 9623
8754 9580
8754 9580
8066 9759
8993 9254
8326 9665
8496 9661
8139 9668
8805 9560
8989 9287
8973 9395
8699 9586
8615 9625
8123 9729
8814 9490
8844 9441
8643 9596
8820 9484
8917 9423
8099 9731
8965 9410
8632 9618
8883 9429
8877 9437
8877 9437
8043 9758
8984 9262
8232 9642
8494 9641
8769 9555
8796 9489
8954 9334
8608 9624
8949 9392
8846 9433
8670 9578
8970 9298
8913 9407
8120 9715
8794 9512
8123 9666
8494 9641
8076 9725
8619 9611
8858 9430
8642 9579
8186 9652
8045 9745
8166 9662
7997 9754
8981 9255
8883 9387
8428 9626
8961 9258
8081 9713
8190 9642
8568 9619
8612 9576
8159 9645
8716 9555
8781 9434
8774 9512
8813 9419
8021 9752
8736 9523
7998 9753
8012 9736
8961 9245
8066 9637
8475 9610
8819 9316
8776 9417
8950 9254
8551 9575
8738 9478
8044 9688
8800 9366
8485 9609
8694 9526
8728 9496
8596 9552
8802 9336
8670 9537
8623 9548
8019 9714
8016 9716
8950 9254
8011 9710
8954 9243
8051 9633
8402 9610
8759 9315
8933 9247
8752 9384
8514 9567
8478 9609
8025 9668
8605 9547
8731 9448
8648 9487
8627 9513
8693 9468
8613 9520
8670 9479
8715 9452
8943 9245
8004 9650
8906 9171
8467 9608
8751 9364
8889 9229
8519 9513
8513 9562
8634 9476
8678 9462
8716 9421
8716 9421
8636 9463
8716 9421
7956 9647
8893 9100
8289 9608
8003 9610
8480 9558
8578 9465
8739 9318
8781 9223
8708 9377
8412 9580
8881 9189
8663 9448
8867 9207
8635 9449
7906 9641
8840 9143
8225 9567
8478 9553
8708 9336
8052 9606
8592 9446
8538 9457
8709 9273
8770 9204
7944 9639
8809 9194
8047 9599
8748 9084
8681 9292
8503 9314
8343 9539
8055 9558
8701 9121
8455 9435
8419 9495
8370 9511
7961 9589
8670 9271
8436 9423
8346 9504
7987 9575
8349 9450
8357 9427
7976 9569
8595 9149
8415 9387
8312 9479
8384 9420
8321 9469
8301 9468
8385 9383
8353 9403
8307 9447
8248 9446
8385 9350
8331 9362
8325 9394
8294 9416
8293 9435
8293 9435
8210 9435
8383 9350
8265 9424
8264 9430
8241 9429
8366 9327
8253 9372
8307 9336
8323 9335
8253 9372
8175 9411
8343 9291
8287 9331
8232 9382
8333 9292
8181 9384
8179 9384
8262 9294
8228 9370
8255 9296
8207 9374
8173 9374
8248 9293
8215 9309
8204 9366
8191 9364
8209 9182
8204 9348
8205 9270
8137 9343
8195 9228
8182 9329
8113 9343
8178 9282
8071 9314
8173 9220
8128 9233
8093 9286
