1866 42.367
2939 4015 3367
3132 4122 3076
3174 4120 3027
3359 3165 3851
3432 3150 3836
3862 3367 3241
3417 3211 3809
3429 3308 3794
3442 3182 3814
3751 3709 3134
3654 3333 3668
3091 3898 3508
3338 4085 3095
3332 4068 3206
3588 3996 3050
3851 3513 3343
3538 3409 3754
3683 3895 3126
3565 3260 3758
3828 3494 3423
3647 3374 3690
3650 3781 3398
3506 3358 3780
3405 3424 3832
3720 3389 3667
3825 3554 3315
3811 3483 3446
3012 3743 3643
3707 3645 3483
3197 4110 3187
3765 3695 3382
3661 3527 3636
3379 3485 3744
2996 3862 3593
3631 3800 3495
3637 3292 3700
3461 4037 3156
3687 3281 3675
3363 4057 3223
3162 3953 3433
3520 3236 3788
3376 3429 3819
2975 4012 3357
3796 3525 3440
3779 3510 3472
3371 3470 3772
3319 3736 3642
3699 3583 3608
3395 3539 3704
3609 3545 3661
3306 4092 3109
3447 3462 3734
3258 4114 3093
3595 3967 3081
3221 3920 3422
3216 4017 3284
3062 4027 3340
3455 3807 3497
3127 4104 3194
3412 3456 3763
3702 3446 3651
3187 4046 3276
3736 3634 3446
3267 3828 3601
3024 3939 3552
2958 4002 3421
3475 3872 3465
3238 4107 3179
3548 3977 3162
3289 3958 3413
3031 4011 3361
3297 3885 3555
3445 3466 3720
3260 4095 3116
3278 4063 3255
3479 3939 3278
3359 3165 3851
3592 3232 3711
3572 3770 3502
3535 4042 3039
3522 3752 3505
3788 3623 3353
3593 3602 3630
3118 4007 3386
3121 3984 3455
3161 4074 3258
3589 3535 3680
3726 3607 3571
3470 3964 3335
2996 4009 3374
3146 3991 3414
3572 3823 3444
3277 4092 3229
2950 3917 3560
3153 3990 3377
3493 3975 3262
3636 3840 3310
3622 3916 3243
3611 3614 3548
3534 3708 3582
3533 3717 3596
3073 4002 3406
3690 3839 3384
3574 3668 3566
3559 3684 3531
3572 3728 3526
3502 3883 3296
3509 3574 3666
3579 3712 3516
3466 3727 3575
3491 3897 3320
3485 3691 3616
3108 4033 3337
3132 4122 3076
3573 3627 3588
3515 3877 3267
3652 3863 3226
3238 4107 3179
3515 3723 3539
3545 3617 3625
3623 3611 3542
3425 3991 3306
3536 3577 3651
3174 3984 3318
3625 3664 3538
3073 4002 3406
3108 4033 3337
3579 3712 3516
3472 3504 3712
3637 3653 3480
3468 3981 3286
3063 4013 3350
3502 3883 3296
3504 4004 3245
3523 3630 3600
3637 3653 3480
3031 4011 3361
3491 3605 3626
3485 3691 3616
3472 3504 3712
3425 3991 3306
3568 3683 3533
3238 4107 3179
3181 4119 3111
3509 3574 3666
2939 4015 3367
3625 3664 3538
3552 3676 3562
3515 3877 3267
3062 4027 3340
3545 3617 3625
3063 4013 3350
3568 3683 3533
3181 4119 3111
3523 3630 3600
3468 3981 3286
2939 4015 3367
3552 3676 3562
3636 3840 3310
3504 4004 3245
3552 3676 3562
3564 3604 3612
2939 4015 3367
3181 4119 3111
3564 3604 3612
3564 3604 3612
3552 3676 3562
3622 3916 3243
3536 3577 3651
3108 4033 3337
3552 3676 3562
2939 4015 3367
3509 3574 3666
2939 4015 3367
2939 4015 3367
2939 4015 3367
2939 4015 3367
3031 4011 3361
3031 4011 3361
3062 4027 3340
3062 4027 3340
3108 4033 3337
3132 4122 3076
3132 4122 3076
3132 4122 3076
3132 4122 3076
3132 4122 3076
3132 4122 3076
3238 4107 3179
3238 4107 3179
3238 4107 3179
3238 4107 3179
3425 3991 3306
3502 3883 3296
3502 3883 3296
3502 3883 3296
3552 3676 3562
3552 3676 3562
3622 3916 3243
3636 3840 3310
3636 3840 3310
2936 4011 3313
3309 4041 3141
3397 3345 3684
3659 3578 3578
3180 3911 3356
3540 3494 3608
3564 3776 3396
3494 3978 3216
3013 4024 3281
3042 3999 3371
3618 3730 3346
3117 3902 3374
3421 3826 3304
3458 3843 3292
2936 4011 3313
3517 3534 3660
3574 3664 3443
3541 3705 3499
3552 3628 3534
3134 3925 3299
3514 3706 3560
3364 3597 3601
3512 3674 3595
3368 3972 3240
3465 3947 3247
3417 3970 3267
3367 3875 3298
3601 3597 3459
3599 3624 3481
3596 3661 3448
3473 3564 3645
3583 3627 3538
3552 3608 3583
3483 3516 3678
3126 3935 3344
3523 3569 3626
3513 3564 3633
3522 3698 3579
3122 3966 3333
3122 3966 3333
3483 3516 3678
3592 3591 3606
3523 3585 3607
3486 3902 3245
3555 3619 3579
3555 3619 3579
3513 3564 3633
3483 3516 3678
3483 3516 3678
3555 3619 3579
2929 3879 3345
3037 4030 3012
3120 4016 2934
3392 3501 3653
3452 3371 3634
3614 3570 3574
3313 3843 3277
3483 3730 3390
3144 3971 3115
3531 3632 3488
3427 3446 3634
3407 3823 3236
3503 3681 3523
3367 3905 3244
3111 4007 3108
2959 3969 3121
2997 3870 3364
2940 3997 3324
3472 3927 3192
3088 4014 3020
3534 3602 3548
3412 3486 3641
3513 3718 3370
3513 3653 3555
3414 3558 3635
3392 3521 3648
3107 4013 3002
3446 3937 3222
3561 3506 3588
3585 3582 3581
3473 3510 3606
3377 3851 3234
3088 4014 3020
3402 3958 3196
2946 3949 3267
3534 3588 3597
3581 3621 3527
3579 3626 3533
3450 3909 3227
2987 3948 3267
3470 3959 3193
3451 3642 3585
2976 3945 3344
3100 3943 3327
3100 3943 3327
2976 3945 3344
3513 3718 3370
3107 4013 3002
3579 3626 3533
3105 3907 3276
3105 3907 3276
3105 3907 3276
3470 3959 3193
3470 3959 3193
2976 3945 3344
3470 3959 3193
3470 3959 3193
2875 3833 3355
3059 4014 3008
3072 4003 2968
3331 3434 3652
3351 3371 3638
3596 3508 3525
3284 3890 3241
3104 3984 3074
3410 3714 3264
3450 3663 3466
3467 3951 3183
2968 3913 3343
3017 3977 3092
3586 3544 3416
3511 3704 3310
3386 3849 3210
2923 3942 3201
3442 3479 3596
3440 3607 3553
3338 3883 3226
3352 3681 3325
3054 4004 3027
3578 3597 3523
3331 3434 3652
3366 3384 3637
3578 3417 3556
3017 3977 3092
3546 3557 3555
3415 3594 3580
3365 3451 3631
3412 3531 3629
3524 3572 3586
3434 3524 3588
3540 3579 3557
3584 3580 3538
3052 3936 3312
3055 3993 3009
3458 3949 3190
3596 3508 3525
3095 3930 3316
3436 3926 3201
3333 3422 3633
3090 3934 3201
3090 3934 3201
3090 3934 3201
3331 3434 3652
2958 3944 3145
2990 3970 3088
3063 3952 3059
3412 3497 3629
3507 3476 3583
3555 3518 3495
3301 3607 3513
3081 3812 3310
3492 3671 3209
3079 3903 3312
3332 3825 3220
3550 3565 3475
3381 3795 3209
3426 3919 3189
3398 3527 3592
3317 3538 3582
3404 3513 3568
3544 3590 3521
3374 3812 3201
3504 3514 3538
3412 3497 3629
3551 3493 3524
3544 3590 3521
3374 3812 3201
3374 3812 3201
3412 3497 3629
2961 3943 2977
3398 3468 3628
3501 3486 3492
3077 3857 3185
3452 3580 3507
3335 3914 3181
3374 3765 3205
3007 3861 3302
3413 3878 3137
3375 3520 3588
3380 3478 3517
3076 3863 3242
2969 3900 3211
3053 3879 3212
2969 3891 3237
3372 3472 3599
3372 3472 3599
3053 3879 3212
3053 3879 3212
3053 3879 3212
2959 3891 3225
2983 3910 3020
3290 3442 3626
3460 3423 3415
3317 3793 3116
3282 3465 3621
3037 3869 3144
3258 3833 3175
3320 3464 3586
3404 3829 3060
3384 3460 3624
3285 3838 3094
3290 3442 3626
2930 3836 3190
2992 3866 2994
3018 3860 2938
3357 3392 3611
3361 3451 3598
3321 3720 3058
3164 3829 3166
3198 3829 3140
2980 3854 3010
2992 3866 2994
2992 3866 2994
3045 3811 3153
3176 3829 3105
3360 3433 3577
2674 3779 3061
2950 3808 2887
3215 3276 3575
3326 3382 3564
3025 3776 3144
3306 3419 3446
2923 3807 3011
3287 3412 3468
3038 3787 2987
2925 3804 2985
2909 3784 2914
3236 3277 3470
2940 3706 2966
3013 3728 2964
2954 3755 2946
2930 3777 2932
2846 3748 2939
2889 3782 2906
2904 3682 2852
2892 3691 2901
2848 3705 2896
2886 3744 2886
2886 3744 2886
2886 3744 2886
2865 3681 2872
2875 3693 2827
2841 3663 2865
2859 3671 2845
2817 3638 2824
2847 3635 2802
2795 3634 2800
2795 3634 2800
2802 3617 2808
