804 22.4428
8841 9147
8764 9193
8764 9193
8764 9193
8764 9193
8764 9193
8831 9175
8831 9175
8764 9193
8764 9193
8764 9193
8764 9193
9061 8873
8831 9175
8795 9054
8810 9057
8764 9193
8841 9147
8746 9117
8769 8949
8806 8903
8806 9068
8795 9054
8831 9175
8764 9193
8782 9037
8764 9193
8813 9099
8754 9099
8746 9117
8831 9175
8831 9175
8831 9175
8831 9175
8831 9175
8831 9175
8764 9193
8806 8903
8841 9147
8831 9175
8841 9147
8831 9175
8806 9068
8806 9068
8764 9193
8813 9099
8795 9054
8764 9193
8764 9193
8806 8903
8831 9175
8841 9147
8769 8949
8841 9147
8831 9175
8806 9068
8841 9147
8831 9175
8796 8931
8841 9147
8796 8931
8795 9054
8831 9175
8764 9193
8841 9147
8831 9175
8841 9147
8806 9068
8841 9147
8831 9175
8795 9054
8764 9193
8796 8931
8831 9175
8841 9147
8769 8949
8841 9147
8806 8903
8841 9147
8764 9193
8831 9175
8838 8968
8813 9099
8841 9147
8841 9147
8795 9054
8831 9175
8813 9099
8764 9193
8795 9054
8764 9193
8769 8949
8831 9175
8795 9054
8806 9068
8831 9175
8841 9147
8831 9175
8764 9193
8831 9175
8764 9193
8831 9175
8841 9147
8831 9175
8806 9068
8769 8949
8795 9054
8795 9054
8831 9175
8764 9193
8841 9147
8764 9193
8795 9054
8831 9175
8795 9054
8795 9054
8806 8903
8871 8887
8806 9068
8841 9147
8841 9147
8841 9147
8841 9147
8806 9068
8813 9099
8795 9054
8831 9175
8841 9147
8764 9193
8831 9175
8795 9054
8831 9175
8754 9099
8764 9193
8718 8930
8806 9068
8831 9175
8795 9054
8806 9068
8746 9117
8782 9037
8795 9054
8831 9175
8813 9099
8795 9054
8841 9147
8831 9175
8831 9175
8795 9054
8806 8903
8841 9147
8795 9054
8718 8930
8795 9054
8795 9054
8746 9117
8795 9054
8860 9038
8795 9054
8795 9054
8795 9054
8764 9193
8841 9147
8796 8931
8795 9054
8831 9175
8795 9054
8831 9175
8795 9054
8806 9068
8841 9147
8795 9054
8841 9147
8831 9175
8831 9175
8841 9147
8795 9054
8795 9054
8764 9193
8796 8931
8795 9054
8841 9147
8764 9193
8764 9193
8718 8930
8764 9193
8841 9147
8841 9147
8795 9054
8831 9175
8806 9068
8795 9054
8795 9054
8831 9175
8841 9147
8764 9193
8841 9147
8795 9054
8795 9054
8841 9147
8831 9175
8841 9147
8831 9175
8831 9175
8841 9147
8841 9147
8841 9147
8764 9193
8841 9147
8831 9175
8831 9175
8810 9057
8795 9054
8764 9193
8795 9054
8764 9193
8831 9175
8746 9117
8795 9054
8806 9068
8831 9175
8806 9068
8718 8930
8806 8903
8831 9175
8796 8931
8795 9054
8795 9054
8764 9193
8795 9054
8831 9175
8841 9147
8795 9054
8831 9175
8841 9147
8831 9175
8746 9117
8796 8931
8806 9068
8831 9175
8841 9147
8769 8949
8764 9193
8764 9193
8831 9175
8795 9054
8841 9147
8841 9147
8841 9147
8831 9175
8831 9175
8795 9054
8795 9054
8795 9054
8841 9147
8795 9054
8795 9054
8746 9117
8813 9099
8813 9099
8764 9193
8841 9147
8814 8872
8831 9175
8795 9054
8764 9193
8795 9054
8813 9099
8841 9147
8795 9054
8796 8931
8795 9054
8795 9054
8806 9068
8841 9147
8841 9147
8795 9054
8841 9147
8795 9054
8831 9175
8795 9054
8841 9147
8813 9099
8795 9054
8841 9147
8795 9054
8841 9147
8795 9054
8795 9054
8831 9175
8806 9068
8806 8903
8796 8931
8841 9147
8764 9193
8841 9147
8795 9054
8831 9175
8831 9175
8806 9068
8831 9175
8841 9147
8795 9054
8769 8949
8795 9054
8841 9147
8831 9175
8795 9054
8813 9099
8806 9068
8841 9147
8769 8949
8831 9175
8795 9054
8841 9147
8718 8930
8806 9068
8795 9054
8841 9147
8841 9147
8764 9193
8841 9147
8795 9054
8764 9193
8764 9193
8831 9175
8795 9054
8831 9175
8841 9147
8795 9054
8795 9054
8841 9147
8831 9175
8795 9054
8795 9054
8795 9054
8718 8930
8831 9175
8764 9193
8741 9019
8764 9193
8718 8930
8795 9054
8795 9054
8764 9193
8831 9175
8795 9054
8764 9193
8754 9099
8764 9193
8769 8949
8795 9054
8813 9099
8831 9175
8841 9147
8795 9054
8795 9054
8795 9054
8795 9054
8813 9099
8764 9193
8841 9147
8831 9175
8841 9147
8764 9193
8841 9147
8796 8931
8831 9175
8795 9054
8841 9147
8813 9099
8795 9054
8831 9175
8841 9147
8841 9147
8831 9175
8795 9054
8841 9147
8795 9054
8795 9054
8841 9147
8769 8949
8831 9175
8831 9175
8795 9054
8746 9117
8795 9054
8795 9054
8813 9099
8841 9147
8746 9117
8841 9147
8806 9068
8831 9175
8831 9175
8795 9054
8795 9054
8764 9193
8764 9193
8831 9175
8831 9175
8841 9147
8881 8989
8841 9147
8764 9193
8841 9147
8806 8903
8795 9054
8813 9099
8795 9054
8831 9175
8841 9147
8764 9193
8795 9054
8841 9147
8831 9175
8796 8931
8841 9147
8764 9193
8841 9147
8838 8968
8841 9147
8795 9054
8841 9147
8754 9099
8841 9147
8841 9147
8819 8955
8831 9175
8769 8949
8795 9054
8795 9054
8764 9193
8795 9054
8795 9054
8841 9147
8870 9010
8841 9147
8831 9175
8795 9054
8841 9147
8831 9175
8841 9147
8831 9175
8841 9147
8764 9193
8841 9147
8806 8903
8795 9054
8795 9054
8841 9147
8831 9175
8806 8903
8764 9193
8806 9068
8841 9147
8806 9068
8831 9175
8804 9102
8814 8872
8841 9147
8831 9175
8831 9175
8795 9054
8795 9054
8831 9175
8841 9147
8831 9175
8795 9054
8795 9054
8806 9068
8795 9054
