55 5.31205
29639 27499 27720
30068 29727 29042
29075 29908 29474
27909 28378 29545
29220 27509 29004
28192 27734 28738
29009 29869 27780
29094 28308 29333
28520 28790 29503
27714 27709 29270
29289 30258 28710
28579 28518 28822
28829 29266 28816
29190 29224 27364
28137 29667 28920
28843 30232 28078
28554 28337 29093
29010 29338 30257
29503 29543 29508
28601 27711 28040
27156 27216 28052
27814 26539 27927
27811 28068 28852
28047 28779 28626
29334 28814 29171
28972 29354 27490
28503 28404 29291
27316 28173 27893
28283 29298 29864
27803 28166 29302
30001 29946 28825
28580 29167 29300
29199 28556 28669
29906 29075 29190
28002 27382 29205
29767 28388 28650
30372 29493 28936
30077 29224 29083
28246 28476 28548
29765 29192 29521
29298 29415 28668
28845 28640 29180
27566 27893 28914
29394 29571 28707
29664 28306 28600
28879 29620 29197
29059 29888 29139
29577 29713 28723
29377 28463 27794
28223 28668 29357
29333 29534 28304
28159 28974 28971
28621 29727 28002
27497 28490 28862
28478 28606 29538
29280 29328 29657
28921 29332 30033
29265 28880 27764
28982 27813 27661
28436 29552 28460
28051 28348 29742
28523 27176 27252
28111 30730 27747
29562 27111 28443
28386 27278 28440
27826 27127 27536
29538 28947 27832
27853 30112 28006
28548 28724 29578
27544 27553 29181
28133 29651 28358
29704 29084 28965
27227 27514 27592
29976 29833 28827
29629 29703 27713
28542 27387 27124
28504 29367 29538
29599 29280 29209
29991 29285 29201
29537 29373 27628
27990 26637 26817
27276 27069 27757
28147 28092 28989
30002 29757 29259
29968 30026 28589
29077 29079 30179
29270 28619 29379
29564 29186 29316
28468 29174 28947
29219 28980 29429
29529 29428 28265
30029 29149 29333
29158 30297 28454
29214 29227 28190
29002 29340 29169
29632 29693 29357
29449 29484 29085
28653 29473 30191
28927 27764 28731
27837 29000 29439
27912 27630 28673
29872 28786 29260
27401 26025 28186
29085 28912 29302
28800 30299 28680
27019 26320 28120
27272 28603 27793
28685 29619 28966
27973 29040 28632
28256 28900 29482
28879 29187 29093
29047 27656 28043
29270 29679 29642
27893 27302 27854
28299 28980 29311
28673 28598 29352
29247 30175 28565
28839 29426 29565
28724 28791 29020
29033 29667 29000
27442 29028 28675
29255 30464 28031
28915 27070 27700
28292 28812 29106
29076 28672 28907
28476 27694 28015
28665 28599 29740
29642 29369 29453
29593 29036 29514
29151 29548 27456
28811 29925 28123
29245 29676 29857
29222 28712 29533
28266 28881 26865
28309 29406 29522
28047 28535 29648
29038 29970 29010
27841 27391 29181
28521 28293 26318
29456 29450 29061
28526 29138 28688
28533 28698 29155
28772 28851 29750
28690 28995 29075
27482 28830 28761
28584 29307 29730
29400 28893 28789
29620 29452 27924
28455 27013 28244
29834 30226 28584
29212 29278 29609
28424 27816 28322
29064 29345 29535
28506 28932 27138
28606 28973 29882
29115 29002 29616
27491 27313 28623
27788 28757 29189
29473 29901 29299
28057 29098 28631
30008 29730 28525
27128 28478 28959
29188 30128 28590
29615 29890 28898
29264 29936 29994
29645 30206 28732
28752 29702 29322
29049 29835 29243
30139 29527 28839
28727 29275 30197
28659 27979 28381
28907 28694 27579
29197 29186 29055
27326 28176 28055
28920 28298 28793
27543 28561 29316
27822 27792 28060
29182 28245 28649
28657 28447 28868
28009 27676 29285
28612 29022 27769
29350 29795 28912
27618 28701 28565
27754 28321 29411
29486 29837 28612
27538 28411 28174
29365 29094 29423
29677 29316 29107
29347 29353 27926
29143 29181 28728
29005 29446 29426
28419 28135 28777
28191 27714 28369
28886 28488 28613
29156 27458 28569
28447 28428 27408
30149 29372 29174
28779 28718 28633
29645 30063 29358
29306 29367 29510
27751 27523 28217
27927 29703 28349
29674 29243 27966
28832 29682 27386
29901 28381 29143
28364 29110 29580
28761 29679 29835
28860 29684 27180
28391 29511 27504
29320 30468 27866
28490 28942 28655
28771 27297 27484
27958 27931 29700
28764 29381 29975
27559 28449 28581
26973 28809 28718
28509 27684 28971
29249 29324 30058
29316 30142 28714
28741 29448 28923
29672 28991 29062
28713 28630 29262
27918 29159 28931
28221 28751 30017
28934 27658 28285
27848 29841 28737
29880 29712 28052
29730 29267 28959
28049 28514 29238
28992 29602 28408
29172 29867 29582
29594 29359 29481
28999 29970 29569
28724 28867 27985
28965 29725 29984
29780 28684 29517
28177 27941 28651
29153 29098 27437
28701 28652 30137
28954 29372 28504
28870 28776 29930
28288 28903 29748
28433 27454 27561
28805 30143 28368
27866 27913 28787
27362 27965 28941
27947 28406 28775
29034 29275 27780
28931 28980 28326
27860 29021 29438
27830 27988 29167
29391 29649 28675
27470 28839 28990
27553 28385 28521
28268 27797 28719
29172 29305 29176
27603 28000 27630
28594 28584 28904
28497 29189 29988
27960 29000 28894
28079 27688 29060
28577 29463 29197
28684 27902 27897
29809 29703 29347
30144 29122 29026
29269 30179 28516
29267 28296 29260
28590 28697 29455
28804 28932 30049
28963 29358 29884
29627 29729 28226
28772 28247 27790
29134 29995 29035
29567 30079 28404
28713 27443 28689
27357 27960 29334
28494 29593 28772
29761 29498 27991
29454 27975 28921
28366 29877 27661
27283 28192 28454
27758 28593 29518
29019 27950 28451
29433 29907 29238
27483 27144 27154
29541 29557 28635
28220 28173 30056
29554 29492 29179
27952 29522 29208
29447 29786 27788
27675 27666 29073
28480 29342 29647
28689 29460 28250
29526 28729 29110
29250 29882 28475
28586 27878 27904
27691 27360 27641
27642 27697 28818
28768 29143 30168
28681 30018 29125
28480 29306 29260
29524 29226 28976
29483 29727 29413
28780 28958 28687
27591 28126 28600
28663 29657 29134
27965 28352 29518
28000 28880 29966
29755 30169 29123
28970 29478 29809
29173 27792 28734
27630 27551 28196
29825 29178 29422
28734 28908 29576
29857 28524 28618
28683 29525 28858
29010 28622 26722
28070 29061 29503
28880 29397 29637
26856 28030 28674
28615 29089 30288
27832 27498 28525
27536 28012 27125
27845 28229 28649
29217 29587 28356
27727 28023 29316
26572 27718 28609
28897 29317 29732
29016 30000 28728
27459 28696 29250
28836 29495 28281
28723 29932 29449
29292 29148 27837
29408 29546 28746
28292 29801 29826
28103 29031 27855
28928 29003 29727
28563 29182 29618
29373 29186 29470
28540 28349 28052
28468 28255 29677
27750 28764 28885
29228 28767 27669
28476 28654 26937
28331 29221 29545
28064 27807 28360
28113 29357 28884
28654 28877 29374
27617 28602 28503
28055 29455 29239
29868 29152 28625
27804 28495 28679
28584 29211 30070
30403 29514 29091
28956 28986 29791
29193 28658 29549
29943 29924 28908
28247 28476 29454
28644 29046 28939
29102 29480 29348
29234 29570 29188
29096 29723 28983
28903 28359 28539
27541 28120 29097
28624 27950 29271
28308 29635 27478
29923 29811 28416
29285 29143 28922
28839 28877 27167
27764 28493 29305
29520 29113 29312
27962 27826 28801
29166 29160 29034
29489 29125 29101
29180 29555 29353
28096 27706 28662
29593 29567 29877
29787 29515 28639
29403 29364 29401
27808 28177 29415
29542 27593 27881
27351 29095 29033
27217 27820 28439
29249 29728 28891
28534 29092 30334
29718 29725 28879
29162 27772 28964
29018 28492 28515
26864 25834 27647
28746 28664 30033
27729 28825 29428
28889 29867 29225
27380 28802 29309
28800 27986 28332
29041 28713 28096
29593 30111 28810
29040 29105 29662
29004 27461 28522
28809 29077 29794
27414 29136 28228
28104 27447 28220
27717 27594 27529
28052 29530 28788
28137 28779 29327
28196 30173 27830
28803 27994 28146
29305 29564 29820
27837 27815 28949
29715 28454 28730
27651 29551 28294
29465 30266 28832
28209 28751 29878
27502 27249 28919
27498 28552 28805
27591 27415 27992
28775 27672 27101
28097 28811 28538
27358 29210 27796
30278 29114 29072
29045 30062 28143
27279 27961 27454
29268 29988 28236
27926 27726 27908
27389 27627 27837
29203 27838 28266
29588 28893 28892
30066 29210 28435
29507 29372 29430
26877 27862 27233
30108 29440 29254
29412 28244 29031
29213 30087 28179
27777 27368 28658
28213 28222 28665
29672 29024 28957
29155 29534 29465
28838 29368 29114
29617 28941 28189
29657 29150 28280
29855 29196 29051
30235 28999 28774
28690 29948 28691
28061 28769 29851
27813 28049 29521
29942 29222 28565
29130 30195 29475
28992 28985 29774
28511 28552 29144
28217 27188 26699
28583 28501 28935
28913 29401 29458
29897 29421 28997
