17 1.86343
28877 29110 28262 28626
28647 29223 28018 28600
29319 28417 28482 28720
28959 28510 27367 27788
28635 29297 29064 28997
29803 28030 28033 28456
28024 28203 28625 28597
29637 29325 29061 29179
28085 28722 28176 28205
28885 29100 29047 28934
28858 29914 28918 28446
29295 29529 29317 29533
29088 29254 28810 28421
29536 29921 29051 28465
28825 28694 27994 28129
29291 28660 28488 27799
28670 29159 28693 28363
29131 30079 28346 28653
29952 29788 29074 29081
29175 29667 29203 28633
27878 28374 27622 28375
30214 29487 28589 29049
27987 28480 27996 27876
29372 28512 29329 28894
27656 27921 28830 28598
28636 29503 28229 28075
28418 28833 28357 28484
29457 30105 29266 28485
28743 28675 28777 29276
28613 28839 29002 28028
29321 29205 27937 28510
29027 28530 28903 28299
27814 28937 28207 27908
28235 28832 27946 28978
29136 29511 28966 28560
29527 29417 28211 28528
29318 30002 28920 28569
28273 28334 27607 28845
29396 29809 29482 28513
29511 29275 28907 28583
28786 29481 28536 28424
29719 29687 29175 28918
29091 28843 28408 28588
29689 28694 28936 29170
28484 29457 28421 28404
29009 29513 28484 28123
29433 30135 29318 28759
28480 28334 29126 28354
28337 28198 28222 27877
29302 29641 28342 29326
29013 29669 29168 28405
28880 29328 28790 28515
28544 29108 28539 28320
29701 29953 29504 28691
28045 28727 28485 27843
29202 29452 29401 28664
29204 29893 29448 28487
28591 28735 28485 27824
28426 29025 28006 27834
28191 29871 28241 29276
28685 29617 27869 28287
29077 29321 28883 28584
27686 27533 28165 28785
29184 29544 29016 29163
29082 29234 28529 28346
29100 29320 29150 28606
28113 27694 28882 28100
28785 29109 28741 28589
28440 29680 28710 28664
29133 29483 28686 28455
28842 28551 29256 28762
28774 28755 27263 28243
29061 29590 29085 28619
29810 29226 29648 29210
28820 28948 28275 29319
29516 29752 29073 28481
28727 29226 28381 28467
29164 29538 28918 28772
29369 28965 29546 28587
29650 29929 28984 28385
29224 29396 28785 28551
29387 29362 28720 28622
28368 28796 29091 29282
29216 29686 29499 28643
29618 29370 28678 28897
29706 29586 28694 28690
29190 29360 28822 28714
28002 28530 27916 28856
28942 29386 28452 28535
29644 30081 29104 28610
29037 29458 29063 28703
29813 29714 29137 28647
29584 29385 28454 28842
28175 29238 28043 28285
29308 29545 28515 28474
28638 28657 28113 27745
28918 29469 28824 28382
28653 29299 28618 28325
28552 29089 28787 28970
29459 29093 28814 28265
28808 28662 28466 28741
29085 28786 28116 27629
29521 29647 28769 28498
27490 27556 28737 27944
28877 28387 28523 28894
28707 28843 28579 28574
28137 28595 29392 27946
28729 30028 28869 28925
29516 28067 28293 27587
29489 29888 29131 28842
29508 28835 28234 28553
28804 28173 28665 28170
29000 29339 28677 27437
29288 29670 28872 28321
28903 29028 27591 27771
28808 28661 29101 28074
28543 29082 28137 28735
28317 28839 28606 29073
29090 29546 29103 28197
28116 28739 28372 28566
29886 30205 29283 28859
28831 29214 28279 27875
29340 29503 28732 28386
28510 28903 27663 27866
28677 29098 28284 28432
29857 28962 28280 28795
28653 28461 29189 28402
29411 28450 28042 28709
29311 29088 28650 28193
29095 29099 29584 28440
28939 29222 29007 28506
29066 28890 28528 28375
29145 29577 29274 28786
27877 28290 27276 28158
28860 28854 28731 28557
29079 29312 29265 28416
28284 28953 28010 28391
29639 28919 27921 28484
29099 28872 28254 29409
29230 29606 28217 28431
28824 28376 28883 28863
29153 29348 28713 28323
28195 28290 29076 28507
29089 28987 27808 28297
29296 29492 29271 28412
29628 29574 28253 28225
28738 28472 28037 28143
29163 29093 28149 28308
28638 28165 27920 27449
28982 29218 27506 27750
29086 28718 28505 28615
29037 29280 29019 29114
28826 29141 29065 28758
28924 28370 28673 28269
28696 29527 27506 28755
28896 28257 28557 28118
29336 29706 28697 28428
27900 27967 27782 27905
28490 29282 28710 28472
28575 28611 28529 27893
29721 29972 29232 28519
28590 29136 28764 28222
29525 29893 29259 28692
28403 28315 28302 28397
28893 28581 28488 27919
28542 28844 28697 27729
29072 29359 28447 27781
29072 29061 28828 27573
29417 29286 28924 28735
29513 29953 28943 28541
27778 27557 28881 28112
28969 29627 28667 28264
29472 29689 28361 28918
29595 29899 29207 28783
28839 28744 28243 28594
29091 29300 28784 28591
29585 28941 28823 28674
29043 29327 27942 28972
28371 29284 27965 27984
28694 28777 28947 28448
29366 29763 28867 28521
28757 28652 27521 27839
29188 28764 28709 27906
27934 28952 28222 27980
28586 28951 28840 28448
28926 29921 28973 28481
29722 29380 28832 28857
28612 29082 28405 28175
28513 29162 27960 28119
28304 29590 28844 28471
29138 28966 27812 28969
29471 29532 29071 28936
29277 29800 29046 28536
29832 30100 29468 28674
27615 28408 27908 28377
28776 29049 28392 28080
28546 28981 28578 28280
29731 30115 29179 28486
28998 28856 28380 27888
29675 29136 29032 29130
29084 28707 29574 28466
29490 29933 28889 28992
29452 29284 29024 28327
29655 29941 29085 28959
28862 29089 28709 28393
29263 29942 29182 28916
29285 29150 28883 29310
28786 29420 29112 28684
28903 29488 29096 28832
29561 30166 29159 28790
28987 28875 28653 28330
28751 29551 28569 28270
28166 28911 28106 28490
29520 29188 28543 28195
29000 29051 28774 28510
29339 29299 28734 28322
28731 28042 28133 28320
28996 29218 29037 28593
28985 28137 27282 28220
28982 29306 29225 28550
29091 29446 28031 28082
29387 29048 29154 28508
28902 28580 28240 28794
29066 29378 28550 28172
28282 29776 28200 28492
28760 28904 28398 27840
28118 28599 28372 28243
29415 29240 28569 28917
28341 29076 27597 28554
28752 29177 28882 28055
28410 28895 28827 28370
28407 27624 28494 28939
29360 29899 28775 28404
28494 28569 28134 28685
28729 28219 28373 28411
27843 27504 27897 29031
29080 29864 29263 28694
28606 28102 28774 28656
28213 28702 28348 28336
27962 28788 28862 28537
28186 29059 28918 28510
28597 28112 28323 28115
29068 28847 28465 28245
29167 29778 29432 28735
28623 29052 29049 28683
28896 29285 28804 28518
29609 29975 28391 27963
28177 29496 28529 29445
28761 28872 27794 27912
29127 29445 28356 28104
27849 28962 27730 28110
29084 29412 28177 27843
29259 29694 29178 28562
28640 28313 28299 27566
28574 29248 27449 28363
28749 29593 27818 28410
29008 29158 27860 28652
28638 27565 28501 28547
28647 27781 28320 27542
29274 29092 28519 28430
29145 29405 27275 28977
29107 29352 29125 28724
28187 28855 28571 28564
28145 28673 28933 28024
28676 28855 28186 28075
29195 28303 27576 28533
27987 28800 27815 28551
28941 29461 29373 28627
28664 29634 29662 28721
29422 28981 28050 28230
29258 29196 28390 28406
28542 28531 28566 28651
28627 29209 28484 28432
28506 28348 29039 28112
28456 29304 29091 28608
29012 28979 28365 28661
29411 29759 29016 29229
29285 29358 29215 28477
28506 28609 29268 28640
29173 28759 28805 29455
28597 29161 28205 28483
29595 30018 28985 28531
27986 28811 28505 28354
28406 28606 28582 28810
29526 29970 28814 28558
29065 29755 29311 28726
28944 28921 27784 27957
29502 29160 29410 28487
29019 29274 28432 28330
28845 28930 27729 28514
29083 29221 28878 29380
28122 27934 27608 27819
28740 29191 28258 28616
28982 28868 29279 28802
28324 29160 28287 28438
29756 29268 28495 28559
28849 28890 28563 28479
28627 27770 27951 28025
28765 28055 27761 28032
28106 28485 27669 28312
29303 29206 28355 28811
28794 29098 28845 27802
28474 28216 27916 28219
27853 28572 28225 28365
27709 28524 28230 28182
28297 29153 28385 28470
28993 29380 28769 28855
29111 28721 28464 28542
28207 29343 28445 28576
28683 28603 28952 28810
28548 28476 28511 28307
28240 28487 28984 28031
28948 29198 28741 28644
29206 29602 29027 28083
29034 29077 28446 28222
29134 28799 28324 27965
29083 29492 29172 28766
29637 29113 29137 28381
28567 28978 29061 29118
28941 29132 28263 27817
29542 29475 28921 29096
28682 29091 28466 28085
28937 29330 29255 28653
28249 29200 28352 28149
27543 27728 28428 28202
29228 28497 28333 27777
27759 28611 27949 27845
28766 28418 28203 27931
27305 29021 28140 28817
29565 29197 29214 28162
28936 29566 28338 28747
29306 29900 28871 28482
29693 29863 28782 28365
29117 29330 28235 28004
28408 29077 28312 28438
29119 29651 28487 27895
28937 28882 27724 27607
29131 29090 28519 28409
28922 28526 28566 28125
29421 29678 28594 28823
29039 28860 27917 28341
29154 28603 28850 28047
29261 28719 29200 28468
28532 29331 28788 28301
29078 28543 28222 27925
28761 29008 28447 27900
28623 28233 28268 28643
29175 28554 28048 27902
28311 28189 27459 27985
29300 29179 28638 28938
29189 29792 29049 28620
28604 28490 29402 29056
28293 28107 27152 28302
28243 28591 27937 28019
29025 29037 28076 27922
29581 28876 27841 28190
28745 29218 28291 27998
29195 28701 27924 28020
28931 29107 28503 28416
29266 28809 28931 28280
29009 29411 28457 28470
28775 29270 28686 28861
27676 28746 28776 28104
28628 29215 28956 28519
29331 29306 28769 28616
28918 29125 28867 28600
28658 28375 27768 28293
28637 29173 28626 27952
29091 29353 29406 28677
29537 29089 29153 28504
29054 29242 28411 28333
29736 29554 29197 28488
28419 28489 28120 28388
29825 29553 28573 28484
28478 28868 27439 28113
28799 28900 29104 28752
29131 28078 28557 28714
29480 30045 28894 28617
28782 28386 29047 28239
29142 29332 29465 28792
29550 29681 28888 28704
29250 29351 28579 28855
29897 29629 28661 29355
28398 27772 28556 28248
28960 29403 28850 28600
28688 29084 28965 28663
28831 28622 28675 28198
29314 29372 28631 28078
28512 28687 28234 28453
28819 29224 28692 28330
28862 29211 28107 28396
29436 29274 28792 28293
28624 28868 28332 28386
29026 29191 28409 28427
29704 29722 29562 28649
29461 29553 28571 28214
28844 29291 29355 28341
28779 29330 28497 28564
29885 29686 28859 28707
28071 28322 28114 28448
29507 28937 29005 29051
29276 29251 28545 27679
28701 27778 28138 28511
29598 29973 29161 29092
28271 29249 29068 28675
29428 28854 28665 28617
28921 28625 28764 28340
28573 28712 28206 28015
28617 28882 28749 28290
28437 29419 28897 28829
28977 28601 28227 28028
28355 28862 27791 28259
29263 28915 26924 28187
29212 28392 28357 28522
28479 29252 27451 28250
28686 28788 28920 28043
29410 29375 29144 28488
28629 27816 28487 27821
28424 29063 28846 29512
28152 29315 27474 28501
28949 29538 28851 28721
29022 29496 28560 28637
28646 29095 28747 28780
27602 27785 28225 28288
27914 28277 29135 28980
29172 27895 28110 28627
27671 28467 28942 28498
29089 29757 28990 28269
27992 27543 27404 27767
29833 28518 28116 28092
29641 29647 28679 28590
28625 28163 28283 28093
28655 28756 28384 28532
29640 29845 29276 28954
28664 29431 28872 28501
28720 29315 28637 28278
29350 29723 29277 28923
29088 28364 28592 27956
29314 29454 28349 28238
28396 29118 27728 28351
28466 29171 28312 28274
27906 27912 27651 28208
28956 29446 29041 28102
28553 29219 27765 27991
29086 28656 27906 28348
28764 29270 28225 29059
29793 29943 29046 28616
28111 28749 29029 28008
29521 29035 28357 28268
28871 29455 29079 29431
29555 29312 28380 28728
29106 29550 28104 28099
