257 10.6585
32523 33257 33681 34558
32749 34589 32941 33639
32976 33770 33394 34562
32984 33899 34231 33541
33328 34563 32754 33355
33437 33723 34115 33018
33494 32868 33615 34059
34019 33091 32784 33044
34019 33091 32784 33044
33637 33345 33694 33239
33494 32868 33615 34059
33823 34193 32964 33315
33679 33058 33379 34168
32553 34187 33820 33332
32670 33522 33627 34413
33905 33331 33343 33485
33125 33849 34053 33415
32876 34239 33783 33385
33905 33331 33343 33485
33510 34301 32838 33660
34006 34176 33253 34041
33809 33197 33425 33246
33454 34319 32865 33930
33363 34492 32981 33623
33024 33652 33055 34529
33578 33638 33168 34195
33103 34397 33139 34068
33754 33496 33591 33554
33806 33190 33476 33978
33362 33820 33955 33749
33142 33684 34116 33332
33298 33749 32798 34290
33278 33450 34046 33484
33532 33630 33800 33598
33363 34492 32981 33623
32804 34041 33423 34053
32818 34195 33041 34349
33372 34271 33092 33676
33410 33135 33717 34271
33682 34457 33283 33517
33397 33544 33459 34182
33345 33670 33562 34272
33704 34088 33381 33823
33468 33716 33870 33468
33309 33599 33584 34310
33399 33920 34014 33677
33115 33455 34177 33877
33436 33970 33020 34123
33235 34538 33707 33885
33196 33878 33347 34394
33042 33359 34227 34133
32712 34202 33492 34379
32969 33955 33848 34252
33103 33728 33916 34162
33060 33935 34024 33959
33679 33058 33379 34168
33410 33135 33717 34271
33285 34155 33216 34122
32523 33257 33681 34558
32954 34419 33179 33900
33610 33958 33652 33281
33150 33993 33384 34148
33537 33089 33285 34307
32942 33374 33491 34481
33263 33833 33496 34358
33504 33413 33507 34424
33363 34356 33669 34020
33328 34563 32754 33355
33111 34082 34155 33678
32672 34398 33786 33494
32938 33280 33565 34449
33721 33649 33454 33771
33198 34068 33793 33485
32553 34187 33820 33332
33487 33764 33658 33837
33060 33935 34024 33959
32893 34332 33100 34107
33285 34155 33216 34122
33115 33969 33950 33935
33024 33652 33055 34529
33561 34197 33330 33352
33682 34457 33283 33517
32672 34398 33786 33494
33231 33366 33620 34197
33460 33790 33891 33927
33231 33366 33620 34197
32818 34195 33041 34349
33103 33728 33916 34162
33501 34243 33307 33672
33597 34180 33553 33693
33126 33404 33688 34171
32523 33257 33681 34558
33008 33905 33516 34432
33653 33678 33376 33871
33386 34148 33755 33721
33240 33760 33725 34038
33558 33903 33594 33397
33610 33958 33652 33281
33474 33681 33683 33913
33461 33630 33269 34455
33263 33833 33496 34358
33624 33459 33743 34047
33362 33820 33955 33749
33454 34319 32865 33930
33144 33915 33681 34231
33515 33271 33255 34069
33769 33703 33263 33934
33805 34181 33250 33601
32915 34432 33566 34007
33704 34088 33381 33823
32958 34003 33409 34311
32915 34432 33566 34007
33111 34082 34155 33678
33235 34538 33707 33885
32878 34216 33025 34256
33754 33496 33591 33554
33133 34145 33239 34057
33052 34130 33772 33877
32714 34053 33738 33907
33769 33703 33263 33934
33742 33952 33364 33472
33653 33678 33376 33871
33637 33345 33694 33239
33568 33468 33433 33910
33335 33481 33862 33993
33365 34343 33136 33768
33316 33856 33394 34095
33115 33455 34177 33877
33468 33716 33870 33468
33422 33800 33071 34063
33052 33685 33272 34431
33174 33845 33641 34287
32670 33522 33627 34413
33149 34272 33042 34098
33317 33790 33308 34146
33086 33779 33800 34257
33385 33898 33883 33777
33792 33455 33345 33728
32712 34202 33492 34379
33272 33747 33301 34181
33495 33543 33632 34026
33487 33764 33658 33837
33038 33962 33601 34065
32958 34003 33409 34311
33144 33915 33681 34231
33506 33942 33581 33411
33521 33736 33698 33793
33486 33680 33704 33697
32893 34332 33100 34107
33368 34119 33363 33940
33111 34051 33805 33793
33422 33800 33071 34063
32969 33955 33848 34252
33363 34356 33669 34020
33424 33779 33524 34003
33506 33942 33581 33411
33504 33883 33539 33695
33397 33544 33459 34182
32942 33374 33491 34481
33335 33481 33862 33993
33453 34292 33039 33784
33368 34119 33363 33940
33504 33413 33507 34424
32878 34216 33025 34256
32998 33841 33686 33994
33624 33459 33743 34047
33377 34015 33339 33978
32814 34166 33244 34545
33537 33089 33285 34307
32942 33374 33491 34481
33685 33854 33645 33729
33196 33878 33347 34394
33685 33854 33645 33729
32938 34135 33111 34286
33133 34145 33239 34057
33806 33190 33476 33978
33303 34066 33179 34267
33721 33649 33454 33771
33298 33749 32798 34290
33008 33905 33516 34432
33595 33756 33790 33656
32984 33899 34231 33541
33055 34107 33333 34039
33111 34051 33805 33793
33272 33747 33301 34181
33445 33930 33521 34015
33558 33903 33594 33397
32671 34333 33337 34112
33384 33812 33548 34086
33653 33678 33376 33871
32915 34432 33566 34007
33240 33760 33725 34038
33309 33599 33584 34310
33174 33845 33641 34287
33358 33855 33558 34144
32814 34166 33244 34545
33522 34323 33290 33552
32938 34135 33111 34286
33384 33812 33548 34086
33453 34292 33039 33784
32976 33770 33394 34562
33389 34184 33623 33648
33327 33733 33867 34130
33564 33720 33624 33990
33441 33648 33131 34135
32876 34239 33783 33385
33809 33197 33425 33246
33449 34025 33864 33932
33441 33648 33131 34135
33525 33734 33289 33893
33038 33962 33601 34065
32814 34166 33244 34545
32938 33280 33565 34449
33424 33779 33524 34003
33278 33450 34046 33484
32942 33374 33491 34481
33086 33779 33800 34257
33123 34014 33353 34031
33504 33883 33539 33695
32804 34041 33423 34053
33460 33613 33551 34170
32954 34419 33179 33900
32938 33280 33565 34449
33511 33781 33410 33783
32998 33841 33686 33994
33430 33753 33259 34025
33445 33930 33521 34015
33042 33359 34227 34133
33568 33468 33433 33910
33126 33404 33688 34171
33384 33803 33636 34141
33386 34148 33755 33721
33198 34068 33793 33485
33379 34115 33424 33740
33149 34272 33042 34098
32960 33913 33393 34259
33460 33790 33891 33927
33415 33363 34015 33934
33449 34025 33864 33932
33610 33958 33652 33281
33501 34243 33307 33672
33389 34184 33623 33648
33365 34343 33136 33768
32714 34053 33738 33907
32931 33988 33686 34096
33792 33455 33345 33728
34006 34176 33253 34041
33385 33898 33883 33777
33377 34015 33339 33978
32931 33988 33686 34096
33123 34014 33353 34031
33521 33736 33698 33793
33384 33803 33636 34141
33052 34130 33772 33877
33125 33849 34053 33415
32954 34419 33179 33900
33742 33952 33364 33472
33422 34135 33422 33927
33575 33772 33393 33770
33515 33271 33255 34069
33038 34111 33170 34166
33055 34107 33333 34039
34006 34176 33253 34041
33430 33753 33259 34025
33561 34197 33330 33352
33511 33781 33410 33783
33317 33790 33308 34146
33042 34083 33269 34044
33436 33970 33020 34123
33486 33680 33704 33697
33815 33881 33367 33552
33399 33920 34014 33677
33805 34181 33250 33601
33525 33734 33289 33893
33415 33363 34015 33934
33121 34214 33684 34031
32523 33257 33681 34558
33460 33613 33551 34170
32523 33257 33681 34558
32942 33374 33491 34481
33742 33952 33364 33472
33399 33920 34014 33677
32976 33770 33394 34562
33327 33733 33867 34130
33815 33881 33367 33552
33303 34066 33179 34267
33564 33720 33624 33990
32714 34053 33738 33907
33568 33468 33433 33910
33595 33756 33790 33656
33522 34323 33290 33552
32960 33913 33393 34259
33358 33855 33558 34144
33115 33969 33950 33935
33495 33543 33632 34026
32960 33913 33393 34259
32958 34003 33409 34311
33441 33648 33131 34135
33386 34148 33755 33721
33150 33993 33384 34148
33461 33630 33269 34455
32804 34041 33423 34053
33379 34115 33424 33740
32954 34419 33179 33900
33384 33812 33548 34086
32931 33988 33686 34096
32671 34333 33337 34112
33453 34292 33039 33784
32938 34135 33111 34286
33379 34115 33424 33740
33486 33680 33704 33697
32976 33770 33394 34562
33815 33881 33367 33552
33052 33685 33272 34431
33121 34214 33684 34031
33174 33845 33641 34287
33038 34111 33170 34166
33042 34083 33269 34044
33328 34563 32754 33355
33042 34083 33269 34044
33521 33736 33698 33793
32714 34053 33738 33907
32954 34419 33179 33900
33575 33772 33393 33770
33521 33736 33698 33793
33595 33756 33790 33656
33461 33630 33269 34455
33522 34323 33290 33552
32712 34202 33492 34379
32714 34053 33738 33907
32814 34166 33244 34545
33121 34214 33684 34031
32931 33988 33686 34096
32938 34135 33111 34286
33038 33962 33601 34065
33449 34025 33864 33932
33595 33756 33790 33656
33460 33613 33551 34170
33422 34135 33422 33927
33386 34148 33755 33721
33682 34457 33283 33517
32931 33988 33686 34096
33174 33845 33641 34287
33328 34563 32754 33355
33123 34014 33353 34031
33316 33856 33394 34095
33511 33781 33410 33783
32931 33988 33686 34096
33038 34111 33170 34166
33121 34214 33684 34031
32714 34053 33738 33907
33365 34343 33136 33768
33460 33613 33551 34170
33769 33703 33263 33934
33121 34214 33684 34031
33317 33790 33308 34146
33385 33898 33883 33777
33285 34155 33216 34122
33453 34292 33039 33784
32523 33257 33681 34558
32523 33257 33681 34558
32523 33257 33681 34558
32523 33257 33681 34558
32712 34202 33492 34379
32714 34053 33738 33907
32714 34053 33738 33907
32714 34053 33738 33907
32814 34166 33244 34545
32814 34166 33244 34545
32915 34432 33566 34007
32915 34432 33566 34007
32915 34432 33566 34007
32931 33988 33686 34096
32938 34135 33111 34286
32938 34135 33111 34286
32938 34135 33111 34286
32938 34135 33111 34286
32942 33374 33491 34481
32942 33374 33491 34481
32954 34419 33179 33900
32954 34419 33179 33900
32954 34419 33179 33900
32958 34003 33409 34311
32958 34003 33409 34311
32958 34003 33409 34311
32960 33913 33393 34259
32976 33770 33394 34562
33052 33685 33272 34431
33111 34051 33805 33793
33144 33915 33681 34231
33149 34272 33042 34098
33231 33366 33620 34197
33235 34538 33707 33885
33327 33733 33867 34130
33327 33733 33867 34130
33328 34563 32754 33355
33385 33898 33883 33777
33389 34184 33623 33648
33399 33920 34014 33677
33399 33920 34014 33677
33422 33800 33071 34063
33461 33630 33269 34455
33504 33413 33507 34424
33511 33781 33410 33783
33564 33720 33624 33990
33575 33772 33393 33770
33754 33496 33591 33554
33754 33496 33591 33554
32612 33995 33166 33537
32965 33010 33162 34153
33031 34172 32940 33833
33080 33511 33837 33694
33228 34177 33332 33211
33604 33461 33288 33029
33402 33246 33175 33337
32935 33432 33566 34050
32744 33792 33769 33895
32870 34087 33271 33523
33335 33697 33054 33365
33118 33723 33666 33428
33532 33957 33431 33201
32789 33936 33612 33796
33017 33565 33706 33944
33383 34063 33033 33269
33130 34097 32941 33595
32944 33902 33833 33807
33286 33505 33534 33558
33489 33524 32994 34070
33109 33769 33352 34138
32972 33685 33457 33646
33171 33667 33477 33767
33208 33825 33191 33929
33248 33605 33431 33752
33193 33584 33192 33942
33385 33622 33376 33863
33489 33524 32994 34070
33145 33810 33314 33857
33375 33496 33466 33535
33107 33972 33416 33558
33175 33591 33398 33895
33004 33953 33280 33780
33091 33816 33388 33779
32324 33840 32431 33541
32635 33196 33590 33142
32670 33717 33117 34113
32810 34070 32776 33511
33136 33458 33276 32953
33294 33417 33162 33747
32787 33785 33075 33587
33197 33204 33345 33731
32908 33732 33421 33424
32894 33613 33110 33900
33138 33354 33102 33842
32948 33716 33080 33989
32723 33463 33282 33815
33048 33731 33206 33661
32681 33752 33560 33429
32753 33687 33378 33699
33091 33767 33231 33575
32908 33645 33263 33758
32677 33618 33408 33824
32361 32974 32864 34038
32614 33649 32277 33739
32797 33490 32974 33304
32958 33156 33318 33461
33058 33395 32863 33362
32640 33548 33140 33592
32815 33225 32628 33533
32606 33224 32647 33704
33035 33313 32722 33365
32481 33225 33110 33197
32808 33381 32696 33102
