122 61.5314
28329 30254 30565 31387
29569 29653 29884 32169
29710 29831 31526 29390
30240 28714 29812 31539
30757 32342 29136 30417
31158 31531 29081 28813
31263 30833 27750 30527
32358 30614 28519 29826
32172 30700 28578 29528
31796 31034 29028 29637
29685 30194 31257 29892
28588 29616 30073 31883
29288 29792 29473 32013
31207 31761 28916 29205
31162 31601 29075 29141
29936 29583 30387 30738
30877 32297 29154 30101
31033 31518 28735 29351
31959 31366 28794 29842
31330 31444 29244 28939
30179 30216 29355 30859
29689 30120 31104 29874
32066 31265 28895 30224
30035 30953 29970 29436
31440 30745 28108 30504
31820 31364 28660 29919
31541 30902 27963 30336
30015 29911 30883 30306
28972 29817 30087 31717
28875 29360 30591 31153
31308 30681 28154 30631
30807 32215 29183 30408
28472 30264 30393 31382
28731 29407 30721 31041
30518 31742 29464 30351
31308 30762 27922 30552
29740 30005 29775 31737
28710 29962 30153 31092
31100 31315 29228 29000
29697 30082 29573 31530
30088 29195 30081 30970
31033 31411 29134 29043
29110 29808 29929 31636
29013 29317 30399 31398
31496 30763 28293 30461
29543 30225 31082 29703
28907 29409 30681 30990
30410 30791 30688 29950
30278 30304 31072 30065
30201 30069 30999 30166
29859 30465 30575 30196
30168 29083 30397 31237
30692 31681 29676 30276
29199 29451 30347 31806
30313 30725 30858 30010
30757 30576 29852 30655
28372 30168 30399 31387
28611 30342 30387 31432
30785 31131 29374 30106
31612 31186 28948 30020
30980 31440 29306 29008
30197 29140 30210 31106
28785 29603 29971 31839
30620 31903 29332 30379
31487 30702 28398 30496
29648 30372 30859 29383
30243 30933 30417 29770
30735 32088 29308 30420
29662 29460 29911 31815
31876 31179 28937 29975
29799 30394 30350 30283
30076 30201 30978 30128
29705 29039 30294 31335
29781 28852 30265 31280
29277 29766 30432 31048
29516 29767 30463 31042
29976 28784 30241 31320
30653 32113 29280 30380
30121 29217 30008 31441
30319 30666 30522 29989
31000 31048 29341 29998
31667 31475 28736 29806
29848 29871 29492 31393
30694 31478 29389 30596
30370 30594 30161 30177
31378 31222 29685 29834
30611 31832 29490 30198
29542 29746 29795 31481
30675 32137 29235 29909
31094 31377 29334 30737
30261 28932 29884 31329
29329 29703 30253 31386
30060 29211 30143 31580
30753 31984 29438 30227
28875 29351 30369 31211
31265 31399 29099 29185
30753 31984 29438 30227
31381 30883 28365 30475
30170 28812 29857 31605
29423 29706 29804 31458
31380 30789 28863 30262
30191 29199 30014 31524
31282 31174 29866 29933
31131 30675 28987 30375
30292 28848 29955 31413
31414 30864 28509 30464
30241 28867 30180 30998
31481 30760 28340 30444
30552 30685 30484 29910
31361 31240 29181 30068
29789 28783 30311 31363
31481 30532 28320 30565
28736 29877 30248 31820
31528 31515 28756 30019
29070 29817 29786 31393
30816 32088 29169 30280
29146 29648 29902 31440
29707 28762 30210 31374
30754 31654 29321 30559
29423 29706 29804 31458
29181 29588 29919 31566
30595 31742 29487 30200
31560 31495 28991 29834
31582 31485 28866 29962
28879 29408 30705 30998
28873 29441 30425 31526
30269 30493 30374 30102
29740 30005 29775 31737
31667 31475 28736 29806
29708 29936 30008 30461
29718 30523 30421 30119
31414 30864 28509 30464
28821 29445 30497 31550
28821 29445 30497 31550
30289 28978 30252 30992
31423 30896 28326 30269
31534 31379 28886 29925
30212 30196 30986 30115
29320 29704 29900 31445
31483 31258 29095 29988
30289 28978 30252 30992
28545 30334 30373 31386
28702 29494 29818 31932
29716 29754 31060 29796
30157 28799 29602 31284
30684 32185 28999 30279
31223 30784 27798 30470
31324 31415 29170 28789
31629 31032 28945 29561
30905 31269 29170 29226
28690 29629 29691 31722
31256 30562 28016 30522
29595 30562 30840 29457
28648 29306 30593 30507
31579 31117 28698 30100
30003 30053 30856 30003
31372 30482 28086 30398
30625 31767 29238 30138
29945 29039 29901 31238
30157 30004 30984 29890
30503 31580 29466 30182
29044 29163 30158 31656
29182 29557 30190 31251
31314 31437 29122 28924
29429 30394 30744 29523
29118 29428 30302 31107
28707 29273 30518 30785
30897 30574 29052 30586
31112 30690 28535 30221
28965 29247 30330 31492
30178 29780 29562 30608
29750 28828 30287 31195
29721 30164 30446 30196
29146 29742 30292 30867
30599 31959 29133 30416
31586 31020 28647 29738
30575 31820 29264 30114
30299 29814 29385 30609
29849 30313 30557 30075
31497 31212 28804 29941
29308 29564 30017 31069
28796 29423 30461 30647
29785 30556 30717 29630
30857 31419 28931 29095
30237 30045 29293 30721
30371 31662 29250 30191
31080 31335 28987 28993
30381 30706 30490 29921
31212 30541 28360 30255
31012 31221 28969 29052
28823 29832 29742 31432
30996 31488 28907 28941
30486 30605 29811 29923
28608 30230 30300 31417
30663 32064 29134 29992
29528 30376 30294 30254
29706 29915 31034 29738
29553 30488 30777 29482
29859 30523 30726 29654
31601 30969 28478 29694
28975 29600 29740 31461
31438 31370 28810 29826
30290 30910 29104 30627
30172 28904 30213 30966
30641 32099 29149 30208
30233 29682 29405 30622
31147 31654 28891 29135
30044 28852 29830 31429
28729 29287 30500 31059
30740 31353 29296 30271
30994 30804 28220 30302
29081 29290 30145 31666
30070 29927 29314 30681
31338 31172 29587 29730
30986 31374 29187 28971
28584 29370 29926 31657
28935 29665 29708 31338
29616 28975 30237 31332
29394 29937 29619 31244
31267 30411 28289 30264
29951 28938 30068 31221
31333 30637 28444 30240
28911 29564 29727 31609
31191 30965 28913 29866
30813 31095 29096 30468
30973 30622 28797 30278
29654 30212 31008 29964
29971 30216 30815 30036
31331 30867 28163 30453
28870 29695 29800 31588
31090 30764 28275 30463
31249 31236 29156 29003
30943 31362 29093 30355
29814 28954 30130 30919
31122 30883 28178 30344
29047 29342 30181 31570
30169 31928 29254 29842
30520 31596 29276 30270
29131 29207 29932 31447
31159 30869 29632 29845
29835 28977 30096 31318
31449 31113 28962 29485
30975 30465 29310 30174
30119 28948 29960 31383
31204 30734 28462 30453
29364 29560 30161 30931
29050 29565 30126 31279
29329 29701 29692 31580
31590 31025 28865 29683
31328 30666 28208 30319
30103 29007 29930 31021
28805 29340 30362 31072
30565 31930 29146 30290
30077 30205 30996 29969
29989 29011 29865 31239
30144 28915 29741 31007
30065 28807 29783 31451
31268 31010 29625 29676
31341 30716 28904 29647
31282 31076 29705 29616
30133 30169 30851 30061
29768 29017 29998 30926
31282 31076 29705 29616
31147 31654 28891 29135
30053 30558 30352 29984
30000 28820 29979 31437
30948 30656 28971 30466
30571 31590 29285 30055
29951 28982 29993 31015
29710 30399 30838 29485
28273 30012 30295 31160
28896 29675 29552 31572
29629 30037 30999 29821
30090 28734 29666 31358
30539 32041 29011 29855
31059 31355 29026 28548
31125 30751 27617 30363
31525 30707 28639 29495
29054 29239 30037 31344
28594 29334 30285 30925
30171 29763 29150 30647
29956 28940 29651 31030
29317 29461 30139 30795
30441 31813 29052 30138
28733 29256 29930 31560
31299 30658 27764 30379
31449 30908 28567 29105
29226 29474 29641 31408
29731 30208 30768 29160
29403 30367 30698 29305
31298 30573 28160 30334
29551 30096 30796 29626
31308 30830 27905 30283
28442 30156 30195 31345
31203 31147 28934 28740
31114 30494 28301 30426
29789 30299 30452 29440
31331 31075 28780 29774
29710 30421 30626 29364
30055 28877 29822 31191
30582 31386 29005 28991
29680 29945 30845 29448
29573 30463 30665 29280
30280 30214 29258 29984
30270 29691 29280 30592
28836 29585 29654 31412
31102 31095 29506 29695
30828 31010 28744 30170
31507 30752 28448 30043
31063 31118 28974 28680
29553 29831 30546 29970
30567 31755 29028 30391
29910 30120 30341 29650
30557 31985 28908 29999
29783 29910 30909 29931
31027 31166 28971 28880
30203 29539 29396 30471
31027 30609 28487 30082
28376 30066 30227 31288
30695 30972 29060 30256
30117 29641 29211 30604
30903 31561 28885 28726
30255 29670 29379 30540
30268 31649 29055 30099
29803 28888 30153 30823
31039 30708 27988 30077
29028 29398 29678 30976
30182 30660 30396 29542
29359 29974 30924 29830
30664 31480 28420 29097
28802 29619 29728 31269
30745 31327 28779 28960
29756 28786 29950 31316
31139 30658 28095 30210
31243 30814 27926 30077
31255 31367 28492 29789
28978 29536 29639 31549
30547 31857 29018 29850
30522 30986 29233 30105
31440 31169 28685 29833
31319 31177 28376 29881
31446 30682 28790 29397
28961 29409 29859 31100
29945 28887 29745 31096
30052 28838 30050 30889
30832 31479 28621 28918
31054 31289 28862 28701
30022 30693 30185 29604
29003 29513 29969 31016
28388 30139 30211 31110
31173 30483 28608 30055
29841 29827 29093 30597
28992 29620 29684 31242
29967 30532 30402 29648
31048 30587 28106 30228
29939 30450 30072 29909
30214 30347 30103 29880
29596 28841 30125 31015
28974 29635 29374 31283
30918 31255 28785 28954
29630 30054 30606 29851
31071 31222 28903 28908
30913 31488 28679 28912
30559 30861 29083 30179
30863 31258 28938 28944
30586 31001 29087 30071
29744 30248 30704 29494
29570 30339 30780 29483
29974 30132 30299 29962
30002 30022 28919 30464
28949 29548 29601 31365
30550 30372 28771 30440
28916 29602 29633 31324
30830 31282 29086 29067
30173 30568 30200 29716
29797 30116 30710 29824
30040 30370 30266 29979
30538 31093 29110 30356
30544 32033 28895 29968
31317 31246 28755 29705
29012 29575 29658 31325
29833 29955 30781 29941
28945 29251 30052 31389
30876 30498 28907 30179
28960 29583 29575 31376
30830 31315 28913 29070
30550 31094 29126 30133
30903 30696 28682 29900
28904 29577 29562 31390
30868 30564 28904 30381
29590 30054 30919 29699
29832 29828 29084 30603
28775 29580 29520 31322
29592 30026 30979 29658
29910 28572 29724 31123
30025 28590 29643 31349
30341 31385 29025 30195
31017 31241 28886 28471
31206 30470 28069 30101
31451 30728 28084 29903
29229 29160 29639 30429
30494 31350 28462 29017
30132 30183 30003 29666
29921 28750 29816 30734
30975 31140 28724 28746
29462 30038 30825 29556
29296 30248 30554 29358
28947 29486 29357 31151
29911 29407 29212 30154
29820 29856 30750 29700
31270 30715 28193 30009
30000 28854 29599 31138
29662 29656 30552 29840
30395 30947 28769 29137
30035 30280 30174 29969
31171 30601 28655 29167
30693 31274 28774 28894
30940 30538 28083 30317
29416 30270 30485 29161
28981 29442 29520 31348
30366 30438 28999 30205
29405 30185 30780 29308
31190 30306 28584 29581
29790 28573 29783 30851
30733 31027 28999 28923
31275 30646 28787 28903
29786 29895 30779 29813
30775 30492 28806 29955
30050 28763 29670 31188
29810 28633 29810 30840
31197 31181 28491 29613
29621 29919 30803 29692
29900 28774 29730 31184
30758 30507 28855 30109
30737 30558 28745 30180
29348 30129 30540 29061
29574 29974 30962 29578
29827 28681 29474 31156
29834 28395 29626 30971
30079 31213 28810 29733
30520 31148 28483 28898
31234 30261 27906 29915
30948 30418 28026 30053
29737 29639 30767 29804
29711 28488 29667 31015
30032 30926 28961 29711
31100 30239 28377 29510
29774 28717 29572 31092
30625 29955 28640 30010
31107 30709 28103 30002
30145 31136 28958 29769
29547 29862 30597 29649
30550 30203 28219 29987
29846 28636 29577 31096
29774 29840 30726 29802
30048 31120 28668 29853
30072 31070 28882 29785
29839 28677 29488 31070
29751 28653 29624 30972
29517 29972 30734 29551
29777 31088 28838 29534
29790 28504 29332 30910
30886 30052 27863 29109
30984 29960 28368 29304
29710 29717 30602 29624
30828 30124 28172 29276
30844 29996 28123 29252
30541 29890 28124 28828
28685 30145 31247 30471
29105 30290 31883 29870
29934 29042 29001 32081
30538 32369 29563 29249
30593 28052 30273 30828
31230 30608 30509 28237
32613 29768 28624 30609
32436 29581 28909 30706
29936 29267 29331 31877
30569 31960 29678 29137
30440 28289 30781 30597
31942 30158 28867 30733
30217 29198 30914 30202
30591 32203 29624 29170
29346 30300 31477 30356
32139 29946 29058 31102
30142 31702 29515 29414
31184 30727 30291 28261
30193 29361 29371 31777
30971 29960 29738 31317
31177 30896 30379 28386
31098 30570 30199 28714
30100 28399 31004 30407
29439 29780 30023 31177
29048 30079 31581 30137
29844 31562 29707 29456
30335 28890 30680 30487
30475 31291 30343 29786
31470 30038 29680 31676
31779 30021 29148 31337
29701 30809 31320 29845
30897 31710 29509 29140
30744 29520 30169 30938
31390 30070 29435 31601
28859 30198 31381 30402
30596 29021 30816 30397
30388 32281 29589 29166
30100 29066 30712 30442
29000 30262 31201 30434
30854 30337 29713 28783
30315 31395 29576 29339
30377 31602 29243 29614
30838 29365 30088 30910
30243 28530 30941 30514
31276 30284 29617 28888
31867 29609 29158 31078
32238 29704 29319 31061
30903 30519 30560 28586
30339 32031 29560 29269
30522 31217 29775 29785
30296 31344 29732 29025
30093 31167 30430 30037
32217 30006 29027 31013
29192 29686 30121 30898
28720 30331 31695 30075
30610 28840 30619 30412
28823 30322 31634 30102
30599 31063 30250 29970
32278 30121 29041 30947
29021 29840 31818 29947
31701 30486 29360 31449
31020 30941 29909 28448
29416 29882 31567 30599
30368 28573 30894 30648
30318 28845 30452 30524
30554 28579 30565 30680
31693 30375 29506 31403
31946 29780 29266 30922
30090 30075 29895 31150
29288 29826 29967 30905
31885 30334 28885 31378
28920 30182 31664 30086
31525 30143 29995 28429
32275 30117 29092 30861
29399 30001 31748 30687
31052 30880 30422 28465
30777 30531 30532 29492
31072 29925 29687 31527
29607 29805 29953 30982
30823 31216 30246 29961
30742 29790 29757 31474
28929 30139 31854 29955
30596 28648 30528 30660
29899 31446 29774 29545
31011 29348 30021 31150
29840 30778 31123 29538
29764 30584 30968 29801
29428 29740 31480 30606
29971 29978 31041 30719
31571 30470 29606 31497
30675 28724 30748 30647
31293 30218 29483 31664
31591 29954 29185 31518
31600 30126 30049 28631
30062 28799 30695 30522
30180 31456 29727 29549
28767 30271 31329 30371
32036 29823 29157 30949
30882 29357 30106 30816
30179 30627 31108 29657
28807 30241 31133 30439
30629 28848 30755 30394
29972 30538 31323 29931
30052 31232 30782 29828
30209 30420 30956 29833
31050 30009 30167 28973
29160 30241 31761 30026
29641 30630 31065 29959
31648 30498 29426 31494
28698 30180 31284 30440
30675 28724 30748 30647
31317 30265 30052 28938
30048 29661 29967 30950
31396 30305 29990 28680
32005 30134 29093 30895
31022 30775 30281 28512
31878 29913 29121 30892
29759 31042 31357 29765
30770 30642 30287 28482
30352 30682 31081 29570
29342 29855 30013 30904
30069 31364 30041 29684
31153 30154 30271 28967
29551 29811 31355 30632
30889 30624 30032 28530
29547 29732 30054 31157
29600 30719 31341 29865
30039 31337 30120 29691
30874 30380 30532 28674
29759 31042 31357 29765
30245 30601 31122 29583
30010 31634 29609 29279
31313 30286 29921 28684
28685 30145 31247 30471
31057 30676 30530 28397
29160 30241 31761 30026
30284 30525 31132 29702
30005 29957 30975 30483
31298 30223 29608 31630
30010 31634 29609 29279
30235 30608 31120 29732
29547 29732 30054 31157
30339 32031 29560 29269
31014 29901 29899 31451
30533 30715 30521 28972
30348 30612 31072 29721
31301 30218 30268 28941
31648 30498 29426 31494
30621 29938 30020 30690
28475 30062 31198 30465
29035 29909 31697 29965
30432 32290 29499 29195
30580 28254 30293 30372
31069 30481 30093 28097
31237 29943 29448 31529
32106 30077 28727 30925
32150 29700 28911 30767
31843 30132 28817 31112
30469 31711 29488 28989
30184 28371 30849 30209
30713 31096 29726 29313
31436 30018 30010 28246
28730 30247 31523 30004
29707 30808 31237 29473
29941 28857 30649 30443
32029 29867 28901 30659
30274 31873 29538 29135
28692 30254 31164 30324
30596 31432 29395 28900
30379 31154 29419 29404
28902 30018 31607 29685
30831 30447 30465 28539
29429 29491 29881 31100
29598 30680 31120 29854
30225 28525 30519 30590
29271 29882 31492 30512
30342 31797 29606 29038
31526 30096 29316 31354
30630 28707 30125 30573
30732 29236 30107 30572
31050 30699 30169 28353
29757 30680 31252 29692
31387 30082 29976 28527
29818 30446 31084 29717
29883 29860 30996 30550
29317 29582 30034 31042
30781 30951 29753 29641
29076 30228 31451 29738
30526 29409 29940 30815
30963 30533 30322 28372
30269 31979 29535 29027
30726 30514 30361 28633
30535 28616 30591 30556
30087 31100 30197 29607
30313 31271 29596 29495
30650 29140 29819 30877
29463 30760 31276 29791
30046 28953 30700 30303
29523 29739 29934 30973
30462 32157 29444 28999
31504 30291 29390 31450
30017 28438 30856 30315
31341 30094 29922 28390
30464 32105 29481 28913
29358 29844 31599 30444
30130 30556 30973 29427
30409 29092 30057 30745
31512 30435 28976 31070
31144 30174 30161 28788
28818 30282 31357 29797
31644 30277 28870 31194
30889 29727 29672 31222
32029 29440 29221 30800
30432 32290 29499 29195
31098 30495 29376 28868
28768 30121 31310 29845
31736 29765 29158 30623
32108 29819 28951 31047
30033 28494 30770 30244
32077 29693 29066 30820
30189 30478 30972 29493
30049 31358 30016 29484
30644 31062 30243 29900
31298 30339 29166 31278
31606 30209 28871 31255
31530 30406 29112 31196
31280 30222 29945 28719
30130 31396 29519 29452
30579 28918 30738 30310
30402 32056 29574 28905
30462 29023 29917 30831
30200 31240 30187 29763
31556 30118 29074 31224
31185 30038 29550 31301
30912 30240 30140 28591
30108 28999 30655 30313
31715 29783 29156 30754
32033 29630 29272 30799
29338 29909 31394 30577
30761 31015 30099 29763
32045 29685 29144 30926
30084 29649 29828 30864
30351 28609 30501 30557
30165 28293 30809 30351
30593 29096 29775 30952
30022 28899 30490 30406
31092 30165 30268 28897
30870 29773 29624 31069
29061 30064 31447 29774
30750 30957 30213 29873
30787 30735 30230 28796
28829 30131 31221 30330
30792 29113 29875 30790
29836 29896 30090 30001
32105 29620 29112 30885
31311 30104 29864 28650
30306 28467 30766 30475
31411 29993 29589 31452
30302 28425 30806 30352
28871 30006 31449 29874
31193 29974 30065 28876
28712 30328 31492 29990
30778 30530 30235 28699
31307 30019 29600 31481
30018 28896 30613 30316
30719 31063 30142 29843
30160 28444 30812 30313
29289 29703 31505 30474
32097 30056 28865 30838
30041 29971 29857 31066
32103 29976 28835 30967
29331 29776 31464 30613
31282 30199 29820 28607
31388 30218 29567 31295
31350 30055 29828 28599
30326 28435 30792 30519
29354 29743 31498 30619
31297 30107 30174 28837
29339 29857 31458 30562
31297 30107 30174 28837
30326 28435 30792 30519
28522 30196 31164 30280
29016 29818 31527 29860
30242 28234 30803 30330
30286 32034 29305 28995
31229 30020 29867 28373
31356 30047 29382 31369
31923 29877 28556 30871
32096 29946 28813 30776
29913 31288 29756 29280
30359 31862 29482 29072
29470 30447 31086 29645
30423 30603 30154 29386
29951 28589 30503 30489
31883 29496 29044 30841
31644 29637 29121 30852
30209 30061 30261 28606
29916 31215 30113 29475
29302 30490 31138 29715
32076 29951 28803 30856
30449 30907 30086 29825
31816 29512 29091 30791
31824 29655 28921 30713
31610 29655 28912 30906
29555 29668 29786 30933
30796 29281 29645 31183
31156 30123 29538 28510
29098 29751 31296 29950
30577 29637 29874 29139
31064 30131 30192 28734
28707 29911 31014 30249
30732 30341 30133 28733
30181 31949 29393 28986
30040 31057 29938 29797
30867 29149 29406 31045
29848 28738 30583 30312
30103 31098 30072 29439
28933 29745 31501 29891
29761 29802 30835 30422
28677 30077 31015 30103
30139 28532 30664 30175
30481 28858 30084 29345
30436 28965 30068 30423
31106 29824 29904 28829
29700 29637 29833 30968
31185 30006 29949 28466
30901 30168 30108 28607
30795 30121 30240 28444
30135 28489 30678 30027
31893 29316 28883 30781
30806 29779 29441 31225
30858 29692 29627 31094
29441 29606 29877 30773
29252 29907 31286 30408
30644 29080 29689 30632
28556 30000 31215 29712
30249 28371 30695 30376
30066 28254 30811 30196
30281 28406 30602 30506
30352 29070 29881 30583
28874 29882 31350 29707
31136 30206 29691 28652
30446 28992 29725 30638
29135 29616 31423 30352
31979 29774 28845 30876
30344 31911 29461 29027
30816 30011 29621 28794
28647 29939 31105 30290
29925 30925 30186 29689
30719 29118 29626 31221
28729 29949 31512 29757
28908 29967 31419 29670
28783 30062 31193 29696
31946 29731 28875 31013
30234 28413 30763 30204
30408 28488 30173 30337
30331 28413 30531 30463
30177 28428 29770 30610
29183 29582 31289 30417
31134 30081 29738 28655
29838 28812 30562 30440
30542 28851 30508 30303
28834 29980 31291 29660
31176 29924 29760 28722
29816 29625 30721 30201
31089 29798 29915 28612
30517 28794 29769 30488
31121 29859 29847 28795
30000 29565 29691 30855
29721 29871 29726 31003
29980 29915 29779 30919
30196 28386 30706 30502
29716 29835 30717 30479
29745 29890 29838 30783
29836 29951 29634 30883
28342 29881 31018 30085
29113 29662 31283 29572
30201 28088 30607 30329
30357 31855 29252 28998
31099 29947 29797 28390
31136 29805 29369 31197
31838 29931 28692 30551
31912 29580 28796 30893
31635 29883 28804 30708
28424 29960 30923 29975
30269 30532 29666 29694
30260 31571 29451 28939
28755 29897 31239 30078
30801 29129 29596 29128
29764 31145 29378 29358
29681 31088 29821 29270
30795 29190 29631 31061
30435 28493 30039 30360
30412 30717 29649 29565
29145 29633 31249 29537
30838 29374 29431 30953
29425 29481 29700 30889
30295 28731 30413 30271
30162 28310 30755 30173
30242 28339 30393 30501
31115 30146 29690 28647
29107 29783 31217 30278
30156 28386 30154 30453
30920 29742 29922 28578
29734 31117 30099 29188
30254 29217 29726 29041
30020 28332 30677 30122
29534 29569 29781 30754
29871 28701 30432 30114
29130 29616 31178 29549
30133 28257 30634 30255
30422 29802 30132 28836
29786 28643 30488 30289
30977 29772 29751 28761
29947 29505 29695 30805
30434 28584 29984 30299
31013 30131 29842 28626
30850 30093 29915 28685
30912 30080 29871 28659
30800 30043 29985 28607
30090 28306 30602 30249
30108 28307 30519 30385
30079 28417 29784 30439
30980 29701 29657 28723
29518 29733 29706 30832
29911 29751 29702 30834
30116 28305 30628 30408
30195 28334 30488 30478
29527 29616 29711 30723
30418 28405 29719 30462
28312 29872 31053 30056
28659 29859 31095 29442
29774 29514 29984 28540
30030 28214 30477 30418
30778 28959 29382 30916
30984 30086 29600 28580
31497 29503 28771 30726
30199 28409 30225 30269
28989 29404 31088 29446
28350 29830 30819 30032
31107 28832 28995 30439
30740 29755 29578 28728
30415 28740 29521 30773
28917 29441 31044 30152
29491 29727 29700 30795
30703 29113 29554 30712
29562 29654 29526 30462
30070 28309 30591 30159
30026 28263 30591 30190
30485 28985 29622 30613
30374 28950 29582 30735
30100 28268 30488 30077
30616 28971 29404 30903
30778 29589 29598 28656
30840 30013 29876 28607
30960 29963 29669 28576
30511 29104 29394 30881
30956 30016 29784 28589
30451 29016 29533 30727
30919 29754 29716 28630
30839 29850 29821 28635
30721 29106 29397 30842
29313 29668 29570 30679
29936 28245 30564 29973
30028 28198 30335 30216
30866 29982 29579 28516
30952 29782 29658 28545
30757 29756 29523 28451
28339 29888 31186 30028
28432 29407 31833 29232
28725 30735 30782 28230
29525 28084 30761 31166
29548 31945 27972 29657
29775 32464 28182 29173
30048 29247 29536 31818
31457 29026 30132 31427
29794 30119 31078 28719
29965 28986 30549 30643
31263 29593 29746 31627
29760 28696 30622 30627
29928 31475 28991 29366
29581 28345 30758 31357
31046 29881 29629 31315
30064 32116 28492 29254
30611 30310 29201 31111
30478 31401 29359 30105
28890 29485 31560 29397
28800 30091 31012 30122
29044 30133 31644 29241
29837 31676 28227 29889
30016 31597 28937 29850
29868 32141 28752 29587
28977 30004 31455 29273
29822 32172 28625 29306
31352 30392 29851 31074
30162 31326 29996 31044
30634 30074 29224 31176
29381 29964 31533 29080
30075 31963 28804 29263
29689 28502 31030 30941
31162 30309 29862 30575
29448 28153 30838 31313
29461 29115 30909 31244
28547 29865 31095 30218
30841 29686 30072 31311
30737 30798 30202 30430
30392 30572 30363 30241
29483 29781 31278 29222
29016 30264 31360 28818
29767 31423 28221 29971
30079 31878 28753 29497
30813 30532 29437 30807
29211 30220 31539 28725
30375 30931 30181 30764
28670 30097 31148 30213
30717 31055 29951 30385
30984 29827 29844 31559
30221 31202 29795 30981
30340 30520 30553 30180
30977 30494 29702 30378
29900 31531 28514 29907
31240 30285 29891 31144
29044 30133 31644 29241
29731 30059 31163 28970
30410 30994 29806 30986
30526 31245 30272 30556
30896 30466 29460 30724
30141 30704 30666 30516
29546 29131 30721 31313
29772 31807 28053 29748
29438 30109 31189 29019
30919 29948 30122 30502
30863 30447 29512 30671
29268 30206 31307 28904
30559 29467 30235 31384
29251 30403 31078 28858
30071 32091 28776 29603
30373 30533 30495 30526
30273 31554 28630 29649
29536 30609 30894 29356
30666 30972 29824 30438
29562 28541 31015 30959
30191 30713 30876 30288
28883 29939 31428 29382
30976 29502 30088 31072
29662 30194 31373 29003
29357 29048 30907 31361
30781 30848 30109 30926
29505 28116 30807 31258
29561 31729 28056 29876
30150 31691 28572 29786
30202 30194 30308 30590
30499 31342 30138 30885
29211 30220 31539 28725
29648 31824 28148 29643
30229 31386 29745 30939
29751 30250 31142 29106
30452 30283 29764 31156
29579 31930 28117 29854
29309 30402 31219 29305
29924 28640 30639 30841
30995 29646 29786 31480
30263 31564 28531 29724
30288 30588 30349 30157
29839 30088 31073 30045
30402 29554 30274 31377
30614 29611 30163 31273
29515 30528 31060 29155
28512 30303 31123 30327
30790 29464 30045 31344
29618 31826 28135 29703
29668 30209 31252 28920
30314 30347 29855 31118
31001 29816 29750 31423
30119 31647 28538 29881
28681 30059 30891 30314
29565 30359 31288 28941
29553 28668 30792 30885
30542 31070 29942 30518
29323 29897 31303 29602
29032 30236 31412 29290
30011 31909 28954 29509
30105 31709 28545 29785
30736 29618 29940 31341
30011 31909 28954 29509
28512 30303 31123 30327
30403 29870 30341 30689
29812 31961 28565 29606
30265 30542 30506 29892
30721 30965 29945 30262
30655 29450 30103 31383
30077 31728 28620 29763
29891 29983 31102 29231
30995 29646 29786 31480
29454 30260 31029 29312
29010 29882 30643 30562
30532 30975 30119 30731
29924 28640 30639 30841
29618 31826 28135 29703
30549 31069 29836 30526
29011 29805 31439 29291
30781 30848 30109 30926
30148 29934 30350 30578
30869 29499 30137 31170
29525 29119 30902 31135
30491 29989 29749 31146
30542 31070 29942 30518
28420 29859 31127 30095
28896 30208 31385 28803
29199 30201 31337 28619
29474 31924 27948 29743
29513 27951 30726 30972
29988 32056 28453 29131
30849 29687 29473 31519
31175 29950 29427 30755
28525 29747 31384 29324
29915 28667 30513 30586
30092 30616 30619 30027
29580 31297 29173 28901
29360 29119 30848 31102
30697 29442 30028 31248
29591 28402 30956 30850
30909 29693 29613 31478
29359 28501 30739 31192
30048 31262 29037 29621
29854 31416 28776 28982
30165 30790 30110 30819
29397 28881 30307 31057
30785 29516 29701 31304
30112 31489 28276 29625
30635 29915 29288 30923
29746 31510 28816 29309
29277 28996 30817 31201
30030 30569 30852 30276
29048 30325 31269 28694
28948 30089 31344 29215
29519 28208 30308 30939
29643 31718 28116 29573
30441 31052 29930 30333
29643 31623 28338 29860
30411 30462 30239 30511
29132 28142 30884 31329
29759 31561 28303 29842
30140 30439 30496 30053
30434 29485 29920 31332
30580 29555 30025 31268
29689 31875 28004 29582
30628 30405 29497 30706
29441 28172 30420 31225
30444 31016 29975 30549
30065 31815 28403 29189
28457 29778 30877 30191
29587 31750 28013 29676
29837 28601 30250 30673
30168 30600 30363 29964
29134 30011 30873 29289
28916 29587 31063 29388
29565 30074 31104 28992
30370 30834 29666 30927
30229 30189 29891 31072
30971 30226 29418 30759
30439 29959 29078 31103
29802 31697 28700 29444
31113 30128 29565 30746
30668 29835 29438 31016
30388 31195 30099 30619
29408 31782 28107 29649
28459 29705 30992 29974
30429 29559 29825 31144
30138 31147 29814 30938
29837 31967 28584 29367
31041 30199 29448 30680
30276 30976 29640 30938
29092 30264 31202 28868
29978 29974 30286 30475
29737 31913 28723 29329
30217 30352 30343 30166
30476 29759 30102 30652
31000 30342 29573 30392
29080 30269 31183 28649
30949 30117 29531 30873
29383 30330 31111 28764
29403 28972 30386 30948
30185 30263 29779 30948
29249 30256 31016 29277
29077 30274 31272 28832
30552 29478 30083 31222
30972 30382 29534 30447
30721 30605 29435 30551
29791 29811 30352 30372
29670 30197 31111 28974
28914 30176 31245 29193
31120 30390 29452 30460
30051 31764 28498 29535
29479 31637 28331 29730
29311 29517 31134 29428
30060 31947 28580 29509
30422 30914 29896 30808
30517 30494 29661 30772
30064 32027 28528 29285
30525 30361 29632 30880
30074 31698 28607 29710
30059 31774 28354 29544
28516 29905 30988 30169
29749 31901 28680 29401
29257 30275 31121 29245
29948 31959 28564 29440
30090 29877 30344 30398
29310 30305 31003 29154
30012 31943 28610 29392
30649 30285 29651 30608
29687 31914 28644 29089
29408 30309 30913 29015
30708 30490 29472 30825
30513 30365 29676 30940
30420 31247 30065 30807
30323 30965 30271 30518
29414 30148 31135 28882
29741 31891 28713 29037
31173 30150 29429 30589
30190 30955 29658 30811
30323 30965 30271 30518
29364 30152 31027 29070
29426 29851 30909 29077
29491 30131 31113 28893
29061 29571 31039 29390
29798 32034 28301 29147
29945 31516 28308 29856
29781 29943 30884 29076
29573 29937 30982 29071
29370 30145 31051 29100
29366 30209 31000 29101
29436 29897 30884 29135
29802 31518 28335 29854
29679 30224 30990 29029
30420 31247 30065 30807
30428 30961 29659 30588
28029 29658 30896 30060
28997 29403 31132 29425
29276 27868 30516 31128
29608 29907 30839 28669
29700 31670 27993 29532
29950 32010 28159 29102
30533 29217 29928 31249
30883 29375 29471 31225
28987 29535 30999 29374
28541 29964 30784 29969
29797 31233 28728 29378
30582 29203 29677 31136
28310 29511 30848 30012
29189 28803 30671 31036
29289 29630 30798 29241
29670 29673 30186 30252
28096 29668 30973 29800
29796 31501 28287 29769
30306 29919 28970 30872
30869 30183 29504 30382
29842 28623 30391 30521
30683 29857 29375 30726
30400 30786 30018 30413
29636 31804 28463 28887
29835 29756 30213 30198
30638 30372 29467 30747
30609 30420 29179 30705
29543 30049 30983 28845
30417 30657 29795 30376
29527 31689 28112 29535
30497 29644 29021 31047
29255 28197 30579 31076
30345 31069 30082 30545
30448 30485 29320 30443
29607 31663 28656 29009
30181 30988 29832 30630
30348 29733 29254 30974
30033 31897 28334 29060
30168 30835 29770 30709
29825 28596 30485 30560
30003 31558 28270 29689
29948 31589 28548 29667
29760 30933 29571 30664
30204 30560 30204 30109
29952 31876 28389 29497
29211 30398 30273 28971
29982 29920 29595 30887
29314 28480 30685 30602
30426 29452 29814 31183
29250 28719 30541 30770
29462 28373 30618 30543
29084 29325 30713 29936
29738 31209 28259 29786
29443 30021 30653 29492
29052 29698 30836 29618
30295 30693 29586 30705
28441 29870 30948 29968
28456 29741 30969 29934
29932 31627 28313 29659
30068 30452 30268 30065
29392 31631 28151 29564
29294 27992 30684 31073
29583 30007 31104 28970
30325 30563 29699 30612
30786 29918 29477 30506
29164 30114 30978 29031
30343 29935 29244 30806
29949 30381 30489 29870
30089 30537 30043 30727
30350 31180 30045 30570
29533 28291 30716 30772
29775 28358 30503 30479
30237 30494 29698 30651
29554 30133 30877 28893
29864 31231 29021 29561
29577 28105 30709 30738
30752 29515 29496 31130
30352 30870 29695 30657
29619 29881 30861 28948
29310 28084 30949 30793
29502 28302 30922 30761
29969 31664 28491 29561
29366 30077 30815 29082
29325 29981 30882 29097
29080 30073 30871 29084
29301 29946 30912 29046
29055 29946 30991 29081
29544 28319 30861 30747
28232 29106 30832 29043
29226 27953 30575 30858
29358 29994 31103 28911
29442 31624 27955 29571
29599 31781 28458 28792
29656 29070 29404 31163
30779 29166 29345 31005
29005 29557 30602 29493
28540 28754 30672 29241
30087 30352 30103 29798
29121 28107 30637 30620
29740 28560 30246 30529
28471 28936 30945 29420
29650 31076 29312 30141
30467 29227 28999 30776
29975 30476 29817 30694
29301 31230 28629 29194
29758 31172 28776 29175
30287 30955 29214 30218
30199 30778 29900 30264
30112 30992 29634 30334
29680 31360 28194 29695
29314 29436 30514 29141
29808 29054 29461 31086
28296 29521 30743 29761
29748 28577 30408 30449
30377 30274 29446 30725
30047 30796 29541 30664
29196 29808 30918 28935
30712 30070 29319 30204
29630 31710 27975 29279
29580 29924 30881 28931
29200 31529 28036 29584
30426 29290 29294 30793
29721 31735 28265 28892
28427 29002 30917 29185
30445 29207 29273 30929
30695 28833 29430 31030
29415 31481 27987 29550
29356 29982 30782 28978
29328 28046 30439 30770
30661 29850 29360 30509
29337 28088 30548 30394
30002 30664 29892 30517
29434 31381 28392 29623
29737 30507 29623 30582
30381 30687 29585 30233
30580 30050 29353 30308
30579 29114 29429 31088
29584 31431 28310 29587
29612 31458 28221 29726
28237 29007 30744 29169
29733 29267 29414 31116
29433 31432 28250 29637
30677 29542 29261 30479
30274 30968 29865 30483
30247 30686 29873 30526
30072 30786 29871 30567
28255 28837 30824 29153
28980 27686 30521 30524
29020 29912 31093 28561
29348 31508 27924 29381
29615 29036 29369 31080
30588 29108 29243 30824
29660 31277 28098 29524
28947 30012 30023 29538
30356 29891 28958 30679
29388 31179 28018 29693
29133 29738 30719 28899
28442 28889 30731 29389
29906 30882 29699 30384
28953 28135 30400 30075
30146 30324 29591 30225
29209 28375 30235 30444
29061 27820 30317 30605
29461 29228 29212 30999
30136 30640 29796 30261
29285 29859 31016 28836
30331 29124 29274 30744
29503 29847 30752 28752
29349 28109 30084 30499
29310 31308 28075 29672
30145 30832 29117 30092
29479 29848 30716 28617
29952 30551 29571 30511
30018 30784 29791 30392
30100 30475 29603 30502
30543 29054 29377 30930
29209 28313 30293 30405
30371 29089 29241 30854
28282 28900 30777 29268
28332 28912 30771 29334
29600 29113 29173 30908
29355 29116 29412 30987
30575 28923 29313 30998
29468 29221 29243 30843
28342 28850 30717 29256
28850 27681 30017 30399
29319 31369 27881 29364
30401 29044 29298 30854
30573 28875 29224 30725
29844 30760 28910 30041
29592 29412 29760 30297
29950 30457 29743 29978
29970 30605 29125 30193
29897 30326 29584 30357
29641 28916 29318 30734
30453 28932 29270 30827
28144 28688 30548 28936
29578 30373 28721 29810
29893 30426 29670 29784
28562 30029 31811 30387
28814 30150 31978 30362
30258 29516 30183 31460
30303 32423 28845 29341
30373 32124 28703 29396
30631 28786 30849 29944
30838 30558 30383 29063
31536 30438 29504 29717
29931 32252 29272 29499
28762 30318 31564 30577
29788 30108 30772 31253
30406 29669 30092 31351
29074 30627 31046 30080
29436 30013 31405 30411
30443 29881 31217 29800
28895 30114 31533 30506
31164 31154 29726 30299
30529 30679 30495 29419
30572 28925 31052 30162
28562 30029 31811 30387
31396 31210 29554 30052
28929 30381 31739 30288
30954 31959 29877 29890
29791 29973 30664 30661
31027 29268 30037 29909
30606 32087 29627 29793
30295 32122 28966 29539
30443 32093 29102 29568
29300 30057 30892 30741
30489 30489 30382 29531
29703 29693 30799 30820
29608 29948 31468 30221
29660 29645 30905 30646
29806 29828 30482 30849
30392 30993 30342 29214
30098 29728 29887 31152
29924 29060 30816 30627
31259 31064 29557 30219
30435 30859 30498 29109
30209 29897 30127 31015
29601 30333 30553 30847
30643 31507 30233 30132
30603 30677 30475 29276
30417 32352 28739 29367
29128 30179 31896 30106
31084 31514 29609 29989
30435 30859 30498 29109
30920 31835 30003 29870
31138 31792 29794 29721
29421 30162 30427 31015
30098 29728 29887 31152
29505 29764 31744 29858
30071 32251 29078 29241
31075 31746 29898 29828
30999 29156 30045 30104
30676 31306 30154 29872
31322 31386 29384 30001
30157 32132 28920 29412
29871 30214 30745 29935
29241 29911 30874 30921
29348 30044 30804 30719
29169 30266 31582 29772
31133 30911 30189 29743
31183 31441 29456 30075
30149 30031 30431 30526
31129 31280 29828 30019
29550 29905 31085 30618
31113 31003 30275 29904
31389 31303 29418 30045
29103 30280 31425 29911
29484 29968 30883 30911
31243 31403 29541 30103
31039 31610 29733 30212
29560 30364 31214 30447
30763 31629 30048 29855
30232 32166 28887 29400
31123 29263 29896 30265
29366 30094 30777 30827
30351 32223 28855 29455
29993 29710 30826 30178
31066 30984 30305 29686
31212 30993 29933 29838
30710 29584 30543 30585
29601 30380 31002 29622
29177 30175 31821 30002
30023 29691 31004 30166
30942 31099 29924 29658
30462 29931 31132 29788
30795 31867 29899 29713
29427 30458 30961 30201
30551 30581 30438 29407
29847 29796 30920 30115
29702 29782 30833 30928
30879 29142 30137 29925
28857 30311 31647 30389
30836 31095 29857 30023
30591 31578 29865 29939
29283 30566 30935 29662
30417 32352 28739 29367
29941 29785 30686 30164
29472 30105 31575 30252
30738 30411 30682 29250
31065 30870 30347 29848
30564 29660 31204 29884
31322 31386 29384 30001
31193 31372 29544 29868
29563 29897 31689 29951
31034 31163 30110 29637
30887 29016 30071 29952
30631 29930 31147 29772
30357 32216 28871 29457
30407 32110 28739 29466
29297 30149 31677 30424
30710 29584 30543 30585
30776 31482 29862 29964
29421 30162 30427 31015
30890 31190 30040 29676
28862 30187 31569 30432
30784 31879 30021 29744
30237 30007 30477 30721
28855 30303 31852 30287
30744 30434 30382 29494
29939 30246 30781 29683
30762 31779 30036 29832
29851 30213 30829 29693
30383 32119 29084 29232
31120 31303 29441 30170
28855 30303 31852 30287
30784 31879 30021 29744
29867 29733 30825 29898
31114 31469 29622 29896
30443 32093 29102 29568
30725 30009 30956 29853
30887 29016 30071 29952
30373 32124 28703 29396
29702 29782 30833 30928
30379 29906 31072 29870
30879 29142 30137 29925
30071 32251 29078 29241
28341 30048 31297 30370
29050 30148 31803 29929
29775 29810 30276 30794
30225 32087 29080 29094
30236 32079 28534 29466
30478 28705 30038 29968
30893 30802 30293 29004
31384 31124 29297 29931
29872 29479 30703 29916
30945 29047 29735 30122
29707 30592 30241 29728
28427 30045 31336 30521
29588 29619 30662 30569
31194 30984 29434 30167
30110 29878 30214 30666
29938 29927 30470 30719
31032 31624 29607 29770
28631 29991 31477 30468
28893 30503 30698 29963
28686 30153 31380 30335
30714 31085 30094 29450
31143 31312 29444 29878
28628 30068 31480 30323
30346 32059 28853 29355
29444 30300 30591 29520
29516 29749 31076 30418
30719 30754 30346 29388
30336 29015 30827 29854
30806 30391 30383 29055
29065 30324 31074 30304
29033 29795 31595 30032
29834 31955 28952 29658
30169 32062 28677 29423
29966 29703 30300 30509
29533 29730 30622 30683
30251 31953 29333 29484
30431 32067 29134 29154
30489 30477 30403 29242
30558 30559 30409 29144
30492 29903 31126 29722
30285 31843 29494 29617
30747 30761 30060 29578
28834 30053 31636 30018
28768 30251 31630 30038
30957 28872 29926 29924
30438 31990 29195 29492
29357 30065 30775 30628
30503 28896 31021 29899
29956 32017 28775 29477
30813 28962 29893 30143
30869 30976 29538 30217
29124 29862 31578 30224
30761 30880 29976 29783
30697 31240 29183 29887
30379 31875 28964 29650
30802 31703 29908 29715
29419 30170 31098 30176
30941 31354 29728 29834
30672 31483 29933 29680
30569 31470 29676 29877
28683 30252 31702 30257
30265 30441 29999 30100
28778 29846 31545 30315
31156 30896 29589 30212
29943 29692 30311 30491
29484 30258 30901 30064
30907 30992 29890 29769
29060 30095 31722 29947
29190 30458 30362 29739
29900 29564 30692 30066
29291 30050 31496 29911
31009 28902 29838 29995
29222 30083 30510 30609
29479 29610 30790 30534
29853 29575 30528 29983
29277 30277 30810 30269
30641 31748 29800 29752
29857 29546 30946 29975
30253 32064 28717 29326
30192 32085 29093 29372
30893 30802 30293 29004
29569 29776 30907 29981
29473 30272 30986 30129
30942 31199 29501 29801
30148 31872 29119 29509
30356 32054 28741 29302
30405 30407 30281 29448
30601 31140 29996 30030
30443 28760 30950 30017
30445 31810 29647 29691
31170 31158 29158 29688
30134 29993 30222 30359
29350 30202 31115 30372
29784 30032 30441 30670
29350 30029 31552 30227
30271 30188 30452 29271
30711 31410 29636 29852
30705 31536 29810 29756
29207 30100 30515 30640
30852 31154 29881 29772
29872 30216 30506 29632
30707 31732 29639 29580
30999 31532 29643 29717
30663 31398 29771 29964
30863 31390 29812 29811
30557 29908 30954 29835
30380 30451 30261 29424
30261 32050 28960 29406
30769 30473 30339 29262
30702 30902 30222 29652
30422 31781 29646 29792
29251 30123 31558 30312
30373 28913 29896 30169
29436 30090 30674 30495
29480 30145 31087 30243
30855 31803 29687 29450
30777 31747 29480 29880
30475 30484 30380 29306
30944 31120 30059 29636
29877 30134 30448 29648
30780 31156 29818 29838
29242 30293 30811 30065
29201 30321 31099 29919
30443 28760 30950 30017
30475 30484 30380 29306
28360 29981 31443 30379
28777 29649 31722 29929
29282 29669 30437 30704
29931 32067 28787 29323
30104 32029 28693 29387
30243 28474 29902 29984
30455 30484 30327 28885
31043 31143 29364 29706
29456 29353 30624 30346
30617 30652 30295 29076
29538 29526 30653 30022
29037 30066 31662 29925
28538 29986 31323 30353
30879 30968 29943 29623
30574 29113 29879 29858
29256 29846 31551 29901
29142 30149 31104 29657
30491 28575 30441 29767
29782 30026 30440 29444
29322 29536 30397 30628
28497 29838 31410 30254
29903 29726 30341 30219
30248 30352 29972 29527
29976 29635 29561 30604
30108 29742 30082 30513
29932 31849 28808 29467
28859 30087 31446 30191
30730 30864 29428 29829
29128 29924 31253 29744
30183 31953 28940 29205
30314 31714 29124 29568
30037 29877 29975 30412
29473 29622 30325 30560
28804 29941 31304 30280
28891 30100 31433 29843
30798 31528 29688 29609
29323 29965 30975 29997
30021 29661 30118 30161
30469 30730 30278 29361
30405 31962 29002 29128
30212 29773 31050 29535
30081 32010 29042 29262
30717 30536 30267 29294
30733 31658 29822 29557
29080 30012 31403 30108
30705 28798 29677 29965
30054 31810 29251 29602
29391 30126 30878 30114
30278 31786 29261 29645
29785 29846 30299 30608
29085 29922 31363 29950
30747 31368 29788 29670
30001 29504 30820 29790
30180 31945 28705 29220
30366 28536 30674 29761
30304 32046 29084 29152
30569 31412 29673 29776
29965 30216 30266 29413
30341 28887 30735 29733
29906 29880 30222 30307
30343 28730 30813 29874
29953 29733 30197 30566
30812 31125 29865 29582
30395 30501 30082 29433
30730 31265 29396 29789
29949 30196 29998 29504
30420 31475 29886 29400
29350 29881 31445 30132
30501 30910 29813 29816
30714 30949 29640 29798
29400 30104 30837 30015
30645 31065 29673 29828
30147 30994 30017 29226
30712 28995 29661 29830
30124 31947 29327 29241
30291 28748 30757 29838
30752 30924 29299 29786
30350 28975 29983 29877
30185 28911 29790 30111
30353 29671 31077 29593
30132 31987 28701 29477
30152 31817 29077 29367
30328 28770 30705 29874
30433 30688 30340 29386
30643 30708 30264 29137
30497 31009 29865 29767
30635 31201 29764 29826
30723 31695 29813 29714
30731 31667 29730 29667
30165 28733 30864 29903
30461 29792 30868 29590
29073 29962 31409 29873
30782 28736 29769 29709
30750 31160 29742 29792
30707 31212 29767 29793
28347 30027 31288 30148
28854 30033 31582 29853
29417 29591 30199 30594
30079 31966 28597 29102
30114 30575 30310 28938
30153 28515 29818 29852
30735 28576 29600 29642
29399 29248 30614 30267
29603 31754 28903 29243
28589 29975 31255 29987
30307 31411 29761 29703
29900 29468 29596 30401
30279 28756 29927 29845
30673 31102 29519 29756
30010 31848 29074 28992
29774 29817 29976 30172
29115 29847 31241 30128
29370 30082 30751 30009
30337 30316 30311 29155
28970 29693 31303 29932
30262 31752 29162 29441
29336 29490 30891 29955
29550 29665 30203 30461
30527 30909 29619 29766
28860 29860 31356 29956
30260 28668 30623 29738
28956 30004 31158 29978
29810 29586 29548 30507
30197 31658 29414 29638
30267 29549 31024 29547
30600 30648 30195 29033
30333 31950 28985 29075
30391 30659 29736 29822
30266 31687 29310 29556
29085 29868 31248 30025
30689 31649 29800 29652
29955 29475 29631 30272
30703 30268 30233 29138
30404 30435 30240 29304
30345 30615 30095 29235
30321 29554 30972 29573
30384 30456 29828 29406
29933 29580 29786 30054
30378 30294 30169 29333
29803 29602 30874 29417
30694 30947 29439 29549
29979 29647 29609 30223
30082 29540 29720 30196
30442 28740 29592 29825
30275 31650 29661 29220
30417 30497 30260 29088
30391 30554 30162 29107
30514 30922 29525 29828
28514 30011 30710 29827
28935 29639 31210 29985
29927 29443 29669 30184
30059 31772 28753 29051
30091 31874 28910 28997
30180 28532 29688 29728
30425 30350 30165 28669
30642 31067 29447 29723
28867 29699 30935 29524
30152 28926 30653 29550
30341 30411 30188 29226
29967 31690 28976 28808
29933 29332 29549 29791
30290 31363 29363 29683
30245 30427 29826 29343
30587 30969 29575 29420
30273 30283 30026 29297
30537 30264 30166 28746
30390 30490 30041 29033
30520 31180 29322 29505
30285 31629 29084 29473
30496 30808 29461 29644
30241 30740 29727 29511
30434 31212 29450 29588
30247 31653 29093 29520
30240 31718 28766 29033
30535 30869 29620 29542
30170 31641 28882 29569
29786 28800 30458 29439
29852 29370 29667 30171
29912 28375 29661 29772
30001 31650 28865 29437
30083 30319 30022 28850
30147 31574 28861 29494
30302 30291 29945 29082
30240 30104 30114 28895
30291 30201 29454 29523
30208 31511 28996 29481
30054 31624 29074 29360
30196 30115 29879 29269
30254 30305 30068 29129
29948 31635 29065 29293
30187 31558 29034 29380
30293 30221 29963 29090
29673 31558 29012 28849
29953 30136 30000 29034
29991 30058 29742 29072
30015 29838 29647 29063
30086 30193 29604 28519
29996 30205 29549 29058
30048 30001 29891 28977
30061 30125 29660 29024
30011 30138 29804 28984
29855 29962 29639 28568
29938 30078 29567 28730
30006 29716 29619 28536
28856 30455 31765 30851
29760 29863 32335 30246
29799 31147 31609 29093
29946 31897 30576 30301
30453 29889 28967 32519
31582 30233 27302 31460
32353 28820 29217 30824
32669 29216 28805 30921
30392 31459 30532 30066
29793 30630 31540 29834
31712 30558 27886 31457
30971 30671 29147 32250
30938 30894 28368 31881
29497 31251 31982 29659
32542 29177 28588 31126
31402 30216 31151 30656
32137 29404 29306 31007
30229 30328 30061 32147
31369 30546 30693 31530
30487 30144 32180 30706
32254 29022 29428 31371
31506 30449 27589 31814
32219 29347 29329 31087
32204 29143 29631 31244
31150 30019 31230 30610
29477 31321 31868 29527
32579 29354 28930 30913
32023 29272 29417 31263
30803 30725 30964 31947
30561 30873 30969 31628
31177 30323 29272 32329
29821 31622 30684 30399
31558 30782 28107 31301
30318 30071 32202 30830
32058 29225 29534 31400
30048 31793 30823 30381
29315 30581 31607 30163
30692 30960 30410 31389
29796 31698 30734 30386
31874 29747 29883 31407
29512 31052 32092 29619
31617 30848 28507 31195
29841 31209 31572 29177
30362 29967 28943 32460
29466 30686 31500 30103
30290 30124 30010 32018
31920 29485 29506 31161
30470 30980 30248 31367
31252 30122 29948 31735
30613 29997 28936 32360
31910 29833 29148 31479
30439 30053 32000 30763
29398 31493 31760 29319
29139 30501 31632 30131
29827 31076 31415 29265
30742 30737 30881 31667
29033 29754 30986 31498
30119 30420 30097 32084
29737 31543 31068 30128
31766 29079 29502 31437
30287 30262 32114 30625
29971 31396 30552 30541
29552 31280 30772 30544
29644 31781 30976 30423
29033 29754 30986 31498
31166 31010 28404 31787
30871 30767 30323 31377
29659 31475 31070 30194
31502 30469 27627 31750
31669 29859 29712 31267
30006 31500 30488 30479
29697 31345 31681 29480
32347 29595 29054 31291
32450 29522 28975 31280
30119 30420 30097 32084
32267 29284 28890 31376
31823 29617 29962 31173
30909 30835 30932 31282
32282 29026 29481 31200
29336 31201 30604 30616
31558 30782 28107 31301
30472 30120 29070 32412
30941 30407 31304 30408
31473 30472 31022 31409
31692 29696 29074 31485
30939 30888 28740 31837
30946 30244 31275 30378
31642 29943 29923 31828
30743 31097 30490 31326
29864 31008 31602 29249
30103 31366 30441 30454
29585 31526 30849 30523
29594 31296 31769 29526
32515 29152 29027 31004
32460 29037 29115 30846
29907 31340 31191 30144
29139 30501 31632 30131
30217 30881 31351 29405
31663 29653 28945 31646
30267 31040 31228 29388
32429 29438 29122 31276
32669 29216 28805 30921
30935 30602 30036 31852
31555 30705 30953 31528
29783 31481 31538 29438
30085 30887 31241 29343
31760 29622 29910 31357
31196 30641 30957 31346
31226 30612 30768 31644
30675 31005 30507 31280
29756 31281 32030 29630
29747 31213 31022 30176
30453 29889 28967 32519
29416 31347 31621 29264
32431 29447 29052 31317
31709 30124 29950 30999
31763 29439 29680 31762
29613 30420 31663 29654
29810 31330 31546 29476
30846 31187 31214 30740
30846 31187 31214 30740
30683 30762 30863 31434
30679 31151 30460 31289
29770 31292 31607 29370
30217 30881 31351 29405
31502 30469 27627 31750
31860 30002 28967 31402
31677 29281 29509 31811
31677 29281 29509 31811
28999 30535 31233 29867
29131 31385 31508 29068
29946 31703 30700 30291
30280 30105 31992 30685
30948 30077 28866 32317
31461 30336 27466 31678
31995 28963 29337 30980
32422 29378 28611 30648
31331 30388 27503 31593
32184 29170 29227 31047
31518 30709 28209 31089
31898 29552 28728 31158
29676 31608 30810 30350
29801 30372 31223 29658
29319 31295 31779 29304
31612 29657 29620 31476
30188 29957 29678 32045
32090 29427 28869 30920
32393 29414 29105 31275
31597 29293 29748 31795
31942 29033 29235 31286
30018 30136 30058 31887
29900 31354 30532 30499
29632 30460 31368 29816
30890 30293 28879 32201
31152 30083 30931 30680
30561 30343 29079 31925
30028 31232 30331 30365
30607 30999 30297 30698
30446 30786 30452 30361
29462 31255 31966 29489
30225 30474 31199 29804
29264 30719 31177 30028
30293 29805 31889 30542
30331 29890 28868 32302
31030 30070 31107 30469
29551 31269 31792 29594
31082 30196 29259 32236
29713 31167 31252 29185
30841 29515 29565 31651
30611 30750 30455 30767
31544 29848 29033 31128
31723 29721 29800 31325
30984 29767 29688 31530
29666 31206 31434 29411
30108 30207 30000 31905
29692 31137 31283 29377
31669 29318 29543 31367
31472 29372 29401 31727
30835 30643 28480 31511
30689 30545 30721 31845
30773 30796 28274 31696
31817 29686 29834 31233
32076 29345 29242 30957
29107 31378 31536 29132
31715 29395 29519 31497
29093 30491 31525 30079
32141 29009 29253 30967
29921 31065 30846 30247
31046 30754 28333 31635
30725 29876 31063 30606
29543 31384 30998 30164
30683 30607 30610 31645
29296 30024 31013 31362
29978 30258 30008 32099
31129 30091 29033 32133
30215 30837 31183 29497
29706 31219 31641 29249
29096 30514 31550 29934
29614 31168 30822 30725
30136 29943 31784 30702
29691 31008 31475 29268
30112 31253 30472 29964
30122 30245 29936 32117
29476 31187 31860 29447
29993 31119 30392 30303
30635 30657 30904 31745
29302 31146 31859 29599
30621 30843 28389 31721
31684 29735 29597 31355
31391 30637 30760 31268
31804 29706 29048 31355
30126 30890 30472 30162
30000 31073 30559 30136
30685 30141 29286 31923
31037 30381 31022 30230
31566 29687 29873 31073
31490 30686 28641 31095
31031 29822 29639 31612
31411 30659 28614 31237
29489 31165 30826 30483
30217 30599 31055 29256
29960 30942 30425 30328
31396 30742 28477 31065
30724 30104 31125 30258
31507 30627 30898 31528
29551 31085 31180 29902
30966 30975 28212 31660
30117 30936 30401 30327
30754 30737 30440 31254
29275 30515 31480 30049
29677 31082 31511 29319
29947 30845 30731 30112
30971 29870 29905 31641
30710 30349 31228 30066
31594 29782 29093 31278
29706 31219 31641 29249
30960 30810 28241 31677
31533 29720 29829 31116
31664 29403 29238 31670
30874 30282 29062 32271
30909 30724 28246 31671
30874 30282 29062 32271
30685 30852 28248 31725
31674 29293 29835 30962
31541 30658 28653 31094
29062 30468 31427 29786
29512 31497 30356 30015
29674 31047 31331 29022
29961 30090 31944 30638
30395 29927 28790 32224
31306 30253 27300 31561
32119 28757 29163 31029
32393 29291 28868 31183
31316 30637 28283 31240
31373 30084 27305 31489
30994 29975 30899 30508
30624 30462 30626 31553
31069 29887 29089 32142
31708 29503 29643 31040
29985 29791 29896 31885
29537 30516 30992 29607
31412 30352 30863 31435
31736 28906 29392 31134
30026 30871 30286 30374
29744 31320 30631 29944
32326 29322 28559 30739
29310 30415 31265 29808
30511 29995 30870 29737
31596 29577 29710 31115
31537 28832 29340 31303
29106 29541 30953 30972
30009 30665 31155 29369
30290 30327 30156 31716
31498 30587 28639 31144
29223 29632 30881 31187
30455 30552 30575 31605
31188 29731 29877 31489
30187 29998 31879 30402
30143 30040 30143 31782
29290 30997 31754 29524
30295 30217 29853 31804
29773 31252 30249 30275
31368 30691 28422 31013
30120 30974 30075 30555
29958 30709 30282 30381
31844 28925 29164 31064
31045 30196 29230 32203
29340 31142 31736 29301
29648 31085 31618 29190
29668 30982 31460 29155
32206 29400 29003 30892
31541 29090 29325 31344
32116 29033 29128 30877
32158 29165 28954 30955
32364 29252 28938 31081
29485 30482 31351 29484
31167 29935 29931 31470
29409 31054 31830 29320
31326 30610 30707 31451
29681 31122 30369 30448
29539 30929 31613 29473
29869 31401 30542 30200
30359 30615 30663 31661
29492 31200 31402 29269
29873 30937 30672 30031
31289 30640 28627 31013
29393 31241 31539 29186
31933 29061 29168 30845
32050 29134 29122 30825
31043 29906 29768 31487
31345 29683 29936 31481
32295 29356 28991 30913
29945 31397 30458 30212
29924 31340 30598 30120
32035 29310 29233 30840
29520 31227 30050 30432
29871 31481 30408 30138
29603 30257 31325 29808
29273 30980 31853 29451
32124 29374 28838 31217
32245 29066 29011 30866
32154 29122 29057 31064
29846 31191 30077 30316
32087 29321 28936 31057
31568 29688 29653 30894
29333 31356 30627 30152
29323 31185 31495 29306
31916 29142 28953 31227
29630 31219 30304 30299
29919 30960 30212 30332
29921 31054 30517 30234
32233 29265 28943 30918
31792 29686 29212 30844
29989 29790 30207 31803
29599 30977 30595 30336
31572 29088 29266 31483
31379 29160 29209 31677
29533 31187 31425 29394
29981 31102 30192 30311
31385 30631 28598 31143
29846 31217 30406 30251
28765 29295 30580 31052
29545 30899 31349 28998
29623 31205 29962 30280
29913 29931 31699 30236
30518 29784 28843 32192
31284 30110 27275 31414
32006 28715 29054 30977
32313 29264 28596 31143
31249 30066 27442 31340
30268 29723 30491 30369
29758 29813 31451 30566
28811 30326 31261 29706
30078 29826 31680 30355
31325 30426 28087 31212
29032 31176 31182 29130
30001 30790 30197 30028
31730 28873 29254 31053
29054 29345 30822 30987
31912 28967 28914 31034
29985 30664 31129 29359
31435 30576 28368 31113
29574 31000 30138 29959
31325 29094 29444 31464
29535 31027 31280 29142
32175 29393 28631 30740
29217 30264 31117 29561
29701 31091 30030 30258
32103 28763 29083 30740
29300 30259 30856 29567
31528 29534 29687 31050
30667 30168 28839 31997
31276 30583 28168 30921
30615 29576 30288 30293
31238 30041 29997 31221
30799 30076 28866 32116
31583 28907 29272 31029
29911 30932 30515 30145
30854 29990 29072 31900
30933 30405 29826 31128
29272 30145 31175 29787
32053 28934 29023 30678
31033 30144 29754 30836
32032 29150 29182 30806
29813 29971 29950 31605
30433 29917 28860 32169
31363 29629 29953 31432
32309 29053 28638 30686
29958 29984 29730 31712
29449 30441 31302 29478
31251 29753 29585 31187
29802 29968 29910 31779
29340 30171 31143 29544
29866 30245 30457 31165
30673 30131 29150 32148
29627 30984 30249 30325
29985 30739 29908 30199
31536 29553 29379 30947
31102 29989 29971 31405
31983 29050 29052 30928
29324 30232 31337 29399
30522 30285 28133 31208
32012 29207 28889 30976
29437 30513 30466 30264
30482 30437 28475 31204
31313 29809 29250 31371
30886 30316 29890 30988
31249 30526 28503 30964
30439 30475 28496 31190
32239 29278 28842 30927
30640 30156 29920 31087
29569 30059 29873 31411
29538 30260 31133 29416
29196 30162 31320 29346
29398 30392 31261 29248
29540 31033 30019 29880
30449 29792 28700 32141
31021 29918 27302 31268
31972 28727 29134 30756
31350 29437 29798 31426
31948 28879 28934 30755
30485 29893 28424 31965
31419 29471 29431 30856
31214 30407 27585 31184
29843 30792 30498 29954
29425 29810 30814 29675
31835 28804 28836 30835
29391 30662 30384 30116
31961 28742 28988 30475
29897 30551 31040 29333
30709 29707 29955 31190
29478 30650 30504 29809
29343 30084 31087 29436
29513 30895 30450 30115
30540 30286 28176 30995
30898 29601 29578 31001
30174 30123 28370 31102
31172 30440 28333 30925
31181 29585 29853 31297
29307 30294 31280 29474
30278 30236 28403 31082
30606 30129 29708 30932
30254 30317 28281 30934
30447 30233 28237 30928
30985 29635 29970 30932
30537 30192 28184 30965
30539 30177 29507 30825
29278 30211 31103 29376
29382 29929 30991 29089
30187 30280 28207 30896
31251 29372 29797 31293
31326 29203 29304 31280
30318 29975 28308 30784
31152 29518 29534 31271
30264 30021 28391 31029
30424 30160 28216 30903
31169 29392 29660 31246
31177 29499 29557 31195
31153 29499 29607 31216
29212 29822 31040 29129
30902 29345 29686 31122
30924 29338 29365 31116
31018 29370 29249 30875
30976 29412 29337 31023
30694 29329 29445 30497
30831 29273 29565 30819
30754 29273 29268 30758
30819 29270 29241 30726
