3 0.10625
27749 29463
28719 29300
29105 28666
28940 29146
27321 29182
29085 28086
28980 28590
28867 28800
28700 29084
27475 29103
29071 28085
28881 28120
28822 28363
28291 29031
28692 28766
27857 29076
28416 28833
28308 28920
28656 28774
28975 27727
28959 27899
28908 27933
28973 27898
28793 28222
28699 28323
28212 28944
28108 28976
27966 28993
28691 28755
27843 29052
28307 28808
28279 28861
28625 28757
28947 27794
28752 27948
28697 28099
28199 28902
28668 28418
27425 29040
27624 28957
28268 28782
28470 28734
28625 28684
28757 27793
28792 27705
28692 28008
28187 28899
28645 28090
27579 28917
27429 28955
28227 28774
28350 28700
28608 28580
28403 28678
28460 28602
28611 28226
28063 28887
28182 28850
27912 28890
27536 28912
26714 28953
28606 28481
28550 28534
28391 28653
28456 28535
28051 28884
28169 28841
28571 27956
28543 28355
28524 28517
28324 28561
27524 28877
28131 28823
27862 28827
27868 28826
28567 27770
28529 27903
28513 28186
28508 28214
28431 28417
28363 28509
28501 28310
28371 28426
28172 28557
27521 28848
27358 28850
28063 28754
28065 28571
28508 27950
28482 28291
28493 28169
28316 28412
28328 28297
28120 28553
28148 28549
27381 28826
27492 28788
27471 28818
27104 28834
28050 28741
27565 28743
28504 27848
28488 28003
28473 28027
28334 28097
28209 28386
28276 28374
28209 28386
28308 28178
28075 28390
27477 28778
27002 28822
27963 28673
27673 28702
27998 28598
28030 28579
27543 28705
27511 28717
28473 27879
28312 27982
28257 28369
28107 28373
28285 28085
28259 28111
28035 28389
27383 28725
27190 28730
27436 28719
27170 28764
27188 28748
27936 28610
27860 28668
27570 28676
28018 28543
28025 28473
27483 28712
28414 27869
28439 27731
28421 27781
28233 28113
28110 28331
28196 28267
28225 28116
28253 28057
28251 28060
27245 28714
27899 28567
27617 28649
27636 28636
27780 28619
27610 28664
27973 28534
27996 28469
28005 28430
27477 28678
27347 28700
27332 28706
27438 28694
28373 27827
28399 27800
28413 27749
28112 28254
28187 28190
28199 28067
28231 27961
28217 28039
27573 28581
27512 28651
27897 28481
27818 28517
27954 28390
27948 28412
27966 28334
27461 28671
27341 28673
28275 27670
28365 27660
28085 28189
28177 28060
28226 27720
28219 27908
28200 27953
27532 28542
27765 28502
27833 28398
27939 28371
27866 28387
27438 28670
27133 28671
28335 27635
28071 28168
28215 27713
28082 27929
28089 27904
28182 27880
28194 27372
