113 2.90871
3492 3981
4077 3541
4077 3541
3654 3886
4063 3594
3784 3794
3699 3870
3572 3950
3842 3775
3744 3839
3544 3961
3492 3981
3544 3961
4026 3608
3626 3916
3744 3839
4015 3630
3861 3757
3978 3667
3833 3781
3699 3870
3744 3839
4020 3616
3793 3782
3976 3697
3775 3818
3688 3884
3978 3667
3863 3756
3915 3736
3980 3642
3626 3916
3640 3902
3594 3926
3775 3818
3980 3642
4010 3641
3889 3752
3775 3818
3688 3884
3581 3941
3952 3700
3492 3981
3594 3926
3889 3752
3581 3941
3943 3712
3952 3700
4063 3594
3976 3697
3940 3724
3640 3902
3889 3752
3915 3736
4047 3602
3594 3926
4010 3641
3940 3724
3925 3730
3833 3781
4047 3602
4063 3594
3793 3782
3943 3712
3925 3730
3544 3961
3640 3902
3699 3870
4047 3602
3915 3736
3793 3782
3925 3730
4047 3602
3976 3697
3943 3712
3861 3757
3980 3642
3793 3782
3861 3757
3492 3981
3492 3981
3492 3981
3492 3981
3492 3981
3492 3981
3492 3981
3492 3981
3492 3981
3492 3981
3492 3981
3492 3981
3492 3981
3492 3981
3544 3961
3544 3961
3544 3961
3544 3961
3544 3961
3544 3961
3544 3961
3544 3961
3544 3961
3544 3961
3544 3961
3544 3961
3581 3941
3581 3941
3581 3941
3581 3941
3594 3926
3594 3926
3626 3916
3626 3916
3626 3916
3626 3916
3626 3916
3626 3916
3640 3902
3640 3902
3688 3884
3688 3884
3688 3884
3688 3884
3699 3870
3699 3870
3699 3870
3699 3870
3699 3870
3744 3839
3744 3839
3744 3839
3744 3839
3744 3839
3744 3839
3744 3839
3775 3818
3775 3818
3775 3818
3775 3818
3775 3818
3793 3782
3793 3782
3833 3781
3833 3781
3833 3781
3861 3757
3861 3757
3861 3757
3861 3757
3861 3757
3861 3757
3889 3752
3889 3752
3889 3752
3889 3752
3889 3752
3889 3752
3915 3736
3915 3736
3915 3736
3915 3736
3915 3736
3915 3736
3915 3736
3915 3736
3915 3736
3915 3736
3925 3730
3925 3730
3940 3724
3940 3724
3943 3712
3943 3712
3943 3712
3943 3712
3943 3712
3943 3712
3943 3712
3952 3700
3952 3700
3952 3700
3976 3697
3976 3697
3976 3697
3976 3697
3976 3697
3978 3667
3978 3667
3978 3667
3978 3667
3978 3667
3978 3667
3978 3667
4010 3641
4010 3641
4010 3641
4047 3602
4047 3602
4047 3602
4047 3602
4047 3602
4047 3602
4047 3602
4047 3602
4047 3602
4063 3594
4063 3594
4063 3594
4063 3594
4063 3594
4063 3594
4077 3541
4077 3541
4077 3541
3493 3950
4035 3560
3859 3756
3592 3921
3991 3604
3685 3871
3920 3709
3511 3937
3697 3831
3795 3771
4035 3560
3631 3887
3973 3626
3969 3653
3773 3781
3752 3793
3716 3797
3621 3895
3937 3693
3954 3678
3963 3673
3719 3795
3926 3702
3494 3949
3621 3895
3621 3895
4035 3560
4035 3560
3438 3937
4033 3552
3738 3790
3511 3927
3677 3836
3833 3750
3586 3918
3984 3598
3965 3636
3624 3871
3909 3709
3765 3762
3767 3758
3949 3658
3646 3859
3855 3719
3855 3719
3970 3602
3937 3667
3599 3895
3599 3895
3917 3704
3919 3679
3919 3679
3665 3850
3665 3850
3975 3601
3917 3704
3767 3758
3540 3918
3540 3918
4031 3505
3979 3592
3828 3746
3905 3673
3944 3647
3674 3801
3746 3748
3718 3790
3598 3877
3649 3819
4020 3549
3992 3550
3853 3718
3646 3858
3576 3910
3883 3704
3618 3862
3941 3649
3872 3708
3732 3765
3561 3912
3732 3765
3548 3917
3746 3748
3457 3915
3457 3915
4026 3483
4007 3544
3715 3788
3746 3744
3974 3583
3780 3735
3823 3731
3880 3670
3903 3647
3648 3810
3933 3617
3849 3717
3944 3592
3920 3635
3515 3905
3599 3861
3660 3794
3538 3894
3878 3694
3860 3700
3569 3878
3643 3846
3582 3869
3549 3885
3486 3914
3972 3591
3491 3909
3629 3855
3660 3794
3629 3855
3643 3846
3481 3913
3963 3540
3706 3787
3849 3716
3643 3821
3569 3873
3623 3845
3511 3877
3933 3574
3866 3681
3482 3888
3919 3616
3917 3629
3952 3567
3896 3642
3868 3668
3877 3655
3882 3645
3919 3616
3943 3568
3943 3568
3479 3893
3948 3565
3789 3716
3677 3771
3824 3697
3844 3656
3496 3876
3917 3607
3871 3621
3948 3565
3665 3782
3557 3847
3860 3645
3596 3843
3622 3833
3555 3870
3908 3611
3640 3802
3638 3807
3613 3837
3555 3870
3383 3872
3948 3542
3788 3715
3651 3762
3609 3816
3504 3868
3808 3658
3549 3857
3833 3607
3623 3783
3818 3644
3913 3595
3888 3605
3917 3558
3537 3862
3934 3554
3510 3862
3939 3519
3627 3714
3765 3705
3599 3789
3794 3652
3814 3610
3895 3581
3854 3603
3538 3857
3568 3816
3779 3695
3580 3812
3904 3547
3934 3535
3912 3543
3517 3859
3470 3841
3939 3453
3702 3669
3779 3638
3596 3786
3920 3526
3836 3598
3621 3705
3621 3705
3523 3832
3851 3577
3889 3574
3558 3805
3893 3545
3536 3826
3546 3815
3891 3553
3557 3809
3489 3830
3911 3515
3773 3606
3582 3767
3877 3574
3832 3598
3539 3805
3500 3808
3568 3782
3568 3782
3486 3822
3872 3544
3813 3572
3581 3766
3510 3794
3861 3562
3537 3777
3548 3775
3357 3821
3861 3547
3577 3564
3545 3744
3723 3559
3510 3785
3853 3552
3529 3771
3541 3754
3853 3552
3358 3745
3847 3478
3542 3671
3637 3528
3366 3731
3844 3520
3347 3721
3846 3387
3770 3518
3360 3710
3841 3410
3828 3509
3813 3515
3801 3495
3804 3493
3634 3474
3702 3436
3573 3925
3573 3925
4051 3550
4036 3599
3995 3620
3628 3900
3955 3723
3883 3773
4051 3550
3573 3925
3697 3844
3966 3690
3739 3842
3739 3842
3781 3837
3804 3806
3992 3650
3980 3672
3919 3761
3928 3742
3828 3804
3849 3795
3628 3900
4032 3600
3992 3650
3690 3866
3781 3837
3649 3890
3677 3879
3849 3795
3877 3788
3677 3879
3781 3837
3803 3816
3828 3804
3919 3761
3970 3679
4018 3614
3803 3816
4018 3614
3628 3900
3649 3890
3937 3733
3937 3733
3944 3724
3966 3690
4018 3614
3677 3879
3919 3761
4051 3550
3649 3890
3695 3849
3803 3816
3880 3780
3690 3866
3649 3890
3694 3859
3944 3724
3980 3672
3992 3650
3877 3788
3880 3780
3928 3742
3966 3690
3877 3788
3694 3859
3919 3761
3928 3742
3849 3795
3970 3679
3980 3672
3695 3849
3739 3842
4032 3600
3694 3859
3970 3679
3697 3844
3739 3842
3697 3844
3573 3925
3573 3925
3573 3925
3573 3925
3573 3925
3628 3900
3628 3900
3628 3900
3628 3900
3628 3900
3628 3900
3628 3900
3628 3900
3628 3900
3628 3900
3628 3900
3628 3900
3628 3900
3628 3900
3628 3900
3628 3900
3649 3890
3649 3890
3649 3890
3649 3890
3649 3890
3649 3890
3649 3890
3649 3890
3649 3890
3649 3890
3677 3879
3677 3879
3677 3879
3677 3879
3690 3866
3690 3866
3694 3859
3694 3859
3694 3859
3694 3859
3695 3849
3695 3849
3695 3849
3695 3849
3697 3844
3697 3844
3697 3844
3697 3844
3697 3844
3739 3842
3739 3842
3739 3842
3739 3842
3739 3842
3739 3842
3739 3842
3739 3842
3739 3842
3739 3842
3781 3837
3781 3837
3781 3837
3781 3837
3781 3837
3781 3837
3781 3837
3781 3837
3781 3837
3781 3837
3849 3795
3849 3795
3849 3795
3849 3795
3849 3795
3849 3795
3849 3795
3849 3795
3849 3795
3849 3795
3849 3795
3849 3795
3849 3795
3877 3788
3877 3788
3880 3780
3919 3761
3919 3761
3919 3761
3919 3761
3919 3761
3919 3761
3919 3761
3919 3761
3919 3761
3919 3761
3919 3761
3928 3742
3928 3742
3928 3742
3928 3742
3928 3742
3944 3724
3944 3724
3966 3690
3966 3690
3970 3679
3970 3679
3970 3679
3970 3679
3970 3679
3970 3679
3970 3679
3980 3672
3980 3672
3980 3672
3980 3672
3980 3672
3992 3650
3992 3650
3992 3650
3992 3650
3992 3650
3992 3650
3992 3650
3992 3650
3992 3650
4018 3614
4018 3614
4018 3614
4018 3614
4018 3614
4018 3614
4018 3614
4032 3600
4051 3550
4051 3550
4051 3550
4051 3550
4051 3550
4051 3550
3611 3893
3611 3893
4043 3534
3640 3846
3795 3813
3974 3654
3721 3823
3976 3604
4009 3560
3961 3685
3919 3727
3812 3793
3840 3782
3939 3695
4009 3560
3686 3842
3976 3604
3928 3712
3897 3756
3863 3770
3897 3756
3711 3831
3863 3770
3688 3832
3688 3832
3688 3832
3688 3832
3688 3832
3688 3832
3688 3832
3897 3756
3631 3845
4012 3518
3750 3809
3646 3842
3901 3725
3981 3552
3973 3601
3886 3752
3927 3680
3800 3782
3789 3796
3949 3618
3839 3760
3946 3642
3839 3760
3929 3651
3992 3523
3928 3666
4008 3520
3992 3523
3604 3826
4010 3497
3770 3796
3674 3805
3786 3734
3641 3822
3975 3543
3969 3592
3919 3641
3901 3698
3921 3621
3916 3677
3836 3716
3979 3524
3954 3594
3810 3719
3806 3728
3993 3505
3875 3703
3856 3713
3982 3507
3933 3601
3933 3601
3916 3677
3865 3709
3873 3707
3933 3601
3619 3820
3619 3820
4008 3436
3726 3772
3626 3804
3768 3737
3955 3545
3960 3462
3819 3713
3931 3584
3903 3677
3983 3458
3919 3619
3854 3708
3872 3695
3910 3648
3913 3638
3871 3700
3528 3815
3985 3397
3918 3504
3819 3705
3917 3608
3966 3454
3726 3727
3857 3686
3668 3757
3562 3800
3972 3420
3615 3780
3884 3675
3614 3789
3694 3752
3902 3644
3724 3739
3559 3814
3899 3655
3672 3756
3899 3655
3615 3780
3899 3655
3508 3809
3980 3357
3959 3431
3910 3600
3716 3726
3780 3692
3652 3733
3553 3778
3842 3666
3650 3751
3604 3753
3873 3655
3902 3637
3821 3673
3561 3772
3905 3607
3592 3770
3808 3689
3598 3765
3813 3688
3890 3648
3888 3649
3888 3649
3508 3808
3936 3421
3902 3626
3932 3424
3610 3740
3702 3712
3713 3694
3796 3686
3536 3778
3826 3655
3560 3760
3882 3646
3848 3648
3805 3682
3560 3760
3893 3629
3702 3712
3932 3424
3560 3760
3560 3760
3560 3760
3527 3759
3925 3300
3902 3484
3784 3658
3726 3684
3900 3624
3613 3711
3841 3643
3677 3710
3562 3714
3680 3691
3562 3714
3873 3638
3876 3636
3888 3628
3888 3628
3900 3624
3664 3697
3900 3608
3725 3683
3734 3644
3798 3642
3853 3634
3669 3689
3870 3631
3884 3624
3884 3624
3884 3624
3884 3624
3549 3695
3896 3497
3619 3680
3826 3631
3892 3584
3881 3620
3837 3624
3889 3604
3527 3694
3896 3447
3739 3620
3886 3583
3850 3619
3436 3644
3896 3417
3840 3618
3492 3635
3885 3503
3892 3431
3871 3563
3868 3572
3480 3642
3795 3617
3886 3394
3867 3492
3812 3582
3856 3563
3846 3572
3870 3433
3883 3422
3800 3595
3711 3616
3855 3546
3794 3607
3843 3564
3681 3616
3849 3461
3789 3586
3821 3559
3818 3563
3781 3586
3842 3380
3814 3526
3838 3441
3439 3585
3838 3328
3772 3573
3796 3355
3808 3348
3705 3564
3778 3328
3750 3484
3730 3544
3730 3544
3730 3544
3764 3277
3574 3875
4153 3376
4148 3485
3898 3741
3974 3731
3842 3807
4148 3485
3646 3861
3574 3875
3646 3861
4114 3551
3763 3844
3702 3851
3875 3782
3980 3683
3702 3851
3778 3820
3878 3750
3974 3731
3830 3813
4123 3528
4123 3528
4042 3629
3875 3782
3772 3826
4088 3559
4011 3667
4028 3652
3763 3844
4070 3589
4079 3572
4028 3652
4011 3667
4088 3559
3986 3675
3991 3672
4048 3618
3830 3813
3897 3744
4042 3629
4057 3613
4028 3652
3574 3875
3980 3683
4079 3572
4057 3613
4064 3603
4066 3594
3646 3861
3702 3851
4064 3603
4066 3594
4070 3589
4079 3572
4123 3528
3897 3744
3776 3821
4064 3603
3830 3813
3878 3750
3974 3731
4048 3618
3991 3672
4048 3618
3991 3672
3898 3741
3776 3821
3897 3744
3778 3820
3878 3750
3776 3821
3574 3875
3574 3875
3574 3875
3574 3875
3574 3875
3646 3861
3646 3861
3646 3861
3646 3861
3646 3861
3646 3861
3646 3861
3646 3861
3646 3861
3646 3861
3646 3861
3646 3861
3646 3861
3646 3861
3646 3861
3646 3861
3646 3861
3646 3861
3646 3861
3646 3861
3646 3861
3646 3861
3646 3861
3702 3851
3702 3851
3702 3851
3702 3851
3702 3851
3763 3844
3763 3844
3778 3820
3778 3820
3778 3820
3778 3820
3778 3820
3830 3813
3830 3813
3830 3813
3875 3782
3875 3782
3875 3782
3875 3782
3878 3750
3897 3744
3897 3744
3897 3744
3897 3744
3897 3744
3897 3744
3897 3744
3897 3744
3898 3741
3898 3741
3898 3741
3974 3731
3974 3731
3974 3731
3974 3731
3974 3731
3974 3731
3974 3731
3974 3731
3974 3731
3974 3731
3974 3731
3980 3683
3980 3683
3980 3683
3980 3683
3991 3672
3991 3672
3991 3672
3991 3672
3991 3672
4011 3667
4011 3667
4011 3667
4011 3667
4011 3667
4028 3652
4028 3652
4028 3652
4028 3652
4028 3652
4028 3652
4042 3629
4042 3629
4048 3618
4057 3613
4057 3613
4064 3603
4064 3603
4064 3603
4064 3603
4064 3603
4064 3603
4066 3594
4066 3594
4066 3594
4079 3572
4079 3572
4088 3559
4088 3559
4088 3559
4088 3559
4123 3528
4123 3528
4148 3485
4148 3485
4148 3485
4148 3485
4148 3485
3562 3861
4121 3488
3725 3843
4041 3625
4065 3562
3847 3750
3851 3729
3824 3790
3952 3672
3996 3645
4112 3549
3982 3648
3794 3800
3938 3700
3915 3720
3766 3826
4063 3596
4057 3601
3949 3689
3915 3720
4112 3549
3808 3798
3734 3829
3766 3826
3725 3843
3734 3829
4112 3549
3766 3826
3725 3843
3766 3826
3766 3826
3766 3826
3766 3826
4112 3549
4112 3549
4112 3549
4112 3549
4112 3549
4112 3549
4112 3549
4112 3549
4112 3549
4112 3549
4112 3549
4112 3549
4112 3549
4112 3549
3656 3815
4109 3511
3932 3686
3987 3641
3710 3807
3736 3790
4036 3620
3824 3726
4073 3531
3773 3779
3804 3764
4061 3554
4043 3593
3993 3626
4057 3580
3892 3693
4103 3518
3869 3703
3799 3770
3843 3717
3872 3696
3842 3725
4109 3511
3843 3717
3843 3717
3656 3812
4109 3485
3968 3628
3800 3719
4036 3571
3798 3753
3762 3777
3845 3694
3708 3798
4049 3541
3931 3648
3716 3779
4098 3494
3882 3693
4026 3617
4026 3617
4064 3524
4076 3516
3887 3671
3894 3662
3904 3649
3902 3652
4074 3517
3645 3812
4096 3382
4025 3616
3931 3623
4095 3467
3729 3767
4043 3498
4035 3561
3898 3644
3696 3795
3861 3690
3768 3750
3835 3693
4026 3581
3789 3744
3799 3698
3791 3709
4073 3492
3904 3626
4075 3478
3672 3797
3860 3691
3672 3797
3901 3642
3637 3809
4083 3299
4073 3443
4033 3555
3691 3794
3776 3742
4018 3612
3787 3702
3942 3616
3844 3682
3889 3635
3907 3618
3861 3666
3854 3669
3588 3807
4073 3398
3690 3789
3842 3679
3770 3723
4032 3467
3735 3735
4062 3430
3958 3612
3856 3655
4017 3592
4026 3538
3889 3625
3894 3615
3990 3600
4029 3521
3750 3734
4029 3521
3488 3803
4059 3380
4022 3520
4057 3408
3688 3760
3983 3595
3883 3624
3841 3672
4008 3556
3913 3610
3640 3779
3726 3711
3806 3677
3581 3794
3742 3690
3594 3786
3736 3701
4057 3408
3581 3794
3742 3690
3581 3794
3491 3777
4056 3329
4044 3406
3815 3672
3681 3730
4021 3516
3883 3617
3562 3775
3637 3766
3841 3661
3680 3748
3931 3589
3997 3541
3976 3565
3968 3575
4002 3521
3932 3582
3841 3661
3681 3730
3931 3589
3681 3730
3681 3730
3529 3763
4032 3246
3681 3715
3783 3672
3981 3462
4024 3389
3570 3755
4030 3372
3975 3514
3642 3744
3972 3562
3841 3619
3803 3663
3645 3743
3868 3601
3937 3563
3828 3641
3914 3570
3877 3591
3894 3581
3829 3640
3891 3584
4030 3372
3925 3565
3920 3566
3546 3751
4011 3347
3977 3419
3691 3660
3795 3635
3657 3705
3629 3735
3966 3508
3922 3530
3804 3605
3565 3737
3883 3558
3957 3525
3851 3591
3860 3580
3874 3561
3562 3750
3966 3508
3851 3591
3512 3743
3969 3405
3779 3634
3559 3680
3801 3600
3959 3484
3907 3520
3841 3558
3551 3715
3936 3501
3872 3543
3525 3731
3853 3554
3511 3735
3961 3349
3711 3633
3797 3596
3552 3659
3838 3518
3932 3460
3898 3484
3517 3710
3521 3683
3930 3475
3519 3686
3420 3716
3420 3716
3900 3473
3659 3612
3429 3689
3741 3582
3793 3548
3794 3513
3830 3490
3760 3575
3860 3483
3894 3474
3398 3715
3766 3545
3526 3575
3411 3630
3661 3528
3468 3884
4050 3299
4034 3435
3544 3862
3663 3842
4001 3546
4038 3361
4003 3466
3604 3861
3963 3554
3486 3864
3944 3583
4050 3299
4038 3361
3604 3861
3902 3601
3851 3661
4007 3455
3675 3813
3675 3813
3728 3793
3815 3695
3836 3679
3777 3717
3735 3761
3719 3794
3836 3679
3703 3801
3703 3801
3868 3640
3773 3737
3789 3696
3815 3695
3956 3579
3737 3760
3886 3611
3758 3759
3484 3879
3854 3646
3778 3706
3875 3627
3854 3646
3902 3601
3758 3759
3886 3611
3773 3737
3484 3879
3468 3884
3902 3601
3766 3750
4007 3455
3875 3627
3879 3617
3868 3640
3879 3617
3784 3704
3766 3750
3956 3579
3956 3579
4003 3466
3728 3793
3766 3750
3784 3704
3789 3696
4001 3546
3735 3761
3703 3801
3789 3696
3468 3884
4038 3361
3737 3760
4001 3546
4003 3466
3735 3761
3758 3759
3815 3695
3468 3884
3468 3884
3484 3879
3484 3879
3484 3879
3484 3879
3675 3813
3675 3813
3675 3813
3703 3801
3728 3793
3728 3793
3728 3793
3735 3761
3735 3761
3735 3761
3737 3760
3737 3760
3737 3760
3758 3759
3758 3759
3758 3759
3758 3759
3766 3750
3766 3750
3766 3750
3766 3750
3766 3750
3766 3750
3766 3750
3766 3750
3766 3750
3766 3750
3766 3750
3766 3750
3766 3750
3789 3696
3789 3696
3789 3696
3789 3696
3815 3695
3815 3695
3815 3695
3815 3695
3815 3695
3836 3679
3836 3679
3836 3679
3836 3679
3836 3679
3854 3646
3854 3646
3868 3640
3868 3640
3868 3640
3868 3640
3868 3640
3868 3640
3868 3640
3868 3640
3886 3611
3886 3611
3886 3611
3902 3601
3902 3601
3902 3601
3902 3601
3902 3601
3956 3579
3956 3579
3956 3579
4001 3546
4001 3546
4001 3546
4001 3546
4001 3546
4001 3546
4001 3546
4003 3466
4003 3466
4003 3466
4007 3455
4007 3455
4007 3455
4007 3455
4007 3455
4007 3455
4007 3455
4007 3455
4007 3455
4038 3361
4038 3361
4038 3361
4038 3361
4038 3361
4038 3361
4038 3361
4038 3361
4038 3361
4038 3361
4038 3361
4038 3361
4038 3361
4038 3361
4038 3361
4038 3361
4038 3361
4038 3361
4038 3361
4038 3361
4038 3361
4038 3361
4038 3361
4050 3299
4050 3299
4050 3299
4050 3299
3373 3854
4022 3398
3615 3828
3885 3601
3772 3712
4002 3443
3753 3753
3723 3771
3850 3656
3954 3524
3936 3575
3694 3795
3995 3502
3931 3583
3813 3681
3674 3809
4008 3401
3662 3821
3813 3681
3830 3660
3978 3515
3971 3522
3984 3505
3662 3821
3830 3660
3850 3656
4008 3401
4022 3398
3995 3502
3995 3502
3662 3821
3662 3821
3662 3821
3662 3821
3662 3821
3662 3821
3850 3656
3995 3502
4008 3401
4008 3401
4008 3401
4022 3398
3603 3828
3603 3828
4022 3304
3975 3511
3998 3401
3645 3794
3759 3710
3795 3678
3885 3558
3749 3736
3692 3781
4016 3374
3711 3749
3935 3522
3830 3629
3919 3531
3849 3614
3882 3589
3864 3601
3704 3769
3814 3646
3801 3648
4012 3386
3922 3529
3801 3648
4012 3386
4012 3386
3555 3827
4016 3357
3980 3389
3908 3530
3882 3584
3847 3609
3600 3775
3801 3637
3661 3771
3974 3463
3775 3674
3747 3718
3948 3498
3947 3509
3754 3705
3594 3804
3563 3807
3699 3724
3974 3463
3683 3757
3781 3655
3688 3731
3789 3640
3676 3770
3695 3727
3974 3463
3471 3821
4015 3349
3673 3762
3934 3440
3493 3817
3903 3507
3579 3790
3579 3790
3776 3645
3723 3714
3809 3605
3813 3577
3931 3497
3680 3732
3962 3396
3878 3561
3753 3695
3877 3566
3976 3355
4015 3349
3965 3377
3763 3669
3765 3668
3972 3366
3765 3668
4015 3349
3420 3798
3420 3798
4013 3344
3924 3470
3962 3389
3563 3789
3786 3557
3861 3554
3899 3506
3473 3795
3766 3627
3624 3756
3973 3348
3750 3692
3753 3653
3672 3717
3645 3736
3663 3728
3695 3712
3701 3704
3724 3694
3641 3751
3719 3699
3762 3629
3755 3642
3626 3752
3755 3642
3750 3692
3452 3790
4013 3250
3760 3627
3785 3547
3738 3684
3919 3469
3608 3756
3996 3332
3876 3495
3543 3772
3921 3405
3526 3789
3834 3531
3686 3699
3959 3369
3974 3334
3934 3374
3638 3738
3858 3523
3669 3706
3858 3523
3657 3719
3665 3714
3642 3724
3644 3721
3638 3738
3477 3767
3477 3767
3971 3268
3955 3359
3797 3526
3600 3743
3758 3627
3904 3416
3477 3767
3625 3731
3870 3465
3661 3693
3890 3431
3854 3516
3857 3509
3729 3676
3730 3629
3713 3677
3686 3683
3686 3683
3733 3628
3758 3627
3477 3767
3686 3683
3447 3760
3969 3196
3853 3511
3898 3416
3953 3348
3553 3695
3755 3546
3646 3691
3725 3671
3478 3737
3966 3233
3732 3595
3732 3595
3732 3595
3373 3677
3948 3242
3748 3525
3693 3671
3849 3483
3884 3391
3724 3645
3927 3332
3946 3262
3889 3337
3716 3646
3696 3669
3402 3668
3939 3226
3668 3667
3835 3391
3724 3551
3735 3501
3844 3319
3806 3478
3720 3625
3916 3259
3802 3481
3889 3297
3705 3646
3881 3303
3928 3236
3683 3656
3673 3666
3657 3666
3840 3264
3780 3481
3798 3425
3801 3307
3681 3595
3716 3570
3716 3570
3820 3275
3673 3662
3644 3664
3840 3183
3731 3424
3688 3568
3783 3395
3795 3307
3823 3242
3668 3621
3648 3649
3340 3652
3800 3210
3788 3285
3638 3590
3496 3651
3610 3644
3610 3641
3778 3230
3501 3634
3596 3540
3511 3608
3511 3608
3425 3629
3290 3431
3618 3825
4085 3308
3799 3803
3701 3806
4030 3535
4031 3448
3634 3818
3701 3806
3924 3691
3855 3773
4000 3595
3997 3644
3799 3803
3837 3791
3892 3760
3958 3689
3911 3708
4083 3344
4085 3308
3837 3791
3855 3773
3964 3645
4038 3445
3997 3644
4025 3573
4057 3420
4069 3386
4083 3344
4002 3582
3907 3711
3963 3672
3964 3645
3906 3737
4046 3428
4076 3368
3906 3737
4076 3368
3892 3760
3958 3689
4029 3556
4029 3556
4057 3420
4030 3535
4017 3578
4046 3428
4069 3386
3618 3825
3634 3818
3963 3672
3892 3760
3906 3737
4000 3595
3924 3691
4017 3578
4069 3386
3892 3760
4057 3420
3837 3791
4031 3448
4069 3386
4076 3368
3907 3711
3618 3825
3634 3818
3963 3672
4002 3582
3997 3644
3799 3803
4002 3582
3924 3691
3963 3672
3964 3645
4030 3535
3997 3644
3618 3825
3618 3825
3618 3825
3618 3825
3618 3825
3618 3825
3618 3825
3618 3825
3618 3825
3618 3825
3618 3825
3618 3825
3634 3818
3799 3803
3799 3803
3799 3803
3799 3803
3799 3803
3799 3803
3799 3803
3799 3803
3799 3803
3799 3803
3799 3803
3799 3803
3837 3791
3837 3791
3837 3791
3855 3773
3855 3773
3855 3773
3855 3773
3855 3773
3855 3773
3855 3773
3892 3760
3892 3760
3892 3760
3892 3760
3892 3760
3892 3760
3892 3760
3892 3760
3892 3760
3906 3737
3906 3737
3906 3737
3906 3737
3906 3737
3906 3737
3906 3737
3906 3737
3924 3691
3924 3691
3924 3691
3924 3691
3958 3689
3958 3689
3958 3689
3958 3689
3963 3672
3963 3672
3963 3672
3963 3672
3963 3672
3963 3672
3963 3672
3963 3672
3963 3672
3963 3672
3963 3672
3963 3672
3964 3645
3964 3645
3964 3645
3964 3645
3997 3644
3997 3644
3997 3644
3997 3644
3997 3644
3997 3644
3997 3644
3997 3644
3997 3644
3997 3644
3997 3644
3997 3644
3997 3644
3997 3644
3997 3644
4000 3595
4002 3582
4029 3556
4029 3556
4029 3556
4030 3535
4030 3535
4030 3535
4031 3448
4031 3448
4046 3428
4057 3420
4057 3420
4057 3420
4057 3420
4069 3386
4069 3386
4069 3386
4069 3386
4069 3386
4069 3386
4069 3386
4069 3386
4069 3386
4076 3368
4076 3368
4076 3368
4076 3368
4076 3368
4076 3368
4076 3368
4076 3368
4076 3368
4076 3368
4083 3344
4083 3344
4085 3308
4085 3308
4085 3308
3560 3756
4071 3356
3997 3506
3985 3604
3777 3733
3658 3747
4002 3458
3658 3747
4048 3407
3836 3691
4071 3356
3885 3681
3796 3706
4005 3419
3960 3634
3807 3699
3947 3652
4020 3418
3899 3674
4037 3410
3930 3656
3916 3672
3960 3634
3925 3666
3960 3634
3623 3736
4051 3307
3985 3401
3983 3491
3980 3528
3961 3600
3867 3679
3793 3692
3694 3730
4046 3393
3834 3682
3945 3644
3751 3696
3733 3716
4046 3393
3914 3657
3950 3606
3706 3728
3914 3657
3706 3728
3914 3657
3914 3657
3914 3657
3563 3716
4044 3292
3974 3446
3949 3580
3674 3715
4038 3385
3961 3492
3958 3538
4038 3385
3812 3679
3931 3639
3740 3695
3877 3651
3854 3676
3767 3689
3864 3675
3908 3644
3696 3713
3718 3706
3897 3650
3767 3689
3716 3712
3931 3639
4038 3385
4038 3385
3599 3711
4024 3371
3951 3506
3971 3421
3684 3708
3973 3400
3931 3609
3945 3571
4015 3381
3764 3685
3726 3693
3807 3672
3707 3702
3789 3678
3946 3549
3845 3667
3923 3626
3920 3639
3878 3643
3867 3644
3946 3549
3851 3664
3897 3641
3863 3659
3864 3655
3897 3641
3946 3549
3668 3698
4014 3326
3938 3564
3950 3433
3941 3461
3748 3675
4001 3380
3702 3696
3803 3671
3855 3656
3923 3601
3824 3667
4010 3369
3917 3617
3872 3643
3894 3628
3894 3628
3878 3632
3874 3633
3648 3697
4014 3306
3722 3666
3815 3651
3939 3416
3938 3530
3692 3695
4007 3359
3976 3379
3948 3402
3931 3550
3913 3584
3845 3650
3995 3375
3876 3632
3893 3626
3908 3611
3911 3589
3937 3541
3856 3636
3856 3636
3897 3617
3902 3614
3856 3636
3664 3690
4013 3262
3936 3486
3995 3366
3685 3687
3774 3651
4005 3351
3909 3577
4013 3262
3924 3519
3843 3638
3823 3648
3873 3632
3794 3649
3900 3600
3890 3615
3884 3624
3932 3487
3995 3366
3928 3509
3928 3509
3597 3678
3997 3326
3935 3452
3955 3364
3663 3668
3739 3641
3841 3634
3748 3636
3919 3516
3895 3592
3986 3328
3879 3620
3919 3516
3905 3567
3854 3627
3905 3567
3552 3668
3993 3305
3724 3631
3616 3666
3870 3619
3917 3389
3910 3445
3902 3475
3955 3357
3900 3528
3945 3362
3877 3604
3891 3560
3895 3543
3879 3571
3879 3571
3955 3357
3955 3357
3955 3357
3606 3652
3982 3268
3710 3614
3904 3441
3661 3621
3840 3610
3916 3375
3954 3311
3952 3351
3900 3504
3877 3552
3890 3528
3876 3597
3871 3599
3840 3610
3482 3640
3981 3257
3899 3489
3729 3603
3900 3355
3875 3569
3951 3341
3545 3627
3820 3594
3800 3601
3545 3627
3491 3637
3808 3597
3900 3355
3648 3600
3911 3291
3874 3566
3883 3350
3799 3598
3810 3589
3619 3593
3874 3404
3871 3516
3756 3573
3830 3555
3782 3570
3858 3549
3496 3592
3868 3480
3775 3563
3857 3534
3601 3581
3585 3585
3601 3578
3867 3434
3839 3519
3859 3439
3784 3508
3860 3309
3838 3488
3828 3479
3828 3479
3783 3457
3783 3457
3562 3437
3780 3427
3643 3347
3712 3342
3582 3344
3605 3319
