714 67.7386
27579 21441 20957
23380 25930 22099
21355 20953 27122
23724 25719 22829
22399 22374 26920
27439 22314 22092
23411 22625 26817
26765 23788 22472
22575 26020 22292
23382 25147 23635
24757 22751 26004
27336 22481 22307
22088 22387 27116
26931 22578 23339
27108 23610 21678
24314 25548 22430
24301 25444 23499
26112 24443 22262
22620 22747 26773
26244 24225 22819
23830 25892 22874
23843 24362 24783
24769 22728 25614
27761 21642 21677
22067 22220 27241
26759 22333 23550
24361 25446 22348
23506 26164 22461
22661 21950 27078
27578 21752 22344
23362 22313 26676
25393 24705 21917
23326 25816 22870
23735 23128 26251
24211 23225 25579
27640 22390 22193
22166 21787 27048
26125 23285 23973
25282 24715 24180
24361 26041 22568
22502 23186 26253
27661 22483 21981
23414 22288 26972
27166 22763 22423
23864 25810 22034
24159 25870 23045
24481 22208 25840
27574 22086 21758
21748 21767 27020
26353 22368 24719
23932 25581 22728
24772 25492 22585
23974 23598 25803
27304 22878 21841
22275 22529 26494
24066 25706 22488
23524 25876 22859
23976 24324 24817
24542 23061 26101
27704 21523 21149
22501 22331 27164
27346 22636 23291
27420 22985 21638
22575 26020 22292
22124 22333 26806
26969 22252 23307
22907 22523 27031
26358 24055 23146
24283 25801 23025
24078 24004 25132
25953 24080 23870
27585 22134 21716
22141 22254 27075
25600 23146 24848
24772 25492 22585
24158 26018 22928
22703 23327 26636
27640 22390 22193
23488 22230 26660
27481 22934 21532
23463 25913 22150
23128 23871 25421
22907 22523 27031
27652 22247 21852
22375 21762 26936
25696 22812 24741
25396 24129 23856
24312 25702 22779
22701 24089 25213
27522 22257 22598
22326 21972 27168
24261 25783 22916
24427 24930 23676
24399 25609 23041
26285 23439 24549
27855 21971 22118
22755 22232 27017
26798 22725 24083
24383 25791 21407
23937 25967 22823
22641 22650 26734
27401 22183 22361
23022 22069 26764
27131 23013 21762
24106 25783 22691
24231 22506 26446
26489 22811 24112
27995 21675 21699
22370 21878 27162
24894 24421 23889
25915 23478 24364
23237 25943 21824
22142 22413 26681
27439 22778 21579
22721 22136 27061
27439 22314 22092
23366 26020 22303
23319 25879 22588
24757 22751 26004
27338 22701 22964
22426 22213 27143
26409 22200 24510
24555 25548 22835
24222 25748 23010
24322 24283 25269
27338 22701 22964
23745 22667 26403
24719 25221 21593
23506 26164 22461
23123 22605 26725
23055 22826 26781
27502 22330 22825
22322 21759 27020
27346 22636 23291
25184 25151 20793
22923 25841 22257
21879 21923 27046
26798 22725 24083
23638 22611 26680
26491 24143 22564
23981 25906 22803
24838 25014 23854
26557 22974 24156
27995 21675 21699
22508 21815 27176
24916 22136 26011
25085 25069 23100
24283 25801 23025
23930 22914 26077
27588 22726 22090
24051 22597 26653
27546 23115 22249
23479 25819 22056
24073 23882 25568
24744 22344 25796
27837 21984 21675
22084 22065 27074
26931 22578 23339
26211 23901 22482
24189 25596 21557
23404 25196 23871
26706 23441 21284
21853 21438 27106
24627 25497 22712
24554 25020 23465
24437 25420 23038
24744 22344 25796
27740 21501 21670
22097 21568 27207
26353 22368 24719
25133 24995 22764
23673 25983 22559
23383 22702 26658
27587 21905 21839
22820 22204 26823
25921 24373 22779
23944 25940 22101
24233 22889 25961
24080 23291 25764
27478 22800 21423
22470 22502 26861
25743 23176 24232
26640 23253 22942
23519 25925 22496
24385 24682 24324
27588 22726 22090
23472 22107 26529
27363 22587 22297
23815 25711 21651
23911 25889 22998
24147 22849 26022
27184 22925 21791
21355 20953 27122
26173 23490 24368
24672 25532 22678
24689 25281 23001
23712 23355 25852
27430 22669 21849
23063 22687 26601
25014 25189 22298
23831 25906 22770
23648 23297 25751
25018 22599 25676
27660 21277 21609
22661 21950 27078
27471 22220 23533
25814 24683 21071
23366 26020 22303
22820 22204 26823
26870 22888 23685
22702 22601 26895
27356 22473 22037
24150 25717 22726
24492 24237 24747
26053 23343 24092
27664 21430 21730
21894 21640 26993
26557 22974 24156
25982 24040 24050
23893 25708 22683
23452 22414 26531
27811 21873 21890
23976 22656 26114
27426 22947 22033
23512 26203 22280
24174 24371 24993
23503 22582 26512
27355 22201 22337
22351 22103 27280
26506 22812 24020
25479 25301 23324
24129 25813 21428
24061 24636 24383
27309 23066 21991
22670 22164 26884
26374 24035 22535
24197 25490 22952
24512 25193 23170
25562 22947 24868
27837 21741 22167
22436 21597 27116
27310 22901 23400
24062 25896 22181
22705 25717 23136
22815 22510 26737
27416 21249 22315
23205 22493 27303
24383 25791 21407
23895 25774 22675
24684 23502 25133
25518 23556 24971
27816 21723 21980
22067 22220 27241
25479 25301 23324
25977 23141 24626
23596 25892 22104
21443 23329 25915
26397 23152 23529
22508 21815 27176
27471 22220 23533
23519 25925 22496
23404 25196 23871
24502 21820 25926
27686 21898 21729
22455 22324 27440
25869 23054 24554
24120 25599 23029
24261 25783 22916
23640 23856 25551
27366 22562 21470
23109 23841 25576
24845 25526 22242
23616 25906 22689
23758 23200 26066
23958 22034 26300
27409 22175 22906
22531 22495 27024
26798 22725 24083
25691 25032 21907
23540 25902 22208
22222 22168 26975
26650 22605 23650
22406 22550 26904
26650 23160 23026
24399 25565 23152
24672 25532 22678
26201 23134 24177
27809 21673 21593
22097 21568 27207
26285 23439 24549
25123 24970 23588
24134 25421 22833
23875 23173 26138
27533 22467 21297
23947 22772 26398
27507 22735 22197
23341 25950 22177
24483 24844 24077
23323 22135 26753
27052 22491 23085
22531 22495 27024
26811 22730 23399
27458 23091 22467
23885 25974 21993
23915 24873 24189
27494 22632 22060
22287 22012 27031
25254 25313 22668
24687 25750 23191
24572 25429 23086
25439 23770 25443
27573 22148 21312
22272 22232 26917
26813 22766 24019
24555 25548 22835
23664 26095 22261
23401 22628 26671
27428 22647 22966
24231 22506 26446
25971 24561 22343
22805 25974 21872
23543 22878 26381
24085 24315 25162
27590 22630 21520
22167 21759 26911
25181 23765 24485
24901 23673 24803
24108 25878 22282
23328 22665 26319
27602 22797 22159
23383 22702 26658
27000 23090 22400
24052 25644 22528
23830 25892 22874
23962 22229 26678
27484 22424 21653
21445 22011 26980
26564 22222 23896
24330 25476 23113
24300 25371 22818
22703 23327 26636
27546 23115 22249
22176 22547 26959
26192 24047 22969
24687 25750 23191
24557 23552 25224
24219 22679 26066
27724 21655 21896
22494 21734 27075
27428 22647 22966
26391 24152 22078
23673 25983 22559
22399 22374 26920
27579 22467 22953
22189 22169 27321
26786 22844 22893
23524 25876 22859
24133 24553 24210
25497 23422 25165
27706 21830 22022
21561 21756 26997
25439 23115 24772
25113 23970 24184
24119 25725 22588
22848 22642 26651
27680 22157 21903
23411 22625 26817
27524 22957 21472
24737 25742 23049
22969 23833 25346
23627 22244 26481
27401 21847 22227
22351 22103 27280
27036 22497 23334
25906 23887 23591
23893 25747 21409
23749 25151 23674
26917 23491 21271
22195 22265 26915
25858 24827 22976
25241 24828 23601
24158 26018 22928
26513 22769 24193
27571 22181 21731
22298 22335 27016
26238 23430 24472
25100 25581 22398
23981 25906 22803
22460 22256 26749
26902 22364 23495
23200 22267 26720
26123 24287 23194
24361 26041 22568
24302 22992 25792
25852 22812 24781
27855 21971 22118
21987 22414 27051
25833 23463 24373
25463 24656 23135
24037 25739 21774
22784 23793 25280
27439 22778 21579
23414 22288 26972
26940 22390 23288
23885 25974 21993
23351 25800 22586
23962 22229 26678
27561 22550 21246
22454 21919 26907
26353 22368 24719
25448 24642 23274
24337 25438 22996
23735 23128 26251
27590 22630 21520
22792 23196 26008
24383 25791 21407
23449 25762 22652
23205 22493 27303
24122 22751 26126
27573 22405 22140
22455 22324 27440
27310 22901 23400
23888 25880 22338
23596 25892 22104
22946 22434 26689
26944 22267 23226
23638 22611 26680
26764 23516 22057
23703 25755 22713
25130 24516 23388
26221 23147 24540
27656 21859 21657
22000 22148 27046
24908 22607 25496
24898 23918 24403
24009 25573 23192
22946 22434 26689
27454 22464 22273
23568 22528 26557
27524 22957 21472
23853 25975 22184
23811 25840 22738
24051 22597 26653
27816 21723 21980
22189 22169 27321
26253 23414 23682
26729 23195 22716
23784 25741 21793
24371 25690 22785
27542 22524 21808
22319 21850 27264
26491 24143 22564
23937 25967 22823
24073 23882 25568
26221 23147 24540
27681 21530 21778
