1 0.152271
20811 19829 21461 21238
21249 21190 20965 20220
21546 19803 21527 21079
20963 20183 20614 20375
21142 19990 21070 20409
20911 19785 21620 20601
21434 21063 20821 20654
21433 21319 20815 20602
20355 19936 20806 20421
20471 19566 20670 21008
21671 20857 21002 20745
20788 20194 21326 21237
21462 21281 21200 20280
20948 21166 20739 20081
20768 19972 21487 20850
20655 21130 20802 20448
21130 19988 20998 21215
21046 19769 21348 20980
20112 19997 20796 20544
20641 19911 21535 21029
21474 21239 20665 20370
21292 20827 20963 20442
21495 19428 21279 21138
20634 20120 22050 20504
21684 21210 20668 20580
21413 20534 20572 20105
20361 19540 21124 20794
20468 20296 21991 20900
20928 19949 21161 21753
21026 20221 21810 20944
21647 21016 20822 20756
21062 20210 21418 20949
21249 19918 21159 21157
21502 20755 20932 20424
21379 21465 21312 20508
20882 20921 20783 20310
21589 19489 20900 20864
21662 20970 20907 20380
20606 19889 20300 21126
20859 20014 21351 20712
20506 19656 21138 20655
21117 19655 21389 20927
20694 19958 21195 20593
20998 20301 21747 20249
20908 20946 20971 20792
20281 20615 20692 21010
21579 19846 21611 21298
21732 20505 21469 21211
21469 21354 21251 20792
21492 20981 20940 20968
21642 20902 21017 20639
21626 21126 21053 20479
21756 19711 21308 21630
21487 19501 21644 21235
20476 19567 21030 20534
21549 19741 21383 21302
21033 18835 21568 21308
20595 20077 20298 20383
21614 20783 21113 20434
20269 19525 20055 20384
20308 19795 20524 20001
20848 20127 21271 20653
21009 20025 21447 20988
21222 19435 21327 21278
21156 19803 21675 21563
20786 19967 21057 20900
21144 20079 21041 21451
20525 19471 21127 20511
21514 19726 21628 21190
21155 20307 22035 21267
21037 19970 21227 20746
20979 19613 21439 20678
20828 20957 21192 21302
21557 19539 21488 21222
21648 19551 21459 20797
20970 20164 21110 20683
21360 20799 20895 20131
21907 19586 21115 20845
20704 19437 20719 20930
21776 21060 20471 20117
21144 20289 21597 21048
20251 20263 20379 20335
20531 19684 20930 20470
21263 19376 21390 21085
21073 19439 21013 20765
21006 20308 21599 20542
21621 19834 21601 21741
20684 20200 21200 20557
20541 19956 21048 20415
20817 19896 21634 21131
21164 19683 21437 21461
21394 20407 20603 20771
21259 21051 20529 20501
20746 20508 20991 20998
20995 19980 21630 20908
20861 19811 20864 20821
21928 20877 21308 20437
20492 19402 20497 20326
21929 20618 21333 20906
20064 19806 21061 20988
20534 20021 20990 20339
21386 19628 21146 21445
21428 20535 20643 20409
21622 20955 20753 20866
20934 20378 21549 21022
20725 19652 21225 20597
20896 19991 21393 20537
20317 19897 20786 20174
20798 20336 21032 20462
21509 20117 21757 21762
21678 19475 21168 21024
21579 21329 21111 20277
20915 20102 21341 20860
20733 20027 21148 21071
21410 19780 21498 21001
21334 20868 20528 20761
21433 19590 21263 21138
20618 20097 21178 20671
21094 20934 20800 20472
21697 21398 20951 20742
21741 19148 21431 20895
21078 20175 21321 20944
20573 20365 20981 20708
20530 19954 21053 20761
21637 20965 21013 20490
21645 19701 21380 21309
20309 20208 20200 19762
21434 20971 21188 20643
20924 20451 22156 21176
20963 19970 21504 20808
21921 21485 20852 20406
20222 20119 21149 21102
21289 20181 20763 20454
20551 19854 21083 21004
20807 20101 21427 20844
21908 19577 21673 21557
19916 20287 20462 20286
21668 21234 20952 20312
21355 21270 20580 20528
21052 20838 20795 20155
21364 21113 20793 20545
21021 20194 21057 20253
20694 20271 21074 20664
20593 19558 20562 20913
20636 20257 20699 20847
21485 21066 20875 20625
20713 19978 21257 20450
20754 20067 21290 20730
21528 20004 21140 21368
21484 20970 21009 20388
21021 19974 21401 21067
20847 20312 20471 20039
21796 19663 21288 21201
21261 19365 21204 20885
20663 19801 21145 20514
20447 19668 20727 20991
21175 20408 20518 19939
21163 19734 20931 20713
20905 19519 20128 20542
21327 19583 21097 20966
20300 20098 20669 20508
21209 19963 20904 20966
21290 21179 21031 20088
21550 19734 21708 21329
20290 20277 21038 20565
21333 20692 20694 20403
21434 21455 21049 20659
21554 19728 21896 21459
20856 19975 20743 20796
21477 19570 21097 21275
21454 19950 21221 20940
21315 21041 20689 20240
20451 19709 20755 20761
21536 20865 21232 20750
20993 20142 21472 20767
21319 19435 21265 21048
21671 20636 20905 20449
20253 19829 20365 20420
20732 19878 20352 19726
21661 20843 20822 19922
20450 20110 21450 21306
21431 19637 21394 21299
20153 19679 20440 21116
21084 19892 20895 20986
21066 20224 21627 21137
21503 20485 20762 20066
20911 20217 21055 21038
20660 20116 21055 20641
20134 19914 20618 21215
21089 20356 21954 21191
20895 19624 20063 20804
20416 20205 21265 20498
19727 20714 20194 20749
21389 20723 19960 20171
20327 19615 19714 19793
20844 19997 20471 20996
21063 19900 20938 20587
20779 19558 21182 20514
20848 19206 20808 21156
21738 21107 20579 20115
20994 19412 21231 21256
21647 20966 20871 20384
21823 19634 21738 21529
20083 20420 20625 19688
21291 19406 21540 21199
20883 19814 21355 21018
21340 18866 21082 20858
21727 19470 21045 21312
21255 20577 21029 20408
20620 20223 21509 20757
21107 20939 20751 20110
21313 20870 21344 20696
21158 19939 20732 21112
20641 19942 21516 20613
20701 19613 21051 21061
21856 19424 21723 21257
19798 19885 20334 19804
21103 20341 20951 21088
20974 19601 21319 20372
21095 21155 20597 20535
20981 18542 20590 20938
21290 20814 20666 20432
21274 20078 21625 21273
21530 20979 20431 20729
20243 20223 20390 20309
21633 19803 21577 21233
21383 19612 21347 20833
20551 19194 21009 21197
21591 19651 21609 21151
21513 20003 21466 21140
21009 20824 20761 20188
20641 19884 21279 20684
21583 21301 20579 20121
20502 19044 21215 20406
20906 20644 20619 20476
21317 19333 21045 20982
21802 19767 21890 21295
20866 20274 21820 20798
21304 19548 20712 21033
21695 19975 21651 21591
20436 19970 21409 21491
20591 20182 21298 20668
20474 19566 20251 20265
21168 19722 21714 21107
21500 20848 20836 20664
20047 19646 20269 20668
20042 19878 20524 20457
19007 19582 20010 20289
20784 20057 21473 20634
20342 19997 20285 20145
21552 20615 20899 20464
20583 19857 21528 21233
21421 21448 20735 20680
21814 19679 21475 21642
20451 19914 20437 20410
21205 19495 21333 21301
20907 19683 20978 20587
21330 21016 21433 20607
20735 19750 20700 21398
20623 19187 20994 20219
20614 20611 20633 20074
20737 19784 21007 20451
21030 20261 21494 20718
20340 20302 20973 20296
21247 20064 20908 20021
20897 19903 21120 21045
21724 21132 20766 20500
20814 20441 20984 20902
21528 19428 21391 21332
20331 20736 20329 19570
21531 19524 20974 20971
20859 19385 20266 19987
21227 19611 21115 20762
20243 20105 20885 19828
20118 19569 19412 20625
21375 20104 20887 20578
20391 20588 21129 20172
20276 19407 20076 19191
21501 19823 21618 21599
21266 19869 21190 20734
20593 19233 19977 20457
19731 19944 20538 20074
21205 20116 21586 20866
21196 19274 21894 21490
21702 20562 21561 21571
20338 20234 20684 20917
21612 19605 21879 20880
21090 20059 21226 21040
21780 19706 21456 21172
21608 20318 20924 20834
20478 20272 20820 21028
21663 21254 20685 20305
20850 20982 20848 20341
21695 19898 21959 21693
20754 19871 21890 20726
20986 19868 21038 20917
21268 19595 20843 21153
21431 19184 21323 21312
21380 20969 20770 20290
21032 19995 20818 20904
21039 20167 21910 21269
20401 19808 20658 20062
20540 19630 21296 21105
21468 20571 20168 20336
21742 21164 21219 20713
21498 20519 21478 20630
20725 20016 21700 20606
21768 21355 20987 20984
20973 19499 20997 21472
21354 19298 21263 20653
21081 19665 21602 20978
20579 20593 20249 20480
20638 20042 21798 20871
20822 19944 21327 20883
21375 21026 20993 20551
20680 20109 20996 21388
20878 19593 21366 19753
20826 20072 20952 20585
21792 19756 21426 21551
21523 20979 21113 20443
20975 19419 21472 21124
20654 19687 20605 20730
21345 19838 21700 20908
19481 19007 19830 19538
21086 20858 21238 20701
21385 19672 21282 21262
21512 19401 21529 21173
21134 19803 21212 21093
21253 19344 21380 21087
20988 20850 20115 20502
21729 20118 21694 21784
21123 19630 21137 21885
20892 19904 21767 21612
20494 20318 21357 20635
21379 19346 20898 20869
20669 20412 20375 20259
20807 18867 20773 20771
21684 19473 21331 21170
21518 20602 20844 20635
20798 19742 20780 20730
20692 19693 21549 20578
21059 20015 21151 21065
20639 19722 21137 20522
20465 19523 20756 20731
21344 21132 20745 20396
21496 20104 21623 21160
21348 20786 20399 20192
21646 19899 21486 21695
21450 19832 21322 21460
20986 20201 20746 20393
21686 19524 21035 21215
21562 20809 20894 20299
20944 20489 20473 20688
19859 19363 20080 20461
20354 19747 20165 19974
21446 19438 21085 21237
21667 19722 21457 21228
20353 20452 20818 20480
21172 19627 21372 21499
20396 20277 20620 20258
21016 20470 20403 20132
21685 19794 21798 21427
20896 20145 21579 20627
21024 20409 21383 20663
21454 19579 20952 20885
21559 20407 21226 20309
20318 19821 21215 21119
20999 20209 21088 20679
20617 20253 21599 20894
20636 20359 21115 20730
20738 20112 21206 20750
20903 19497 21602 21336
20539 19915 20628 20251
21734 21589 20984 20554
21365 19784 21366 20708
21040 20071 20690 20997
20973 19818 21176 20435
20864 19617 20934 19794
20990 20637 20932 20219
20571 19832 20587 20338
20554 20310 21183 20633
20968 20730 20877 20760
20763 19808 21217 20980
21250 19922 21533 21168
21149 20482 21000 20749
20803 18987 20220 20096
20267 19437 21061 20221
21451 21028 20943 20377
21461 20844 20329 20737
21479 19208 21412 21008
21055 19898 21521 20971
21210 20772 21430 21066
20122 19534 20063 20060
21539 19723 21653 21505
21296 19810 21267 21087
20558 20063 20565 20284
21518 19665 21194 21515
21228 20466 20690 20417
21750 21143 21200 20567
20650 19979 21329 20663
20809 20248 21272 21018
20055 19839 20931 20323
21431 19331 21548 21292
20515 19577 20571 20070
21260 19872 21071 20808
20311 20002 21181 20779
20725 20293 21376 21118
21797 20954 21080 20565
20854 20192 20736 20731
20350 19984 20788 20277
20024 20084 20989 20511
21383 21183 20770 21184
20553 19696 21400 20570
20942 19800 21126 20781
20856 20390 21429 20776
20524 19022 20202 20073
20706 20209 21732 20792
21230 19223 20867 20997
20662 19894 21819 20960
21617 20149 20410 20262
21245 19743 21012 21375
21542 20357 21614 21141
20667 19977 20898 19834
19843 19391 20189 20772
20812 19423 21019 20854
21784 21004 21197 20530
21556 19895 21632 21344
21602 19741 21766 20803
21299 19489 20598 19755
21298 19629 20994 21271
20896 19594 20577 20363
21333 19537 21303 20938
20999 19405 21098 20944
20796 20167 20811 20265
19895 20251 21046 20387
21350 21076 21074 20190
21014 20189 21620 20951
21445 19425 21512 21356
21412 20330 21558 20844
21014 20859 20861 20499
20699 20001 21467 20861
20521 19963 21213 20522
20792 20356 21130 20868
20918 19886 21494 21733
21703 20765 21312 20814
21332 20363 21839 21400
20944 20716 20906 20778
21394 19484 21300 21161
20317 19764 20324 20593
20556 19904 21282 20514
21627 21097 20915 20681
21136 20019 21429 21711
