28 5.21881
23975 24146 24378
24070 24318 23690
24448 23619 25128
24550 24137 23313
25332 22417 23568
25288 23006 23714
24541 23605 24905
24846 23326 24063
24252 23737 24180
24586 23272 24463
24150 23778 24362
24396 24225 24126
24959 23891 24059
25112 23456 23611
24621 24101 23407
24168 24296 24010
25197 23245 23871
25093 23901 24047
25255 23014 23583
24430 23966 23785
24585 23565 25036
24227 24242 23629
25171 23194 23892
24476 24043 23664
24494 23993 23458
24581 23860 24074
24509 23924 23895
24513 23936 23517
25167 23274 23707
24502 24121 23363
24514 23614 25072
24482 24016 23740
24612 23106 24078
24621 24101 23407
24612 23106 24078
24585 23565 25036
24612 23106 24078
23590 23764 24243
23778 24289 23274
24420 23525 25105
24590 22606 24005
25229 22947 23658
24061 23576 24278
25082 22902 23928
23962 23686 24271
24590 22606 24005
23757 24218 23678
24418 23869 23707
24997 23365 23806
24802 23080 23838
24918 23765 23292
24593 23829 23434
24566 23376 23996
24163 24285 23599
25119 23159 23799
24731 23718 23729
24292 23851 23919
24447 23240 24108
24012 23583 24224
24324 24060 23523
24462 22950 24036
24208 24038 23734
24959 23635 23835
24497 24129 23312
24155 23668 24162
24497 24079 23338
24203 23985 23921
24194 24215 23925
24428 23991 23370
24548 24007 23323
24338 23584 24109
25082 22902 23928
24977 23659 23797
25109 23192 23679
24104 23650 24175
24802 23080 23838
24060 24055 23943
24612 23109 23955
24687 23101 23969
24246 23986 23553
24460 23208 24101
24687 23101 23969
24796 23710 23808
24104 23650 24175
24465 22931 24048
24587 23842 23981
24497 24129 23312
24465 22931 24048
24246 23986 23553
24446 23568 24001
24338 23584 24109
24061 23576 24278
24796 23710 23808
24326 23793 24025
24558 23122 24022
24612 23109 23955
24326 23793 24025
24460 23208 24101
24558 23122 24022
24558 23122 24022
24446 23568 24001
24061 23576 24278
23530 23838 23884
23852 24188 23729
24304 24023 23037
24339 23482 25092
24915 22536 23879
25194 22916 23545
23651 23640 24266
24329 23496 24584
24585 22841 23935
24915 22536 23879
24329 23496 24584
24347 23422 24214
24669 23698 23737
25067 23144 23638
24824 23743 23063
24500 23927 23179
23826 23585 24032
24320 23994 23375
23675 23644 24215
23928 23963 23860
24907 23599 23285
24843 23162 23600
24734 23627 23822
25178 22860 23576
24460 23266 23966
24417 23512 24013
24876 22939 23709
24758 23304 23646
24064 24033 23845
24108 24130 23641
25139 22894 23643
24277 23908 23424
24186 23903 23784
24618 23064 23917
25005 23093 23639
24195 23924 23682
25105 23066 23655
24964 23266 23485
23972 23579 24219
24029 23508 24155
24769 22933 23746
24296 24112 23150
24558 23779 23936
24287 24074 23151
24751 23576 23710
24377 23660 23959
23969 24095 23650
24937 23010 23664
24422 23947 23260
24029 23508 24155
24821 23301 23708
24573 23031 23942
24843 23162 23600
24367 23046 24115
25005 23093 23639
24093 23983 23717
24424 22847 24054
24281 23843 23472
24155 23980 23666
24460 23266 23966
24367 23046 24115
24558 23779 23936
24187 23952 23529
24424 22847 24054
24248 23949 23502
24578 23823 23901
24937 23010 23664
24338 23930 23278
24281 23843 23472
23826 23585 24032
24952 22845 23875
24304 24023 23037
24248 23949 23502
24290 23836 23756
24754 23057 23828
24155 23980 23666
24180 23629 23994
24180 23629 23994
24354 23833 23736
24821 23301 23708
24377 23660 23959
23675 23644 24215
24100 23904 23740
24296 24112 23150
24248 23949 23502
24578 23823 23901
24422 23947 23260
24578 23823 23901
24281 23843 23472
24558 23779 23936
23605 23794 23860
23771 24185 23107
24273 23472 24541
24786 23560 22784
24888 22035 23567
25156 22603 23398
25064 22664 23016
24360 22859 24004
24326 23334 24429
24888 22035 23567
24661 22462 23862
24989 23102 23544
24331 22906 24228
24559 22975 23828
23852 24088 23179
23704 23633 23955
24543 23640 22902
24305 23456 24207
24831 22692 23810
24117 23490 24142
23796 24094 23599
24439 23182 23914
24273 23472 24541
24079 23981 23489
24723 23358 23295
24156 23906 23540
23913 24033 23756
24115 23828 23631
24739 23117 23699
24475 23694 23685
24236 23872 23264
24719 23304 23558
24882 23210 23393
24429 23757 23096
24678 23569 23367
24327 23801 23228
24055 24066 23403
23960 24029 23775
24379 23793 23712
23745 23869 23843
24661 22462 23862
24519 23547 23825
24336 23387 23937
24620 23614 23705
24211 23734 23735
23990 24032 23719
24624 22570 23869
24831 22692 23810
24672 23468 23415
24780 22585 23833
24557 23619 22864
24648 23538 23775
24222 23483 24144
24027 23956 23789
24254 24035 23098
24414 23714 23490
24879 23111 23492
23780 24122 23694
24662 23592 23157
24034 23905 23558
24179 23794 23567
23773 24154 23671
24468 23637 23748
23761 23751 23925
24022 24011 23794
24430 23549 23874
23786 24154 23570
24625 23573 23769
24682 23493 22889
24691 23376 23781
24707 23197 23671
24710 23361 23509
24340 22891 23955
24101 23625 23862
24425 23606 23835
24557 23619 22864
24212 23704 23787
24089 23855 23671
24022 24011 23794
24340 22891 23955
24662 23592 23157
24084 23540 23933
24672 23468 23415
24682 23493 22889
24222 23483 24144
24710 23361 23509
24624 22570 23869
24089 23855 23671
24879 23111 23492
23786 24154 23570
23773 24154 23671
24117 23490 24142
24682 23493 22889
24710 23361 23509
23383 23695 23888
23749 23037 24536
23750 24151 22974
25060 22532 22764
25069 22269 23334
25096 22350 23318
24291 23136 23969
24200 23217 24288
24958 22779 23111
23602 24137 23505
24090 23877 23126
24840 22994 23524
23459 23636 23758
24395 23303 23814
24593 23444 23265
24238 23966 22883
23733 24082 23579
24539 23552 23597
23912 23331 24467
24919 22451 23423
24358 23462 23616
24909 23039 23480
24975 22663 23275
24148 23343 24463
24984 22300 23364
24004 23446 24336
24611 23607 22985
24129 23791 23669
24623 23405 23384
24479 23564 23455
24012 23908 23524
24140 23783 23635
23930 23998 23692
24692 23142 23349
24164 23307 24369
23792 24067 23562
24260 23644 23307
24643 23174 23730
24164 23947 22944
25059 22271 23376
24662 22677 23771
24786 22410 23696
24664 23284 23696
24812 23001 23501
24091 23626 23718
24481 23610 23321
25064 22392 22908
24952 22345 23378
23784 23941 23748
23922 24023 23531
24759 23037 23502
24650 23580 22911
25096 22350 23318
23768 24037 23674
24831 22346 23558
24161 23599 23615
24662 22677 23771
24772 23140 23315
23792 24067 23562
23768 24037 23674
23768 24037 23674
23643 23668 23671
23672 24058 23502
23879 23396 24249
24919 21977 23312
24992 22291 22589
25019 22273 23014
24178 22899 24100
24009 23285 23857
24453 23419 23207
24655 22510 23489
24735 23129 23311
24330 23524 23288
24652 22746 23379
23699 24052 23027
24082 23229 23731
24380 22948 23660
24585 23197 23446
24591 22678 23663
23981 23323 24177
24137 23756 23223
23907 23371 24131
23779 23960 23613
23894 23866 23529
24352 23103 23585
24093 23574 23576
23994 23647 23237
23860 23940 23554
23810 23968 23547
23866 24015 23428
24130 22901 23673
24339 23328 23586
23439 23355 23757
23699 22930 24243
23708 23924 23539
24367 22239 23437
24659 22511 23173
23791 23090 24017
24527 23010 23420
23929 23569 23331
23844 23165 23757
23534 23895 23607
24135 23620 23212
24168 23080 23241
24302 23440 23233
23601 23348 23587
23711 23871 23510
24051 23402 23519
24082 23248 23238
23850 23598 23496
23808 23912 23449
23833 23918 23232
23596 23557 23464
23605 23878 23402
23774 23750 22994
23784 23155 23586
24178 22883 23183
24084 23104 23232
23615 23499 23259
23715 23861 23098
23944 23433 23230
23753 23626 23039
24010 23384 23167
23981 23404 23162
23606 23877 23231
23611 23404 23075
23614 23710 22961
23943 22575 22980
23966 23146 22689
22848 23435 22656
23545 23804 24289
23719 24381 23374
23999 23303 24701
24763 22776 24629
25321 22857 23603
24417 23776 24413
25240 23455 23766
24036 23077 24682
24121 23705 24554
24699 22985 24581
23984 23355 24668
25074 23679 23929
24961 23374 24314
23708 24225 23385
24568 23916 24180
23708 24225 23385
24642 24215 23875
25275 23453 24193
24023 24110 24056
24880 23811 23849
24972 23508 24275
24477 23663 24495
24791 23553 24512
24663 24030 24026
24833 23750 24134
24489 23590 24550
24850 23833 24065
24590 23964 24033
25003 23781 23929
24665 23961 24072
25011 23714 24119
24455 23991 24106
24879 23591 24505
24470 24017 24102
23999 23303 24701
24970 23732 24279
24663 24030 24026
23529 23752 24227
23706 24330 23312
23889 23237 24629
24424 22557 24576
25272 22969 23650
24234 22802 24530
23893 24180 23441
24000 22878 24517
23898 24091 23475
25196 23099 24018
24331 23963 23693
23712 23250 24591
24972 23413 23648
24707 23769 23891
24517 23807 24122
25114 22999 24042
24455 23871 24098
23908 24080 23343
23686 23638 24329
24891 23025 24158
25215 22985 23995
24645 23923 24068
24829 23444 24336
24977 23333 24038
24544 23946 24043
25251 22840 23767
24644 23329 24472
24274 22677 24505
24778 23731 23807
24267 22596 24526
23983 23592 24398
24781 23533 24379
23998 24021 24036
24250 23667 24210
24843 23659 23843
24962 23665 23471
24740 23302 24439
24722 23513 24420
23909 23306 24582
24695 23377 24464
24304 22559 24590
24399 23579 24274
24680 23745 24004
24837 23352 24303
24763 23241 24503
24882 23614 24024
24399 23579 24274
24274 22677 24505
25251 22840 23767
24889 23642 23789
24826 23525 24417
24234 22802 24530
24741 23585 24188
24440 23563 24299
24541 23958 24019
24645 23403 24470
24857 23599 24171
24857 23599 24171
24721 23654 23996
24447 23655 24167
24440 23563 24299
24826 23525 24417
24411 23547 24331
24411 23547 24331
24741 23585 24188
24234 22802 24530
24234 22802 24530
23386 23573 24202
23611 24325 23180
23731 24172 23162
23859 23245 24572
24405 22539 24511
25229 22792 23595
23594 24285 23297
25039 22974 23432
24960 23307 23974
25215 22702 23751
24088 23789 24068
25175 22964 23593
23390 23722 24169
24278 23155 24502
25086 22800 23725
23834 24122 23311
24798 23082 24356
24418 23526 24248
23889 24085 23404
23929 22787 24516
24056 23488 24419
25221 22766 23640
24604 23591 24140
23735 24009 23764
23811 24069 23414
24370 23913 24005
24765 23560 23193
24455 23754 24037
24854 23440 23978
25074 22950 23924
24302 23692 24095
24644 23818 23979
24520 23503 24370
23913 23939 23903
24861 23520 23625
25108 22883 23627
23824 23985 23795
24743 23465 24414
24689 23154 24465
24526 23851 24014
24565 23501 24223
24681 23633 23833
24742 23048 24495
24314 23237 24445
24837 23111 24162
24533 23655 24035
25121 22784 23787
24532 23931 23949
24681 23633 23833
24975 23211 24020
24703 23105 24440
24675 22898 24496
24385 23793 24026
24714 23557 24181
24738 23573 24088
24975 23211 24020
24813 23232 24230
24771 23554 24055
25149 22799 23605
24771 23554 24055
23913 23939 23903
25149 22799 23605
24853 23503 24153
24742 23048 24495
24675 22898 24496
24813 23232 24230
24813 23232 24230
23067 23564 24106
23530 24225 23202
24198 22653 24501
25149 22695 23635
24705 23098 24247
23804 24017 23413
23736 24111 23264
24966 22941 23351
23370 23695 24086
24689 23462 24292
23307 23716 24042
24335 23504 24206
24922 23256 23950
23923 23265 24412
24886 23307 23776
24061 22767 24495
23067 23564 24106
23989 23927 23834
23722 24117 23205
23679 24005 23540
24649 23390 24403
23700 23963 23497
23527 24005 23619
25071 22744 23636
25030 22902 23543
24471 22847 24488
25120 22798 23509
24549 23773 23860
24421 23615 23991
24966 22941 23351
24197 23524 24065
24462 23817 23916
25062 22805 23683
24624 23736 23891
24778 23385 23748
24418 23895 23932
24521 23597 24004
24769 22839 24219
24597 23751 23844
24732 23550 24020
24757 23431 23444
24632 23507 24165
23941 23899 23964
25058 22848 23601
24405 23837 23979
24405 23837 23979
24800 23333 23709
23964 23525 24068
24444 23592 24017
24757 23431 23444
25030 22902 23543
24710 23449 24147
24844 23258 24114
25058 22848 23601
24800 23333 23709
24847 23398 23702
24555 23518 24143
23318 23525 24094
24778 23385 23748
24847 23398 23702
24800 23333 23709
24573 23512 24067
23318 23525 24094
24573 23512 24067
24844 23258 24114
23174 23448 24219
23546 24021 23193
23615 23965 23176
24290 22757 24481
24366 22554 24477
25149 22672 23330
24905 23201 23935
24577 23043 24398
24632 23108 24365
24981 22869 23534
24836 22910 24023
23380 23492 24040
24145 23369 24245
23259 23561 24050
23546 24021 23193
25130 22668 23536
24370 23816 23680
24339 22724 24450
23951 23431 24187
24284 23824 23557
24399 23623 23936
24067 23866 23303
24749 23301 23743
24020 23757 23824
24976 22784 23564
24472 23568 23822
24498 23726 23648
24434 23352 24136
24708 23313 23481
24641 23490 23838
24813 23248 23765
23710 23940 23266
24542 23340 24302
23746 23912 23439
23839 23888 23373
23614 24002 23281
25062 22761 23603
24860 23241 23769
23770 23932 23374
24638 23288 24321
24317 22775 24402
24622 23693 23789
23572 23968 23451
24636 23435 24063
23976 23721 23977
23669 23937 23369
24112 23488 24029
24655 23297 24286
24716 23393 23457
24604 23447 24134
24360 23728 23949
24682 23308 23591
23713 23420 24204
23834 23920 23354
23821 23903 23767
24640 23510 23982
23750 23460 24057
25062 22761 23603
24638 23412 23993
24622 23693 23789
24349 23400 24226
23974 23508 24033
24667 23311 24045
24604 23447 24134
23710 23940 23266
23770 23932 23374
24976 22784 23564
23546 24021 23193
23546 24021 23193
23444 23954 23172
23820 23839 22898
24333 22499 24425
25059 22724 23515
23620 23894 23239
23883 23775 23615
24645 23108 24066
24184 23795 23412
24125 23422 24065
24277 22999 24322
25036 22625 23577
24629 23290 24163
24912 22674 23601
23758 23574 23885
23557 23868 23640
24250 22577 24367
24392 22830 24345
24825 23219 23583
24204 22864 24351
24862 23050 23884
24836 23163 23917
23645 23628 23977
23811 23579 23855
24297 23620 23800
24464 23444 23990
24370 23255 24218
24526 23335 24210
24613 23392 23971
24468 23507 23439
24562 23669 23438
24133 23711 23702
24421 23108 24320
24419 23675 23754
24905 22864 23668
23595 23882 23546
24636 23218 24286
23842 23747 23685
24152 22590 24355
24604 23406 23536
24523 23425 23898
24466 23509 23780
24528 23486 23582
24638 23207 24049
24829 23203 23767
24137 23741 23596
24638 23252 23689
24825 23219 23583
23580 23860 23523
24168 22265 24410
24852 22769 23036
24875 22697 23560
24108 22603 24349
24722 23059 23906
24558 23629 23213
24815 23133 23426
24239 23591 23709
24396 23636 23515
24304 22787 24299
24305 23429 23761
24633 23132 24051
24602 23265 23574
24618 23149 24001
24265 23273 24168
24476 23382 23823
24504 23320 23815
24232 23411 23880
24257 23284 24196
24441 23323 23882
24611 23134 24271
24604 23267 23489
23550 23400 23695
23569 23776 23431
24103 22301 24331
24308 23215 23187
24717 23035 23887
23720 23244 24030
24257 22704 24255
23858 23479 23519
24233 23614 23336
24150 23278 23891
24576 23087 24127
24192 23271 23877
24248 23151 23715
23848 23422 23581
24555 22816 24234
24523 23131 23594
24446 22962 24238
24114 23459 23417
24434 23115 24249
24557 23063 24153
24456 23044 24221
24537 23110 24210
23533 23524 23400
23838 23509 23001
24472 22932 24183
24701 22614 23487
23871 23173 23294
24270 23079 23535
23608 23050 23919
24522 22846 24174
23558 23148 22998
23799 22931 24149
24048 22137 24143
24490 22653 23820
24415 22857 23490
24234 22901 23853
24434 22689 23813
24403 22767 24035
24285 22812 24066
24233 22636 24048
24313 22743 23987
23387 23988 23773
23871 24191 23223
24176 23328 25116
24651 22883 24720
25011 23739 23355
24194 23172 24845
23820 23955 24098
23566 23803 24112
23436 23367 24585
24045 23632 24542
24427 23515 24287
24217 24037 23551
24264 23621 24244
24872 23460 23686
24504 23052 24483
24685 23249 24194
24845 23361 23874
23431 23392 24565
24560 23239 24462
24830 23310 23958
23610 23959 23661
24059 23997 23642
24611 23307 24308
24770 23699 23911
23692 23672 24105
24885 23153 23530
23387 23988 23773
24801 23502 23404
24389 23837 23296
24933 23136 23572
24318 24011 23331
24723 23810 24099
24364 23880 23257
24654 23101 24362
24892 23075 23647
24654 23101 24362
23692 23672 24105
24529 23500 24460
24287 23327 24787
24504 23052 24483
24275 24020 23610
24933 23136 23572
24773 23333 23951
24349 23832 23558
24299 23282 24802
24801 23502 23404
24529 23500 24460
24361 23869 23260
24772 23654 23915
24299 23282 24802
24474 23836 23543
24361 23846 23531
24202 23878 23655
24271 23655 24109
24474 23836 23543
24364 23880 23257
24885 23153 23530
24773 23333 23951
24361 23846 23531
24504 23052 24483
24773 23333 23951
23094 24089 23114
23329 24153 23100
24107 23078 25086
24605 22797 24657
24841 23145 23558
23802 23096 24894
23487 23876 23637
24064 23154 24715
23603 24002 23597
24243 23868 23150
24731 23599 23509
24377 23828 23327
24684 23784 23675
23706 23686 24084
24802 23221 23802
23768 23719 23955
24666 23002 24045
24527 23559 23884
24148 23245 24520
24072 23801 23726
24116 22921 24652
24324 23402 24290
24441 23351 24339
24582 23201 24115
24412 23481 24228
24744 23421 23357
24148 23079 24646
24707 23035 24018
24787 23370 23596
24720 23492 23896
23679 23568 24244
24644 23101 24321
24116 22921 24652
24593 23551 24035
24812 23288 23605
23647 23384 24388
24222 23833 23442
23627 23824 24079
24222 23824 23548
24714 23076 23954
24297 23446 24321
24704 23264 23989
24275 23718 23995
24483 23173 24444
24109 23079 24706
24105 23869 23401
24613 23188 24177
24658 23485 23905
23609 23262 24508
23671 23359 24483
24812 23288 23605
24308 23242 24405
24373 23831 23533
24479 23424 24140
24831 23247 23599
23685 23700 24031
24434 23426 24192
24070 23356 24426
24222 23833 23442
24483 23173 24444
24235 23243 24383
24258 23243 24364
24434 23426 24192
24105 23869 23401
24479 23424 24140
24651 23239 24084
24297 23446 24321
24651 23239 24084
23671 23359 24483
24258 23243 24364
24373 23831 23533
23685 23700 24031
24613 23188 24177
24595 23181 24186
24841 23145 23558
24595 23181 24186
24714 23076 23954
24841 23145 23558
24714 23076 23954
24373 23831 23533
24434 23426 24192
24479 23424 24140
24651 23239 24084
23126 24045 23094
23250 22701 25039
23301 24130 23029
24016 23850 22952
24190 22121 24602
24803 23235 23366
23723 22622 25031
24046 22322 24731
23268 23057 24918
23873 23783 23518
24736 22885 23452
23444 23887 23499
24123 22232 24583
24032 23001 25001
23528 23865 23272
24162 22275 24488
24136 22130 24623
23780 23706 23952
24701 23334 23768
24046 22322 24731
24109 22851 24612
24444 23519 23923
24697 23437 23850
23633 23841 23208
24653 23593 23301
24361 23190 24144
24050 23751 23591
23977 23770 23710
23210 23957 23138
23210 23957 23138
23239 24005 23069
24521 23027 24306
24350 23243 24227
24562 23260 24018
24097 23086 24430
23301 24130 23029
23126 24045 23094
24603 23125 23959
23594 23153 24460
24297 23614 23662
24419 23669 23471
24588 23162 24154
24470 23608 23339
24211 23674 23635
24286 22632 24452
24580 23448 23663
24279 23435 24260
24377 23401 24016
24624 23130 23941
23647 23202 24443
24094 23127 24377
24501 23555 23478
23987 23690 23641
23467 23777 23734
24562 23260 24018
24711 23477 23396
24022 23233 24346
24081 23177 24331
24543 23553 23513
24279 23435 24260
24016 23850 22952
24324 23765 23487
24333 23818 23473
24533 23386 24009
24478 23169 24330
24017 23826 23096
24533 23386 24009
23467 23777 23734
23594 23153 24460
23284 23985 23091
23647 23202 24443
24716 23475 23404
24716 23475 23404
23284 23985 23091
24372 23598 23601
24211 23674 23635
23977 23770 23710
24419 23669 23471
24190 22121 24602
24372 23598 23601
24190 22121 24602
24419 23669 23471
23036 23226 24292
23201 24116 22880
23701 22494 25031
23885 23834 22873
24118 21950 24511
24702 23165 23374
24089 22001 24551
23151 23954 23074
23415 23748 23485
24245 23797 23260
23136 24077 23010
23253 23024 24783
24017 22715 24382
24365 23152 24003
23509 23638 23912
24574 23275 23843
24577 23082 24057
23775 22658 24990
23951 22903 24727
23718 22839 24909
24302 23136 24153
24190 22705 24312
23114 23024 24844
23793 22568 24952
24597 23360 23729
24298 23285 23925
24427 22965 24308
23623 22704 24967
24242 23603 23600
23689 23572 23711
23922 22900 24840
23998 23552 23603
23600 23489 23764
23915 23817 23454
24480 23422 23712
23820 22998 24868
24472 22929 24210
24693 23174 23465
24061 23140 24215
24072 23505 23679
23585 23317 24115
24478 22803 24261
23905 22790 24856
24438 23444 23913
23790 23713 23505
24664 23362 23379
23558 22705 24939
23796 23528 23647
23214 22681 24984
23840 22791 24858
24644 23292 23811
23782 22938 24886
23579 23660 23775
23789 23586 23629
24299 23527 23509
24660 23305 23556
24664 23362 23379
23948 22795 24728
24474 23317 23915
24480 23422 23712
24644 23292 23811
24664 23237 23789
23227 22707 24933
24660 23305 23556
23948 22795 24728
23227 22707 24933
23579 23660 23775
23951 22903 24727
24664 23237 23789
24660 23305 23556
24480 23422 23712
24664 23237 23789
24664 23237 23789
23948 22795 24728
24644 23292 23811
22919 23648 23703
22966 23976 22906
23051 23887 22883
23636 22621 24970
23827 22109 24748
24683 23059 23445
23979 22235 24334
24322 23405 23225
24585 23269 22926
23894 22831 24520
24279 23010 24042
23832 22168 24556
23569 23333 23830
23118 23020 24429
23455 23578 23639
24220 22952 24235
23796 22486 24860
23809 23506 23590
23352 22680 24837
24646 23138 23720
23245 22873 24860
24405 22882 24155
24485 23350 23456
24572 23181 23820
23790 23736 23447
23403 22952 24734
24143 23421 23480
24048 23421 23717
23788 23689 23496
23618 22657 24883
23453 23056 24096
24077 23382 23826
23647 22584 24918
23745 22584 24804
23697 23022 24157
24585 23047 23753
24056 23411 23522
23403 22952 24734
23733 22554 24968
23821 22898 24745
24557 23313 23706
23322 22875 24840
23734 22856 24832
23694 22599 24903
23733 22554 24968
23827 22109 24748
24557 23313 23706
23322 22875 24840
23694 22599 24903
24566 23330 23455
24566 23330 23455
24566 23330 23455
24566 23330 23455
23733 22554 24968
24557 23313 23706
23111 22603 24938
23670 23728 22923
23793 22101 24306
24618 22807 23267
24327 23239 23237
23438 22846 24708
23954 22451 24235
23703 23170 23745
24051 22691 24126
24606 23063 23622
23699 23433 23398
24270 22961 23982
23775 23619 23333
23596 22524 24927
24240 23086 23539
23945 23374 23590
23518 22781 24772
24039 23254 23547
23668 22848 24467
23771 22889 24422
24268 23006 24000
23866 22711 24150
23713 22758 24799
23623 23392 23636
23741 23403 23534
23656 23685 23249
23739 22587 24715
23860 22877 24138
23261 22406 24892
23261 22406 24892
23422 23476 23006
23927 22009 24083
24107 23212 22928
24598 23008 23439
24315 23047 23563
23800 23051 23358
24124 22865 23826
23672 22542 23946
24084 22967 23945
23636 22701 24526
23417 22725 24282
23598 22668 24797
23405 22769 24698
23654 22838 24148
23620 22607 24736
23666 22667 24681
23484 22624 24742
23502 22391 24758
23517 22938 23937
23605 22671 23715
23722 22493 23872
23559 22605 24618
23552 22635 24094
23178 22911 23574
23392 22550 24548
23525 22488 24117
23352 22552 24400
23500 22523 24459
22958 22412 24403
23033 22847 22792
23662 24184 23879
23788 24228 23572
24409 22637 24786
24577 23992 23167
25019 22843 23595
24675 23573 23733
24663 23896 23359
24364 22754 24574
24230 23072 24436
24518 23678 24033
24904 23410 24263
24559 24020 23387
24112 24000 23827
23906 24138 23699
24840 22702 24466
24349 23933 23597
24599 23441 23943
24463 22946 24317
24255 23027 24692
24557 22902 24506
24022 23746 24287
24124 23985 24121
24903 23625 23723
24317 22697 24652
24813 23699 23689
24436 23330 24273
24113 23446 24530
24240 24106 23700
24440 23143 24320
24610 23742 23513
24158 23886 24047
23891 23399 24540
24358 23234 24274
24281 23793 24143
24319 23214 24328
24813 23699 23689
23881 24221 23501
23713 24189 23590
24158 23886 24047
24047 24198 23589
24203 23705 24300
24201 23745 24167
24450 22679 24701
24409 22637 24786
24417 22668 24732
24319 23765 23723
23797 24218 23544
24281 23793 24143
24319 23214 24328
23851 24214 23569
24201 23745 24167
23851 24214 23569
23751 24223 23574
24417 22668 24732
24435 23689 24264
23881 24221 23501
23751 24223 23574
23797 24218 23544
24047 24198 23589
23851 24214 23569
23751 24223 23574
23881 24221 23501
23088 23707 24215
23752 24207 23510
24239 22605 24752
24416 22493 24536
24546 23909 23261
25009 22825 23450
23405 23333 24299
24495 23400 23943
24285 22902 24340
24576 23686 23472
24387 22577 24731
24378 22671 24652
24195 22748 24630
24704 23574 23617
24065 22817 24561
24397 23960 23279
23999 23241 24465
24157 23799 23866
24332 22997 24309
23951 23442 24195
23744 24108 23617
23516 23760 24007
24892 22866 23560
23971 23735 24097
24187 23048 24409
24805 23295 23988
23499 23896 24081
23898 23580 24223
23829 24062 23473
23810 24098 23658
24476 23742 23315
23612 23913 23817
24460 23753 23356
23923 23908 23772
24172 24059 23591
23510 23924 24043
24326 23143 24293
24510 23097 24206
23717 23009 24501
24265 23855 23507
24086 22772 24662
24844 23013 23525
24497 23336 24163
24783 23192 24149
24201 22757 24361
24118 22815 24440
24213 23653 23714
24437 23771 23280
24776 23076 24153
23819 23263 24450
23405 23333 24299
23790 23569 24290
24441 23626 23595
24344 23029 24274
24869 22818 23639
24446 23304 24236
24789 23502 23589
24743 23005 24207
24121 22774 24470
23663 23812 23990
23911 23695 24145
23912 23921 23703
24231 23514 24188
23673 23839 23863
23612 23913 23817
24460 23753 23356
24357 23637 23712
24892 22866 23560
23720 23909 23794
23811 23845 23849
24280 22595 24734
24219 23548 24081
23829 23325 24276
24446 23825 23266
24274 23537 24069
24195 22783 24466
23902 23817 23784
24276 23741 23551
24788 23039 23999
24887 23011 23584
24310 23506 23859
24077 23846 23713
24310 23506 23859
24236 23702 23556
24213 23653 23714
24167 22750 24655
24887 23011 23584
24274 23537 24069
23499 23896 24081
24086 22772 24662
24164 23739 24072
24164 23739 24072
22975 23669 24168
23462 24091 23626
24151 24009 23088
24223 22567 24674
24262 22508 24656
24867 22686 23612
23148 23766 24077
24472 23878 23194
24677 23488 23606
24349 22953 24087
24789 23199 23905
24306 22586 24538
23585 23654 23863
24540 23889 23097
23913 22857 24433
23059 23569 24194
24442 23643 23450
23938 23533 23734
23888 24037 23351
24393 23356 23798
24149 23962 23393
23784 23741 23585
24089 23111 24245
24113 23949 23527
23468 23898 24007
23517 23914 23699
23739 23151 24324
24265 22824 24312
24157 23382 23807
23033 23704 24146
24182 22749 24436
23501 23282 24287
23609 23892 23812
24277 23898 23154
23744 23614 23894
24140 23012 24317
23982 23907 23561
23988 23145 24410
23851 23607 23702
23800 24078 23529
23818 24037 23472
24313 22511 24640
24017 23257 24138
24590 23208 23663
23700 23535 23952
24278 23695 23271
24049 23161 24178
24157 22725 24491
24195 22697 24555
24077 24020 23488
23668 23497 24217
24222 23445 23631
24403 23321 23685
24076 23119 24111
23669 23888 23773
24278 23695 23271
23683 23182 24446
24420 23028 23969
24332 23304 24084
24424 23677 23383
24281 22842 24224
23998 23552 23682
23902 23447 24104
24813 22580 23630
24432 23248 23955
23989 22737 24456
24216 23745 23466
24590 23208 23663
23992 23060 24297
23605 24086 23651
24298 23061 24210
23721 23278 24177
24306 23080 24105
23937 23533 23986
23895 23221 24141
24198 23589 23628
23880 22730 24650
24183 22715 24601
24805 22712 23620
23034 23661 24169
24183 22715 24601
24348 23025 24172
24157 22705 24627
23988 23145 24410
24157 22705 24627
23668 23497 24217
23147 23207 24253
23645 24037 23420
24157 22623 24611
24765 22308 23588
24834 22415 23142
24194 22548 24582
23837 23996 23344
23425 23437 24194
23786 22741 24432
23749 23382 24031
23820 23557 23623
24332 22796 24130
24404 22954 23926
23449 23895 23973
23535 23357 24079
24028 23680 23512
23673 22884 24392
24225 22942 24153
23909 23490 23925
23610 23871 23695
24293 23222 23871
23900 23514 23951
23472 23747 23763
24650 22862 23803
24479 23437 23409
24102 23308 23716
23780 23989 23524
24163 23591 23445
23465 23842 23849
24064 22694 24367
24715 22730 23558
24532 22632 23879
23612 23064 24287
24087 23004 24071
24612 23259 23487
24554 23434 23602
23851 23762 23532
23440 23396 24129
24830 22614 23379
24830 22485 23485
23568 23152 24302
24152 23267 23748
24781 22901 23542
23584 23646 23734
24677 23096 23462
23866 23161 24055
24195 22463 24293
24686 22638 23831
24760 22654 23808
24320 23631 23389
23486 23635 23850
24224 23443 23424
23558 23642 23800
23574 23166 24272
23960 22990 24301
23425 23437 24194
24212 22670 24278
24112 23890 23503
24761 22720 23603
24814 22635 23530
23786 22741 24432
23989 23261 23874
24116 23438 23488
23984 22901 24344
24677 23096 23462
23984 22901 24344
23960 22990 24301
24194 22661 24356
24679 23158 23394
24116 22883 24277
23984 22901 24344
23292 23838 23951
23782 23960 23272
24183 22507 24483
24545 23325 23085
24704 22434 23800
24780 22736 23458
24088 22742 24252
24171 22861 24128
24294 23624 23380
23841 23434 23700
23705 22959 23989
23968 22884 23751
23349 23731 23859
23863 23257 23566
24483 23074 23301
24562 23038 23399
24318 22766 23486
23548 23706 23667
23342 23139 24054
24406 23100 23463
24545 23325 23085
23437 23271 24039
23428 23697 23816
23560 23759 23620
23661 23320 23995
24594 22736 23764
24092 23200 23545
23832 23396 23838
24106 23780 23489
23769 23925 23458
24258 23112 23730
23947 23110 23781
23596 23323 23966
23779 23928 23350
24537 23361 23295
24306 23288 23500
24267 23328 23524
24271 23351 23499
24537 23361 23295
22836 23616 23951
23738 23883 23348
24155 22389 24460
24234 23497 23125
24762 22380 23387
23385 23530 23654
23853 22630 24186
24481 22988 23286
24248 23321 23374
24568 22577 23708
24007 22660 24065
23637 23362 23828
24172 22440 23733
24119 23472 23203
23621 23391 23581
24613 22734 23361
23412 23201 23940
23988 22823 24056
23626 23830 23438
23453 23510 23453
24055 23638 23333
23970 23708 23262
23912 23164 23483
24087 22770 23886
24232 23051 23529
24111 23079 23582
23900 23717 23353
24097 22806 23761
24148 22762 24021
23824 23176 23551
24142 23057 23631
23856 22997 23722
23935 23623 23393
23771 23516 23448
23055 23424 23444
23270 23878 23193
24098 22078 24049
24292 22656 22830
23443 23849 23324
23246 23326 23705
24078 22291 23983
23917 23512 23268
23695 22988 23661
23070 22993 23811
23996 22851 23565
23875 22584 23926
23856 22482 24031
24234 22539 23674
23704 23141 23515
24097 23100 23351
23700 22764 23800
23826 22813 23680
23737 22951 23698
23956 23474 23309
23933 22930 23481
23139 22943 23606
23381 23659 23056
23750 23364 22996
23986 22789 23403
24009 22991 23233
23372 23251 23193
23269 23429 22768
23881 22781 23378
23940 22452 23170
23506 23243 22906
23556 23070 22869
23689 24102 24004
23989 22854 24630
24563 23780 22992
25251 23262 23255
24993 23742 23598
24639 23576 23811
24523 24097 23460
24216 23381 24480
24061 22984 24594
25183 23239 24238
24484 23849 23639
24349 23273 24380
25223 23172 24147
24562 23783 23101
24407 23729 23963
24030 23075 24623
25235 23028 23509
24407 23695 24127
23836 23806 23671
24406 23622 24326
23890 23787 23741
23847 23473 24506
24486 23553 24359
23856 23565 24401
23931 23439 24484
24566 23616 23675
24588 23467 24340
24471 23201 24363
23931 23439 24484
24455 23195 24378
24455 23195 24378
23666 24059 23602
23841 23315 24497
23923 22492 24424
24042 24068 23022
24506 23817 22943
25220 22938 23611
24767 23218 23202
25142 23204 23446
24232 22914 24291
24139 22660 24298
24210 23983 23136
23946 23681 23629
23768 23844 23237
24082 22620 24372
23685 23478 24351
24002 23916 23199
24541 23258 23816
24498 23627 23341
24136 23656 24045
24059 23087 24330
24591 23539 23563
25177 23150 23621
23916 22497 24414
24091 24021 22983
24571 23254 23909
24633 23293 23520
24255 23596 24089
24738 23452 23440
25191 23072 23467
24459 23610 23348
24666 23464 23089
24712 23222 23862
24258 23516 23861
24337 23515 23767
25143 23188 24149
24471 23358 23993
23997 23912 23232
24403 23238 24235
23902 23396 24359
23822 23388 24457
24255 23845 22954
24422 23680 23491
23843 23403 24392
24666 23464 23089
24117 24008 22951
24394 23273 24209
24382 23273 24281
24365 23347 24164
24445 23432 23961
24303 23361 24183
24072 23007 24388
24611 23326 23716
24440 23387 24125
23983 23839 23622
24484 23360 23952
24072 23007 24388
23819 23456 24386
24608 23515 23701
24629 23252 23747
24139 22660 24298
24608 23515 23701
24303 23361 24183
24729 23444 23471
24407 23617 23600
23997 23399 24106
24633 23247 23564
24476 23311 24152
24717 23448 23461
24373 23820 23624
23923 22492 24424
24432 23458 24089
24760 23333 23347
24455 23410 23762
24455 23410 23762
23916 22497 24414
24407 23617 23600
24760 23333 23347
23236 23854 23361
23598 24042 23343
23789 23376 24440
23926 22298 24292
24097 23990 22772
25170 22974 23403
24282 22794 24279
23717 23982 22849
24945 23177 24103
24742 23178 23930
24737 23278 23164
23789 23933 23030
23789 23933 23030
23670 23398 24367
24297 23031 24147
24267 23153 24233
24557 23345 23307
24082 22884 24273
24397 23579 23520
25048 22995 24052
23617 23811 23189
24369 23180 23966
25099 23068 24047
24240 23570 23631
23823 22920 24295
23778 23631 23748
25132 23128 23652
24413 22819 24121
24613 23303 23405
24552 23480 23559
24271 23194 24039
23994 23656 23626
24324 23332 23888
23810 23430 24358
24454 23598 23261
23898 23800 23453
25053 23112 23681
24663 23258 23462
24137 23466 23782
24476 23244 23826
24300 23739 23578
24244 23777 23583
24702 23224 23217
23849 23525 23668
24702 23224 23217
24429 23454 23766
23945 22919 24274
24059 23304 24059
24333 23605 23601
24354 23433 23793
24305 23690 23273
24280 23415 23820
24618 23243 23562
23767 23601 23790
23941 23808 23398
24494 23190 23892
24012 23503 23909
24305 23690 23273
24663 23258 23462
23891 23381 24121
24481 23312 23569
25170 22974 23403
24066 23497 23771
24137 23466 23782
24417 23515 23675
25055 23157 23596
24012 23503 23909
23849 23525 23668
23996 23638 23637
25055 23157 23596
24494 23190 23892
24282 22794 24279
23996 23638 23637
25053 23112 23681
23891 23381 24121
24059 23304 24059
23849 23525 23668
24282 22794 24279
23140 23888 23322
23348 24015 23189
23415 22589 24437
24451 23497 22716
25135 22793 23278
23586 23943 23159
23642 23806 23031
24693 22950 24023
25024 22985 23708
24777 22995 23795
24111 22863 24161
24235 22705 24251
23849 23793 22758
24315 23506 23362
24514 23307 23097
24845 22778 23911
24208 23696 23410
25123 23064 23604
24963 23072 23651
23722 23861 22979
24884 23116 23437
24279 23313 23768
23493 23400 24137
23796 23219 24323
24077 23147 24208
23920 23667 23493
23511 23851 23273
24748 23070 23844
23686 23357 24357
24183 23740 23425
23682 23912 22935
24434 23542 22856
24615 23252 23191
24473 23434 22850
23510 22800 24415
24681 22731 24066
23847 23775 23566
24875 22925 23887
24513 23341 22913
23959 23461 23696
24399 23245 23688
23934 22894 24267
24559 23260 23286
24562 22901 24051
24168 22966 24093
23301 23869 23328
23898 23580 23632
23998 23434 23904
23246 23909 23257
24604 23158 23813
23435 23908 23177
24479 23164 23600
23774 23354 24331
24455 23296 23476
24857 23092 23681
24180 23565 23537
24845 22778 23911
24246 23379 23662
23802 23381 24228
24306 23594 23314
23797 23382 24293
24272 23624 23457
24094 22715 24217
23740 23605 23658
23389 23871 23240
23389 23871 23240
24403 23452 23632
24212 23557 23585
24875 23134 23539
24150 23623 23478
23994 23498 23606
24427 23414 23660
23271 23902 23304
23920 23613 23614
24491 23395 22851
24214 23621 23483
23271 23902 23304
24107 23419 23688
23510 22800 24415
25129 23069 23558
24502 23160 23616
24272 23624 23457
23246 23909 23257
24681 22731 24066
24513 23145 24086
24862 23159 23652
24513 23145 24086
25123 23064 23604
24681 22731 24066
23389 23871 23240
23204 23842 23296
23379 23917 23142
23524 22653 24321
23677 23907 22930
24211 22631 24214
25112 22962 23480
24676 22918 23682
24055 23008 24125
23650 23368 24136
24233 22721 24060
23817 23719 22956
24977 23056 23590
24276 23310 23719
24474 22837 23958
23447 23827 23204
24236 23610 23425
23242 23683 23492
23690 23175 23935
24558 23117 23797
24524 23230 23235
23672 23488 23620
24875 22698 23734
23784 23594 23537
23430 23829 23071
24787 23156 23385
24115 23078 23883
23968 23716 23178
24257 23584 23184
24499 23205 23281
24308 23465 23322
24871 23090 23476
24474 22837 23958
24811 23158 23246
25047 23038 23352
24192 23060 24015
24342 23438 23492
24430 23074 23872
23906 23406 23796
24741 23113 23624
25020 23062 23512
24441 23031 24050
23399 23878 23026
24418 23341 23165
23845 23108 23878
23817 23416 23750
23399 23878 23026
24620 22958 23794
23348 23844 23236
24620 22958 23794
24399 23399 23208
24177 23421 23536
23393 23691 23354
24404 23355 23314
24382 23421 23205
23351 23855 23187
24741 23113 23624
23351 23855 23187
23348 23844 23236
23196 23686 23233
23588 23867 22924
23615 23845 22855
24164 22513 24083
25090 22852 23356
23840 23535 23010
24891 22700 23535
23383 23805 23137
24071 23174 23699
24422 22696 23840
24272 23455 23109
23720 23407 23612
24213 23265 23638
24715 23038 23269
23558 23576 23481
24532 22966 23685
24658 22884 23584
24364 23019 23947
23345 23580 23211
24255 22846 24050
24475 23063 23415
23834 23574 23412
25022 22899 23320
23325 23113 24077
23627 23151 23778
24383 23347 23239
24997 22933 23215
24355 23032 23803
24255 22996 24018
24439 23098 23757
23594 23368 23764
24206 23111 23714
24189 22908 24042
24413 22856 24024
23168 23769 23068
23528 23818 22916
24182 22686 23962
24884 22879 23250
23758 23566 23143
24150 23292 23009
23683 22978 23887
24481 22934 23309
24690 22901 23072
23421 23524 23223
23574 23363 23434
24272 22850 23669
23457 23331 23697
23970 23082 23612
24190 23098 23541
24035 23068 23687
23570 23480 23274
24359 23311 22944
23530 23496 23453
24427 22973 23535
23711 23350 23552
24378 23077 23583
24228 22855 23921
24227 22966 23918
23012 23448 22939
23635 23510 22810
23749 22776 23882
24054 22992 22791
24172 22732 23778
24606 22836 23167
23349 23380 23348
23423 23130 23119
24326 22908 23459
23669 23306 23076
24182 22929 23268
23526 23004 23101
24069 22881 23656
23594 23405 23058
24105 22902 23568
23671 23501 22919
22770 22915 23274
23670 23478 22911
24310 22866 23322
23030 23357 23157
23569 23390 22955
23948 22899 23188
24138 22805 22911
23824 22408 22897
