1 0.0795558
13588 14321 14742
14246 13925 14859
13114 14527 14657
13683 15090 14505
13856 14136 14617
13234 13936 14834
13791 14584 14526
13772 14078 14734
13242 14321 14773
13594 14171 14629
14254 14726 14499
13219 14492 14705
13718 14269 14541
13318 14101 14656
13303 13737 14737
13225 13923 14843
13347 14758 13634
13651 14755 14016
13625 14780 13508
13199 14813 14024
13256 14329 14524
13478 14356 14520
13539 14013 14638
13750 13859 14549
13572 13991 14552
13854 14388 14353
13843 14677 13982
13924 14235 13656
13541 14463 14495
13789 14435 14291
14047 14190 14450
13816 14310 14470
13941 14202 14257
13495 14604 14459
13310 14714 14266
13977 14208 13745
13759 14547 14487
14062 13900 14291
13783 14314 14478
13440 14030 14521
12941 13868 14691
13553 14682 13510
13242 13895 14577
13117 13957 14574
13208 13625 14584
13394 14636 13889
13784 14386 14110
13847 14187 14400
13986 14034 14420
14005 14163 14344
14005 13423 14421
13413 14556 14066
13261 14599 14227
13261 14666 13562
13685 14330 14419
13479 14543 13619
13641 14456 13636
13714 14341 14184
13471 14426 14402
13398 14478 14344
13447 14408 14425
13628 14531 14265
14036 13900 14200
13159 14179 14431
13746 14083 14476
13484 14121 14438
13728 14208 14338
13729 14313 14309
13764 14299 14268
12481 14012 14478
13474 14549 13440
13061 13751 14575
13125 13824 14509
13033 13838 14554
13112 13396 14550
13292 14598 13830
13293 14603 13681
13685 14379 13829
13780 14243 14075
13660 14360 13870
13822 14167 13484
13812 13948 14315
13978 14090 13988
13849 13941 14178
13770 14128 14089
13893 14149 13566
13564 14197 14346
13261 14411 14333
13284 14386 14405
13425 14500 14111
13087 14502 13915
13615 14419 14005
13500 14504 13848
13507 14424 14141
13318 14385 14260
13889 13886 14175
13864 13841 14200
13066 14134 14424
13426 13755 14475
13685 13794 14366
13561 13637 14449
13491 14057 14468
13536 14303 14125
13577 14293 14255
13735 14259 13469
13720 14287 13605
13712 14260 14123
13737 13968 14263
13417 14521 13095
13409 14525 13356
12921 13773 14501
12884 14572 13830
13771 13989 13990
13739 13511 14214
13796 14029 13857
13864 14014 13759
13911 13863 13891
13757 14096 13930
13742 14127 14023
13879 14019 12969
12653 14346 14291
13239 14066 14319
13078 14237 14394
13131 14082 14364
13393 14475 13890
13320 14432 13998
13045 14497 13930
13052 14461 13922
13515 14334 13890
13395 14504 13620
13495 14344 14041
13366 14406 14084
13477 14375 14127
13490 14423 13613
13001 14369 14228
13083 14331 14195
13876 13869 14109
13516 13739 14295
13050 13856 14401
13179 13863 14392
13409 13411 14446
13121 13934 14391
12432 13972 14414
13443 13603 14384
13337 14007 14322
13027 13782 14459
13160 13830 14428
13422 13828 14276
13538 14220 14181
13232 14134 14203
13524 14265 14195
13325 14017 14219
13232 14134 14203
13540 14234 14115
13580 14172 13855
13544 14136 14096
13572 14209 14003
13644 14186 13753
13651 13546 14231
13687 13880 14125
13615 13926 14032
13519 13587 14229
12733 13698 14492
13707 13482 14190
13769 14018 13702
13754 14074 13589
13692 14039 13975
13608 14074 13829
13015 14122 14209
12755 14053 14359
13213 14462 13773
13290 14482 13583
13354 14402 14045
13413 14335 13992
13087 14290 14060
12913 14355 14122
12908 14307 14204
13081 14316 14171
13843 13760 13791
13713 13770 13955
13807 13862 13256
13754 13716 13793
13506 13727 14208
13068 13919 14273
13117 13973 14246
13248 13300 14322
13122 13879 14253
13182 13965 14231
13328 13813 14302
12894 13798 14377
13138 13366 14318
12973 13827 14288
13381 13758 14268
13535 13998 14170
13489 14195 14153
13327 14237 14188
13507 14067 14144
13519 14253 14022
13193 14264 14049
13399 14187 14156
13476 14206 14143
13518 14152 14104
13557 14046 13878
13572 14144 13800
13642 14120 13665
13578 14157 13578
13556 13863 14039
13632 13685 14051
13600 13595 14097
13618 13570 14056
13568 13689 14031
13666 13415 14108
13753 13863 13435
13636 13933 13775
13584 13804 13861
13604 13831 13860
13681 14038 13622
12606 14421 13730
13248 14382 13749
13348 14304 13777
13254 14325 13858
13254 14325 13858
13133 14327 13949
13302 14257 13969
13316 14335 13830
12512 14228 14191
12967 14309 14100
13066 14264 14099
13668 13438 13862
13629 13697 13840
13619 13714 13922
13631 13766 13783
13776 13674 13228
13493 13718 14204
12690 13866 14219
13158 13812 14244
12871 13651 14333
12368 12960 14347
12460 13787 14303
12931 13794 14272
13298 13498 14243
13391 13893 14157
13436 13864 14161
13528 13864 14013
13504 13680 14148
12836 14051 14167
13307 14219 14068
13326 14236 14043
12962 13987 14185
13158 14210 14125
13214 13887 14162
13111 14227 14125
13179 14027 14175
13488 14050 14141
13350 14232 14011
13458 14253 13870
13391 14213 13986
13089 14252 13992
13240 13965 14152
13360 13911 14153
13287 13974 14146
13409 14203 14012
13387 14082 14133
13504 14119 13861
13415 14053 13926
13474 14122 13875
13513 13911 13782
13567 13950 13634
13513 13590 14063
13654 13983 13611
13181 14342 13731
12800 14352 13567
12988 14277 13897
13064 14321 13887
13299 14268 13824
13313 14329 13803
12826 14263 13974
13583 13693 13835
13588 13561 13762
13753 13622 13227
13408 13684 14175
13108 13720 14197
13081 13808 14221
12578 13630 14266
13495 13823 14012
13508 13779 13940
13498 13362 14146
13215 14164 14046
13216 14234 13888
12958 14236 14033
12594 13861 14184
12903 13960 14181
13143 14164 14071
12968 14182 14093
13160 13949 14172
12932 13838 14174
13455 14009 14017
13464 13805 14061
13470 14010 13979
13436 14014 14086
13282 14225 13848
13390 14240 13617
13346 14251 13847
13453 14245 13427
13369 14242 13695
13209 14247 13865
13442 14172 13862
13014 14218 13958
13179 13841 14153
13269 14186 14011
13385 14125 13874
13378 14197 13987
13396 14071 13921
12642 14081 14115
13377 14075 14119
12663 13994 14133
13385 14039 14089
13265 13933 14123
13182 14078 14130
13487 14062 13822
13491 14026 13402
13450 14110 13696
13552 13915 13614
13637 13950 13464
13603 13853 13489
12932 14306 13747
13169 14313 13405
13244 14284 13735
13086 14317 13640
13211 14291 13512
13525 13351 13647
13246 13665 14130
13289 13466 14148
13386 13312 14154
13063 13156 14213
13055 13764 14176
12905 13262 14209
13479 13783 13968
13506 13698 13919
12870 14194 14016
13094 14139 14033
13062 14106 14054
12795 13904 14141
12869 13900 14137
13445 13525 13994
13414 13977 13897
13428 13571 14047
13409 13949 14015
13426 13732 14035
13119 14248 13802
13387 14232 13414
13311 14201 13572
13109 14213 13826
13112 14128 14011
13216 14175 13738
13337 14144 13940
13256 14110 13943
13294 14147 13619
13363 14124 13838
13298 14054 13979
13213 14041 14034
13312 13862 14038
13289 14032 14037
13307 14015 13969
13325 13999 13961
13273 13972 14062
12983 14023 14075
13130 13788 14130
13170 14048 13983
13486 13870 13700
13481 13921 13771
13420 14002 13710
13383 14076 13513
13533 13193 13492
12593 13784 14028
12785 13759 14147
12429 13658 14151
13030 13667 14120
13306 14101 13449
12916 13640 14144
13394 13402 14046
13254 14127 13443
13161 13325 14055
13493 13326 13656
13215 14255 13467
13111 13411 14120
12867 13766 14115
13358 13634 13914
13287 14201 13384
13392 13627 14002
12945 13607 14167
13230 14188 13446
13473 13434 13839
13427 13541 13950
13078 14216 13642
13180 14099 13889
13081 14192 13605
13064 14264 13634
12887 14147 13816
12976 14152 13694
13178 14227 13587
13329 14036 13632
13283 14103 13832
13319 14066 13883
13410 13890 13755
13489 13647 13744
13479 13687 13491
13456 13837 13447
13357 13885 13966
13538 13506 13361
13048 14114 14018
13333 13888 13931
