22 5.3352
13210 15546 14967
13339 15638 14964
14339 15029 16145
14618 15389 14280
15434 14385 14818
15561 14439 14723
15420 14641 14623
14148 15323 15730
15143 14827 15459
15353 14993 15207
13859 15134 15832
13449 15373 15032
15558 14511 14713
15506 14593 14663
14871 14970 15638
14326 15079 15864
14282 15312 15766
13724 15574 14816
13583 15340 15017
14675 15102 15566
14554 15419 14521
15063 15150 15435
14385 14912 15936
14728 15325 14379
15189 15050 15395
15154 15265 15261
15142 14908 15518
15120 14862 15605
14380 14996 15996
13290 15487 15023
15455 14536 14813
14984 14896 15650
15516 14570 14786
13496 15495 14911
14344 15031 16029
15314 14913 15217
14593 15403 14325
15423 14602 14600
15033 15239 15287
13371 15481 14973
15542 14550 14727
14525 14930 15843
14582 15426 14352
13802 15481 14935
13210 15546 14967
15260 14862 15437
14803 15323 15297
14827 15247 15273
14699 14841 15697
14432 15465 14446
15185 15177 15363
14628 14962 15682
14186 15230 15804
15090 15043 15627
15107 14970 15470
13659 15475 14999
14465 15450 14539
13444 15514 14944
13782 15194 15821
14696 14893 15704
14432 15465 14446
13659 15475 14999
15376 14568 14794
15257 14939 15228
15211 15214 15273
14675 15351 14377
14592 15013 15764
14685 14945 15797
14425 15529 14525
13451 15570 14847
13469 15496 14958
13457 15541 14883
13859 15134 15832
15145 15199 15334
13742 15537 14855
14660 15375 14791
14984 14896 15650
14809 15291 14297
15511 14515 14795
13750 15530 14829
14391 14959 15857
14186 15230 15804
14495 15029 15817
14440 15453 14575
15185 15177 15363
15236 15002 15320
14305 15123 15837
13489 15440 15026
14344 15031 16029
13444 15514 14944
14310 15120 16023
14681 15339 14285
14589 15208 15811
15236 15002 15320
14447 15390 14560
15542 14550 14727
14447 15390 14560
14310 15120 16023
13357 15531 14900
14809 15291 14297
14680 14956 15703
14809 15291 14297
13357 15531 14900
14437 15435 14588
14728 15325 14379
14437 15435 14588
13859 15134 15832
15236 15002 15320
13246 15532 14896
13439 15536 14869
14225 15050 15982
14692 14330 15641
14729 15264 14256
15549 14504 14662
15185 14739 15382
14874 15031 15517
14657 14621 15728
13544 15433 14966
14058 15242 15656
13477 15389 15011
13849 15218 15683
15383 14576 14565
13400 15454 14953
14239 14826 15981
14411 15460 14485
14579 15379 14323
13632 15500 14804
15265 14574 14613
15278 14395 14795
15502 14459 14720
13712 15496 14853
15142 14851 15428
15408 14496 14782
15036 15010 15449
15243 14951 15106
14506 15393 14504
15492 14532 14730
14682 15304 14389
14142 15258 15609
13776 15060 15861
13246 15532 14896
15485 14469 14762
15332 14381 14918
14494 15101 15774
14620 15326 14376
13818 15335 14713
14976 15019 15620
14453 15306 14758
15171 15152 15293
13687 15512 14713
14331 15001 15908
14591 15356 14665
14120 15182 15665
15240 14921 15141
14993 14953 15571
15193 15067 15133
15145 15197 15251
14391 14932 15835
15179 15205 15205
15332 14381 14918
15202 14988 15313
14340 14968 15938
15104 15233 15134
14557 15287 14688
14375 14884 15973
13742 15125 15743
15146 15211 15181
14425 15029 15813
15075 14979 15558
14293 15019 15932
14665 14900 15651
15150 15174 15338
14134 15138 15716
14551 15013 15786
14364 15118 15761
14563 15266 14688
14517 15044 15704
15173 15027 15346
15178 15008 15267
14302 15056 15782
14633 14922 15733
15075 14979 15558
14367 14926 15913
15173 15126 15329
14375 14884 15973
15184 14963 15316
14605 14942 15761
14512 15051 15674
14677 14839 15699
14989 15262 15137
14605 14942 15761
14677 14839 15699
14516 15047 15632
14677 14839 15699
14516 15047 15632
13253 15479 14867
13393 15509 14838
14275 15016 15928
14630 15224 14254
15267 14349 14841
15517 14408 14653
15066 14764 15368
13922 15260 14955
14657 14621 15636
15023 14941 15528
15356 14397 14757
15492 14504 14630
13533 15410 14907
14109 15209 15538
14009 15198 15593
14842 15193 14335
13768 15029 15783
13316 15255 15042
14453 15312 14478
14341 15361 14484
15431 14513 14695
14316 14919 15893
15274 14462 14733
14430 15369 14409
14914 14781 15554
13655 15461 14734
13662 15348 14813
15211 14788 15060
14705 14557 15611
15085 15104 15336
14749 15206 15156
14359 14879 15796
13455 15369 14947
13748 15142 15652
14371 14837 15913
14723 15213 14342
15094 15080 15283
13480 15488 14823
15066 15179 15186
14639 14615 15727
15056 15188 15243
14516 15004 15739
14643 14589 15665
14333 15434 14443
13303 15421 14846
14357 15400 14435
13415 15452 14838
15465 14413 14728
15191 14949 15083
13684 15411 14705
15185 14895 15131
15093 14823 15340
14581 15015 15616
15038 14879 15544
14475 15025 15676
15476 14481 14719
15140 15148 15263
15162 15164 15146
14341 15065 15768
14281 14967 15905
15169 14929 15101
14502 15237 14724
14540 14971 15669
14897 14927 15539
15139 15011 15279
15040 14773 15359
14465 14936 15766
13751 15091 15770
14697 15174 15281
15482 14410 14674
14552 14830 15675
15457 14510 14712
14343 14911 15913
14486 15005 15656
14538 14902 15770
13095 15383 14868
13272 15466 14763
14221 15008 15908
14592 15201 14272
15279 14181 14721
15445 14475 14624
13764 15123 15581
14930 14759 15454
15200 14300 14803
14537 14602 15657
15031 15171 15205
15363 14404 14687
14815 15182 14349
14332 14847 15830
15187 14939 15081
13639 15458 14548
14352 15396 14422
15107 15034 15039
13575 15258 14913
14307 14886 15900
15085 14783 15336
13469 15403 14829
14929 14785 15491
14905 14860 15528
13366 15269 14938
15060 15071 15309
14530 14900 15760
14555 14466 15547
14420 15319 14303
15355 14500 14668
14547 14520 15534
14259 14988 15713
14443 15296 14367
13391 15424 14746
14514 14933 15735
14526 14965 15624
13518 15372 14890
15084 15120 15237
13348 15349 14933
15101 14980 15260
15127 15032 15240
13640 15316 14610
13333 15432 14702
15056 15057 15323
14514 14997 15663
15263 14504 14587
14433 15268 14405
13294 15458 14819
14426 15301 14336
15239 14467 14713
13564 15306 14685
15248 14504 14609
13538 15383 14614
13182 15303 14877
13242 15402 14775
14155 14786 15908
14333 15319 14271
14526 14153 15651
15368 14432 14555
13810 15000 15898
15361 14353 14616
14640 14573 15512
14225 14733 15881
13435 15377 14829
14862 14857 15429
14147 14869 15887
15167 14446 14663
15150 14533 14471
15186 14394 14641
14718 15135 15065
13286 15285 14848
14275 15176 14378
14463 14915 15702
14926 14900 15305
13414 15359 14844
13236 15224 14876
15148 14790 15012
14328 15395 14373
14989 14971 15276
14507 15156 14488
14649 15117 15235
14486 14831 15749
15074 15035 15015
14510 14974 15624
14879 14821 15489
14266 14793 15823
14980 15094 15218
15040 15006 15176
13201 15329 14864
15361 14427 14572
15122 14782 15230
15020 15053 15154
14947 14812 15292
15051 15062 15090
14511 14917 15630
14272 14867 15818
13426 15391 14820
15047 15067 15130
14889 15105 15163
14513 14882 15742
15089 14986 15130
14490 14889 15649
15110 14985 15220
13160 15374 14819
14253 14832 15761
14286 15388 14213
15119 14248 14668
15246 14365 14553
13383 15367 14747
14317 15132 14277
14445 14547 15568
14873 14770 15447
14824 14905 15222
14789 14786 15422
14497 14519 15636
13286 15367 14825
14965 15051 15039
15183 14388 14564
14428 14806 15665
14606 15100 15065
15158 14282 14617
14582 14320 15484
14928 15082 15171
15027 14835 15190
14459 14828 15488
15092 14939 15110
14979 14981 15213
15070 14939 15133
15036 15016 15053
15238 14372 14557
15009 15036 15149
15040 14786 15210
15012 15022 15064
15109 14830 15150
13240 15335 14817
14291 14626 15629
14430 14257 15523
14591 15061 14241
15193 14336 14517
13354 15124 14658
15107 14434 14531
14787 14758 15192
14478 15094 14252
14845 14931 14960
14856 14725 15348
14951 14629 15137
15068 14891 15056
14362 14793 15558
14432 14818 15484
14475 14344 15486
14851 14743 15402
15068 14894 14996
13168 15236 14741
13219 15312 14720
14429 14208 15507
15018 14358 14346
15176 14322 14483
14410 14776 15469
14282 14638 15501
14627 14549 14463
15034 14226 14627
14356 14600 15385
14393 14196 15449
15076 14271 14476
15053 14185 14469
14658 14176 14353
14110 15644 14812
14316 14884 16122
14495 14841 16052
14529 15831 14533
14887 15609 14485
15312 15031 15420
15052 15261 15528
14634 15477 14912
14931 15169 15755
14571 15501 15034
14437 15612 15210
14293 14980 16068
14131 15724 14603
14724 15754 14589
14358 15657 14763
15130 15265 15458
14742 15312 15683
14752 15669 14615
14838 15289 15729
15183 15197 15612
15158 15336 15447
14927 15224 15774
14202 14933 16103
14506 15548 15084
14446 15437 15341
14730 15050 15911
14684 15560 14697
14742 15410 15443
15288 15110 15523
14238 15021 16078
14480 15613 15119
14202 14933 16103
14627 15127 15951
14610 15139 15933
14724 15639 14671
14790 15009 16022
15179 15206 15557
15203 15209 15445
14887 15609 14485
14469 15512 15254
14729 15042 15991
14809 15191 15844
15286 15261 15393
15173 15247 15435
14475 14881 16097
14338 15421 15433
14258 14905 16092
14258 14905 16092
14665 15115 16015
14748 15087 15863
14589 15150 15870
14112 15724 14706
14789 15639 14628
14810 15216 15814
14442 15518 15367
15257 15208 15441
14805 15325 15462
14545 15520 14876
14480 15632 14784
14545 15520 14876
14839 15615 14596
14589 15150 15870
14745 15737 14598
14455 15616 14805
15154 15210 15469
14446 15582 15278
14322 15578 15295
14464 15655 14772
14336 15556 15284
14810 15216 15814
14541 15502 15088
14318 15577 15313
15154 15210 15469
14748 15087 15863
14730 15628 14630
15257 15208 15441
14545 15520 14876
14457 15581 15275
14665 15115 16015
14112 15724 14706
14318 15577 15313
14541 15502 15088
14730 15628 14630
14839 15615 14596
14202 14933 16103
14541 15502 15088
14545 15520 14876
14545 15520 14876
14206 14922 16067
14248 14862 16111
14470 15746 14417
14475 14776 16047
15280 15076 15375
14936 15099 15600
14739 15726 14557
15111 15296 15430
14524 15472 14856
14376 15625 14614
14457 15466 15131
14588 15399 15003
15168 15138 15421
14309 15602 14703
14836 15096 15694
15258 15087 15401
14369 15569 14805
14774 15240 15707
14521 15497 15044
14807 15219 15745
14571 15574 14661
14635 15391 15431
14279 14921 16024
14768 14971 15837
15133 15158 15445
14710 15588 14607
15135 15061 15574
14448 15564 15220
14608 15204 15812
15119 15203 15499
14352 14877 16050
14378 15439 15353
14650 15324 15375
14428 15567 14838
14733 15270 15666
14459 15475 15051
14703 15330 15362
14307 14986 16013
14700 15619 14655
15262 15043 15471
14405 15564 15228
14679 15031 15989
14392 15541 15241
15260 15135 15254
14745 15024 15757
15113 15063 15530
14629 15078 15939
14825 15213 15655
14705 15005 15823
14671 15049 15904
15269 15016 15390
14745 15258 15649
14352 15514 15300
14769 15261 15639
14330 15480 15338
14626 15089 15910
14693 15022 15966
14764 14982 15996
14398 15510 15331
14308 15528 15290
15118 15142 15511
14388 14872 16066
14248 14862 16111
14275 14977 16040
14396 15517 15262
14584 15092 15872
14399 15415 15278
14692 15284 15521
14330 15480 15338
14584 15092 15872
14400 15401 15234
14248 14862 16111
14399 15415 15278
14692 15284 15521
14275 14977 16040
15132 15203 15232
14671 15049 15904
14703 15330 15362
14671 15049 15904
14019 15590 14582
14208 14846 16078
14276 14626 16061
14431 15710 14467
15246 15007 15358
14799 15155 15521
15063 15139 15489
14141 15570 14607
15080 15256 15416
14403 14759 16016
14592 15183 15479
14553 15388 14839
14464 15399 15042
14785 15150 15644
14511 15452 14896
14684 15536 14646
14666 15329 15268
14278 15549 15159
14786 15125 15549
15194 15034 15365
14761 15087 15744
14638 14842 15960
14225 14647 16035
15143 15111 15212
15066 15282 15307
14486 15478 14760
14619 15003 15921
14768 15114 15697
14188 14875 16041
14510 15439 14964
14589 15380 15333
14651 15032 15841
15112 15138 15502
14378 14703 16019
14716 15108 15738
14310 15024 15879
14350 15359 15339
14250 15524 15168
14473 14701 16020
14463 15489 14784
14673 15677 14535
14297 14927 16001
15237 14961 15405
14423 15545 14630
15066 15057 15521
14479 15475 14861
14329 14984 15931
14449 15466 15011
14691 14883 15955
14239 14863 16031
15224 15086 15359
14675 15609 14556
14448 15506 14984
14640 15639 14552
15133 15145 15349
14466 14907 15955
14468 15435 15009
14739 15704 14492
14489 14847 15983
14703 15617 14549
14311 15491 15238
15246 14952 15390
14592 15076 15854
14497 15450 14982
14380 15413 15240
14270 14941 16028
14739 15704 14492
14715 15639 14529
14360 15694 14553
14292 14950 15946
14254 14980 15971
14254 15509 15298
14655 15616 14578
14431 15710 14467
14276 14626 16061
14345 15479 15257
14650 15030 15861
14382 15486 15161
14322 15481 15246
14705 15689 14519
14705 15689 14519
14252 15509 15301
14252 14944 16012
14169 14855 16024
14416 15707 14467
14430 15674 14250
14853 14708 15518
15197 14860 15359
14712 15528 14404
14661 15322 15112
14983 15149 15366
14372 15501 14798
14402 15179 15311
15103 14971 15428
15185 15057 15135
14571 15534 14623
15073 15078 15357
14438 15471 14933
14995 15163 15343
14608 14814 15894
14392 15412 14971
14369 15595 14501
14677 15636 14474
14660 15105 15556
14340 15429 15193
14441 14875 15943
14510 15375 15044
14505 14975 15808
14696 14930 15710
14652 15011 15607
14378 14773 15946
14621 15562 14557
14623 14787 15778
14193 14909 15992
14559 14950 15845
14290 15479 15241
14537 15357 15303
14245 15020 15837
14642 15439 14593
14284 14708 15963
14312 15365 15283
14354 15376 15274
14507 15019 15704
14547 14996 15784
14222 15493 15282
14272 14897 15976
14354 15677 14548
14590 15435 14605
14266 14861 15998
14231 14970 15963
14601 15007 15779
14278 14871 15951
14354 15677 14548
13946 15533 14561
14087 15651 14545
14152 14539 15993
14383 15640 14240
15033 14915 15409
14676 15624 14457
14534 14846 15779
14390 15400 14911
14616 15029 15483
14987 15128 15164
14851 14983 15200
14508 15267 14967
14824 14971 15261
14264 15452 15079
14527 15170 15270
14420 15375 14980
14396 15138 15364
14573 15085 15426
14221 14975 15628
14191 15487 15175
14302 15338 15219
14413 15314 15287
14585 15124 15297
14416 15040 15449
14830 15003 15249
14346 15649 14520
14462 14908 15774
14574 14893 15757
14188 14951 15913
14247 15451 15150
14112 15648 14528
14217 14944 15892
15017 15028 15186
14543 14917 15707
14594 14850 15640
14561 15530 14507
14493 14924 15683
14582 15440 14552
14301 14900 15826
14487 15348 15201
14489 15369 14954
14390 14856 15943
14224 14932 15844
14254 14920 15817
14390 15529 14545
14191 14935 15950
14227 14917 15935
14001 14902 15877
14096 15595 14502
14190 14478 15942
14660 15535 14348
14870 14680 15203
14517 15082 15212
14763 15111 15122
14503 14846 15709
14472 15354 14704
14406 15375 14912
14768 14958 15160
14569 15533 14447
14316 14732 15875
14672 15470 14415
14138 14927 15808
14644 15579 14385
14363 14844 15768
14455 15312 14868
14482 15250 15154
14235 15439 15139
14225 14871 15927
14421 15327 14878
14270 15302 15123
14459 15264 15193
14356 14715 15941
14484 14701 15758
14269 14857 15760
14081 14869 15899
14172 14674 15929
14348 14575 15905
14594 15555 14278
14753 14849 15026
14433 14778 15613
14099 15431 14709
14399 15172 15169
14720 14950 15045
14227 14701 15822
14740 15020 15041
14626 14865 15087
14414 15130 15137
14283 14657 15832
14331 15328 14909
14346 15344 14810
14176 15430 14860
14390 15303 14757
14193 14777 15900
14418 15242 15008
14266 14700 15888
14752 14872 15073
14363 15279 14901
14431 15227 15063
14217 14831 15839
14240 15284 15050
14379 15250 15076
14176 15252 15163
14084 14852 15908
14215 14869 15848
14206 14861 15899
14216 14681 15923
14055 14861 15874
14242 14558 15894
14278 14555 15831
14328 15555 14204
14746 14848 15020
14702 14943 15004
14120 15341 14427
14382 15201 14848
14327 15290 14777
14346 15160 14862
14248 14679 15871
14156 15221 14837
14124 14833 15871
14087 14828 15803
14169 14515 15881
14264 14523 15788
14180 14606 15840
14241 14551 15833
14104 14526 15870
13977 14814 15750
14024 14729 15607
14164 14465 15817
13799 14699 15142
13878 14664 15338
13750 14624 15254
13646 14612 15099
13690 14455 15241
13748 14538 15157
13720 14490 15213
13632 14372 15180
14518 15555 15874
14765 16222 15451
14800 15234 15982
15050 15172 15838
15166 15894 15325
15386 15555 15474
14996 15258 15732
14884 15401 15970
15172 15818 15407
14672 15801 15720
15082 16088 15357
14935 16111 15411
14621 15854 15700
14980 15373 15975
15309 15498 15489
15075 15975 15597
14919 16133 15498
15061 15206 15820
14883 16176 15518
14603 15526 15851
14695 15631 15801
14695 15631 15801
15015 15189 15862
15004 15718 15629
15163 16000 15534
15290 15492 15496
15144 16059 15462
14828 15742 15655
14969 15952 15613
14896 15509 15761
14902 16072 15519
14716 15584 15703
15032 15483 15686
15161 16043 15478
14872 16090 15645
14559 15907 15652
15083 16023 15509
14959 16030 15563
14877 16028 15581
15258 15624 15617
15202 15397 15664
14747 16095 15567
14896 15509 15761
15116 16060 15502
14701 15563 15833
15046 15432 15692
14988 15238 15808
15166 15894 15325
15131 15614 15661
15258 15624 15617
15222 15582 15642
15026 15498 15706
14527 15631 15808
14828 15742 15655
15046 15771 15610
15046 15771 15610
15222 15582 15642
14559 15907 15652
15004 15718 15629
14772 15573 15694
14610 15911 15648
14747 16095 15567
14972 15730 15614
14980 15373 15975
15127 15597 15666
15046 15432 15692
14984 15233 15836
14518 15555 15874
15309 15498 15489
15050 15172 15838
14612 15896 15659
15099 15807 15546
15202 15397 15664
15163 15549 15674
15095 15515 15683
14606 15567 15806
15099 15807 15546
15127 15597 15666
14772 15573 15694
14618 15533 15838
15032 15483 15686
15095 15515 15683
14959 16030 15563
15163 15549 15674
15004 15718 15629
15099 15807 15546
15099 15807 15546
14618 15533 15838
14984 15233 15836
14610 15911 15648
14610 15911 15648
15095 15515 15683
14610 15911 15648
14828 15742 15655
14984 15233 15836
15004 15718 15629
15046 15432 15692
15099 15807 15546
15099 15807 15546
14507 15485 15866
14750 16167 15322
14921 15287 15974
14975 15197 15896
15187 15616 15084
15283 15521 15461
15213 15544 15085
14637 15457 15809
14986 15813 15578
14851 16163 15399
14530 15502 15825
15030 15717 15559
14897 15370 15750
14972 15320 15897
14583 15626 15740
14869 15309 15970
14625 15678 15694
14570 15577 15780
15131 15936 15341
14732 16022 15634
14815 16109 15441
15089 15323 15651
15069 15981 15496
14934 15873 15601
14702 15610 15661
14730 15484 15707
14804 15980 15602
14871 16067 15438
15169 15566 15634
14773 16050 15573
14705 15418 15742
15211 15597 15587
14830 16088 15535
15138 15877 15365
15253 15505 15468
14914 15910 15583
15113 15855 15463
15280 15525 15453
15011 16047 15470
14744 15549 15690
15238 15536 15554
15049 15472 15677
15058 15978 15519
15065 15391 15636
14916 16094 15420
15108 15655 15527
15141 15618 15470
15106 16036 15490
15112 15880 15457
14910 16091 15423
15028 15964 15528
15031 15661 15542
14635 15613 15779
15017 16045 15490
15058 15409 15675
15116 16053 15324
15034 15485 15645
15241 15536 15442
15023 15951 15575
14634 15951 15639
15056 15417 15669
14985 16050 15444
15033 15473 15653
15116 16053 15324
14629 15660 15667
14631 16042 15574
14702 15610 15661
14702 15610 15661
14702 15610 15661
14464 15421 15837
14815 16109 15427
14852 15308 15950
14950 15104 15735
15107 15762 15274
15278 15453 15451
14938 15283 15864
14602 15639 15673
14534 15948 15539
14545 15434 15776
14905 15777 15583
14867 15343 15734
15176 15498 15349
15211 15495 15432
15053 15724 15519
15153 15561 15607
14992 15367 15668
14592 15561 15774
14645 15913 15627
15071 15839 15310
15103 15801 15386
14797 16063 15499
14975 15871 15571
15272 15483 15450
14694 16022 15531
15033 15991 15484
14744 15525 15638
15035 15887 15339
14763 16065 15487
14701 16084 15450
15060 15590 15462
15119 15407 15613
15068 15600 15411
15100 15835 15397
15085 15400 15628
15042 15469 15647
14829 16043 15516
14869 15929 15574
15020 15483 15627
14838 16013 15452
14957 16046 15407
14979 15759 15534
14743 15496 15645
14615 15930 15572
14607 15938 15618
15073 15571 15427
14598 15530 15668
14768 16103 15390
14781 15234 15947
14825 15082 15923
15125 15485 14827
15248 15424 15367
15031 15961 15355
15203 15373 15374
14699 15297 15817
15093 15832 15383
14936 15742 15565
14955 15627 15562
14661 15915 15521
15001 15465 15634
14929 15167 15750
15010 15699 15496
14893 15120 15770
14837 15215 15844
14893 15245 15684
14867 15190 15805
14634 15590 15604
15036 15558 15571
14825 15287 15911
15055 15529 15472
15234 15481 15356
15111 15518 15549
14786 16050 15366
14975 15987 15470
14805 15897 15484
14625 15970 15513
15016 15417 15617
14748 15935 15482
14910 15842 15516
14741 16064 15440
14771 16017 15449
15023 15505 15575
15121 15523 15434
14726 15486 15593
14845 15266 15780
14646 15990 15497
14719 16010 15481
14957 15864 15477
14923 15870 15500
14848 15184 15843
15123 15439 15378
14632 15891 15611
14858 15258 15779
14926 15228 15766
14827 16012 15466
14861 15170 15814
14737 15895 15496
14516 15464 15597
14720 15084 15896
14780 16025 15299
15055 15553 14983
15171 15423 15310
15095 15323 15369
15036 15521 15057
15014 15800 15146
14857 15660 15499
15014 15541 15221
14583 15769 15573
14782 15279 15646
14669 15214 15855
14798 15377 15621
14687 15967 15469
14827 15211 15720
14646 16018 15352
14990 15777 15278
14746 15180 15847
14724 15189 15819
14982 15620 15394
14775 15280 15750
14937 15445 15620
14555 15893 15489
14809 15926 15422
14787 15627 15517
14836 15157 15779
14814 15127 15785
14966 15476 15547
14600 15842 15539
14527 15823 15576
14854 15859 15443
14556 15810 15581
14762 16001 15443
14877 15987 15388
15088 15509 15299
14893 15782 15485
14630 15510 15548
14765 15116 15851
14617 15550 15560
14968 15806 15453
14907 15460 15592
14845 15987 15407
14922 15544 15534
14875 15845 15473
14931 15912 15412
15025 15474 15561
15094 15506 15537
14985 15914 15291
14815 15197 15780
14773 16011 15416
14909 15823 15478
14836 15469 15571
14911 15777 15484
14452 15764 15550
14698 15109 15831
14715 16001 15414
14814 15102 15671
15078 15420 14916
15146 15260 15272
14663 15954 15461
14464 15740 15557
15043 15490 14934
14879 15908 15136
14855 15654 15433
14961 15500 15434
15094 15338 15375
14983 15830 15252
14936 15833 15143
15005 15488 15503
14672 15178 15752
14761 15255 15642
14908 15871 15321
14775 15405 15563
14814 15693 15418
14896 15899 15374
15074 15430 15527
14746 15988 15331
14989 15461 15539
14774 15113 15759
14835 15146 15623
14940 15790 15377
14729 15157 15703
15088 15412 15301
14800 15153 15605
14819 15799 15404
14803 15106 15730
14794 15165 15664
14746 15970 15403
14925 15427 15543
14731 15139 15757
14756 15118 15668
14783 15969 15404
14535 15096 15749
14684 15087 15785
14722 15929 15375
14809 15071 15639
15030 15407 14922
15076 15268 15365
15072 15378 15198
14836 15756 15296
14629 15123 15691
14968 15778 15220
14782 15584 15400
14703 15161 15645
14771 15384 15508
14944 15377 15393
14709 15095 15636
14753 15458 15436
14867 15493 15301
14912 15561 15278
14793 15851 15357
14939 15761 15274
14885 15542 15282
15052 15397 15351
14887 15448 15494
14651 15892 15451
14791 15878 15330
14942 15441 15465
14963 15475 15305
14646 15111 15747
14798 15089 15726
14655 15092 15748
14778 15093 15697
14796 15769 15317
14464 15863 15435
14632 15890 15394
14681 15028 15774
15059 15316 15180
14711 15207 15497
14878 15440 15488
14813 15622 15228
14789 15065 15637
14593 15757 15447
14979 15272 15198
14932 15511 15262
14858 15685 15183
14715 15084 15671
14762 15493 15389
14606 15774 15441
14866 15543 15269
14967 15286 15296
14767 15735 15356
14690 15082 15709
14772 15543 15343
14766 15876 15298
14722 15048 15707
14781 15048 15669
14764 15081 15702
14427 15740 15419
14553 15878 15389
14744 15075 15700
14825 15670 15021
14923 15473 15056
14658 15484 15387
14846 15431 15461
14864 15268 15423
14863 15343 15239
14561 15684 15333
14824 15481 15242
14447 15714 15335
14631 15043 15657
14690 14983 15649
14816 15518 14918
14864 15244 15066
14741 15047 15584
14559 15471 15177
14832 15349 15310
14556 15503 15269
14705 15051 15628
14651 14987 15586
14139 15619 14643
14476 14952 16251
14500 14851 16133
15362 15038 15313
15196 15055 15339
14871 15211 15730
14439 15500 15555
14318 14958 16171
14278 15315 15768
14663 14901 15987
15226 15038 15321
14770 15120 15812
14824 15409 15394
14820 15173 15795
14546 15053 15933
14444 15016 16032
14361 15237 15763
14867 15123 15777
14581 15296 15525
14438 15376 15642
14443 15025 16086
14816 15262 15555
14680 15273 15545
14514 15334 15704
14651 15301 15495
14625 15288 15735
14518 15202 15788
14388 15397 15708
14853 15213 15749
14523 15360 15455
14647 15047 16007
14455 15089 15949
14743 15355 15396
14503 15390 15616
14455 15089 15949
14556 15350 15429
14401 15365 15756
14732 15269 15526
14329 14957 16118
14448 15113 15964
14665 15248 15747
14633 15263 15610
14671 15280 15591
14329 15356 15760
14856 15336 15428
14448 15113 15964
14671 15280 15591
14444 15016 16032
14533 15366 15396
14395 15370 15708
14444 15312 15742
14438 15376 15642
14824 15409 15394
14856 15336 15428
14824 15409 15394
14560 15335 15528
14732 15269 15526
14560 15335 15528
13776 15530 14549
13927 15614 14502
14280 14857 16243
14975 15046 14273
15346 14528 14546
15293 14596 15172
14491 14817 16030
13843 15452 14777
15234 14984 15272
13957 15449 14591
13850 15490 14757
13887 15411 14623
15346 14528 14546
15267 15017 15172
14520 14843 15935
14753 15255 15375
14672 15270 15427
14811 15121 15776
14711 15241 15496
14576 15044 15832
14816 15166 15661
14628 15278 15546
14861 15062 15762
14305 15347 15621
14742 15211 15734
14450 15378 15296
14355 14926 16105
13957 15449 14591
14830 15206 15647
14394 14902 16204
13852 15480 14509
14414 15323 15672
14293 15386 15595
13887 15411 14623
14844 15084 15766
14471 15282 15703
14590 15243 15562
14652 15260 15471
14399 14923 16077
14399 14880 16227
14747 14974 15788
14461 15002 15970
14456 14892 15978
14360 15076 15926
14506 15296 15476
14405 14899 16163
14854 15135 15631
14748 15257 15329
14360 14917 16109
14662 15310 15313
14315 14910 16154
14315 14910 16154
14508 14957 15885
14464 14960 15916
14753 15033 15786
14861 15062 15762
14576 15262 15587
14717 15261 15310
14498 14994 15877
14471 14991 15904
14457 15313 15569
14454 14863 16108
14457 15141 15765
14455 15052 15889
14753 15141 15673
14282 15077 15779
14455 15018 15978
14498 14994 15877
13852 15480 14509
14508 14957 15885
13852 15480 14509
13887 15411 14623
13651 15416 14738
13761 15610 14406
14358 14835 16184
14925 15040 14191
15296 14508 14511
15260 14695 15052
15032 14983 15241
15101 14566 15152
14007 15384 14375
15216 14600 15055
14220 15320 15654
14405 14821 16014
14376 14893 16143
14726 15199 15732
14572 15207 15657
14467 15289 15411
13741 15457 14584
13883 15363 14643
15239 14589 15127
14358 14835 16184
13858 15601 14357
14441 15274 15619
14262 14916 15966
14891 15029 14268
14447 14964 15872
14265 15307 15519
13835 15444 14712
14742 15143 15666
14407 14926 15928
14790 15189 15646
13832 15564 14403
14837 15110 15621
13915 15537 14498
13769 15403 14713
14319 15029 15885
13902 15545 14290
14358 14906 16043
14772 15127 15659
14475 15225 15491
14738 15084 15680
14514 15245 15444
13848 15556 14441
14272 15336 15437
14408 14992 15896
14542 15026 15770
13927 15459 14412
14732 15059 15759
13906 15340 14540
13885 15554 14486
14440 15007 15849
14800 15101 15673
14823 15073 15668
13926 15494 14413
13926 15494 14413
13854 15398 14561
14394 15305 15633
14476 15250 15434
14900 15001 14285
14527 14996 15832
14403 15032 15797
13927 15459 14412
13873 15410 14525
14484 15247 15473
14493 14906 15847
14361 15292 15652
14483 15044 15766
13875 15563 14397
14492 15020 15816
14492 15020 15816
14358 14906 16043
13875 15413 14504
13832 15564 14403
14492 15020 15816
13694 15428 14576
13733 15586 14394
14292 14875 16143
14891 15008 14096
15290 14424 14447
15175 14563 15127
15250 14658 15024
14200 14904 15987
13877 15302 14625
15021 14765 14198
13934 15352 14316
14611 15194 15396
14410 15249 15404
14467 15195 15533
15202 14534 15068
15239 14664 15037
14781 14986 14211
15010 14832 14108
14653 15032 15676
14287 14913 15882
14910 14883 14281
14562 15183 15560
14448 15051 15744
13897 15456 14377
14371 14878 16050
13796 15403 14540
14224 15299 15611
13806 15498 14489
14764 15096 15580
14701 15113 15673
14358 15146 15724
13828 15569 14326
13714 15367 14611
13865 15464 14477
14955 14978 14144
13836 15484 14447
13883 15535 14435
14524 14952 15793
14360 14782 16131
13824 15342 14568
15192 14535 15050
14312 14935 15858
14524 14952 15793
14715 15103 15670
14250 15300 15605
14997 14886 14150
13759 15393 14563
13813 15544 14406
14428 15007 15777
13771 15539 14412
14336 14937 15834
14342 15168 15597
14746 15008 15640
14753 15161 15622
14447 14981 15830
14370 14887 16096
14776 14998 15630
14426 14975 15833
14313 15191 15726
13759 15366 14574
14745 15105 15637
14979 14935 14148
14360 14782 16131
14370 14887 16096
13897 15397 14488
13726 15546 14356
13763 15563 14295
14199 14723 16095
14932 14942 14013
15239 14506 14678
15250 14553 14498
13861 15470 14339
15093 14591 14959
14759 14807 14201
14587 15189 15248
14236 14885 15978
15168 14562 15024
14873 14963 14144
14996 14655 14434
14380 14864 15790
13782 15354 14532
15119 14575 14553
14985 14631 15004
14878 14812 14152
14508 15087 15609
14210 15268 15580
13850 15433 14372
14427 14873 15736
14705 15051 15621
14396 15245 15365
14613 15114 15506
14385 15215 15394
13819 15502 14359
14357 14883 16089
14292 15235 15372
13760 15489 14456
13860 15379 14428
14723 14921 15574
14620 15142 15502
13788 15400 14488
14420 14990 15630
14318 15139 15583
14705 15145 15464
14367 15032 15676
14301 15155 15567
13829 15405 14431
14744 15075 15570
14222 15167 15639
14558 14986 15646
14536 15165 15487
14206 15157 15682
14579 14976 15664
14405 14935 15784
14336 14937 15769
14711 14977 15653
14748 15034 15570
14372 14939 15762
14524 15157 15495
13693 15289 14494
13768 15499 14330
14325 14853 16083
14783 14948 14068
15190 14404 14526
13829 15420 14247
15015 14539 14402
14349 14714 16013
14200 15242 15555
14378 14798 15771
15029 14440 14883
15091 14419 14949
14642 15142 15263
14329 15182 15228
14238 15184 15380
13753 15327 14355
14487 15160 15412
14525 14923 15660
14383 14917 15762
14275 14935 15738
14203 15127 15456
14733 15058 15460
13796 15487 14354
14341 14877 16042
14680 15059 15402
14689 14973 15621
14363 14989 15661
14738 15005 15570
15184 14414 14441
15017 14504 14494
13757 15269 14365
15154 14426 14308
15137 14469 14313
15058 14487 14324
14669 15022 15601
14657 15028 15621
15067 14458 14332
13815 15494 14336
15149 14440 14499
13540 15258 14446
13790 15455 14262
14234 14821 16083
14765 14785 13964
15155 14338 14329
13950 15237 14527
15090 14424 14333
14392 15117 15210
13765 15381 14320
14200 14870 15801
13797 15321 14294
14336 14840 15883
14269 15159 15384
15140 14422 14495
14581 14897 15569
14534 15018 15418
14233 14969 15624
14442 15058 15360
14261 14856 16009
14683 14975 15419
14370 15098 15292
14367 14912 15759
14306 14852 16053
14556 15004 15513
14724 14924 15545
14559 14991 15434
14434 14913 15615
14388 14939 15535
14368 15059 15334
14366 15104 15311
14574 14930 15524
14367 15103 15342
13594 15353 14318
13648 15225 14272
14172 14814 16044
15107 14402 14483
15123 14421 14335
14691 14841 14887
14286 15100 15300
13717 15188 14304
14142 14911 15550
14192 14700 16029
14416 14960 15513
14495 14892 15401
14502 14844 15504
14261 14853 15675
14312 14839 15792
14344 14803 15575
14274 14704 15874
14211 14821 15996
14284 14770 15872
14233 14897 15527
14273 14790 16020
14224 14772 16028
14260 14772 16025
14110 14779 16003
14259 14844 15559
15045 14233 14379
15100 14342 14341
14903 14352 14420
14400 14744 15264
14444 14703 15459
14926 14377 14355
14219 14584 15605
14218 14618 15812
14174 14805 15888
14208 14800 15674
15031 14345 14362
14145 14779 15620
14173 14693 15866
14202 14804 15511
14703 14366 14280
14977 14195 14332
14849 14365 14292
14172 14707 15596
14138 14653 15745
13939 15392 16090
14445 14615 16581
15053 16172 14977
15404 15973 14835
15469 15627 15423
15086 15139 16393
13974 14710 16423
14235 15522 15695
14601 15290 15885
14826 15619 15567
15175 16129 15102
15389 16063 15041
14106 15432 15962
14425 14681 16454
15443 15940 15337
14334 15828 15518
15260 16169 14935
13944 15468 15779
15148 15169 16330
14022 15226 16219
14400 15777 15615
15187 15993 15060
14028 15304 16128
14356 15482 15744
14445 15932 15410
14438 15841 15449
14517 15322 16041
14458 15435 15711
14038 15296 16078
14855 15697 15477
15178 16084 14991
15260 16169 14935
15047 15202 16284
14573 15284 15999
15122 15193 16296
15101 15503 15614
14875 15627 15492
14005 15363 15987
15443 15940 15337
14915 15571 15561
14600 15430 15963
15173 16130 14959
14547 15758 15560
15048 15212 16234
13974 14710 16423
13978 15351 15994
14601 15290 15885
14513 15596 15614
14974 15606 15558
14992 15563 15457
14900 15588 15643
14974 15606 15558
15047 15556 15516
14889 15674 15421
14900 15588 15643
15392 15992 14961
14547 15758 15560
15187 15993 15060
14889 15674 15421
14992 15563 15457
14855 15594 15565
15075 15474 15701
14573 15284 15999
14445 15932 15410
15075 15474 15701
13972 15294 16103
14288 14574 16536
15360 16058 14927
15445 15482 15278
14196 14802 16326
14960 15053 16323
15100 15889 15101
14189 14770 16335
14368 14653 16410
15258 15732 15083
15426 15519 15269
14244 14593 16467
14396 15783 15414
14448 15469 15697
14439 15420 15758
15128 15523 15292
14748 15665 15395
15360 16058 14927
14024 15198 16039
14741 15593 15516
14016 15192 16191
14826 15625 15472
15166 15920 15061
15217 15976 14962
14293 14623 16452
14600 15361 15912
14870 15580 15505
14566 15470 15613
15191 15965 14999
14632 15619 15492
15155 16030 15098
15061 15066 16262
14760 15553 15610
15028 15456 15587
15389 15670 15273
15012 15149 16194
15099 15114 16233
14537 15243 15943
15440 15696 15000
14462 15755 15411
14630 15212 15926
14923 15551 15491
14046 15199 15990
14052 15320 15974
15023 15110 16234
15189 16049 15022
14279 15904 15286
14494 15287 15961
14935 15594 15454
14136 15407 15841
15072 15560 15414
13995 15319 15990
14092 15398 15894
14455 15391 15849
14333 14642 16435
14518 15267 15956
15051 15497 15519
15217 15976 14962
14333 14642 16435
14391 15423 15800
15109 15056 16285
14139 15397 15920
14962 15532 15429
14744 15638 15460
14092 15398 15894
14849 15615 15435
14983 15482 15562
15004 15161 16293
15190 16035 15041
14064 15430 15848
14535 15377 15846
15025 15474 15535
14575 15264 15935
14586 15281 15916
14983 15482 15562
14572 15772 15283
15004 15161 16293
14010 15410 15959
14386 15429 15821
15023 15507 15488
14849 15615 15435
14570 15408 15813
14962 15505 15504
15060 15480 15489
14632 15619 15492
14386 15429 15821
14064 15430 15848
15004 15161 16293
14333 14642 16435
14333 14642 16435
14632 15619 15492
13861 15267 15970
14342 14532 16388
15065 16026 14950
15355 15928 14712
14167 14819 16312
15304 15921 14924
14295 15764 15167
15154 15973 15075
14939 15012 16294
13885 14721 16326
14888 15426 15572
13967 15239 16069
15335 16015 14849
14697 15619 15405
14733 15551 15593
14597 15219 15905
14919 15147 16236
14801 15530 15443
14123 14645 16354
13989 15180 16128
14527 15403 15724
14761 15559 15501
15074 15668 15082
15014 15487 15349
14226 15714 15232
15260 16010 14889
14986 15101 16170
15237 15543 15142
14968 15106 16265
14322 14588 16385
15176 15598 15161
14066 15268 15959
15170 16007 14998
14434 15316 15882
14785 15573 15335
14953 15438 15466
14388 15402 15775
14530 15665 15209
15003 15033 16132
14554 15350 15872
13934 15364 15931
13886 14617 16367
14025 15430 15824
14984 15083 16285
13953 15276 15921
14414 15406 15747
15214 15705 14928
14308 15671 15284
15348 16000 14912
14246 15714 15221
15227 15450 15213
14130 14625 16347
14057 15333 15912
14456 15683 15225
14934 15552 15293
14579 15266 15910
14983 15503 15421
14306 15690 15177
14498 15365 15828
14437 15372 15828
14545 15380 15771
14268 15700 15404
14279 14592 16345
15170 16022 14986
14249 14603 16355
14389 15392 15748
14998 15020 16242
14996 15548 15378
14782 15032 16309
14509 15566 15415
15008 15515 15414
13936 15351 15913
14004 15397 15881
14015 15372 15880
14450 15387 15824
14782 15550 15385
14591 15267 15906
13708 15418 15744
13883 14598 16367
14275 14445 16299
15344 15985 14861
15346 15900 14803
14988 14948 16134
15164 15885 14907
15144 15809 15029
13950 14628 16326
14244 14503 16343
14779 15072 16137
14035 15323 15896
14976 15071 16283
15070 15374 15164
14354 15517 15592
14679 15550 15421
14560 15587 15337
13978 15246 15938
14401 15197 15910
13851 14625 16341
14267 15678 15251
14763 14973 16292
14302 15609 15295
14514 15973 14986
14278 15633 15170
14720 15544 15242
13916 15215 16061
13961 15200 16041
14560 15251 15691
14885 15445 15387
15151 15938 15006
14731 15480 15526
14803 15415 15564
14455 15313 15870
13940 15406 15816
14451 15338 15764
14253 15671 15284
14815 15405 15472
14485 15266 15859
14828 15374 15432
14972 15475 15350
15120 15957 14989
14381 15393 15770
15081 15957 14996
14925 15460 15385
14725 15509 15502
14852 15502 15381
14848 15281 15396
14938 15501 15284
14552 15260 15902
14492 15394 15707
13967 15346 15793
14810 15486 15396
13905 15270 15908
13972 15359 15783
13924 15365 15869
14986 15452 15350
14492 15394 15707
13787 15151 15870
14206 14593 16281
15288 15976 14833
15344 15893 14814
15064 15546 15021
14948 14986 16276
15148 15934 14964
14864 15057 16235
14687 15514 15216
13878 15092 16038
14796 15410 15553
14134 15260 15839
14723 15471 15455
13920 15089 16034
14600 15531 15328
14281 15321 15707
13976 15281 15842
14718 15493 15400
14854 15455 15316
14503 15545 15219
14533 15107 15783
14415 15307 15658
14975 15047 16271
14977 15439 15316
14419 15240 15840
15311 15918 14827
13919 15365 15791
14368 15387 15659
14853 15363 15384
14387 15305 15752
14516 15143 15862
14324 15259 15839
14949 15414 15335
14406 15313 15664
14438 15284 15700
13963 15327 15791
13951 15290 15844
14839 15422 15321
14824 15279 15385
14466 15274 15703
14474 15263 15775
14968 15403 15331
14432 15294 15765
14491 15249 15784
14531 15253 15757
13755 15309 15651
14395 14629 16269
15156 15972 14665
15253 15873 14817
14188 15545 15150
15145 15762 14919
13969 14670 16267
13997 15257 15839
14955 15029 16181
14947 15028 16254
15064 15919 14899
14391 15139 15825
14795 15399 15393
13860 15303 15663
14925 15370 15242
14734 15445 15181
14570 15347 15415
14528 15050 15694
14486 15464 15249
14471 15240 15737
15148 15870 14890
14702 15462 15347
14291 15305 15562
14498 15217 15701
14672 15387 15404
14298 15291 15632
14567 15384 15493
14322 15322 15555
14349 15277 15721
14400 15330 15502
14415 15264 15721
14391 15449 15379
13974 15271 15832
13796 15230 15836
14246 14602 16264
14333 14466 16246
14983 15883 14874
15044 15871 14626
15177 15864 14643
14907 14992 16058
15026 15828 14891
15056 15530 14850
14782 15376 15281
14649 15321 15379
14806 14689 16245
14429 15096 15602
14696 15396 15311
14882 15019 16224
14016 14666 16249
15130 15855 14728
14408 15156 15501
14264 14584 16254
14319 15248 15660
13847 15280 15628
13933 15207 15764
14387 15113 15803
13952 15169 15789
13848 14618 16261
13885 14670 16251
13831 15240 15808
14403 15201 15708
13868 15149 15829
13947 15267 15738
13966 15233 15720
14416 15132 15725
14398 15229 15670
14396 15213 15716
13828 15119 15822
13875 14603 16227
14197 14376 16194
14761 15656 14647
14684 15395 15296
14687 14943 16038
14640 15260 15313
14396 15136 15468
14180 14464 16163
13941 15212 15664
13849 14630 16213
14221 15038 15726
14206 14565 16162
14304 14431 16175
13918 15100 15757
14375 15201 15565
14358 15152 15618
14332 15108 15652
13619 15140 15648
14169 14520 16115
14626 15392 15125
14647 15277 15249
13814 14941 15654
14372 15189 15559
13714 14998 15777
13731 15062 15560
13777 15023 15665
13631 15168 15613
13672 15027 15638
13625 15058 15598
13708 14999 15643
13772 14943 15643
14634 15230 15233
