18 0.0161919
7006 7286 7294
7150 7041 7261
7354 7615 6852
7354 7615 6852
6962 7506 7063
7354 7615 6852
7239 7120 7120
7354 7615 6852
7205 7544 6913
6962 7506 7063
7150 7041 7261
7239 7120 7120
7235 7257 7001
7239 7120 7120
6962 7506 7063
7150 7041 7261
7150 7041 7261
6962 7506 7063
6962 7506 7063
7239 7120 7120
6962 7506 7063
6962 7506 7063
7354 7615 6852
6962 7506 7063
6962 7506 7063
7006 7286 7294
7150 7041 7261
6962 7506 7063
6962 7506 7063
7354 7615 6852
6962 7506 7063
7150 7041 7261
6962 7506 7063
6962 7506 7063
6962 7506 7063
6962 7506 7063
6962 7506 7063
6962 7506 7063
6962 7506 7063
6962 7506 7063
6962 7506 7063
6962 7506 7063
7150 7041 7261
7239 7120 7120
6962 7506 7063
7239 7120 7120
7150 7041 7261
6962 7506 7063
6962 7506 7063
7354 7615 6852
7205 7544 6913
7150 7041 7261
6962 7506 7063
7150 7041 7261
6962 7506 7063
6962 7506 7063
6962 7506 7063
6962 7506 7063
7205 7544 6913
7150 7041 7261
7150 7041 7261
6962 7506 7063
6962 7506 7063
6962 7506 7063
6962 7506 7063
6962 7506 7063
6962 7506 7063
6962 7506 7063
6962 7506 7063
7150 7041 7261
6962 7506 7063
6962 7506 7063
6962 7506 7063
6962 7506 7063
6962 7506 7063
6962 7506 7063
6962 7506 7063
6962 7506 7063
6962 7506 7063
7150 7041 7261
6962 7506 7063
7354 7615 6852
6962 7506 7063
7150 7041 7261
6962 7506 7063
6962 7506 7063
6962 7506 7063
6962 7506 7063
6962 7506 7063
6962 7506 7063
7150 7041 7261
7150 7041 7261
6962 7506 7063
7239 7120 7120
7235 7257 7001
7239 7120 7120
7150 7041 7261
7205 7544 6913
6962 7506 7063
6962 7506 7063
6962 7506 7063
6962 7506 7063
6962 7506 7063
6962 7506 7063
6962 7506 7063
6962 7506 7063
6962 7506 7063
6962 7506 7063
6962 7506 7063
7150 7041 7261
7150 7041 7261
7205 7544 6913
6962 7506 7063
6962 7506 7063
6962 7506 7063
6962 7506 7063
7150 7041 7261
7150 7041 7261
7205 7544 6913
6962 7506 7063
6962 7506 7063
7239 7120 7120
7150 7041 7261
6962 7506 7063
6962 7506 7063
7183 7497 7144
7239 7120 7120
6962 7506 7063
6962 7506 7063
7205 7544 6913
7150 7041 7261
6962 7506 7063
6962 7506 7063
6962 7506 7063
7150 7041 7261
7239 7120 7120
