887 275.924
14396 16511 16552 16882
14837 15971 16341 17720
15524 15857 17919 15837
15823 17525 16824 15433
16914 16876 14856 16526
17170 14635 15703 16695
17211 16500 16522 14923
17948 15699 15474 15672
17128 14823 16293 16693
17327 16680 16110 15509
14962 15981 16693 17517
16148 17168 17001 15336
14697 16078 16304 17632
15210 15684 17799 16587
14548 16215 16234 17461
14590 16419 16452 17117
16321 17029 17348 15652
17079 16277 15010 16732
16977 16060 15090 16961
16469 16765 17407 15924
17230 16546 16474 14962
15648 16232 17096 16414
16619 17062 16968 15252
14780 16129 16644 17357
15738 16026 17482 16754
17057 14952 16182 16619
15549 15971 17562 16555
15584 14870 17202 17044
15725 16270 17036 16510
17034 14899 16202 16721
15140 16018 16684 17161
14855 15917 16544 17649
16518 16983 17248 15382
17479 15065 15663 16419
14438 16486 16363 16946
17465 16627 16263 15212
16387 17251 16513 15712
17687 15144 15505 16345
15471 15826 17851 15855
16366 16832 17431 15776
16846 16558 16627 15114
17423 15622 16234 15727
14975 16102 16577 17567
16790 16845 16777 15587
17106 16052 14870 16839
16836 16020 15217 17079
16168 17484 16288 15950
17517 15112 15722 16104
17377 15041 16137 16112
16524 15293 15857 17286
15050 15769 17636 16806
15852 17389 16588 16024
15932 15891 17672 16452
16767 16301 15178 16858
17621 15833 16044 15308
15601 15956 17724 16195
16422 15415 15753 17209
17153 15003 15317 16689
17644 15599 15966 16057
16944 16860 14921 16596
17868 15524 15453 15892
15415 16902 16861 16258
16476 15168 15773 17321
16734 15999 16907 15149
16048 17356 16674 15471
16291 17326 16805 15438
15284 16177 16853 16778
16567 16834 14966 16889
15313 15765 17316 16876
16229 17148 16935 15474
17554 15884 15393 16084
16574 15326 15765 17256
16244 15688 17611 16018
16281 17437 16559 16002
16967 16609 16470 15194
16092 15826 16765 17466
15701 16061 16017 17355
15995 15921 16632 17617
15682 15126 17274 16949
17276 16532 16499 15045
16698 16971 16746 15657
15961 17261 16615 16235
15625 16475 16710 16435
16760 15899 15334 16563
15329 15916 17891 15852
17891 15849 15612 15875
16716 16055 15277 16637
17276 16532 16499 15045
14811 16008 16569 17583
17803 15714 15460 15978
17350 16410 16542 15285
15757 15726 17142 16877
15843 15870 17753 16647
15790 17305 16578 16067
14797 15917 16357 17695
15661 14992 17265 16974
17775 15865 15724 15797
16464 16080 15526 16808
15038 16088 17219 16937
17751 16118 15930 15371
15377 16017 16178 17401
17846 15872 15624 15879
15291 17081 16812 15940
17250 16290 15161 16394
16640 17101 16950 15329
16605 16621 17225 15629
17307 15657 16383 15834
16218 15636 16900 17423
16874 15881 15141 16589
15385 16334 16819 16468
15350 15909 17126 16957
16409 17310 16910 15497
16491 15247 16523 16282
16626 15434 15556 16973
16222 16379 15831 16552
16538 16816 16316 16211
15794 17115 16747 16377
16541 15504 15640 17139
16596 16016 15429 16651
17740 15230 15805 15951
15660 16357 17178 16280
15502 16467 16875 16196
16959 15824 16264 15833
16582 15463 15597 17131
16205 16154 16166 16361
16144 16351 15557 16801
15901 16185 15980 16936
15362 16371 16899 16357
16597 16925 16218 16324
16868 15495 16319 16248
16397 16515 16429 16027
16365 16773 16517 15860
16815 15878 16127 16296
16891 15354 16203 16274
16658 16081 15377 16639
16858 15393 15814 16678
15504 16459 16866 16371
16036 16117 16060 16579
16966 15384 15805 16669
16482 15596 15488 17001
15959 16045 16215 16905
16601 16437 16162 15992
17629 16273 15984 15613
16503 15674 16751 16176
16704 15690 16539 15799
16112 15781 16505 16277
16391 15781 15694 16719
16888 15290 15701 17203
16800 15168 15886 16926
16943 15624 16138 16303
16649 15567 16479 16447
16600 16389 16256 16140
16657 15800 16145 16396
16661 15553 16778 16125
16057 16001 16048 16671
16421 15709 15942 17048
16623 16407 16222 15953
16278 16048 15984 16784
16378 16486 15605 16604
16764 15716 15870 16322
16327 15826 16461 16500
16398 15743 15915 16795
16355 16110 15932 16581
15991 15945 16349 16270
16764 15553 16324 16183
16809 15210 15806 17166
16670 15516 16599 16020
16306 15946 15881 16684
16371 15753 16006 17177
16208 15683 16662 16429
16398 15750 15789 16749
16692 15579 16086 16796
16404 16150 16290 16461
16692 15340 15718 16959
15912 16153 16063 16938
16860 15788 16415 15994
16359 15733 16109 17023
16442 16569 15947 16326
16907 15387 16056 16789
16859 15551 16458 16487
16359 15945 16103 17180
16442 16569 15947 16326
16580 15585 16578 15923
16601 15587 16456 16163
16554 15871 15240 16720
16657 16022 15395 16173
16582 15463 15597 17131
16676 15691 15763 16765
16724 15839 16062 16468
16640 16425 16140 16080
16538 15712 16390 16987
16486 16393 15457 16486
16782 15918 15938 16259
15540 16521 16837 16338
16809 15210 15806 17166
16470 15327 16096 17019
16952 15502 16278 16232
16649 15940 15457 16330
16313 15709 16597 16215
16890 15940 16078 16170
16439 15788 16233 16432
16629 16350 16354 16003
16494 15792 16298 16343
16554 15871 15240 16720
16586 15693 16469 16391
16391 15858 16399 16375
15540 16521 16837 16338
16800 15168 15886 16926
16486 15858 16239 16425
16490 15714 16596 16520
15901 16185 15980 16936
16395 15791 16492 16553
16585 15642 15787 16767
16473 15770 16465 15834
16888 15290 15701 17203
16534 15742 16141 16995
16762 16016 16251 16082
16952 15502 16278 16232
15959 16045 16215 16905
16656 15694 16518 15857
16585 15642 15787 16767
16726 15798 16000 16426
16726 15798 16000 16426
16629 16350 16354 16003
16534 15742 16141 16995
16470 15327 16096 17019
15270 16551 16663 16150
15487 15526 17181 16393
16275 16767 15849 16118
16599 15971 15216 16494
16620 15107 15609 17062
16663 15510 16354 15561
16682 14912 15744 17022
16813 15459 16190 16111
15545 15619 17130 16506
16473 15553 16718 16104
16696 15348 16351 15843
16660 15929 16251 15570
15378 16218 16612 16491
15792 16108 16043 16890
16049 16229 15437 16516
15627 16496 16589 16211
16651 15372 16315 15900
16483 16515 16224 15956
16442 16348 15313 16453
16508 15650 15506 16876
16685 15272 15766 16493
16443 16701 16242 16155
16104 16413 15458 16378
16293 15909 15658 16632
16255 15796 15701 16579
15874 16154 15798 16743
16509 15739 15841 16839
15962 15896 15925 16662
16334 15746 15391 16553
16311 16573 15908 16181
16175 16505 15768 16215
16084 15496 16476 16166
16455 15404 15604 16947
16401 15299 16529 16181
16582 15772 15312 16614
15973 15714 16420 16337
16313 15517 16450 16290
16471 16549 16239 16024
16450 15692 15849 16965
15613 16463 16634 16195
15998 16034 15929 16357
16496 15676 16381 15866
16552 15549 16075 16604
16185 16102 15857 16393
16225 15719 16046 16560
16493 15825 15338 16520
16458 15654 15906 16768
16753 15749 16124 16251
16181 16037 15874 16733
16517 16395 15923 16260
16796 15414 16208 16043
16378 15893 15332 16506
15590 15811 16059 16615
16327 16157 15727 16324
16563 15951 15893 16245
15892 16011 16035 16485
16458 16495 16153 16062
15800 16021 15890 16936
16302 16029 16236 16436
16703 15765 15998 16101
15940 15820 16298 16465
16418 15716 16044 16923
15843 16025 15874 16931
16197 16417 15425 16463
16469 15851 16000 16370
16551 16444 15972 16136
16632 15863 15824 16155
16754 15325 16291 16100
16575 16420 15960 16126
16568 16395 16178 16079
16599 15486 16196 15845
15897 15715 16303 16207
16633 15342 16382 16454
16461 15407 16550 16115
16275 15620 16588 16073
16537 15752 15912 16440
16095 15661 16268 16130
16771 15462 16059 16316
16793 15481 16272 16112
16387 15817 15751 16467
15894 16064 16030 16884
16639 15634 15930 16464
16658 15440 16182 16210
16311 16468 15987 16321
16492 15814 16026 16092
15852 16055 15922 16926
16454 16054 15405 16489
16445 15927 16134 16251
16774 15751 15881 16174
16762 15805 15904 16204
16477 15756 15826 16331
16466 16226 16062 16119
16460 16436 16029 16071
16486 15752 15719 16467
16180 15628 16180 16511
15309 15524 16870 16220
15329 15451 17021 16383
16077 16741 15722 15782
16323 15415 15502 16896
16489 15813 15157 16449
16783 15030 15795 15779
16788 15123 15987 15648
15468 15385 16812 16290
15894 16360 15292 16323
16446 15376 16492 15978
16748 15198 15977 15708
15742 15877 15990 16764
15702 15808 16000 16428
16219 16221 15459 16246
16112 15960 15786 16568
16245 16603 15875 15973
16204 15453 16322 16177
16705 15473 16154 15867
16363 16450 15950 16070
16259 16113 16216 16065
15981 16439 15376 16287
16178 16691 15932 15742
16454 15337 15602 16843
16017 15853 15860 16680
16553 15329 16083 16010
16613 15714 15835 16149
16467 15642 15829 16455
16172 16393 15401 16314
16336 15311 15780 16893
15905 16049 15962 16179
16586 15338 16293 15962
16274 16163 15479 16177
16446 15441 15684 16735
16757 15678 15729 16096
16577 15347 16026 15898
16452 15977 15160 16428
16495 15989 15771 16164
16051 15856 16212 16296
16506 15586 15708 16734
16395 16680 15918 15822
16421 15752 16099 15909
16361 15776 16127 16246
16469 15090 15597 16854
16068 15629 16155 16236
16572 15606 15550 16186
16402 15758 15772 16365
16142 15493 16286 16161
16300 15572 15846 16637
15713 15946 15857 16631
16171 16121 15570 16308
15906 15635 15893 16603
15946 15654 15986 16438
15971 15713 16268 16323
16438 16647 15944 15779
16341 16630 15850 15848
16167 15744 16126 16278
16280 15682 15866 16861
16119 15721 16061 16416
16208 15554 15948 16624
16029 15731 16115 16424
16540 15511 15716 16432
16387 15416 15924 16754
16711 15755 15901 16139
16379 15977 16062 16106
16260 16671 15707 16128
16448 15907 15545 16238
16431 15878 15774 16209
16416 15513 15543 16885
16458 15840 15886 16282
16736 15589 15829 16162
16473 15712 15817 16282
16366 15660 15808 16764
16270 16664 15851 15854
16123 15887 15862 16450
16302 16672 16012 15850
16454 15378 15542 16853
16471 15646 15811 16604
16279 15575 16074 16417
15254 15429 16992 16383
15965 16305 15306 16286
16017 16043 15948 15607
16200 16557 15732 15680
16408 14996 15629 16681
16410 15362 15534 16870
16745 15112 15926 15650
16258 15355 16261 15858
15645 15742 15885 16647
16537 15106 15836 15755
16335 15825 15830 16246
16158 16372 15779 15932
16436 15272 15810 16481
15837 15690 16216 16179
16661 15504 15744 16083
16080 16194 15758 16027
16464 15009 15583 16821
15678 15724 15870 16550
16310 15618 15402 16394
16221 16167 15873 16049
16162 15747 16063 16191
16273 15636 15786 16790
16485 15732 15721 15851
16130 15420 15873 16540
15854 15420 16135 16290
16167 16235 15559 16118
16247 15488 15964 16147
16481 15565 15884 15928
16492 15372 15662 16600
16172 15677 15508 16388
16019 15615 16106 16386
16445 15640 15746 16319
16510 15437 15538 16358
15882 15713 16088 16268
16399 15469 15654 16469
16191 16291 15567 16048
16359 15716 15794 16095
16180 15490 16019 16411
16427 15524 15575 16585
16087 15679 16009 16387
16391 15451 15518 16609
15908 15692 15524 16417
16428 15433 15545 16419
15931 15680 16253 16277
16376 15621 15847 16280
16295 15634 15650 16606
15950 15685 16084 16275
16196 15515 15833 16567
16389 15432 15608 16478
16394 15549 15753 16387
15363 15702 15720 16614
15815 15671 16241 16154
16402 15351 15347 16791
16654 15029 15899 15565
16722 15039 15837 15474
16377 15541 15415 16068
16431 15231 15588 16466
15532 15554 15787 16311
15921 15579 16105 16309
16276 15302 15501 16755
16158 15490 15648 16552
16002 15471 16055 16358
16200 15632 15714 16353
16018 15592 15759 16438
16308 15526 15607 16253
16314 15312 15364 16438
16274 15440 15740 16336
16003 15376 15880 16166
16354 15421 15533 16365
16393 15468 15551 16183
16399 15407 15613 16173
16335 15431 15572 16407
16289 15549 15641 16482
16294 15473 15564 16519
16182 15546 15753 16540
16200 15431 15583 16531
15729 15381 16216 16079
15771 15568 15612 16379
15898 14903 15160 16526
16670 15035 15824 15424
16391 15300 15472 16076
16600 14940 15807 15483
15985 15024 15733 16452
16233 15520 15559 16118
16089 15386 15697 16253
16132 15372 15753 16193
16281 15542 15548 16325
16236 15306 15680 16261
16117 15527 15434 16070
14652 16086 16338 17587
14837 15971 16341 17720
15524 15857 17919 15837
15823 17525 16824 15433
16914 16876 14856 16526
17170 14635 15703 16695
17211 16500 16522 14923
17948 15699 15474 15672
17153 15003 15317 16689
17079 16277 15010 16732
17128 14823 16293 16693
17554 15884 15393 16084
15875 17489 16792 15540
17276 16532 16499 15045
17230 16546 16474 14962
14778 16083 16596 17358
14697 16078 16304 17632
17740 15230 15805 15951
15471 15826 17851 15855
16048 17356 16674 15471
17803 16234 15852 15378
17687 15144 15505 16345
14962 15981 16693 17517
14976 16032 16469 17655
17172 14885 15570 16632
15624 16263 17495 16201
15131 16304 17255 17024
17516 15749 15963 15610
16218 15636 16900 17423
15661 14992 17265 16974
15072 16269 17360 17031
15463 16099 16175 17497
16281 17437 16559 16002
16734 15999 16907 15149
17479 15065 15663 16419
16366 16832 17431 15776
16619 17062 16968 15252
17868 15524 15453 15892
15961 17261 16615 16235
17377 15041 16137 16112
16148 17168 17001 15336
15843 15870 17753 16647
17891 15849 15612 15875
16261 15790 16195 17248
16944 16860 14921 16596
15881 16678 17149 15973
16306 17011 16641 16261
15291 17081 16812 15940
15566 16371 17562 16408
15932 15891 17672 16452
15740 17207 16810 16311
17621 15833 16044 15308
15584 14870 17202 17044
16609 16942 17074 15366
16321 17029 17348 15652
17106 16052 14870 16839
16567 16834 14966 16889
15210 15684 17799 16587
15852 17389 16588 16024
15050 15769 17636 16806
16139 16646 15926 17206
15869 15926 16235 17386
15237 16320 17325 16904
15383 15893 17444 16743
17033 16134 16199 15421
16421 15953 15899 17305
16353 17142 16980 15196
15683 16431 16205 17409
17350 16410 16542 15285
15329 15916 17891 15852
16291 17326 16805 15438
16640 17101 16950 15329
15313 15765 17316 16876
17438 15844 16150 15743
15979 15722 15614 17579
16244 15688 17611 16018
16477 16732 17192 15801
15762 16347 16581 17188
15031 16433 16909 17042
16317 16708 17031 16038
15444 15871 17048 17087
17312 15593 16437 15807
15790 17305 16578 16067
15169 16382 17334 16968
17644 15599 15966 16057
15202 16194 17120 16955
16274 15655 15886 17538
17046 16419 15828 16303
15811 16211 16401 17147
17517 15112 15722 16104
17465 16627 16263 15212
15354 16787 16864 16650
15415 16902 16861 16258
15434 16005 17222 16917
16725 16363 15920 16287
15904 16539 16123 17106
16087 17226 16378 16071
16698 16971 16746 15657
14811 16008 16569 17583
16646 16615 17057 15716
15797 16143 17535 16449
16229 16904 16934 15765
16392 16893 15638 16984
16225 15402 16744 16353
17431 15951 16334 15914
16550 15149 16198 16714
16644 15337 16110 16835
16592 16450 15572 16953
16763 15996 15446 16500
16967 16609 16470 15194
16661 15422 16487 16546
16637 15731 16785 16222
16418 15427 16837 16194
15884 16523 16530 17052
16790 15970 15749 16588
16429 16250 16395 16383
16489 16186 16073 17282
16736 16042 15743 16994
16714 15658 16369 16513
16532 16871 15548 16942
15938 15945 17100 16354
16863 16150 16010 16450
16143 16704 16027 16751
16905 15365 16145 16608
16538 16636 17080 15692
16188 16571 15975 17196
16789 15985 16431 16139
15921 15907 17267 16409
16533 16663 15733 16759
16379 16746 15887 16932
16462 16156 16447 16468
16939 15985 15666 16371
16557 16475 15889 16616
16019 16127 16536 16643
16388 16789 15694 16689
16494 16601 16070 16394
15942 16496 16680 16793
16465 15479 16542 16360
16486 15109 16528 16591
16424 16333 16662 16642
16481 16674 15996 16487
16732 15612 16063 16853
16490 16628 15771 16825
16598 15494 16210 16572
16432 16758 15725 16988
16390 15449 16932 16170
16918 16125 16442 15818
17138 16291 16090 15831
16175 16387 16332 16955
16830 16232 15850 16441
16161 16600 16011 16563
16540 15286 16349 16773
16697 16115 15691 16564
16060 16461 16444 17127
16675 16276 15625 16586
16549 15194 16354 16577
16232 16405 15957 16828
16910 15372 15874 16671
16078 16590 16084 16617
16830 16232 15850 16441
16778 15628 16114 16398
16744 15703 16753 16339
16976 15434 16182 15916
15952 16586 16573 16864
16697 15994 16047 16307
16646 15538 15957 16865
16037 16510 16181 16978
15970 16460 16318 17143
16339 16191 15987 16872
16114 16519 16269 16617
16549 15194 16354 16577
17278 15979 16275 15788
16088 16504 16429 16841
16885 15919 16502 16124
16897 15425 15811 16579
16455 16563 15886 16661
16730 15861 16710 16340
17078 16075 16178 15698
16779 15572 16791 16325
16571 15145 16276 16598
16658 15236 16555 16507
16779 15572 16791 16325
16704 15458 16249 16552
17129 16228 16076 16214
16190 16346 16292 16910
16657 16287 16091 16470
16464 15674 16183 16584
16587 15858 16134 16810
16768 15896 16037 16366
16147 16223 16425 16942
16540 15286 16349 16773
16657 16560 15865 16869
15966 16529 16412 16972
16261 16074 16209 16698
16542 15247 16523 16790
16249 15491 16834 16176
16457 16608 15768 16940
16459 15443 16291 16737
16750 15514 16134 16701
16770 15610 16540 16478
16976 15434 16182 15916
16542 15247 16523 16790
15970 15883 16498 16654
16915 15309 16111 16627
16885 15919 16502 16124
16704 15458 16249 16552
16598 16768 15707 16892
16587 16178 16317 16474
16598 16768 15707 16892
16758 15997 15618 16626
15875 16033 16975 16449
16532 16871 15548 16942
16630 16176 16262 16228
16910 15372 15874 16671
16630 16176 16262 16228
15921 15907 17267 16409
16744 15703 16753 16339
16342 15438 16427 16643
16120 16498 16445 17126
16915 15309 16111 16627
16249 15491 16834 16176
17037 16339 15805 16352
16730 15861 16710 16340
17278 15979 16275 15788
16120 16498 16445 17126
16232 16405 15957 16828
16750 15514 16134 16701
17037 16339 15805 16352
16390 15449 16932 16170
17078 16075 16178 15698
14895 15540 16772 16580
15504 15687 17358 16191
15521 16067 16323 17075
16258 16715 15678 16894
16487 16629 15281 16781
16550 14998 16058 16397
16817 15399 16210 15744
17074 15894 15937 15877
15157 15762 16663 16601
15610 15877 17136 16120
14972 15533 16783 16615
16798 15627 16028 16050
16511 15143 16243 16396
16407 15348 16471 16446
15580 15849 17227 16427
17022 16069 16036 15903
16894 16016 15980 16063
16515 16168 15525 16502
16164 16619 15713 16809
15932 16307 16085 16984
15849 16460 16414 17005
16405 16634 15382 16891
16384 16653 15733 16636
16993 16140 15988 15887
16181 16263 16232 16901
15828 16427 16644 16557
16670 15472 16741 16291
15838 16315 16532 16859
15750 15833 17338 16388
15705 16451 16548 16706
16429 16533 15732 16533
16637 15814 16322 16239
16175 16352 16168 16831
16622 15064 16014 16524
16732 15933 15992 16297
16315 16400 15619 16731
16216 16513 15863 16414
16285 15451 16779 16081
16373 15599 16042 16464
15599 15853 17308 16318
16680 15773 16112 16333
16017 16063 16608 16312
16099 16064 16372 16757
16025 15413 16742 16743
16365 16243 16287 16376
15880 16101 16300 16782
16594 16032 15822 16555
16305 16494 15657 16768
16060 16092 16557 16213
16341 16272 16439 16179
15934 16313 16389 16426
16420 16056 15451 16726
16562 16144 15412 16776
16363 16151 16331 16262
16607 16090 15780 16585
16421 15039 16306 16587
16520 16146 16253 16171
16380 16084 15496 16847
16528 15388 16211 16520
16522 16080 15625 16650
16262 15934 16067 16548
16474 16477 15830 16685
16137 16363 16150 16703
16807 15820 15899 16317
15906 16302 16419 16488
16456 15406 16335 16306
16832 15977 15970 16310
16425 15512 16581 16190
16186 15968 16283 16448
16501 15681 16132 16318
16152 16386 16034 16347
16153 16359 16266 16365
16186 16167 16138 16675
16533 15655 15944 16487
15902 16373 16386 16712
15887 16419 16564 16526
16140 16273 16549 16441
16413 16476 15850 16725
16189 15530 15955 16851
16276 15350 16326 16316
16460 15982 16322 16401
16702 15977 15676 16410
16700 15502 15989 16735
17022 16069 16036 15903
16619 15478 16242 16375
16509 15660 15964 16475
16065 15842 16415 16532
16686 15838 15950 16385
16290 15533 15982 16473
15603 15888 16203 16852
15658 15753 17305 16234
16256 16479 15660 16543
16280 16282 15267 16877
16595 15115 16172 16182
16894 15329 16010 15889
15719 15729 17182 16150
15749 15780 16737 16378
16618 15191 16102 16309
15835 16182 16373 16819
16598 15667 15982 16056
16002 16334 16165 16802
16446 15144 16092 16390
15634 16192 16428 16612
16379 16000 15811 16093
16253 16075 15542 16664
16509 15425 16687 16128
16257 15540 15996 16473
16443 15965 15281 16711
16580 15203 16600 16161
16100 16207 15400 16673
16598 15267 15790 16616
16175 15456 15893 16779
16193 16171 15353 16842
16019 16424 15573 16803
16502 15908 15964 16141
16463 15474 15919 16534
16082 16078 15726 16810
15692 16400 16524 16486
16049 15817 16348 16371
16406 15873 15465 16699
16328 15957 15846 16341
16151 15785 16176 16837
16109 16088 15907 16493
16433 15600 16019 16257
16222 15588 16150 16353
16030 16121 15895 16853
16354 16099 16125 16216
16354 15561 16283 16339
16453 16364 15810 16634
16601 15374 16563 16159
16025 16256 16523 16238
16568 15373 16685 16246
16372 16367 15658 16475
16417 15494 16237 16242
16566 15827 15978 16232
16404 15883 15862 16293
16407 15864 16222 16282
16432 15331 16472 16273
16371 15470 16315 16188
16207 15456 16296 16266
16608 15648 16014 16271
16386 15347 16208 16349
16295 16095 16247 16350
16547 15470 16115 16349
16426 15467 16258 16238
15152 16024 16160 16764
15196 15991 16096 16816
16000 16348 15297 16642
16081 16072 15049 16722
16475 14994 16192 16171
16562 15067 16622 15708
16563 15015 16470 15668
16599 15592 15820 15811
16503 15240 16589 16080
15704 15677 16297 16530
16192 16273 15269 16349
16375 16237 15433 16514
15791 16212 16024 16791
16040 16016 15629 16662
15312 15419 16455 16280
16320 15869 15766 16329
16598 15207 16393 16135
16323 16076 15920 16115
15460 15913 16152 16540
15368 15829 16419 16548
15888 15609 15705 16776
15407 16135 16367 16651
15560 16165 16256 16499
15610 15957 16344 16440
15630 15793 16347 16650
16080 16325 15340 16465
16168 15381 15929 16404
15867 16170 15864 16583
16262 15539 16212 16204
16536 15257 16581 16151
16523 15128 16166 16212
16322 16203 15424 16570
16127 15363 15794 16731
16094 15494 15886 16696
16035 15757 15649 16721
16230 15302 16519 16159
15564 15317 16371 16502
16208 16037 15320 16635
16145 15764 15675 16686
16268 16038 15281 16595
15761 16166 16109 16752
15896 16253 15781 16273
15624 16304 16414 16433
15440 15433 16472 16180
16444 15563 15869 16214
15950 16038 15934 16768
16231 15916 15844 16288
16429 15102 16590 16224
15942 16055 15864 16701
16410 15290 16345 16259
15953 16210 15348 16688
15616 16336 16204 16383
15178 16156 16267 16755
15887 15983 16463 16232
15458 15939 16189 16666
16183 15840 16239 16332
16238 15446 16238 16169
16127 15480 15857 16691
16406 15244 16617 16174
16242 15257 16493 16226
15982 15992 16102 16746
15181 16001 16172 16695
15191 15995 16197 16720
16433 16211 15657 16511
15149 16054 16109 16593
15898 15269 16440 15909
15942 16007 15807 16766
15978 15955 15096 16582
16041 16194 15242 16554
16259 14925 16020 16136
16484 15240 16546 16128
16527 15210 16525 16117
16001 15688 16173 16185
15939 16029 15898 16642
15558 15743 16132 16410
16059 15864 15692 16036
15805 15933 16209 15972
16144 15135 16422 16138
15378 15361 16461 16197
16198 15375 16237 16118
15587 16082 15997 16486
16340 15245 16397 16073
16301 15946 15483 16508
15319 15743 16266 16317
15833 16136 15322 16478
16294 15918 15849 16011
15276 15853 16040 16451
15251 15829 15974 16532
16107 16093 15368 16511
15200 15826 16099 16286
16173 16062 15410 16467
16194 15817 15802 16261
16045 15938 15129 16549
15864 15219 16368 16192
16309 15203 16462 16132
15377 15844 16301 16193
16115 15736 16110 16098
15324 15887 16020 16280
16114 15366 15782 16314
16045 15804 16015 16302
16175 15240 16221 16176
16219 15259 16241 16131
15082 15686 15942 16442
15170 15618 15893 16447
15811 15986 15239 16346
16072 15054 16012 16106
16338 15176 16417 15987
15901 15571 15588 16261
15317 15904 15963 16425
16111 15730 15778 16038
16052 15250 15919 16117
15156 15683 16010 16135
15129 15695 15793 16062
14396 16511 16552 16882
14837 15971 16341 17720
15524 15857 17919 15837
15823 17525 16824 15433
16914 16876 14856 16526
17211 16500 16522 14923
17212 14651 16209 16501
17948 15699 15474 15672
15661 14992 17265 16974
17207 14763 16269 16486
15549 15971 17562 16555
16321 17029 17348 15652
16469 16765 17407 15924
16923 14910 16459 16567
14780 16129 16644 17357
17276 16532 16499 15045
14855 15917 16544 17649
15415 16902 16861 16258
16619 17062 16968 15252
15140 16018 16684 17161
15738 16026 17482 16754
17327 16680 16110 15509
14962 15981 16693 17517
14471 16455 16495 17042
16457 15180 15606 17223
15932 15891 17672 16452
15471 15826 17851 15855
17803 16234 15852 15378
14590 16419 16452 17117
16148 17168 17001 15336
17230 16546 16474 14962
15790 17305 16578 16067
15286 16230 16170 17303
15329 15916 17891 15852
15843 15870 17753 16647
16366 16832 17431 15776
17621 15833 16044 15308
15050 15769 17636 16806
16698 16971 16746 15657
17479 15065 15663 16419
15038 16088 17219 16937
16048 17356 16674 15471
16211 16593 15423 17062
17554 15884 15393 16084
15887 17412 16771 15572
17177 15378 15114 16616
17687 15144 15505 16345
16798 15941 16785 15106
17911 15666 15554 15616
16734 15999 16907 15149
16168 17484 16288 15950
17868 15524 15453 15892
14527 16391 16669 16909
16640 17101 16950 15329
15377 16017 16178 17401
17517 15112 15722 16104
16404 16469 15059 16795
16944 16860 14921 16596
17106 16052 14870 16839
17775 15865 15724 15797
16265 17398 16242 16166
17465 16627 16263 15212
17360 16046 15213 16268
16616 16964 16400 15876
17353 16610 16026 15531
17226 14699 15958 16353
14975 16102 16577 17567
17079 16277 15010 16732
16848 16390 15561 15612
16387 17251 16513 15712
14751 15963 16587 17530
14550 16414 16519 17198
15995 15921 16632 17617
14677 16479 16589 16990
14986 15953 17205 16939
16012 17017 16482 16135
15701 16260 17121 16353
16244 15688 17611 16018
17200 15331 15192 16701
15767 17139 16902 15729
15210 15684 17799 16587
15961 17261 16615 16235
15904 15419 17137 16869
16866 15277 16085 17091
16281 17437 16559 16002
17644 15599 15966 16057
16795 15461 15650 16642
15769 15925 15909 17257
15842 16300 17288 16012
17143 15237 15289 16826
14697 16078 16304 17632
16529 16719 16125 16230
15303 16000 16344 17293
16052 16638 16050 17150
16229 17148 16935 15474
16491 16807 16081 16371
16092 15826 16765 17466
16157 17214 16881 15895
15869 16189 17161 16600
16739 16732 16186 15761
17434 15620 16416 16061
16277 16630 14954 16684
15210 15684 17799 16587
16069 15225 17092 16901
16967 16609 16470 15194
17260 16359 16513 15289
17286 15987 15111 16557
17751 16118 15930 15371
15924 15958 16452 16997
14438 16486 16363 16946
16218 15636 16900 17423
14548 16215 16234 17461
16369 17202 16919 15527
16813 16329 16195 16304
16217 15497 17027 16248
16449 16578 15023 16699
16109 16381 16367 16040
16579 16191 15342 16598
16934 15198 15549 16711
16265 16306 16824 16325
15724 16373 17077 16289
16993 15171 16059 16631
16805 16163 16297 15837
17041 16330 15252 16650
17396 15432 15760 16416
16949 15370 15323 16958
16669 15365 16226 16815
15494 16111 17283 16436
17740 15230 15805 15951
16251 15493 15979 16651
16218 16439 16593 15979
16684 16016 15754 16389
16023 16420 17068 15999
16512 15521 16310 16584
16552 16153 16479 16183
17025 14961 16375 16832
17042 15752 15943 16117
16978 15241 15457 16664
17086 15533 15518 16239
17116 15455 15993 16461
16375 15568 15707 16787
16082 16498 16698 16205
17195 15215 15687 16567
16349 15742 16475 16601
16182 16150 16796 16460
16759 16237 16402 16363
17219 15559 15499 16212
17306 15407 15902 16189
16856 15774 16158 16534
16610 16107 16528 16284
16426 16071 15811 16781
16218 16195 16752 16504
17125 15341 15671 16613
16309 16109 16613 16551
16156 16224 16846 16442
16748 15396 16428 16088
16653 15445 16432 16400
17137 15436 15829 16381
16881 15232 15772 16759
17080 15793 15365 16311
16923 15350 15697 16545
17025 14961 16375 16832
16769 16423 15883 16185
16188 15769 15825 16588
16412 15538 16567 16396
16888 15601 16321 16189
16627 16356 15865 16413
16886 15723 15381 16643
16852 15300 16323 16833
16032 16555 16586 16131
16949 16179 15897 16058
16897 15508 16076 16131
17028 16116 15823 16100
16466 15648 16532 16423
17056 15326 15711 16495
17010 16335 16181 15961
16428 15506 15758 16667
16220 16140 16626 16375
16451 15399 16188 16725
17125 15279 15921 16442
16953 15235 15795 16686
16891 15425 16151 16656
15891 16133 16875 16469
16655 16048 15945 16476
16873 15371 16115 16682
16412 15646 16361 16462
16971 15291 16154 16368
17253 15372 15533 16427
16879 16220 16049 15988
16170 15936 16411 16686
17056 15808 15784 16377
16635 15801 16462 16421
16361 15642 16423 16425
16526 15458 16084 16693
16981 15149 15706 16743
16864 15793 16141 16568
16981 15149 15706 16743
16082 16498 16698 16205
16910 15349 16054 16615
16976 15862 15953 16455
17010 16335 16181 15961
16128 16069 16874 16452
16128 16069 16874 16452
16864 15793 16141 16568
17052 15088 15944 16685
17001 15732 15369 16495
17056 15808 15784 16377
17253 15372 15533 16427
16442 15724 16499 16348
17001 15732 15369 16495
16627 16356 15865 16413
17052 15088 15944 16685
16652 16265 15387 16552
16769 16423 15883 16185
17219 15559 15499 16212
16411 15724 16673 16385
16032 16555 16586 16131
16852 15300 16323 16833
16652 16265 15387 16552
15769 15809 16837 16178
16150 16218 16941 15705
16373 16310 16902 15568
16467 16388 15805 16111
16689 15208 16258 16765
16953 15639 15233 16238
17218 14650 15958 16336
16207 16000 16717 15601
15990 16172 16793 16259
16015 15795 16576 15729
15845 15832 16623 16318
16121 15823 16417 15807
17049 15312 15415 16121
16627 15571 16336 16316
15884 15864 16916 16132
16060 16287 16462 15776
17114 15428 15385 16083
17114 14714 15967 16232
16795 14862 15831 16585
17133 15027 15642 16445
16950 14835 15775 16510
16398 16128 16301 15953
16927 15179 15578 16555
17155 15301 15772 15899
16969 15421 15797 15879
16303 15631 16471 16371
16517 15450 15949 16415
16543 15461 16221 16361
16219 16013 16455 15680
16845 16083 15769 16040
16562 15856 15634 16467
16875 15351 16035 16169
16743 15391 16050 16004
17021 15044 15659 16558
16738 16326 16014 16285
16439 15267 16127 16366
16182 15932 16363 16398
16923 15141 15613 16735
17138 14671 15929 16343
16704 16194 16188 16233
17005 15102 15976 15944
16286 15382 15705 16626
16293 15691 16449 16341
16809 15274 16040 15943
16693 16244 16143 16026
17001 15158 15591 16612
16778 15973 15911 15721
16247 15497 15842 16570
16237 15763 15891 16517
16464 16037 16338 16028
17096 15233 15941 16447
16262 15998 15765 16658
16773 15655 15829 15786
16418 15807 16366 16331
16706 15394 16143 16087
16793 15318 15980 16649
16259 15993 15810 16723
16718 15685 16055 16052
16727 15252 16273 16269
16398 15523 16294 16379
16403 15407 15601 16491
17218 14650 15958 16336
16838 15147 15593 16690
16807 15183 16075 16122
16387 15869 15833 16441
16883 15217 15868 16519
16897 15583 15852 16452
16341 15651 16345 16407
16927 15895 15596 15695
16549 15977 15723 16448
16892 15935 15715 15695
16740 15362 15991 16330
16389 15988 15780 16596
16289 15684 16290 16537
16828 15411 15965 15888
16396 15781 15678 16472
16918 15240 15682 16450
16347 15609 16456 16569
16133 15764 16345 16549
16225 15905 16337 16549
16776 15315 16072 16676
16774 16019 15672 16255
16738 15623 15893 16458
16883 15603 15771 16282
16397 15671 16023 16378
16803 15036 16023 16517
15668 15620 16674 16249
15904 15471 16747 16061
16294 15824 16628 15537
16514 16284 15893 16044
16652 15041 15910 16744
16734 15827 15484 15745
17049 14649 15935 16317
16029 15928 16347 15624
16239 15379 16458 16282
16394 14914 15972 16615
15909 15755 16353 16140
16981 15105 15668 15807
16130 15662 15940 16529
16695 16110 16098 16071
15794 15743 16745 16019
15871 16161 16665 16216
15694 15700 15757 16567
16730 15229 15787 16674
15832 15693 16698 15914
16917 15012 15554 16129
16828 15293 15880 15886
16215 15840 15877 16494
16281 15793 16055 16331
16422 15195 16326 16265
15819 15550 16175 16456
16478 15933 15603 16431
16314 15505 15547 16443
16404 15459 16276 15772
16535 14940 16168 16355
16285 15412 16164 16510
16371 16114 16219 15575
17022 15059 15915 16077
16619 15544 15607 16264
16887 14983 15797 16295
17036 15120 15726 15762
16884 15199 15769 15956
16429 15040 16205 16186
16728 16010 16013 15804
16545 15962 15719 16302
16751 15084 16064 16547
16894 15245 15830 15776
16386 16193 15763 16243
16498 15891 15968 16117
16679 15273 16003 16552
16539 16176 16021 15976
16171 15704 15970 16511
16799 15081 15755 16032
16313 15435 15830 16391
16358 15694 15671 16425
16701 15486 16036 16012
16837 15267 15721 15801
16587 15333 16210 16052
16206 15762 16182 16028
16371 15958 16215 15947
16718 15343 15955 16033
16434 15899 16013 16266
16407 15979 16199 15789
16768 15014 16025 16397
16727 16266 15757 16019
16348 15082 16234 16277
16336 15977 15731 16274
16601 16137 16175 16020
16218 15532 16190 16425
16570 16283 15889 16112
16894 15233 15923 15904
16704 16279 15885 16237
16641 15113 16026 16246
16886 15494 15669 16386
16721 15279 15912 16403
16570 15473 16178 16066
16349 15714 16348 16268
16348 15289 15943 16272
15703 15613 16580 16115
15774 15375 16599 16052
16116 15743 16546 15355
16166 15915 15315 16255
16475 14985 15729 16614
16500 16229 15591 15832
16524 14937 16061 16528
16861 14951 15733 15785
15903 15714 16283 15637
16716 14937 15591 16407
15811 15660 16329 15689
16525 16213 15381 15719
15753 15669 16491 16119
15989 16118 16069 15654
16833 15215 15759 15702
16583 15244 15633 16535
16409 15174 16089 16101
16624 15454 16029 16023
16364 15115 15917 16169
16169 15494 15864 16476
15936 15733 16191 15719
15926 15514 16158 16356
16528 16045 16058 15949
15876 15721 16264 15859
15837 15855 16278 15770
16242 15692 15614 16384
16616 15035 15918 16423
16577 15127 15817 16199
16664 16079 15993 15756
16309 14963 15921 16283
16496 16173 15667 16137
16605 16010 15971 15927
16660 15143 15693 16612
16440 15489 15652 16239
16297 15545 15637 16381
16265 15152 16151 16497
16632 16144 15877 16177
16613 15953 15948 15816
16858 15010 15781 15898
16676 14954 15783 15864
16611 15828 15950 15895
16497 15758 16066 15972
16488 15479 15937 15977
16488 15587 15924 16054
16344 16130 15721 16219
16271 15572 16268 16189
16670 15989 15963 15756
16328 15138 16128 16196
16648 15830 15721 16220
16269 15689 16124 16253
15713 15244 16330 16026
15728 15333 16544 15929
15974 15464 16264 15514
16062 15275 15678 16476
16431 16212 15144 15604
16562 14940 15749 16403
16656 15001 15600 16104
15883 15637 16264 15602
16230 15611 15386 16279
16557 15666 15247 15983
15715 15485 16092 15725
16451 15970 15877 15788
16356 15787 15652 16184
16189 15947 15484 16095
16569 15016 15727 15861
16106 15365 16251 16029
16118 15380 15673 16340
16558 15093 15796 16153
16497 15838 15954 15922
16483 15574 15663 16042
16299 16081 15860 16021
16517 16123 15704 15716
16034 15317 15570 16402
15998 15439 15651 16303
16313 15037 15841 15972
16281 15863 15394 16133
16457 15424 16057 15912
16440 14997 15496 16463
16063 15912 15455 16118
16458 15781 15800 16009
16468 15915 15740 15681
16310 14990 15906 16375
16412 15022 15832 16143
16487 15629 16065 15892
16549 15285 15814 16031
16351 15926 15575 16099
16467 15850 15910 15868
16514 15849 15807 15709
16352 15447 15780 16148
16437 15888 15825 16024
16483 15463 15839 16129
15509 15382 15943 15227
16052 15901 15821 15944
16086 15285 16236 15975
16151 14657 15684 16369
16435 14939 15427 16438
16515 14980 15777 16046
16466 15841 15844 15824
16107 15652 15520 16115
16254 15332 15606 16180
16331 15217 15799 16029
16315 15272 15725 16057
16429 15718 15786 15919
16396 15799 15778 15997
16241 15844 15543 16038
16239 15358 15803 15967
16032 15646 15360 16077
16383 15684 15774 15997
16127 15637 15244 15925
16281 15573 15738 15994
16339 14999 15727 15996
14396 16511 16552 16882
14837 15971 16341 17720
15524 15857 17919 15837
15823 17525 16824 15433
16914 16876 14856 16526
17128 14823 16293 16693
17211 16500 16522 14923
17948 15699 15474 15672
15682 15126 17274 16949
16958 14959 15991 16697
16387 17251 16513 15712
15904 15419 17137 16869
15210 15684 17799 16587
14780 16129 16644 17357
14532 16256 16340 17391
14697 16078 16304 17632
16281 17437 16559 16002
16944 16860 14921 16596
16048 17356 16674 15471
16366 16832 17431 15776
16640 17101 16950 15329
16148 17168 17001 15336
15738 16026 17482 16754
15329 15916 17891 15852
15415 16902 16861 16258
16353 17142 16980 15196
15932 15891 17672 16452
16619 17062 16968 15252
15852 17389 16588 16024
17230 16546 16474 14962
16453 15368 15770 17336
15843 15870 17753 16647
15584 14870 17202 17044
16055 15744 17106 16335
17803 16234 15852 15378
15673 15876 17591 16460
16698 16971 16746 15657
17891 15849 15612 15875
15246 15922 16396 17297
15188 16237 16416 17139
16995 16212 14996 16962
17118 15323 15758 16739
15586 16251 17037 16926
17563 15734 16136 15760
16790 16845 16777 15587
15126 16439 16715 17071
15549 15971 17562 16555
15313 15765 17316 16876
16605 16621 17225 15629
16157 17214 16881 15895
15775 16046 17511 16366
17013 15215 15394 16774
17716 15507 15697 16117
16291 17326 16805 15438
15612 15835 16361 17234
16808 16648 15172 16711
16741 16196 15064 17200
15291 17081 16812 15940
16545 16741 15835 16197
14438 16486 16363 16946
17327 16680 16110 15509
17687 15144 15505 16345
14590 16419 16452 17117
17171 15184 15272 16746
17153 15251 15448 16751
14976 16032 16469 17655
15693 17299 16555 16191
17511 15469 16080 15970
14934 16308 16466 17093
14962 15981 16693 17517
15576 16059 17372 15948
17775 15865 15724 15797
14652 16086 16338 17587
16168 17484 16288 15950
15396 16042 17258 16859
16597 16427 15560 16807
14638 16104 16454 17508
16734 15999 16907 15149
16864 16323 15031 16979
16837 16611 15112 16607
16756 17013 16022 15914
16673 16611 15209 17009
17751 16118 15930 15371
17099 15953 16767 15544
14548 16215 16234 17461
16010 17514 16892 15429
17350 16410 16542 15285
17547 15719 15737 15837
16798 15941 16785 15106
17465 16627 16263 15212
15468 16377 16486 17079
15769 16372 17184 16145
14855 15917 16544 17649
16762 15681 16791 16027
15050 15769 17636 16806
16092 15826 16765 17466
16469 16765 17407 15924
14975 16102 16577 17567
15339 15854 16149 17260
16143 16468 16435 16260
15032 16174 16293 17249
16218 15636 16900 17423
16179 16695 15779 16465
16096 16154 16381 16564
16833 16552 15341 16976
17373 15641 16132 16357
17276 16532 16499 15045
17106 16052 14870 16839
14811 16008 16569 17583
17852 15384 15667 15763
16846 16558 16627 15114
16321 16289 16199 16601
17277 15808 15975 16239
16547 15451 16934 16327
17661 15565 15761 16138
15235 16139 16326 17216
16039 17040 16170 16211
15149 16329 16395 17102
17868 15524 15453 15892
17035 15858 15015 16279
16478 16073 16244 16677
16663 16540 16321 16112
15497 16347 16346 17183
16317 15389 16002 16974
17276 16532 16499 15045
16974 14918 15893 16645
16288 16476 15632 16714
16187 16029 16072 17183
15070 16236 16227 17250
16317 16780 16116 16402
16428 15577 16910 16345
17079 15619 15953 16540
16208 16761 16331 16164
16524 16669 15242 16978
16339 16620 15664 16487
16317 16932 16281 16293
17193 15214 15499 16639
16010 16868 16406 16478
17345 15805 16212 16074
16890 16549 15520 16783
17441 15529 16160 16180
17407 15605 16236 16326
17325 15820 16478 16194
17180 15741 16609 15903
16419 16311 15935 16913
16689 15991 16096 16511
16249 16835 16220 16371
16411 16396 16085 16916
16972 14924 15862 16637
16359 16180 15873 16941
16219 16956 16169 16294
16025 16302 16508 16429
16897 16588 15300 16802
17261 15588 16490 16186
16453 16643 15742 16303
17230 15589 15997 16566
16897 16588 15300 16802
16547 16563 15863 16664
17364 15705 16181 16184
17061 15986 16093 16206
16684 16473 15282 17017
15955 16483 15703 17036
17345 15805 16212 16074
16342 16657 15917 16355
16016 16451 16052 16848
16765 15728 16032 16621
17034 16248 15728 16686
16462 16457 15678 16671
16839 15280 15401 16819
17490 15777 16484 16130
16684 16399 15411 16843
16582 16420 15955 16617
16747 15896 16120 16146
17186 15554 16552 15877
16689 16358 15613 16827
15943 16499 15901 16623
16706 16606 15273 16629
16680 16626 15521 16666
17480 15617 16151 16202
15966 16114 16311 16616
17138 15605 15486 16666
16569 16403 16511 16022
17148 15738 16044 16316
16535 16695 16212 16156
17210 15281 15477 16625
16289 15472 15698 17059
17094 15770 15709 16433
15962 16332 16570 16227
17130 15755 16680 16026
16760 16457 16351 16016
16530 16316 15614 16855
17661 15565 15761 16138
16711 15968 16137 16375
16700 16434 16501 16445
17081 15786 16372 16248
17016 16335 15858 16248
16985 16067 16023 16600
16524 16669 15242 16978
17420 15947 15839 16258
17425 15541 16143 16405
16214 16037 16263 16660
16030 16615 15912 16479
16229 16059 15991 16945
16845 15280 16221 16401
16817 16195 15858 17044
16721 15867 16147 16485
16417 16867 16277 16312
17359 15783 16368 16132
17425 15541 16143 16405
16543 15908 16062 16656
17439 15730 16135 16240
16179 16695 15779 16465
17083 15980 16283 16114
16543 15908 16062 16656
16905 16413 15883 16741
17090 15780 16782 16191
15966 16114 16311 16616
17210 15281 15477 16625
16289 15472 15698 17059
16820 16553 15407 16818
16905 16413 15883 16741
16711 15968 16137 16375
16820 16553 15407 16818
16417 16867 16277 16312
15621 15753 17351 16257
15973 15511 16202 17058
16280 16866 16167 16206
16560 16184 14858 16854
16755 16221 15931 15839
16885 14873 15912 16673
17595 15453 15675 16097
16714 15681 16676 16033
16775 14921 15870 16629
15921 15259 16230 16999
17155 15628 16532 15874
17460 15371 15681 16107
16842 15602 16537 16127
17104 15399 16500 15961
17300 15771 16450 16183
15870 16167 16420 16399
15898 15321 16204 16954
16797 15319 15276 16879
16034 16507 16091 16316
15723 15564 16147 16732
16684 16260 15052 16815
15781 15578 16083 16823
17257 15637 16452 16106
16382 16571 15734 16295
16865 16326 15485 16528
16418 15861 15723 16851
15855 16271 15874 16641
16561 15510 15527 17015
16892 15466 15960 16444
16948 15879 15948 16574
16349 16834 16146 16187
17377 15678 16151 16093
17098 15651 16504 15971
16990 16117 15312 16580
16622 16483 15363 16757
16591 16226 16299 16201
16823 16461 15176 16690
16266 16259 15915 16916
16321 16747 16054 16224
16707 16014 15930 16476
16165 16560 16052 16326
16494 16187 15088 16800
17341 15609 16208 16064
16157 16685 16244 16203
16881 15295 15446 16720
16106 16413 15642 16700
16500 15968 15982 16493
15907 16355 16016 16360
16360 16492 15160 16890
17337 15696 15940 16191
16297 16097 16009 16836
16702 15677 15127 16772
16989 16165 15371 16500
16209 16545 15649 16537
16292 16736 16190 16241
16401 16198 16058 16583
15956 16037 16187 16439
16112 16655 15801 16383
17076 15260 15057 16352
16589 16418 15546 16779
16112 16655 15801 16383
15959 15918 16178 16549
17071 15613 15779 16418
16643 16547 15405 16714
17090 15548 15610 16290
17061 15650 15939 16214
16657 15941 16087 16509
16352 16246 15895 16910
17069 15425 15579 16497
16722 16461 15332 16699
16394 15893 15797 16653
16287 15381 15825 17000
16435 16546 15593 16543
16885 14873 15912 16673
16576 16402 16278 16218
16668 16395 15480 16722
16684 16068 15938 16205
16517 16364 15986 16267
16705 16534 15400 16692
16826 16392 15841 16647
16731 15933 15867 16276
16513 16416 15296 16795
17293 15563 16173 16277
16315 16196 16245 16220
16724 16206 15590 16669
16582 16212 16106 16425
16587 16231 15847 16318
16427 16541 15651 16273
16390 16191 16209 16281
17081 15569 15598 16260
16891 15552 15299 16649
16517 16364 15986 16267
16582 16212 16106 16425
15477 15631 17332 16164
15823 15381 15969 17053
16306 16822 16016 16067
16778 16426 15069 16675
17075 15450 16409 15754
17362 15171 15601 15934
15617 15582 17253 16186
16738 15514 16462 16059
16259 16252 16107 15928
16982 15646 16313 15964
16093 15358 15657 16992
16430 15260 15324 16800
16203 16603 15581 16226
16446 15969 15732 16427
15969 15443 16159 17051
16690 16406 15398 16489
15919 15859 15942 16420
15682 15728 15927 16727
16002 16335 15637 16528
15540 15652 17294 16195
17021 15397 15245 16333
16901 16154 15182 16274
16267 16693 16052 16108
17202 15567 15354 16171
16603 15786 16073 16128
15860 16113 15912 16342
16566 16234 15504 16752
16973 15706 15177 16540
16182 16621 16128 16232
17303 15309 15687 16049
16736 16316 15688 16586
16159 15325 15667 16929
16545 16051 15902 16361
15753 15523 16034 16784
16180 16791 15852 16174
16928 16024 15259 16541
16629 16161 15756 16391
16486 15439 15471 16784
16800 16072 15791 16313
16474 15732 15773 16633
16261 16372 15408 16652
15751 15694 15603 16865
17255 15491 16000 16012
16370 16189 15814 16419
16154 15673 15899 16546
16205 16670 16154 16137
17274 15599 16131 15991
17175 15541 16084 16013
17127 15663 15997 16106
16814 16177 15562 16546
16212 15368 15560 16958
16888 15714 15831 16562
16524 15806 15916 16180
15939 16360 15543 16308
16178 15836 15864 16603
16213 15431 15759 16894
16450 16400 15538 16637
16238 15430 15752 16842
17158 15614 15750 16029
16319 15472 15805 16835
16587 15993 15708 16563
16570 16331 15270 16744
16701 16116 15600 16601
15938 15993 16050 16394
16289 15828 15819 16560
16329 16236 15864 16283
16385 16113 15777 16091
17283 15383 15685 16083
16342 16325 15761 16096
16262 15476 15661 16869
17155 15392 15849 16066
16570 16248 15719 16598
16430 15694 16149 16191
16311 15316 15823 16840
15434 15613 17239 16137
16126 16730 15904 16067
16158 15230 15599 16878
16698 14726 15828 16506
16756 16418 14980 16456
16842 15603 15854 15832
17228 15563 15974 15964
16417 15472 16319 16010
15652 15428 15809 16617
16468 14997 15721 16565
16994 15506 15976 16019
16672 15180 15200 16588
16165 16611 16025 16110
15912 15259 16106 16823
16501 16163 15248 16725
15870 16301 15652 16287
16429 16222 15562 15960
15935 15391 16084 16869
16527 15948 15756 16303
16280 16671 15978 16048
16067 15365 15682 16589
16274 15271 15623 16749
16625 15375 15341 16579
16866 15614 15751 16427
16363 15815 15782 16390
16361 16299 15496 16237
16146 16397 15879 16134
16791 16074 15452 16316
16273 15351 15650 16832
16693 15713 15604 16247
16189 16303 15417 16474
16503 16135 15667 16356
16224 16219 15513 16517
16751 15801 15486 16424
16356 15697 15413 16571
16175 16270 15528 16616
16409 16047 15640 16370
16501 15981 15375 16584
16404 15648 15532 16543
16633 15645 15650 16411
16391 15687 15780 16418
16694 15969 15377 16498
16702 16049 15539 16361
16783 16058 15465 16475
16674 16092 15503 16558
16221 15806 15801 16558
16401 15626 15609 16503
16396 15490 15466 16586
15854 16297 15657 16100
16067 16426 15875 15999
16431 15144 15658 16410
16673 16078 15110 16543
16902 15386 15855 15759
17148 15523 15804 15862
16237 16157 15453 16200
16034 16092 15216 16492
16462 15886 15392 16541
16667 16001 15502 16526
17073 15210 15562 15872
16420 15808 15560 16300
16889 15486 15738 15902
16703 15541 15640 16017
16289 15759 15740 16259
15891 15391 15758 16446
16181 15630 15650 16537
17115 15489 15215 15889
16699 15905 15400 16460
16103 16054 15379 16067
16624 15979 15380 16496
16643 15946 15156 16022
16969 15087 15460 15848
17086 15309 15779 15847
16406 15657 15536 16297
16380 15970 15390 16216
16542 15896 15465 16441
16505 15952 15471 16347
16537 15905 15474 16384
16432 15907 15382 16376
15801 15378 15237 16491
16477 15925 15370 16137
16500 15652 15464 16280
16600 15904 15249 16310
16111 15712 15419 16395
16293 15899 15275 16225
16391 15768 15326 16484
16465 15522 15402 16288
16400 15813 15421 16393
16500 15809 15298 16165
16537 15746 15291 16331
16456 15716 15284 16367
15833 15695 15313 16302
16235 15603 15123 16370
16272 15617 15056 16309
16291 15734 15103 16185
16305 15730 15133 16237
16112 15691 15177 16203
16164 15622 15163 16191
14396 16511 16552 16882
14837 15971 16341 17720
15524 15857 17919 15837
15584 14870 17202 17044
15823 17525 16824 15433
16914 16876 14856 16526
17230 16546 16474 14962
17948 15699 15474 15672
15682 15126 17274 16949
17041 16330 15252 16650
17250 16290 15161 16394
17041 15335 15421 16945
15661 14992 17265 16974
16281 17437 16559 16002
17276 16532 16499 15045
15790 17305 16578 16067
15210 15684 17799 16587
14471 16455 16495 17042
14548 16215 16234 17461
17079 16277 15010 16732
15471 15826 17851 15855
15661 14942 17267 17004
15291 17081 16812 15940
16469 16765 17407 15924
17465 16627 16263 15212
15738 16026 17482 16754
15549 15971 17562 16555
15876 15194 17168 17114
15145 15781 16222 17501
14652 16086 16338 17587
17350 16410 16542 15285
15415 16902 16861 16258
16321 17029 17348 15652
14976 16032 16469 17655
17687 15144 15505 16345
14697 16078 16304 17632
16944 16860 14921 16596
17803 16234 15852 15378
15932 15891 17672 16452
16518 16983 17248 15382
15843 15870 17753 16647
14899 16056 16523 17248
16168 17484 16288 15950
14962 15981 16693 17517
14780 16129 16644 17357
16157 17214 16881 15895
16366 16832 17431 15776
16387 17251 16513 15712
16644 16592 17370 15575
16349 16805 16020 16521
15050 15769 17636 16806
17327 16680 16110 15509
17891 15849 15612 15875
15923 15514 16646 17544
16148 17168 17001 15336
15038 16088 17219 16937
16567 16834 14966 16889
14527 16391 16669 16909
17868 15524 15453 15892
17600 16023 16048 15541
17751 16118 15930 15371
15350 15909 17126 16957
15088 15845 16212 17588
17629 16273 15984 15613
16229 17148 16935 15474
15863 16170 17155 16311
16244 15688 17611 16018
16676 15467 17051 16286
16698 16971 16746 15657
17711 16124 15871 15442
17230 16546 16474 14962
16218 15636 16900 17423
17260 16359 16513 15289
16734 15999 16907 15149
16862 15591 17029 16148
15313 15765 17316 16876
14784 16076 16276 17610
16767 15249 16629 16632
16036 15807 16170 17390
15329 15916 17891 15852
16185 15653 16834 17215
17106 16052 14870 16839
15971 15876 16718 17248
16798 15941 16785 15106
15794 17115 16747 16377
15831 17286 16564 16172
16640 17101 16950 15329
16967 16609 16470 15194
16541 15186 16117 17284
16004 16258 16437 17183
15377 16017 16178 17401
16804 16718 15441 16332
17775 15865 15724 15797
17249 16922 15743 15945
16846 16558 16627 15114
15599 16278 16796 16417
16585 16675 15961 16196
16297 15659 16415 17101
17204 15461 15802 16726
17516 15967 16588 15478
16328 17033 16110 16232
14855 15917 16544 17649
17357 15695 16306 16698
17640 15954 15661 16535
16650 15260 16672 16520
16849 15598 16701 15995
16781 15302 15744 17034
16010 15437 17095 16865
16626 16584 15992 16116
16734 16495 15928 16514
17300 15574 15637 16757
17436 15780 16071 16465
16616 15396 17099 16229
17083 15490 15602 16866
17586 15638 16096 16614
16050 15739 16606 17313
17317 15651 15777 16723
15756 16349 16059 16663
16478 16538 16330 16161
16590 16337 16250 16205
17067 15995 15676 16457
17195 15389 15938 16744
16107 15888 16232 17259
16987 15582 15525 16904
16757 16054 15887 16569
16065 16156 16567 16832
16086 15976 16432 17256
17178 15446 15532 16776
17561 15682 16144 16622
15309 15962 16394 17334
17030 15304 15874 16995
16823 15928 16663 16407
17080 15521 15568 16899
16959 16167 16384 16080
16251 15604 16259 17179
16590 15630 16842 15756
16534 16287 16269 16354
16629 16623 15909 15847
16583 16063 16848 16121
16912 15566 16366 16688
17150 15827 16288 16271
17500 15610 16211 16640
17199 15469 15769 16765
16888 16241 16390 15760
17221 15513 15698 16760
16395 16048 16956 16962
16196 16065 16730 16842
16510 16740 16121 16198
16421 15753 16764 16842
16835 15405 15550 17016
16364 16101 16583 16566
16550 15893 16258 16665
16773 15623 17079 16235
16062 16016 16458 17132
16709 16076 16395 16060
16630 16567 16214 16220
16826 15255 16589 16506
16700 15745 16783 15828
17451 15665 16122 16655
16897 16291 16232 16320
16441 15861 16214 17058
16667 15945 15924 16538
16955 15312 15496 17081
16411 15787 16756 16596
16129 15749 16937 17288
16912 16200 16125 16485
17497 15739 16278 16586
16552 15804 16187 17107
16510 15542 16374 16872
17436 15780 16071 16465
17124 15452 15602 16848
16648 15494 16882 16314
16383 16245 16351 16511
16282 15795 16240 17042
17123 16003 15665 16609
17057 15391 15538 16925
16242 15733 16925 17080
16171 15738 16996 16419
16506 16893 16150 16036
16857 16279 16085 16410
16731 16597 15856 15800
16511 15581 16452 16431
16922 15369 15467 17028
16352 15727 16982 16515
16506 16893 16150 16036
17078 15372 15433 16919
16640 16407 16335 16077
15852 15885 16364 17285
16270 15685 16331 17144
16980 15421 15664 17001
16445 16137 16515 16334
15751 16324 16177 16787
17164 15492 15790 16826
16491 15630 16601 16544
17357 15695 16306 16698
17145 15943 16130 16760
16398 16212 16585 16550
16759 16547 15977 15696
16628 15602 16976 16267
16162 15715 17007 17134
16518 16354 16338 16373
16492 15608 16378 16440
17053 15822 16304 16886
17197 15664 15467 16793
16588 16268 16280 16323
17249 15594 15728 16756
16968 15595 16443 16604
16323 15955 16214 17073
16773 15623 17079 16235
17561 15682 16144 16622
16912 16200 16125 16485
16731 16597 15856 15800
16556 15731 16367 17027
16759 16547 15977 15696
17613 15589 15964 16447
16192 15732 16980 16990
16806 15455 15553 17086
17034 15554 15752 16889
17034 15554 15752 16889
16379 15957 16128 17109
16135 15964 16583 16971
16270 15685 16331 17144
15751 16324 16177 16787
17164 15492 15790 16826
16518 16128 16287 16409
16063 15753 16397 17298
16445 16137 16515 16334
16806 15455 15553 17086
16734 15937 16382 16120
16897 15413 16979 16186
16977 15584 16174 16972
17302 15523 15702 16748
16897 15413 16979 16186
16162 15715 17007 17134
17302 15523 15702 16748
16925 15390 15606 17013
17613 15589 15964 16447
16063 15753 16397 17298
16626 16584 15992 16116
16955 15312 15496 17081
17301 15708 16160 16724
17301 15708 16160 16724
16925 15390 15606 17013
17078 15372 15433 16919
16700 15745 16783 15828
16922 15369 15467 17028
15447 15582 17394 16048
15929 16050 16729 15606
15947 15552 16097 17129
16391 16566 15956 16133
16646 15229 16540 16577
17009 15617 15351 16694
17503 15599 16108 16440
15572 15731 17304 16266
16284 16225 16502 15766
16580 15455 17012 16174
16849 16121 16364 15858
15928 16180 16145 16696
15750 15821 16894 16146
16860 15368 16924 16156
15715 16270 16098 16562
17398 15723 16094 16271
17029 15605 15406 16818
16087 15706 16857 17047
16572 16441 16046 16054
16250 15866 16676 16857
17309 15546 16252 16589
16628 15435 16393 16389
17251 15564 15503 16621
16916 15960 15883 15967
16159 16393 15850 16217
16312 16494 15942 16211
16673 15390 16952 16107
16108 16038 16871 16248
16128 15694 16916 17061
17119 15417 15569 16798
16419 15669 16287 16488
17228 15530 15619 16740
16558 16273 15687 16461
16509 16239 16276 16364
16884 15370 15557 17003
17065 15399 15542 16847
16668 15614 16645 15892
17193 15592 15554 16652
16184 15788 16778 16708
16521 15611 16183 16923
16816 15907 15825 16378
16292 15840 16521 16321
16357 15585 16798 16865
16985 15521 15674 16888
16595 15596 16748 15945
16390 15394 16576 16540
16425 16326 15910 16232
16230 15898 16562 16718
16193 16366 15724 16283
16745 16082 15835 15908
17054 15469 15710 16784
16629 16168 16190 16206
17043 15939 15673 16618
16647 15414 16850 16194
16122 15460 15676 17116
16850 15395 15721 16954
16894 16068 15887 16075
17004 15616 16226 16010
16337 15608 16325 16601
16912 16077 16023 16030
16874 15706 15959 16352
16581 16533 16040 16181
16691 16086 16206 16225
16716 16356 15770 16390
17483 15642 15905 16471
17482 15589 16149 16581
16756 15630 16166 16659
16862 15994 15778 16205
16862 15942 15607 16417
17243 15509 15677 16748
16667 16342 15800 16416
16889 15456 16306 16509
16246 16336 16024 16295
16435 15794 16161 16447
16914 15622 16115 16340
16964 15589 15734 16790
16468 15802 15849 16440
17266 15509 16097 16617
16371 15824 16033 17047
16785 15839 15710 16532
16677 15991 15736 16468
16427 16541 15924 16139
16847 15896 15826 16470
17104 15634 16230 15964
16808 16062 15754 16128
16854 16115 15686 16202
16339 15604 16764 16756
16802 16056 15931 16058
16474 15455 16859 16229
16303 15800 16748 16775
17106 15567 16208 16576
16768 15613 16105 16405
16180 15590 16759 17061
17117 15810 15832 16588
16886 15443 15767 16652
16874 16078 15927 16032
16784 16051 15747 16204
17006 15726 16145 15964
15539 16096 15869 16561
15546 15695 17224 16203
15996 15851 16644 15499
16101 15433 16162 17008
16474 16389 15725 16070
16585 15552 15086 16579
17038 15171 15656 16672
17427 15496 15942 16447
15829 15756 16821 16076
15937 15971 16628 15587
17106 15256 15455 16710
16075 15475 16433 16814
16960 15439 15423 16765
17236 15511 16124 16496
16260 15842 16325 15751
15891 16322 15942 15931
15960 15469 16622 16776
16725 15502 15652 16834
16147 16283 15874 16214
16266 15655 16324 16230
16881 15173 15514 16806
16303 16388 15915 16061
16777 15346 16666 16147
17371 15545 15948 16572
16760 15439 16163 16262
16566 15455 16354 15780
15888 15761 16812 16136
16192 16137 15786 16305
16649 16172 15599 16325
16735 16043 15825 15850
16506 16184 16134 16036
15833 15559 16722 16620
16676 15899 15825 16017
16792 16007 15844 15881
16966 15720 15548 16272
16647 15805 15707 16438
16945 15455 16064 16598
16430 15634 16143 16351
16559 16041 15962 15925
16808 15248 16694 16135
16845 15367 16083 16597
16747 15923 15702 16043
16402 15857 15794 16131
16814 15581 15807 16536
16456 15403 15888 16751
16990 15526 15527 16683
16811 15717 15630 16386
16109 16180 15887 16151
16517 15848 15896 16108
16212 15985 15972 16263
16597 15894 15679 16431
16420 15895 15983 16083
16605 15486 15792 16654
17074 15481 15490 16663
16270 15908 15768 16080
16411 16080 15673 16459
16865 15425 15733 16716
16981 15561 16069 16518
17084 15541 16091 16479
16200 15596 16718 16686
15988 15651 16701 16745
16733 16005 15738 16126
16570 16297 15663 16374
16572 15874 15843 16061
17050 15504 15635 16730
16729 15606 15705 16528
16702 16084 15729 16062
16505 15556 16711 15763
16170 16295 15830 16262
16478 15547 16136 16465
16458 15540 15665 16737
16574 15542 15711 16606
15831 15545 16626 16708
15929 15889 16480 15458
15992 16234 15665 15832
16204 15570 15288 16235
16356 15182 16003 16215
16933 15463 15560 16720
17184 15371 15878 16408
16487 15393 16333 15480
16273 15347 16139 15588
16111 15878 15686 16049
16329 16078 15902 16022
16246 15799 16098 15686
16883 15312 15971 16286
16597 16035 15302 15950
15926 15970 16597 15476
16553 15220 16535 15910
16476 16024 15852 16015
17044 15222 15557 16687
16936 15267 15635 16611
16950 15489 15350 16509
16989 15340 15713 16543
16760 15880 15612 15828
17023 15428 15512 16630
16717 15452 15974 16345
16965 15485 15475 16521
16453 15785 15738 16115
16420 15640 16132 15872
15988 15930 15539 16244
16356 15731 16059 15864
16457 15691 15982 15764
16384 15513 15742 16245
16925 15532 16076 15794
16685 15713 15607 16218
16210 15896 15680 16149
17032 15384 15481 16493
16716 15551 16024 16184
16382 15476 15937 16199
16432 15657 16007 15916
16461 15648 15658 16124
16427 15505 15577 16499
16701 15383 15596 16628
16397 15375 15992 16210
15948 15919 15769 16007
16260 15592 15935 15483
16440 15350 15983 16066
16462 15917 15196 15936
16519 16018 15267 15684
16738 15267 15319 16700
16906 15163 15462 16616
17014 15248 15441 16612
16205 15736 15601 16130
16077 16005 15808 15989
16453 15875 15260 15766
16776 15300 15709 16508
16263 15519 15981 15779
16657 15416 15882 16090
16636 15347 15974 16231
16309 15338 15484 16370
16299 15763 15352 16073
16838 15222 15775 16391
16377 15468 15412 16484
16780 15285 15507 16693
16834 15364 15458 16666
16575 15466 15901 16072
16379 15452 15753 16101
16950 15300 15391 16585
16462 15439 15948 16137
16918 15298 15434 16625
16972 15270 15396 16617
16345 15327 15620 16048
16535 15304 15810 16160
16879 15224 15269 16475
