306 16.9038
32168 33251 33433 34736
32240 33294 33215 34761
32679 33968 34293 33807
32743 34744 32920 33570
33677 32871 33278 34126
33931 33254 32401 32412
33973 33068 31802 32788
33973 33068 31802 32788
33931 33254 32401 32412
33973 33068 31802 32788
32699 33060 32722 34616
32500 32924 33151 34636
33735 33946 32922 32998
33088 34427 32991 32907
33848 33659 33159 33939
33866 33866 32894 33148
33735 33946 32922 32998
33604 33184 33325 34355
32385 34397 33940 33205
33534 34151 32846 33989
32932 34652 32517 33535
32223 33417 34003 33975
32981 34494 33052 34246
32617 34603 32964 34263
33107 34005 34154 33621
32168 33251 33433 34736
33231 34164 33681 32894
32322 34523 33329 33647
32932 34652 32517 33535
32308 34425 33678 33514
32516 34674 33220 34013
32254 34289 32982 34314
33292 33768 34068 33620
33267 33960 32627 34230
32690 33251 33940 34220
32500 32924 33151 34636
33564 34371 32722 33068
33691 34008 33079 33104
33674 33781 33196 33357
32385 34397 33940 33205
32743 34744 32920 33570
33067 33174 33978 34182
32942 34549 33100 33827
32712 33111 33834 34477
33436 34370 33239 33296
33677 32871 33278 34126
32584 34162 33468 34088
32910 33782 32652 34414
32594 33260 33627 34540
33240 33856 32460 34363
33361 33886 33921 33910
33594 33333 33295 34100
33107 34005 34154 33621
33313 33836 33507 34336
32240 33294 33215 34761
33169 33640 33516 34593
32797 33490 33263 34597
33292 33768 34068 33620
33643 34225 32986 33279
32617 34603 32964 34263
33385 34248 33139 33404
33564 34371 32722 33068
32530 34193 33665 34017
33665 33598 33007 34195
33664 34066 32948 33108
33240 33856 32460 34363
32231 34101 34202 33642
32975 34317 33614 33694
33501 34195 33217 33455
32187 34190 33396 34095
33501 34195 33217 33455
32308 33955 33643 34488
33866 33866 32894 33148
32802 34356 33360 33818
32882 34291 33363 33904
32231 34101 34202 33642
33267 33530 33077 34459
32464 34183 33347 34121
33474 34084 33419 34126
33583 33336 33430 33919
33563 33807 32862 33760
32439 33771 33446 34561
33058 33553 33575 34356
33509 33440 33416 34156
33642 33460 33476 33737
32710 33364 33870 34129
33526 33853 33063 33859
32430 34199 33852 33904
33526 33853 33063 33859
32314 33835 33792 34022
33067 33174 33978 34182
32819 33401 33828 34285
32908 34377 33896 33371
32501 34044 33685 34424
32712 33111 33834 34477
32679 33968 34293 33807
33377 34272 33368 33420
33000 34129 33315 34177
33270 34017 33587 33911
33644 34086 33663 33672
32981 34494 33052 34246
33563 33807 32862 33760
32910 33782 32652 34414
33261 33778 33076 34367
32850 34343 33379 33840
32859 33873 33342 34509
32942 34549 33100 33827
33185 34307 33402 33716
33267 33530 33077 34459
32738 33694 33511 34438
32401 34200 33305 34224
32830 33733 33450 34397
33026 33968 34242 33967
33292 33768 34068 33620
32643 34156 33557 34148
32989 34199 33920 33562
33412 33947 33715 33739
32322 34523 33329 33647
33231 34164 33681 32894
33026 33968 34242 33967
33385 34248 33139 33404
33190 33989 33455 34325
32859 33873 33342 34509
32663 33716 33445 34416
32773 34235 33680 33914
32858 34266 33434 34003
33412 33947 33715 33739
33279 33359 33833 34006
32969 34154 33012 34355
32611 33793 33990 34197
33058 33553 33575 34356
32850 34343 33379 33840
32806 33706 33201 34534
33016 33957 33466 34293
33207 33915 33553 33962
32439 33771 33446 34561
33645 33908 33376 33645
32908 34377 33896 33371
32923 33478 33755 34435
33538 33477 33198 34018
33070 34274 33788 33890
33665 33598 33007 34195
33555 33619 33749 33741
33074 33972 33758 33838
32699 33060 32722 34616
33041 34003 33675 34212
32643 34156 33557 34148
33137 33781 33545 34249
33454 34164 33646 33778
33155 34215 33886 33591
33642 33460 33476 33737
32516 34674 33220 34013
33155 33715 33438 34391
32509 34120 33370 34278
33305 34403 33288 33940
33070 34274 33788 33890
33555 33619 33749 33741
33024 34141 33954 33932
33377 34272 33368 33420
33566 33903 32860 33787
33155 34215 33886 33591
33024 34141 33954 33932
32710 33364 33870 34129
32594 33260 33627 34540
32187 34190 33396 34095
33000 34129 33315 34177
32819 33401 33828 34285
32748 33659 33803 34231
33217 34114 33520 34024
33472 33857 33699 34248
32674 33633 33751 34330
33053 33646 32953 34440
33454 34164 33646 33778
33202 33888 33780 33139
33015 34535 33077 33564
33509 33440 33416 34156
32715 34135 33491 34042
32894 34051 33434 34153
32846 33739 33399 34356
32308 33955 33643 34488
33308 34095 33660 33742
33190 33989 33455 34325
33848 33659 33159 33939
32715 34135 33491 34042
33566 33903 32860 33787
32491 34542 33245 33999
33664 34066 32948 33108
32894 34051 33434 34153
32797 34309 33231 34244
33074 33972 33758 33838
32797 33490 33263 34597
33173 34394 33283 34149
32795 33913 33644 34303
32467 33965 33840 34011
33185 34307 33402 33716
33691 34008 33079 33104
33041 34003 33675 34212
33267 33960 32627 34230
32799 33410 33743 34441
32223 33417 34003 33975
33261 33778 33076 34367
33269 33892 33124 34198
33067 33898 33655 34068
33312 34215 33599 33575
33534 34151 32846 33989
33516 33778 33248 34134
32929 34129 33775 33946
32830 33733 33450 34397
32755 34316 33087 34305
33586 33700 33544 33723
32501 34044 33685 34424
33436 34370 33239 33296
32765 34109 33454 34114
32611 33793 33990 34197
33305 34403 33288 33940
33217 34114 33520 34024
33207 33915 33553 33962
32697 34087 33578 34055
32254 34289 32982 34314
32464 34183 33347 34121
33207 34386 33604 33526
33312 34215 33599 33575
32480 34074 33824 34010
32765 34109 33454 34114
33155 33715 33438 34391
33033 34110 33567 33971
32799 33410 33743 34441
33201 33907 33305 34135
32738 33694 33511 34438
32691 33698 33725 34099
32663 33716 33445 34416
33088 34427 32991 32907
33586 33700 33544 33723
32725 33255 33879 34262
33669 33889 33202 33546
33604 33184 33325 34355
32491 34542 33245 33999
33385 34248 33139 33404
33669 33889 33202 33546
32755 34316 33087 34305
33642 33460 33476 33737
32748 33659 33803 34231
33643 34225 32986 33279
32725 33255 33879 34262
32509 34120 33370 34278
33053 33646 32953 34440
32959 34070 33418 34309
33067 33898 33655 34068
32773 34235 33680 33914
32674 33633 33751 34330
33137 33781 33545 34249
32584 34162 33468 34088
32480 34074 33824 34010
32959 34070 33418 34309
32480 34074 33824 34010
33583 33336 33430 33919
32806 33706 33201 34534
33848 33659 33159 33939
32821 34014 33440 34040
33361 33886 33921 33910
32741 34228 33889 33537
33507 33801 33243 33782
33279 33359 33833 34006
32846 33739 33399 34356
32690 33251 33940 34220
32431 34307 33626 33807
32975 34317 33614 33694
32308 33955 33643 34488
32401 34200 33305 34224
32431 34307 33626 33807
32841 34085 33327 34059
33313 33836 33507 34336
32969 34154 33012 34355
33313 33836 33507 34336
32882 34291 33363 33904
33436 34370 33239 33296
33088 34427 32991 32907
32244 33970 33832 34155
33269 33892 33124 34198
32948 34005 33668 34223
33213 33412 33703 34135
33674 33781 33196 33357
32691 33698 33725 34099
33507 33801 33243 33782
32795 33913 33644 34303
33213 33412 33703 34135
33472 33857 33699 34248
33361 33886 33921 33910
33033 34110 33567 33971
32401 34200 33305 34224
32841 34085 33327 34059
32742 34383 33332 33815
32430 34199 33852 33904
32748 34394 33605 33722
32524 34378 33604 34086
32712 33111 33834 34477
33015 34535 33077 33564
33436 34370 33239 33296
32742 34383 33332 33815
33207 34386 33604 33526
33216 34224 33547 33970
33270 34017 33587 33911
32946 34195 33294 34051
33308 34095 33660 33742
32821 34014 33440 34040
33594 33333 33295 34100
32524 34378 33604 34086
32796 33703 33835 34034
32467 33965 33840 34011
32796 33703 33835 34034
33202 33888 33780 33139
32741 34228 33889 33537
32923 33478 33755 34435
32314 33835 33792 34022
32989 34199 33920 33562
33269 33892 33124 34198
32929 34129 33775 33946
33538 33477 33198 34018
32725 33255 33879 34262
33137 33781 33545 34249
33516 33778 33248 34134
32948 34005 33668 34223
32946 34195 33294 34051
32797 34309 33231 34244
33216 34224 33547 33970
32524 34378 33604 34086
32697 34087 33578 34055
32244 33970 33832 34155
33213 33412 33703 34135
32748 33659 33803 34231
33202 33888 33780 33139
32975 34317 33614 33694
32846 33739 33399 34356
32859 33873 33342 34509
32929 34129 33775 33946
32530 34193 33665 34017
32975 34317 33614 33694
33024 34141 33954 33932
33848 33659 33159 33939
32530 34193 33665 34017
33173 34394 33283 34149
33267 33960 32627 34230
33173 34394 33283 34149
33137 33781 33545 34249
33201 33907 33305 34135
33313 33836 33507 34336
32748 34394 33605 33722
32859 33873 33342 34509
33555 33619 33749 33741
32524 34378 33604 34086
32244 33970 33832 34155
32480 34074 33824 34010
32725 33255 33879 34262
32748 33659 33803 34231
32796 33703 33835 34034
32797 33490 33263 34597
32850 34343 33379 33840
32981 34494 33052 34246
33000 34129 33315 34177
33067 33174 33978 34182
33067 33174 33978 34182
33155 33715 33438 34391
33202 33888 33780 33139
33213 33412 33703 34135
33270 34017 33587 33911
33292 33768 34068 33620
33305 34403 33288 33940
33454 34164 33646 33778
33516 33778 33248 34134
33642 33460 33476 33737
33931 33254 32401 32412
32356 33660 33497 34124
32590 33362 33431 34555
32810 34122 33328 33100
32892 33148 32820 34494
32922 33495 32648 34508
32927 34258 33201 33339
33094 33403 33793 33857
33400 33726 33123 33400
32754 33688 33103 34346
32515 34038 33552 33685
32864 33903 32906 34061
33292 34215 33162 33917
33213 33768 32682 33961
32564 33705 33589 33573
33379 33673 32656 33837
32503 33760 33371 34145
33210 33585 33731 33582
32892 33148 32820 34494
32520 33686 33633 33641
33140 33913 33135 34038
33137 34224 33108 33424
32893 33495 33351 34173
33033 33220 33341 34423
32937 34239 33200 34013
32830 33843 33486 34011
33059 33772 33416 34053
33172 34105 33428 33934
33169 33873 33480 33653
32604 33903 33423 33946
32764 33680 33563 33611
32688 33606 33345 34542
33033 33220 33341 34423
33103 33737 33124 34126
33078 33334 33455 34400
32688 33606 33345 34542
32792 33619 33247 34548
32837 33568 33396 34412
32935 33505 33259 34409
32935 33505 33259 34409
32844 33286 33491 34465
32844 33286 33491 34465
33078 33334 33455 34400
32590 33362 33431 34555
32847 33569 33371 34458
32922 33495 32648 34508
32788 33580 33464 34359
32875 33612 33149 34448
32875 33612 33149 34448
32792 33619 33247 34548
32837 33568 33396 34412
32788 33580 33464 34359
32788 33580 33464 34359
32847 33569 33371 34458
32788 33580 33464 34359
32297 34104 32949 33888
32342 33333 33545 33790
32389 32952 33379 34037
32671 33426 33025 34435
32749 33597 32630 34071
32894 34075 33336 33375
33062 33429 33174 33602
32489 33329 33418 33710
32654 33728 33461 33668
32914 33905 33053 33902
32707 33340 32750 34210
32472 33500 33038 34249
32806 33657 32851 33974
32553 33446 32942 34117
32606 33622 33195 33911
33044 33952 33386 33823
32812 33574 33437 33493
32437 33574 32786 34227
32557 33864 32982 33997
32365 34094 33002 33546
32735 33991 32991 33700
32587 33655 33409 33986
32553 33964 32962 33798
32366 33914 32848 33495
32552 32939 33373 33905
32601 33943 32896 33357
32872 33942 32617 33371
32993 33779 33376 33509
33014 33489 33040 33749
32547 33563 33076 33749
32765 33494 32974 33760
32810 33853 33218 33704
32943 33853 33373 33638
32667 33700 33291 33743
32714 33934 33268 33492
32589 33705 33021 33718
32508 33644 32905 33591
32610 33227 32949 33601
32672 33680 33304 33143
32702 33735 32900 33678
32704 33894 33007 33336
32748 33720 33136 33287
32619 33288 33264 33586
32738 33417 32913 33292
32203 33740 32849 33185
32691 33415 32565 33453
31750 32993 32481 33182
