1205 73.1835
32975 33548 33902 34594
32975 33548 33902 34594
33654 34434 35154 32806
34081 35409 33920 33384
34411 34740 33258 34122
34688 34396 34622 32582
34904 34706 33809 32953
33341 34058 33269 34553
34491 34964 34372 32749
33639 33705 34541 34312
33202 34190 33673 34556
34214 33816 33428 34333
34688 34396 34622 32582
33130 34539 34204 34543
33196 33827 35015 33959
33588 34580 35039 33805
33654 34434 35154 32806
34864 34852 33384 33545
34494 35167 33683 32952
34636 35207 34196 32855
34508 33721 34284 33831
34178 33896 34478 34007
34169 34996 33468 33957
33850 34435 34016 34449
33346 34398 34860 34084
33436 33959 34466 34506
33436 33959 34466 34506
34251 35374 34043 33308
33130 34539 34204 34543
33813 35272 34072 33333
33541 34028 34433 34542
33413 34400 34744 34276
34696 34788 33923 33619
33445 34765 34445 33920
34737 34891 33768 33046
34636 35207 34196 32855
33745 34147 34888 34009
33635 35321 34100 33603
33607 34187 34805 34195
33583 34283 33427 34537
33794 34408 34986 32971
34884 34640 33980 33190
34127 35268 34174 33005
33877 35226 34551 33525
33975 34242 34569 34057
34849 34747 33605 33295
33493 34138 34924 34022
34263 35376 33928 33913
34609 34776 33734 34007
33635 35321 34100 33603
34588 34750 33883 33630
33980 35232 34123 33640
33735 34073 34073 34551
34834 34206 34431 33556
34852 35000 33695 33123
34157 34251 34066 34406
33964 34633 34184 34338
34673 34775 34109 32814
33991 35148 34433 33091
34054 34276 34875 33163
34081 34634 34818 32978
33699 34329 35006 33484
33534 34549 34659 33877
34227 34574 33869 34172
34301 34734 34301 33783
34153 34097 34928 33808
34781 34779 33823 32957
34498 34379 33861 34040
34427 35193 33679 33583
34168 35050 33269 33977
34194 34570 33846 34289
34801 35003 33747 33133
33502 34180 34203 34441
34479 35071 33778 33560
33905 33940 34584 34251
34194 34992 34421 33030
33968 34927 34523 33664
33836 34603 34983 33752
34762 34600 34386 33114
34569 34977 33524 33541
34285 34813 33654 33900
34693 34659 33507 33841
34886 34285 33741 33000
33771 34321 34458 34126
34321 34709 34632 33387
33601 34592 34509 33910
34094 34362 34043 34249
33730 34128 34707 34125
34757 34818 33889 33263
34870 34575 34189 33123
34356 34407 34761 33428
34310 34621 33752 34216
34272 34065 34875 33819
34042 34822 34004 34281
33955 34866 34683 33130
33554 34997 34621 33598
34202 34954 33570 34134
34748 34809 33964 33063
34137 34263 34388 34113
33440 34695 34244 34256
34635 34717 33720 33775
34251 34737 33398 34298
33811 34503 34159 34430
34080 34585 34553 33984
33666 34555 34258 34412
33659 34380 34409 34375
34330 35132 33934 33471
34081 35409 33920 33384
34251 34737 33398 34298
34193 34358 34847 33160
33988 35260 34023 33798
33989 34515 34859 33324
33898 35095 34169 33913
34481 34673 34319 33849
34022 34174 34502 34149
34291 34602 34611 33611
34028 34909 34368 33490
34256 35106 34269 33811
34063 34458 34257 34196
33878 34478 34642 34097
34470 35025 34371 33450
33893 35167 34134 33202
34369 35010 33970 33760
33894 34296 34948 33567
33939 35075 34663 33359
34221 34848 33635 34203
33955 35087 34488 33358
34400 34794 33876 33871
34431 34939 33810 33863
33796 34935 34753 33267
33705 34945 34593 33383
34188 33818 33950 34177
33948 34390 33900 34389
33859 35132 34281 33673
33680 35133 34222 33969
34660 35111 34331 33231
33721 34499 34869 33882
34452 34040 34542 33997
34174 34871 34380 33405
34304 34640 34033 34100
33629 35228 34226 33292
34518 34041 34279 33829
34648 34852 33826 33508
34414 34268 34350 33924
34509 34629 34538 33376
33832 34637 34279 34118
34294 35181 33991 33293
33647 34836 34656 33522
34067 34611 34729 33432
33737 34281 35020 33847
34816 34424 34425 33506
34329 35159 34083 33214
34047 34486 34963 33560
33887 34194 34201 34405
33921 34588 34836 33361
34385 34553 34454 34063
34477 34313 33911 34007
34281 34746 34149 33766
34423 35072 34341 33459
34528 34745 34529 33714
34635 34717 33720 33775
33424 34751 34487 33949
33806 34793 34916 33510
33678 34516 34845 33926
34015 34454 34568 33935
33999 35043 34118 33993
33934 34160 34397 34177
34580 35148 33950 33250
34687 34433 33597 33806
34663 34654 33673 33649
34691 34698 34334 33079
34365 34769 33959 34078
34816 34424 34425 33506
34496 34531 34655 33222
33843 34106 34529 34327
34440 34753 34454 33296
34131 34893 34441 33279
34264 34811 34700 33593
33926 33914 34547 34064
34657 34527 34139 33729
34834 34206 34431 33556
34476 34539 34287 34011
34544 35020 34066 33336
34059 34384 34532 34071
34470 34986 33586 33930
34141 34699 34006 34092
33912 35146 34102 33747
33577 34360 34870 33845
34047 34486 34963 33560
34791 34571 34418 33199
33961 34245 34185 34516
33422 35174 34163 33546
34270 34896 33643 34158
33844 34106 34851 33836
33996 35016 34433 33410
34515 35041 34220 33236
34509 34769 34160 33702
34526 34920 33579 33804
34013 34720 34794 33551
34768 34950 33680 33485
34461 34689 33990 33801
34009 35002 34182 34327
33662 34908 34463 33707
33949 34751 34739 33446
34222 34113 34774 33432
34684 34136 34474 33369
34535 35140 33772 33581
33976 34896 34473 33685
34556 34364 34515 33514
34293 34648 34671 33519
33978 34328 34798 33792
34490 34986 34226 33655
33813 34191 34216 34294
33781 34290 34602 34165
34453 34392 33944 34266
34022 34174 34502 34149
34277 34816 34113 33739
34749 34648 33753 33439
34578 34520 34442 33040
34437 34883 34474 33286
34253 34841 34492 33595
34108 35161 34143 33713
34616 34639 34358 33559
33748 34151 34228 34257
33697 34524 34553 34086
33905 34474 34332 34234
33732 34344 34630 34249
33989 34989 34574 33420
33894 34296 34948 33567
33789 34355 34442 34208
33588 34580 35039 33805
34542 34863 34423 33049
34038 34152 34429 34232
34264 34661 34564 33635
33959 34724 34582 33789
34121 34974 34359 33463
34351 35049 33555 33662
34764 34692 34231 33041
34514 34916 34139 33464
33686 35046 34544 33557
34101 34958 34309 34043
34665 34877 34422 33397
34202 34954 33570 34134
33716 34138 34831 34017
33659 34380 34409 34375
34068 34447 34784 33348
33762 34540 34828 33859
33933 34529 34718 33870
34424 35228 33760 33601
33853 34371 34775 33773
34687 34694 33520 33852
34650 34677 33997 33499
34016 34868 34417 33642
34337 34640 34345 33952
34119 35128 34264 33371
33916 35074 34138 33883
34521 34803 33794 33958
33739 34687 34583 33675
34904 34706 33809 32953
34407 34891 33866 33874
34864 34852 33384 33545
34112 34533 34561 33931
34653 34605 33973 33575
34086 34804 34356 33856
34068 34447 34784 33348
33639 34957 34561 33867
34536 34892 33895 33565
34355 34599 34575 33736
34054 34988 34483 33395
34380 34568 34629 33071
34091 34328 34775 34048
34107 35038 34121 33813
34042 34642 34441 33895
34765 34557 34099 33543
34517 34153 34042 33825
34313 35132 33541 33876
33903 34943 34516 33633
33806 34793 34916 33510
34174 35174 33940 33615
33781 34290 34602 34165
34106 34112 34267 34210
34670 34569 34364 33647
34069 35043 33968 34015
33565 34402 34286 34423
33196 33827 35015 33959
33988 35260 34023 33798
33538 33926 34867 34390
33584 34903 34597 33833
34365 35157 34395 33273
34786 34467 34095 33368
34380 34568 34629 33071
34501 34738 34586 33343
33791 34122 34726 34187
33717 34856 34424 33903
33502 34180 34203 34441
33888 34974 34311 34053
33702 34401 34669 34261
34146 34883 34585 33228
34614 35001 34317 33251
33341 34058 33269 34553
34039 34620 34450 33814
34569 34977 33524 33541
34693 34659 33507 33841
34642 34588 34157 33522
34328 34594 34749 33814
33993 35045 34398 33824
34673 34775 34109 32814
33791 34122 34726 34187
34440 35009 34013 33744
34221 34848 33635 34203
34778 34571 33964 33331
34640 34881 34310 33592
33565 34402 34286 34423
34495 34675 33689 34025
33538 33926 34867 34390
34191 34481 34749 33900
34093 34763 34580 33659
33984 35158 33912 34094
34342 34757 33978 34108
34786 34467 34095 33368
34153 34097 34928 33808
34166 34798 34353 33674
34351 35049 33555 33662
34099 34652 33905 34208
34251 34846 34393 33571
34061 34992 34374 33436
33762 34540 34828 33859
34093 34546 34201 34269
34405 34635 34200 34158
34508 33721 34284 33831
33926 33914 34547 34064
33953 34839 34407 33847
34614 34921 33941 33342
34411 34740 33258 34122
34224 34861 34352 34076
34082 34898 34471 33272
34267 35142 33824 33577
34178 34864 34136 33997
34507 35007 34228 33338
34521 34803 33794 33958
33541 34028 34433 34542
34035 34697 34458 33951
33413 34400 34744 34276
34161 34334 33906 34395
34696 34335 34469 33523
34313 35132 33541 33876
34460 34839 33977 33789
33931 34434 34303 34096
34801 35003 33747 33133
34119 35128 34264 33371
33853 34902 34631 33651
34556 34364 34515 33514
34695 34529 33770 33679
34886 34285 33741 33000
33905 34548 34756 34072
33717 34604 34923 33328
34650 34677 33997 33499
34342 34757 33978 34108
34764 34642 34329 33343
33493 34138 34924 34022
34161 34334 33906 34395
33961 34245 34185 34516
34402 34477 34568 33551
34255 34736 34086 33814
34495 34675 33689 34025
34255 34736 34086 33814
33405 33844 34547 33234
33485 33835 34625 33923
33567 35037 33833 33251
33826 34077 34598 32887
34075 34890 33655 33189
34586 34828 33912 33576
33601 34274 34435 32932
34506 34779 34221 33458
34012 34467 33959 33728
33756 34557 34126 33584
33514 34423 34359 33087
33563 33875 33916 33762
34384 34454 34268 33272
34373 34747 34284 32964
34132 34415 33861 33742
34580 34045 34292 33597
34511 34842 34041 33483
34264 34597 34099 33571
33553 34428 33975 33597
34045 34369 34432 33734
34065 34967 34233 33460
34545 34606 34084 33572
34547 34748 34111 33556
33371 34574 34029 33549
33673 33800 34417 33726
33714 34832 33580 33415
33905 34744 33993 32643
34064 34921 33966 33230
34579 34412 33840 33055
33523 34021 33812 33588
33878 33955 34302 33133
34223 34359 33648 33406
34391 34653 33892 33211
33899 34329 34268 33251
33999 34533 34106 33495
33686 34196 34188 33461
34176 34619 34184 33433
34303 34780 33883 33373
33979 34631 34207 33355
33505 34498 34187 33366
33951 34579 33928 33534
33475 34631 34174 33065
33585 33776 33505 33674
33672 33717 33896 33422
33738 34213 34207 33271
33999 34792 33642 33129
34065 34115 33326 33397
34260 34225 33429 32769
33932 34289 33874 33443
33770 34469 33799 33349
34201 34326 33867 32842
34239 34235 33540 33183
34151 34472 34038 33035
33538 34162 34054 33425
34058 34428 34094 32991
33804 34532 33985 32971
33869 34389 33872 33199
34099 34130 33848 33153
33917 34561 33944 33187
33700 34750 33514 33241
33601 34527 34190 33289
33798 34723 33848 33077
33644 34280 34188 32909
33583 34194 34000 33410
33671 34341 33922 33218
34050 34490 33953 33099
33635 34495 33817 33256
33689 34409 34164 33189
34007 34137 33908 33198
33643 34275 34184 33087
33113 34712 33666 32522
33427 34245 34150 32998
33436 33821 33749 33427
33461 34201 33355 33319
34004 34458 33910 33016
33403 34578 33978 33039
33747 33961 33928 32860
33118 34027 34004 33410
33808 34143 33387 33202
33607 34489 33483 32893
33756 34040 33825 33115
33490 34357 34133 33209
33933 34480 33491 33007
33504 34275 33908 33158
33526 34340 34070 33099
33909 34477 33486 33083
33668 34159 33985 33138
33577 34248 34043 33092
33721 34150 33700 33130
33699 33997 34058 33021
33434 34378 33537 32962
33499 34248 34021 32991
33567 34340 33741 32501
33767 34418 33568 32858
33931 34350 33738 33013
33197 34417 33421 32788
33288 33663 33970 32854
33324 34242 33584 32980
33562 33792 33244 32354
33372 33782 33863 32741
33458 34050 33651 32891
33517 33929 33679 32838
33266 34109 33821 32842
33493 34179 33654 32764
32925 34081 33674 32826
33480 33847 33620 32587
