1 0.0815474
12704 14184 13658 13981
13370 13511 13866 14522
13585 14008 14177 13189
13592 14402 14153 13600
13775 13718 14641 13280
13990 13268 13197 14207
14624 14082 13811 13238
13253 14278 13543 13682
13694 13434 14476 13958
13725 13438 13804 14404
13836 13978 14302 14224
14081 14274 13916 13779
13897 13916 13949 13506
13459 13639 14319 14077
13464 14351 14181 13269
13680 13923 14334 13691
13386 14045 13288 14045
13849 13999 14109 14144
14437 13651 13797 13310
14207 13906 13891 13341
14230 13677 13816 13558
12943 14035 13938 13732
12943 14035 13938 13732
14191 13834 13558 13469
14159 13840 14119 13922
13370 13511 13866 14522
14367 13646 13681 13487
13298 14274 13713 13900
14229 13701 14293 13980
14165 14137 13755 13819
14191 13834 13558 13469
13525 14047 14178 13586
13386 14045 13288 14045
14165 14137 13755 13819
13306 14022 13671 14172
13306 14022 13671 14172
12505 14359 13880 12481
12760 13335 13513 14219
13587 13598 14515 13183
13855 13850 12910 13725
14102 12986 13800 13950
14277 13634 13382 12518
13786 13273 14130 13805
13145 14291 13806 13590
13817 13532 13193 13828
14221 13518 13720 13108
14203 13576 13473 12750
14176 13475 14174 12878
14277 13634 13382 12518
12865 13990 13961 13526
13158 13706 13691 14076
13749 14031 13788 12782
13587 13369 14443 13430
13824 14142 13739 13529
13452 14220 13881 13504
13414 13416 14389 13592
13262 13688 14259 14044
13550 13638 13978 14205
12865 13990 13961 13526
13578 13809 13268 13883
13254 14249 13326 13484
13896 13459 13603 13809
14176 13475 14174 12878
14086 13753 13639 13327
13634 13602 14022 13654
14007 13961 13504 13556
13217 13890 14197 13780
13478 13818 14296 13515
13372 13860 13428 14003
13796 13324 14261 13386
13309 14085 13848 13535
13730 13444 13612 13965
13699 13843 13845 13321
14188 13410 13648 13142
13762 13863 14100 13240
13837 13907 13833 13263
13395 13909 14170 13677
13489 13964 13999 13745
13955 13932 13435 13618
13202 14035 14100 13139
14063 13771 14045 13472
13960 13850 13641 13189
13788 14098 13512 13672
13788 13365 13966 13918
13944 14087 13297 13546
13711 13963 13818 13384
13206 14263 13917 13428
13666 13703 13805 13861
14027 13559 14120 13710
13802 13867 13667 13635
13211 13975 13761 14047
13904 13324 14086 13740
13917 13541 13319 13744
13330 13617 14219 13841
13381 13948 13398 13821
13800 13721 14183 13486
13805 13778 13876 13112
13588 13904 13657 13841
13340 13795 14219 13710
13526 13606 14116 13701
14205 13431 13642 13773
14014 13649 13664 13516
13313 13919 13861 13906
13428 13945 14055 13902
13543 13862 13890 13986
13945 13631 13280 13821
13664 13916 13939 13766
13889 13832 13828 13819
13563 13550 14287 13895
14063 13771 14045 13472
13558 13900 13722 13827
13527 13942 13813 13476
13664 13916 13939 13766
13840 13740 14008 13605
13340 13795 14219 13710
13206 14263 13917 13428
13959 13631 13764 13596
13202 14035 14100 13139
13840 13740 14008 13605
13551 13926 13866 12492
13563 13550 14287 13895
13551 13926 13866 12492
13889 13832 13828 13819
13543 13862 13890 13986
13526 13606 14116 13701
13478 13818 14296 13515
13428 13945 14055 13902
13336 14032 13816 13520
14014 13649 13664 13516
13960 13850 13641 13189
12722 13932 13139 13602
13194 13105 14454 12711
13305 13536 13123 14150
13380 12842 14249 13388
13467 14102 13508 12946
14057 13148 12876 13168
14204 13446 13603 12925
13831 13614 13077 13756
14057 13148 12876 13168
13006 14051 13362 13179
14071 12915 13300 13509
14195 13203 13352 13080
13499 13855 13801 12738
12902 13689 14268 13361
12814 13973 13575 13253
13392 13450 14125 12824
14150 13435 13802 12832
13806 13288 13766 13601
14141 13030 13698 13002
13365 13990 13276 13332
13155 13320 13391 14040
13124 13361 14306 13040
13351 12897 14211 13047
13526 13309 13757 13914
14181 13452 13698 12918
13213 13604 13427 13797
13071 13436 14087 13960
14130 13447 13133 12987
14043 13350 13484 13473
13340 13700 13947 13231
13628 13514 14053 13692
13091 13665 14205 13193
13135 13840 14088 13116
13654 13001 13284 13951
13151 13581 14170 13833
14024 13551 13716 12832
13757 13770 13639 13564
13185 13484 13649 13913
13856 13542 13189 13593
13124 13361 14306 13040
13755 13898 13460 13341
13683 14087 13354 13076
13976 13510 13885 13035
13155 13320 13391 14040
12948 13962 13403 13590
13780 13655 13956 13294
13153 13564 13552 14004
13742 13355 13874 13888
13717 13624 14114 13400
13248 13877 14047 13081
13148 13866 13672 14000
13744 13967 13553 13159
13909 13668 13417 13400
13654 13001 13284 13951
13324 13445 14246 13501
13872 13664 13431 13439
13426 13390 14184 13853
13860 13474 14034 13513
12762 13790 14015 13743
13947 13564 13837 13346
13426 13390 14184 13853
13295 13915 13983 13726
13421 13978 13086 13540
13245 13715 14106 13244
13336 13885 13247 13884
13911 13793 13597 13070
13582 13866 13426 13368
13955 13500 13353 13384
13796 13744 13588 13689
13421 13978 13086 13540
13776 13583 14000 13054
13523 13539 13882 13580
13334 13937 13146 13395
13558 13650 13992 13347
12948 13962 13403 13590
13626 13629 13855 13733
13923 13631 13219 13388
13991 13347 13584 13750
13374 13642 13559 13733
13481 13780 13921 13083
13361 13683 13313 13763
13471 13579 13134 13776
13659 13781 13421 13564
14013 13014 14052 13628
13556 13537 13972 13681
13618 13787 13914 13167
13331 14079 13287 13413
13453 13940 13645 13288
13449 13819 13647 13667
13456 13736 13668 13724
13138 13742 14015 13492
13456 13401 13586 13964
13915 13585 13827 13430
13480 13586 13903 13648
12722 13932 13139 13602
12762 13790 14015 13743
13872 13664 13431 13439
13722 13952 13686 13189
13314 13937 13698 13178
13245 13715 14106 13244
13456 13401 13586 13964
14013 13014 14052 13628
13606 13658 13994 13340
13812 13871 13557 13100
13361 13683 13313 13763
13449 13819 13647 13667
13456 13736 13668 13724
13480 13586 13903 13648
13336 13885 13247 13884
13923 13631 13219 13388
13331 14079 13287 13413
13295 13915 13983 13726
13595 13659 14030 13183
13722 13952 13686 13189
13860 13823 13825 13483
13812 13871 13557 13100
13966 13460 13284 13690
13310 13689 13954 13632
13860 13823 13825 13483
13991 13347 13584 13750
13556 13537 13972 13681
13298 13827 13590 13593
13298 13567 13582 13773
13595 13659 14030 13183
13481 13780 13921 13083
13966 13460 13284 13690
13298 13827 13590 13593
13298 13567 13582 13773
13453 13940 13645 13288
13310 13689 13954 13632
13659 13781 13421 13564
12665 13861 13571 13294
12693 13920 12947 13385
13194 12960 14214 13492
13271 14040 13420 12909
13448 13172 13760 13840
13471 12903 13991 13615
13753 13266 14009 12316
14042 13239 13293 12588
13862 13158 12964 13442
13691 13892 13181 13155
14007 13105 13430 13402
13047 13577 13694 13818
12813 13786 13873 13019
13367 13934 13681 12849
13867 13390 13187 13117
13305 13043 14160 13387
13581 13186 14036 13601
12933 13164 14160 13633
13007 13895 13558 13423
13414 13386 13955 13415
13271 14040 13420 12909
13356 13920 13254 13075
12793 13848 13747 13625
13841 13513 13533 12717
13817 13264 13927 13436
13524 13168 13591 13785
13264 13742 13778 13406
13153 13432 14130 13284
13165 13819 13760 12963
13513 13487 13894 13688
13818 13393 13651 12886
12935 13634 13466 13740
13597 13819 13379 13026
13523 13339 13228 13663
13219 13870 13450 13311
13355 13539 14008 13016
13283 13607 14112 13327
13435 13823 13532 13012
13307 13474 14073 13232
13714 13619 13864 13347
13244 13832 13223 13109
13276 13679 13448 13570
13103 13733 13953 13627
13471 12903 13991 13615
13710 13328 13335 13620
13761 13329 13642 13478
13674 12963 13775 13525
13706 13648 13600 13141
13454 13239 13609 13703
13747 13475 13331 13650
13466 13290 14079 13253
13515 13177 13398 13728
13266 13813 13745 13550
13594 12999 14024 13581
13367 13934 13681 12849
13836 13757 13503 13406
13608 13338 14072 13353
13308 13809 13560 13346
13735 13527 13472 13534
13667 13721 13613 13467
13592 13589 13632 13533
13095 13507 14122 13131
13730 13910 13504 13021
13841 13513 13533 12717
13153 13432 14130 13284
13605 13772 13430 13342
13065 13890 13216 13704
13658 12992 13657 13595
13658 12992 13657 13595
13449 13813 13760 12787
13449 13813 13760 12787
13164 13720 13864 13609
13065 13890 13216 13704
13707 13525 14034 13384
13752 13698 13562 13527
13302 13700 13757 13265
13466 13290 14079 13253
12935 13634 13466 13740
13508 13334 14028 13493
13508 13334 14028 13493
13724 13276 13671 13585
13302 13700 13757 13265
13724 13276 13671 13585
13608 13338 14072 13353
13084 13519 14117 13416
13084 13519 14117 13416
13448 13172 13760 13840
13307 13474 14073 13232
13714 13619 13864 13347
12833 13858 13411 13361
12884 13880 13402 13311
12995 13653 13628 12796
13113 13589 14110 13177
13190 13092 13245 13818
13217 12367 13927 13463
13645 13768 13132 12960
13803 13036 13617 13433
13571 12629 13593 13520
13767 13526 13365 12877
13032 13365 13164 13770
13262 13573 13891 13046
13628 13678 13360 13147
13217 12367 13927 13463
13295 13738 13475 13212
13475 13325 13419 13666
13001 13440 13805 13627
12930 13779 13542 13536
13691 13653 13235 13516
13405 13085 13612 13734
13363 13198 13749 13603
13502 12850 13577 13508
13190 13092 13245 13818
13420 13794 13448 12961
13550 13176 13978 13449
13123 13449 13982 13291
13504 13446 13305 13482
13384 13273 13883 13401
13469 13672 13331 13357
13502 12850 13577 13508
13213 13610 13758 12978
12894 13668 13844 13001
13149 13707 13564 13603
13662 13225 13559 13295
13563 13569 13668 13237
13731 13571 13468 12993
13382 13369 13849 13499
13379 13271 13891 13551
13803 13036 13617 13433
13015 13546 13564 13772
13491 13538 13750 13329
13387 13560 13724 13194
13123 13449 13982 13291
13224 13759 13468 13301
13208 13575 13733 13481
13503 13524 13667 13359
13475 13487 13502 13456
13548 13690 13569 13310
13214 13562 13831 13195
13413 13485 13689 13544
13475 13487 13502 13456
13413 13485 13689 13544
13548 13690 13569 13310
12630 13005 13749 13342
12822 13671 12894 13551
12823 13309 14010 13056
12884 13376 13458 13712
13584 13768 13105 12870
13628 12966 13541 12644
13647 12872 13333 13210
13692 13442 13283 12824
13508 13214 12939 13308
12804 13451 13972 12960
13065 13484 13148 13489
13456 13634 13456 12797
13513 13594 13286 12712
13215 13239 13696 13084
13422 13517 13293 13205
13111 13153 13411 13522
13313 13272 13268 13319
13470 13111 13118 13326
13174 13567 13577 13175
13008 13732 13109 13092
12918 12979 13612 13387
13333 13369 13535 13195
13008 13291 13170 13605
12807 13477 13361 13639
12913 13399 13660 13443
13273 13310 13521 13374
13141 13173 13376 13623
12972 13461 13474 13349
13142 13168 13870 13224
13611 13562 12918 13401
13245 13167 13909 13147
13152 13136 13911 13221
13532 13149 13961 12898
13326 13496 13742 12891
13004 13418 13996 13131
13516 12917 13846 13434
12907 13542 13271 13599
13453 13151 13821 13124
13470 13430 13534 13108
13227 13447 13497 13192
13516 12917 13846 13434
13272 13394 13476 13393
12804 13451 13972 12960
13463 13435 13509 12822
13532 13149 13961 12898
12823 13309 14010 13056
13459 13545 13105 13390
13453 13151 13821 13124
12696 13503 13224 13000
12814 13282 13143 13453
12979 13322 13762 12773
13054 13540 13228 12774
13288 13482 12753 13295
13294 12814 13793 13277
13538 12942 13036 12830
13281 13204 13192 13274
13301 13045 13662 13040
13425 13421 13512 13053
13052 13017 13781 13088
12863 13263 12796 13321
12831 13455 13307 13348
12934 13414 13426 13284
12941 12597 13659 13086
13158 12928 13163 13201
13191 13354 13347 12867
13220 12823 13142 12813
13354 13220 13399 12755
13188 13060 13265 12877
12924 13233 13097 12784
