2 0.0739893
2809 2981 3151
2869 2826 3162
2917 3441 2718
3226 2666 3025
3334 2965 2863
2828 3349 2750
3065 3121 3064
3220 3293 3041
2870 3184 3122
3299 2910 3013
3251 3111 2929
3026 3087 3110
3159 3329 2947
3159 3329 2947
3033 3037 3079
2845 2884 3159
3179 2998 3083
2914 2920 3131
3026 3087 3110
3030 2950 3087
3265 2931 3014
3265 2931 3014
3030 2950 3087
3265 2931 3014
3030 2950 3087
3265 2931 3014
2789 2924 3146
2789 2924 3146
2965 2682 3083
3040 3329 2830
3291 2890 2952
3218 3244 2932
3112 3316 2929
2965 2682 3083
3171 2972 2965
3040 3329 2830
3048 3271 3030
3005 3088 3044
2861 2992 3115
2901 3002 3056
3127 2992 3075
3172 3029 2961
3051 3087 2961
2856 2995 3081
2906 3052 3054
3005 3088 3044
2965 2682 3083
2906 3052 3054
2906 3052 3054
2663 2982 3106
2928 3317 2748
3058 2698 3060
3074 3130 2577
3222 2835 2907
2817 2945 3101
3168 3086 2741
3074 3130 2577
2938 3295 2825
3203 2774 2928
3100 2878 2964
3051 3242 2764
3136 2834 2934
2858 2924 3081
3058 2920 3040
2919 3023 3028
3032 3198 2886
3213 3040 2864
2890 3162 2983
2998 3056 3013
2866 3215 2874
3002 2812 3075
2958 3126 2944
3009 3024 2979
2954 3144 3024
2973 3096 2895
3086 3107 2880
2968 3080 2994
2883 3295 2868
3168 3086 2741
3051 3242 2764
2928 3317 2748
2970 3182 2903
2937 2985 3072
2999 2962 3075
3212 2951 2901
3099 2946 2991
2937 2985 3072
3207 3063 2878
3207 3063 2878
3099 2946 2991
3207 3063 2878
2928 3317 2748
2928 3317 2748
2937 2985 3072
2542 3231 2734
2699 3299 2720
2820 2916 3067
3028 2658 3044
3032 3066 2655
3220 2712 2739
3175 3000 2769
3206 2769 2832
2997 2828 2939
3013 3084 2808
2917 3063 2997
3011 2813 2943
2890 2959 3041
3110 2713 2854
2780 3206 2842
3152 2744 2840
2949 3035 3001
2990 2889 2981
2734 3188 2866
3017 2733 2907
3058 2899 2899
2841 3226 2837
2839 3135 2972
2911 3124 3016
2968 3154 2891
3082 2882 2896
2911 3124 3016
2768 2925 3057
2978 2914 3050
2872 3162 2855
3083 2950 2852
2962 3013 3001
3019 3203 2727
2970 3155 2814
2872 3162 2855
3001 2731 3005
2839 3135 2972
3059 2957 2875
2768 2925 3057
2972 2951 3033
3082 2882 2896
2734 3188 2866
2734 3188 2866
3011 2813 2943
3013 3084 2808
3158 3026 2839
3059 2957 2875
3158 2735 2842
2972 2944 3037
3158 3026 2839
2972 2958 3002
2972 2944 3037
2972 2944 3037
3001 2731 3005
3001 2731 3005
2839 3135 2972
2839 3135 2972
2872 3162 2855
3011 2813 2943
3013 3084 2808
3082 2882 2896
3158 3026 2839
2407 3128 2862
2656 3246 2609
2800 2792 3066
3041 2680 2885
3073 2974 2587
3149 2916 2839
2623 3205 2793
2991 3164 2694
2995 2768 2913
2743 3064 2969
3005 3091 2710
2814 3180 2831
3042 2839 2844
2826 3223 2778
2947 3019 2982
2846 3031 2934
3015 3137 2697
2967 3036 2763
3011 3025 2750
2772 3053 3009
2729 3081 2925
2967 2860 3031
2623 3205 2793
2853 2955 2995
3105 2949 2827
2909 2873 3042
2889 2946 3021
2843 3121 2805
2956 2936 2856
2705 2868 3052
2912 3048 2806
2935 3023 2991
2670 3112 2899
2783 3086 2892
3028 2973 2819
2996 2925 2871
2705 2868 3052
3022 2987 2805
3042 2839 2844
3028 2894 2869
2865 3103 2887
2944 2894 2992
2868 2949 3030
2953 2934 2904
2945 3043 2780
3105 2949 2827
2953 3069 2774
2909 2919 3005
2901 3064 2864
2803 2871 3045
2759 3095 2919
2852 3109 2819
2898 3074 2844
2670 3112 2899
2888 3047 2882
2759 3095 2919
3011 3025 2750
2852 3072 2930
3022 2987 2805
2623 3205 2793
2884 3085 2882
2884 3085 2882
2623 3205 2793
2670 3112 2899
2705 2868 3052
2759 3095 2919
2759 3095 2919
2759 3095 2919
2884 3085 2882
3022 2987 2805
3042 2839 2844
2650 3174 2790
2670 2759 3059
2961 2634 2966
2976 3103 2581
3121 2823 2817
2927 2729 3019
2701 3164 2631
2750 2932 3004
2936 2759 2933
3085 2890 2663
3027 2959 2709
3001 3085 2671
2825 2850 3037
2814 3127 2804
2919 3019 2897
2902 3048 2768
3090 2888 2815
2956 2806 2879
2806 3047 2904
2805 3077 2867
2999 3017 2725
2943 2940 2752
2808 3153 2791
2987 2905 2864
2889 2977 2990
2955 2858 2871
2940 3007 2851
2853 2917 3029
2928 3015 2966
2701 2957 2993
2682 3099 2829
3027 2959 2709
2944 2900 2879
2841 3090 2788
2887 3072 2764
2884 3073 2874
2670 2759 3059
2973 2917 2760
2724 2934 3015
2889 2977 2990
2724 2934 3015
2831 3103 2759
2940 3007 2851
2853 2917 3029
2682 3099 2829
2682 3099 2829
2805 3077 2867
2724 2934 3015
2839 3088 2807
2839 3088 2807
2839 3088 2807
2884 3073 2874
2884 3073 2874
2841 3090 2788
2889 2977 2990
2670 2759 3059
2805 3077 2867
2841 3090 2788
2853 2917 3029
3027 2959 2709
2568 3142 2787
2573 3150 2703
2770 2837 3023
2970 3015 2646
3043 2687 2792
3103 2818 2728
2885 2707 3014
2947 2816 2866
2642 3021 2843
2921 2831 2932
2982 2851 2819
2929 2961 2671
2844 2800 3023
3043 2687 2792
3076 2876 2701
2729 3008 2812
2777 3083 2770
2702 2878 2985
2732 3138 2786
2868 2912 2976
2954 2882 2839
2796 3074 2759
2842 3038 2747
2856 2932 2983
2813 2949 2972
2744 2980 2940
2675 2968 2941
2740 3053 2776
2912 2951 2959
2782 2953 2958
3078 2816 2791
2810 3034 2778
2666 3074 2827
2873 2967 2747
2844 2800 3023
2772 2972 2939
2666 3074 2827
3043 2687 2792
2543 3060 2810
2729 3099 2680
2818 2578 3016
3007 2695 2553
3070 2625 2652
2997 2759 2681
2961 2832 2702
2900 3005 2607
2867 2795 2940
2577 2716 2984
2909 2826 2857
2832 3038 2732
2779 2952 2751
2627 2929 2929
2741 2968 2922
3042 2675 2760
2637 3043 2781
2762 2697 3004
2849 2628 2983
2577 3081 2744
2677 3078 2742
2919 2899 2633
2699 2846 2960
3007 2695 2553
2839 3013 2655
3042 2675 2760
2891 2932 2808
2865 2883 2864
2734 2985 2771
2931 2705 2776
2846 2941 2826
2817 2945 2901
2844 2950 2894
2902 2858 2817
2855 2898 2948
2654 3039 2772
2929 2857 2638
2850 2922 2898
2716 3010 2772
2818 2846 2958
2895 2830 2905
2864 2880 2905
2862 2935 2760
3007 2695 2553
2619 2938 2839
2684 3064 2628
2694 2777 2958
2788 3037 2542
3006 2434 2737
3037 2671 2666
2890 2862 2705
2714 2944 2786
2681 2954 2830
2867 2728 2881
2749 2934 2901
2773 2881 2909
2860 2834 2877
2823 2912 2826
2863 2754 2938
2806 2982 2732
2885 2904 2795
2765 3030 2669
2819 2909 2875
2796 2992 2714
2847 2859 2902
2840 2897 2839
2766 2995 2666
2759 2891 2946
2763 2771 2949
2470 2833 2939
2801 2964 2650
2878 2662 2654
2600 2926 2696
2790 2738 2894
2738 2896 2898
2811 2896 2733
2803 2900 2825
2773 2796 2843
2766 2871 2859
2594 2904 2693
2595 2896 2872
2743 2724 2799
2798 2834 2761
2716 2856 2792
2731 2854 2872
2343 2802 2797
2697 2847 2712
2729 2691 2677
2597 2820 2794
2659 2661 2685
2601 2553 2596
2896 3194 3202
3136 2899 3281
3151 3367 2944
3193 3313 2910
3230 2737 3059
2994 3246 3165
2921 3111 3211
3221 3047 2986
3085 2902 3241
3117 3110 3110
3104 2957 3120
3043 3116 3082
3027 3141 3147
3185 3215 3068
3040 3001 3135
3221 3047 2986
3087 3359 3074
3222 3135 2925
3143 2919 3136
3031 2913 3144
3031 2913 3144
3031 2913 3144
2671 3311 3072
3035 2805 3246
3141 3336 2853
3166 3031 2805
3189 3030 2899
2908 3099 3205
3013 3097 3119
3097 2900 3090
3178 3000 3024
3125 2896 3210
2951 3170 3156
3124 3152 3068
3049 3233 2998
3153 3053 3002
3020 3318 2948
3043 3186 3050
2908 3099 3205
3135 3205 2916
3036 3257 2930
3066 3031 3098
3075 3327 2919
3174 3002 2938
2951 3170 3156
2908 3099 3205
3059 3248 2930
2951 3170 3156
3125 2896 3210
2908 3099 3205
2908 3099 3205
2908 3099 3205
2908 3099 3205
2908 3099 3205
2908 3099 3205
3125 2896 3210
3125 2896 3210
2716 3142 3046
2895 2591 3184
3109 2586 3012
3118 3329 2851
3187 2743 2764
3107 2607 2979
3142 2993 2829
2772 2948 3177
3004 3036 3096
2850 3029 3143
3041 2888 3160
3119 3236 2805
2749 3210 2929
2792 3170 3014
2844 3079 3163
3040 2979 3077
3058 3268 2862
2942 3124 3111
3068 2810 3050
3118 3191 2901
3132 3016 2971
2927 3132 3112
3091 2794 3032
3071 3239 2913
3046 3124 2999
3052 3092 2922
3114 3058 2957
2716 3142 3046
3022 3111 3055
3007 3165 3007
3083 3054 3010
3091 2794 3032
2941 3148 3009
2924 3173 2938
3022 3111 3055
3114 3058 2957
2924 3173 2938
3088 3194 2856
3058 3268 2862
3022 3111 3055
2924 3173 2938
3088 3194 2856
3058 3268 2862
2924 3173 2938
3007 3165 3007
2716 3142 3046
3007 3165 3007
3022 3111 3055
3022 3111 3055
3022 3111 3055
3022 3111 3055
3058 3268 2862
3058 3268 2862
3058 3268 2862
3058 3268 2862
3091 2794 3032
2642 2846 3150
3036 2691 3158
3067 2614 3049
3098 3258 2835
3112 3011 2803
3130 2965 2937
2698 2927 3134
2761 3139 2977
2848 3088 3043
2934 2827 3101
3124 3008 2864
2975 3194 2849
3066 2730 2976
2982 3173 2892
3092 2775 2966
2780 2855 3112
2896 2692 3107
2898 3131 3012
2820 3068 3095
2801 3077 3078
2642 2846 3150
3040 2937 3064
3072 2969 2947
2961 3092 2895
2921 3061 3029
2791 3127 3019
3097 3083 2899
3084 3025 2929
3011 3037 2965
3002 3035 2980
2997 3018 3065
2780 2855 3112
2973 3048 3022
3084 3025 2929
3002 3022 3029
2977 3068 2959
2973 3048 3022
2977 3068 2959
2977 3068 2959
3002 3035 2980
3002 3035 2980
2780 2855 3112
2973 3048 3022
3084 3025 2929
2657 3186 2840
2782 2599 3119
3011 3254 2752
3055 3062 2736
3118 2884 2770
2740 3221 2826
2916 3046 2987
3038 2932 2979
2957 3168 2877
2844 3130 2886
2800 2950 3087
2878 3234 2792
3003 2767 3052
2657 3186 2840
2807 2882 3075
2846 3088 2951
2989 3018 2953
3013 2852 3019
3103 2679 2918
2874 3077 2998
3103 2679 2918
3061 2803 2873
2968 3231 2779
2780 3006 3073
3075 2934 2851
3084 3027 2807
3049 2775 2921
3009 2975 2929
3094 2812 2841
2965 2968 3064
3013 3204 2820
3017 2811 3015
3105 2888 2825
3053 3117 2801
2995 3002 3006
3058 2946 2914
2992 2971 3032
2846 3075 3041
3060 2982 2848
2657 3186 2840
3079 3052 2843
2790 3105 3008
2790 3105 3008
2844 3130 2886
3003 2767 3052
3058 2946 2914
3109 3007 2823
3109 3007 2823
3103 2679 2918
3061 2803 2873
3003 2767 3052
3061 2803 2873
3109 3007 2823
2844 3130 2886
3058 2946 2914
3109 3007 2823
2600 2812 3075
2600 2812 3075
2654 3175 2734
3033 3079 2711
3088 2640 2880
3102 2896 2813
2718 2942 3039
2802 2996 2971
3090 2992 2795
2987 2762 3013
2686 3055 2907
2997 2966 2861
3015 2718 2958
2916 3130 2829
2976 2983 2993
3032 2844 2931
2897 3151 2817
3021 2953 2840
2876 3086 2831
2690 3054 2986
3045 2927 2892
2997 2724 3006
3066 2916 2804
2944 2859 3059
3043 3011 2730
3068 2867 2823
2845 3035 2954
2945 2995 2964
3015 2750 2947
2994 2976 2943
2924 3007 2832
2858 3033 2904
2906 3021 2900
3052 2866 2838
2833 3054 2960
2940 3030 2804
2997 2836 2952
2906 2839 3062
2833 3054 2960
2876 3086 2831
3077 2839 2831
3013 3026 2818
2899 3029 2958
3013 3026 2818
3013 3026 2818
2833 3054 2960
2876 3086 2831
2660 2923 2989
2856 3130 2806
2893 3104 2483
2944 2770 3039
3043 2628 2807
3059 2788 2781
2716 3054 2936
3029 3048 2674
2805 3046 2901
3000 2745 2934
2760 2859 3007
2906 2997 2870
3001 3010 2779
3044 2930 2752
2858 3047 2711
2762 2923 2976
2956 2952 2975
2976 2823 2950
2917 2978 2947
3013 2903 2825
2934 2982 2930
2860 2821 3025
2911 2829 3013
2814 3106 2821
3036 2982 2753
2885 2882 2991
3041 2807 2800
3059 2788 2781
3020 2802 2835
2814 3106 2821
2968 2952 2837
2880 2891 2993
3029 3048 2674
3000 2745 2934
2968 2952 2837
2880 2891 2993
2968 2952 2837
3029 3048 2674
2880 2891 2993
2814 3106 2821
3000 2745 2934
3059 2788 2781
2599 3122 2693
2599 3122 2693
2822 3103 2593
2890 2764 3017
3058 2610 2735
3014 2710 2750
2981 2702 2869
2950 2651 2871
3039 2707 2658
2638 2840 2990
2797 3055 2787
2932 3029 2604
2677 2801 2999
2777 2873 2915
2900 2864 2894
2827 2934 2898
2814 3065 2661
2724 2886 2906
2627 3025 2934
2748 3074 2809
3058 2610 2735
2878 2842 2981
2942 2794 2963
2894 2812 2980
2965 2800 2778
2692 3012 2933
2965 2999 2709
2945 2918 2802
2763 3002 2824
2703 2972 2848
2709 2936 2952
3021 2954 2722
2883 2922 2882
2754 2958 2829
2754 3096 2602
2730 2939 2873
2932 3029 2604
2943 2843 2960
2696 2982 2848
2891 2944 2855
2890 2988 2722
2599 3122 2693
2890 2945 2806
2450 3017 2919
2807 3102 2580
2859 2750 3017
2940 2641 2919
2998 2727 2694
2660 2967 2916
2979 2646 2804
2673 2878 2903
2951 2704 2774
2924 2973 2701
2859 2909 2875
2729 2954 2775
2932 2877 2663
2896 2811 2921
2743 3039 2770
2930 2790 2963
2739 2800 2965
2868 2877 2849
2780 2945 2724
2941 2860 2677
2880 2839 2819
2753 2932 2827
2876 2931 2768
2937 2829 2733
2788 2823 2917
2752 2927 2880
2935 2828 2885
2784 2911 2826
2663 2831 2964
2471 2889 2769
2711 3073 2543
2743 2587 3006
2936 2508 2871
2954 2682 2626
2568 2802 2929
2702 2663 2968
2722 2997 2675
2910 2575 2777
2660 3031 2752
2541 2877 2879
2939 2829 2596
2637 2739 2958
2705 2925 2716
2902 2738 2709
2789 2827 2842
2762 2863 2815
2869 2580 2947
2841 2912 2736
2887 2921 2672
2901 2694 2732
2670 2666 2958
2763 2856 2837
2826 2784 2825
2896 2778 2860
2815 2747 2904
2837 2756 2869
2883 2738 2906
2721 2835 2878
2804 2779 2874
2708 2782 2883
2559 2687 2950
2692 2981 2451
2702 2621 2909
2886 2773 2601
2832 2896 2730
2842 2875 2621
2690 2696 2845
2696 2766 2840
2679 2766 2795
2797 2851 2727
2791 2759 2651
2880 3553 2966
3171 3159 2815
3310 3123 3295
3026 3397 3263
3028 3394 3169
3097 3252 2967
3158 3222 2959
3139 3132 3052
3171 3159 2815
3041 3515 3141
3091 3212 2990
3047 3462 3151
3076 3468 3113
3076 3468 3113
3047 3462 3151
3091 3212 2990
3091 3212 2990
3091 3212 2990
3047 3462 3151
3091 3212 2990
3091 3212 2990
3091 3212 2990
3091 3212 2990
3091 3212 2990
3171 3159 2815
3171 3159 2815
3171 3159 2815
2704 2986 3177
2948 2900 3213
3008 3508 3132
3139 3118 2763
3224 2990 2950
2861 2958 3161
3071 3350 3047
3138 3213 2932
3212 3007 2878
3200 3053 2786
2704 2986 3177
3183 2939 3061
3188 3069 3014
3009 3052 3089
3021 3442 3043
3048 2948 3120
3022 3432 3001
2949 3408 3135
3118 3175 2943
3213 2994 2885
2948 2900 3213
3111 3150 2946
3201 2965 2964
2704 2986 3177
2949 3408 3135
3201 2965 2964
3111 3150 2946
3111 3150 2946
2948 2900 3213
2949 3408 3135
2949 3408 3135
3111 3150 2946
3111 3150 2946
2630 3377 2926
2877 2731 3163
3108 3076 2566
3187 2934 2893
2859 2928 3135
3148 3011 2697
3101 3183 2840
3112 3072 2813
3009 2762 3068
3061 3264 2890
3065 2862 3016
3042 2858 3054
3123 3042 2995
3139 2965 2826
2903 3033 3098
3041 3325 3041
2966 3294 3046
2982 3124 3082
2925 3358 3083
3004 2743 3102
2982 3124 3082
3031 2757 3055
2947 2983 3085
3119 3061 2910
3000 3351 3045
3004 2911 3088
2942 3308 3090
3055 3314 2837
3105 3026 3001
3001 3278 3064
3121 3049 2857
3136 2994 2900
3121 3049 2857
3136 2994 2900
3004 2911 3088
2982 3124 3082
3004 2911 3088
3004 2911 3088
3121 3049 2857
2607 3356 2977
2818 2785 3134
3058 3186 2711
3112 2730 2917
3164 2749 2804
2789 3242 3073
3148 2787 2838
3074 2911 2999
3128 2922 2859
3113 2980 2712
2992 3077 2955
3090 3180 2830
3111 2992 2905
2831 3066 3049
2930 2979 3088
2970 2961 3036
2989 3299 3010
3025 3137 2928
2913 3303 2987
2868 3052 3042
3022 3241 2931
2906 3032 3069
2940 2988 3016
2998 3046 2933
3075 3006 2910
2886 3156 3039
3027 2945 2994
2898 3069 3027
2799 3044 3086
3027 2945 2994
2923 3153 3011
2799 3044 3086
2923 3153 3011
2799 3044 3086
2799 3044 3086
2693 2963 3083
2815 2589 3098
2954 3269 2958
3025 3103 2615
3120 2804 2800
3071 2750 2948
2777 3216 2977
3032 3085 2766
2964 3247 2717
2728 2971 3049
3100 2992 2849
2878 2798 3087
2924 2960 3035
2697 2893 3087
3057 3064 2686
3009 3140 2916
2814 2877 3053
3031 3090 2649
2965 2817 3021
3081 2936 2886
2840 3122 3023
2994 3182 2826
3065 3024 2829
2997 3220 2779
2938 3047 2991
2985 3162 2900
2971 3207 2888
3073 2995 2869
3068 3062 2679
2875 3239 2959
2845 3006 2998
2854 3246 2976
2814 2877 3053
2853 2974 3048
2945 2801 3035
2990 2939 2982
2954 3269 2958
3077 3052 2794
3027 2943 2907
2985 3139 2963
2979 2943 3001
2979 2943 3001
2979 2943 3001
3077 3052 2794
2985 3139 2963
3077 3052 2794
2985 3139 2963
2954 3269 2958
2500 2903 3070
2736 2648 3058
2821 3262 2919
3025 3029 2629
3094 2652 2722
2721 3075 3002
2983 3157 2714
2787 2774 3008
2557 3107 2965
2959 2663 2968
3092 2837 2783
3067 3017 2759
3001 3053 2722
2988 2897 2954
2557 3107 2965
2952 3212 2956
2942 2716 3028
3092 2837 2783
3077 2977 2818
3017 2782 2906
3081 2967 2829
2950 2720 2962
2879 3019 2990
2932 3238 2936
2936 2954 2981
3043 2931 2882
3001 2983 2858
2920 3243 2924
3028 2931 2886
3042 2980 2859
2942 2716 3028
2980 3137 2718
2955 3122 2827
2903 3246 2918
2943 2934 2989
3000 3009 2893
2879 3019 2990
2955 3140 2819
2903 3246 2918
3012 3068 2719
3017 2782 2906
2981 2963 2938
3011 3000 2765
2989 3107 2896
3011 3000 2765
2989 3107 2896
2950 2961 2960
3011 3000 2765
3092 2837 2783
2981 2963 2938
2557 3107 2965
2879 3019 2990
3092 2837 2783
2942 2716 3028
2989 3107 2896
3017 2782 2906
2598 3248 2804
2934 2711 3028
2967 2663 2923
3055 3008 2472
3074 2922 2794
2947 3183 2642
2835 3226 2697
3055 3008 2472
2725 2805 2988
2647 3047 2958
2689 2969 2961
2777 2748 3006
2897 3121 2925
2817 3085 2951
2985 2869 2865
2643 2823 3002
2843 2796 2988
3003 2948 2842
2958 3095 2887
2928 2752 2958
2947 3167 2900
2795 3153 2923
2902 2925 2969
2860 3120 2946
2992 2982 2821
2973 3007 2881
2910 3188 2922
3045 2741 2819
3002 2858 2861
2941 3204 2827
3063 2846 2802
2917 3215 2813
2860 3120 2946
3045 2741 2819
2796 3209 2882
3059 2828 2807
3003 2948 2842
3058 2960 2804
3003 2948 2842
3003 2948 2842
3045 2741 2819
3055 3008 2472
2623 2647 2969
2828 3203 2687
3017 2629 2783
3029 2954 2599
3061 2704 2767
2702 3081 2945
2782 3114 2933
3053 2807 2746
2949 3010 2861
2848 2921 2938
2878 3179 2656
2955 2974 2850
2682 3149 2922
2825 2868 2939
2793 2963 2893
3024 2778 2766
2952 3095 2787
2984 2691 2863
2924 3083 2822
3050 2833 2615
2923 3143 2877
2975 2946 2829
3023 2945 2667
2987 2788 2774
3041 2953 2615
2686 3165 2907
2909 2852 2917
2903 3164 2752
2876 2862 2929
2892 2779 2958
2930 2953 2882
3012 2947 2773
2892 2858 2946
3041 2953 2615
2532 3037 2888
2548 3135 2869
2719 2748 2951
2859 2620 2900
2961 2924 2433
3040 2659 2764
2627 3072 2886
3030 2879 2548
2652 3135 2722
2662 2863 2935
2730 2691 2935
2947 2977 2587
2739 3015 2920
2951 2883 2826
2907 3131 2865
3006 2841 2622
2765 2768 2915
2840 2779 2903
2904 3039 2867
2994 2907 2756
2944 2820 2844
2915 2952 2787
2796 2806 2898
3013 2745 2643
3025 2735 2669
2921 2936 2874
2911 2978 2625
2822 2828 2886
2968 2812 2774
2753 3032 2892
3024 2735 2755
3025 2735 2669
2803 2956 2868
2959 2808 2779
2947 2955 2757
3025 2735 2669
2546 3028 2740
2674 2648 2922
2691 3128 2731
3005 2690 2553
2921 2952 2682
2858 3043 2591
2882 2855 2807
2796 3026 2778
2738 2891 2886
2793 3095 2695
2848 3010 2854
2991 2905 2731
2897 2956 2760
2879 2908 2833
2774 3099 2687
2880 2869 2849
2760 2966 2865
2733 3038 2734
2895 2905 2798
2868 2901 2874
2737 2975 2863
2873 2968 2823
2870 3002 2740
2793 3036 2735
2357 3007 2795
2646 3093 2671
2683 3058 2310
2688 2862 2876
2869 2724 2808
2977 2810 2727
2902 2894 2559
2378 2991 2746
2605 3051 2680
2774 2745 2871
2848 2860 2865
2661 2948 2712
2651 3081 2599
2837 2928 2795
2832 2945 2593
2842 2898 2824
2359 3033 2653
2576 2679 2863
2647 3046 2530
2859 2798 2511
2964 2738 2685
2556 2970 2551
2679 2880 2786
2918 2722 2711
2784 2831 2676
2880 2744 2636
2840 2807 2862
2562 2742 2850
2651 2869 2561
2811 2508 2852
2916 2720 2478
2857 2623 2705
2755 2809 2592
2829 2799 2793
2621 2857 2590
2834 2744 2819
2630 2424 2777
2751 2776 2705
2817 2689 2737
2737 2620 2770
2657 2730 2698
2511 2622 2547
2631 2924 3185
2814 3392 3050
2887 2865 3294
3103 2717 3172
3154 3185 2726
3280 3040 2881
3205 3111 2974
3106 3158 2810
2952 2833 3222
2672 2985 3141
3060 2758 3090
2830 3351 3022
2932 3387 2925
2811 2977 3141
2959 3323 2957
3021 3285 2742
3190 3042 3073
2631 2924 3185
2866 3238 3118
2938 2947 3166
3000 2872 3206
3021 3285 2742
2996 2949 3131
2672 2985 3141
2866 3238 3118
3040 3172 3114
3000 2872 3206
2998 3180 3101
3190 3042 3073
2866 3238 3118
2814 3392 3050
3040 3172 3114
2996 2949 3131
2996 2949 3131
2814 3392 3050
2814 3392 3050
3021 3285 2742
3040 3172 3114
2713 3340 2934
2742 2660 3159
2763 2636 3119
2940 3215 2689
3200 2997 2888
3193 3099 2799
2854 3222 2859
3114 3035 2959
2930 3323 2858
3110 2726 3032
2924 2791 3094
2819 3172 3015
2981 2956 3010
2983 2834 3041
3050 3128 2707
2789 3193 2874
3028 3090 2986
2888 3162 2933
3066 3084 2908
2895 2874 3114
2943 2981 3056
2949 2907 3042
3092 3064 2879
3031 3147 2980
2742 2660 3159
3084 3106 2897
2929 3128 3085
2761 2896 3129
3050 3128 2707
3200 2997 2888
2750 2924 3145
3052 3037 2981
2750 3207 2891
2756 3192 3116
3051 2875 3028
3060 2810 3028
3088 2989 2984
3060 2810 3028
2750 2924 3145
2750 2924 3145
2895 2874 3114
2742 2660 3159
2742 2660 3159
2742 2660 3159
2750 2924 3145
2750 2924 3145
3060 2810 3028
2532 2812 3113
2705 3293 2882
2742 2596 3132
2875 3181 2633
3127 2908 2661
2544 3052 3094
2786 3188 2834
2831 2735 3107
2914 3008 2984
3035 3037 2930
3061 2695 3024
3103 3051 2744
2751 2745 3105
2956 3139 2720
2937 2940 3047
2972 3097 2968
2970 3129 2905
2864 3141 2950
2767 3180 2869
3081 2930 2812
3112 2852 2695
2890 2960 3020
3098 3003 2798
3091 2894 2865
3114 2977 2652
3095 3091 2684
3053 2860 2978
3108 3061 2731
2754 3149 3036
2869 2893 3063
3062 2815 2869
2885 3126 3054
3006 2983 2958
3001 3081 2979
3013 3047 2957
3045 3060 2877
2731 3182 2879
2994 2837 3014
3060 2703 2980
3027 2926 2954
3096 2996 2811
3060 3001 2840
2994 2837 3014
2717 2914 3068
3029 2700 3026
2870 2742 3074
2994 2837 3014
3004 2839 2983
2754 3131 3049
2717 2914 3068
2754 3149 3036
3098 3003 2798
3060 3001 2840
3054 2970 2952
2885 3126 3054
3054 2970 2952
2870 2742 3074
3098 3003 2798
2870 2742 3074
2717 2914 3068
2885 3126 3054
3098 3003 2798
2754 3149 3036
2994 2837 3014
3060 3001 2840
2615 2711 3082
2700 3276 2846
2992 2510 3003
3054 2986 2580
3094 2832 2772
2753 3158 2649
2696 2723 3057
3002 3017 2612
2704 2634 3074
3031 2526 2973
3025 2812 2911
2958 3047 2940
2972 3080 2838
2868 2607 3059
2885 3083 2864
2792 3059 3052
3000 2943 2894
2829 3102 2964
2854 3082 2985
2903 2896 3022
2932 2937 2961
3054 2986 2580
2809 2966 3022
2913 3113 2756
2797 2894 3041
3017 2992 2701
3078 2884 2853
2942 3113 2754
2988 2989 2708
2942 3125 2694
3053 2628 2962
2754 3109 2796
2733 3130 2777
2754 3109 2796
2890 2926 2999
3023 2939 2930
3078 2884 2853
2993 2813 2967
2868 2607 3059
2733 3130 2777
2890 2926 2999
2754 3109 2796
2942 3125 2694
2733 3130 2777
3022 2965 2852
2942 3125 2694
3021 2972 2852
2986 3067 2853
2986 3067 2853
2988 2989 2708
2986 3067 2853
2988 2989 2708
2868 2607 3059
2890 2926 2999
3054 2986 2580
3078 2884 2853
2550 3088 2781
2659 2623 3066
2933 3098 2679
3022 2872 2552
3053 2550 2822
3077 2746 2736
2630 3090 2765
2782 2574 3029
2760 2698 3028
3026 2856 2741
2740 2717 3048
2878 2967 2898
2978 2912 2870
2684 2909 3052
2981 3000 2804
2838 3042 2821
2956 2725 2963
3014 2826 2777
2813 3051 2832
2999 2947 2738
2698 3070 2978
2879 2769 3019
2649 3083 2900
2952 2746 2935
2922 2876 2938
2991 2794 2918
3051 2794 2716
2903 3080 2796
2762 2809 3027
2777 3033 2997
2794 3024 2890
2717 2891 2999
2895 2866 3015
2913 3015 2885
2756 3074 2972
2938 2961 2873
3020 2825 2848
2717 2891 2999
2883 3097 2698
2757 3059 2926
2915 3088 2697
2787 3030 2839
2888 3050 2814
2935 2796 2891
2889 3091 2721
2889 2886 2890
2769 3067 2883
2960 3042 2738
2991 2794 2918
2758 3091 2735
2769 3067 2883
2896 3090 2718
2960 3042 2738
3020 2825 2848
2981 2955 2836
2981 2955 2836
2924 3043 2739
2924 3043 2739
3020 2825 2848
2717 2891 2999
2758 3091 2735
2758 3091 2735
2769 3067 2883
2577 3090 2615
2577 3090 2615
2656 2857 3050
2834 2554 3013
3025 2844 2541
3026 2639 2624
2827 2699 3005
2925 2595 2950
2706 2889 2958
2855 3005 2858
2602 3025 2907
2895 2651 3003
2959 2763 2905
3009 2826 2771
3012 2819 2677
2878 2879 2868
2887 3017 2583
2756 2973 2878
2984 2836 2701
2914 2922 2747
2936 2767 2823
2772 2958 2916
2850 3038 2714
2774 3068 2790
2845 3058 2707
2943 3016 2733
2960 3011 2608
2922 2781 2913
2800 2805 2987
2794 2953 2887
2890 2842 2962
2836 2934 2878
2931 2793 2817
2970 2911 2811
2727 3074 2901
2943 2945 2746
2903 2963 2858
2792 3019 2862
2577 3090 2615
2800 2805 2987
2746 3069 2799
2883 2824 2984
3012 2819 2677
2935 2906 2815
2976 2833 2815
2835 3028 2807
2727 3074 2901
2749 3023 2952
2884 2847 2902
2727 3074 2901
2746 3069 2799
2883 2824 2984
2746 3069 2799
2800 2805 2987
2883 2824 2984
3012 2819 2677
2372 2856 3050
2738 3060 2747
2931 2646 2901
2944 2876 2536
3008 2729 2710
2482 3054 2801
2580 2710 2997
2868 2929 2774
2621 3025 2858
2966 2790 2638
2789 2712 2976
2515 3034 2770
2958 2819 2623
2856 2755 2975
2695 2974 2940
2574 3030 2818
2889 2976 2661
2926 2987 2546
2911 2906 2649
2918 2882 2591
2653 2896 2951
2688 3007 2800
2951 2873 2704
2873 2990 2731
2886 2788 2936
3008 2729 2710
2778 2840 2895
2745 3056 2596
2943 2764 2812
2783 2829 2912
2720 2892 2885
2580 2710 2997
2745 3043 2764
2731 2834 2958
2786 2893 2841
2719 2900 2900
2729 2975 2798
2948 2742 2852
2937 2750 2896
2955 2745 2849
2580 2710 2997
2462 2987 2806
2686 2800 2947
2724 3020 2533
2900 2523 2874
2918 2928 2408
2977 2700 2538
2561 2957 2890
2747 2571 2938
2891 2827 2635
2507 2825 2909
2915 2740 2682
2826 2779 2877
2867 2608 2901
2777 2879 2825
2633 2807 2883
2855 2970 2644
2946 2649 2839
2682 2845 2863
2717 2999 2733
2668 2956 2775
2651 2954 2846
2764 2923 2706
2803 2897 2756
2691 3009 2757
2880 2673 2692
2914 2647 2868
2755 2902 2725
2908 2662 2718
2796 2985 2685
2799 2682 2919
2801 2687 2885
2687 2806 2850
2532 2856 2878
2667 2997 2407
2668 2688 2929
2816 2746 2861
2608 2912 2757
2779 2949 2661
2807 2850 2627
2680 2775 2882
2798 2831 2719
2697 2849 2725
2665 2950 2735
2637 2926 2711
2757 2777 2559
2794 2740 2822
2689 2827 2600
2535 2918 2484
2705 2580 2725
2677 2782 2588
2711 2771 3231
2846 3397 3049
3082 3295 2970
3309 2927 3220
3232 3077 3095
3303 3105 3043
3001 3351 3112
3234 3162 3004
3181 3239 2991
3173 3145 3153
3128 3259 3171
2968 3276 3136
2939 3375 2988
3264 3000 3112
3092 3053 3202
3035 3078 3178
3049 3052 3204
2964 3085 3219
3264 3000 3112
2939 3375 2988
3234 3162 3004
3049 3052 3204
3234 3162 3004
2756 3207 3052
2878 3309 3016
3012 2987 3200
3137 2778 3072
3259 3005 2841
3274 2859 3021
2859 3147 3107
2952 3289 2881
3205 3127 2987
3069 2921 3185
3060 3223 2998
2885 3179 3089
3178 3150 2908
3114 3138 3134
2940 3279 2997
3245 2987 2955
3135 3045 3063
3119 2847 3161
3021 3168 3011
3229 2899 3008
3192 2821 3039
3225 3072 3009
3077 2865 3175
2924 3303 2901
3135 2842 3176
2919 3302 2941
2919 3302 2941
3192 2821 3039
3087 3143 3073
3096 3148 2953
2932 3299 2863
3116 3086 3101
2932 3299 2863
3077 3153 3003
3116 3086 3101
3077 2857 3193
3116 3086 3101
2878 3309 3016
3077 2857 3193
3077 2857 3193
2878 3309 3016
2878 3309 3016
2919 3302 2941
3077 2857 3193
3077 2857 3193
3077 2857 3193
3077 2857 3193
3116 3086 3101
2778 3260 2882
2967 2825 3169
3047 2710 3116
3193 3023 2852
3259 2795 2915
2896 2940 3138
3145 3108 2926
3132 2783 3006
3066 3126 3074
2839 2960 3147
3078 2980 3112
2779 2964 3149
3095 3069 3086
2860 3237 2891
3132 2783 3006
3013 3167 2873
2996 2798 3129
2987 3210 2978
3033 3046 3113
3098 3136 2994
3189 3062 2996
3012 3147 2984
2862 3229 2880
2987 3210 2978
2987 3210 2978
3087 3138 2979
3066 3126 3074
2865 3176 3077
2865 3176 3077
2865 3176 3077
3189 3062 2996
2865 3176 3077
2865 3176 3077
2865 3176 3077
2865 3176 3077
2987 3210 2978
2987 3210 2978
3132 2783 3006
3132 2783 3006
2635 3210 2892
2748 3215 2820
2945 2693 3169
2977 3132 2764
3112 2634 2998
3191 2822 2772
2711 2933 3109
2889 2915 3091
3049 3068 2959
3159 2836 2932
2868 3183 2871
2772 2833 3135
3047 3114 3041
2871 2700 3155
2803 2778 3113
3002 2691 3082
2931 3046 3069
2994 2741 3065
3094 3038 3019
2858 3206 2837
3065 2806 3028
2947 2963 3084
3029 3125 2911
3171 2866 2887
3133 2835 2990
2828 2786 3096
2976 3181 2950
3129 3002 2819
3125 2974 2954
2858 3160 3005
3113 3027 2893
3171 2866 2887
2835 3171 2991
2776 3166 3027
3041 2802 3055
2857 3204 2958
2998 3008 3053
3106 3003 2903
3016 2722 3072
2803 2778 3113
3016 2722 3072
3129 3002 2819
2980 2785 3068
2980 2785 3068
2980 2785 3068
3016 2722 3072
2980 2785 3068
2980 2785 3068
2980 2785 3068
2980 2785 3068
3129 3002 2819
2702 2827 3098
2857 3179 2578
2900 2709 3063
3129 2843 2844
2793 2843 3074
2754 3168 2744
2985 3105 3004
2972 3023 3025
3076 2907 3007
2877 3145 2678
3015 3043 2993
3113 2987 2799
3094 2746 3018
2815 3156 2896
2944 2791 3059
2875 3164 2781
2736 3165 2919
3048 2960 2874
2993 3114 2935
3114 2925 2864
2915 3124 2916
2794 3120 2959
2900 2709 3063
2877 3145 2678
3071 2937 2812
2759 3040 3064
2849 2968 3049
2807 2943 3056
2835 3132 2836
2907 3135 2835
3102 2823 2931
3033 2756 3051
2952 2800 3047
3022 3036 2875
3012 3118 2867
2947 2908 3040
2877 3145 2678
3020 3125 2813
3033 2756 3051
2947 2828 3042
3105 2804 2982
3105 2804 2982
3105 2804 2982
2944 3129 2872
3022 3036 2875
2900 2709 3063
3033 2756 3051
2620 2880 3060
2872 3162 2735
2873 3128 2669
3054 2587 2994
3096 2924 2802
2778 2646 3041
2768 2741 3056
2652 3161 2818
2730 3016 3021
2962 3125 2773
3003 3119 2699
2887 3126 2827
3039 2766 2926
3024 2960 2801
2696 3046 3003
2948 2799 3015
3008 3103 2847
2930 2839 3036
2750 2973 3057
2811 2848 3012
2848 3091 2939
3084 2966 2724
2810 3087 2988
3027 2876 2980
2927 3092 2930
2839 2969 3008
2958 3076 2959
3064 2864 2901
2990 3030 2953
2934 3097 2869
2971 2791 2992
2696 3046 3003
2879 3104 2910
3000 2938 2956
2772 3004 2997
2934 2924 2963
3062 2886 2897
2928 3101 2881
2769 3130 2873
2847 2992 2960
3062 2886 2897
2843 2861 2982
3084 2966 2724
2986 3043 2909
2875 3097 2922
2971 3037 2955
2997 3035 2869
2931 3090 2907
2927 3092 2930
2769 3130 2873
2874 3082 2954
2874 3082 2954
2874 3082 2954
2927 3092 2930
2696 3046 3003
2769 3130 2873
2495 2991 2943
2628 2675 3041
2804 3146 2550
3088 2751 2575
3072 2901 2692
3046 2784 2859
2976 3014 2873
2819 3136 2627
3008 3073 2746
2541 3124 2833
2584 3002 2937
2888 3064 2898
3013 2868 2806
2980 2888 2764
2824 2802 3016
2758 2833 2993
2748 3122 2641
2718 2966 3003
2690 2968 2985
2856 2762 2989
2840 3114 2801
2761 2942 2938
2740 3145 2673
2899 3085 2669
2954 3069 2892
2923 2759 3028
2923 2850 2975
2842 2911 2949
2834 2925 2938
2986 2840 2971
2633 2971 3008
2875 3082 2827
2900 2975 2931
2822 3096 2841
2946 2850 2927
2840 3104 2823
2774 3097 2825
2828 2876 2965
2794 2974 2937
2842 3011 2905
2660 3124 2802
2660 3124 2802
2828 2794 2987
2950 2880 2922
2715 3076 2921
2715 3076 2921
2900 2894 2933
2842 3011 2905
2746 2967 2970
2522 2914 2931
2794 3109 2561
2834 2591 3023
3030 2771 2815
2684 3091 2672
2824 2682 2995
2560 3072 2851
2652 3073 2799
2939 2993 2877
2940 2933 2768
2873 3001 2831
2733 2917 2914
2989 3029 2726
3014 2728 2832
2783 2749 3019
2995 3069 2700
2528 2877 3007
2963 2702 2957
2531 2823 2966
2728 2906 2952
2914 3043 2803
2772 3067 2801
2716 3072 2716
2982 2844 2776
2995 2789 2778
2961 2925 2742
2891 2862 2904
2894 2726 2979
2941 2866 2744
2935 2838 2901
2680 2908 2942
2697 2871 2962
2897 3054 2829
2905 2811 2957
2830 3061 2789
2912 3000 2885
2790 2815 2973
2787 3061 2896
2789 2868 2942
2613 3067 2793
2753 2708 3015
2758 2284 2967
2949 2989 2677
2677 2790 2936
2854 2570 2944
2749 2735 3008
2896 3048 2754
2827 2630 2946
2909 2843 2858
2865 2939 2883
2906 2579 2899
2760 2700 2949
2911 2885 2777
2784 2987 2873
2915 2830 2893
2939 2730 2870
2835 2747 2944
2886 2975 2762
2771 3044 2875
2902 2969 2876
2754 3066 2773
2619 3035 2839
2715 2537 2982
2893 2966 2773
2904 2792 2780
2804 2702 2910
2636 2739 2944
2830 2551 2921
2889 2851 2861
2687 3011 2842
2814 2932 2846
2741 2801 2875
2893 2596 2875
2859 2752 2889
2723 2718 2973
2734 2981 2868
2873 2736 2876
2722 2738 2890
2589 2962 2818
2640 2675 2960
2873 2950 2577
2886 2765 2660
2762 2843 2772
2775 2916 2591
2657 2716 2923
2726 2868 2845
2854 2702 2713
2703 2949 2867
2761 2937 2715
2859 2912 2705
2672 2960 2852
2627 2679 2922
2644 2631 2858
2678 2935 2830
2682 2855 2661
2748 2669 2722
2703 2807 2828
2722 2830 2755
2677 2850 2821
2566 2849 2759
2634 2624 2768
2656 2572 2418
2661 2571 2761
