1440 238.824
7378 7771 8216 8602
7503 7620 9651 7414
7601 7555 7890 8825
7928 9213 7310 7520
8029 6967 8520 8457
8122 9430 8175 6822
8584 8947 8428 6671
9075 7580 8108 6827
8158 9323 7794 7019
7829 9369 8274 6925
7930 7457 9380 7679
8902 8504 8411 7068
9012 8102 8461 7188
7679 7898 9498 7345
7637 7127 7835 8756
7485 7487 9594 7451
7549 7650 9444 7726
7560 7366 8036 8687
8840 8681 8245 7062
8589 8614 8682 6716
7762 7256 8205 8636
7433 7666 8678 8435
7724 7507 8051 8569
8066 8172 7499 8256
7868 7685 9279 7714
7747 7862 8762 8288
8029 6967 8520 8457
7708 7297 8254 8661
8696 8825 8383 7120
7637 7127 7835 8756
7916 7219 8058 8685
7992 8152 9080 7783
7821 8082 9176 8059
8097 8676 7812 7780
7641 7652 8582 8486
7964 8015 7594 8218
7972 7937 9018 7975
8420 9115 8326 7315
7761 7788 8734 8206
8126 8247 7504 8143
8128 8441 8846 7902
8751 8900 8375 7232
7646 7719 8628 8349
7665 7967 8713 8199
8223 8947 8196 7613
7572 7949 8815 8112
7873 8455 7650 8250
8652 8771 8526 7204
8761 8728 8401 7172
8509 9046 8324 7361
8227 8438 8614 7560
7948 8124 9139 8088
8287 8389 8898 7780
8051 8298 8925 7932
8689 8888 8442 7240
8798 8767 8393 7147
7854 8020 9241 8067
7493 7531 8633 8375
8533 8486 8559 7147
7700 8051 8656 8102
8256 8762 7885 7754
8403 9055 7914 7396
7877 8405 7693 8293
8052 8585 7551 8048
8336 8844 8011 7533
8621 8972 8255 7331
8350 9086 8342 7424
8376 9033 7975 7498
8259 8394 8966 7817
8024 8479 8125 8055
7907 8494 7768 8207
8137 8350 8824 8083
8408 8516 8537 7299
8225 8714 7955 7659
7666 8083 8790 8185
8592 8781 8368 7406
8016 8195 9031 7931
8396 8926 8072 7504
7919 8202 9063 7864
7861 8121 9196 7997
8777 8589 8554 7265
8062 8094 7516 8139
8188 8568 8439 7911
7831 8215 8955 7847
8267 8366 8945 7842
7641 7778 8581 8385
7615 8187 9058 8034
7451 7544 8690 8379
8487 8983 8491 7301
8068 8168 9053 7858
7839 8030 9254 7962
8360 8869 7950 7633
8056 8052 7582 8283
8423 8770 8532 7593
7462 7563 8680 8334
8446 8386 8574 7195
7990 8164 8831 7933
8187 8508 8801 7814
7868 8034 9201 8009
7748 8309 7745 8280
8311 8560 8473 7924
7894 8039 8699 8331
8572 9007 8413 7418
7939 8181 9154 7923
7928 8417 7706 8272
8368 8337 8392 7812
7895 8469 7693 8234
8573 9000 7929 7368
8293 8892 8105 7505
7668 7698 8625 8344
8464 8993 8035 7476
8303 8871 7869 7553
8301 8875 7937 7595
8691 8833 8512 7261
8058 8178 7514 8307
8625 8821 8332 7277
8638 8727 8427 7276
8473 8454 8491 7325
8364 8332 8496 8051
8531 8820 8047 7436
8784 8795 8326 7194
8385 8991 8422 7485
8529 9033 8474 7299
8262 8784 7928 7678
8516 9011 8252 7325
8398 8958 8023 7478
7944 8458 7800 8188
8414 8829 8043 7651
7948 8377 7730 8265
8251 8370 8929 7862
8511 9070 8373 7324
8339 8397 8473 7961
8457 8900 8427 7416
8405 8366 8462 7776
8318 8470 8369 7911
7748 8018 8701 8108
7949 8121 8833 7967
8330 8419 8470 7968
8360 8426 8930 7777
8293 8870 8019 7550
8345 8418 8430 8015
7871 8368 7731 8340
8334 8385 8466 8030
8396 8828 8433 7421
8356 8455 8412 8025
8383 8794 8045 7554
7970 8099 9054 7862
8384 8840 7885 7559
7370 7562 8551 8447
7520 7522 8496 8486
7699 7843 9231 7915
8013 8147 7398 8119
8539 9007 8388 7275
8612 8814 8175 6934
8795 8733 8274 7108
8596 8920 8223 7019
7426 7593 8658 8356
8454 8971 8301 7315
8059 8146 7459 8211
7475 7638 8775 8147
8366 8322 8496 7039
7581 7714 8574 8384
8521 8978 8060 7396
7917 8019 7571 8249
7827 8284 8063 8051
7930 8088 9074 7846
8166 8537 7754 7743
8688 8611 8380 7158
7520 7522 8496 8486
8219 8901 7798 7473
8282 8462 8446 7729
8200 8655 7813 7694
7813 8410 7658 8150
8439 8870 7952 7402
8332 8853 7884 7540
7888 8257 8154 8071
8504 8813 8300 7285
7676 7677 8694 8301
7971 8248 8908 7901
7760 8211 7730 8217
7623 7854 8620 8173
7570 7725 8557 8303
8275 8755 7957 7498
8453 8873 7848 7411
8572 8912 8206 7030
8674 8624 8327 7226
8206 8686 7869 7644
7780 8106 9027 7793
8300 8314 8467 7935
8561 8879 8323 7254
7633 7864 8688 8136
7869 8253 8054 8072
7451 7644 8729 8286
7857 7946 9001 8083
8703 8736 8352 7120
7672 7767 8706 8228
7658 8057 8899 8066
8642 8729 8367 7196
7708 7835 8665 8168
8255 8785 8005 7570
7613 7752 8682 8249
8023 7970 7539 8283
8120 8351 7760 8021
7835 8158 8943 7827
7731 8261 7707 8315
8137 8275 8841 7806
8324 8859 7938 7563
8183 8727 7830 7699
7904 8219 7967 8032
8185 8818 7916 7582
7996 8170 8872 7903
7853 8188 8933 7772
8257 8700 7788 7662
8759 8632 8307 7127
7724 7802 8749 8161
8730 8699 8286 7207
7597 7786 8511 8323
8251 8515 8421 7845
8237 8412 8925 7749
8040 8124 7504 8276
7833 8383 7694 8271
8766 8697 8280 7177
8662 8709 8355 7203
8548 8767 8340 7144
7598 7649 8567 8381
8004 8218 8824 7919
8334 8428 8392 7944
7790 8329 7900 8003
8355 8445 8361 7882
7889 7904 9128 7860
8362 8388 8543 7139
8541 8369 8414 7209
7834 7922 9148 7920
7813 7960 9196 7999
7580 7787 8523 8257
7898 7916 9005 7951
8108 8384 8839 7807
7840 7892 9094 8001
7728 7996 8656 8097
7847 7965 9082 7975
7669 8025 8632 8066
8108 8487 8743 7793
7800 8006 9181 8007
8010 8224 8723 8009
7803 8052 9104 7841
8258 8499 8416 7873
7847 8066 8916 8018
8306 8777 7855 7602
8241 8883 7916 7491
8034 8264 8756 7830
8154 8812 7914 7651
7601 7944 8573 8220
8208 8777 7877 7613
8364 8360 8509 7184
8168 8902 7943 7594
8047 8162 8743 7905
7771 7991 9190 7991
8292 8801 7877 7607
7797 8188 8930 7927
7892 8129 8871 7921
8608 8786 8302 7026
8329 8636 7801 7586
8027 8131 9020 7817
8023 8134 8836 7866
7630 7921 8629 8109
7800 8409 7510 8168
7904 8112 9014 7877
8292 8386 8515 7161
8298 8435 8279 7886
8011 8053 7514 8275
7777 8052 9117 7894
8126 8162 8690 7942
7775 7920 9193 8053
7570 7800 8631 8302
8206 8776 7913 7572
8278 8773 7939 7608
8254 8871 7834 7585
7771 7991 9190 7991
7858 7857 9097 7891
7802 8021 9104 8068
7904 7966 9098 7846
8299 8734 7914 7589
7858 7857 9097 7891
7520 7522 8496 8486
7363 7545 8658 8234
7565 7712 8567 8368
7766 7944 9168 8007
8029 8033 7457 8176
8466 8975 8298 7249
8558 8817 8207 6915
8737 8698 8173 7100
7808 8340 7625 8220
8664 8702 8206 7049
8318 8294 8454 7017
8470 8878 8161 7178
8524 8854 8259 6999
8579 8879 8047 6916
8276 8767 7974 7311
7422 7574 8569 8288
8189 8601 7781 7643
7480 7774 8527 8288
8200 8450 8386 7752
7705 7983 8853 7926
7523 7658 8639 8246
7596 7588 8523 8315
8099 8093 8705 7716
8250 8823 7936 7403
8294 8785 7748 7422
7607 7828 8651 8112
8222 8831 7742 7585
8002 8245 8676 7810
8528 8903 8242 7162
8140 8362 8596 7603
7662 7992 9067 8060
7831 7871 9077 7801
7626 7860 8623 8062
7813 8034 8800 7940
8262 8838 7785 7493
8601 8530 8042 7120
8102 8387 8727 7623
8244 8410 8428 7721
8575 8545 8005 7162
8275 8379 8477 7097
7879 8114 8962 7813
7952 8279 8812 7792
7542 7708 8622 8154
8294 8683 7917 7561
7563 7669 8646 8206
7782 7824 8988 7991
7818 7887 9032 7912
8299 8745 7784 7527
7623 7767 8512 8222
8059 8165 8726 7770
8206 8414 8349 7871
8221 8688 7878 7594
7908 8148 8719 7937
7957 8225 8871 7670
8172 8835 7832 7543
7771 7824 9066 7883
7965 8012 8612 8001
8170 8228 8770 7610
7851 7993 8994 7873
7857 7896 8914 7930
8555 8510 8013 7140
7584 7709 8559 8162
7897 8191 8885 7901
7529 7730 8616 8220
7953 8108 8915 7769
7887 8233 8783 7847
8210 8771 7800 7567
7939 8123 8874 7899
7963 8179 8710 7839
8552 8843 8238 7144
8033 8315 8780 7795
7856 8220 8896 7887
8215 8752 7813 7605
8254 8850 7772 7533
8576 8528 8033 7128
8278 8314 8366 7883
8029 8308 8777 7801
7938 8165 8609 7921
8553 8513 8014 7146
8293 8834 7918 7560
7964 8170 8902 7869
7778 7985 8912 7903
8275 8308 8444 7921
7415 7619 8581 8124
7531 7591 8646 8194
7544 7593 8541 8336
7694 7741 9051 7960
7940 7965 7465 7989
8370 8879 8181 7200
8552 8829 8159 6925
8582 8442 7968 7103
8273 8301 8431 7248
8088 8603 7871 7545
8165 8727 7672 7596
8503 8475 7991 7088
7495 7703 8520 8284
7628 7902 8675 7972
8281 8829 7910 7457
8297 8680 7746 7508
7573 7932 9037 7893
8264 8289 8304 7849
7916 8124 8780 7705
7645 8183 7605 8206
8374 8750 8177 7190
7729 8065 8919 7810
8442 8833 8247 7085
7801 8062 8713 7860
7666 8016 7615 8205
7881 8102 8821 7851
7473 7595 8598 8167
8541 8816 8237 7026
8033 8196 8609 7710
7762 7906 8759 7937
7954 8176 8716 7798
8183 8685 7866 7572
7903 8261 8667 7728
8025 8114 8611 7790
7741 7902 8965 7773
8368 8825 8235 7206
8029 8260 8753 7773
8235 8781 7808 7462
8487 8857 8196 7065
7797 8032 8866 7784
8534 8826 8215 7062
7793 7964 8805 7859
8272 8797 7735 7508
8291 8774 7802 7543
8217 8822 7860 7533
7542 7607 8558 8240
7793 8094 8874 7851
7549 7598 8558 8230
8469 8827 8167 7081
7924 8177 8724 7799
8266 8756 7843 7512
8246 8293 8235 7893
8245 8753 7846 7520
7348 7438 8460 8304
7714 7851 8960 7661
8050 8585 7647 7516
8349 8827 8180 7167
8493 8764 8201 6827
8526 8424 7927 7030
7776 8011 8841 7847
7496 7528 8354 8296
7713 7868 8659 7911
7439 7677 8497 8052
7728 7809 8911 7778
7992 8232 8559 7697
8521 8483 7983 6977
8166 8780 7680 7504
7973 8047 8711 7732
8268 8752 7903 7306
8478 8817 8152 6888
7935 8159 8670 7764
7388 7543 8591 8108
7480 7535 8632 8183
7489 7626 8415 8058
7362 7583 8523 8149
8209 8730 7857 7492
8519 8806 8123 6943
8206 8766 7810 7468
8013 8052 8653 7763
8506 8465 7944 7015
8190 8801 7866 7352
7992 8133 8683 7770
8251 8807 7813 7420
8219 8772 7902 7456
8514 8795 8179 6902
8006 8177 8661 7771
8216 8823 7817 7338
7587 7771 8652 7880
7729 7958 8837 7793
8164 8742 7756 7459
8314 8817 8167 7160
8513 8595 7813 6896
7863 8173 8655 7746
8346 8793 8104 7122
8172 8787 7791 7391
7675 7972 8688 7763
8334 8720 8080 7148
8160 8743 7756 7435
7744 7889 8687 7773
7801 8064 8637 7724
8090 8624 7886 7032
8157 8647 7678 7365
7378 7771 8216 8602
7503 7620 9651 7414
7601 7555 7890 8825
7928 9213 7310 7520
8029 6967 8520 8457
8122 9430 8175 6822
8266 9180 8175 6448
9075 7580 8108 6827
7637 7127 7835 8756
7485 7487 9594 7451
7560 7366 8036 8687
8174 7274 8059 8489
8011 9133 7401 7546
7549 7650 9444 7726
8158 9323 7794 7019
8908 8341 8401 7215
8412 9061 8275 6739
9012 8102 8461 7188
8671 8352 8909 6674
8609 8763 8578 6515
7930 7457 9380 7679
7588 7343 7909 8736
8280 7916 9337 7709
7639 7687 9566 7580
8208 8829 7676 7895
8029 6967 8520 8457
7879 8303 7463 8326
7829 9369 8274 6925
8517 8292 8776 7090
7684 7768 8823 8397
8366 8566 7768 8070
8844 8534 8364 7151
8232 8493 7513 8195
7617 7537 8641 8542
8147 7968 8382 8318
7660 7603 8612 8559
7711 7716 9232 7976
8544 8587 8693 6848
8237 8502 8131 7963
8741 8624 8407 7134
8832 8396 8710 6968
7595 7696 8570 8420
8140 8650 7549 8148
8452 8640 8005 8023
8643 8532 8692 6887
7623 7930 8544 8287
8091 8415 7577 8276
8397 8959 8367 7303
8782 8547 8337 7293
7855 8176 8583 8230
7753 7929 8774 8306
8215 9019 7965 7614
8362 9021 8246 7295
7975 8045 9044 8105
8816 8559 8292 7140
8027 7866 9113 7814
8704 8487 8807 6905
7977 8319 8789 7896
8310 8621 7584 8167
7653 7660 8519 8525
8363 8693 7973 7998
7956 8072 9078 8071
8137 8002 8441 8371
8064 8107 9027 7762
8385 8764 8262 7511
8188 8009 8353 8343
7711 7716 9232 7976
8018 8026 9025 8099
7674 7553 8543 8472
7814 8784 8499 7635
8333 8743 7846 8028
8478 8856 8466 7374
8257 8673 8333 7697
8617 8524 8747 6992
8133 8116 8898 7793
8366 8640 7819 8058
7834 7717 9179 7806
8718 8478 8405 7162
8074 8544 7662 8124
8675 8535 8302 7312
8104 8171 8848 7974
8442 8931 8321 7442
8429 8905 8269 7502
8424 8685 7870 8031
7761 7715 9226 7929
8072 8481 7609 8210
8000 8176 8976 8086
8451 8967 8310 7461
8415 8702 7953 8035
7971 8059 9011 8107
8328 8008 8481 8251
7755 7813 9138 8103
7903 7849 9217 7784
8194 8575 7566 8178
8338 8707 7996 8052
7599 7642 8529 8511
8298 8652 8276 7618
8582 8586 8753 6948
7788 8150 8648 8173
8791 8559 8296 7182
8044 8359 8853 7799
7781 7687 9155 7935
8557 8816 8417 7266
7922 7884 9151 7759
8288 8781 7896 7953
8141 8671 7636 8079
8172 8378 7593 8218
8414 8724 8333 7379
8436 8893 8498 7296
7682 7680 8612 8438
8521 8506 8633 7534
8195 8798 7988 7889
8572 8288 8770 7189
8493 8335 8749 7131
8468 8439 8806 7526
7706 7847 8710 8357
8511 8431 8713 7263
7926 7860 9198 7735
8554 8753 8486 7341
8495 8900 8293 7461
7899 8627 8433 7926
7923 8164 8667 8125
7783 7722 9129 7910
8226 8626 8537 7654
8498 8332 8872 7225
8562 8465 8878 6992
7873 7858 9174 7861
8113 8067 8940 7799
8049 8258 8642 7937
7624 7817 8660 8358
7591 8236 8496 8100
8357 8723 7893 8049
8657 8533 8360 7234
8167 8451 7593 8217
8532 8609 8501 7528
8530 8910 8430 7347
7822 8202 8577 8207
8532 8284 8849 7250
7881 7837 9129 7866
8490 8933 8442 7320
8564 8262 8805 7169
7696 7626 8506 8433
8641 8423 8926 6982
8635 8563 8306 7365
7644 7634 8509 8554
8485 8564 8509 7594
7820 7837 9120 7940
8155 7929 8390 8269
7693 7866 8655 8364
8450 8493 8608 7877
8167 8532 7644 8115
8242 8783 8393 7506
7911 8326 8902 7746
7819 8196 8610 8240
8439 8935 8383 7370
7936 8143 8729 8171
7873 7858 9174 7861
8590 8579 8730 6912
7956 8265 8910 7887
7783 8653 8311 7747
8613 8555 8722 6943
8502 8787 8297 7358
8552 8715 8471 7352
8159 8777 8320 7715
8178 8771 7963 7927
8523 8803 8476 7346
8035 8100 8918 7791
8032 8779 8648 7272
7880 7899 9137 7792
8034 8100 8982 8084
8598 8549 8339 7183
8010 8175 8739 7919
8153 8533 7642 8129
8420 8642 7954 8039
8541 8565 8483 7606
7965 8309 8958 7874
8003 8199 8931 8065
8592 8468 8809 6948
8421 8849 8484 7355
8660 8580 8325 7294
7951 8091 9095 8084
8427 8476 8622 7660
8120 8174 8973 7785
7965 8309 8958 7874
8115 8239 8581 8085
8001 8140 8929 8082
7928 7879 9114 7883
7926 8059 8532 8207
8639 8488 8343 7318
8615 8475 8768 6944
7951 8091 9095 8084
8450 8622 8615 7665
7930 8357 8908 7740
8143 8141 8724 7909
7907 8140 8744 8235
7788 7858 9130 7876
7951 8091 9095 8084
7333 8160 8109 7886
7565 7478 8527 8552
7659 7446 8538 8477
7830 7651 9212 7741
8089 8436 7370 8162
8445 8965 8278 7358
8527 8448 8786 6824
8806 8509 8252 7135
8303 8532 7911 8045
8406 8895 8212 7400
7488 7594 8533 8435
7839 7699 9041 7948
7407 7500 8654 8279
7463 7829 8447 8263
7379 7569 8611 8328
8223 8585 7506 8149
7952 8023 8984 8064
8718 8529 8270 7198
8207 8714 7750 7993
8249 8662 7834 7969
7517 7516 8603 8511
7717 7638 9134 7883
7962 8350 8801 7798
8769 8443 8302 7010
8606 8553 8280 7213
7690 7560 8568 8357
7832 8259 7567 8246
8473 8422 8742 6958
8510 8585 8494 7457
7678 7590 9174 7824
7702 8591 8205 7721
8140 8734 7655 8023
8241 8577 7709 8045
8303 8634 7887 8009
8052 8093 8853 7704
8479 8301 8756 7218
8371 8811 8240 7501
8453 8467 8502 7523
7833 7871 9111 7878
8084 8527 7608 8109
8339 8673 7771 8042
7930 7925 8964 8097
7834 7839 9056 7746
8482 8221 8780 7100
7867 8176 8931 7800
8754 8442 8316 7067
7991 8787 8462 7257
8568 8422 8816 6861
7539 7703 8582 8356
7829 8241 8905 7811
8067 7911 8428 8273
8600 8444 8759 6919
8520 8858 8406 7279
8107 8415 7565 8123
7764 8139 8603 8219
7932 8770 8571 7175
8251 8486 7539 8149
7761 8075 8636 8031
8365 8387 8494 7568
7987 7967 8951 8081
7650 7486 8526 8453
7809 7757 9122 7847
7884 8681 8571 7210
8068 8043 8844 7764
8559 8539 8663 6872
8484 8847 8365 7302
8488 8459 8698 6905
7639 8449 8382 7663
8529 8561 8702 6889
8176 8650 8268 7587
7795 7997 8913 8078
7801 7772 9101 7914
8524 8192 8726 7231
8378 8705 8408 7264
8750 8484 8281 7118
8028 7974 8865 7638
8073 7929 8301 8344
7774 7738 9103 7915
8336 8455 8594 7604
7796 8734 8236 7639
8104 8390 7511 8154
7696 8613 8290 7721
8795 8419 8332 7138
7659 7446 8538 8477
8526 8118 8719 7175
7590 7795 8540 8356
8131 7972 8399 8335
7824 8667 8278 7550
8726 8584 8309 7108
8156 8421 7547 8136
8160 8593 7528 8050
8087 8156 8829 7775
7743 8781 8316 7621
8024 8146 8736 7879
7603 8661 8247 7676
8063 7985 8462 8186
8356 8515 8553 7612
7601 8544 8354 7684
8413 8850 8399 7337
7986 8727 8534 7147
8027 8062 8706 7888
7586 7582 8598 8514
7647 7578 8555 8550
8423 8452 8670 6916
8450 8809 8338 7328
7813 8692 8410 7579
8450 8692 8271 7387
8035 8787 8456 7316
7565 7729 8709 8185
7786 8632 8373 7617
7974 8149 8754 8028
7959 8776 8561 7163
7644 8624 8275 7652
7769 8571 8268 7675
7744 7734 9121 7906
7875 7782 9102 7745
8034 7987 8347 8176
8424 8529 8561 7567
7569 7588 8596 8346
7689 7759 9101 8015
7750 8637 8274 7621
8525 8786 8359 7237
8163 8655 8302 7581
8162 8553 7537 8105
7831 8157 8548 8170
7659 7446 8538 8477
7586 7582 8598 8514
7565 7478 8527 8552
7248 7510 8588 8125
7563 7531 8528 8517
7610 7384 8412 8265
7804 7691 9101 7854
8108 8385 7383 8132
8491 8848 8348 7204
8740 8435 8259 6994
8746 8362 8178 7046
7764 7735 9051 7856
7394 8118 8010 7934
8393 8248 8726 7014
8255 8580 7798 7986
8079 8108 8819 7695
8645 8326 8278 7099
7858 7963 8783 7961
8153 8654 7656 7904
8013 8069 8646 7877
7812 7657 9057 7810
8063 8045 8813 7719
7964 8323 7537 8130
8117 7946 8344 8305
8314 8493 8554 7544
8510 8538 8323 7320
7855 8773 8207 7335
7680 8619 8127 7598
7557 7654 8524 8353
7455 7581 8550 8314
8449 8800 8308 7279
8459 8823 8326 7227
8246 8726 8220 7497
8226 8586 7633 7942
7532 7575 8548 8490
7650 8640 8235 7623
8709 8403 8318 7068
7701 8110 8558 8187
8037 8343 7477 8131
7370 7432 8574 8255
8683 8424 8222 7040
7328 7538 8557 8304
8492 8346 8394 7409
7589 7473 8450 8364
7334 7542 8590 8058
7603 7391 8529 8416
8118 8528 7386 8111
7559 7481 8563 8464
8182 8577 7498 7998
8172 8380 7517 8095
7644 8607 8135 7703
8097 8632 8256 7471
8403 8448 8537 7558
8041 8514 7587 8052
8122 8489 7506 8106
8503 8552 8436 7404
8100 7949 8271 8235
8498 8581 8341 7382
7712 8674 8292 7594
7585 7435 8482 8509
7337 7458 8573 8264
7729 8671 8314 7575
7455 7581 8550 8314
8452 8386 8493 7482
8014 8615 7547 8007
8508 8504 8357 7269
8081 8455 7580 8037
7578 7433 8548 8409
7658 8736 8312 7589
8491 8456 8358 7406
8062 8606 7558 8039
7570 7568 8537 8511
7723 8542 8266 7584
7712 8592 8185 7598
8095 8637 7541 8040
7664 8592 8279 7596
8096 7959 8346 8307
7216 8089 8101 8051
7548 7406 8532 8449
7570 7504 8513 8490
7670 7605 9092 7821
8037 8587 7452 8034
8368 8837 8333 7189
8686 8374 8277 6983
7771 7608 9059 7813
8068 8463 7626 7949
7288 8102 8075 8012
7389 7478 8554 8325
8030 7890 8301 8237
8411 8732 8262 7257
8089 7919 8284 8254
8358 8367 8302 7328
7586 8571 8228 7605
8612 8279 8204 7095
8553 8316 8141 7060
7428 8071 8257 8079
7660 8645 8236 7504
7474 7582 8354 8287
7742 8623 8161 7399
7686 8503 8283 7553
7518 7537 8488 8246
7426 7597 8499 8184
7569 7528 8536 8385
8566 8281 8184 7078
7170 7938 8179 7943
7221 7976 8084 8079
7287 7432 8531 8061
7565 7279 8441 8478
7594 8577 8184 7411
7620 8589 8180 7497
7432 7519 8262 8247
7314 8068 8112 8077
7516 7500 8481 8415
7535 7385 8453 8391
7380 8048 8119 8050
7179 7957 8130 8062
7346 7423 8523 8166
7353 7486 8516 8221
7431 7518 8489 8273
7379 7389 8530 8291
7167 8012 8079 8000
7203 7335 8499 8116
7285 8049 8089 7998
7321 8039 8108 7907
7357 7975 7988 7976
7495 7483 8426 8392
7284 7508 8467 8260
7395 7497 8410 8256
7197 7369 8478 8218
7240 7429 8470 8017
7180 8000 8079 8031
7376 7476 8455 8222
7221 7995 8030 7999
7180 7978 8092 7954
7164 7963 8069 8027
7171 7998 8002 7956
7223 7995 7992 7990
7236 7456 8405 7936
7277 7449 8450 8037
7340 7306 8389 8280
7348 7426 8399 8151
7305 7430 8380 8263
7190 7477 8413 8050
7334 7406 8423 8065
7137 7879 8006 7996
7184 7354 8407 8009
7378 7771 8216 8602
7503 7620 9651 7414
7601 7555 7890 8825
8029 6967 8520 8457
8052 8857 7283 7816
8122 9430 8175 6822
8266 9180 8175 6448
9075 7580 8108 6827
8176 9251 7932 7059
8934 8369 8334 7147
7829 9369 8274 6925
7868 7685 9279 7714
8609 8763 8578 6515
8584 8947 8428 6671
7679 7898 9498 7345
7560 7366 8036 8687
7485 7487 9594 7451
7930 7457 9380 7679
9012 8102 8461 7188
7637 7127 7835 8756
7770 7823 9052 7854
7637 7127 7835 8756
7762 7256 8205 8636
8497 8647 8673 7253
8029 6967 8520 8457
8038 8038 9156 7663
8734 8572 8372 7527
7549 7650 9444 7726
7708 7297 8254 8661
8850 8278 8387 6999
7462 7628 8578 8350
8873 8313 8362 6951
7862 7929 9013 7786
7617 7534 8879 8291
7827 7723 8359 8573
7837 7908 8997 7875
8924 8531 8356 6961
8560 8722 8315 7583
7758 7852 9118 7847
7967 7648 8556 8257
8432 8631 7791 7969
7974 8166 8757 8024
8809 8558 8393 7249
8839 8439 8406 7026
7674 7542 8926 8148
8060 7575 8463 8333
8332 8826 7703 7622
7906 8017 8906 7902
8000 8783 7371 7886
8146 8112 8261 8136
7941 8704 7426 7954
8397 8897 7651 7281
8037 8044 8611 8113
7902 7792 8553 8524
8385 8873 8313 7360
7718 7463 8725 8482
8789 8567 8437 7563
7863 7996 8771 8159
8289 9111 8049 7304
8247 8673 7675 7865
8014 8212 8844 7919
7661 7428 8784 8398
8098 8696 7767 7964
8264 9086 8093 7307
8371 9010 8188 7446
8447 8821 7632 7277
7901 7849 8476 8418
8265 9054 8085 7350
8008 7737 8486 8291
8350 8704 7866 7598
7639 7466 8744 8379
8289 8777 7591 7750
8016 8068 8855 8058
7496 7731 8574 8206
7538 7345 8812 8363
8281 8805 8244 7440
8315 8678 7522 7857
8045 8619 7977 7791
7986 8803 7384 7877
8326 8836 8005 7469
8216 9104 8152 7379
8414 8667 8365 7660
7718 7575 8654 8478
8581 8614 8502 7720
8829 8320 8389 7031
8149 8327 7989 8043
8843 8450 8321 7184
8591 8635 8782 7536
8312 8989 8189 7288
7994 8095 8653 8068
8635 8622 8370 7693
7538 7345 8812 8363
7903 7785 8459 8419
8014 7615 8633 8200
8190 8712 7469 7881
8716 8489 8331 7600
8438 8961 8214 7266
8155 8492 7522 8081
8273 9067 8162 7303
8026 8236 8665 8033
8298 9002 8193 7260
8272 8946 8209 7375
7661 7428 8784 8398
8670 8701 8326 7535
8332 8601 7664 8009
8148 8522 7883 7757
7613 7719 8816 8347
8097 8708 7525 7894
8149 8543 7555 8054
8203 8702 7468 7920
8283 8464 8764 7630
8005 7719 8542 8184
8691 8678 8388 7575
8652 8619 8402 7622
8210 8743 7431 7851
8048 8102 8739 7783
8188 8509 7568 8065
8109 8838 7535 7868
8023 7712 8624 8170
8216 9104 8152 7379
7980 8710 7451 7894
8214 8536 7623 8061
8638 8569 8433 7637
8326 8836 8005 7469
8702 8646 8367 7715
8270 8717 7627 7844
8168 8741 7535 7888
8447 8947 7870 7275
8160 8714 7582 7889
8286 8654 7653 8038
7758 7852 9118 7847
8024 7711 8553 8195
8636 8695 8432 7602
8332 8601 7664 8009
8187 8235 8654 7790
8789 8567 8437 7563
7901 7728 8565 8142
8203 8710 7538 7879
7414 7528 8488 8333
7578 7316 8694 8278
7686 7328 8627 8457
7927 8058 8826 7943
8031 8771 7114 7819
8250 9007 8154 7301
8568 8263 8755 6867
8883 8308 8316 6898
7792 7780 7708 8192
7906 7959 8410 8072
8148 8729 7215 7813
7529 7566 8813 8242
8792 8254 8311 6954
8415 8681 7822 7199
7707 7458 8650 8453
8350 8987 8179 7293
8676 8409 8437 7378
8442 8599 8669 7073
7472 7633 8589 8328
8260 8773 7322 7706
8635 8594 8248 7312
7531 7423 8718 8355
8290 8929 7984 7393
8088 8226 8650 7650
8365 8785 7814 7146
8241 8864 8021 7396
8361 8835 7934 7141
8773 8526 8286 7007
8743 8462 8368 7099
8401 8836 7738 7163
7861 7759 7679 8319
7818 7660 7634 8399
8395 8906 7641 7255
8282 8999 8112 7345
8201 8792 7335 7548
8242 8885 8080 7386
7997 7662 8528 8137
8690 8563 8349 7599
8091 8729 7480 7885
8787 8279 8347 6990
8176 8182 8414 7735
7886 7731 7527 8360
8585 8528 8454 7460
7837 7524 8548 8189
8622 8449 8372 7612
7927 7964 8785 8015
8628 8502 8430 7375
7931 8015 8769 7907
8476 8573 8626 7211
8222 8645 7373 7796
8529 8534 8735 7124
8052 8200 8649 7699
7964 8121 8751 7996
7809 7716 8360 8428
7940 8119 8729 8001
7959 7680 8563 8168
8785 8431 8303 6960
7946 7626 8496 8200
7876 7699 7648 8285
7870 8154 8742 7771
8018 8762 7422 7816
8359 8823 8080 7312
8111 8602 7460 7960
8553 8508 8630 7483
8501 8519 8713 7237
7976 8035 8767 8056
7909 7623 8537 8241
8265 8850 7971 7424
8603 8642 8327 7473
8561 8424 8575 7521
8074 8590 7486 7949
7702 7423 8685 8436
8321 8525 8751 7192
8273 8613 7620 7840
7909 8035 8610 8071
8228 8471 7698 7873
8122 8592 7723 7855
8214 8854 7957 7414
7936 8195 8813 7762
8214 8549 7603 7907
7848 7677 8262 8346
7994 8054 8758 8008
8580 8611 8304 7564
7933 8668 7405 7934
7915 8743 7368 7883
8621 8583 8319 7523
8279 8993 8127 7285
7877 7723 8527 8236
7901 8152 8721 8015
8312 8611 8507 7234
8571 8541 8361 7595
8034 8631 7525 7929
8765 8455 8318 7172
8426 8840 7720 7206
8751 8416 8333 7423
7959 7705 8506 8142
8352 8856 7703 7271
8583 8536 8417 7498
8419 8791 7684 7233
7961 8761 7356 7863
8254 8451 7611 8037
8171 8653 7460 7874
8159 8453 7562 7958
7840 7696 7604 8453
7853 7778 8450 8326
8052 8200 8649 7699
8199 8459 7551 7998
8265 8547 7581 7922
8087 8650 7444 7936
8255 9003 8142 7381
7836 7638 8525 8238
8512 8564 8561 7420
8079 8668 7541 7863
7875 7638 7572 8339
8515 8471 8547 7490
8182 8584 7537 7867
8138 8639 7514 7907
7919 8768 7451 7865
8180 8544 7511 7931
8144 8526 7635 8018
7856 7636 7566 8437
8078 8648 7465 7929
8140 8514 7574 8049
8180 8602 7627 7916
8484 8571 8678 7140
8484 8571 8678 7140
8482 8612 8314 7610
8286 8470 8719 7288
7867 7670 7720 8336
8417 8528 8693 7295
8271 8526 8734 7307
7859 7675 7531 8336
8088 8515 7512 8049
7503 7420 8680 8206
7621 7432 8589 8443
7701 7357 8644 8417
7947 7980 8724 7707
7966 8713 7201 7801
8191 8990 8009 7347
8739 8306 8304 6963
7734 7861 8594 8022
8710 8270 8202 6978
7801 7712 7526 8373
8084 8335 7461 8036
7877 8152 8496 7582
8343 8732 7771 7294
8251 8933 8100 7331
7991 7939 8721 7722
8223 8945 8060 7280
8395 8445 8689 7064
8052 8697 7275 7827
8588 8346 8283 7603
8639 8556 8146 7460
7981 8119 8616 7651
8623 8354 8402 7241
8332 8922 7806 7127
8549 8575 8188 7541
7670 7426 8635 8246
8482 8387 8367 7530
8401 8830 7707 7123
8629 8283 8335 6999
8313 8795 7720 7180
7935 8543 7332 7950
8170 8926 7922 7390
8445 8408 8523 7437
8293 8700 7937 7232
7942 7521 8540 8128
7899 7508 8541 8129
8218 8496 8447 7210
8090 8681 7453 7885
8260 8763 7647 7200
8659 8422 8280 7458
8545 8589 8257 7412
7920 8651 7403 7908
8171 8756 7263 7696
7933 8048 8665 7793
7687 7375 8627 8413
7957 8601 7539 7759
8594 8400 8381 7378
7739 7693 7684 8267
8299 8704 7871 7139
8301 8703 7837 7267
8290 8419 8721 7121
8529 8479 8205 7568
7819 7591 7548 8361
8482 8505 8573 7209
7750 7647 8315 8385
8016 8628 7508 7874
8515 8388 8475 7511
7682 7707 8221 8365
7887 7539 8503 8189
8407 8550 8652 7018
8145 8607 7428 7872
7842 7624 7560 8316
8229 8612 7394 7837
7932 8096 8661 7681
7838 8543 7469 7930
8532 8585 8266 7490
8373 8520 8666 7018
7871 7668 7591 8165
8431 8392 8651 7099
8114 8522 7581 7975
8033 8463 7560 8001
7860 7980 8681 7988
8326 8772 7568 7143
7894 7605 8479 8219
7775 7590 7543 8385
8253 8820 7610 7181
8140 8451 7507 8015
8117 8588 7350 7910
8257 8360 8598 7360
7909 8106 8640 7893
7931 8067 8620 7977
8350 8765 7613 7202
7815 7515 7563 8292
7996 8525 7534 7815
8179 8519 7498 7871
7735 7574 7489 8395
7803 7686 8508 8131
8337 8489 8646 7158
7855 7652 8522 8146
8396 8571 8531 7175
8655 8531 8271 7206
8329 8508 8594 7094
8025 8613 7469 7808
7942 8757 7355 7840
7964 8707 7400 7843
7869 7578 7561 8304
7849 7568 8497 8161
8404 8761 7675 7204
7946 7538 8459 8152
7896 7677 8494 8159
8548 8576 8312 7508
8349 8758 7819 7180
7850 7606 7548 8316
8185 8555 7398 7694
7858 8053 8614 8002
7801 7535 7494 8384
8222 8390 8604 7384
8087 8494 8613 7127
7519 7375 8551 8291
7533 7263 8551 8306
7762 7590 7430 8376
7987 8657 7127 7761
8143 8824 7761 7238
8281 8374 8713 7116
8317 8334 8597 6925
8617 8393 8272 7100
8612 8193 8298 7111
7853 7953 8646 7603
8174 8803 7973 7345
7725 8054 8616 7585
8175 8823 7992 7263
7845 7497 8414 8187
7791 7652 7495 8337
7536 7639 8498 8134
8326 8738 7795 7151
8424 8465 8522 7019
8280 8708 7705 7203
8421 8410 8568 6933
8080 8688 7182 7611
7641 7647 7624 8320
8238 8618 7878 7255
7988 8383 7498 7978
7701 7586 7588 8213
7957 8616 7248 7836
7793 7624 7541 8263
7770 8021 8638 7669
7883 8048 8634 7695
8134 8554 7411 7860
7683 7297 8514 8312
8041 8624 7191 7781
8227 8803 7752 7104
7789 8433 7287 7895
7881 7517 8500 8176
8100 8486 7510 7705
7981 8538 7217 7905
8158 8493 8558 7065
8241 8813 7663 7261
8087 8599 7334 7781
7979 8607 7245 7735
7991 8356 7546 7964
7592 7330 8638 8287
8012 8595 7379 7832
7756 7585 7543 8327
7864 8700 7380 7818
7729 7598 7529 8366
8002 8579 7419 7883
8305 8809 7739 7053
7592 7330 8638 8287
8282 8361 8616 6979
8303 8422 8597 7000
8281 8463 8608 7156
7875 8052 8567 7931
8293 8636 7769 7261
7773 7587 7531 8366
7434 7260 8469 8292
7514 7211 8531 8304
7580 7287 8569 8202
7685 7597 7433 8328
8132 8542 7227 7716
8150 8226 8563 6964
8173 8775 7894 7241
8344 8371 8476 6998
7773 7906 8547 7589
7823 7516 8439 8116
8239 8761 7662 7142
7903 8364 7473 7976
7995 8464 7862 7309
7701 7616 7426 8202
8076 8526 7271 7859
8227 8586 7843 7127
7527 7436 8484 8171
7984 8363 7367 7853
7845 7495 8465 8088
8002 8546 7328 7770
7790 8680 7244 7717
7481 7326 8555 8193
7960 8592 7329 7750
8190 8419 8462 7144
7697 7545 7393 8246
7462 7287 8516 8235
7833 8630 7267 7761
8219 8415 8529 6992
7246 6984 8235 8234
7898 8513 7225 7791
8178 8676 7575 7009
8258 8278 8352 6961
7991 8498 7258 7802
7983 8484 7252 7753
7261 7354 8431 8432
7503 7620 9651 7414
7601 7555 7890 8825
7928 9213 7310 7520
8029 6967 8520 8457
8122 9430 8175 6822
8266 9180 8175 6448
9075 7580 8108 6827
8609 8763 8578 6515
8071 8606 7449 8114
7762 7256 8205 8636
7407 7587 9202 7954
7952 9384 7761 7219
7930 7457 9380 7679
7321 7422 8352 8498
8660 8573 8491 6979
8878 8452 8625 7211
8106 8554 7656 7945
7549 7650 9444 7726
7637 7127 7835 8756
7637 7127 7835 8756
8189 9182 7981 7351
8780 8516 8573 7090
7639 7687 9566 7580
7560 7366 8036 8687
9012 8102 8461 7188
7485 7487 9594 7451
7679 7898 9498 7345
7708 7297 8254 8661
8959 8439 8374 7022
8029 6967 8520 8457
8479 8680 8442 7116
8751 8433 8641 7140
8552 8622 8466 7645
8208 8321 8975 7793
7787 7744 8678 8371
8633 8579 8528 7480
7585 7505 8331 8389
8415 8854 8337 7181
8395 8752 8281 7874
7730 7959 8912 8198
8443 8712 8466 7536
8688 8476 8778 7444
8507 8543 8580 7601
8733 8664 8471 7035
8242 8985 8165 7480
8144 9166 7997 7286
7538 7608 8507 8398
7304 7462 8272 8437
8065 8236 9053 7852
8309 9117 8068 7283
7356 7383 8305 8459
7839 8077 9197 7834
8075 8511 7733 8081
7668 7732 8667 8373
7331 7448 8371 8407
8332 9085 8110 7375
8523 8395 8740 7751
8576 8588 8563 7582
8933 8403 8615 7190
7453 7346 8336 8427
7941 8203 8955 7919
8287 8344 8933 7827
8307 9054 8115 7515
8342 8899 8147 7558
7874 7931 8874 8230
8324 8871 8184 7528
7356 7383 8305 8459
8138 8551 7671 7942
8767 8589 8486 7296
8245 9041 8133 7418
7646 7811 8696 8362
8371 8367 8893 7987
8113 8516 7850 8021
8365 8801 8398 7215
7901 8114 9141 7775
8131 8199 8950 7816
8040 8397 7880 8102
7894 7994 9004 7926
7825 7797 8750 8360
7667 7842 8724 8347
7913 8233 9080 7889
7935 7983 8801 8294
8084 8293 7984 8031
8315 8359 8940 7702
8933 8403 8615 7190
7972 8255 9000 7890
8056 8500 8638 7959
8352 8950 8097 7392
7886 8042 8833 8245
8126 8270 9106 7773
8417 8570 8484 7608
8266 9114 8070 7328
8318 8930 8158 7479
8401 8909 8385 7345
7805 8044 8782 8276
8590 8638 8571 7479
7953 7999 8891 8178
8014 8053 8223 8210
8002 8121 8259 8143
8022 7932 8870 8208
7855 8135 8711 8209
7274 7318 8358 8428
7898 8392 8326 7995
7923 8067 9137 7890
8431 8945 8141 7455
8264 8280 9064 7730
8596 8673 8519 7458
8207 8273 9070 7778
8081 8256 8776 8053
8377 9155 8053 7407
7977 8174 9063 7792
7888 7824 8855 8270
7989 7958 8793 8247
7692 7847 8793 8320
8278 9111 8112 7440
8038 8574 7777 8047
7758 8293 8143 8004
8104 8702 7743 7966
8080 8526 7835 8028
7821 7856 8846 8266
8015 8555 7782 8128
8365 8801 8398 7215
7865 8155 8755 8138
7833 8022 8752 8324
7761 7866 8625 8359
8602 8615 8453 7428
8346 8963 8116 7417
8067 8566 7811 8082
8361 8960 8042 7429
8247 9112 8104 7391
7690 7835 8704 8335
7847 8073 8765 8183
8009 8610 7798 8133
7274 7318 8358 8428
7966 8286 8579 8083
7907 8018 8783 8212
8104 8702 7743 7966
8142 8486 7993 7952
7453 7346 8336 8427
7823 7890 8848 8253
7982 8168 9094 7921
8377 9155 8053 7407
8733 8664 8471 7035
7974 8270 8476 8009
7926 7989 8834 8306
8399 8438 8808 7943
7870 8118 8739 8103
7895 8048 8843 8156
7968 8007 8841 8192
7984 8355 8176 7999
8280 9156 8037 7340
7865 8015 8617 8254
7861 8051 8703 8337
7844 8071 8839 8152
8079 8586 7802 7946
7824 8052 9090 7940
8283 9048 8152 7417
7313 7437 8411 8372
7480 7415 8309 8374
8073 9159 7955 7102
8077 8500 7576 7823
8088 8165 9101 7769
8189 9165 7931 7262
8608 8530 8494 7448
8047 8304 8932 7644
8454 8486 8407 7515
8315 8687 8250 7174
7556 7591 8549 8367
8523 8608 8479 7445
8362 8777 8117 7418
8308 8845 8302 7199
8212 8243 9001 7701
7618 7728 8896 8019
7630 7591 8658 8323
8459 8433 8542 7195
8139 8931 8144 7452
7880 8169 8968 7730
8205 9128 8015 7342
7952 8157 8650 7943
8286 9129 8043 7311
7898 8149 9029 7881
8385 8927 8111 7393
7842 8259 7973 8042
7717 8005 8731 8144
7779 7906 8788 8192
7722 7898 8764 8283
8259 8963 8114 7385
7598 7742 8891 8000
8307 9144 8028 7272
8289 8609 8386 7237
7920 8704 7665 7804
8128 8389 8336 7891
7969 8109 8987 7859
7633 7823 8581 8311
7967 8416 7635 8110
8000 8386 7882 7948
8015 8420 7798 7898
7675 8193 7836 8065
8324 9077 8081 7363
8070 8345 8848 7838
8289 8988 8062 7404
8099 8410 7719 7909
8204 8924 8115 7432
7712 7917 8817 8219
7910 8568 7679 7980
8176 9036 8070 7463
7904 7830 8812 8083
8165 8610 7726 7786
7888 7845 8703 8256
7988 8368 7760 7972
7788 8057 8658 8200
7762 8129 8661 8008
8125 8467 7710 7814
8106 8223 7944 7955
8143 8699 7641 7794
7811 7813 8662 8322
8106 8360 7924 7950
8196 8972 8090 7253
7858 8002 8727 8127
7934 8127 8558 7975
7648 8113 8698 8137
7684 8084 8693 8202
7898 7858 8823 8047
7663 7746 8757 8307
8324 9077 8081 7363
8173 8443 7727 7836
7968 8550 7699 7943
7605 7746 8858 8020
8173 9021 8078 7452
7769 7802 8680 8292
7720 7966 8557 8241
7919 7773 8826 8113
8125 8688 7748 7771
7872 7950 8675 8250
7830 7846 8824 8071
8081 8359 7851 7979
8091 8388 7810 7962
8054 8502 7661 8026
7763 7878 8494 8311
8194 8962 8066 7438
8007 8511 7660 7967
7780 7808 8755 8290
7868 7958 8759 8202
7986 8257 7838 7988
7707 8059 8677 7977
7692 7823 8853 8070
7907 7790 8827 8025
7872 7953 8724 8243
7981 7986 8679 7977
8288 9030 8082 7244
7669 7783 8756 8313
8176 9036 8070 7463
8086 8511 7636 7815
8165 8610 7726 7786
8128 8351 7803 7985
8189 9165 7931 7262
7981 8152 8694 7896
7272 8102 8076 8034
7394 7273 8457 8357
7492 7381 8376 8365
7631 7832 9037 7750
8050 8474 7618 8000
8213 9127 7948 7281
8538 8432 8331 7010
8448 8581 8391 7437
8304 9002 8053 7351
8009 8203 8864 7665
8427 8475 8410 7203
7330 7403 8271 8330
8259 9055 8015 7306
8101 8859 7890 7381
8477 8463 8384 7179
8175 8919 8088 7362
7368 8085 8138 8042
8031 8675 7742 7694
8493 8565 8265 7387
8181 8684 8028 7414
7602 7649 8636 8322
7814 8053 9003 7868
7757 8098 8924 7723
7902 8562 7662 7980
8058 8371 7637 7815
8078 8276 7959 7824
7979 8228 7856 7867
7761 7987 8622 8172
7523 7749 8693 8267
7860 8118 8596 7919
7993 8167 8882 7696
7941 8094 7810 7931
7984 8483 7651 7734
7886 8057 8510 7930
7570 7768 8757 8069
7739 8154 7929 8030
8016 8310 7917 7844
7872 7860 8659 8200
7902 8194 8721 7759
7598 7650 8558 8304
7991 8268 7774 7954
7827 7755 8770 8101
7847 7798 8788 8015
7787 7967 9013 7740
7555 7812 8660 8239
7645 7839 8707 8175
7343 8179 7950 7997
7685 7982 8642 8149
7661 7904 8714 8130
8093 8358 7891 7853
7317 8123 8021 8006
7825 7936 8688 8226
7722 7718 8753 8221
7801 7820 8733 8134
7969 8330 7805 7930
7584 7738 8680 8283
7979 8176 8817 7735
7627 7703 8565 8301
7785 8055 8586 8193
7609 7733 8806 8005
7660 7694 8808 7969
7880 8123 8534 7938
8079 8326 7789 7859
7909 8071 8537 7922
7839 8140 8870 7857
7374 8088 8032 8000
8060 8342 7780 7928
7902 7739 8746 8075
7708 7969 8684 7968
7690 7916 8735 7927
7660 7758 8714 8256
7919 8089 8576 7863
7667 7835 8711 8170
7675 7813 8746 8211
7912 7741 8663 8007
7859 7815 8737 7844
7832 7807 8816 7956
7917 7707 8739 7964
7671 7762 8662 8285
7848 8126 8583 7927
7878 8092 8639 7921
7159 7108 8432 8270
7269 7365 8347 8363
7939 8011 8845 7600
8044 8458 7538 7939
8202 9124 7936 7237
8493 8302 8058 6991
8446 8565 8313 7360
7450 7316 8218 8298
7972 8547 7640 7690
8142 9055 7878 7298
8144 8890 8051 7256
8377 8431 8376 7215
8470 8454 7979 7123
7656 7577 8656 8245
7896 8146 8822 7674
8462 8419 8158 7156
7329 7371 8326 8286
7869 7691 8717 8019
7730 7746 8754 7814
8013 8352 7545 7831
8008 8242 7750 7924
7620 8170 7797 7816
7856 8104 8509 7880
7558 7642 8768 7904
7756 7882 8657 8127
7343 7370 8184 8285
7702 7937 8555 8157
7259 8004 7916 7925
7791 8001 8520 7846
8474 8430 8046 7181
7769 7676 8728 7953
7272 7988 8198 7913
7594 8095 7761 7936
7710 7854 8589 8139
7490 7856 8640 8200
7568 7822 8688 8172
7929 8206 7776 7922
7506 8098 7780 7887
7702 7802 8760 7889
7769 7839 8665 8224
7651 7701 8642 8266
7695 7718 8756 7928
7760 7738 8708 7933
7785 7718 8676 7875
7783 7820 8646 8209
7560 7871 8671 8197
7711 8323 7777 7878
7359 8043 8039 7840
7408 7220 8199 8274
7559 7756 8703 7758
7653 8065 7628 7892
8174 9099 7882 7226
8415 8363 7998 6921
8466 8234 7784 7006
7850 7624 8671 7981
7797 7986 8606 7371
8313 8458 8014 7081
7586 7917 8456 8123
8394 8433 8277 7111
7527 8198 7697 7857
8428 8420 7992 7028
7532 7686 8587 8253
7721 7795 8634 8189
8436 8336 8107 7111
7841 7626 8694 8016
7541 7749 8671 8104
7733 8094 7786 7870
8437 8346 8133 7076
7667 8193 7776 7831
7717 7767 8639 8014
8458 8358 7845 6941
7594 8051 7759 7927
8454 8355 7897 6945
8439 8350 8071 7000
8448 8268 8026 6965
7557 8171 7741 7867
7625 7652 8601 8266
7561 7710 8635 8218
7629 8098 7888 7833
8454 8296 8010 6948
7641 8193 7728 7880
8395 8444 8030 7103
7596 8172 7729 7887
7653 7787 8589 8220
7648 8097 7768 7845
7341 7454 8328 8260
7365 7177 8523 8265
7471 7384 8309 8266
7536 8135 7624 7812
7583 7677 8611 8140
8395 8437 7955 6971
8416 8347 7850 6883
8390 8313 8091 7066
8244 8380 7841 6979
7632 7987 7725 7704
7671 7654 8533 8094
7631 8127 7712 7824
8384 8389 7978 6964
7483 7932 7759 7781
7605 7635 8592 8087
7533 7621 8544 8241
7543 7791 8607 8173
7550 7716 8526 8210
7662 7960 7723 7781
7594 7785 8531 8198
7590 7785 8578 8139
7279 7232 8463 8193
7415 7377 8421 8224
7501 7624 8610 8128
7529 8109 7573 7750
8364 8295 8023 6810
8372 8422 7858 6952
8382 8298 7790 6902
7535 8103 7687 7744
8224 8267 7853 6972
8380 8127 7997 6993
7495 7738 8597 8157
7435 7586 8526 8191
8243 8156 7875 6990
8369 8280 7994 6916
7243 7140 8371 8222
7435 7573 8478 8161
7495 7967 7567 7741
8332 8261 7894 6783
8335 8276 7847 6900
7507 8101 7661 7723
7362 7388 8316 8168
7246 7287 8323 8187
8331 8174 7775 6870
7311 7389 8595 8416
7503 7620 9651 7414
7601 7555 7890 8825
7928 9213 7310 7520
8029 6967 8520 8457
8122 9430 8175 6822
8266 9180 8175 6448
9075 7580 8108 6827
8011 9133 7401 7546
8550 9043 7830 7234
8431 8763 8650 6712
7485 7487 9594 7451
7829 9369 8274 6925
7762 7256 8205 8636
7637 7127 7835 8756
7438 7347 8488 8526
8029 6967 8520 8457
7930 7457 9380 7679
9008 8279 8375 7068
7560 7780 9281 7843
7549 7650 9444 7726
8941 8268 8429 7098
7588 7343 7909 8736
7679 7898 9498 7345
7637 7127 7835 8756
7708 7297 8254 8661
7378 7771 8216 8602
7368 7442 8587 8414
7922 8068 9211 7826
8477 8930 8016 7198
7802 7909 9143 7934
7880 8328 7874 8067
8034 8136 9013 7757
8464 8980 8149 7085
7560 7366 8036 8687
7732 7802 8633 8201
7810 8177 8901 8042
7525 8087 8742 8172
7790 7975 9129 8041
8155 8267 8888 7645
8110 8805 8561 7225
8241 8430 8883 7630
8056 8694 8107 7825
8290 9018 8257 7706
8663 8731 8042 7295
7723 8042 9059 8085
7655 7769 9186 7926
7952 8363 8189 8004
8535 8947 8114 7107
8701 8563 8573 6940
8340 8702 8708 7109
7585 8089 8942 8031
7724 8290 8811 7877
8386 8480 8734 7058
8620 8852 8027 7034
7941 8141 9104 7851
7320 7463 8510 8452
8878 8394 8324 7344
8878 8394 8324 7344
7738 7974 9152 7970
8195 8388 8746 7667
8368 9018 8316 7657
8026 8217 8882 7729
7959 8274 7868 8089
8118 8785 8528 7364
7876 8259 8921 7976
8805 8682 8421 6901
7603 7697 8653 8381
8039 8806 8413 7331
8642 8637 8571 6862
8607 8909 8154 7157
7668 7698 8625 8344
7598 8117 8703 8108
7538 7519 8531 8444
7939 8300 7959 8075
7766 8221 8856 7996
8002 8849 8441 7280
8589 8671 8609 7593
7414 7492 8666 8365
8273 8826 8214 7797
8494 8541 8721 7138
7749 8019 9176 7896
7984 8284 7887 8051
8248 8891 8351 7010
8228 8348 8861 7763
7823 8274 8844 7981
7992 8088 9095 7837
8566 8676 8575 7512
8559 8873 8083 7161
7618 7777 8661 8257
7956 8292 7965 8072
8639 8526 8511 6953
7408 7355 8700 8387
7718 7853 9159 7961
7416 7454 8584 8444
8824 8650 8347 6743
8426 8884 8298 7227
7473 7503 8621 8410
8328 8348 8925 7630
7467 7471 8622 8384
7839 8264 8892 7961
8730 8608 8480 6969
7676 7635 8616 8313
8395 8760 8626 7571
8452 8611 8720 7607
8462 8751 8384 7437
8839 8541 8380 6784
8331 8908 8310 7783
8839 8541 8380 6784
7684 8014 9103 7971
8113 8720 8050 7799
8757 8741 8498 6968
8827 8624 8352 6766
8112 8847 8534 7296
8545 8574 8784 7051
7653 7782 8554 8289
7600 8078 8771 8128
8017 8509 8690 7760
8530 8350 8648 7534
7796 7858 8966 7965
7634 7605 8616 8388
8009 8506 8569 7804
7924 8244 8854 7913
8787 8664 8579 6846
8312 8740 8721 7067
8708 8603 8543 6918
8580 8751 8093 7159
7828 8260 8984 7957
7677 7895 9199 7890
8498 8721 8706 7006
7650 7775 8729 8265
8525 8794 8591 6984
8774 8738 8462 6750
7676 8049 8984 8194
8200 8247 8748 7773
7825 8029 8401 8047
8021 8878 8410 7172
8377 8742 8243 7648
8725 8642 8467 7001
8468 8622 8771 6998
8457 8781 8238 7075
8054 8268 8894 7713
7691 8075 8973 8222
8831 8664 8422 6728
7691 8075 8973 8222
8567 8762 8024 7189
8205 8280 8724 7802
8413 8686 8742 6961
7674 7874 9163 7922
7666 7873 9210 7921
7927 8066 8942 7892
7621 8077 8735 8121
8285 8304 8967 7600
7598 7643 8546 8389
8405 8918 8238 7774
8705 8574 8578 6912
8766 8671 8502 6738
8469 8659 8746 7050
8013 8870 8446 7225
8403 8605 8730 7617
8790 8632 8435 6922
8394 8645 8457 7602
8195 8676 8221 7847
8798 8640 8414 6957
7668 7698 8625 8344
7712 7771 8778 8294
8526 8773 8541 6911
8768 8627 8517 6910
8525 8794 8591 6984
8770 8641 8482 6917
8005 8851 8575 7196
7712 7771 8778 8294
8285 8304 8967 7600
7322 8133 8117 8018
7345 7367 8507 8409
7641 7746 9154 7924
7861 8167 7766 8036
8068 8968 8179 7404
8770 8675 8362 6672
8794 8613 8399 6922
7490 7556 8554 8384
7792 7865 9122 7782
8588 8748 7984 7124
8294 8871 8252 7715
7561 7765 9148 7875
7722 7981 9032 7973
7368 7480 8573 8397
7901 8421 8870 7606
7585 8070 8755 8088
7975 8823 8472 7194
7713 7997 8996 7836
7751 7938 8970 7891
8096 8622 8074 7794
7344 7467 8577 8405
8192 8352 8808 7615
7654 8050 8941 8183
7674 7689 8537 8215
7589 7919 8754 8211
7867 8028 8921 7840
7565 7489 8609 8316
8298 8905 8217 7661
8241 8348 8897 7593
8420 8446 8660 6975
8075 8693 8513 7287
7707 8137 8844 7998
8368 8536 8691 7044
7609 7599 8509 8337
8093 8512 8602 7523
8493 8658 8487 7417
8077 8384 8848 7433
7737 7951 9125 8002
8010 8744 8479 7361
8343 8806 8132 7743
8216 8627 8594 7341
7660 7627 8745 8139
7775 8252 8883 7934
8262 8934 8037 7683
8588 8748 7984 7124
8493 8608 8581 7084
7646 7677 8763 8267
8317 8195 8783 7493
7674 8033 8871 8130
7787 7938 9031 7871
8241 8189 8907 7576
8628 8533 8446 6976
8358 8672 8429 7536
8479 8547 8714 6966
7660 7608 8702 8163
7717 8202 8846 7956
8077 8771 8502 7240
8392 8535 8632 6988
8349 8696 8161 7698
8766 8613 8450 6739
8143 8185 8696 7718
8670 8581 8513 6784
7563 7642 8628 8343
8085 8759 8511 7169
8395 8723 8618 6860
8293 8250 8768 7622
8257 8696 8222 7759
8598 8522 8496 6916
8757 8572 8557 6811
8270 8775 8167 7722
7570 7663 8601 8295
8223 8169 8859 7687
8583 8631 8473 7457
8027 8737 8519 7225
8763 8678 8364 6773
7985 8736 8564 7181
8199 8751 8411 7468
8405 8671 8040 7598
8118 8602 8124 7776
8040 8668 8548 7201
7694 8192 8917 7945
8557 8619 8558 7502
8300 8943 8191 7604
8200 8286 8806 7696
7629 7635 8598 8289
8289 8576 8660 7461
8136 8791 8120 7770
8659 8571 8441 6948
8465 8552 8605 6941
8365 8737 8197 7624
8326 8573 8663 7496
8036 8781 8534 7177
8720 8716 8466 6761
8138 8279 8692 7745
8300 8931 8209 7602
8557 8619 8558 7502
8456 8630 8681 6772
8729 8651 8403 6756
8111 8696 8473 7216
8723 8566 8451 6910
8670 8560 8568 6886
8702 8617 8480 6897
8200 8286 8806 7696
8733 8580 8541 6756
8479 8719 8635 6832
7645 7753 8695 8278
8479 8719 8635 6832
8720 8610 8438 6951
8435 8629 8692 6956
8701 8653 8473 6920
8376 8671 8512 6891
8728 8662 8468 6871
8454 8608 8601 6916
8430 8653 8536 6869
8454 8608 8601 6916
7249 8097 8082 8016
7294 7398 8438 8396
7578 7702 9127 7921
8272 8907 8103 7579
8445 8609 7745 7161
8730 8561 8282 6670
8793 8524 8270 6673
8277 8856 8245 7672
8455 8647 7870 7114
7888 8367 8670 7481
8131 8221 8878 7442
7849 8684 8490 7031
7282 8053 7986 8011
7982 8728 8379 7155
7447 7561 8462 8335
8231 8653 8133 7758
8140 8455 8569 7216
7760 7837 9024 7861
8330 8409 8620 7031
7932 8176 8780 7504
8121 7968 8827 7568
7693 7885 8974 7982
7550 7496 8466 8271
7532 8030 8899 8064
7361 7440 8568 8384
8072 8696 8089 7734
7362 7538 8520 8366
8566 8514 8450 7066
7499 8037 8795 8084
8120 8594 8535 7334
7732 7927 9036 7825
7961 8702 8465 7256
8642 8549 8552 6749
8738 8513 8349 6871
8376 8498 8697 6932
8028 8491 8572 7380
7695 7806 9106 7834
7501 7629 8516 8331
7539 7997 8880 8173
7330 8027 8165 8104
8256 8680 8179 7695
7294 8122 8099 7962
8432 8655 8018 7127
7637 7717 8428 8200
7675 7932 9046 7878
7625 7745 8580 8210
7725 7743 9060 7869
7526 8003 8735 8112
7659 8065 8685 7852
7604 7612 8747 8024
7590 7653 8661 8258
8758 8515 8258 6730
7264 8138 8009 7949
8447 8481 8628 6842
8243 8197 8676 7389
8687 8617 8418 6914
8528 8596 8488 7412
8127 8655 8184 7756
7608 7609 8662 8264
8362 8542 8581 6812
7536 7671 9095 7956
7537 8014 8842 8110
8703 8499 8362 6780
8723 8662 8409 6777
8553 8563 8530 7351
7545 7845 9070 7947
7968 8532 8607 7184
7929 8726 8417 7134
8484 8580 8509 7462
8652 8548 8467 6899
7650 7883 9107 7907
7635 7867 9125 7858
7596 8193 8763 7896
7658 7889 9033 7895
8491 8606 8481 6886
7536 7530 8603 8333
8566 8621 8385 6832
7581 7771 9107 7949
8138 8691 8158 7749
8409 8567 8533 7035
8392 8526 8553 7421
7593 7559 8702 8121
8373 8656 8582 6798
8724 8615 8387 6719
8554 8596 8008 7194
7692 7839 9080 7880
7539 7553 8659 8268
8475 8586 8389 7413
8700 8570 8403 6883
8431 8651 8473 6865
8479 8484 8703 6841
8424 8489 8482 7473
8130 8711 8165 7679
8385 8722 8578 6841
8700 8598 8444 6734
7268 8053 8095 7955
7281 8018 7984 8030
7317 7501 8511 8363
7347 7389 8535 8328
7625 7744 9096 7811
8261 8840 8140 7561
8379 8583 8536 6658
8720 8507 8378 6731
7378 7495 8587 8308
8586 8423 8464 6888
7961 8702 8442 7228
7596 7888 8918 7803
7696 7879 8980 7765
8032 8659 8104 7644
8256 8713 8215 7570
8542 8458 8389 7096
8238 8491 8062 7625
8416 8483 8519 6900
8525 8533 8485 7333
8437 8495 8451 7353
7472 7799 8991 7941
7580 7904 8961 7858
8710 8647 8317 6718
8338 8686 8553 6706
7403 7399 8540 8270
8440 8585 8410 6868
7444 7994 8554 8126
7648 7816 9070 7892
7615 7863 9052 7860
8687 8582 8369 6751
7285 8028 7992 7936
7975 8603 8350 6891
7613 7646 8426 8056
7589 7739 8565 8014
8370 8644 8516 6765
7600 7483 8430 8217
8539 8511 8489 6824
8627 8519 8441 6895
7433 7535 8478 8306
7562 7674 8561 8191
7605 7819 9058 7820
7559 7569 8529 8237
7622 7877 8919 7917
7527 7574 8484 8207
7564 7582 8575 8093
7303 8009 8076 7947
7548 7592 8579 8175
7624 7535 8541 8146
8694 8516 8336 6880
7562 7595 8512 8194
7151 7467 8408 8250
7240 8001 7977 7956
7277 7318 8413 8238
7617 7809 9045 7853
8430 8452 8481 6702
8591 8506 8361 6775
7521 7824 8876 7815
7632 7814 9020 7838
7503 7626 8544 8114
8520 8502 8398 7266
8359 8456 8481 6765
7198 7977 8055 7833
8410 8423 8517 6866
8493 8475 8427 6981
7454 7404 8482 8154
7540 7751 9034 7886
7553 7544 8471 8150
8541 8443 8396 6794
8535 8506 8458 6819
8395 8450 8510 6816
8399 8427 8468 6777
7578 7759 8968 7814
7582 7796 9013 7810
8284 8424 8094 7118
8452 8449 8450 6724
8506 8497 8380 6817
8512 8419 8327 7140
8336 8290 8478 6848
8414 8370 8457 6763
8392 8402 8413 6746
8362 8412 8388 6778
7494 7665 8893 7792
8413 8425 8346 6674
8416 8423 8311 6784
8400 8421 8419 6706
