87 1.62044
3405 4003
4108 3591
4041 3659
3907 3806
4009 3717
3763 3878
3838 3839
4175 3461
3568 3965
3661 3909
3938 3757
3529 3967
3810 3850
3405 4003
3935 3772
4082 3611
3918 3792
4009 3717
4040 3668
4164 3521
3675 3908
3763 3878
3881 3812
3569 3943
4040 3668
3935 3772
3718 3903
3763 3878
3838 3839
4164 3521
3987 3725
4082 3611
3405 4003
4122 3569
3810 3850
3763 3878
3987 3725
4164 3521
3675 3908
3918 3792
3569 3943
3949 3749
4040 3668
3405 4003
4009 3717
4108 3591
3838 3839
4032 3697
3967 3746
3675 3908
3763 3878
3881 3812
4164 3521
3405 4003
3586 3942
4108 3591
3763 3878
3949 3749
4164 3521
3569 3943
3918 3792
3987 3725
3838 3839
3480 3992
4040 3668
3675 3908
3838 3839
4125 3566
4040 3668
3529 3967
3405 4003
3763 3878
3918 3792
3949 3749
3718 3903
4009 3717
4164 3521
3718 3903
4009 3717
4032 3697
3405 4003
3881 3812
4164 3521
4125 3566
3763 3878
3838 3839
3949 3749
3529 3967
3648 3925
3918 3792
3810 3850
4040 3668
4122 3569
3987 3725
3967 3746
3763 3878
3405 4003
4164 3521
3529 3967
3405 4003
3881 3812
4009 3717
4164 3521
3763 3878
4122 3569
3935 3772
3648 3925
3838 3839
4040 3668
3529 3967
4164 3521
3763 3878
3949 3749
3675 3908
3987 3725
3918 3792
3569 3943
3405 4003
3838 3839
4040 3668
4108 3591
4082 3611
3987 3725
3935 3772
4175 3461
3810 3850
3763 3878
3648 3925
3405 4003
3881 3812
4040 3668
3569 3943
4164 3521
3405 4003
3860 3830
3586 3942
4071 3649
3987 3725
4125 3566
3881 3812
3967 3746
3675 3908
3763 3878
3763 3878
3405 4003
3935 3772
4040 3668
3918 3792
4125 3566
3529 3967
3675 3908
3987 3725
4164 3521
3838 3839
4040 3668
3405 4003
3949 3749
4009 3717
3838 3839
4164 3521
3763 3878
3675 3908
3529 3967
4108 3591
3881 3812
3987 3725
3763 3878
4040 3668
4125 3566
3405 4003
3838 3839
3529 3967
3918 3792
4164 3521
3921 3777
3648 3925
3763 3878
3967 3746
3405 4003
4164 3521
4041 3659
3675 3908
4125 3566
3569 3943
3838 3839
3987 3725
3881 3812
4040 3668
3935 3772
4009 3717
4164 3521
3405 4003
3675 3908
3810 3850
3918 3792
4108 3591
3763 3878
3569 3943
4164 3521
3810 3850
3718 3903
3569 3943
3967 3746
3881 3812
4009 3717
3763 3878
4082 3611
4040 3668
3405 4003
4108 3591
4164 3521
3987 3725
3569 3943
3838 3839
3964 3748
3405 4003
4040 3668
3763 3878
3881 3812
3675 3908
3838 3839
3967 3746
4164 3521
3763 3878
3881 3812
4009 3717
3512 3986
4040 3668
4082 3611
3529 3967
3763 3878
3967 3746
3987 3725
3918 3792
3838 3839
3586 3942
4032 3697
3405 4003
4082 3611
4164 3521
3405 4003
4040 3668
3529 3967
3967 3746
4122 3569
4164 3521
4009 3717
3918 3792
3838 3839
3763 3878
4082 3611
3810 3850
3909 3801
3405 4003
3569 3943
3763 3878
4164 3521
4009 3717
3921 3777
4040 3668
3586 3942
4032 3697
4108 3591
3405 4003
4164 3521
3763 3878
3918 3792
3987 3725
3967 3746
4164 3521
4108 3591
3918 3792
3480 3992
4040 3668
3935 3772
4009 3717
3529 3967
3763 3878
3529 3967
4040 3668
3763 3878
3967 3746
4164 3521
3405 4003
4009 3717
4082 3611
3918 3792
3987 3725
3949 3749
4040 3668
4164 3521
3879 3817
4082 3611
3405 4003
3763 3878
3586 3942
3987 3725
4164 3521
3879 3817
4108 3591
4040 3668
3529 3967
3405 4003
3949 3749
3763 3878
3879 3817
4164 3521
3763 3878
3405 4003
4009 3717
4040 3668
4082 3611
3569 3943
3964 3748
4122 3569
4040 3668
3405 4003
3569 3943
3763 3878
4164 3521
3918 3792
3967 3746
3987 3725
3405 4003
3964 3748
4122 3569
4164 3521
3987 3725
3586 3942
3881 3812
4040 3668
3763 3878
4108 3591
4009 3717
4164 3521
3763 3878
3881 3812
3949 3749
3569 3943
4040 3668
3405 4003
3763 3878
3967 3746
4164 3521
3529 3967
4086 3605
3918 3792
3405 4003
3987 3725
4040 3668
4040 3668
3918 3792
3987 3725
4108 3591
3529 3967
3949 3749
3763 3878
3405 4003
4164 3521
3405 4003
3763 3878
3967 3746
4164 3521
3586 3942
3881 3812
4082 3611
3987 3725
4040 3668
4034 3669
3405 4003
4164 3521
3909 3801
3935 3772
3529 3967
4009 3717
3763 3878
4082 3611
4164 3521
3405 4003
3987 3725
3921 3777
3529 3967
3918 3792
4125 3566
3763 3878
4122 3569
4009 3717
3967 3746
3918 3792
3775 3856
3405 4003
4164 3521
3529 3967
3763 3878
3881 3812
3987 3725
3964 3748
4164 3521
3405 4003
3529 3967
4108 3591
3881 3812
3529 3967
3967 3746
3763 3878
3405 4003
4164 3521
4108 3591
3987 3725
4122 3569
3529 3967
3881 3812
