43 3.96036
31356 30282 30299 30459
30883 30016 30059 30877
31666 30165 29845 30145
31498 30651 30070 30266
31599 30325 30140 30305
31413 30091 29885 30603
30988 29955 30135 30785
30286 29967 30864 29884
30191 29706 31029 29828
29744 28872 28637 31499
30191 29706 31029 29828
29744 31012 29396 29620
31797 28753 27308 28249
30252 29937 30854 29688
30329 29803 30874 29857
30184 29760 30811 29845
31714 28601 27156 28089
31603 28741 27099 27870
31527 29862 29648 30184
30252 29912 30856 29816
31240 29960 29900 30057
31195 29871 29619 30011
31100 30302 29896 29945
29560 30272 29086 29206
30329 29742 30714 29951
31184 30040 29871 30165
29667 30544 29304 29357
31263 30065 29995 30078
30089 29705 31037 29847
31423 30072 29881 30219
31419 29965 29583 30103
30099 29643 30684 29892
30875 29919 29987 30471
30148 29667 30647 29709
31277 29945 29970 30236
31285 30376 30053 30039
30944 29945 29883 30669
30193 29701 30565 29806
31777 28750 27166 28090
29813 28959 28668 31476
31242 30010 29866 30208
31168 30245 30115 30044
30801 29874 29982 30524
31318 30082 29975 30244
30721 29847 29822 30529
29620 28651 28640 30986
30060 29799 30617 29733
30554 29756 29770 30369
29692 28838 28615 31188
30666 29828 29923 30568
31197 29909 29852 30003
30766 29819 30025 30416
31335 30550 30020 30179
29702 28779 28586 31267
29682 28676 28644 31240
30200 29571 30683 29895
29561 28574 28773 31181
31442 29941 29804 30358
31292 29933 29852 30045
31476 30251 30071 30225
30101 29730 30785 29537
31344 28421 26834 27951
30181 29858 30541 29791
30733 29898 29840 30693
29537 30452 29057 29356
31372 30135 29956 30408
30252 29818 30754 29968
30250 29767 30542 29641
30368 29734 30836 29754
31291 30033 29808 30058
30171 29629 30925 29748
29755 30843 29441 29492
31237 29948 29866 30014
31301 29972 29877 30351
31335 30031 29997 30184
30857 29845 30004 30575
31262 30553 29978 30069
31405 28393 27000 27845
31398 29926 29531 30128
31560 28323 27062 28062
30085 29668 30581 29745
30199 29796 30856 29891
31098 30147 29945 30055
30648 29824 29887 30614
31333 28342 27054 28172
31376 30119 30007 30245
30179 29631 30635 29495
30853 30085 29981 30626
31506 30091 29764 30269
30933 29920 29920 30720
31295 30039 30268 30342
31155 30479 29938 30011
31451 28591 27050 28024
30042 29497 30490 29572
30422 30057 30761 29910
30222 29428 30828 29747
31118 30386 29874 29862
30700 29794 29909 30572
30864 29839 30153 30632
30847 29871 29689 30529
30951 30090 29961 30637
30166 29810 30858 29685
31330 30243 29946 30217
30650 29886 29880 30383
30052 29724 30692 29512
31303 28192 26974 27675
30124 29679 30776 29925
31090 29811 29744 30142
31357 30163 29901 30094
31269 30252 29920 29985
30612 29937 29926 30330
31346 30146 30036 30029
30002 29739 30411 29717
30695 29795 29834 30645
31539 28522 27153 28135
31401 30068 29639 30008
31411 30169 29995 30241
30171 29764 30447 29714
30261 29617 30853 29904
30584 29898 30010 30402
31343 28419 27035 27903
31290 30196 29835 30374
30890 30028 30213 30639
30876 29910 29903 30622
31354 30444 29982 30198
29523 28571 28492 31061
30267 29697 30778 29771
31045 30116 30045 30657
29585 30522 29179 29498
31497 29989 29616 30189
30808 29949 29866 30506
30907 29950 30134 30672
31261 30052 29978 30165
31196 30046 29905 30159
30686 29946 30039 30528
29692 28901 28578 31179
30127 29663 30625 29685
30079 29730 30762 29595
29494 30576 29042 29358
30306 29628 30747 29893
30707 29998 29889 30530
31229 30039 29726 30313
31389 30096 29902 30028
30264 29683 30769 29662
31384 30248 29971 30101
30184 29688 30855 29857
30753 29855 29733 30480
30153 29718 30669 29735
30936 29947 30048 30663
31539 28570 27188 28121
30643 29719 29832 30467
30149 29861 30533 29819
29623 30579 29124 29544
30252 29767 30601 29620
29821 28885 28575 31285
30060 29647 30458 29656
30135 29812 30760 29602
30307 29757 30825 29929
30785 29933 29913 30504
30075 29712 30794 29790
31308 30229 30068 30104
31562 28409 27217 27996
30589 29768 29864 30442
30144 29606 30517 29684
29695 28838 28565 31191
30227 29672 30618 29800
31503 30367 30111 30089
31423 28381 26985 27986
31359 30355 29608 29933
30771 29939 29834 30364
30268 29667 30859 29685
31141 29967 30018 30202
29730 30964 29343 29424
30193 29852 30676 29617
31489 30287 30026 30330
31191 29909 29807 30343
30222 29635 30771 29690
31404 30182 29995 29968
31308 30093 29922 29980
30806 29683 29997 30458
31156 30211 29987 30028
30824 30016 30045 30710
29605 28733 28606 31185
31533 30084 29660 30126
31359 30127 29965 30039
31375 30143 29908 30192
30906 29757 29851 30366
31285 30121 29949 30103
30769 29928 29867 30653
30301 29737 30770 29708
30177 29647 30611 29556
30257 29751 30864 29601
30100 29622 30721 29797
30289 29689 30633 29753
30721 29814 29694 30318
31430 29959 29669 30163
31441 30075 29822 30364
29529 28716 28403 31138
29523 28720 28660 31210
29784 30719 29185 29555
30801 29876 29888 30587
31289 30464 29890 30053
31009 29845 29832 30014
30867 29892 29707 30269
31287 30113 29846 30063
30263 29810 30727 29693
30844 29754 29866 30473
31457 28591 27219 28049
31218 30547 29786 29777
30712 29865 29736 30530
31309 28381 26920 27833
30020 29566 30758 29850
30130 29604 30491 29690
29484 28543 28378 31156
29650 30571 29300 29350
31313 30175 30088 30158
30836 29872 30001 30567
30210 29609 30684 29761
30101 29743 30821 29888
31132 29979 29996 30076
30833 29850 29772 30456
31205 29976 29544 30312
31451 28337 27118 28125
30705 29856 29962 30335
31116 30374 29761 29960
31294 30228 29993 30160
30098 29745 30806 29772
30886 30032 29928 30543
29511 28739 28593 31305
30193 29727 30554 29765
31257 28314 27005 27810
30883 29984 29960 30607
31221 30416 30012 30132
31552 28594 27156 28132
30325 29669 30754 29877
31166 30000 29711 30460
30876 29966 29961 30602
29591 28729 28639 31244
31422 28359 26810 27869
30232 29578 30720 29715
31511 28610 27149 28073
30206 29763 30947 29866
29686 28775 28631 31273
30298 29752 30839 29868
31270 30350 30045 30233
31493 30104 30011 30223
31544 29955 29656 30140
30345 29749 30844 29590
30273 29827 31048 29759
31364 30066 30219 30363
31377 30017 29710 30058
29518 28700 28499 31165
30272 29782 30759 29757
30072 29778 30764 29783
30827 30001 29798 30504
29585 30344 29236 29269
31128 30007 29884 30059
30686 29851 29760 30369
31341 30045 30081 30168
31504 30077 29806 30137
29631 28790 28554 31275
29717 28794 28582 31362
31337 30164 29905 30179
30248 29728 30719 29767
30212 29701 30651 29703
31581 28612 27200 28191
31208 29830 29843 30151
30231 29890 30682 29647
31269 30238 30230 30200
29599 28868 28838 31190
31621 28638 27231 28327
30827 29924 29834 30625
30803 29910 29767 30553
31338 29979 29859 30246
30326 29875 30741 29764
29583 28691 28443 31161
30134 29574 30631 29695
29786 30552 29173 29347
31281 30416 30095 30020
31151 30439 29952 30073
31008 29942 30023 30701
31363 28453 27153 28061
29492 28621 28417 31019
31727 28567 27384 28232
30820 29935 30024 30539
30485 29892 29770 30473
31240 29975 29934 30045
31143 30065 29880 30004
30789 29718 29949 30613
30734 29978 29825 30322
30920 30444 29991 30017
31402 28464 27275 28068
31419 30204 30068 30158
31392 29960 29696 29928
30939 30112 29967 30578
30708 29818 29902 30396
31497 30182 30047 30308
31317 30089 29891 30336
30110 29840 30586 29715
31086 29905 29717 30205
31589 30056 29784 30431
30690 29864 30022 30472
31365 30135 30181 30180
30706 29913 29912 30482
31381 30173 29771 30051
30667 29959 30093 30488
31244 30366 29835 29924
31183 30387 29787 30034
31394 30093 30127 30119
30629 29671 29870 30302
31262 30105 29970 30366
31124 29963 30038 30471
29648 30593 29313 29485
31271 30067 29882 30369
30632 29962 29723 30406
29842 30690 29299 29643
30239 29734 30682 29987
30119 29866 30568 29597
31466 30158 29973 30141
29582 28825 28683 31282
30409 29858 30777 29750
30126 29700 30764 29557
29494 30603 29191 29510
31045 29758 29772 30159
30830 29962 29944 30516
30182 29574 30685 29865
31187 29882 29448 29983
29605 28692 28662 31309
31379 30354 29994 30295
31366 30091 29960 30184
31198 30168 29933 30073
31281 30478 29826 29964
30305 29757 30818 29893
31218 30409 29916 29938
29605 28826 28614 31227
30210 29658 30759 29898
30423 29712 29738 30237
30155 29618 30574 29686
29627 28735 28681 31252
31168 30312 29869 29901
30319 29748 30556 29754
31481 30388 30131 30318
30751 29958 29995 30528
31149 30057 29589 30027
31195 29941 29738 30355
30143 29833 30576 29578
30703 29921 29957 30549
29704 28852 28606 31251
31508 30007 29827 30320
30767 29968 29813 30398
30771 29976 29915 30598
31353 30093 29834 30354
31240 30443 30023 30288
30343 29665 30772 29654
31323 28455 26852 27884
31574 28599 27116 27979
31314 30528 29812 30197
29518 30601 29203 29295
29613 30678 29239 29429
31383 30114 29926 30609
31011 29901 29961 30559
31448 30019 29726 30296
30012 29735 30652 29642
31356 30582 30030 30139
31476 30021 29763 30111
31526 28528 27112 27986
29613 28832 28492 31082
31348 30053 29790 30242
31256 30168 29878 30236
31467 28440 26985 27990
29524 30656 29341 29333
31383 29865 29593 29957
30863 29873 30025 30546
30984 29924 30041 30576
30138 29497 30563 29638
31156 30000 29969 30315
30712 30037 29774 30589
31611 30260 30090 30058
30742 30064 29936 30511
31463 28544 27163 28095
31478 30136 29927 30417
31205 30143 29969 30104
30749 29930 29942 30495
30223 29815 30649 29752
31192 30437 30056 30051
30313 29763 30642 29979
31357 30204 30059 30032
31457 30221 30135 30191
31414 29978 29662 30139
30176 29643 30528 29856
30109 29558 30475 29748
31491 30117 29630 30141
31183 29847 29770 29997
30198 29763 30803 29955
30923 29937 29952 30494
31387 30037 29787 30035
31317 29988 29873 30185
29572 30717 29371 29400
31432 30144 30096 30154
31085 30070 30020 30345
30121 29753 30806 29873
31194 30520 29995 30114
30242 29557 30729 29634
31224 30087 30150 30189
31321 29940 29707 30116
31695 30158 30005 30351
30138 29799 30850 29965
31531 28445 27034 28016
31329 30194 30066 30171
31258 29837 29792 30241
31032 30001 29895 30607
31205 30373 29966 30081
30203 29829 30638 29851
30555 30011 29955 30530
29623 28705 28614 31157
31138 30311 29720 29990
31385 30335 30115 30281
29752 28839 28545 31304
31315 30163 29982 30077
29744 30660 29305 29417
31436 30128 29691 29931
29517 30771 29269 29271
31163 29987 29803 30543
31551 30240 30017 30282
31446 30126 29992 30181
30114 29584 30680 29759
30963 29816 30016 30711
31432 30105 29671 30034
31198 30202 29851 30342
29838 30632 29278 29380
31264 28203 26768 27858
31259 30029 29933 30301
31387 30267 29771 30510
31336 30023 30000 30196
31621 28665 27258 28187
29601 30632 29139 29499
30079 29823 30670 29765
31362 30137 30129 30026
31214 30063 30024 30135
31365 30069 29792 30226
29906 29581 30586 29689
31326 30165 29741 30411
29559 30603 29193 29419
31282 30489 29926 30188
30421 29712 29667 30105
30077 29494 30632 29683
31112 29950 29653 30228
30473 29671 29805 30319
30657 29795 30123 30497
30919 29924 29829 30643
31272 30536 29989 30040
30651 29967 29784 30563
31479 30116 30102 30120
31303 30032 30067 30025
30357 29626 30793 29829
30092 29703 30646 29841
31364 30003 29719 30061
31311 30455 29967 30125
29499 28509 28613 31158
31741 28654 27426 28263
30163 29750 30847 29848
30895 29942 30009 30684
31432 30163 29899 30311
31149 30027 29918 30198
30202 29812 30615 29831
31098 30516 29949 30205
30633 29715 29961 30343
30890 29888 29942 30723
31442 30030 29711 30156
31373 29867 29744 30054
31197 30376 30051 30027
30830 29906 30028 30553
