344 5.55511
8235 9640
8235 9640
9252 8472
8950 9042
8719 9147
9232 8753
9251 8567
8859 9139
8859 9139
8988 8937
9032 8855
8514 9461
8428 9493
9131 8833
9142 8759
9232 8753
9251 8567
9252 8472
8717 9233
9131 8833
9142 8759
8368 9531
8418 9520
8287 9582
8679 9253
8717 9233
8994 8905
8328 9540
8368 9531
9023 8857
8302 9568
8591 9384
8428 9493
8520 9418
8669 9276
8998 8868
8988 8937
8418 9520
8319 9567
8328 9540
8549 9405
8570 9394
8623 9294
8669 9276
8679 9253
8514 9461
8570 9394
8619 9324
8516 9430
8548 9408
8642 9285
8262 9588
8619 9324
8259 9615
8259 9615
8262 9588
8594 9361
8616 9347
8259 9615
8997 8891
8998 8868
8642 9285
8605 9358
8616 9347
8629 9293
9131 8833
8319 9567
8516 9430
8520 9418
8594 9361
8605 9358
8997 8891
8591 9384
9032 8855
8719 9147
8548 9408
8642 9285
8623 9294
8629 9293
8262 9588
8548 9408
8549 9405
8259 9615
8262 9588
8997 8891
8259 9615
8259 9615
8259 9615
8259 9615
8259 9615
8259 9615
8259 9615
8259 9615
8259 9615
8259 9615
8259 9615
8259 9615
8259 9615
8259 9615
8259 9615
8259 9615
8259 9615
8259 9615
8259 9615
8259 9615
8259 9615
8259 9615
8259 9615
8259 9615
8259 9615
8259 9615
8259 9615
8259 9615
8259 9615
8259 9615
8259 9615
8259 9615
8259 9615
8259 9615
8259 9615
8259 9615
8259 9615
8259 9615
8259 9615
8259 9615
8259 9615
8259 9615
8259 9615
8259 9615
8259 9615
8259 9615
8259 9615
8259 9615
8259 9615
8259 9615
8259 9615
8259 9615
8259 9615
8259 9615
8259 9615
8259 9615
8259 9615
8319 9567
8319 9567
8319 9567
8368 9531
8368 9531
8514 9461
8514 9461
8516 9430
8549 9405
8549 9405
8594 9361
8594 9361
8619 9324
8623 9294
8669 9276
8669 9276
8717 9233
8998 8868
9131 8833
9142 8759
9252 8472
8221 9625
9244 8469
8691 9182
9193 8730
8876 9030
8955 8909
8627 9254
9017 8782
9064 8756
8584 9318
8926 9026
8532 9349
8343 9518
8398 9478
8259 9607
8445 9409
8322 9526
8409 9413
8495 9407
9040 8780
8407 9462
8504 9391
8298 9568
8279 9581
8889 9028
8298 9568
8504 9391
8284 9572
8889 9028
8279 9581
8284 9572
8279 9581
8279 9581
8284 9572
8142 9600
9166 8478
9105 8695
8617 9176
9163 8551
8676 9126
8943 8858
8733 9026
8867 8930
8566 9298
9045 8730
8836 8976
8802 9022
8967 8765
8393 9443
8433 9390
8307 9484
8357 9445
8167 9580
8973 8746
8237 9575
8540 9300
8498 9318
8293 9556
8261 9572
8446 9363
8465 9350
8493 9341
8298 9517
8297 9530
8108 9576
9144 8442
8918 8695
9101 8674
8819 8930
8672 9124
8589 9175
8556 9271
8828 8799
8714 8964
8697 9005
8901 8796
8415 9343
9103 8597
8219 9575
8382 9415
8312 9440
8493 9300
9131 8536
9137 8517
8467 9334
8370 9424
8262 9511
8248 9549
8277 9450
8270 9478
8489 9322
8231 9564
8179 9573
9121 8495
8681 8986
9031 8640
8785 8913
8573 9132
8858 8760
8323 9336
8908 8685
8458 9326
8553 9234
8548 9267
8485 9308
8312 9413
8233 9534
8211 9571
8273 9445
8893 8713
8888 8759
8258 9479
8304 9433
8236 9495
8477 9314
8242 9487
8152 9570
9044 8486
8662 8902
8890 8704
8572 9126
8755 8826
8318 9330
8310 9395
8949 8619
8247 9474
8451 9325
8743 8879
8530 9267
8210 9524
9029 8565
8533 9176
8177 9569
8482 9272
8977 8603
9023 8597
8547 9158
8233 9496
8465 9301
8463 9312
8173 9560
9017 8596
8726 8854
8547 9146
8732 8795
8876 8688
8880 8633
8436 9317
8306 9338
8448 9281
8516 9246
8252 9349
8244 9446
8528 9188
8181 9506
8203 9483
8232 9450
8521 9214
8176 9559
8285 9344
8195 9491
8299 9341
8241 9447
8167 9546
9005 8278
8816 8685
8510 9209
8966 8575
8876 8676
8244 9443
8288 9315
8993 8438
8987 8455
8467 9234
8399 9242
8313 9301
8198 9480
8361 9282
8499 9225
8392 9273
8175 9510
8374 9280
8182 9485
8176 9498
8119 9544
8965 8441
8961 8542
8508 9188
8390 9263
8315 9274
8285 9304
8165 9531
8448 9229
8490 9225
8240 9312
8189 9452
8212 9426
8227 9375
8235 9338
8175 9482
8225 9409
8453 9226
8180 9479
8073 9534
8949 8513
8476 9214
8916 8522
8189 9407
8224 9332
8371 9254
8272 9288
8397 9215
8122 9528
8264 9303
8171 9465
8168 9476
8390 9241
8155 9522
8152 9523
8127 9518
8946 8508
8466 9060
8443 9203
8210 9327
8315 9251
8361 9213
8251 9299
8171 9443
8444 9066
8152 9517
8167 9467
7989 9501
8934 8456
8916 8463
8424 9171
8149 9500
8263 9224
8161 9365
8194 9317
8331 9209
8154 9421
8227 9275
8352 9184
8378 9176
8158 9414
8407 9173
8209 9290
8334 9202
8201 9301
8226 9277
8137 9492
8909 8454
8405 9172
8303 9176
8225 9188
8199 9265
8139 9402
8152 9341
8192 9315
8138 9480
8160 9318
8087 9486
8898 8377
8405 9165
8218 9174
8187 9303
8189 9201
8101 9476
8114 9368
8141 9340
8119 9351
8052 9469
8346 9150
8186 9283
8258 9161
8095 9351
8093 9446
8084 9468
8032 9438
8325 9147
8112 9262
8088 9325
8067 9387
8076 9368
8018 9396
8298 9146
8087 9234
8034 9361
7988 9343
8243 9100
8078 9171
8031 9317
8160 9142
8230 9137
8002 9226
8163 9110
8070 9026
