303 28.6638
29139 30904 30199
28141 29525 29928
29978 31198 30316
29606 30897 30321
27645 29171 29163
29508 31158 30106
29003 30712 30876
30509 30603 29482
28629 30053 30336
29371 30427 29801
29345 29867 30380
28429 30076 30364
29463 29710 30367
28651 29885 30389
28067 28819 29730
29904 31030 30031
29346 30390 30450
29987 30436 31300
28425 30178 30110
30090 29794 29605
28572 27921 28635
30100 31106 30309
29834 30996 30446
27618 29229 29004
28178 28098 29772
28630 29560 30254
29462 30639 30539
30166 29759 28670
29722 31189 30438
30300 30885 29186
29710 30989 30582
29478 30603 30480
29678 30631 30618
29983 31249 30290
29683 30779 30539
29891 30231 28414
29526 31197 29272
29026 30577 30214
28542 29726 29996
28298 29365 29908
27907 29510 29169
28355 29494 30006
29834 31085 30622
29939 30619 30781
28364 30210 30112
28058 28328 27884
27771 29400 29235
28866 30132 30558
29067 30280 30733
29177 30642 30948
28425 29796 30077
29801 30866 30371
29408 30634 30984
29101 30057 29648
29640 29769 30773
29279 29395 30775
28355 29968 28766
29787 30839 30532
27367 28888 28909
29141 30027 30742
30027 31324 30104
28723 29732 30527
29018 29629 30605
29566 31081 30495
27802 29809 28460
27888 29698 29013
29518 31032 29997
29496 31010 30504
30255 31207 30189
29446 30932 30327
29817 31074 30197
28978 29185 30605
28335 28874 29824
29479 30871 31136
30105 30680 31062
28663 30001 29756
28690 30633 30070
29221 29967 30742
29481 30825 31194
28257 30162 29697
27463 29293 28815
30135 31390 30075
29210 30044 30595
29629 31025 30142
28702 30690 28507
28832 29781 30499
29630 30324 29444
28856 30276 30329
29459 30203 30422
29082 30824 30204
29613 30484 30564
29043 30481 30009
29083 30603 31022
28669 29426 30255
29606 30821 31085
29285 30768 30546
29471 28986 28531
29094 30592 30503
29053 29229 30734
29874 31398 30369
29797 30894 30934
27406 28787 29177
28888 29661 30519
28931 30617 30892
28809 29652 30405
27812 29151 29095
30015 31063 30254
28090 28304 29496
29375 30817 30944
29096 30106 30449
29172 30660 30971
29233 30492 30924
29868 30647 30633
29625 30249 31061
30194 30583 30143
29651 31101 30214
28568 28927 29994
29562 30990 29803
29143 30716 29950
27769 27850 29004
30032 31078 29624
29825 31352 29835
29436 30916 28273
28323 29947 30106
29372 31114 31134
29353 30858 30205
29146 29681 30357
30169 29902 29091
28843 28967 30509
27551 29400 28778
29601 30115 30347
30022 30916 30029
28657 29664 30478
28890 30151 28644
27120 29328 28528
29634 30428 29524
29589 30662 30439
28792 29969 30504
29585 30146 31151
28596 29660 30122
28347 28247 29990
30137 31064 30175
28394 30348 29908
28264 29559 29721
29821 30254 30126
29322 30736 30937
27368 28367 28771
28213 29757 29692
29129 30557 30860
29543 30284 30479
28930 30748 29060
29503 30100 27776
30179 31151 29865
28124 28858 29826
28297 29591 29848
28705 30034 28605
28890 29820 27584
29937 29867 30972
30050 30908 30230
29608 31133 29529
29651 31083 29848
28196 29076 30128
29678 30997 30292
28074 29259 29800
28598 29755 30157
29262 30120 30207
28252 28650 30124
29311 30889 30237
30384 30853 30174
29682 30865 30505
29442 30309 30553
30089 30808 30086
28662 30181 30438
30179 31172 29706
29893 30173 30121
29491 30512 30481
28973 30074 30460
28921 29256 30487
28111 28981 29570
29647 31152 29838
29456 30793 30268
28938 30466 30070
28312 29510 30045
29420 31011 30707
29809 31101 29868
29078 30251 30162
29825 30452 30981
29111 30750 29713
29295 29938 31049
29043 30277 30763
28795 30196 28216
29565 30989 29744
29501 30653 30545
30024 31043 30274
28424 30471 28972
28758 29706 30575
28922 29215 30611
29893 30941 30356
28595 30544 30181
29566 31468 29568
28980 29963 30790
29295 30699 29788
29599 30911 29838
29577 30860 30977
30349 31251 30033
30171 31143 30218
29962 30761 29386
28545 30073 29926
28670 29842 30409
29875 30885 30037
28715 29273 30460
28662 29928 30143
29590 30954 30227
29537 30756 29884
29854 31366 30128
29633 30524 30216
29665 29674 31062
29692 31076 30501
28226 30664 30037
28099 29517 29562
29305 29930 30437
29686 29766 30883
29762 31040 30442
29059 30130 30783
28981 30607 30040
29733 30875 31119
29721 30734 30064
30170 31276 29889
29413 30654 30141
28853 30494 29939
29899 30217 28636
29343 30188 30484
29162 30113 30311
28935 30698 29774
29867 31148 30515
28304 29486 30062
27650 27689 28991
27606 29120 29307
28772 29515 30483
29542 30955 29497
30258 31211 29895
30486 30469 29225
30031 31089 30492
28987 30759 29094
29094 30290 30626
28932 29685 30407
29193 30339 29612
29119 30130 30698
29790 31005 30468
29763 30754 30780
29849 29474 29347
28548 29146 29331
29636 29916 31184
28338 29058 29948
28957 29750 30543
29422 30674 31104
29984 31347 30279
29288 31036 30651
29294 30558 30912
28580 30719 28417
30165 31001 30163
29293 30714 30544
28664 29836 30001
28106 28447 29371
29870 30778 30622
27672 29297 28869
29724 30856 30733
28582 29988 30241
28871 30517 30641
29015 30353 30829
29534 30303 30172
28628 29373 30281
28957 30157 30112
29312 30201 28728
27401 28587 29023
28467 29672 29905
29052 28890 29521
29622 31026 31036
29358 29999 30639
29889 31144 30391
29823 29985 30794
29748 30866 29025
28911 28690 30117
29777 31076 30537
28539 29949 30220
29251 29827 30236
28569 30091 30223
29087 29740 30628
29923 31136 30233
29189 30581 31016
30280 31096 30230
29728 30979 30497
29230 30729 29878
28237 29699 29625
28552 29173 30373
29117 30320 30822
28743 30052 29782
28744 30010 29955
29736 30858 31036
29543 30575 30406
28929 30150 30550
27267 28882 29375
29962 30958 29876
29944 31241 30360
29156 30234 30504
29325 30399 30614
29621 30872 31059
28982 29380 30741
29934 31033 30277
29802 29894 28379
29828 31075 30415
29439 30946 31221
29634 31102 30508
28652 29967 30144
29166 30478 30340
29826 31218 30191
29397 30783 30990
29521 30799 30264
29504 30868 31009
29194 30473 30362
27680 28840 29548
29724 30820 31227
29490 30561 30527
28992 30694 30503
29743 31023 30627
28755 29612 29871
27512 29033 29440
29418 29541 28248
28621 29827 30030
29043 30267 30613
29113 30886 30540
30512 31060 30152
29748 30907 29989
28455 29932 29757
29676 30797 31362
28987 29982 28265
28181 29056 29921
29064 30442 30920
28570 30534 30783
28964 29786 30608
28822 30449 29215
27076 28233 28655
29444 30474 30802
29363 30561 30602
29448 31009 30409
29067 30517 30700
29649 30782 29904
29741 30919 30084
28657 29791 30137
30031 30932 30190
29204 30560 30462
29542 30836 30717
29115 30576 30229
28139 29871 29320
29111 30402 30651
29059 30699 30443
29205 30759 30663
28265 30378 29977
28109 28622 29443
30065 31075 30421
29142 30747 30084
28977 30958 30830
29361 29783 30055
29564 30816 30323
28438 29617 30212
29831 31054 30416
28900 30623 30806
28637 29892 29793
28813 29667 30043
28717 29624 30154
29695 31106 30516
28668 30677 30524
29744 30906 31118
29571 30845 31300
27788 26849 28690
29954 30956 30105
29758 31054 30600
29163 30188 30733
29400 30297 29399
28664 28492 30234
29430 30168 30280
29475 30129 30890
29820 30788 30436
28111 30219 30036
28790 28576 26522
28123 27858 30081
29508 30556 30458
29682 30903 29967
28098 30133 28564
29017 30169 28282
29714 29237 29554
28713 29900 28446
29744 29848 31347
29098 29976 27607
27869 28971 29569
29352 30632 31159
29499 30637 30582
29442 30900 30680
28281 30227 29588
29144 28982 30528
29757 31077 30342
29607 30932 30683
27641 29142 28928
26698 28613 27396
29954 30912 28994
29423 30896 29419
28098 29146 29744
29616 30664 30843
29228 30753 30727
28631 30199 30230
28022 29582 29505
30140 31311 30124
29602 29297 29713
29830 30605 30462
29660 30940 30032
30139 31041 30246
29721 31144 30103
27831 28576 29436
28904 29754 30764
29401 30950 30036
27925 29451 29165
30157 31257 30015
29945 30932 30161
27996 29922 28135
27689 28935 29141
27785 29493 29295
29928 30295 31207
28090 29305 29573
29981 31026 30354
29127 30636 30163
29009 30427 30468
29263 30475 29829
28543 30537 30418
29561 30391 30761
29442 30680 30564
28243 29725 30057
28568 29776 29836
29640 30860 31270
26862 29005 27871
29168 28847 30621
28693 29316 30253
29515 30948 29871
29995 30023 28544
29201 30193 30604
30055 30842 30953
27627 29357 28466
30212 30503 29549
28732 30643 29810
29856 31078 29652
28814 29722 30397
28847 29446 28897
29729 30397 30144
