5730 160.296
7395 7187 9961 7084
7166 7489 9626 7295
8690 8882 7303 6980
7405 7085 9849 7103
8648 8772 8148 6173
7540 7493 8465 8852
8067 9710 7688 6771
9503 8176 7757 6944
9265 8445 7881 7011
7230 7504 9649 7242
7696 7662 8540 8712
7456 7376 9208 8185
9402 8384 7891 6965
7466 7479 9540 7457
9174 8569 7789 6857
8118 9666 7834 6819
8163 9522 7771 6935
8136 8296 8745 6263
7174 7655 9585 7432
9324 8434 7829 6922
7260 7692 9503 7444
8417 9135 8387 6483
8811 8742 8170 6524
7358 7727 9236 7849
7570 7150 9777 7328
7600 7907 9195 7786
7611 7290 9785 7315
7392 7302 9819 7220
7931 7576 9152 7402
7845 7717 8971 8290
7403 7103 9856 7017
8730 8879 7466 6804
7385 7247 9955 7136
7242 7514 9693 7177
9446 8152 7807 6997
9085 8576 8016 6934
8006 9605 7696 6846
7723 7426 9689 7616
7675 8027 8849 7773
7829 7599 8945 8384
8525 8324 7333 7484
8283 8777 8435 6495
7389 7205 9904 7038
9289 8473 7744 6890
8962 8612 7962 6456
7884 7820 8832 8449
7784 7790 8663 8545
8436 9097 7610 6831
8774 8867 7558 6870
8217 9335 8103 6594
8320 8656 7585 7273
7754 7635 8577 8802
8154 7749 8879 7736
8610 9112 8272 6433
7979 8388 8569 7890
8723 8711 8044 6580
9468 8118 7726 7025
7662 7630 8594 8663
8245 9477 7817 6895
8524 9024 8392 6357
8648 8772 8148 6173
8269 9225 7723 6963
8332 9283 8152 6709
7625 7465 9426 7819
7958 7871 8912 8233
8072 8203 8651 8327
7985 7837 8934 8261
8467 8940 8473 6358
8182 8243 8772 7656
8482 8372 8547 7423
8497 8590 8424 6959
7317 7455 9840 7090
8388 8632 8074 7115
7380 7528 9580 7345
7780 7531 9475 7182
7444 7440 9824 7021
8591 8824 7533 6962
8361 8134 8578 7619
8137 7764 8593 8415
8099 9429 7579 7046
7969 7946 8798 8438
7799 7240 9414 7351
7973 7926 9068 7788
8349 8625 8628 6653
7766 7738 8398 8623
8310 9262 7817 6866
7955 7809 8642 8478
7746 8252 8698 7697
8107 9186 7555 7133
7806 7940 8990 7747
8757 8898 7497 6790
8404 8977 8449 6410
7777 7848 9015 7996
8892 8753 7951 6822
7721 8099 8794 7874
7730 7792 9271 6636
7993 7802 8725 8492
7915 7776 8749 8596
8562 9105 8335 6393
7639 7957 9295 7264
7814 7457 9346 7475
8558 8982 8136 6749
7297 7669 9454 7562
8065 7963 9127 7700
8261 8735 8058 6924
7398 7560 9418 7391
9045 8604 7825 7134
7507 7486 9214 8153
7706 9039 7853 7167
9009 8690 7705 6843
8511 9081 8372 6318
7787 7484 9200 8066
8033 7927 9108 7725
7950 7986 9140 7587
8337 8222 8516 7956
7570 7150 9777 7328
8138 8384 8674 6271
7621 8066 9014 7524
7929 7781 8502 8586
8834 8961 8027 6660
7375 7632 9306 7510
7810 7609 9103 8270
8323 9359 7784 6685
8252 8497 8266 7651
8171 9500 7650 6844
9118 8410 8095 6720
8087 7916 8901 7937
8225 8516 8215 7587
7840 7816 8916 8322
8140 8073 8696 7914
8681 8346 8349 6784
8456 8554 8300 7451
8236 9399 7639 6965
8310 7717 8473 8132
7645 7146 9818 7237
7350 7384 9801 7237
8082 9375 7844 6734
8244 8249 8680 8035
8017 8768 8106 7069
7696 7615 9390 7798
7799 7794 8954 8358
8229 7876 8841 7493
8573 8236 8284 7075
8907 8071 8322 6767
8006 9605 7696 6846
7834 8051 9075 7529
8997 8029 8341 7137
7826 8003 8782 7737
8553 8993 7772 6914
9031 8601 7831 7139
8511 9081 8372 6318
8200 8310 8615 6968
7648 7484 9373 8029
7934 7678 8593 8559
8655 7927 8489 7230
8205 8375 8611 7413
8851 8125 8261 7017
8940 8677 7880 6546
7741 7675 9290 7953
7859 7402 9074 8105
8630 9051 7685 6870
8512 8864 7392 6981
7714 8959 8003 7177
8236 9299 7863 6837
8031 9435 7639 6997
8108 8284 8286 8086
8922 8807 7427 7148
8979 8535 7947 7050
7652 7775 9331 6874
9168 8539 7865 6830
7389 7094 9906 7131
8867 8863 7918 6684
8615 8114 7798 7206
7794 7676 8485 8633
8622 7783 8192 7743
8002 8476 8482 7127
7915 8158 8895 6753
9147 8338 8055 6820
7754 7635 8577 8802
8529 8799 7700 7004
7375 7531 9611 7325
8922 8807 7427 7148
8395 7922 8692 7647
9142 8420 7981 7056
8584 8221 7977 7493
8101 9005 8240 6987
7880 8204 8745 7975
8077 8016 8954 7633
8039 8052 8938 6485
8194 8834 8043 6802
8603 9064 7840 6775
7836 7690 9219 7967
7883 7854 9258 6978
7340 7635 9461 7424
8187 7757 8711 7973
8358 9315 7715 6763
