1545 300.132
25456 29342
28253 26861
27831 27650
25687 29317
28022 27306
25456 29342
27850 27538
27917 27449
27718 27720
27970 27375
27589 27945
27136 28417
27067 28571
27115 28476
28116 27174
27843 27583
28058 27231
27532 27988
26370 29038
28120 27128
28146 27081
28172 27059
28074 27224
26748 28740
26609 28857
26712 28843
26516 28916
26587 28874
27713 27761
27351 28125
27338 28160
27599 27894
27510 28000
27402 28112
28190 26992
27065 28573
27327 28235
28189 27009
27956 27416
27004 28600
27164 28361
27415 28094
26299 29054
26924 28626
26997 28613
25785 29299
25848 29279
26382 28976
27452 28076
27495 28043
28196 26928
26731 28792
27637 27843
26712 28843
27116 28467
27924 27417
27224 28319
26791 28705
26731 28792
26261 29097
26289 29057
28196 26928
28241 26904
27241 28310
25690 29312
25752 29308
26820 28698
26856 28673
27495 28043
25956 29251
27655 27807
26216 29111
26261 29097
28241 26904
28253 26861
26382 28976
26439 28973
27164 28361
27189 28331
26143 29127
26187 29114
27653 27810
27261 28267
27452 28076
26107 29186
27661 27763
26053 29188
27661 27763
26439 28973
26444 28930
26879 28670
26893 28636
26115 29171
26123 29132
27289 28247
27327 28235
27615 27845
27718 27720
27270 28255
27189 28331
25882 29264
25920 29255
27346 28153
26777 28726
26476 28919
26020 29189
27603 27869
26516 28916
26893 28636
26924 28626
26587 28874
26609 28857
25920 29255
27606 27861
26777 28726
26820 28698
25851 29269
25882 29264
26053 29188
27261 28267
25984 29214
26004 29203
26187 29114
26216 29111
26370 29038
25456 29342
27289 28247
27241 28310
26856 28673
26879 28670
25959 29235
25979 29230
26123 29132
26143 29127
26107 29186
26115 29171
26444 28930
26460 28923
25979 29230
25984 29214
25767 29303
25785 29299
26997 28613
27004 28600
25959 29235
25752 29308
25767 29303
26460 28923
26476 28919
26013 29199
26004 29203
26013 29199
26289 29057
26299 29054
27115 28476
27116 28467
27339 28156
25848 29279
25850 29272
25687 29317
25690 29312
26020 29189
27339 28156
25851 29269
25850 29272
25850 29272
25456 29342
25456 29342
25456 29342
25456 29342
25456 29342
25456 29342
25687 29317
25687 29317
25687 29317
26143 29127
26370 29038
25683 29294
26552 28037
26490 28434
26335 28729
26516 28152
26261 29044
26055 29135
25928 29238
26298 28954
26013 29144
25928 29238
26277 28982
25396 29249
26488 27871
26259 29041
26262 28589
26030 29070
26456 28178
25740 29189
25513 29235
26359 28406
26485 28131
25940 29079
25923 29132
25842 29150
26267 28524
25787 29153
25458 29241
26304 28462
26305 28444
26348 28409
25419 29237
26470 27871
26443 28034
26269 28406
26249 28920
26260 28463
26194 29016
25951 29024
25439 29206
25597 29169
25711 29118
25838 29081
25932 29037
25797 29113
25632 29161
25404 29234
26249 28812
26073 29016
26131 28916
25838 29034
25743 29087
25604 29128
26146 28853
25824 29078
25545 29143
26234 28819
25465 29152
25428 29177
25434 29170
25322 29224
26224 28410
26204 28735
25799 29036
25972 28997
25724 29079
25589 29120
25449 29126
26126 28823
25370 29204
26057 28984
26067 28895
25527 29124
26080 28842
25306 29157
26220 28233
26168 28719
26209 28380
25464 29121
25988 28961
25584 29071
26109 28811
26024 28851
25816 28988
25693 29069
26216 28356
25756 29034
25764 29004
25392 29121
26220 27757
26125 28433
26103 28787
26175 28250
26191 27951
25771 28984
25460 29089
25931 28954
25610 29062
26020 28812
25934 28907
26173 28339
26200 27888
25664 29026
25746 29012
26049 28798
25427 29110
25625 29039
25267 29091
26201 27633
26134 28274
25530 29053
25931 28909
25793 28948
26060 28676
25712 29011
26084 28596
26102 28474
25565 29020
25977 28785
26117 28383
26003 28769
25725 28976
25561 29034
25467 29016
26120 27967
26098 28198
26096 28466
25717 28967
25561 28996
25833 28908
25930 28789
25994 28558
25959 28668
25868 28847
25991 28594
25345 29000
26100 27855
26093 28362
26067 28433
25920 28721
25518 28973
25634 28949
25679 28937
25760 28904
25811 28800
25771 28859
25834 28744
25882 28735
25125 28953
26067 28399
25908 28573
25963 28400
25792 28703
25471 28951
25767 28822
25685 28865
25586 28891
25824 28600
25546 28917
25526 28945
25839 28599
25568 28869
26062 28366
25844 28535
25752 28804
25908 28456
26044 28399
25876 28526
25658 28854
25668 28835
25738 28813
25462 28857
26035 28308
25976 28351
25868 28457
25769 28521
25730 28671
25602 28849
25682 28692
25840 28500
25659 28762
25618 28822
25646 28796
25647 28771
25419 28854
26021 28180
25681 28667
25831 28234
25817 28474
25588 28775
25818 28459
25576 28838
25453 28845
25349 28804
25982 27698
25797 28377
25497 28777
25579 28697
25673 28627
25695 28459
25705 28410
25338 28780
25763 28377
25557 28696
25691 28452
25610 28594
25593 28600
25294 28777
25745 27744
25659 28208
25422 28696
25590 28396
25547 28629
25569 28589
25244 28714
25563 28303
25326 28676
25501 28559
25557 28484
25398 28578
25369 28626
25520 28487
25230 28676
25542 28137
25401 28547
25267 28598
25508 28284
25448 28451
25458 28336
25079 28605
25538 27829
25485 28230
25444 28356
25274 28480
25191 28523
25166 28450
25333 28289
25302 28276
25124 28117
25513 29295
28253 26861
28022 27306
25736 29279
27850 27538
25513 29295
27917 27449
27136 28417
27970 27375
27589 27945
27831 27650
28116 27174
26063 29143
26190 29121
27843 27583
28058 27231
27532 27988
28120 27128
28146 27081
28172 27059
28074 27224
27027 28528
27224 28319
26487 28947
27661 27763
27713 27761
26190 29121
26257 29087
26561 28920
27351 28125
27338 28160
27087 28462
27599 27894
27510 28000
27402 28112
28190 26992
26908 28609
26960 28569
27327 28235
28189 27009
27956 27416
25827 29205
25906 29193
27164 28361
27415 28094
27171 28350
26748 28781
26812 28762
27452 28076
27495 28043
28196 26928
27924 27417
26814 28711
26834 28663
25771 29252
28196 26928
28241 26904
26575 28880
27777 27665
25995 29145
26063 29143
26628 28864
27241 28310
27261 28267
26397 28962
27060 28499
25736 29279
27495 28043
26394 28969
27655 27807
28241 26904
28253 26861
26641 28849
26686 28836
26812 28762
26814 28711
26561 28920
26575 28880
27452 28076
26449 28958
26980 28536
26257 29087
26270 29051
27645 27841
27289 28247
27327 28235
27615 27845
27718 27720
25906 29193
25923 29163
27270 28255
26478 28948
26372 28994
26881 28629
26908 28609
27725 27689
27761 27677
25814 29247
27653 27810
26834 28663
26868 28651
26317 29029
26344 29011
26719 28797
26748 28781
27346 28153
27603 27869
26309 29040
27718 27720
27725 27689
25969 29148
26960 28569
26971 28542
25771 29252
26449 28958
26279 29042
27606 27861
26868 28651
26881 28629
26690 28817
26718 28810
25814 29247
25820 29221
27637 27843
26355 29009
26372 28994
27063 28489
27075 28471
26628 28864
25923 29163
25943 29154
26641 28849
27761 27677
27777 27665
25995 29145
27289 28247
27241 28310
26686 28836
26690 28817
25820 29221
25827 29205
27261 28267
27075 28471
27087 28462
26317 29029
25943 29154
25961 29152
27164 28361
27171 28350
26270 29051
25513 29295
27339 28156
26971 28542
26980 28536
26718 28810
26719 28797
27060 28499
27063 28489
26344 29011
26355 29009
25961 29152
26279 29042
26309 29040
25513 29295
25513 29295
25513 29295
25513 29295
25513 29295
25513 29295
25513 29295
25513 29295
25513 29295
25513 29295
25513 29295
25827 29205
25488 29229
26935 27855
26674 28353
26612 28772
26710 28186
26903 27987
26453 28814
25956 29008
26212 28871
25811 29105
25764 29177
25562 29213
26111 28961
26182 28939
25470 29190
26888 27919
26571 28668
26861 27952
26251 28790
25957 28959
26116 28927
26538 28729
25781 29095
25652 29177
25699 29139
25728 29118
25766 29099
25701 29128
25203 29168
26869 27855
26557 28038
26549 28622
25640 29152
26247 28671
26669 27916
25734 29035
26543 28634
26097 28760
25850 28942
26037 28846
26575 27925
26230 28756
25698 29116
25930 28851
25880 28908
25387 29127
26828 27825
26480 28546
26487 28188
26570 27881
26146 28730
25713 28940
25650 29101
25880 28894
25492 29118
25944 28821
25995 28762
26129 28755
25404 29109
26456 28032
26439 28223
26144 28655
25902 28729
26253 28502
26415 28345
26345 28423
25638 29081
26122 28721
25677 28891
25609 29096
25803 28865
25432 29097
26276 28486
25874 28852
25691 28878
25897 28801
26131 28705
25420 29108
25437 29094
26361 28155
26095 28607
25679 28870
26012 28696
26280 28244
26128 28438
25799 28816
25916 28708
26246 28396
25852 28733
25631 28950
26255 28327
25618 29054
26141 28408
25515 29074
25819 28800
25623 29003
25514 29092
25424 29077
26348 28144
25818 28778
25631 28936
25567 29053
26252 28283
26016 28588
26320 28154
26024 28477
25943 28670
26087 28446
26203 28361
25616 28943
25828 28711
26120 28372
25907 28708
26140 28371
25911 28693
25286 29074
26347 27847
25629 28909
25732 28741
26224 28176
26293 28063
25786 28699
26095 28353
25993 28460
26342 27956
25899 28611
25438 29053
26155 28262
25952 28501
25522 29032
26144 28314
25557 28948
25925 28573
25548 28951
25479 29050
25911 28589
25482 29029
26344 27769
25598 28841
26222 28144
26269 28023
25679 28669
26122 28245
25886 28452
25553 28937
25925 28334
26090 28323
26005 28332
25830 28601
25730 28604
26265 28042
25511 29012
25879 28574
25701 28608
25854 28579
25490 29026
25290 29025
26281 27549
26198 28142
25580 28839
25683 28600
25961 28186
25484 29016
25882 28359
25831 28475
25512 28920
25765 28599
25830 28584
25907 28258
25917 28228
25505 28998
25367 29014
26176 27609
26169 28103
25574 28668
25843 28311
25755 28557
25814 28511
25988 28130
26110 28116
25889 28189
25479 28973
25513 28731
25951 28184
25508 28794
25499 28900
25757 28537
25481 28902
25473 28966
26087 28004
25914 28124
25530 28610
25805 28466
25720 28555
25498 28900
26031 28102
26075 28092
25749 28503
26086 28047
25765 28476
25800 28475
25753 28486
25322 28961
25999 27968
25489 28720
25795 28090
25701 28534
25740 28448
25892 28079
25449 28941
25461 28882
25717 28501
25719 28463
25312 28893
25853 28012
25417 28546
25693 28264
25339 28800
25653 28509
25671 28482
25191 28865
25807 27995
25352 28532
25669 28272
25304 28833
25574 28503
25650 28484
25666 28362
25290 28798
25696 27953
25537 28458
25661 28253
25570 28431
25559 28446
25287 28795
25681 27776
25467 28415
25638 28182
25129 28571
25550 27815
25082 28300
25766 29259
25766 29259
28253 26861
27136 28417
26748 28740
27060 28481
28058 27231
27027 28528
27843 27583
26707 28764
26803 28675
26207 29058
26326 29051
26791 28705
28074 27224
28022 27306
25878 29230
25977 29218
26612 28855
26885 28604
27351 28125
26554 28870
27402 28112
27757 27692
26435 28908
26521 28900
27338 28160
28116 27174
26165 29123
26195 29062
26639 28774
28190 26992
26868 28651
27956 27416
27327 28235
25807 29246
25878 29230
28189 27009
27415 28094
27589 27945
27164 28361
27599 27894
26326 29051
26351 28995
27060 28481
27831 27650
27164 28361
27210 28327
27510 28000
27452 28076
27495 28043
28120 27128
28146 27081
27637 27843
27970 27375
27850 27538
28196 26928
28196 26928
28241 26904
26908 28586
26960 28569
28172 27059
27805 27664
27723 27717
25977 29218
26007 29182
26646 28770
26868 28651
26521 28900
27874 27481
27868 27505
27572 27951
27924 27417
26423 28914
26007 29182
26055 29170
27655 27807
27495 28043
27990 27345
27718 27720
28241 26904
28253 26861
27452 28076
27917 27449
27653 27810
26980 28536
27532 27988
27691 27789
26960 28569
26980 28536
26119 29130
26165 29123
26411 28953
27862 27531
28116 27174
28120 27128
26058 29168
26099 29158
27971 27360
27327 28235
27691 27789
27715 27764
27615 27845
28007 27321
26099 29158
26119 29130
27766 27667
28146 27081
28172 27059
27270 28255
27715 27764
27224 28319
27289 28247
27346 28153
27904 27478
27779 27666
28003 27335
26908 28586
27241 28310
27252 28281
27831 27650
27920 27440
26583 28865
26612 28855
27541 27959
27541 27959
27606 27861
27517 27989
26583 28865
27904 27478
27289 28247
26639 28774
28022 27306
27602 27875
26371 28976
26382 28958
25791 29256
25791 29256
25807 29246
27241 28310
26371 28976
27252 28281
27261 28267
26382 28958
26403 28956
27210 28327
27261 28267
26358 28988
26358 28988
27603 27869
26195 29062
26207 29058
27339 28156
26351 28995
26646 28770
26403 28956
26411 28953
26428 28911
26435 28908
26428 28911
26055 29170
26058 29168
25766 29259
25766 29259
25766 29259
25766 29259
25766 29259
25766 29259
25766 29259
25766 29259
25766 29259
25766 29259
25766 29259
25766 29259
25878 29230
25750 29213
26904 27899
26334 28906
26512 28530
26725 28021
26187 29022
26620 28302
26524 28308
25967 29041
25878 29172
25943 29067
25818 29187
25847 29153
26813 27769
25931 28986
26139 28907
26718 27997
26261 28714
26364 28432
26591 28066
26485 28154
26250 28821
26472 28362
26424 28416
25771 29104
26769 27659
26644 27897
26445 28237
26309 28421
26220 28793
26227 28631
25995 28817
26423 28357
25851 28947
25776 29011
25944 28891
25915 28934
25986 28838
25749 29067
26640 27783
26479 27854
26207 28680
26292 28415
26433 28115
26071 28734
26328 28355
26416 28238
25884 28845
26400 28319
25980 28761
25759 29005
25810 28915
25801 28930
25913 28815
25975 28814
26139 28718
26138 28730
25579 29062
26552 27755
26416 28227
26272 28397
26171 28590
26357 28295
25747 29061
26012 28727
26057 28686
26163 28669
25880 28729
25796 28829
25748 28972
25776 28910
25847 28775
25764 28926
25859 28766
25852 28770
25606 29056
26470 27713
26404 28049
26239 28392
26317 28260
26069 28662
25981 28690
26340 28105
26161 28486
25738 28939
25884 28725
25837 28742
26093 28512
25670 29024
25773 28823
25677 28966
25785 28813
26122 28504
25642 28985
26401 27652
26352 27982
26241 28224
25870 28696
26397 27854
25752 28790
25979 28639
26177 28351
26071 28377
26056 28437
26178 28237
25731 28863
26045 28614
25709 28938
25677 28952
26043 28618
25723 28823
26350 27814
25940 28618
25768 28683
26069 28351
26251 27931
26254 27836
26228 28098
26020 28448
25736 28719
26131 28299
26167 28247
26210 28178
25985 28585
25988 28515
25999 28489
26152 28275
26211 28133
25720 28814
26310 27730
25798 28596
25960 28565
26243 27895
26182 28094
26198 28011
26146 28240
25995 28446
26019 28370
26294 27772
26076 28294
26100 28254
25551 28814
26230 27754
25757 28563
25911 28533
26220 27889
26153 28077
25715 28802
26001 28358
25972 28446
25652 28809
26120 28174
26068 28271
26094 28213
26076 28255
25515 28805
26196 27746
26102 28165
25768 28471
25905 28446
25645 28792
25979 28313
25713 28652
25727 28529
25951 28410
25703 28765
26035 28219
26040 28190
25225 28798
26100 28034
25831 28444
25673 28693
25637 28777
25994 28189
25945 28303
25935 28383
26076 28125
26082 28075
25670 28759
25643 28773
25520 28744
26091 27956
25751 28304
25848 28237
25659 28450
25925 28121
25637 28560
25597 28719
26016 28086
26045 27974
25568 28716
26065 27614
25626 28551
25676 28235
26024 27840
25910 28093
25813 28172
25765 28188
26021 27972
25960 28044
25979 28008
25536 28675
25984 27879
25804 28046
25960 28012
25617 28147
25558 28398
25751 28131
25607 28344
25540 28670
25510 28645
25956 27695
25589 28281
25947 27946
25631 27956
25526 28632
25627 27960
25950 27916
25474 28585
25948 27782
25552 28179
25939 27929
25524 28506
25523 28522
25359 28514
25926 27681
25694 27929
25502 27947
25495 28230
25375 28323
25849 27863
25879 27834
25282 28239
25808 27635
25466 28012
25535 27909
25708 27841
25712 27749
25806 27720
25564 27838
25342 27407
25664 29235
28253 26861
27831 27650
28022 27306
27850 27538
27917 27449
27718 27720
27970 27375
27589 27945
28116 27174
28058 27231
27843 27583
27532 27988
28120 27128
28146 27081
28172 27059
28074 27224
26087 29044
26204 29012
27713 27761
27338 28160
27510 28000
27599 27894
25743 29219
28190 26992
27327 28235
26973 28563
26178 29043
26232 28936
27956 27416
28189 27009
26373 28911
26444 28893
27415 28094
27155 28386
25805 29176
25875 29159
26885 28604
26807 28671
26868 28651
25901 29123
25980 29120
26748 28740
25664 29235
27452 28076
27495 28043
26554 28870
26646 28770
27637 27843
28196 26928
25983 29084
26042 29069
27924 27417
27186 28352
27224 28319
27025 28544
26498 28884
28196 26928
28241 26904
26605 28831
27351 28125
26868 28651
26707 28764
27241 28310
27268 28274
25875 29159
25901 29123
27402 28112
26444 28893
26498 28884
27101 28500
27114 28455
27495 28043
27057 28516
27101 28500
26271 28919
26328 28916
26052 29067
26636 28784
27655 27807
28241 26904
28253 26861
26562 28849
27653 27810
27452 28076
27661 27763
26778 28718
25752 29186
27661 27763
27136 28417
27289 28247
27327 28235
27615 27845
26328 28916
26373 28911
27718 27720
27115 28443
27136 28417
26631 28811
26619 28813
27346 28153
25743 29219
26796 28701
26960 28569
27025 28544
27051 28528
26271 28919
27603 27869
26886 28590
25980 29120
25983 29084
26707 28764
26734 28752
26936 28579
25770 29179
25805 29176
27606 27861
26791 28705
26178 29043
26186 29017
27164 28361
26087 29044
26581 28842
26241 28931
26905 28583
26232 28936
27371 28113
26803 28675
27371 28113
27164 28361
27186 28352
27270 28255
26778 28718
26734 28752
27224 28319
27241 28310
26581 28842
26905 28583
25770 29179
26939 28572
26186 29017
26204 29012
26554 28870
27268 28274
26241 28931
27289 28247
27051 28528
27057 28516
25664 29235
25752 29186
26646 28770
27276 28254
27114 28455
27115 28443
27276 28254
26042 29069
26052 29067
26803 28675
26939 28572
27339 28156
26807 28671
26936 28579
27339 28156
25664 29235
25664 29235
25664 29235
25664 29235
25664 29235
25664 29235
25664 29235
25664 29235
25664 29235
25664 29235
25664 29235
25664 29235
25875 29159
25686 29204
26944 28375
26603 28643
26268 28825
26332 28671
25821 29124
26270 28713
25842 29026
26113 28903
25757 29171
25963 29024
25989 28969
26058 28934
26106 28910
25611 29150
26868 28284
26535 28433
26513 28540
26262 28684
25754 29066
25933 28924
26093 28885
25839 29011
26164 28775
25643 29141
26100 28833
26258 28754
25931 29000
25591 29095
26786 28066
26689 28158
26406 28461
26212 28653
26404 28531
25991 28855
26029 28754
25892 28911
25760 28991
25880 28978
26143 28742
25701 29059
26195 28726
25732 29051
25607 29050
26783 27899
26586 28146
26406 28416
26239 28515
26612 27969
26103 28637
25854 28949
25722 28999
26311 28417
26728 27947
26094 28709
25642 29013
25892 28870
25943 28782
26000 28734
26015 28717
25911 28844
25926 28804
25556 29049
26604 27736
26571 28076
25704 28960
26391 28221
26095 28578
26198 28497
26467 28127
25889 28806
26217 28253
25954 28684
26006 28656
25568 29028
26203 28341
25832 28918
25835 28903
25523 29037
26568 27993
25838 28739
26201 28238
25962 28627
26190 28405
25632 28955
26462 28002
26156 28483
26421 28114
26335 28180
25800 28842
25698 28914
25529 29014
26001 28548
25785 28897
26074 28542
26387 28177
26062 28544
25521 28984
26561 27922
26418 28084
26184 28348
26443 27994
25868 28598
25994 28503
25728 28894
26152 28370
26553 27926
25784 28787
25620 28914
26091 28447
25795 28681
25750 28827
26049 28451
25575 28944
26005 28483
25833 28628
25809 28645
25587 28939
25443 28909
26523 27870
26390 28050
26183 28257
25720 28884
26159 28304
26022 28430
25589 28894
25814 28621
25731 28686
25956 28478
26421 27940
25863 28530
25746 28684
26410 27941
25852 28541
25975 28441
25413 28899
26515 27809
26244 28042
26159 28274
26408 27889
26014 28405
26340 27997
25901 28455
26103 28300
25714 28703
25735 28581
25709 28828
25595 28884
25810 28491
25789 28553
25660 28869
25602 28876
25489 28870
26313 27974
25790 28471
25701 28752
26137 28202
26271 27984
25983 28388
26020 28237
25809 28416
26117 28236
25581 28868
25685 28790
25618 28838
25650 28807
25600 28862
25635 28814
25553 28839
26293 27931
25761 28402
25692 28704
26215 27956
26127 28073
25825 28344
26103 28161
26040 28231
25939 28314
25635 28778
25581 28838
25970 28261
25969 28290
25679 28749
25658 28765
25673 28759
25519 28799
26181 27858
25746 28355
25677 28749
25961 28262
26110 27997
25985 28127
26073 28067
25629 28778
25589 28778
26161 27779
26044 27999
25949 28190
25706 28250
26088 27930
25809 28243
25662 28429
25631 28512
25892 28200
25632 28490
25483 28778
26116 27681
25914 28157
25707 28201
25633 28324
25575 28559
25954 27846
26003 27845
25569 28703
25524 28742
25530 28725
25284 28744
26088 27333
25977 27774
25791 28152
25435 28728
25482 28638
25690 28189
25598 28208
25503 28435
25562 28357
25518 28374
25334 28608
25939 27558
25730 28040
25498 28202
25463 28562
25425 28607
25349 28471
25502 27962
25414 28342
25306 28426
25396 28307
25354 28264
25327 28196
26036 29113
26036 29113
28253 26861
28022 27306
27850 27538
27917 27449
27970 27375
27831 27650
26268 29042
28116 27174
26142 29053
28058 27231
27843 27583
28120 27128
28146 27081
27752 27662
28074 27224
28172 27059
27589 27945
26887 28748
26948 28705
27495 28043
27713 27761
26679 28855
27487 28129
27510 28000
27737 27674
27599 27894
26601 28865
27956 27416
28190 26992
28189 27009
27532 27988
26948 28705
26981 28658
27293 28386
27319 28334
26681 28846
26731 28832
27924 27417
27271 28430
28196 26928
28196 26928
28241 26904
26085 29076
26134 29059
27293 28386
27718 27720
26797 28796
26852 28790
26061 29077
26555 28906
26744 28798
26797 28796
27637 27843
28241 26904
28253 26861
27655 27807
27661 27763
27127 28562
27495 28043
27386 28237
27429 28230
27546 27952
27546 27952
27661 27763
27615 27845
27640 27815
26329 29003
27332 28315
27448 28158
27483 28146
26299 29008
27718 27720
26516 28923
26419 28965
26452 28954
27361 28280
27376 28252
26853 28756
26887 28748
26358 28983
26390 28973
26516 28923
27180 28491
27136 28529
26984 28620
26981 28658
26984 28620
26491 28928
27603 27869
26452 28954
26480 28944
27245 28442
27195 28468
27153 28503
27085 28568
26390 28973
26419 28965
26338 28984
27606 27861
27118 28564
26296 29016
27433 28205
26852 28790
26853 28756
27271 28430
26591 28889
26601 28865
27051 28589
27076 28581
27007 28602
26555 28906
26578 28897
26739 28809
26280 29024
27218 28444
27245 28442
27144 28523
27356 28291
27439 28176
27429 28230
27022 28600
27206 28459
27218 28444
26488 28935
27439 28176
27448 28158
26061 29077
26085 29076
27007 28602
27376 28252
27386 28237
27434 28200
27356 28291
26280 29024
27028 28596
27653 27810
26268 29042
27177 28492
27076 28581
27085 28568
26731 28832
26358 28983
26578 28897
26591 28889
27483 28146
27487 28129
27195 28468
27206 28459
27327 28329
27332 28315
27163 28496
27038 28593
27051 28589
27157 28498
26480 28944
26739 28809
26744 28798
27361 28280
26333 28994
26134 29059
26142 29053
27136 28529
27144 28523
27038 28593
27118 28564
27319 28334
27327 28329
26333 28994
27356 28291
27434 28200
27163 28496
26142 29053
26797 28796
27206 28459
25948 29015
27381 28143
26277 28827
26682 28731
27077 28336
25959 28978
27242 28178
26829 28597
27036 28477
26882 28483
25746 29015
27052 28233
25935 28911
26748 28569
26642 28721
26238 28784
26909 28438
26312 28729
27035 28357
25585 28873
26996 28079
26233 28723
25643 28831
26924 28295
26813 28427
26705 28555
26491 28690
26565 28625
26516 28680
26636 28589
26611 28606
25618 28858
26193 28723
26802 28108
26792 28374
26697 28503
26468 28672
26475 28543
26031 28674
26748 28210
26452 28566
26112 28662
26645 28486
26383 28657
26727 28321
26673 28349
26654 28461
26402 28653
25849 28662
26743 28031
26672 28318
26120 28617
25857 28645
26423 28566
26265 28608
26654 28365
26320 28598
26516 28479
26644 28471
26631 28472
26435 28515
26448 28486
26666 28333
25557 28643
26638 28408
26537 28468
25610 28607
26101 28597
26421 28543
26173 28582
26394 28565
25557 28630
26603 28038
26068 28595
26592 28371
25592 28596
26414 28409
26408 28515
26208 28551
26367 28522
26533 28379
26218 28526
26545 28373
26212 28538
25480 28625
26597 27941
26570 28195
25977 28593
26529 28369
25525 28616
26396 28438
26078 28530
26355 28486
26219 28490
26196 28524
26049 28577
26366 28442
25387 28610
26585 27916
26519 28266
25975 28560
25767 28574
26157 28503
25519 28582
26440 28365
26357 28429
26298 28476
26496 28329
26337 28459
26495 28336
26305 28475
25682 28562
26490 28269
26151 28487
26391 28336
25906 28535
26310 28442
25797 28550
26399 28278
26251 28458
25555 28541
26442 28210
26050 28483
25588 28535
26371 28322
26417 28236
26286 28424
26298 28360
26130 28440
26289 28394
26114 28473
26118 28447
25581 28490
26440 27906
26037 28476
26353 28198
26412 28051
26268 28379
26106 28419
26227 28413
26259 28411
25766 28458
26420 27746
25995 28442
26351 28109
26247 28411
26262 28184
26258 28357
26325 28120
25440 28457
26331 28051
26247 28386
25769 28411
26242 28405
25618 28423
25432 28446
26296 28043
26215 28395
26246 28228
26293 28044
26240 28368
26049 28395
26241 28150
26238 28345
26133 28393
26173 28347
26161 28370
26143 28372
25469 28380
26240 28040
26235 28291
25641 28348
26006 28342
26105 28333
26209 28319
25724 28342
26222 28214
26201 28288
26009 28328
26174 28317
25912 28341
25579 28325
26206 28181
25693 28315
26158 28306
26179 28277
25952 28302
26198 28129
26089 28274
26139 28197
26185 28155
25524 28302
26180 27748
26123 28141
25917 28300
26076 28261
26117 28174
25959 28267
26015 28265
25880 28269
26106 27777
26072 28188
26057 28257
25528 28253
26057 27984
26033 28155
25904 28252
26012 28234
25490 28253
26010 27938
26008 28118
25708 28252
25828 28249
25951 28188
25911 28208
25435 28253
25974 27976
25950 28165
25797 28240
25821 28179
25805 28201
25438 28216
25934 27825
25872 28041
25582 28196
25776 28193
25895 27833
25848 28118
25596 28155
25867 27916
25762 28154
25450 28151
25865 27893
25742 28039
25601 28025
25865 27846
25752 27812
25829 27705
25777 27697
25630 27601
