3 0.0890161
6913 7306 7242 6736
7173 7275 7325 7013
7189 7708 7594 6653
7255 6723 7337 6865
7326 6896 7754 6348
7542 7216 6858 6188
7575 7024 7018 6185
7669 6880 6956 6233
7197 7515 7114 6336
6967 7112 7381 6902
7053 7186 7521 6846
7108 7174 7651 6258
7557 6994 7563 6286
7377 6737 7038 6821
7614 6996 7230 6583
7316 6820 7464 6420
7368 6868 7453 6547
7278 7014 7563 6502
7469 7274 6937 6650
7526 7027 7409 6709
7223 6824 7597 6619
7283 7271 7175 6596
6963 7067 7630 6819
7287 7226 7425 6463
7249 7043 7720 6425
7284 7237 7298 6839
7326 6896 7754 6348
7497 7224 7074 6779
7183 7150 7729 6782
7484 7221 7133 6727
7505 7171 7306 6746
7430 7045 7641 6372
7660 6890 7357 6433
7210 7067 7455 6384
7660 6890 7357 6433
7476 7155 7455 6363
7436 7074 7310 6380
7325 7124 7445 6764
7335 7203 7596 6237
7436 7074 7310 6380
7325 7124 7445 6764
7335 7203 7596 6237
7430 7045 7641 6372
7430 7045 7641 6372
7335 7203 7596 6237
7335 7203 7596 6237
7430 7045 7641 6372
6832 6990 7023 6874
6943 6330 6948 6931
6943 6861 7717 6494
7044 7621 7360 6438
7374 6242 7068 6471
7393 6955 6694 6335
7477 7087 6858 6013
7548 6551 6869 6289
6978 7410 7393 6060
7407 7124 6969 6174
7410 6993 7422 6249
7044 7621 7360 6438
7086 6878 6759 6851
6912 7250 7425 6651
7508 6976 7080 6319
6893 6871 7664 6435
6842 7353 7148 6443
7548 6551 6869 6289
6989 6443 7152 6837
7018 7202 6740 6615
7271 6629 7263 6760
7169 6712 7310 6686
7112 6527 7464 6674
7102 7292 7102 6397
7365 6785 6857 6742
7152 7184 7518 6079
6881 6744 7106 6907
7368 6503 7129 6519
6946 7215 7247 6630
7082 6651 7201 6689
7374 6242 7068 6471
7029 7082 7334 6634
6993 6441 7491 6746
7363 7170 7014 6127
6993 6882 7285 6776
7291 6731 7381 6387
7224 6961 7597 6319
6870 6732 7151 6805
7198 7051 7416 6265
7480 6846 7372 6451
7146 6960 7641 6473
7311 6908 7105 6275
7137 6872 6901 6910
7059 7279 7498 6539
7099 6848 7619 6566
7217 7119 7214 6362
7084 7107 7540 6541
7395 6901 7235 6324
7022 6873 7126 6816
7227 6862 7359 6556
7362 6843 7275 6535
7250 6823 7546 6334
7210 7051 7242 6103
7203 7191 7319 6112
7335 6768 7408 6285
7137 6872 6901 6910
7271 7164 7126 6729
7223 6829 7551 6414
7316 6882 7370 6529
7071 6796 7264 6743
7300 6893 7302 6356
7168 7032 7014 6740
7098 7137 7410 6286
7221 7045 7210 6594
7058 6528 7567 6586
7247 7033 7418 6508
7003 7232 7191 6742
7365 7061 7017 6572
7335 6768 7408 6285
7371 6891 7329 6378
7159 6991 7552 6657
7007 7172 7421 6674
7058 6528 7567 6586
7238 6806 7196 6660
6855 6966 7472 6758
6855 6966 7472 6758
7271 7164 7126 6729
7003 7232 7191 6742
6993 6441 7491 6746
7082 6651 7201 6689
7147 7191 7275 6443
7300 6893 7302 6356
7238 6806 7196 6660
7364 6863 7208 6380
7363 7170 7014 6127
6632 7170 7147 6647
6758 6756 6855 6861
6892 6668 7636 6266
6954 7477 7269 6397
7125 6354 7360 6492
7241 6802 7263 6035
7308 6988 6689 6122
7390 6710 7255 6450
6822 6645 6887 6806
6982 7299 7088 6289
6681 7145 6882 6695
7017 6877 6769 6722
7354 6591 6842 6671
6901 6408 7058 6774
7258 7161 6926 6231
7080 6847 7546 6303
7021 6472 7480 6566
7015 6900 7521 6331
6982 6903 7611 6196
6887 7248 7403 6457
6797 6709 7497 6628
7298 6573 7331 6520
6889 6598 7428 6502
6745 7166 7104 6466
7135 7136 7146 6161
6870 6908 7398 6500
6698 7158 6974 6566
7346 6650 7258 6365
7111 6731 7287 6524
7094 7083 7311 6177
6833 7021 7069 6634
6906 6955 7386 6188
7384 6790 6795 6049
6998 6429 7181 6636
6697 6829 7430 6609
7278 6714 7231 6355
7270 6941 7041 6321
7264 7031 6797 6360
6754 6872 7212 6741
6951 7133 7447 6062
6783 6952 6973 6781
7277 6948 7156 6249
6875 7180 7018 6528
6957 7211 6960 6571
7087 7031 7047 6564
6970 6885 7464 6465
7076 6811 7378 6584
7234 6844 6960 6430
7136 6575 7123 6697
7087 6520 7145 6680
6957 7258 7198 6356
7317 6827 6772 6527
7030 7070 7177 6425
7143 6695 7247 6487
6771 6779 7352 6725
7193 7024 7224 6453
6984 7013 7149 6640
7087 6520 7145 6680
7119 6659 7355 6515
7278 6841 6950 6448
7303 7084 7012 6081
6792 6418 7202 6727
7314 6920 7020 6283
7306 6907 7004 6379
6933 6902 6985 6661
7061 7066 7348 6288
6992 6852 7370 6393
7208 6936 7063 6574
7172 7125 6964 6406
7220 6809 7543 6356
7050 7278 7224 6038
7152 6874 7244 6412
6937 7292 7234 6408
7214 6847 7481 6269
7246 6788 7087 6597
7172 7038 6987 6533
7139 6841 7098 6681
6948 6938 7473 6468
7150 7109 7108 6295
6890 6944 7458 6239
7055 7086 6993 6393
6957 7038 7295 6590
6982 6903 7611 6196
7203 6906 7315 6281
7148 6966 7338 6476
7107 7084 6894 6527
7106 6972 7256 6483
6826 7130 7377 6650
7142 6916 7526 6293
7033 7125 6842 6407
7172 7038 6987 6533
7055 6826 7073 6725
7032 6907 7330 6624
6975 7161 7184 6450
7253 7060 7111 6421
7303 7084 7012 6081
6953 6761 7125 6736
6953 6761 7125 6736
7253 7060 7111 6421
6893 7091 7318 6409
7050 7278 7224 6038
7384 6790 6795 6049
7244 6591 7216 6595
7152 6869 7338 6186
6893 7091 7318 6409
6996 7121 7217 6418
6933 6902 6985 6661
7241 6802 7263 6035
6996 7121 7217 6418
6795 6847 6987 6776
7152 6869 7338 6186
7239 6949 6889 6481
7239 6949 6889 6481
7317 6827 6772 6527
7317 6827 6772 6527
7317 6827 6772 6527
6267 6976 6947 6627
6713 6579 6753 6790
6905 7181 7124 6023
6922 6878 7566 6056
6922 7426 7117 6035
7142 6459 6632 6513
7201 6406 7325 6314
7289 6582 6696 6193
6454 7017 7043 6561
6688 7237 7339 6373
6267 6976 6947 6627
6803 6722 6956 6706
7283 6544 7048 6097
6638 6575 7372 6483
6569 6749 6908 6741
6994 6513 7525 6273
6521 6850 6800 6761
7222 6446 7307 6300
7014 6632 7508 6330
6664 6635 7348 6646
6946 6915 7430 6427
6982 7069 7217 6250
6827 7101 6694 6463
6776 7032 7172 6440
6818 7128 7393 6145
6880 7103 6825 6218
7126 6907 7439 6288
6901 7080 6978 6125
7043 6875 7331 6360
6540 6758 7279 6581
6713 6579 6753 6790
7161 6653 7533 6159
7101 6750 7457 6305
7073 6603 6854 6578
7080 7044 7038 6157
7005 7040 7191 6233
6703 7230 7012 6306
6884 7126 6863 6197
7047 6709 6998 6546
6521 6850 6800 6761
7095 7013 7127 6171
6748 6779 7204 6645
6941 6680 6979 6589
6983 6654 7065 6723
7105 7010 7149 6258
6903 7200 6889 6190
6860 7231 7276 6026
6744 6928 7102 6501
7039 6841 6921 6550
6928 6783 7366 6470
7017 6999 6884 6504
7120 6960 7319 6398
6898 7105 7261 6097
7215 6737 7056 6384
6662 6909 6938 6734
6820 6800 7250 6467
6879 7179 7229 6405
6916 6650 7265 6621
7195 6824 6913 6506
7046 6611 7006 6606
6691 6827 7260 6578
6734 6961 7175 6530
7184 6908 6971 6317
7212 6613 7204 6449
7014 6887 7103 6539
7211 6667 7092 6376
6819 7019 7087 6482
6830 7184 7387 6044
7204 6689 7103 6144
6815 6922 7225 6430
7076 6759 6953 6443
7177 6927 7149 6408
6890 7038 6930 6301
7205 6984 7055 6190
6688 7237 7339 6373
6667 7197 7245 6397
6667 7197 7245 6397
6986 6631 7328 6579
6830 7184 7387 6044
6734 6961 7175 6530
6910 6882 7223 6624
6879 7179 7229 6405
7222 6446 7307 6300
7177 6927 7149 6408
6817 7038 7001 6560
6267 6976 6947 6627
6898 7105 7261 6097
6370 6950 7143 6529
6668 7282 6816 5970
6761 6716 6724 6624
6776 6617 7388 5776
6939 7056 6622 6165
6947 6515 7514 6152
7111 6346 6741 6314
7208 6556 6915 6299
6446 6881 6946 6476
6611 6855 7125 6517
6875 7230 6961 6005
6997 6592 7393 6083
7110 6786 7334 5820
7016 6706 6698 6513
6696 6991 7224 6068
7175 6633 6872 5990
7077 6987 7137 5919
7107 6401 6949 6408
7080 6915 6844 6026
6744 6731 7329 6408
6912 6534 7227 6617
6895 6821 7177 6588
6877 7143 7113 5947
6732 6966 7212 5959
6835 7107 7160 6135
7083 6675 7284 6371
6976 6366 7290 6504
6899 6765 7339 6206
6746 7064 7176 6108
7052 6900 7004 6305
6825 6875 7062 6524
7029 6717 6982 6367
6770 7175 7026 5797
6895 7152 6784 6177
7175 6613 7122 6223
7040 6517 7250 6387
6946 6618 7013 6539
6849 7119 7151 6264
7089 6849 7137 6360
6789 6952 6779 6321
7062 6948 6954 6381
6949 6744 7353 6185
6625 7055 7186 6326
6958 6970 7015 6251
7155 6601 6862 6258
6656 6833 7084 6521
6845 7025 6947 6276
6995 6808 7072 6513
6760 6737 7036 6617
7138 6811 6740 6288
7160 6714 7017 6120
6795 7035 7147 6290
6969 6865 7084 6404
6967 6834 7257 6330
7144 6366 7288 6280
6770 7175 7026 5797
6846 6850 7174 6332
6876 6583 7187 6398
6945 6750 7350 6284
6792 6744 7188 6519
6997 7040 7153 5777
6997 7040 7153 5777
7078 6949 7290 6279
6599 7180 6912 5951
6599 7180 6912 5951
6619 6847 6909 6499
6754 6787 7270 6096
7005 6928 6930 5675
7114 6777 6550 6023
7127 6438 6872 6285
6731 7018 7060 6111
7063 6586 6759 6223
7097 6443 6832 6254
6684 6810 7001 6485
6909 6621 6638 6365
7016 6645 7037 6085
6854 6709 6993 6426
6996 6674 7020 6164
7119 6567 7065 6214
6973 6847 7091 6299
6800 6976 6900 6189
6925 6789 6698 6324
6802 6960 6974 6231
6912 6900 7198 6246
6746 6870 7230 6276
6614 6921 6708 6379
6834 6903 6852 6032
7079 6750 6912 5972
6780 6627 7251 6210
6625 6816 7149 6350
6933 6775 6928 6345
6864 6743 7155 6253
6879 6832 7148 6248
6889 6829 7061 6398
6980 6837 6869 6269
6826 6752 7244 6103
6820 6752 6846 6493
6287 6787 6838 6364
6450 6988 6911 5943
6600 6745 6843 6459
6675 6199 6850 6372
6793 6667 7209 6025
7098 6453 6566 5971
6790 6661 6645 6418
6699 6398 6858 6359
6981 6613 7007 6079
6765 6511 6972 6336
6871 6753 6833 6252
6745 6680 6585 6268
6868 6851 7136 6110
6882 6691 7090 6173
6901 6844 6883 6204
6688 6940 7046 6078
6800 6566 7199 5946
6819 6732 7120 6250
6879 6834 7023 6051
6849 6509 7000 6182
6809 6648 7142 6197
6696 6949 6928 6079
6750 6444 6487 6404
6797 6710 7113 6212
6853 6801 7053 5947
6856 6797 6724 5811
6869 6183 6946 6071
6871 6618 6878 6168
6862 6525 6972 6032
6536 6418 6948 6152
6591 6473 6880 6184
6612 6142 6432 6127
6632 6763 6587 5895
6750 6634 7106 5816
6870 6583 6818 5900
6647 6757 6999 5902
6649 6195 6927 5884
6100 6367 6845 5668
6336 6448 6575 5984
6709 6315 6972 5580
