13 0.338643
7232 7289 8209 6914
7454 7293 7666 7400
7516 8019 7682 6484
7563 7949 7078 6862
7581 6887 8125 7023
7693 7315 8224 6175
7807 7182 8458 6419
8074 7353 7354 6848
7355 7963 7901 6347
7456 7075 8271 6838
7592 7241 7395 7383
7973 7175 7556 7312
7232 7289 8209 6914
7980 7088 7983 7014
7610 7377 8330 6813
7778 7647 7948 6602
7962 7618 7502 6728
7911 7852 7480 7084
7504 7656 8263 6503
7524 6941 8387 6604
7472 7384 7917 7249
7498 7691 8456 6797
7902 7568 7574 7126
8030 7451 7789 7107
8015 7555 7768 6767
7782 7793 7821 7162
7534 8009 7388 6711
8067 7528 7942 6945
7738 7824 8031 7008
7580 7920 7559 6650
7884 7202 8083 6990
8038 7551 7818 6685
7524 6941 8387 6604
7549 7775 7981 7094
7768 7515 8107 6994
7641 7874 7540 7065
7472 6989 8121 7224
7446 7415 7906 7228
7676 7915 7861 6809
7861 7408 8202 6901
7847 7220 7719 7178
7868 7867 7792 6979
7957 7306 8064 6877
7581 6887 8125 7023
7396 7985 7681 7096
7564 7935 8177 6774
7633 7712 8131 6607
7522 7663 7645 7202
7612 7534 7694 7201
7507 7598 8047 7035
7472 6989 8121 7224
7789 7732 7874 7054
7854 7637 8006 6968
7933 7213 8004 7320
7517 7837 7927 6864
7918 7789 7746 6975
8051 7488 7685 7246
7742 7925 7623 6486
7803 7520 7982 7149
7931 7784 7619 7078
7399 7559 7899 7105
7630 7513 8122 7186
7676 7915 7861 6809
7421 7303 7946 7212
7706 7700 8196 6977
8034 7242 8050 6973
7936 7424 7911 7081
7572 7763 8075 6988
8051 7488 7685 7246
7790 7579 7875 6984
7480 7592 7679 7195
7796 7826 7596 6999
7421 7303 7946 7212
7726 7229 7818 7190
8018 7263 7947 6965
7641 7874 7540 7065
7848 7891 7706 6800
7703 7500 7681 7246
7685 7225 8266 6710
7726 7229 7818 7190
7933 7213 8004 7320
7482 7191 8175 7088
7950 7679 7779 7069
7916 7576 7896 6718
7847 7220 7719 7178
7852 7825 7778 7040
7504 7656 8263 6503
7491 7982 7763 7075
7950 7679 7779 7069
7848 7891 7706 6800
7476 7790 8148 7020
7572 7763 8075 6988
7861 7728 7563 7190
7796 7826 7596 6999
7491 7982 7763 7075
8018 7263 7947 6965
7482 7191 8175 7088
7742 7925 7623 6486
7473 7658 8127 7055
7633 7712 8131 6607
7476 7790 8148 7020
7706 7700 8196 6977
7936 7424 7911 7081
7685 7225 8266 6710
7916 7576 7896 6718
8018 7263 7947 6965
7396 7985 7681 7096
7861 7728 7563 7190
7491 7982 7763 7075
7742 7925 7623 6486
7685 7225 8266 6710
7685 7225 8266 6710
7036 7841 7775 6818
7212 7284 8333 6210
7371 6891 8408 6677
7414 7949 7606 6677
7473 6819 7996 7108
7589 7203 7716 7242
7926 7369 7317 6924
8037 7257 7881 6781
7492 7703 7994 6313
7291 7345 8315 6446
7081 7262 8402 6492
7339 7165 8135 6869
7857 7293 7560 6919
7501 6921 7952 7043
7165 7438 7849 6995
7080 7680 8111 6384
7278 7889 7924 6379
7937 7642 7497 6212
7884 7081 7815 6967
7226 7386 8231 6570
7520 7541 8155 6632
7634 7005 8062 6971
7522 7316 8253 6770
7952 7267 7707 7084
7829 7248 7891 6406
7644 7773 7974 6800
7397 7818 7801 6609
7317 7915 7657 6795
7808 7521 7726 6868
7454 7631 7473 7185
7786 7650 7503 6934
7888 7447 7423 6891
7212 7284 8333 6210
7528 7826 7629 6731
7407 7271 8173 6840
7722 7057 7944 7017
7286 7311 8325 6644
7259 7847 7903 6766
7848 7524 7371 6857
7735 7325 7851 6948
7375 7802 8004 6539
7728 7279 8038 6755
7791 7403 8093 6677
7187 7713 8065 6799
7910 7237 7904 6781
7898 7725 7678 6478
7550 7204 7889 7221
7444 7398 7927 7100
7778 7790 7819 7118
7844 7183 7885 7131
7488 7929 7650 6940
7380 7637 8224 6558
7732 7358 7900 7043
7981 7468 7662 6808
7372 7471 7679 7158
7722 7057 7944 7017
7540 7916 7408 6489
7423 7419 8143 6857
7612 7837 7392 6714
7566 7626 7915 6878
7803 7663 7375 6834
7560 7188 7831 7109
7914 7597 7647 6740
7705 7480 7859 6780
7665 7404 8104 6860
7678 7532 8074 6929
7612 7837 7392 6714
7434 7619 7825 6956
7706 7177 7925 7190
7634 7005 8062 6971
7399 7286 7814 7217
7457 7264 7919 7005
7819 7393 8013 6886
7684 7600 8102 6700
7414 7949 7606 6677
7726 7394 7634 7235
7837 7632 7713 6681
7759 7309 8136 6589
7898 7725 7678 6478
7879 7599 7720 6775
7480 7670 8100 6521
7498 7393 8053 6989
7759 7309 8136 6589
7723 7590 7964 6697
7472 7817 7874 6878
7642 7574 7878 6987
7979 7376 7887 6896
7640 7374 7671 7172
7785 7430 7845 6929
7435 7450 7658 7120
7824 7383 7490 7070
7561 7841 7413 6829
7816 7414 7957 6890
7798 7422 7809 6758
7594 7819 7663 6799
7673 7465 8164 6842
7635 7500 7486 7177
7278 7889 7924 6379
7674 7817 7685 6778
7477 7306 8100 6960
7380 7637 8224 6558
7491 7814 7980 6903
7526 7365 7925 6975
7542 7816 7878 6695
7692 7713 7880 6777
7780 7492 7486 7177
7589 7203 7716 7242
7641 7505 8165 6527
7824 7383 7490 7070
7937 7642 7497 6212
7710 7647 7849 6785
7491 7814 7980 6903
7671 7596 7995 6963
7407 7622 8162 6800
7259 7847 7903 6766
7642 7574 7878 6987
7641 7505 8165 6527
7690 7723 7975 6810
7796 7374 7660 7176
7380 7637 8224 6558
7480 7670 8100 6521
7690 7723 7975 6810
7710 7647 7849 6785
7981 7468 7662 6808
7979 7376 7887 6896
7259 7847 7903 6766
7212 7284 8333 6210
7759 7309 8136 6589
7212 7284 8333 6210
7589 7203 7716 7242
7937 7642 7497 6212
7050 7080 8302 6557
7050 7080 8302 6557
7141 6526 8228 6466
7211 7647 8020 6104
7429 7058 7649 7180
7506 7826 7571 6395
7666 7148 7237 7119
7946 7232 7563 6912
7831 7647 7495 6172
7778 6993 7895 6215
7779 7436 7416 7063
7757 7787 7290 6770
7761 7504 7506 6366
7141 6526 8228 6466
7201 7780 7711 6264
7714 6810 7840 7036
7788 6848 7831 7043
7623 6697 8090 6674
7563 6965 7787 7094
7304 7468 8209 6444
7628 7556 8037 6552
7273 7443 7517 7138
7522 7085 8191 6596
7916 7322 7585 6813
7187 7081 7876 7172
7574 7742 7626 7101
7866 7219 7663 7055
7291 6697 8274 6458
7647 7331 8123 6586
7535 7139 8117 6701
7482 7540 7644 7021
7258 7124 8267 6461
7721 7517 7952 6473
7780 7300 7856 6883
7349 7544 8080 6496
7453 7406 8094 6575
7368 7689 7894 6561
7753 7604 7572 6622
7792 7122 7790 6464
7727 7331 7982 6862
7873 7427 7716 6761
7592 7514 7863 6820
7561 7219 8071 6891
7433 7578 7763 7052
7770 7338 7961 6736
7200 7674 7965 6665
7599 7667 7805 6937
7489 7407 7772 6992
7417 7375 8100 6758
7687 7232 7789 7046
7594 7785 7607 6778
7597 7265 8086 6814
7715 7364 7684 6946
7391 7435 7769 6976
7617 7726 7736 6436
7532 7353 7982 6954
7744 7621 7600 6691
7344 7527 8219 6423
7443 7708 7667 7031
7528 7521 8008 6689
7680 7672 7967 6745
7357 7520 8101 6609
7493 7727 7737 6557
7293 7778 7838 6593
7344 7527 8219 6423
7619 7356 7816 7077
7393 7609 8078 6763
7646 7345 7715 7088
7409 7347 8101 6676
7742 7526 7766 6905
7607 7427 7716 6983
7603 7541 7672 6772
7486 7527 7818 6893
7625 7549 7590 6818
7291 6697 8274 6458
7744 7083 7585 7134
7258 7124 8267 6461
7715 7331 7579 7044
7719 7778 7585 7029
7141 6526 8228 6466
7291 6697 8274 6458
7111 7586 7939 6698
7111 7748 7264 6814
7336 7159 8084 6624
7339 6332 7924 6820
7443 7445 7876 6246
7584 7407 7184 7036
7654 7071 7551 7098
7833 7062 7257 6582
7417 6699 7995 6774
7812 7211 7672 6490
7227 6765 7995 6645
7597 6941 7718 6998
7615 7101 8067 6555
7710 7656 7310 6620
7758 7410 7385 6913
7417 7012 7957 6783
7177 7345 7994 6626
7407 7392 7626 7051
7198 7091 7922 6732
7802 7314 7592 6709
7633 7546 7403 6865
7825 7190 7444 6660
7684 7478 7569 6681
7504 7692 7203 6893
7579 7242 7615 6935
7360 7535 7990 6727
7473 7381 7623 7051
7675 7284 7884 6795
7372 7309 7845 6700
7450 7707 7456 6828
7503 7685 7502 6911
7704 7664 7503 6844
7544 7585 7680 6591
7357 7224 7913 6879
7737 7142 7733 6835
7437 7494 7785 6648
7625 7494 7821 6641
7568 7559 7783 6920
7586 7569 7735 6620
7457 7416 7768 6928
7718 7290 7536 6910
7657 7259 7858 6826
7616 7076 7655 6915
7723 7249 7759 6889
7671 7439 7613 6840
7695 7315 7575 7025
7535 7679 7623 6987
7733 7318 7927 6692
7603 7394 7798 6642
7601 7353 7703 6828
7542 7069 7726 7016
7336 7720 7735 6557
7535 7679 7623 6987
7632 7350 7681 6906
7359 7223 7840 6881
7504 7692 7203 6893
7656 7539 7681 6661
7048 6857 7133 6988
7121 7681 7683 6499
7209 6590 8067 6552
7570 7444 7655 6304
7726 7068 7689 6664
7692 7227 7357 6741
7242 7387 7980 6471
7548 6929 8007 6504
7173 6988 7881 6764
7339 7021 7731 6901
7195 7500 7967 6587
7358 7602 7578 6957
7512 7317 7850 6365
7391 7660 7409 6551
7298 7274 7745 6885
7428 7447 7715 6379
7116 7306 7811 6691
7675 7293 7360 6877
7624 7269 7834 6725
7609 7142 7672 6762
7068 6978 7871 6854
7430 6954 7773 6866
7438 7599 7461 6633
7322 7567 7586 6475
7199 7553 7706 6313
7613 7182 7542 6807
7416 7651 7558 6712
7704 7207 7720 6576
7476 7477 7563 6769
7550 7380 7651 6743
7374 7282 7610 6832
7447 7282 7483 6819
7389 7539 7524 6844
7395 7651 7458 6743
7521 7517 7458 6819
7516 7388 7465 6718
7721 7184 7519 6718
7553 7510 7662 6677
7562 7196 7861 6755
7490 7310 7675 6715
7437 7215 7655 6782
7420 7472 7711 6774
7417 7300 7622 6814
7552 7299 7591 6730
7442 7189 7698 6818
7445 7185 7583 6757
6964 6991 7828 6620
7134 7158 7957 6485
7166 7252 7176 6822
7176 7306 7922 6351
7211 6396 7526 6790
7362 7555 7523 6692
7538 6808 7174 6772
7609 6932 7476 6526
7488 7216 7410 6696
7000 6954 7860 6739
7403 7440 7544 6762
7226 7379 7694 6361
7577 7009 7502 6490
7483 7266 7769 6552
7541 7356 7658 6624
7239 7366 7671 6706
7439 7002 7687 6721
7399 7221 7709 6708
7403 7361 7642 6741
7483 7212 7772 6489
7368 7371 7669 6514
6787 7492 7304 6474
7004 6827 7609 6706
7086 7345 6994 6675
7107 7306 7555 6228
7132 7337 7330 6750
7174 7264 7838 6299
7525 6998 7440 6569
6906 7347 7339 6479
7362 7120 7556 6618
7324 6903 7733 6331
7480 7318 7521 6542
7229 7281 7662 6422
7085 7205 7524 6666
7277 6909 7687 6671
7174 7002 7536 6679
7312 7223 7635 6626
6996 7168 7584 6558
7097 7162 7235 6526
7126 6927 7489 6552
7321 7051 7247 6093
6900 6996 7338 6408
6961 7057 7463 6086
6962 7053 7580 6347
7032 6617 6893 6494
