22556 110.179
25947 24760 26067 25135
25947 24760 26067 25135
25285 24653 26197 25631
25626 24871 26591 25316
25245 25047 26323 24997
25752 24786 26391 24788
25787 24951 25835 25249
25631 24408 26538 25219
25415 25208 25880 25363
25415 25208 25880 25363
25929 24885 26349 24957
25346 24490 26469 25469
25586 25394 26297 25113
25611 24914 26458 24829
25824 24588 26312 25074
25586 24435 26212 25626
25646 24899 26186 25037
25567 24740 26114 25568
25864 24627 26152 25053
25346 24490 26469 25469
25621 25004 26414 25192
25812 24931 25981 25139
25426 25059 26317 25296
25415 25208 25880 25363
25787 24951 25835 25249
25367 24546 26413 25400
25446 24716 26230 25375
25285 24653 26197 25631
25446 24716 26230 25375
25567 24740 26114 25568
25631 24408 26538 25219
25646 24899 26186 25037
25452 24675 26153 25453
25285 24653 26197 25631
25626 24871 26591 25316
25426 25059 26317 25296
25752 24786 26391 24788
25540 24994 26092 25296
25446 24716 26230 25375
25346 24490 26469 25469
25742 24600 26280 25150
25650 24879 26366 25333
25245 25047 26323 24997
25752 24786 26391 24788
25446 24716 26230 25375
25929 24885 26349 24957
25446 25000 26109 25452
25631 24408 26538 25219
25661 24833 26224 24987
25346 24490 26469 25469
25245 25047 26323 24997
25611 24914 26458 24829
25590 24974 26305 25369
25787 24951 25835 25249
25501 24597 26191 25460
25346 24490 26469 25469
25567 24740 26114 25568
25626 24871 26591 25316
25650 24879 26366 25333
25425 24563 26305 25411
25752 24786 26391 24788
25725 24797 26127 25216
25415 25208 25880 25363
25540 24994 26092 25296
25285 24653 26197 25631
25567 24740 26114 25568
25462 24886 26485 24966
25367 24546 26413 25400
25787 24951 25835 25249
25725 24797 26127 25216
25611 24914 26458 24829
25462 24886 26485 24966
25346 24490 26469 25469
25415 25208 25880 25363
25725 24797 26127 25216
25285 24653 26197 25631
25426 25059 26317 25296
25661 24833 26224 24987
25650 24879 26366 25333
25725 24797 26127 25216
25567 24740 26114 25568
25742 24600 26280 25150
25742 24600 26280 25150
25824 24588 26312 25074
25787 24951 25835 25249
25567 24740 26114 25568
25245 25047 26323 24997
25650 24879 26366 25333
25824 24588 26312 25074
25611 24914 26458 24829
25742 24600 26280 25150
25415 25208 25880 25363
25446 25000 26109 25452
25462 24886 26485 24966
25567 24740 26114 25568
25415 25208 25880 25363
25752 24786 26391 24788
25812 24931 25981 25139
25590 24974 26305 25369
25245 25047 26323 24997
25586 24435 26212 25626
25626 24871 26591 25316
25245 25047 26323 24997
25415 25208 25880 25363
25590 24974 26305 25369
25752 24786 26391 24788
25947 24760 26067 25135
25245 25047 26323 24997
25621 25004 26414 25192
25346 24490 26469 25469
25611 24914 26458 24829
25426 25059 26317 25296
25426 25059 26317 25296
25742 24600 26280 25150
25752 24786 26391 24788
25446 25000 26109 25452
25245 25047 26323 24997
25611 24914 26458 24829
25590 24974 26305 25369
25501 24597 26191 25460
25285 24653 26197 25631
25367 24546 26413 25400
25415 25208 25880 25363
25631 24408 26538 25219
25611 24914 26458 24829
25725 24797 26127 25216
25245 25047 26323 24997
25824 24588 26312 25074
25446 24716 26230 25375
25446 25000 26109 25452
25285 24653 26197 25631
25245 25047 26323 24997
25586 24435 26212 25626
25626 24871 26591 25316
25415 25208 25880 25363
25752 24786 26391 24788
