33 1.51227
8023 6972
6649 8155
7216 7902
7799 7613
7100 8105
7747 7591
7495 7899
8120 7099
7312 8305
7624 7729
7681 7801
7897 7140
7072 7923
7853 7670
7742 7635
7861 6826
6438 8149
7896 7575
7429 7957
7952 6977
7298 7962
7938 7138
7728 7541
7846 6846
6349 8079
7924 7369
7178 8110
7860 7242
7400 7916
7876 7798
7508 8071
7910 6723
7078 8052
7413 8096
7562 8071
8083 7131
7093 8003
8002 7772
7781 7559
7954 7511
6700 8103
7748 7426
7781 7910
7897 7285
7108 8176
7876 7798
7469 7941
7956 7525
6751 8123
7981 7480
7432 7781
7900 7142
7339 8039
7888 7396
7181 7999
7970 7134
6911 8105
7662 7591
7477 7808
7886 7021
7039 7953
7824 7411
7501 7818
8004 6869
6165 8046
7618 7768
7173 8247
7841 7504
7164 7966
7584 7979
7503 7770
7889 6752
7300 8076
7656 7856
7478 8148
7862 7425
7182 8104
7899 7211
7948 7520
7955 7164
7378 8094
7905 7500
7029 7971
7794 7384
7728 7848
7742 7877
7439 7891
7821 7260
6831 8233
7780 7970
7430 7992
8062 7453
7493 7814
7821 7829
7573 7984
7876 7000
6779 8109
7689 7576
7077 8017
7880 6988
6856 8020
7925 7159
7590 7924
7919 6980
6959 8318
7973 7215
7339 8039
7796 7318
7200 8086
8002 7014
7447 7817
7888 6788
6674 8139
7760 7594
7286 7876
7819 7284
6688 8149
7996 7307
7009 8178
7915 6557
6861 8127
7913 7207
7283 7973
8038 6956
6861 8127
7944 7137
7445 7789
8008 7412
6367 8031
7737 7474
7406 7881
7743 7497
6854 7972
7776 7516
7534 7873
7900 7089
6981 8116
7895 7785
7388 7859
7997 7242
6869 8017
7807 7326
7650 7798
7933 7326
6688 8149
8008 7412
6939 8087
7721 7732
6621 8108
8117 7006
7696 7624
7927 6907
7018 8048
7722 7532
7164 7935
7822 7295
7145 7948
7933 7326
7572 7706
7925 7022
6490 8051
7584 7607
7336 7930
7754 7415
7212 8206
7888 7580
7571 7888
7984 7206
7545 8002
7832 7849
7203 7978
8003 7263
6995 8206
7589 7726
7688 7633
7929 6894
6438 8149
7622 7609
6869 8049
7810 7260
6820 8048
8070 6949
7860 7862
8081 6927
7258 8036
7860 7862
7469 7838
7997 7242
7173 8247
8023 6972
7807 7552
7911 7611
6892 8083
7588 7885
7058 7970
7815 7439
6876 8044
7765 8199
7667 7728
7942 7244
6597 8071
7716 7751
7339 8039
7873 7001
7372 7912
7792 7478
7461 7818
7822 7391
6523 8254
7296 8107
7179 8196
7925 7022
7728 7848
7853 7596
7320 7814
7961 6663
6574 8018
7788 7517
7200 8116
8072 6797
7590 8192
7821 7829
7658 7639
7889 7427
6959 8069
7580 7917
7287 8064
7947 7199
6680 8012
7882 7271
7472 7767
7904 6987
6943 8306
7822 7621
7651 8032
8036 7178
7372 7973
7824 7432
7355 7986
7900 6649
6890 8162
7822 7621
6943 8306
7978 7216
7056 8355
7972 7305
7393 7921
7828 7215
6925 8069
7895 7490
7106 8092
7984 7206
7313 8046
7989 6797
7469 7941
8041 7725
6277 8263
7720 8029
6751 8123
7748 7536
7317 7932
7853 7670
7600 8177
7924 7031
6900 8095
7875 7389
7310 7874
7900 7089
7408 7956
8069 6998
7540 7673
7903 7189
6775 7982
7716 7822
7177 7891
7776 7325
6911 8105
7724 7829
7358 7930
7833 7154
6784 8119
7728 7549
7735 7654
7912 6657
6776 8083
7926 7291
7616 7836
7929 6894
6783 8254
7515 7800
7060 7980
7844 7601
7108 7992
7655 7893
7414 7914
7917 7144
6918 8021
7675 7665
7478 8148
8057 7488
6959 8318
8076 6922
7692 7697
7892 7188
7149 8212
7612 7870
7133 7982
7783 7316
6776 8083
7661 7659
7439 7891
7900 7386
6660 8042
8002 7772
7228 7931
8052 6930
6813 8221
8041 7725
7324 7894
7953 6913
7167 8033
7637 7573
7179 8196
8081 6927
6881 8028
7703 7748
7211 8005
7811 7499
6779 8109
7903 7317
7500 7717
7898 7190
6856 8077
7727 7608
7548 7844
8063 6953
6293 8273
7996 7307
7242 7974
7981 7256
6803 8000
7813 7265
7501 7841
7852 6831
6746 8091
7723 7905
7508 7956
7917 7144
7039 8071
7746 7605
7441 7887
8085 7107
6686 8021
7511 7708
7099 7987
7703 7569
7571 7888
7742 7581
7932 7654
8120 7099
6738 8046
7660 7825
7179 7983
7861 7390
7400 7916
7964 7256
7590 8192
8004 6869
6979 8104
7580 7917
7175 8142
7957 7086
7358 7930
7758 7310
7286 8032
7902 7626
7359 7886
7676 7595
6938 8083
7891 6917
7357 7999
7923 7108
7413 8096
7929 6782
7312 8305
7787 7545
7200 7940
8121 6505
6925 8013
7534 7873
7721 7732
7884 6902
7222 8030
7720 7618
7240 7891
8057 7488
7056 8355
7962 7391
7741 7555
7946 6295
6900 8095
7915 7432
7181 7943
7818 7327
7269 7996
7722 7362
7439 7780
7839 7582
7100 8105
7682 7720
7004 8225
7884 6847
7370 8047
7918 7528
7645 7599
7856 6626
6256 8213
7723 7905
7118 7974
7756 7451
7261 7968
8027 7244
7459 7783
7894 7330
6731 8034
7718 7472
7357 7836
8062 7453
7072 8012
7679 7622
7646 7723
7843 7093
6175 8052
7801 7400
7310 7942
7843 7242
6539 8284
7899 7177
7553 7652
7989 6949
6779 8007
7954 7511
7414 7914
7970 7197
7143 7951
7902 7031
7381 7809
7910 6831
6674 8139
7684 7602
7036 7992
8003 7263
7210 7944
7895 7785
7518 7807
7970 7134
