3251 227.307
3653 3063 2590 2931
2846 4019 2755 2914
2666 2904 3752 2874
2645 2982 2825 3724
2756 3457 3451 3194
2708 4004 2867 3051
2787 2917 2953 3711
3349 3308 3370 2885
2756 3947 3022 3064
2756 3947 3022 3064
2746 3532 2802 3632
3133 3896 2798 2903
2709 3059 3093 3661
3440 3268 2731 3328
3372 3656 2818 2892
2861 3092 3714 2960
2828 3652 2969 3513
3415 3109 3313 2921
2687 3252 3504 3354
3303 3675 2989 2917
2849 3031 3704 3059
2940 3420 3345 3292
3441 3247 2718 3337
3653 3163 2593 2938
2738 3151 3726 2823
2647 3868 2855 3339
2936 3176 3674 2943
2689 3683 3329 3070
2988 3366 3029 3543
3625 3182 2730 3001
2651 2966 3304 3559
3132 3243 3569 2917
2740 3927 3078 3022
2982 3686 2889 3426
3299 3427 3363 2925
2825 4014 2871 2942
2723 3260 2896 3693
3378 3212 2968 3340
3328 3506 2615 3259
2849 4009 2770 2990
2708 2991 3256 3586
3299 3427 3363 2925
3166 3349 3004 3464
3608 3192 2793 3029
2931 3997 2814 2900
2798 3003 3627 3253
3219 3122 2837 3520
3518 3324 3093 2912
2585 3120 3714 3068
3415 3109 3313 2921
2605 3143 3728 2982
2849 3031 3704 3059
2828 3652 2969 3513
3524 3277 3097 2881
2689 3683 3329 3070
2633 3234 3706 2857
2715 3117 3570 3321
2828 3652 2969 3513
3378 3212 2968 3340
3653 3163 2593 2938
2723 3260 2896 3693
3065 3613 2974 3375
3228 3054 3530 2951
2851 3981 2992 2897
2692 3555 3429 3111
2782 3777 2973 3385
2815 3247 2880 3674
3497 3313 3016 3080
2825 4014 2871 2942
3299 3427 3363 2925
2987 3449 3001 3535
3088 3943 2833 2814
2556 2920 3653 3277
3497 3313 3016 3080
3100 3920 2879 2727
2585 3120 3714 3068
2862 3099 3431 3394
3451 3464 3057 2957
3166 3349 3004 3464
3631 3289 2682 2895
2666 2904 3752 2874
2828 3652 2969 3513
3067 2962 2819 3623
3584 3167 2785 3113
2849 3031 3704 3059
2828 3652 2969 3513
3235 3273 3431 3029
3294 3392 3393 2911
2763 3897 2893 3273
3631 3289 2682 2895
2632 3144 2995 3692
3228 3054 3530 2951
2982 3680 2937 3408
2849 4009 2770 2990
3228 3054 3530 2951
2918 3976 2970 2862
2663 3536 2799 3639
3441 3247 2718 3337
3088 3943 2833 2814
2835 4018 2893 2863
2718 3250 3070 3637
2909 3860 2859 3242
2746 3532 2802 3632
3518 3324 3093 2912
2849 4009 2770 2990
2762 3429 3094 3563
3038 3162 3359 3355
3408 3542 3035 2882
2633 3194 3573 3303
3303 3675 2989 2917
2828 3652 2969 3513
2861 3092 3714 2960
2753 3743 2902 3469
3581 3196 2809 3095
2861 3092 3714 2960
2756 3947 3022 3064
2936 3176 3674 2943
2728 3894 2875 3293
3400 3184 3279 3000
3631 3289 2682 2895
2792 3105 2637 3710
3378 3212 2968 3340
3299 3427 3363 2925
3088 3943 2833 2814
3299 3427 3363 2925
2835 4018 2893 2863
2801 3282 3114 3591
3193 3037 3560 2854
2708 3951 2901 3166
3042 3605 3274 3092
2762 3429 3094 3563
2953 3975 2838 2939
2746 3532 2802 3632
3581 2988 2552 3159
3088 3943 2833 2814
2624 2949 3750 2929
2746 3532 2802 3632
3471 3142 2806 3307
2687 3252 3504 3354
3540 3415 2798 2951
2849 3031 3704 3059
2903 3066 3564 3242
3441 3247 2718 3337
3631 3289 2682 2895
2624 2949 3750 2929
2828 3652 2969 3513
3235 3273 3431 3029
2806 3831 3090 3170
2969 3703 3050 3312
3631 3289 2682 2895
2663 3536 2799 3639
2918 3976 2970 2862
2891 3442 3549 2927
2648 3820 2804 3414
3265 3209 3443 2991
2708 4004 2867 3051
2894 3043 2791 3685
3378 3212 2968 3340
3465 3401 3170 2867
3088 3943 2833 2814
2556 2920 3653 3277
3132 3243 3569 2917
2828 3652 2969 3513
3188 3690 2898 3190
2878 3985 2947 2930
2798 3003 3627 3253
3219 3122 2837 3520
3573 3339 2859 2960
2633 3194 3573 3303
3415 3109 3313 2921
2936 3176 3674 2943
2732 3514 3464 3090
2987 3449 3001 3535
3649 3111 2630 2974
2891 3442 3549 2927
2689 3683 3329 3070
2585 3120 3714 3068
3166 3349 3004 3464
2997 3657 2830 3450
3648 3174 2683 2905
2787 2917 2953 3711
3166 3349 3004 3464
3400 3184 3279 3000
2918 3976 2970 2862
2740 3927 3078 3022
2756 3947 3022 3064
3067 2962 2819 3623
3518 3324 3093 2912
2918 3976 2970 2862
2708 4004 2867 3051
2746 3532 2802 3632
3299 3427 3363 2925
2687 3252 3504 3354
3497 3313 3016 3080
3088 3943 2833 2814
2849 3031 3704 3059
2828 3652 2969 3513
3518 3324 3093 2912
2692 3555 3429 3111
3088 3943 2833 2814
2556 2920 3653 3277
2862 3099 3431 3394
3219 3122 2837 3520
3631 3289 2682 2895
2849 3031 3704 3059
2728 3894 2875 3293
3132 3243 3569 2917
2891 3442 3549 2927
2677 3820 2956 3370
3573 3339 2859 2960
2723 3260 2896 3693
3299 3427 3363 2925
2935 3559 3435 2936
3110 3686 2828 3322
3465 3401 3170 2867
2835 4018 2893 2863
2632 3144 2995 3692
3440 3268 2731 3328
3215 3676 2711 3216
2835 4018 2893 2863
2805 2917 3012 3684
3188 3690 2898 3190
2987 3449 3001 3535
3518 3324 3093 2912
2835 4018 2893 2863
2556 2920 3653 3277
2916 2996 2934 3660
3497 3429 2661 3076
2798 3003 3627 3253
3497 3313 3016 3080
2891 3442 3549 2927
2954 2962 3692 2944
2753 3743 2902 3469
3518 3324 3093 2912
2936 3176 3674 2943
2891 3442 3549 2927
2907 3023 3661 3101
2982 3680 2937 3408
3471 3142 2806 3307
3653 3163 2593 2938
2632 3144 2995 3692
3440 3268 2731 3328
3294 3392 3393 2911
2708 4004 2867 3051
2936 3176 3674 2943
2909 3860 2859 3242
2746 3532 2802 3632
3349 3308 3370 2885
2849 4009 2770 2990
3190 3537 3324 2894
2697 3698 2894 3511
2849 4009 2770 2990
2689 3391 2881 3672
3497 3313 3016 3080
3573 3339 2859 2960
2738 3151 3726 2823
2703 3449 2920 3639
3400 3184 3279 3000
2846 2994 3556 3303
3621 3221 2771 2965
2624 2949 3750 2929
2687 3252 3504 3354
3239 3065 2843 3510
3608 3192 2793 3029
2605 3143 3728 2982
2753 3743 2902 3469
3098 2995 3617 2932
3299 3427 3363 2925
2763 3897 2893 3273
3631 3289 2682 2895
2718 3250 3070 3637
3098 2995 3617 2932
2728 3894 2875 3293
2763 3897 2893 3273
3132 3243 3569 2917
2708 4004 2867 3051
2820 3095 2620 3706
3440 3268 2731 3328
3465 3401 3170 2867
2825 4014 2871 2942
2709 3059 3093 3661
2982 3686 2889 3426
2746 3532 2802 3632
3518 3324 3093 2912
2849 4009 2770 2990
2633 3194 3573 3303
3166 3349 3004 3464
3422 3624 2708 2828
2556 2920 3653 3277
3349 3308 3370 2885
2849 3031 3704 3059
3055 3284 3575 2995
2785 3670 2715 3543
3608 3192 2793 3029
3132 3243 3569 2917
2851 3981 2992 2897
2702 3257 3689 2781
2648 3820 2804 3414
3228 3054 3530 2951
3631 3289 2682 2895
2723 3260 2896 3693
2980 3571 3012 3453
3228 3054 3530 2951
3299 3427 3363 2925
2756 3947 3022 3064
2740 3927 3078 3022
2709 3474 2802 3654
3265 3209 3443 2991
2763 3897 2893 3273
2878 3985 2947 2930
2828 3652 2969 3513
3088 3943 2833 2814
2762 3429 3094 3563
3584 3167 2785 3113
3088 3943 2833 2814
2849 3031 3704 3059
2976 3212 2913 3616
3542 3308 2713 3114
2952 3716 3002 3338
3422 3624 2708 2828
2605 3143 3728 2982
3310 3138 2900 3442
2982 3686 2889 3426
3610 3198 2843 2823
2605 3143 3728 2982
2828 3652 2969 3513
3038 3162 3359 3355
2891 3442 3549 2927
2753 3743 2902 3469
3631 3289 2682 2895
2689 3391 2881 3672
3299 3427 3363 2925
3055 3284 3575 2995
2646 3959 2842 3184
3228 3054 3530 2951
2851 3981 2992 2897
2723 3260 2896 3693
3427 3120 2701 3369
3133 3896 2798 2903
3088 3943 2833 2814
2798 3003 3627 3253
3299 3427 3363 2925
2828 3652 2969 3513
3451 3464 3057 2957
2835 4018 2893 2863
2798 3003 3627 3253
3310 3138 2900 3442
3631 3289 2682 2895
2907 3023 3661 3101
3524 3277 3097 2881
2786 3512 3520 2795
2630 3222 3712 2808
2663 3536 2799 3639
3441 3247 2718 3337
2849 3031 3704 3059
2806 3831 3090 3170
2849 3031 3704 3059
2980 3571 3012 3453
3440 3268 2731 3328
3653 3163 2593 2938
2645 2982 2825 3724
3296 3153 3009 3399
3378 3212 2968 3340
2878 3985 2947 2930
3055 3284 3575 2995
2825 4014 2871 2942
3219 3122 2837 3520
3424 3231 3293 2854
2835 4018 2893 2863
2822 3946 3048 2931
2815 3247 2880 3674
3215 3676 2711 3216
2846 2994 3556 3303
3583 3254 2853 3025
3228 3826 2809 2861
2633 3234 3706 2857
2798 3003 3627 3253
3294 3392 3393 2911
2828 3652 2969 3513
3133 3896 2798 2903
2633 3194 3573 3303
2798 3003 3627 3253
3427 3120 2701 3369
3547 3339 2987 2908
2681 3186 3710 2993
2753 3743 2902 3469
2954 2962 3692 2944
2756 3947 3022 3064
2844 3630 2994 3504
3621 3221 2771 2965
2805 2917 3012 3684
3294 3392 3393 2911
2740 3927 3078 3022
3065 3613 2974 3375
3299 3427 3363 2925
2835 4018 2893 2863
2723 3260 2896 3693
3471 3142 2806 3307
3497 3429 2661 3076
3008 3977 2802 2857
2556 2920 3653 3277
3299 3427 3363 2925
3067 2962 2819 3623
3584 3167 2785 3113
2918 3976 2970 2862
2556 2920 3653 3277
2976 3212 2913 3616
3465 3401 3170 2867
2798 3003 3627 3253
3465 3401 3170 2867
2733 3303 3604 3090
2849 3031 3704 3059
2926 3623 2855 3511
3608 3192 2793 3029
2689 3683 3329 3070
2936 3176 3674 2943
2654 3460 3441 3260
2785 3670 2715 3543
3230 3434 3154 3218
3648 3174 2683 2905
2787 2917 2953 3711
3440 3268 2731 3328
3294 3392 3393 2911
2825 4014 2871 2942
2891 3442 3549 2927
2708 3951 2901 3166
2823 2894 2919 3702
3344 3311 3336 2961
2918 3976 2970 2862
3133 3896 2798 2903
2743 3784 2967 3424
3008 3977 2802 2857
2651 2966 3304 3559
3440 3268 2731 3328
3303 3675 2989 2917
2849 3031 3704 3059
2987 3449 3001 3535
3583 3254 2853 3025
3166 3349 3004 3464
3591 3377 2680 2859
2861 3092 3714 2960
2828 3652 2969 3513
3310 3138 2900 3442
3649 3111 2630 2974
2861 3092 3714 2960
2952 3716 3002 3338
3281 3211 3451 2940
3294 3392 3393 2911
2697 3970 2953 3082
3422 3624 2708 2828
2632 3144 2995 3692
3224 3434 3383 2977
2940 3420 3345 3292
2970 3711 2787 3423
3299 3427 3363 2925
2849 4009 2770 2990
