0 0.0435068 9 6 4 2 5
1 0.0908853 5 9 35 7 6
2 0.127108 12 16 132 136 37
4 0.188321 132 97 214 103 25
6 0.253577 112 61 133 23 18
9 0.359921 21 122 89 264 13
14 0.496897 113 101 117 34 78
20 0.659845 68 186 143 183 20
29 0.880562 156 207 277 145 120
42 1.16407 243 119 192 191 172
60 1.553 276 231 187 236 225
83 2.04997 230 223 229 247 216
114 2.72255 221 240 197 212 223
154 3.59404 225 221 223 250 185
207 4.74442 188 195 205 202 202
277 6.27108 236 241 226 242 237
369 8.2817 188 209 209 198 248
491 10.9382 213 234 260 210 206
651 14.4236 215 218 218 212 213
863 19.0194 179 181 179 187 175
1142 25.066 168 195 154 175 167
1510 33.0286 189 165 191 158 159
1993 43.5188 238 184 150 213 181
2630 57.3506 196 203 227 211 198
3469 75.5827 198 194 182 222 222
4575 99.5898 178 204 202 185 187
6030 131.221 227 229 227 211 217
7939 172.876 200 184 158 174 181
10460 227.756 226 217 206 173 192
13776 300 237 213 162 194 215
