0 0.281749 8 4 4 2 5
1 0.652016 6 9 8 4 15
2 1.02168 10 3 12 9 7
3 1.39149 8 6 8 7 8
4 1.76106 12 7 13 10 9
6 2.50053 17 8 8 17 11
8 3.23883 17 8 9 11 15
10 3.97538 13 11 12 23 10
13 5.07881 16 4 11 16 14
16 6.18617 15 7 14 20 10
20 7.66666 15 18 19 22 15
25 9.52269 18 18 11 18 19
31 11.7552 10 25 19 24 21
38 14.3692 27 22 17 13 13
47 17.7323 29 35 41 11 31
57 21.4429 46 29 20 18 45
69 25.9083 39 44 15 31 36
84 31.4956 21 66 20 50 36
102 38.2156 43 31 40 40 44
124 46.4894 61 49 39 32 29
150 56.1233 58 45 62 45 41
181 67.6906 57 65 57 37 58
219 81.6237 26 65 60 56 55
265 98.617 46 62 42 58 62
320 119.024 36 58 42 41 62
386 143.357 53 54 57 43 50
465 172.481 60 53 54 58 64
561 207.71 57 56 56 56 54
676 250.103 52 53 47 54 53
811 300.059 49 54 58 52 53
