0 0.333445 10 10 11 12 7
1 0.683486 20 31 29 19 13
2 1.00963 33 38 33 37 27
3 1.32394 43 41 46 33 27
5 1.89082 44 65 36 42 32
7 2.4247 46 73 39 55 33
10 3.11309 43 73 61 53 58
14 3.85913 68 102 78 72 99
19 4.78531 96 116 64 77 51
26 5.95117 84 108 115 89 117
35 7.38946 103 95 101 93 105
46 9.14423 116 117 111 119 98
58 11.1321 113 95 124 131 125
73 13.566 129 116 109 116 124
91 16.6262 131 105 114 107 119
112 20.2977 131 126 108 128 124
136 24.6529 121 121 118 124 117
163 29.9187 123 137 136 135 144
195 36.2791 121 109 97 109 112
232 44.1559 125 128 115 118 111
274 53.6948 149 122 125 118 113
326 65.1606 129 133 129 127 114
387 78.8972 135 119 113 125 120
459 95.6408 136 126 143 117 126
546 115.844 129 133 123 133 144
655 140.3 131 155 115 138 139
788 169.863 136 130 113 128 150
946 205.601 131 148 148 137 136
1140 248.683 153 142 140 132 132
1372 300.162 116 119 129 112 133
