0,0.0430468,0.440086
1,0.107083,0.450488
2,0.171004,0.452178
3,0.234998,0.457375
5,0.362918,0.480471
7,0.490876,0.496519
10,0.682948,0.518122
14,0.938969,0.542835
19,1.25937,0.581386
25,1.64405,0.623159
33,2.15881,0.661868
43,2.80462,0.694861
56,3.6448,0.738487
73,4.7481,0.763263
113,6.18858,0.778789
174,8.02358,0.794875
262,10.3936,0.798201
391,13.4728,0.806404
565,17.4658,0.806493
788,22.6407,0.809648
1085,29.3343,0.811531
1364,38.0089,0.811825
1724,49.216,0.813178
2205,63.7318,0.816019
2811,82.5143,0.819015
3592,106.829,0.825885
4616,138.312,0.83099
5895,179.048,0.838947
7539,231.782,0.839087
9679,300.029,0.839258
