0,0.00465221,0.448025
2,0.00742556,0.448025
5,0.0114414,0.448361
9,0.0168915,0.450521
15,0.0250064,0.450545
24,0.0372323,0.451224
38,0.0551901,0.464328
58,0.0802965,0.493055
88,0.117358,0.496036
131,0.171579,0.50539
190,0.250549,0.510754
279,0.364353,0.545567
407,0.529778,0.553794
595,0.76973,0.576579
882,1.11846,0.615281
1282,1.62458,0.644609
1838,2.35892,0.685285
2661,3.425,0.717557
3663,4.97311,0.728323
5068,7.21939,0.746406
6932,10.4814,0.761582
9029,15.2163,0.77606
11853,22.0907,0.782247
15629,32.0689,0.788277
20227,46.5533,0.792491
26309,67.5767,0.796838
32934,98.0971,0.799897
40701,142.396,0.805692
53036,206.692,0.805791
69469,300.002,0.809068
