0,0.0647779,0.368808
1,0.164896,0.378152
2,0.260979,0.381993
3,0.359404,0.39099
5,0.560639,0.395659
7,0.768001,0.403526
10,1.08635,0.409426
13,1.40985,0.41075
17,1.85173,0.419154
22,2.41422,0.422982
28,3.12617,0.426678
36,4.1041,0.43975
45,5.24818,0.45086
57,6.77924,0.456152
72,8.64545,0.476366
92,11.0781,0.484945
117,14.1362,0.498441
147,17.9928,0.516394
181,22.8189,0.54053
232,28.8717,0.553635
293,36.5699,0.569972
356,46.2471,0.582557
435,58.5226,0.607712
533,73.9803,0.625429
657,93.4676,0.643838
817,118.155,0.683327
1021,149.319,0.727572
1276,188.635,0.775659
1591,238.153,0.83373
1959,300.182,0.881294
