0 0.0253278 141 141 141 141 141
1 0.0542956 141 141 141 141 141
2 0.0834695 141 141 141 141 141
4 0.142891 141 141 161 141 141
6 0.203157 141 159 161 161 161
9 0.296805 161 161 161 161 161
13 0.424001 161 161 161 161 161
18 0.593055 161 161 161 161 161
24 0.822077 161 161 161 161 161
30 1.09311 161 161 161 161 161
38 1.46497 161 161 161 161 161
49 1.98508 161 161 161 161 161
63 2.66565 161 161 161 161 161
81 3.54571 161 161 161 161 161
105 4.72101 161 161 161 161 161
136 6.25278 161 161 161 161 161
177 8.2897 161 161 161 161 161
231 10.9533 161 161 161 161 161
302 14.4829 161 161 161 161 161
396 19.0848 161 161 161 161 161
494 25.1811 161 161 161 161 161
658 33.2165 161 161 161 161 161
873 43.78 161 161 161 161 161
1130 57.6739 161 161 161 161 161
1482 75.9414 161 161 161 161 161
1958 99.9862 161 161 161 161 161
2605 131.632 161 161 161 161 161
3431 173.257 161 161 161 161 161
4521 228.03 161 161 161 161 161
5965 300.045 161 161 161 161 161
