0 0.38182 168 174 153 166 112
1 0.703324 174 174 164 174 168
2 1.00918 174 174 173 173 171
3 1.31593 174 174 174 171 173
4 1.62544 171 170 167 174 173
6 2.26812 83 173 116 169 83
8 2.93777 169 169 174 147 167
11 3.90743 174 90 96 137 163
14 4.89265 174 138 172 160 166
18 6.1698 84 171 172 98 171
23 7.78142 87 174 92 174 164
29 9.76107 118 165 173 109 129
36 11.9983 174 174 161 154 94
44 14.5617 138 152 134 172 174
54 17.7536 154 169 173 173 149
66 21.6546 174 129 173 166 169
80 26.1772 165 174 172 155 174
97 31.6909 141 174 152 170 125
118 38.3733 173 158 173 119 172
143 46.3829 173 169 98 124 134
174 55.9284 83 170 168 108 174
215 67.4457 171 116 174 134 164
274 81.4532 174 174 174 174 168
353 98.182 174 174 169 170 174
456 118.305 174 174 174 174 174
574 142.599 171 174 174 174 174
627 242.818 174 174 173 167 140
890 292.611 174 174 174 133 174
931 300.063 174 174 174 174 174
