0 0.469363 23 8 8 9 27
1 1.00842 8 52 27 11 64
2 1.54102 15 23 60 53 12
3 2.07699 59 11 16 43 30
4 2.61426 28 11 63 11 65
6 3.67522 9 59 22 64 52
8 4.74453 9 15 12 60 37
10 5.80581 12 43 24 13 20
13 7.4005 11 34 18 62 12
16 8.99648 8 47 25 52 14
20 11.148 8 30 8 13 18
24 13.5751 46 14 18 56 15
29 16.231 29 35 21 12 19
35 19.4111 64 23 26 25 16
42 23.1281 18 17 8 14 15
50 27.699 39 51 52 16 51
61 33.335 16 34 16 25 31
73 39.6106 56 64 24 54 65
89 47.0409 65 46 50 50 58
123 55.8268 65 65 65 63 65
166 66.2361 59 65 65 65 65
218 78.496 65 65 65 65 65
280 92.8734 65 65 65 65 65
356 109.904 65 65 65 65 65
447 130.15 65 65 65 65 65
553 154.005 65 65 65 65 65
677 182.075 65 65 65 65 65
824 215.208 65 65 65 65 65
997 254.302 65 65 65 65 65
1200 300.165 65 65 65 65 65
