0 0.512746 27 21 65 44 39
1 0.853696 65 50 65 63 65
2 1.18338 49 64 65 59 65
3 1.47576 65 65 65 42 65
5 1.96427 65 65 65 65 65
7 2.46344 65 65 65 65 65
10 3.20537 65 65 65 65 65
13 3.99785 65 65 65 65 65
17 5.13015 65 65 65 65 65
21 6.34738 65 65 65 65 65
25 7.73832 65 65 65 65 65
30 9.56327 65 65 65 65 65
36 11.8396 65 65 65 65 65
43 14.4925 65 65 65 65 65
51 17.552 65 65 65 65 65
62 21.5062 65 65 65 65 65
75 26.0291 65 65 65 65 65
91 31.6051 65 65 65 65 65
110 38.2414 65 65 65 65 65
133 46.2312 65 65 65 65 65
160 55.9479 65 65 65 65 65
189 67.5032 65 65 65 65 65
227 81.5103 65 65 65 65 65
275 98.4227 65 65 65 65 65
332 118.729 65 65 65 65 65
399 143.327 65 65 65 65 65
480 172.684 65 65 65 65 65
574 207.8 65 65 65 65 65
690 249.936 65 65 65 65 65
867 300.112 65 65 65 65 65
