1 0.0810203
7534 6781 6860 6682
7322 7016 7340 6355
7308 6718 7491 6366
7243 6415 7529 6553
7159 6949 7433 5938
7097 6859 7501 5956
7088 6926 7064 6557
7079 7028 7257 6411
7006 6966 6957 6579
6998 6895 7519 5916
6969 7415 6846 6438
6966 7249 7068 6498
6915 6942 6998 6660
6882 6976 7498 6372
6840 6880 7009 6750
6814 6872 7540 6384
6708 6546 7144 6669
7680 7166 7160 6487
7627 6878 7379 6652
7565 6701 7023 6785
7496 6782 7477 6575
7405 6611 7090 6659
7376 6797 7143 6656
7344 6746 7109 6766
7340 6926 7227 6430
7336 7343 6948 6358
7311 6475 7594 6448
7277 6575 7522 6388
7276 7348 7319 6261
7259 6923 7163 6470
7259 6406 7538 6544
7238 7461 7226 6052
7237 6669 7691 6454
7235 7480 7391 6202
7235 6511 7026 6769
7209 6677 7511 6328
7208 6717 7577 6517
7172 7186 6685 6461
7156 7284 7436 5859
7138 6430 7241 6666
7107 7182 6759 6442
7091 7363 6867 6400
7089 7359 6892 6417
7088 7210 6762 6481
7083 6803 6759 6674
7079 6986 7405 6312
7076 6457 7398 6733
7042 6501 7403 6644
7018 6191 7453 6641
7010 7224 6893 6522
7006 7172 6758 6657
6976 7396 6796 6326
6971 7216 7015 6338
6967 6960 7565 6208
6961 6909 7030 6589
6946 7065 7393 5890
6945 7294 6834 6581
6936 6809 7413 6279
6906 7043 7170 6635
6891 7514 6963 6303
6890 6989 7265 6586
6851 7560 6754 6285
6835 6782 7058 6671
6821 7039 7230 6306
6691 6626 6652 6830
6652 7050 7646 6009
6441 7001 7354 6241
