156 2.18167
2730 3067 2756 3592
3409 2898 2638 2905
2811 3057 3444 3086
3327 3044 2571 2736
2839 3769 2929 3117
3376 2757 2683 2897
2650 3231 3403 3000
3334 2989 2591 2841
3342 2976 2584 2874
3357 2952 2689 2886
3334 2800 2644 2940
3367 2928 2666 2886
3334 2887 2626 2919
3336 2822 2696 2902
3397 2887 2676 2881
3322 2856 2647 2945
3377 2930 2705 2842
3379 2811 2635 2942
3322 2862 2735 2899
3310 3294 3004 3154
3293 3284 3040 3128
2734 3093 2740 3558
2991 3514 3223 2922
3391 2930 2715 2841
2675 3122 2875 3533
2741 2968 3378 3203
3267 3398 2963 3023
2781 2931 3367 3160
2656 3234 3406 2961
2830 3014 3426 3071
2753 3111 2778 3553
3278 3342 3043 3141
2750 3074 2686 3578
2728 3097 2761 3564
2802 3103 2668 3565
2712 3119 2736 3573
2812 3071 2807 3549
2848 3039 2766 3550
2804 3062 2816 3545
3202 3143 2798 3262
2854 3005 3357 3137
2832 3313 3010 3512
3283 3316 2954 3142
2688 3163 3355 3155
2668 3410 3129 3402
3004 3610 3101 2912
3057 3509 3239 2990
2809 3154 2722 3557
3013 3624 2865 3065
2745 3179 2713 3555
2902 3647 2831 3266
3321 3276 3011 3158
2696 3136 2784 3542
3057 3753 2915 3020
2994 3439 3258 2956
2981 3525 3225 2981
2815 2993 3343 3155
2680 3393 3037 3460
2662 3391 3099 3443
2838 3060 2804 3526
2852 3763 2872 3111
2794 2982 3387 3149
2754 3170 3307 3172
2821 3208 2856 3531
2873 2993 2825 3527
2941 3420 3298 3032
3147 3582 3041 3026
2847 3698 2907 3264
2781 3644 2898 3328
2828 3260 2945 3519
3000 3630 2994 3035
2808 3188 3393 2966
2860 3692 2850 3258
2791 3037 3430 3109
2869 3020 3333 3156
3230 3370 3128 3073
2778 2986 3410 3120
2888 3565 2847 3311
3238 3132 2945 3242
2750 3008 3336 3188
2935 3732 2931 3085
2769 3689 3009 3294
2925 3617 2968 3254
2740 3031 3431 3134
2850 3588 2924 3349
2818 3106 3436 3080
2777 3488 3067 3425
2922 3139 3167 3436
2801 3126 2728 3555
2788 3022 3360 3184
2927 3570 3204 2948
2945 3680 2820 3178
2936 3723 2835 3161
2832 3052 3375 3119
2934 3743 2821 3040
2840 3091 2783 3574
2930 3448 3313 2961
2694 3076 3416 3129
2960 3203 3055 3479
2852 3696 2886 3316
2757 3653 3046 3289
2776 3006 2730 3578
2911 3212 3264 3308
3045 3572 3154 2973
2821 3055 3398 2993
2939 3196 3285 3355
2989 3669 2824 3107
2903 3655 2897 3242
3167 3563 2977 3003
2923 3130 3204 3456
2774 3043 3366 3147
3071 3615 2988 2953
2811 3328 3028 3466
2765 3093 2780 3546
3174 3551 2961 3049
2913 3297 3053 3484
2712 3077 3438 3068
2998 3674 2858 3081
3030 3200 3015 3522
2734 3185 2821 3540
2719 3408 3116 3404
2836 3503 3133 3382
2893 3242 3073 3503
3183 3153 2791 3274
2747 3069 3417 3105
2909 3263 3294 3297
2844 3676 2989 3280
3065 3600 3043 2978
3247 3373 2971 3110
3253 3364 2979 3078
3021 3386 3063 3300
3241 3272 2984 3213
2798 3650 2974 3310
2801 3157 3350 3145
2743 3027 3350 3186
2711 3262 2765 3533
2918 3683 2918 3235
2842 3741 2870 3152
2851 3592 3036 3238
2700 3355 3162 3412
2865 3574 2940 3335
2860 3032 3389 3066
2767 3512 3105 3365
3038 3609 3031 3084
3139 3604 3013 3016
2829 3711 2841 3234
3198 3055 2791 3285
3078 3469 3241 3019
3100 3567 3059 3009
2886 3299 3247 3369
2704 3376 3035 3440
3052 3168 3085 3418
2771 3695 2959 3325
2842 3306 3000 3458
2730 3348 3015 3449
2962 3628 3013 2974
3059 3612 2969 3068
2707 3429 3114 3399
2806 3151 3406 3102
2976 3625 2902 3175
2891 3638 2982 3198
2887 3704 2977 3111
2782 3082 3382 3127
2822 3024 3317 3197
2834 3081 3321 3172
3245 3323 2930 3197
2983 3729 2892 3059
2953 3494 3194 3044
3117 3553 3078 3056
2727 3204 3421 3092
3138 3418 3197 3074
2961 3720 2975 3170
2892 3632 3075 3101
3119 3535 3081 3014
2824 3020 3395 3060
2789 3716 2972 3251
2978 3163 3111 3488
2902 3242 3052 3493
3040 3426 3209 3211
2758 3525 3091 3367
3091 3580 3107 3072
2726 3565 3033 3397
2783 3185 3371 3055
3044 3275 3301 3130
2964 3221 3224 3360
2737 3437 3011 3442
3005 3292 3318 3100
3209 3394 3106 3108
3177 3518 2923 3051
3108 3380 3214 3122
2949 3675 2883 3241
2966 3160 3168 3430
2814 3548 3069 3176
3131 3225 2964 3339
2720 3433 2984 3460
2737 3541 3005 3400
3094 3368 3094 3270
2803 3085 3353 3164
2915 3727 3007 3087
3262 3376 2957 3139
2862 3175 3313 3157
2948 3578 3036 3260
3053 3490 3217 3005
2874 3666 2998 3247
2855 3638 2976 3320
2838 3620 3054 3200
2887 3766 2890 3091
3008 3161 3210 3321
3047 3385 3169 3284
2877 3282 3026 3501
3080 3373 3238 3077
2984 3481 3108 3233
2837 3673 3018 3218
3225 3249 3146 3097
3265 3358 3008 3121
2982 3674 2840 3118
3127 3415 3153 3160
3024 3350 3251 3134
2893 3044 3344 3106
2966 3204 3093 3454
2773 3315 2915 3475
3188 3555 3029 2976
2961 3214 2944 3462
3144 3386 3206 3012
3067 3413 3177 3182
3221 3435 3019 3133
3006 3311 3160 3303
2865 3290 3279 3240
3183 3473 3021 3046
2973 3407 3211 3253
3185 3499 3024 3030
2818 3303 3164 3445
3178 3133 2883 3379
3169 3444 3103 3135
2749 3623 2997 3363
2875 3108 3295 3286
2785 3086 2832 3541
2810 3104 3340 3114
3166 3520 3123 3128
3192 3504 2910 3051
2788 3109 2791 3534
3179 3445 3103 3062
2940 3601 3073 3090
3159 3546 3100 3006
3062 3173 3020 3432
2914 3229 3233 3391
3157 3402 3169 3186
3061 3412 3265 3054
2775 3254 3376 3143
3083 3453 3174 3160
2788 3748 2980 3188
2773 3147 3413 3154
2803 3164 3328 3157
3049 3318 3277 3104
2958 3227 3162 3495
2891 3463 3175 3225
2910 3738 2955 3230
3077 3596 3111 3059
3181 3344 3029 3224
3088 3441 3196 3081
2977 3544 2992 3120
2870 3664 3035 3245
2918 3522 3088 3222
3179 3507 3113 3048
2762 3600 3062 3208
3260 3434 2947 3021
3033 3585 3135 3021
2895 3326 3024 3436
3180 3116 2912 3262
3134 3464 3050 3143
2752 3393 3200 3313
3072 3418 3157 3235
3228 3459 2945 3045
3087 3366 3231 3129
3214 3447 2950 3113
3205 3322 3117 3180
2872 3658 3002 3213
3090 3312 3255 3173
2907 3296 3158 3474
2866 3565 2948 3354
3152 3332 3227 3033
3219 3486 3072 3013
2702 3556 3037 3380
2928 3153 3325 3052
3074 3257 2996 3351
3107 3390 3191 3151
2881 3293 3207 3370
2884 3245 3288 3350
2918 3661 2966 3187
2789 3103 3385 3115
3154 3474 3131 3056
2795 3709 2985 3167
3097 3529 3154 2995
3040 3357 3170 3276
3216 3274 3086 3209
2898 3483 3177 3168
3200 3307 3155 3096
2879 3270 3188 3393
2898 3191 3327 3106
3176 3460 3061 3131
3141 3204 3083 3286
2978 3500 3242 2998
2783 3317 2978 3470
2996 3517 3026 3251
2927 3243 3032 3499
3018 3497 3004 3288
3164 3478 3128 3067
2857 3340 2951 3433
2827 3146 3394 3065
3113 3135 2888 3396
2972 3552 2936 3175
2777 3531 3039 3371
2882 3679 2988 3272
2856 3672 2990 3231
2957 3480 2917 3346
2954 3149 3338 3041
2861 3285 3180 3393
2805 3247 3259 3362
3055 3125 3185 3319
3110 3194 3053 3339
2796 3744 2944 3130
2872 3117 3323 3116
3255 3370 3048 3059
2771 3047 3379 3157
2910 3199 3231 3405
2902 3681 2913 3248
2969 3456 3095 3318
3054 3533 3115 3042
3170 3434 3072 3125
2936 3725 2939 3095
2949 3539 3145 3083
2906 3288 3190 3381
3035 3320 3235 3228
3195 3174 3152 3107
3043 3362 3268 3091
2956 3262 3099 3469
3122 3408 3098 3206
2779 3496 3139 3262
3123 3501 3168 3167
2847 3298 2923 3450
3104 3338 3086 3279
2987 3362 3027 3408
2863 3367 3094 3338
2937 3348 3108 3334
3063 3265 3149 3358
3112 3409 3129 3228
3198 3428 3135 3093
2905 3245 3232 3444
2858 3353 3121 3364
3096 3215 3079 3307
3032 3312 3281 3147
2970 3673 2905 3134
2871 3423 3075 3423
3136 3214 3030 3336
3120 3217 3008 3357
2760 3375 3163 3398
3015 3255 3074 3409
2792 3493 3101 3390
3102 3404 3194 3214
2967 3369 3244 3159
2822 3250 3084 3498
3051 3466 3191 3194
2787 3711 2987 3243
2957 3567 2953 3192
2838 3334 3125 3415
2997 3423 3202 3259
3160 3121 3038 3312
3025 3219 3147 3401
2931 3240 3137 3412
3012 3336 3251 3143
2987 3142 3226 3331
2799 3595 2969 3356
2918 3191 3305 3204
3016 3376 3273 3105
2728 3076 3401 3156
2870 3280 3179 3446
2876 3231 3339 3057
2848 3691 3001 3216
2787 3511 3049 3415
3162 3309 3073 3203
3258 3297 3063 3131
2929 3302 3110 3400
2834 3166 2779 3542
3017 3537 3055 3126
2807 3332 3150 3325
3071 3472 3068 3184
2849 3048 2729 3546
2782 3384 3159 3374
3001 3447 3234 3166
3061 3559 3141 3030
3084 3458 3188 3104
3222 3386 3137 3146
3210 3408 3076 3124
2916 3674 2937 3214
2795 3207 3286 3434
3114 3493 3185 3117
3150 3426 3161 3085
2906 3237 3243 3346
3145 3100 2964 3356
3191 3551 3013 3028
2868 3410 3086 3352
2825 3298 3182 3394
3155 3430 3148 3153
2876 3686 2974 3171
2992 3312 3291 3121
2820 3460 3126 3396
3049 3458 3116 3221
3019 3158 3226 3271
3003 3378 3220 3193
3070 3468 3177 3122
2975 3370 3256 3112
2908 3339 3292 3139
3026 3356 3090 3311
3189 3365 3189 3108
3226 3457 2965 3095
2870 3737 2958 3198
3028 3447 3228 3159
3009 3604 3114 3008
3101 3427 3122 3224
3028 3189 3120 3377
2946 3417 3218 3241
3031 3530 3119 3177
3053 3406 3236 3190
3016 3484 3087 3305
3088 3363 3167 3257
2804 3272 3217 3387
3075 3296 3221 3201
2795 3392 3143 3389
2947 3451 3040 3340
2968 3239 3087 3420
3158 3186 3026 3302
2971 3190 3045 3461
3098 3320 3199 3149
2784 3713 2991 3289
3142 3388 3183 3157
2950 3282 3260 3262
3000 3475 3149 3292
3145 3201 2979 3332
2974 3476 3041 3326
2983 3181 3172 3375
3032 3558 3173 3049
2874 3257 3248 3377
2954 3325 3140 3301
2745 3088 3338 3167
3109 3210 3179 3171
3076 3361 3209 3155
2808 3268 3352 3078
2786 3090 3392 3122
3075 3399 3201 3162
2981 3182 3171 3395
3083 3251 3094 3343
2958 3589 3034 3126
3206 3417 3097 3167
2901 3504 3141 3181
2809 3606 2990 3343
2950 3430 3172 3275
3010 3297 3241 3217
3193 3496 2981 3141
3201 3423 3057 3082
3066 3408 3272 3068
3000 3204 3155 3385
2761 3368 3152 3420
3098 3405 3141 3205
2932 3221 3187 3424
3130 3220 2948 3345
2845 3713 2982 3225
3186 3351 3143 3129
3128 3432 3073 3196
3136 3162 2954 3345
2965 3279 3210 3361
3034 3449 3201 3174
2808 3303 3250 3342
3163 3431 3070 3173
2883 3535 3089 3151
3212 3378 3071 3152
2969 3216 3159 3410
2782 3119 2729 3543
3105 3278 3040 3341
3046 3421 3202 3180
2919 3371 3075 3330
3100 3265 2971 3368
2972 3450 3096 3307
2971 3352 3289 3092
2974 3267 3074 3435
3105 3381 3220 3139
3080 3434 3201 3098
2920 3158 3237 3356
3217 3339 3109 3177
3161 3338 3202 3136
3143 3353 3181 3123
3055 3376 3268 3082
3050 3465 3221 3123
3212 3314 3163 3086
2959 3290 3113 3445
2786 3327 3187 3329
2915 3485 3151 3175
3054 3495 3136 3177
3151 3528 3155 3139
2979 3261 3159 3400
3060 3417 3178 3203
