315 24.4168
7356 8515 8609 7685
7770 7670 8469 8639
8574 7257 8701 7715
8050 8497 8823 6841
8029 9123 8143 7507
8860 7896 8446 7240
7871 7901 9344 7595
8206 7858 7748 8348
8468 7385 8900 7842
8686 7309 8553 7735
8159 8116 7773 8304
7549 7455 8934 8207
8370 8607 8545 6937
8464 8845 8099 6963
8081 8499 7834 8080
8026 8598 8733 6887
8380 8450 8464 6998
7391 8453 8599 7805
8043 8747 8599 6875
7599 8018 9056 7945
7416 8552 8587 7697
8034 9078 8268 7345
7876 8000 9069 8139
8821 7987 8359 7256
7578 8510 8689 7470
8852 8200 8299 7248
8032 9074 7988 7695
7468 7818 8979 8143
7932 8836 7975 7846
8447 8803 8133 7058
8043 8760 7899 7913
8756 8256 8339 7202
7613 8121 8693 8177
7398 8476 8596 7799
8616 8610 8028 7138
7903 8004 9249 7545
8114 8936 7946 7723
7792 7915 9330 7595
7515 8086 8790 8116
8272 8548 8018 7828
7439 8465 8636 7691
8556 8666 8117 7165
8180 8914 8303 7440
8087 9057 8182 7431
8656 8645 8102 7041
8802 8174 8400 7418
7884 7909 9277 7511
7530 8517 8536 7834
8833 7926 8380 7249
8205 8047 9030 7635
7955 8713 7868 7984
7904 9023 8290 7297
7815 7850 9315 7633
8705 8316 8355 7235
8439 8575 8445 7101
8381 8827 8008 7218
7895 8497 7964 8023
8290 8814 7987 7672
8622 8683 8218 7128
7846 7889 9340 7610
8827 7970 8368 7195
7839 8092 8035 8368
7824 7735 8622 8563
8772 8490 8267 7262
8277 8251 8856 7326
7790 7662 9005 8194
7891 7979 9262 7598
7928 8949 8413 7448
7500 8353 8678 7835
8736 8727 8061 7069
8563 8686 8168 7064
7868 7760 8665 8501
8377 7562 8944 7939
8696 8321 8324 7260
7758 7774 9189 8099
7796 8031 7883 8510
8407 7540 8921 7909
8139 8928 8048 7756
7968 8821 7955 7915
7478 8507 8587 7700
8700 8496 8122 7315
8097 8571 7909 8039
7755 7778 9194 8057
8520 7864 8685 7352
8553 8587 8284 7033
8084 8240 8774 7358
8792 8259 8257 7239
7832 8457 8805 7086
7457 8492 8605 7767
7533 7781 8985 8155
7677 7571 8893 8334
8348 8430 7850 7916
7940 8370 8229 8033
7871 7905 9235 7681
8647 7475 8617 7654
7509 8438 8632 7880
7725 7704 8488 8612
8110 8268 8968 7253
7898 8078 8586 8377
8479 8333 8420 7678
8783 8382 8206 7388
8125 8387 8152 8212
8501 7509 8912 7587
8374 8622 8002 7713
8258 8465 8662 7015
8748 8273 8454 7617
8716 8143 8472 7582
7856 7715 8611 8584
8152 7682 9089 7867
8643 7554 8568 7882
8551 7468 8635 7760
8515 7498 8841 7683
7557 8068 8698 8225
8723 8313 8319 7280
8099 8984 8085 7532
7591 7598 8834 8337
8102 7632 9210 7821
8135 7963 8591 8107
8545 7693 8868 7562
8719 8297 8332 7153
8358 7575 8999 7904
7718 8225 8996 7334
8460 7504 8713 7799
7908 8343 8203 8223
7851 7791 8532 8588
8742 8367 8175 7505
8169 8765 8495 7148
7924 7732 8708 8459
7776 7756 9183 8018
8669 8607 8234 7178
8294 8105 8954 7517
7659 7828 9117 8071
8775 8441 8314 7417
8635 8475 8350 7156
8442 7520 8780 7805
8059 7990 9135 7745
8018 8230 8309 8282
8066 8560 8213 7942
8688 8455 8202 7304
7761 7843 8641 8446
7998 7918 8267 8425
8652 7526 8755 7648
7962 8458 7858 8156
8168 8853 8341 7267
8162 7620 8474 8414
7588 8696 8114 7863
8472 8529 8339 7045
7779 8083 8442 8383
8340 8733 8529 7173
8039 9037 8197 7337
7655 7805 8821 8350
8663 8643 8176 7114
8366 8420 8533 7144
8537 7875 8436 7934
8242 8330 8431 7954
7694 7655 8582 8619
7485 8118 8739 8134
7913 7688 8477 8571
7620 7793 8937 8169
8148 7885 9229 7561
8324 7749 8875 7785
8595 7838 8767 7662
7972 7609 8885 8242
7440 8537 8582 7805
8236 8127 8963 7408
8675 7682 8608 7718
8337 8668 7936 7739
8058 8999 8074 7728
7951 7870 8506 8397
7900 8150 9175 7692
8025 8039 9040 8005
8155 8961 8111 7503
8799 8190 8364 7349
8548 8711 8082 7025
8417 8220 8575 7780
7976 8348 8288 8190
8123 8923 8055 7529
7836 7764 9165 8049
7936 8339 8708 8065
7739 8012 8904 8096
7566 8530 8700 7300
8056 7600 8411 8474
8504 8623 8244 7074
7632 7849 8757 8405
7957 8112 9109 7566
7700 7990 8735 8362
8173 8851 8389 7228
8092 8700 8541 7325
7766 7811 9298 7683
8250 8680 8220 7568
8195 7963 9020 7858
8215 8841 8316 7397
7668 8270 8540 8199
7730 7739 9201 8037
8579 8416 8210 7436
7945 7932 8484 8300
8497 8293 8552 7898
8319 8884 8216 7411
7747 8060 8887 8161
7798 8088 8939 8070
8030 9050 8064 7674
8353 8566 8285 7623
8315 8797 8124 7639
7730 7796 8702 8466
8307 7911 8366 8233
8062 7725 8851 8237
7970 7755 8597 8490
8045 8996 8043 7782
8731 8584 8269 7110
8583 8307 8644 7742
8037 7927 8797 8342
8327 8232 8190 7946
7763 8188 8795 8011
7879 9005 8297 7516
7955 7489 9148 7857
7916 8394 8663 8113
8209 8910 8248 7401
8408 8020 8629 7970
7752 8211 8881 7894
7861 8859 8208 7556
7819 8479 8674 7619
8287 8865 8093 7458
8157 8056 8657 8026
8255 8751 8547 7311
7838 8876 8425 7577
7933 7869 8280 8453
7843 8069 8979 7927
8144 7953 8771 7993
7691 8132 8526 8267
8632 7510 8605 7871
7952 8388 8838 7276
8054 7797 8242 8521
8083 8976 8003 7744
7545 8633 8559 7743
8122 8540 7919 7999
8120 8953 8088 7703
7872 7859 9314 7582
8486 7994 8406 7921
8602 7794 8711 7589
8150 8167 9046 7725
8248 7643 8803 7975
7841 7891 8639 8436
8406 8641 8058 7460
7828 9041 8193 7474
8283 8409 8565 7851
8533 7548 8813 7666
7637 8590 8669 7376
7898 7916 9265 7605
8130 7679 8507 8328
8104 7833 9014 8041
7807 8008 8816 8190
7705 7891 8685 8514
7957 8707 7923 7928
7965 8482 7844 8082
8360 8657 8183 7209
7955 8944 8426 7423
8126 7846 9098 7789
8186 8484 7887 7971
8638 8498 8161 7366
8394 8108 8853 7627
7769 7784 8451 8625
8455 7757 8428 8053
8434 7458 8784 7811
8440 8444 8629 7121
8314 8004 8293 8128
8006 8081 8459 8288
7992 8784 8393 7592
7720 7793 8618 8596
8191 8551 7915 7961
8345 8719 8579 7185
8195 8286 8859 7080
8213 8777 8136 7599
8068 7850 9122 8039
8298 7807 8185 8276
8080 7786 9152 7840
8101 9019 8012 7702
8533 7482 8634 7843
8282 8125 8520 8015
8140 8399 8513 7980
7795 7801 8540 8553
8379 8742 8219 7183
8254 8925 8130 7464
8332 7924 8753 8061
8528 7981 8638 7876
8197 8810 8466 7075
8104 8081 9079 7889
8070 7594 9139 8040
7948 8702 8379 7707
8139 7815 8993 8046
8568 8245 8489 7890
8608 8159 8501 7793
8613 7588 8587 7734
7802 7739 8536 8598
7923 7972 8584 8530
7919 8263 8933 7462
8047 7835 9208 7650
7885 7826 9171 7971
8142 7585 8461 8430
8347 7577 8976 7916
8022 8603 7929 8042
8075 7630 8776 8248
8115 7648 8886 8087
8321 8673 8252 7522
7538 8264 8784 7669
7978 8806 8337 7537
7986 8596 8646 7382
8140 9012 8375 7341
8447 8288 8651 7642
7675 7772 8740 8417
8237 7725 8515 8178
8383 8025 7950 8122
7710 7746 8612 8609
7457 8462 8616 7777
7930 8148 8833 7776
7544 8406 8613 7749
7570 8612 8611 7450
7969 8893 8107 7771
8176 8175 8898 7291
8051 8535 8670 7481
8415 8153 8760 7677
8146 8204 8090 8312
7485 8469 8562 7887
8222 8051 9050 7628
8400 8655 7930 7458
8475 8101 8157 8087
8499 7697 8994 7790
7693 7758 8476 8632
8024 8832 8232 7710
8306 8024 8747 7728
8269 8583 8296 7543
8368 8698 8039 7520
8031 7782 9217 7837
8204 7711 9005 7885
8017 8970 8456 7376
7825 7799 8500 8542
7864 7916 9307 7632
8230 8281 8957 7109
7794 8792 8261 7645
8073 8194 8905 7390
8219 8578 8678 7378
7894 7737 8928 8174
8187 8296 8808 7198
7884 8772 8440 7493
8681 8481 8197 7385
8426 8322 8730 7656
8431 8374 8489 7686
8265 8729 8278 7204
7724 7995 8725 8253
8402 8625 8322 7020
8084 7936 8676 8293
7984 7917 8829 8310
7958 8019 8517 8182
8118 8863 8068 7841
7995 8309 8271 8133
8628 8445 8521 7391
8263 8626 8320 7516
8179 7656 8139 8394
8536 7626 8490 7818
8223 8790 8278 7541
8189 8052 9084 7643
7649 7908 8761 8359
8260 7958 8367 8060
8088 7866 9161 7749
7934 7711 8601 8545
8489 8513 8329 7449
8227 7856 8276 8246
8095 7808 9287 7816
7752 7638 8895 8195
8513 7791 8819 7631
8067 7688 8529 8391
7759 7976 8546 8488
8128 9045 8195 7395
8618 8042 8720 7284
8388 8621 8127 7574
7969 7950 8259 8469
8590 8160 8446 7770
8334 8054 8511 7957
7990 8674 8467 7537
7768 8033 8446 8481
8363 8469 8611 7246
8402 7531 8945 7887
8014 7845 8859 8318
8192 8776 8383 7571
7550 8498 8493 7797
8578 8030 8682 7754
8107 8384 8837 7221
8009 8756 8559 7454
7685 8157 8476 8258
8152 8171 8889 7606
7749 8025 8634 8166
8088 7878 9144 7963
8493 8368 8438 7421
8027 8503 8786 7489
8422 7900 8766 7618
7863 7802 8680 8357
8106 8377 8828 7249
7964 8425 8312 7937
8165 8659 8582 7104
8133 7668 8478 8259
8185 8487 8696 7286
8112 7745 9222 7798
7861 7734 8578 8608
7772 7841 9293 7685
7775 7941 8844 8148
8134 7743 8352 8321
8040 8650 8600 7510
7641 8181 8613 8176
7810 8447 8742 7737
7947 8900 8114 7833
8123 8526 8656 7387
8136 8161 8570 7861
7782 8368 8791 7646
8023 7582 8429 8578
8035 8276 8191 8263
8330 8201 8433 7997
8031 8992 8254 7383
7724 7675 8711 8478
8176 8896 8077 7549
8246 8164 8237 8077
7735 7771 8556 8579
8387 7965 8116 8254
7661 7880 8728 8512
8184 8907 8236 7488
8392 8682 7933 7560
7781 7855 8522 8536
7960 8315 7837 8349
8140 7729 9105 7874
8099 8849 8344 7487
8003 8600 8569 7763
8161 8871 8184 7498
8085 8735 8348 7609
7941 7547 8894 8344
8201 7835 8360 8268
8202 8963 8234 7495
7865 8682 8400 7550
7629 8644 8716 7232
8234 7611 8870 7936
7870 7857 8846 8306
8095 8536 8022 7906
7671 8067 8636 8257
8023 8215 8785 7989
8354 8602 8153 7371
7973 8326 8238 8229
7635 7831 8394 8538
8026 8218 8926 7368
7626 8506 8473 7948
8035 8044 8866 7967
7665 8882 8241 7592
7939 7642 8396 8531
8526 8043 8583 7830
7967 7628 8364 8506
8158 8039 8524 8007
8233 7919 8918 8075
8149 8354 8154 8002
8049 7839 9155 7806
8662 7945 8385 7778
8122 8331 8738 7189
8061 8554 8293 7661
8094 8082 9103 7920
7907 7896 9289 7677
7831 8183 8603 8118
7802 8531 8683 7548
7943 8642 8410 7614
8124 8265 8863 7339
8488 8324 8166 7657
8011 8616 8480 7582
8060 7812 9170 7849
7892 8305 8140 8297
7841 8158 8337 8273
8209 7820 8200 8326
8317 8664 8511 7476
7993 8197 8762 8084
8170 8359 8614 7812
7774 7707 8957 8151
8339 8062 8386 8054
7646 8247 8723 8123
8112 7848 8286 8410
8145 8096 8719 7764
7854 8528 8307 7882
8127 8890 8246 7453
8084 8362 8652 7452
8258 8724 8388 7557
7823 8753 8585 7601
7666 8248 8743 8050
7961 7904 8917 8152
8228 8281 8406 8229
8353 8669 8170 7668
7939 8464 8716 7527
7996 8353 8451 7984
8074 8099 8764 7855
8121 8688 8481 7344
7716 8496 8605 7631
7680 8005 8741 8195
8053 8392 8640 7478
8080 7822 9147 7807
8086 8692 8206 7630
8143 7945 8637 8092
7734 8302 8551 8147
8251 8304 8081 7931
8609 8133 8550 7811
