128 1.34326
9279 8485 8272
8722 8799 8683
8727 8747 8670
8885 8734 8569
8771 9021 8462
8978 8872 8452
9273 8536 8304
8640 9066 8552
8655 9053 8563
8617 9075 8548
8597 8723 8785
9195 8752 8354
8327 9001 8721
9229 8529 8346
8765 8898 8595
8681 9281 8245
9264 8622 8263
9263 8644 8285
9078 8776 8448
8545 8877 8719
9029 8726 8559
8747 8888 8635
8655 8865 8677
9121 8780 8355
8794 9092 8406
8617 9294 8269
8539 8775 8774
9104 8760 8367
8742 8807 8656
8625 8839 8684
9231 8472 8396
8997 8968 8391
8545 9041 8635
9014 8867 8447
8907 8907 8497
8558 9245 8369
9232 8512 8335
8858 9195 8146
8363 9398 8293
9311 8635 8173
8699 8929 8587
9326 8436 8264
8713 8924 8596
8990 8850 8464
8751 9006 8580
8691 8642 8775
8467 9326 8271
8452 9235 8405
9051 8457 8622
8779 8940 8571
8707 8810 8645
8499 9247 8366
9243 8494 8357
9001 8878 8429
8966 8987 8386
8823 9179 8299
8571 8791 8754
9219 8956 8150
8658 8923 8675
8475 8981 8715
8973 8920 8430
8907 8652 8598
8771 9055 8452
8634 9293 8186
9325 8701 8118
9098 8858 8447
9030 8952 8321
9017 8521 8612
8777 8744 8707
8506 9274 8351
8393 9026 8683
8358 9358 8312
9301 8654 8127
9146 8529 8523
9016 8776 8542
8837 8889 8628
8744 9148 8434
8706 9232 8284
8651 9191 8400
8525 9200 8428
8326 8922 8765
9398 8578 8131
9138 8463 8548
9130 8831 8342
9098 9011 8238
8975 8828 8508
8929 8951 8430
8863 8842 8637
8848 9038 8459
8758 9199 8347
8366 9396 8216
9282 8401 8332
9265 8661 8217
9021 9051 8190
8935 8924 8446
8916 8965 8468
8841 9104 8317
9247 8683 8327
9192 8908 8205
8959 8979 8407
8934 8642 8621
8894 8623 8663
8560 9147 8484
8972 8617 8591
8828 9088 8450
8671 8893 8673
8604 9301 8253
9226 8649 8421
9148 8844 8210
9069 9022 8168
8826 9131 8278
8757 8912 8586
8604 9304 8204
8569 9225 8389
8381 9093 8699
8307 9435 8153
8005 9493 8205
9233 8502 8353
9149 8960 8175
9126 8834 8277
9120 8995 8230
9017 8500 8662
8899 8711 8605
8582 9125 8506
8580 9259 8360
8542 9108 8581
8378 9239 8503
8336 8888 8781
8308 9419 8125
7982 9498 8159
8812 9182 8188
8495 9287 8349
8454 8938 8730
8436 9478 7972
8411 9371 8309
8393 9248 8455
8376 9260 8520
8202 9448 8142
9305 8747 8101
8929 8915 8493
8841 9142 8276
8747 9203 8267
8441 9267 8419
8435 9273 8376
9064 8904 8402
8917 9049 8433
8680 9020 8556
8677 8836 8698
8227 9388 8326
9385 8627 8027
9277 8397 8368
9145 8714 8413
9125 8722 8356
8956 8947 8428
8552 9070 8592
8428 9335 8372
8316 9220 8543
8136 9504 8102
9381 8697 8117
9334 8628 8198
9313 8572 8221
9280 8629 8249
9122 8896 8273
9022 8751 8492
8998 8832 8466
8953 8778 8541
8887 8934 8554
8879 9237 8089
8846 9119 8284
8801 9224 8234
8513 9215 8494
8435 9512 7958
9274 8647 8248
9267 8728 8148
9028 9036 8156
8919 8855 8532
8346 8562 8876
8275 8899 8778
9256 8593 8331
9004 8964 8358
8754 9162 8387
8741 9175 8383
8720 9216 8330
8632 9299 8261
8426 8919 8739
9405 8556 8241
9159 8680 8372
8663 9391 8119
8263 9396 8325
7991 9528 8104
9124 8866 8338
9096 8529 8608
8770 8990 8500
8568 9490 7937
8526 8881 8754
8402 8876 8803
9259 8426 8345
9070 8947 8262
9000 9099 7991
8899 8968 8545
8704 9056 8550
8656 9222 8356
8488 8888 8753
9317 8841 8084
9067 8492 8613
8900 8896 8513
8783 8742 8652
8601 9123 8578
8580 9194 8366
8567 8733 8759
8513 9103 8658
8496 9217 8520
8377 9115 8649
8207 9499 8015
9316 8294 8350
9054 8954 8260
8771 9162 8334
8747 9292 8216
8680 9287 8347
8481 8811 8812
8479 9221 8485
8465 9467 7963
8186 9466 8264
9272 8541 8269
9247 8720 8284
9049 8669 8551
9046 9092 7933
8903 8975 8502
8651 8693 8820
8546 9453 8073
8463 9161 8615
8418 9218 8486
8382 8654 8839
8366 9255 8530
8094 8928 8737
9424 8451 8145
9346 8745 8059
9221 8890 8143
9001 9070 8027
8875 8823 8562
8871 9157 8210
8746 8681 8752
8589 9420 8081
8572 9413 8201
8455 9374 8291
8406 9128 8643
8326 8881 8789
8082 9483 8107
9074 8831 8462
8922 8958 8458
8637 9361 8139
8590 9024 8609
8579 9340 8212
8508 9309 8330
8451 9133 8617
8422 8984 8689
8304 9378 8320
9344 8611 8201
9298 8633 8220
9044 9112 7958
9028 8937 8425
9017 9026 8293
8952 8873 8478
8896 9170 8101
8847 9203 8131
8562 9008 8620
8500 9187 8583
8131 8871 8808
9304 8369 8304
9023 9062 8111
8947 8416 8670
8935 9010 8382
8765 9291 8186
8745 9375 8098
8672 8808 8743
8622 8777 8751
8535 8776 8784
8513 8636 8826
8243 9330 8513
9254 8642 8290
9166 8700 8363
9148 8640 8434
9038 9032 8144
8999 9077 8010
8994 9136 7951
8979 9153 8241
8971 8686 8573
8880 8731 8665
8832 8764 8638
8769 9089 8541
8658 8664 8785
8618 9443 7910
8611 9452 7955
8496 8884 8710
8407 9491 7985
8260 9383 8412
8178 9452 8336
9237 8823 8313
8750 9142 8408
8705 9244 8298
8670 8994 8625
8597 9379 8128
8542 9127 8535
8529 9145 8579
8462 8912 8777
8460 9477 7954
7951 9473 8225
9331 8365 8300
9327 8820 8074
9174 8972 8145
9050 8622 8586
8926 8544 8670
8634 9400 7999
8631 9441 8074
8603 9325 8241
8584 9431 8103
8470 8857 8832
8291 9246 8538
8228 9443 8289
8196 9317 8520
8129 9507 8095
9319 8703 8088
9266 8815 8202
9174 8517 8485
9133 8647 8493
8931 9102 8359
8760 9111 8362
8712 9344 8184
8686 9182 8476
8507 9518 7943
8471 9342 8244
8202 9418 8471
9308 8592 8229
9267 8768 8123
9264 8901 8115
9098 8661 8512
8767 8702 8735
8730 8397 8788
8429 9523 7934
8248 9384 8328
8225 9393 8346
9366 8304 8311
9300 8718 8136
9175 8171 8439
8980 9065 8077
8836 9297 8073
8817 9301 8076
8769 8548 8755
8628 8965 8664
8622 9415 8089
8388 9533 7959
8380 9272 8402
8367 9352 8469
8263 9544 7838
9319 8598 8209
9196 8686 8366
9140 8718 8393
9131 8606 8528
9103 8558 8563
9085 8723 8519
8871 8732 8679
8682 8930 8636
8560 8815 8768
8306 9425 8207
8285 9229 8618
8070 9451 8352
