381 0.685345
30178 29963 29473 29650
29611 29357 29714 29980
30327 29081 30039 29678
30165 29945 29901 29382
30401 29550 30026 29914
30458 29416 29694 29751
29903 30151 29688 29797
30345 29623 29739 29694
30091 30085 29823 29573
30584 29965 29623 29504
30188 29312 29690 30137
30383 29620 29665 29663
30247 29722 30003 29902
29887 29876 29701 29913
30345 29902 29647 29563
30312 29561 29666 30066
29871 30045 30037 29455
30011 30030 29842 29736
30415 29844 29569 29904
29932 29580 29992 29972
30132 29516 29938 29966
30278 29706 30138 29824
29858 29665 29598 29999
30063 29910 30105 29837
