107 3.62705
15399 15786 15579
15412 15766 15581
15249 16200 15688
15297 16168 15554
15294 16079 15650
15290 16143 15626
15347 15781 15972
15366 16323 15447
15337 15820 15986
15316 15758 16002
15469 15699 15626
15396 15747 15798
15353 15704 16020
15154 16273 15612
15358 16157 15547
15240 16270 15526
15440 15733 15717
15180 16423 15454
15358 16329 15495
15243 16262 15758
15317 16031 15654
15151 16279 15653
15217 16264 15689
15234 16381 15524
15268 16170 15573
15151 16436 15536
15392 15790 15697
15381 15831 15602
15172 16342 15599
15146 16465 15660
15259 16406 15482
15147 16346 15794
15384 15562 16078
14693 16632 15980
15393 15653 15982
15175 16139 15832
15307 15587 16089
14837 16855 15191
15329 16015 15737
14769 16464 16148
14662 16657 15969
15307 16036 15816
15121 16159 16568
14733 16834 15663
15165 16108 16552
14890 16800 15168
14849 16479 15992
14773 16525 15914
15458 15240 16399
15162 16601 15230
14712 16601 15915
14632 16722 16088
15022 16249 16472
14634 16707 16065
15089 16229 16491
15074 16502 15448
15008 16513 15638
14891 16432 15983
14797 16839 15409
14672 16650 15938
15411 15407 16490
15182 16445 15390
15180 16542 15154
15144 16292 16447
15448 15363 16409
15394 15475 16412
15249 16436 15397
15177 16596 14977
15159 16205 16464
15098 16188 16650
15022 16139 16696
14955 16636 15571
14813 16741 15544
14812 16511 16027
14794 16848 15409
14681 16711 15877
15379 15994 15878
15220 16531 15086
15200 15970 16621
15108 16508 15383
15107 16026 16624
14946 16740 15560
14806 16790 15854
14791 16903 15405
14507 16808 15985
14467 16611 16116
15316 16436 15132
15289 16098 16614
15150 16313 16000
15115 16103 16584
15109 16781 15357
15072 16038 16653
15007 16634 15750
14996 16405 16525
14871 16833 15487
14839 16659 15751
14799 16969 15330
14799 16811 15500
14759 16582 16001
14372 16927 15740
15432 15436 16339
15342 15472 16437
15248 15211 16653
15155 16447 15376
15133 15140 16787
15129 16136 16546
15069 16227 16615
15064 16699 15503
15047 16108 16675
14969 16621 15904
14858 16682 15737
14843 16851 15385
15450 15320 16372
15423 15433 16363
15335 15561 16404
15303 16075 16380
15243 16514 15025
15235 15914 16637
15190 16004 16756
15165 15131 16775
15073 16204 16556
15072 16797 15481
15064 15165 16785
15030 16234 16502
15011 16287 16570
15010 15194 16820
14791 17004 15306
14787 16931 15427
14769 16900 15428
14654 16871 15885
