19 0.267673
3345 3216 3441
3344 3332 3388
3408 3440 3322
3469 3422 3097
3436 3419 3223
3434 3450 3063
3429 3445 3160
3414 3474 3122
3462 3418 3219
3423 3311 3431
3128 3230 3669
3491 3387 3152
3312 3402 3388
3161 3180 3674
3159 3186 3679
3132 3177 3686
3684 3249 3293
3443 3405 3255
3435 3332 3307
3425 3418 3235
3406 3402 3356
3405 3423 3328
3401 3372 3367
3354 3382 3383
3329 3391 3484
3164 3764 3188
3416 3384 3328
3336 3660 3271
3167 3169 3672
3135 3211 3675
3674 3292 3274
3274 3425 3449
3129 3708 3230
3114 3206 3701
3690 3298 3216
3653 3328 3338
3426 3360 3303
3326 3671 3189
3319 3577 3286
3282 3699 3278
3238 3460 3448
3739 3280 3175
3702 3265 3187
3602 3368 3227
3599 3334 3284
3592 3354 3279
3543 3379 3271
3431 3385 3282
3338 3330 3497
3232 3718 3204
3218 3508 3414
3180 3638 3361
3164 3587 3399
3137 3222 3668
3098 3661 3412
3710 3293 3164
3702 3312 3157
3335 3350 3458
3217 3531 3401
3198 3537 3414
3186 3498 3416
3170 3653 3387
3143 3605 3418
3121 3643 3395
3109 3235 3661
3093 3550 3444
3673 3335 3183
3643 3334 3235
3283 3380 3571
3235 3733 3184
3211 3593 3388
3152 3591 3390
3151 3546 3403
3695 3258 3209
3636 3347 3145
3629 3359 3173
3623 3360 3177
3541 3384 3300
3320 3401 3500
3318 3317 3555
3300 3278 3652
3299 3299 3572
3293 3665 3360
3279 3534 3371
3268 3590 3379
3265 3609 3380
3243 3495 3407
3225 3474 3528
3208 3281 3647
3207 3355 3592
3111 3554 3442
3620 3361 3212
3394 3551 3368
3334 3194 3553
3310 3383 3530
3300 3384 3521
3265 3493 3381
3258 3442 3508
3246 3331 3624
3230 3432 3546
