19 1.66336
29322 30031 28837
29140 30013 28892
30235 29125 28653
29659 29055 29390
28934 30097 29230
28733 30712 28725
29483 29975 28940
29018 29133 29444
30233 28983 29426
29932 29562 29127
29891 29584 29238
29870 29744 28612
29575 29697 28659
29512 29886 28710
29507 31073 28168
29177 30066 28826
29062 30837 28636
28872 30356 29372
28857 29665 29622
28718 30239 29462
28248 29025 29849
29647 29628 28657
29510 29785 29202
29507 29918 28946
29477 30218 28794
29435 30249 28504
29409 29821 28987
29384 28276 29463
29341 29871 28978
29247 30329 28344
29079 29939 29040
29059 28185 29491
29001 29690 29511
28995 30041 29449
28909 30499 28853
28893 29741 29530
28332 30326 29535
