11 1.52151
13780 14193 15147 13895
15147 14545 14139 14233
14873 14588 14099 14655
14825 14789 14489 14264
14370 14439 14672 13694
14215 13808 14780 13928
13896 13654 14778 14578
13813 14284 15080 13922
15007 14823 14331 14203
14935 14661 14472 14503
14913 14784 14422 14313
14542 14514 14113 14735
14359 14966 14203 13702
14299 14213 14944 13498
14283 14083 15134 13331
14139 13929 14855 14080
14090 14194 14532 14397
13849 14126 14985 13920
15078 14728 14310 14271
15032 14742 14099 14485
14857 14686 14423 14633
14795 14797 14471 14167
14777 14706 14321 14565
14749 14317 14742 13744
14723 14708 14416 14532
14707 14278 14747 13584
14658 14771 14022 14474
14571 14166 14934 13742
14557 14194 14799 13652
14554 14118 14796 13769
14395 14674 14794 13635
14297 14460 14145 14868
14280 14243 14510 14416
14264 14100 15126 13260
14138 14157 14641 14501
14118 14257 14487 14341
14048 13970 14537 14564
13866 14067 14945 13816
13865 13786 14810 14450
13855 14089 15017 13790
13834 13742 14702 14554
13793 14395 15117 13892
13744 14296 15014 13921
13673 13783 14825 14477
13654 14092 14968 13941
15092 14702 14414 14383
15063 14788 14275 14358
15061 14582 14114 14425
15057 14694 14306 14431
14982 14896 14211 14249
14964 14818 14370 14376
14904 14883 14448 14180
14879 14387 14049 14737
14840 14796 14151 14406
14829 14506 13966 14690
14698 14542 14088 14851
14685 14830 14555 14214
14535 14551 13975 14668
14533 14771 14025 14478
14521 14570 14733 13647
14516 14078 14821 13815
14507 14242 14858 13719
14504 14586 13994 14674
14494 14101 14780 13789
14477 14402 14115 14661
14471 14452 14107 14788
14463 14360 14866 13660
14395 14639 14845 13633
14394 14169 15045 13263
14378 14595 14907 13628
14360 14446 14111 14855
14348 14480 14677 13683
14338 14449 14175 14804
14335 14371 14150 14805
14333 13798 14785 13924
14331 14517 14674 13711
14317 14582 14666 14044
14307 14386 14128 14866
14290 14501 14782 13661
14287 14840 14665 13705
14270 13739 14797 13859
14269 14497 14946 13247
14258 14464 14117 14845
14244 14106 15002 13365
14237 14461 14914 13695
14218 14790 14681 13845
14217 14288 14577 14163
14212 14988 13639 13816
14140 14966 13771 13743
14128 13901 14460 14673
14093 13974 15157 13401
14086 14100 15175 13366
14033 14347 14679 14349
13955 13681 14568 14551
13945 13859 14569 14644
13927 14104 15200 13267
13858 13635 14910 14616
13842 14394 15311 13889
13832 13552 14722 14654
13821 14474 14935 13402
13821 14388 15413 13656
13813 14206 14976 13937
13784 13667 14817 14574
13780 14613 14881 13400
13778 14983 13712 13651
13771 13715 14688 14668
13767 13669 14706 14623
13755 13743 14650 14720
13749 13780 14634 14735
13722 14947 13421 13962
13671 15016 13421 13538
13671 14133 14917 14001
13359 14103 14877 14064
13340 14294 14807 14086
13328 14166 14818 13997
13286 14193 14796 14136
13251 14064 14849 14388
15118 14877 14299 14346
15096 14644 14151 14381
15049 14944 14283 14192
15041 14863 14320 14187
15005 14876 14445 14297
15003 14536 14082 14606
14993 14790 14373 14320
14989 14864 14197 14348
14984 14001 14484 13990
14929 14901 14347 14258
14923 13940 14526 13925
14915 14681 14436 14331
14901 14690 14280 14583
14896 14481 14040 14922
14894 14859 14463 14167
14787 14918 14304 14182
14742 14300 14823 13580
14676 14321 14829 13547
14671 14772 13997 14541
14663 14141 14766 13844
14583 14192 14758 13811
14510 14185 14843 13751
14503 14484 14629 13726
14470 14428 14840 13733
14468 14275 14879 13788
14413 14391 14100 14826
14409 14431 14781 13685
14386 14821 14612 13821
14361 14102 14986 13499
14361 13842 14672 13909
14355 14473 14051 14992
14354 13723 14785 13869
14348 14453 14077 14904
14333 14053 15099 13435
14324 14509 14073 14896
14324 14318 14592 14080
14320 14051 15179 13390
14314 14158 15036 13265
14312 14620 14672 14009
14295 14649 14640 13985
14281 14990 13572 13735
14265 14136 14957 13349
14260 14600 14269 14823
14250 14453 14961 13780
14227 13828 14752 14010
14226 14744 14688 13899
14225 13806 14865 14025
14210 14577 14707 14123
14202 13851 14809 14091
14197 14956 13787 13800
14188 13843 14803 14102
14185 13846 15184 13283
14182 14845 14764 13854
14120 13942 14724 13973
14097 13961 15159 13425
14086 14026 15112 13418
14079 14127 15385 13247
14078 14143 14759 14469
14071 14285 14523 14250
14067 14287 14784 14547
14065 14288 14531 14271
14061 14338 14566 14319
14036 14333 14724 14369
14034 13999 15204 13479
14008 14132 15339 13157
14002 14783 13643 14442
13915 13645 14654 14805
13897 14605 14876 13457
13884 13798 14551 14702
13847 14398 15265 13855
13842 13669 14576 14592
13818 14497 15383 13736
13805 14502 15447 13766
13796 14568 15459 13772
13791 13875 14511 14632
13775 13610 14924 14671
13769 13749 14565 14701
13735 14950 13431 13933
13683 13969 14798 14318
13680 13718 14651 14630
13678 14123 14945 13954
13608 14986 13377 13842
13608 13926 14856 14211
13600 14070 14973 13969
13589 14047 14834 14574
13434 15001 13457 13834
13398 14012 14907 14290
13395 14976 13506 13860
13370 14048 14906 14274
13322 14119 14902 14228
13296 14114 14790 14372
13272 14108 14843 14258
