1299 21.4138
7843 7454 9715 7305
7784 7466 8424 8760
8040 6927 9292 7928
8019 9437 7992 7066
8452 8345 8808 6350
9359 8176 8238 6939
7285 8242 8413 8191
8516 9000 7273 7121
8534 8892 7298 7239
8388 8936 7401 7394
8663 9030 8262 6475
7301 8391 8802 7685
7837 7555 8447 8734
8439 8494 8808 6387
8412 7033 8952 7634
8543 9032 8255 6406
7687 7817 8594 8463
8515 9022 8271 6445
7586 8016 9146 7798
8053 6984 9162 7988
8498 9111 8196 6435
7629 8284 8525 8088
8641 8960 8184 6532
8154 7003 9201 7860
8572 9132 7947 6592
8417 9240 7888 6776
8622 9249 7937 6735
8776 8981 7896 6566
8058 8854 7486 7863
7322 7998 8564 8369
8912 8479 8227 7289
7823 7611 8623 8679
9165 8512 8209 7098
7463 8547 8106 7881
8826 8945 7785 6396
8653 9136 7849 6712
8509 9223 7546 7088
7933 7754 8608 8490
8186 7061 9337 7561
7599 7593 8936 8317
8685 9157 7918 6689
7739 7791 8450 8651
9213 8347 8283 7106
8766 9125 7703 6789
9230 8290 8260 7044
7395 8229 8270 8290
7404 8327 8484 8119
8584 8830 8436 6503
9190 8356 8357 6944
7608 8068 8811 8020
7769 7545 9655 7438
8488 9276 7769 6697
8511 9054 7512 7164
8273 9171 7722 7391
7850 7469 9706 7376
7623 7942 8625 8375
7775 7687 8595 8615
8719 9140 7676 6649
8503 8992 8307 6541
9300 8246 8345 7049
7433 8338 8183 8147
7813 7570 8375 8712
8850 8889 8042 6858
8312 8259 7825 7640
8426 8546 8059 7524
7757 7725 9026 8206
8755 9007 7912 6641
9289 8317 8378 7015
7649 8739 8183 7522
8762 9028 7871 6617
9346 8124 8245 6956
8749 9049 7622 6830
7898 7146 9362 7937
8204 9193 8024 7275
8714 8936 7984 6677
8038 7462 9439 7674
8121 7326 9474 7548
7779 7352 9208 7960
7673 7418 9425 7753
7703 8036 8960 8248
8342 9368 7822 6924
8524 9336 7833 6629
7628 7605 8633 8604
7754 7731 8533 8632
8609 8796 7472 7173
9128 7879 8555 7261
8776 9074 7877 6551
7991 8096 8672 8227
8023 9417 7931 7088
8578 9210 7666 6837
8136 7314 9034 7961
7886 7440 9667 7398
7694 8057 8661 8309
9335 8156 8299 6979
7788 7691 8903 8511
7482 7855 8545 8433
8359 8862 7598 7350
7735 7787 8678 8556
9136 8101 8475 6922
7950 7772 9348 7699
7875 7447 9617 7511
7941 7471 9642 7473
8081 7071 9280 7902
8106 9302 7800 7314
7603 7677 8653 8590
8267 7418 9014 7996
8496 8750 8066 7071
9246 8362 8297 6929
8816 8786 7803 7031
8213 8602 7618 7515
8349 9326 7815 6846
8888 8563 7996 7212
7952 7044 9264 8056
7921 7486 9403 7755
8125 7248 9170 7744
8257 8549 7654 7583
7360 8586 8572 7733
7538 8208 8705 8163
7668 7935 8694 8333
7905 7228 9217 7977
7903 7464 9695 7383
9124 8684 7971 6806
7892 7664 8580 8530
7483 8200 8859 7705
8688 9154 7751 6719
7592 8294 8387 8136
9003 8019 8588 7213
9073 8365 8460 6757
7916 7479 9580 7480
8874 8744 7853 7051
7761 7241 9184 8093
7328 8732 8366 7713
8589 8919 7564 7184
8562 7425 8840 7277
9154 7868 8515 7190
9085 8642 8007 6892
7741 7737 8749 8577
8659 9089 7578 6894
7378 8413 8427 8029
9118 8314 8326 7119
8729 9045 7776 6600
8251 9348 7876 7066
8223 7839 8513 8125
8267 8530 8176 7447
8665 9086 7933 6610
7350 8453 8390 8103
8422 7283 8796 7865
7853 7640 9376 7892
7926 7589 8481 8708
8320 6931 9176 7577
8692 9079 7780 6507
7944 7266 8920 8105
8352 9080 7759 6903
8198 9398 7961 6840
7801 7400 8787 8542
7978 7763 9039 7837
8633 9224 7899 6746
8139 7082 9304 7627
8713 8885 7891 6964
7818 7682 8993 8183
7936 7897 8871 8114
8156 8006 8617 8259
7797 7214 8857 8283
8955 8929 8151 6824
8333 7652 8502 8148
7521 8231 8602 8169
7491 7853 9098 8050
8111 6963 9225 7930
8395 8560 7638 7539
7857 7455 9627 7476
8993 8723 8391 6916
8820 8949 7868 6667
9067 7948 8455 7368
8857 8364 7945 7310
8230 7632 8203 8312
8506 9107 8151 6513
7548 7990 8475 8451
8263 8372 8165 7613
7670 7844 8714 8501
8920 8386 8532 7208
8607 7163 9002 7387
9318 8193 8406 6950
8355 9262 7615 6935
8297 7130 9263 7782
7834 7374 9608 7572
7988 7238 9083 8107
8475 9275 7554 6920
8901 8073 8685 6854
7974 9390 8147 7033
7998 7702 9384 7748
7653 7859 8892 8297
7695 7963 8767 8304
8165 8065 8549 7667
7986 7668 9483 7488
7448 8147 8607 8353
9011 7787 8634 7329
8876 8805 7989 7012
9022 8721 7944 6868
9177 7771 8340 7209
7508 8677 8218 7808
8540 9145 7675 7000
8944 8632 8126 7011
7920 7336 9069 8080
8525 8997 7698 7148
8432 9259 7704 6992
8337 9290 8001 7006
8029 7164 9333 7885
7938 9377 8003 7084
7711 8337 8420 7972
7966 7527 9507 7620
8240 7381 8816 8073
8486 8957 7718 7026
8365 7863 8888 7591
8617 9099 7767 6755
8047 8901 7408 7829
8130 7369 9421 7589
7980 7181 8911 8229
7870 6972 9176 8062
7337 8700 8462 7648
8569 8815 7428 7274
8317 8578 8381 7157
7372 8500 8388 8055
9325 8266 8371 6997
8929 8129 8568 7307
8008 7359 9549 7646
9097 8592 8028 7200
7945 8618 8288 7403
9238 8429 8236 7164
8727 9013 7908 6559
8473 9160 7560 6987
8469 9197 7737 6971
7884 7155 9411 7697
8281 7451 9113 7790
8705 9053 7781 6664
8446 7525 8954 7246
7748 7831 8739 8450
9053 7801 8465 7300
7845 7658 8716 8341
7744 7807 8807 8454
9272 8305 8428 6942
7890 7577 9588 7446
8331 8818 7742 7347
7831 7363 9599 7649
8391 7537 8987 7363
7532 8227 8435 8278
8042 8857 7445 7840
8327 7297 9101 7628
7720 7883 8779 8396
7810 7516 9679 7502
8326 8518 8112 7496
7939 7122 9124 8058
8133 9153 7454 7582
9278 8414 8151 6875
8553 9071 8053 6659
8811 7696 8753 7217
8377 7767 8606 7911
8340 7248 9074 7776
8302 7304 9100 7573
7872 7317 9524 7697
8178 7097 9195 7951
7806 7511 9682 7428
8250 7099 9273 7533
7417 8330 8611 7949
8149 8041 8788 8198
8937 7970 8704 7243
8117 7457 8457 8327
8049 9230 7855 7192
8369 8837 7435 7336
8975 8084 8280 7334
9199 8263 8449 7101
9107 8704 7997 6787
8093 7301 9286 7801
9183 8412 8316 7080
9074 7937 8495 6971
8435 7585 8928 7598
9313 8139 8412 7035
7567 8152 8422 8272
8199 6950 9322 7601
7955 7494 9557 7545
8404 8716 8267 7198
8810 9039 7726 6817
7451 7917 8512 8391
8325 8471 7656 7660
8171 7902 8982 7056
8800 8947 7960 6805
8190 8108 8189 8188
7541 8223 8468 8116
8439 8756 8362 7091
7499 8334 8486 8054
9257 8147 8303 7167
8073 7209 9323 7716
8332 7974 8848 7357
8192 8710 7627 7564
8518 7202 8832 7604
8590 9031 7511 7088
8613 8768 7861 7255
9352 8132 8311 6887
8893 8402 7809 7297
8479 8779 8215 7255
7927 8300 8598 7905
9046 8115 8293 7327
8048 7750 9164 8031
8101 9291 7835 7179
8238 8464 8075 7721
8580 8874 7632 7223
7719 8317 8340 7977
8483 7356 8946 7421
9041 7907 8482 7461
8272 7670 8864 7732
8442 7511 8973 7470
8243 7711 9094 7681
8066 8183 8394 7752
7840 8053 9056 8036
7776 7860 9390 7652
7786 7755 8652 8521
8732 8119 8400 7331
8603 8113 8738 7037
8637 8825 7792 7109
7751 7622 8829 8578
8265 8625 8156 7427
7798 7584 8517 8693
8162 7430 8938 7914
7550 7713 9238 7767
7714 7734 8790 8550
8587 8996 7586 7173
7811 8161 7884 8069
8679 9059 7839 6717
8516 8029 8825 7507
8325 8693 7713 7459
8837 8848 8319 6868
8785 7975 8689 7162
9064 8595 8073 6841
8218 8554 8102 7556
7580 7736 9453 7506
8967 8404 8299 7282
8797 9014 7576 7106
8143 7619 9249 7663
8188 9298 7939 7117
7733 8397 8100 7848
8060 7406 9497 7340
8978 8730 8408 6911
9054 8584 8312 6882
8318 7279 9137 7736
8086 9410 7992 7076
8977 8773 8016 7041
9204 8434 8152 6908
8034 7103 9068 8042
9035 8797 8210 6824
7951 8006 8138 8349
7812 7823 8818 8409
8671 8964 7951 6750
8232 7317 9139 7682
8374 8813 7821 7399
9134 8495 8193 7141
7863 7276 9591 7541
7690 8450 8208 7959
8590 8213 8794 7321
8076 7186 9053 8080
8960 7922 8508 7307
8312 7579 9052 7768
8087 6995 9283 7835
8347 8976 7952 7241
8082 8079 8547 8007
8739 8636 7417 7274
7725 8206 8562 8242
7807 7951 8565 8363
8628 9041 8051 6780
8795 8965 7824 6657
8202 8045 8829 8021
7915 7649 8622 8684
8792 8663 8232 7074
8617 9104 7606 6982
8282 8921 8168 6808
8556 9052 7728 6887
7910 7500 9510 7482
8710 8635 8036 7280
8959 8656 8152 6933
7665 7980 8723 8299
8074 7172 9358 7758
7795 7559 8681 8441
7838 7501 9566 7484
8153 6990 9257 7833
7861 8475 8080 7899
8489 9062 7905 6906
8623 9115 7666 6975
7423 8239 8217 8215
8054 7111 9057 7922
8946 8145 8441 7230
7424 8296 8085 8445
8413 7180 9125 7610
8262 7136 9219 7777
8465 9151 7431 7138
9104 8519 8091 7064
8841 7738 8649 7472
8012 8691 8087 7654
9002 8425 8316 6839
8533 8701 7464 7337
7514 8247 8682 7952
8377 7173 9186 7294
8182 8194 8240 7607
8592 8663 8093 7325
7556 7886 8698 8430
8199 7785 8870 8270
7726 7914 8407 8419
8065 9206 7865 7131
7569 8476 8507 7946
7731 8309 8126 7932
7557 8239 8369 8177
7995 8144 8735 8173
9094 8238 8261 7129
7573 8384 8287 8056
8833 8688 8172 6939
7899 7652 8349 8644
8002 7393 9177 7686
7712 7663 8776 8589
7962 7583 9369 7779
8807 8876 7747 7073
7958 9339 7978 7126
7877 7459 8698 8378
8285 7356 8999 7921
8030 6953 9252 7949
8061 7546 9319 7334
8008 8095 8381 7870
7505 7957 8511 8438
7857 8761 7958 7495
8321 8905 7910 7275
7346 8148 8249 8302
7937 7388 9568 7665
8408 7792 8723 7761
7725 7813 8641 8510
8805 8173 8415 7303
8458 8081 8756 7451
8003 7500 9534 7309
8123 9312 7956 7055
8113 7868 9230 7196
7324 8405 8399 8045
8220 7327 9059 7916
8566 8580 7687 7503
9061 8241 8493 6850
8986 8663 7866 7110
7721 8277 8332 8063
7997 7579 9244 7855
8350 7680 8730 7815
7843 7906 8520 8638
8238 7719 8897 7620
7979 7568 8621 8526
8529 9061 8084 6637
8175 7242 9111 7857
8364 7195 9105 7351
8245 7412 9117 7741
9085 8553 8161 6996
8252 8444 7837 7626
7529 7721 9460 7428
8908 7875 8809 7124
8890 8273 8540 6714
8317 7192 9194 7741
8549 9113 7719 6784
8462 7196 8969 7545
8215 7152 9301 7743
8541 8742 7929 7061
7971 7389 9489 7694
8433 7615 8760 7727
8094 7193 9294 7819
8055 7399 9464 7532
8842 8838 7800 7065
8123 7552 8971 7877
8029 7723 8276 8387
8214 7437 9238 7569
7918 9311 8008 7161
7944 8033 8468 8255
7518 8345 8265 8066
8678 7779 8788 7412
8071 7203 9378 7734
8018 7234 8924 8133
7373 8271 8331 8247
8044 7405 9496 7435
8300 7402 8761 7823
8209 9331 7978 6934
9027 7881 8576 7405
7969 7873 8697 8424
7902 7849 9221 7690
8470 8674 7906 7415
9265 8472 8245 6872
8780 7919 8252 7487
7798 7539 9600 7501
8587 8867 7634 7180
8250 7939 8710 8009
8275 8417 8643 7521
7822 7912 8614 8408
7960 8137 8632 8233
8564 9119 7637 6951
7974 7709 9416 7398
8897 7663 8757 7168
9028 8315 8131 7274
8291 7846 8353 7841
8489 8831 7415 7227
8017 7466 9447 7412
7664 7815 9320 7695
8656 7330 8793 7258
8210 7954 8631 7847
