311 24.0697
8100 9484 7739 6802
8182 7335 8811 8156
7984 7512 8113 8581
9178 7802 8194 7041
7788 7853 9297 7679
8471 9042 8032 6559
8061 8348 7542 8132
7388 8538 8043 8076
8358 9144 8075 6618
8073 8421 7639 8045
8208 9374 7873 6703
9137 7757 8223 7107
7396 7945 7956 8503
8231 9322 7973 6722
7430 8351 8070 8177
8287 9254 7973 6750
8212 9432 7823 6765
8183 9356 7725 6844
8237 7360 8663 8219
7471 8390 8967 7879
9125 7883 8223 7031
7448 8263 8937 7915
8043 9101 7674 7368
7547 7872 8048 8512
7490 8122 9135 7758
8318 7442 8639 8206
8194 7383 8853 8131
9108 7757 8260 6999
9066 8037 8293 7232
8766 7452 8442 7854
9050 7916 8309 7185
7530 7677 8036 8535
9083 7900 8248 7151
8058 9481 7693 6812
7916 7522 8462 8407
8898 8280 8474 7272
8174 7414 8249 8406
7951 9484 7745 6864
8200 9367 7752 6823
8690 8425 7693 7667
8462 7468 8762 8141
8048 9410 7816 6920
8364 7401 8704 8185
8612 8825 8189 7088
8186 9383 7705 6797
8014 7498 9163 8045
7871 7648 9126 8088
8737 8557 7880 6927
8652 8975 7974 6941
7749 7929 9204 7657
8571 8834 8045 7412
7651 8008 9289 7748
7474 8380 8922 7822
8395 9095 8179 7253
8210 9342 7838 6902
9024 7980 8367 7218
8065 7784 9275 7791
8723 8194 8487 7544
8083 9446 7765 6974
8206 9243 7772 7077
8215 7341 8900 8112
8384 7484 8621 8179
8581 8602 7987 7418
8111 9471 7782 6821
8886 8022 8374 7290
8027 7632 8538 8366
8263 7860 9149 7728
7597 8253 9015 7843
7609 8163 9104 7886
8652 8851 7954 6984
8225 9344 7930 6706
8433 7582 8727 8170
9005 8099 8142 7067
7779 8492 8992 7638
7785 7864 9237 7700
8815 8377 8340 7020
7583 7745 8113 8490
8162 9328 7714 7062
8733 8579 8415 7482
8802 8113 8384 7319
8012 9468 7764 6834
7891 7570 8455 8438
8844 8266 7903 7548
8909 8041 8256 7423
8973 8065 8254 7276
7799 7826 9255 7705
7822 8758 8698 7600
7664 8499 8808 7806
7626 8291 9038 7743
8996 7993 8281 7269
8102 9263 7721 7093
7897 8893 8824 7476
7931 8791 8667 7353
7674 8152 9084 7767
8398 9156 7831 6953
8511 8929 7981 7162
8114 9246 7917 7297
8290 9206 8047 6936
8278 9074 8133 7326
7800 8688 8696 7625
8478 9014 8076 7097
8870 7938 8392 7499
7768 7683 8342 8413
8222 7818 9220 7682
7939 8548 8877 7606
8009 8607 8754 7142
8298 7644 9177 7897
8136 7623 9066 8095
7613 8075 9268 7688
7964 8094 8843 7975
9094 7866 8231 7135
7944 8097 8962 7746
8827 8299 8345 7527
8259 9351 7827 6897
7883 8202 8733 7965
7712 8205 9155 7676
8244 8321 7978 8001
8353 9272 7909 6877
8429 7928 8545 8033
8085 7745 9214 8004
8029 7531 8200 8568
7691 8130 9169 7521
8156 7541 8572 8239
8606 7869 8559 7933
8684 8444 8229 7602
8304 9217 8059 6779
9099 7986 8314 7102
8711 8385 8503 7322
7603 8485 8842 7782
7843 8566 8954 7364
8154 9400 7932 6886
8699 8298 8365 7629
7950 7653 8160 8496
9012 8007 8253 7330
8556 8405 8433 7620
7503 8356 8850 7917
8043 7595 8198 8519
8661 8725 8210 7309
7920 7875 8889 8116
8928 8236 8312 7054
7438 8311 9006 7756
8706 7999 8436 7830
7805 7976 9112 7263
8052 8169 7793 8346
8114 8619 8681 7697
8618 7796 8561 7654
8788 8195 8176 7546
7842 8240 8982 7692
8419 9180 8010 6781
8427 9001 7898 7235
8147 7563 9058 8068
7830 7626 8381 8454
8246 9070 8031 7344
8630 8100 8524 7555
7733 8133 9025 7835
7993 8325 8930 7646
8874 8216 8237 7306
7706 8564 8817 7707
8455 7512 8787 8022
7853 8209 9075 7596
8284 9058 8184 7242
7523 8565 8129 7859
8981 8026 8297 7194
7832 9280 8009 7197
7637 8014 9196 7609
8747 8514 8171 6914
7861 8570 8631 7768
8920 7984 8384 7050
7823 8908 8660 7266
9019 8015 8295 7228
8142 7764 8393 8260
8306 9138 8014 7337
7975 8649 8771 7207
8250 9368 7823 6788
7762 8464 8604 7948
7905 7537 8051 8576
8985 7905 8451 7491
8040 8717 8645 7295
8006 7616 8213 8527
7982 8612 8797 7147
7974 8871 8513 7351
8334 8473 7902 7989
8956 8190 8198 7191
7508 8358 8931 7811
7878 7894 9229 7612
7923 9170 7958 7290
7959 8328 7661 8242
8296 9265 7890 6972
7682 8111 8919 7908
8060 7969 8587 8085
8037 9122 8274 7025
8601 8306 8418 7401
7747 8308 8887 7892
8212 8898 8400 7338
8373 8249 8575 7399
8851 7925 8555 7217
8810 7489 8410 7755
8273 8270 8519 7880
8159 9463 7775 6773
7638 7931 8029 8556
8718 8420 8416 7251
7875 9233 8022 7222
8166 7813 8735 7959
8028 7463 8245 8546
8241 9314 7849 6889
8347 8860 8177 7381
7878 7598 8326 8434
8450 7838 8153 8163
8880 8181 8120 7538
8416 9050 8275 7341
8941 8154 8129 7623
8522 7949 8226 8124
8315 7887 9045 7910
8343 8924 7855 7484
8031 8361 7644 8228
8179 9113 8197 7122
8466 8770 8332 7282
8947 8198 8088 7566
7953 8662 8743 7212
8275 8700 8157 7643
8645 7965 8204 7876
8441 8775 8363 7335
8379 8210 8672 7743
8325 7560 8746 8043
8672 8646 8250 6961
7737 8082 9129 7573
7864 7714 8036 8421
7808 7731 8276 8427
8437 7890 8781 7752
9039 8010 8307 7176
8449 9025 7982 7184
8666 8591 8279 7494
7922 7704 9051 8147
7743 8457 8923 7651
8642 7921 8470 7833
7978 7760 8867 8203
8637 8726 8020 7323
8133 7807 8289 8299
8165 9387 7776 6968
8036 7639 9257 7922
8188 9297 7848 6991
8480 8633 8389 7561
7644 8245 8165 8321
7904 7953 8615 8025
8112 7911 9139 7912
7724 7791 8331 8444
8021 8466 8801 7263
7969 7846 8552 8267
7562 8312 8089 7954
7907 7587 8473 8422
8677 8454 8384 7632
8901 8258 8231 7209
7620 8108 8275 8225
8524 8818 8093 7177
7805 7690 8302 8397
7772 7788 8318 8397
8129 8669 8421 7767
8059 9460 7731 6872
8159 8050 7860 8476
8216 8435 8607 7515
8087 9222 8083 7106
8110 8450 8718 7113
8227 9294 7805 7013
8487 8118 8568 7715
8181 9286 7833 6993
8250 9190 8003 7155
8458 9052 8135 7058
8179 9406 7916 6963
8096 9194 8097 7009
7513 8394 8123 8094
7892 8678 8839 7387
8491 8946 8033 7466
7856 8311 8979 7702
8152 9309 7761 7004
8266 7855 9094 7740
7580 7849 8235 8402
7660 8073 8936 7970
7574 8013 8134 8447
8861 8099 8215 7507
7846 8334 8064 8070
8965 8185 8325 6928
7835 8480 8795 7776
8387 8077 7965 8135
7811 8800 8598 7491
7932 8740 8761 7347
8914 8123 8358 7284
8397 9191 7854 6945
7699 7989 8192 8315
8196 9270 7652 7040
8137 7896 7991 8310
7566 8062 8163 8328
7797 8710 8851 7357
7556 8157 9190 7673
7665 8373 8912 7818
7851 8521 8907 7387
7956 7894 8690 8250
8364 8126 7788 8277
8400 8225 8688 7405
8964 8044 8361 7240
8049 9202 7995 7195
7859 8966 8594 7579
7977 8207 7926 8380
8835 8423 8038 7316
8339 8001 8375 8029
8118 7723 8080 8390
8312 8326 8836 7257
7913 7736 9061 8148
8756 8135 8529 7285
7670 8533 8942 7526
7570 8118 9186 7712
8314 8080 7822 8079
8072 7607 8238 8425
8544 9006 7844 7005
8933 8317 8343 7011
8054 9240 7937 6983
7828 7964 8310 8283
8038 8459 8945 7631
7836 8095 8873 8013
8564 8627 8008 7534
7758 8186 9010 7738
7753 8320 8892 7696
8739 8431 8197 7172
8208 9307 7736 7006
8351 8953 8283 7248
8078 7724 8594 8338
7727 8108 9171 7448
7631 8055 8084 8455
8546 8030 8633 7734
7721 8474 8997 7774
8277 8104 7927 8374
7733 8593 8860 7503
7765 8230 8882 7720
7773 8375 8040 8053
8315 8329 8499 7722
8217 8944 8065 7362
8023 7614 8176 8541
8169 7776 9182 7860
8015 7934 8408 8389
8833 8219 8106 7588
7806 7673 8296 8473
8056 7831 8857 8352
8159 7800 9235 7884
8120 8745 8578 7533
8333 9108 7969 7182
8302 8845 7885 7510
8169 9456 7845 6916
8658 8251 8147 7732
8073 8523 8719 7586
8265 7803 7998 8193
7598 8426 7905 8064
8272 7769 8654 8194
8098 9030 7705 7390
8594 8987 8087 6880
7792 7708 8323 8426
8575 8772 8263 7316
8321 7720 8999 7787
8218 7810 8579 7982
7756 8586 8819 7637
7688 8810 8639 7489
7647 8116 8864 7902
8383 8342 8492 7666
8744 8088 8328 7595
8138 7959 8804 7929
8086 9390 7858 7063
7825 8958 8684 7249
8212 8731 8132 7444
8060 9333 7864 7040
8528 8751 8255 7381
8265 7737 8687 8195
8507 8874 8235 7246
8329 7864 8355 8058
7960 8517 8813 7452
8031 8340 7708 8241
8754 8145 8278 7606
8806 8476 8230 7112
8281 8991 7958 7434
8239 9333 7963 6956
8623 8126 8554 7153
8141 7654 8124 8350
8408 8205 8488 7474
7872 8657 8642 7587
8483 8509 8173 7677
7700 8054 9054 7682
7645 8212 8305 8153
8770 8484 7868 7596
8531 8332 8404 7681
8331 8888 8053 7376
8362 8783 8225 7430
8404 8682 8434 7509
8203 7680 8153 8292
8327 7551 8753 8174
7696 8120 8351 8172
8777 8257 8492 7372
8235 7880 8858 7938
7677 8164 8821 7971
8370 9237 7963 7042
7895 9291 7895 7161
8346 8280 8647 7428
8198 9106 8273 7166
7940 7575 8186 8548
7640 8128 8347 8211
8051 7762 8396 8355
8214 8256 8550 7945
8200 8876 8085 7359
8121 8364 8870 7124
8539 8275 8420 7627
8091 9036 8140 7349
8311 8128 7909 8333
8878 8069 8200 7559
8783 8254 8271 7705
8275 7667 9111 8016
7657 7670 8032 8543
7817 8399 9031 7492
8099 7774 8831 8006
8443 7955 8023 8091
8094 8455 8713 7795
7924 8068 8849 8022
8195 8706 8115 7460
7782 8624 8915 7415
7999 7846 9191 7813
8171 9315 8005 6882
8068 7848 8353 8359
8433 7995 8012 8130
8106 7660 8409 8235
8513 8174 8590 7650
8069 8528 8609 7849
8132 8441 7658 8016
8096 8412 8767 7159
7814 8989 8652 7287
7825 7999 8181 8487
7984 8307 9002 7618
8144 9219 7813 7123
9039 7933 8352 7065
8265 9128 8057 7233
7762 8052 9143 7592
7858 8867 8537 7594
8366 8397 7942 7796
8073 7700 8706 8216
7717 8729 8855 7439
8491 8919 8238 7179
7990 8640 8785 7481
7557 8504 8103 8021
8135 7751 8187 8288
8422 8659 8242 7442
8093 9458 7766 6921
8151 8005 8780 7793
8501 7991 8524 7869
8614 7822 8597 7614
8514 8787 8110 7454
8399 8244 8582 7669
8524 8347 8372 7641
7731 8249 8988 7698
7889 8385 8038 8073
8081 7617 8301 8371
8153 7944 8759 7732
8519 8141 8534 7820
8392 8142 8768 7473
8004 8293 8981 7504
8187 7403 8264 8343
8189 7716 8056 8301
8141 8885 8280 7576
8186 7846 8707 8028
8590 8149 8661 7687
7729 8141 8219 8270
8268 7937 8654 7799
8337 8637 8163 7581
8256 8051 8750 7708
8062 7694 8110 8382
7638 7960 8205 8464
8498 8952 7864 7132
8059 8379 7763 8105
8268 7641 8776 8039
8425 8263 8101 7918
8285 9350 7906 6868
8377 8708 8137 7450
8197 8449 8628 7733
7790 8798 8820 7525
8320 7824 9033 7762
8961 8061 8162 7568
8176 7640 8268 8245
8857 8136 8152 7432
8321 7529 8870 8108
8207 8505 8493 7565
8053 8429 8829 7225
8369 8140 8150 7900
7941 8641 7986 7985
8214 8134 8167 8251
8775 8082 8338 7631
8123 8315 8880 7463
8119 9177 8087 7014
8480 8158 7946 7927
8081 7710 9263 7846
7890 8312 9098 7568
8034 8159 8685 8010
7650 7711 8207 8462
8534 8033 8468 7688
7818 7985 8904 7986
7935 8189 8896 7674
8542 8232 8565 7416
8041 9012 8156 7375
