5442 167.916
3241 4129 3040
3269 4122 2900
3267 3358 3884
4006 3327 3299
3431 3175 3841
2913 4096 3285
3275 4114 2977
3605 3995 3003
3486 3195 3820
3380 3208 3860
3318 4101 2985
3317 4106 3017
3369 3227 3873
3615 3991 3024
2953 3985 3493
3411 3236 3848
2971 3923 3574
3390 3252 3856
3406 3281 3844
2978 3970 3506
3281 3337 3876
3553 3202 3797
2940 4015 3441
3016 4044 3382
3569 4035 3036
2984 4037 3407
3297 4111 3069
3997 3339 3244
3136 3760 3694
2924 4086 3291
3403 4092 3091
3703 3332 3697
3250 4119 3045
3500 3944 3437
3044 4103 3250
3155 4123 3164
3397 3270 3845
3211 3670 3723
3952 3376 3422
3810 3603 3467
3590 3263 3776
3160 3950 3546
3216 4116 3142
3941 3404 3445
3857 3735 3261
3143 4127 3155
3987 3350 3387
3064 4114 3216
2989 4083 3302
2918 3998 3473
3037 3965 3495
3362 3229 3858
3452 3397 3822
3686 3519 3677
3437 4085 3061
3562 4014 3110
3851 3771 3226
3441 3416 3835
3962 3420 3409
3069 4080 3289
3840 3811 3130
3829 3372 3572
3072 3717 3719
3541 4015 3271
3255 3592 3774
3076 4110 3225
3025 3964 3520
3587 3542 3698
3004 3791 3672
3000 4008 3459
3087 3638 3749
3316 3291 3872
3080 3784 3684
3610 3824 3497
3401 3599 3738
3370 3588 3779
3394 3927 3514
3468 4061 3140
3820 3255 3594
2949 4077 3304
3461 3757 3628
3399 3458 3824
3547 4039 3122
3297 4100 3103
3512 3444 3763
3492 3464 3770
3045 4063 3348
3386 3498 3808
3853 3708 3351
3414 4072 3107
3328 3705 3705
3422 3728 3651
3976 3325 3395
3980 3491 3312
3193 3963 3509
3900 3643 3277
3743 3890 3118
3921 3451 3462
3389 3534 3784
3914 3639 3280
3115 3923 3552
3509 3382 3799
3803 3844 3076
3580 3315 3764
3749 3767 3333
3177 3882 3597
3552 4027 3084
3563 3958 3276
3904 3703 3161
3559 3235 3788
3247 3575 3780
3802 3673 3450
3569 3764 3560
3906 3564 3379
3501 3606 3710
3321 3422 3863
3609 3992 3052
3734 3323 3665
3244 3576 3816
3875 3741 3174
3322 3759 3658
3684 3960 3158
3376 3346 3854
3878 3626 3356
3537 3370 3807
3835 3795 3235
3366 3679 3701
3270 4023 3385
3261 4094 3151
3335 4000 3365
3428 3546 3773
3584 3556 3692
3544 3454 3759
3100 4077 3283
3258 4110 3137
3973 3470 3336
3604 3801 3541
3895 3658 3270
3103 3684 3728
3493 3893 3489
3206 3478 3833
3122 3962 3534
2931 4092 3279
2933 4075 3305
3020 4085 3266
3199 3917 3564
3485 3390 3801
3695 3834 3374
3170 4056 3319
3624 3496 3704
3557 3436 3786
3710 3726 3487
3789 3414 3604
3504 3335 3811
3435 3579 3760
3593 3529 3680
3995 3302 3307
3847 3791 3115
3574 4017 3056
3346 3481 3830
3434 3874 3536
3033 3676 3744
3464 4026 3180
3817 3815 3121
3699 3697 3523
3279 3505 3803
3655 3699 3563
3782 3426 3632
3867 3687 3240
3872 3762 3059
3349 3695 3713
3294 4074 3229
3263 3411 3867
2993 3829 3654
3956 3522 3321
3183 4028 3389
3167 4125 3097
3274 3554 3793
3051 3889 3592
3207 4088 3201
3129 4070 3296
3715 3523 3640
3712 3903 3195
3966 3441 3370
3936 3448 3431
3163 4011 3410
3305 4048 3362
3969 3452 3339
3992 3430 3295
3050 4068 3322
3055 3930 3565
3927 3646 3257
3107 4054 3354
3094 3841 3648
3152 4026 3425
3598 3855 3494
3221 3795 3650
3090 3806 3649
3148 3660 3732
3233 4076 3251
2974 3980 3512
3648 3777 3499
3382 3818 3582
3444 3298 3834
3558 4010 3134
3312 3266 3875
3396 3285 3847
3627 3314 3754
3484 4019 3223
3472 4050 3169
3516 3629 3707
3391 3636 3756
3444 3976 3377
3463 3941 3455
3449 3514 3784
3729 3901 3207
3721 3935 3047
3389 3737 3639
3785 3861 3117
3343 3713 3696
3479 3723 3636
3765 3820 3221
3312 3365 3864
3620 3429 3731
3408 3595 3733
3187 3692 3727
3813 3634 3448
3889 3548 3480
3664 3972 3081
3587 3858 3434
3780 3553 3555
3758 3846 3219
3446 3615 3717
3762 3918 3080
3694 3387 3684
3392 3304 3852
3425 4061 3203
3301 3831 3613
3619 3938 3300
3678 3367 3711
3123 3476 3837
3848 3803 3073
3616 3434 3747
3417 3269 3839
3903 3561 3393
3661 3755 3502
3292 3848 3602
3184 4082 3268
3581 3505 3737
3578 3895 3401
3607 3993 3246
3707 3921 3191
3239 3866 3589
3031 3979 3489
3772 3439 3620
3825 3829 3073
3777 3809 3263
3799 3463 3578
3747 3789 3336
3947 3409 3429
3229 3710 3700
3565 3663 3656
3325 3779 3633
3808 3394 3588
3960 3304 3417
3739 3778 3345
3187 4071 3281
3236 4027 3392
3097 3992 3485
3983 3443 3308
2994 4049 3375
3131 3996 3453
3644 3851 3424
3285 3783 3632
3057 3851 3626
3804 3403 3615
3569 3462 3750
3923 3321 3502
3760 3570 3558
3708 3946 3123
3626 3689 3590
3751 3878 3257
3315 3732 3682
3718 3455 3662
3333 3484 3813
3635 3986 3167
3832 3467 3535
3788 3877 3096
3472 4031 3177
3483 3227 3828
3474 3798 3600
3161 3650 3748
3342 3532 3799
3691 3285 3724
3457 3868 3544
3796 3773 3314
3732 3932 3124
3168 4065 3326
3779 3752 3360
3526 3806 3526
3866 3666 3331
3908 3630 3287
3893 3411 3465
3861 3754 3198
3797 3836 3128
3637 3479 3690
3682 3887 3254
3246 3624 3782
3438 3551 3766
3112 4067 3324
3680 3961 3044
3588 3745 3571
3431 4034 3185
3409 4073 3099
3804 3485 3548
3572 3632 3646
3753 3341 3645
3723 3258 3699
3361 3954 3499
3277 3907 3543
3675 3655 3573
3301 3952 3539
3520 3740 3616
3383 3981 3458
3860 3661 3369
3224 4031 3383
3459 4033 3199
3145 4105 3194
3696 3856 3315
3930 3526 3349
3665 3608 3622
3728 3915 3154
3555 3621 3669
3173 4006 3438
3339 4046 3300
3931 3488 3438
3725 3678 3496
3842 3671 3376
3066 3785 3668
3950 3355 3443
3836 3729 3265
3109 3613 3791
3356 3983 3478
3332 4077 3147
3028 4002 3462
3373 4035 3304
3009 3971 3492
3126 3997 3459
3010 4014 3439
3924 3501 3404
3487 3362 3818
3526 4022 3126
3333 3356 3870
3923 3616 3329
3456 3922 3471
3759 3545 3606
3730 3294 3687
3632 3792 3461
3225 4099 3186
3144 3871 3611
3242 3583 3795
3596 3913 3367
3266 4090 3188
3731 3512 3643
3750 3885 3172
3658 3822 3405
3821 3349 3579
3447 3668 3656
3912 3510 3426
3450 3425 3805
3404 3782 3617
3953 3567 3253
3717 3734 3456
3290 3780 3635
3887 3620 3334
3478 3253 3831
3481 3988 3337
3595 3611 3667
3265 3649 3741
3967 3525 3317
3736 3528 3625
3885 3721 3192
3863 3748 3211
3510 3761 3575
3194 3440 3848
3314 4072 3237
3816 3432 3552
3466 3967 3414
3350 3989 3411
3909 3489 3428
3534 3925 3412
3307 3898 3586
3631 3686 3608
3688 3477 3685
3470 3883 3491
3944 3442 3415
3700 3802 3381
3613 3682 3621
3289 3816 3626
3870 3395 3527
3309 3900 3535
3217 3853 3621
3418 3585 3724
3756 3730 3406
3672 3622 3613
3668 3837 3389
3196 3984 3441
3641 3902 3341
3845 3609 3413
3358 3473 3841
3488 3507 3742
3769 3592 3557
3880 3403 3522
3652 3852 3398
3553 4004 3213
3438 3654 3718
3475 3864 3551
3396 3701 3675
3242 3641 3745
3592 3618 3662
3558 3448 3753
3762 3473 3586
3752 3849 3150
3888 3408 3502
3635 3259 3733
3737 3309 3647
3824 3558 3500
3638 3905 3377
3912 3393 3501
3670 3911 3242
3721 3787 3430
3892 3295 3527
3765 3707 3453
3482 3809 3580
3525 3838 3530
3378 3993 3309
3670 3693 3532
3761 3658 3475
3794 3493 3564
3709 3918 3145
3832 3354 3548
3340 3775 3647
3719 3744 3455
3171 3936 3550
3787 3471 3567
3296 3840 3611
3813 3645 3398
3955 3308 3444
3476 3934 3449
3823 3750 3293
3455 3507 3788
3658 3954 3215
3505 3884 3483
3924 3491 3421
3864 3593 3358
3633 3665 3619
3515 3581 3724
3532 3796 3542
3518 3958 3387
3575 3710 3607
3622 3924 3326
3628 3845 3427
3791 3569 3540
3364 3354 3843
3507 3983 3363
3774 3719 3401
3935 3608 3340
3179 4034 3402
3752 3812 3306
3487 3909 3473
3475 3870 3517
3737 3550 3599
3883 3344 3529
3605 3876 3400
3529 3647 3688
3662 3891 3342
3504 4017 3210
3381 4053 3291
3597 3746 3549
3943 3500 3355
3767 3508 3559
3226 4001 3419
3884 3610 3345
3549 3886 3463
3397 3719 3654
3681 3892 3229
3810 3557 3517
3592 3730 3567
3378 3569 3768
3353 3363 3855
3883 3586 3439
3227 3968 3482
3353 3859 3600
3345 3722 3677
3453 3384 3805
3524 3930 3402
3654 3613 3644
3690 3567 3626
3530 3914 3418
3993 3344 3278
