146 4.02032
9141 9355
8703 9692
9116 9392
9392 8984
8985 9551
9420 8951
9314 9172
9154 9341
8878 9627
9118 9365
9008 9525
9495 8692
9478 8763
8412 9785
8626 9709
8966 9568
8950 9569
8603 9725
8421 9769
9463 8823
9283 9270
9078 9448
9160 9324
9109 9395
8925 9579
8904 9596
8332 9788
8694 9708
8274 9802
8838 9639
8261 9819
9459 8875
9389 8995
9375 9014
9086 9428
9461 8856
9362 9124
9226 9297
9099 9400
8917 9585
8586 9745
8563 9760
9440 8892
9432 8948
9297 9180
9139 9364
9115 9394
9039 9480
8748 9682
9284 9195
9188 9314
9156 9327
8911 9587
8818 9662
9506 8662
9467 8801
9192 9307
9072 9465
9026 9498
9016 9505
8926 9578
8889 9613
8762 9664
8481 9768
