9459 300.007
37642 36507
37342 37404
37634 36602
37682 36451
37637 36576
37443 37271
37341 37442
37616 36883
37593 36932
37514 37143
37367 37398
37230 37585
37555 37068
37218 37605
37333 37452
37293 37534
37324 37533
37214 37776
37393 37384
37241 37572
37115 37868
37070 37905
36931 38093
36725 38387
36761 38374
36584 38551
36720 38394
36708 38403
36792 38331
36746 38382
36718 38397
36652 38471
36456 38620
36536 38591
36474 38615
36316 38707
36862 38236
36378 38658
36650 38549
36421 38637
36693 38466
36439 38624
36409 38648
36331 38691
36304 38719
36492 38599
36339 38675
36555 38552
36377 38665
36267 38734
36347 38670
36143 38776
36185 38773
36218 38748
36189 38750
35782 38924
36067 38827
35924 38880
35944 38870
36076 38807
35897 38888
35870 38915
35741 38931
35578 38947
