1264 300.08
16946 18722 16547
17005 16104 19106
18228 17147 17212
15731 18410 18132
16047 16764 19334
16363 18825 16899
15808 18783 17640
17878 18141 16639
17898 18140 16658
16945 16179 19162
17248 18593 16742
16521 18753 17038
16933 16593 19052
17589 18320 16990
16242 16990 19276
16938 16559 19050
16953 16530 19041
16164 16889 19296
16852 16500 19078
16888 16673 19075
15900 17076 19205
16721 16480 19119
17052 16452 19047
17758 16638 18433
16220 16820 19323
16011 18781 17276
16978 16196 19124
16031 18380 18189
17446 16623 18738
15825 18738 17570
17002 16222 19100
16265 16736 19283
16954 16282 19136
16719 16309 19161
18164 17451 17718
15935 18739 17406
16429 16959 19242
16066 18306 18343
18086 17738 16844
16231 17000 19255
16141 16831 19332
15961 18727 17596
16320 17021 19158
16512 16969 19154
16281 17041 19191
16284 18813 16944
16363 18794 16908
16821 16689 19103
15972 18702 17623
18122 17777 16759
16197 17040 19226
18226 17210 17337
17083 17313 18815
17047 18695 16861
16129 17767 18774
15845 18313 18327
16112 17523 18997
16961 16240 19093
17925 18061 16650
16848 17329 18940
17348 18539 16892
17425 16850 18742
16303 17804 18679
17454 18360 17178
16095 17701 18894
16447 17743 18807
17017 17111 18965
16461 16685 19238
17236 18052 18209
15986 18330 18311
16381 18776 16755
16254 17176 19124
16182 18682 17683
18210 17301 17482
16908 16745 19059
16077 17417 19015
16763 16410 19155
16777 16359 19115
17608 17117 18505
16568 16806 19221
17038 16386 19088
17293 16930 18890
16774 18625 17591
17702 16718 18484
17970 17951 17084
16538 17718 18826
16674 18751 17190
17231 16796 18979
16796 18718 16979
16850 16319 19143
16418 17691 18831
16871 16334 19111
18106 17769 16796
17599 18371 16970
17463 17092 18596
18186 17504 17508
17982 17914 17101
16842 16338 19096
15945 18746 17398
17660 17010 18468
17127 17030 18919
16156 17059 19213
17760 17661 18069
16371 18720 17220
18030 17646 17436
16170 17861 18659
16936 16270 19205
17417 16948 18694
17289 18458 17119
17283 17454 18672
17284 18564 16877
16360 16885 19264
18056 17861 16782
16972 18157 18201
17491 17380 18464
17406 18407 17089
16576 16754 19166
17113 18427 17856
17363 16863 18847
15874 18110 18590
16087 18360 18248
17718 16899 18244
17746 16785 18373
17266 18551 17126
16661 17052 19090
16261 17131 19130
16552 17502 18972
16898 16375 19093
16744 18741 16850
17561 18257 17419
16293 18317 18276
18070 17815 17379
18110 17604 17308
16653 18500 17787
16529 16875 19164
17184 18283 17960
15884 17140 19186
17535 18164 17823
16395 17962 18613
17525 18297 17267
17849 17858 17818
16611 18521 17848
18211 17388 17319
16710 17600 18849
15851 18118 18516
17503 18388 17134
18187 17482 17322
17844 17966 17071
16188 18172 18497
18016 17634 17475
17119 18586 16951
17515 18393 16939
16725 18759 16818
18153 17505 17341
16490 17903 18607
16646 18486 17845
16121 17674 18882
17995 17784 17453
16564 18712 17298
16664 16910 19150
17433 18022 18222
18129 17612 17106
16692 18444 18003
16156 18571 17802
17931 18003 17065
16624 17220 19113
15861 18780 17510
16617 18006 18541
17871 17833 17543
17338 18555 17056
16331 18632 17739
16461 16923 19203
16411 18417 18102
17196 17347 18759
17240 18576 16791
16913 18452 17889
17680 18276 17153
16399 17294 19071
17096 18358 17976
18020 17892 17388
18140 17594 17212
16453 18760 17060
16386 18475 18127
18193 17416 17408
16882 17396 18911
17543 18267 17283
17568 18249 17289
16941 16428 19051
17428 17339 18633
16054 18268 18392
17547 17205 18522
17604 18342 16774
17448 16845 18722
17327 18417 17606
17375 18510 16770
18046 17755 17406
17488 17476 18457
17577 18208 17661
17061 18346 17999
17815 18138 16926
17065 17592 18643
16640 18124 18316
17623 16913 18488
16328 18732 17265
17766 16813 18236
17835 17969 17429
17882 17798 17690
16919 17900 18512
17202 17463 18682
17519 17563 18434
17855 17519 18168
16765 16394 19142
17380 17443 18564
17142 16400 19035
17821 16733 18394
17476 17924 18149
17907 17713 17865
17459 18150 17875
16347 17412 19022
18001 17766 17488
17212 17438 18690
16476 18568 17792
17006 18669 17293
15986 18749 17355
17205 18603 16827
17581 18179 17732
16807 18654 17369
17650 17920 17988
17220 18608 16798
17468 18309 17161
17953 17912 17460
16858 17545 18798
16837 16363 19105
17739 18011 17435
16735 18122 18321
17150 18646 16825
15897 18766 17469
17733 18022 17258
17041 16957 18980
16758 17938 18513
16205 18738 17500
16756 17430 18993
17618 17955 17967
16957 16259 19099
17228 17129 18862
17340 17064 18696
17351 18101 17979
17098 18611 16949
17842 17914 17583
16483 18072 18361
16694 17763 18785
17959 17790 17483
17485 17843 18259
17104 17011 18936
17668 17984 17885
17106 18690 16921
18137 17585 17655
17775 17757 18029
16668 18697 17535
16358 18030 18523
17770 16768 18353
15877 17156 19181
17920 17641 17667
17122 17169 18882
16504 16825 19172
17595 18201 17352
18129 17357 17722
17413 18131 17935
16992 17656 18735
16927 17228 19032
16884 17286 18926
15890 18769 17521
17516 18224 17693
16213 17414 19010
17436 18323 17679
17064 18229 18054
17329 18176 17950
18003 17950 16805
16559 17679 18794
17597 17823 18081
16864 17283 18970
16232 18045 18561
16894 18706 17200
17358 17729 18388
16727 18683 17207
17401 17533 18483
17789 17871 17777
16771 17485 18954
17584 17182 18593
16590 17574 18869
17418 17793 18347
17691 18068 17752
17745 17580 18088
17837 17624 18015
16960 16251 19096
17859 17814 17784
16910 18643 17522
17161 17906 18382
17555 17838 18122
16949 17195 19040
16994 16439 19049
16950 18242 18144
17246 17514 18653
17258 17885 18489
16982 17569 18736
17102 17469 18764
17301 17278 18716
16496 17760 18800
17638 18154 17394
17157 17425 18701
16580 18602 17702
16469 18065 18416
16812 17404 18949
17011 17618 18634
16594 18513 17912
16923 17496 18835
16928 16720 19065
17723 16774 18410
17143 18308 17897
17129 18367 17880
16902 18027 18448
17688 17914 17808
17223 18479 17273
16854 18470 17550
17225 18557 16882
16996 17826 18579
17727 17990 17670
18151 17749 16743
17024 17484 18751
17916 17958 17445
17414 17831 18302
17186 18526 17140
17284 18435 17569
16750 17851 18529
17644 18077 17706
18073 17468 17685
17279 17609 18545
16702 18690 17252
16586 18143 18285
16351 18588 17800
16339 17997 18549
17697 17881 17830
17551 18374 17157
17367 18234 17929
16206 17141 19174
17174 17619 18572
17085 18078 18239
17353 18086 18152
17262 17976 18278
18029 17864 16746
17295 18115 18037
17510 17941 18045
17714 17736 18289
17940 17817 17560
16040 17751 18843
17269 18465 17250
16974 18261 18100
17178 17254 18859
17721 17360 18197
17441 17189 18678
17312 18335 17770
17612 18128 17529
17107 18489 17375
16597 18506 17867
17072 18097 18180
16776 17651 18822
16955 18292 18091
16426 17626 18848
18006 17874 17415
16953 16879 18987
16603 17245 19007
17888 17785 17643
16783 18473 17627
17781 17998 17519
17892 17742 17986
17250 18337 17828
17272 18072 18157
17915 17959 17243
17078 17251 18867
17810 17947 17501
17471 18248 17647
17684 18152 17346
16869 17397 18916
17206 18134 18049
17629 18051 17763
17070 18532 17316
17649 18089 17616
17245 18600 16786
17170 18070 18175
16740 17852 18628
17008 17276 18874
17727 17606 18115
17388 18370 17361
17075 17956 18440
16814 17239 19015
17180 17159 18812
17167 17722 18623
17823 17871 17765
17501 18038 18021
18081 17719 16881
16961 18213 18104
17464 17258 18569
18015 17850 17413
16340 18096 18411
17672 17371 18453
16825 18496 17603
16525 17600 18906
17572 17268 18474
17785 17845 17919
17192 18467 17466
16686 17376 19002
17872 17435 18110
16572 17501 18957
17025 17293 18842
17090 17727 18500
16688 18656 17409
16828 17214 19065
17092 18195 18064
16630 17859 18591
17483 18189 17712
17364 16835 18844
17559 17822 18228
17479 17722 18294
17265 18317 17836
16224 17149 19157
17447 17773 18367
17249 18236 17944
17966 17685 17602
15942 18645 17740
16508 17353 19034
17397 17390 18586
17133 18330 17917
16999 17698 18700
17188 17366 18704
16816 17972 18492
17345 17230 18655
16738 16431 19109
16643 17516 18903
17443 17091 18685
17020 18430 17651
17614 18167 17233
17716 17540 18145
17394 17667 18422
17439 17493 18533
17019 18665 16944
16902 17345 18896
17390 18445 17225
17383 18361 17615
17947 17715 17510
17557 17988 17994
17103 17084 18949
17165 17969 18332
17992 17707 17559
17186 18583 16906
16681 17860 18552
17290 18455 17146
17530 18198 17705
18022 17865 16783
16790 18041 18329
17372 18288 17794
17795 17253 18191
17940 17845 17512
17736 17806 18020
17110 18532 17229
17816 17981 17368
16462 18714 17309
17336 18397 17747
17316 17589 18535
17308 17769 18404
17181 17410 18714
16348 18631 17556
17581 18239 17198
17702 17877 17905
17120 17528 18708
17500 18308 17204
17709 18066 17631
17804 17526 18108
16787 17813 18610
17676 18130 17402
17320 18087 18033
17034 17890 18451
17332 17683 18425
16467 18050 18470
17305 17755 18428
17704 17739 18234
17507 18260 17539
16598 17287 19069
16831 18044 18308
17016 18372 17926
17343 18398 17260
17468 16780 18691
17631 18001 17861
17100 17154 18885
16840 17738 18724
17163 18187 18163
17319 17710 18398
17749 17953 17720
17983 17842 17433
17756 17872 17795
17136 17949 18359
