87 38.8444
29793 29848 31685 29321
32259 29384 27920 28200
28308 30387 31061 29598
29268 29832 29003 31952
31285 29388 27190 30011
30274 31654 29362 30108
31971 29110 28238 27621
31454 28257 29207 29313
31276 29467 27358 29959
31309 29436 27640 29749
31336 29335 27460 30076
32040 29149 28074 27717
31420 28337 29158 29361
31791 28828 28534 28279
28396 30489 30585 31406
31180 30312 30139 30498
31498 29539 28897 27841
28499 30366 31038 29592
32131 29321 27729 28210
31377 28570 29266 29497
31300 29327 27412 30220
28843 30147 30977 31126
31547 28272 29004 29339
32203 29476 27885 28126
31356 28394 29159 29544
31760 28767 28706 28249
29049 29928 31577 28672
28315 30354 31028 29715
31245 30754 30061 30800
29695 29963 29438 31482
32079 29042 28106 27690
28582 30286 30782 31318
31624 29088 28648 28480
31314 28881 29201 29590
31446 28707 28140 30025
31710 28897 28646 28367
31266 28716 28358 30185
28770 30661 30870 31088
32187 29421 27761 28136
31145 30763 29998 30831
29497 29852 31609 28882
32091 29169 28021 27950
28618 30406 31018 31002
32004 29430 27792 28329
31519 28649 28786 29212
31319 28425 29132 29539
32064 29396 27866 28435
31365 28526 28338 30007
31820 28785 28374 28510
31858 29059 28267 27659
30105 30109 28843 31387
31357 28515 29168 29511
29378 29925 31108 29461
31779 28667 28557 28005
31868 29491 28080 28294
31644 29078 28692 28746
29396 29822 28952 31924
28841 30090 30959 31336
30867 30979 30028 30694
30284 30101 30444 30845
31466 29537 28725 27884
31393 28469 29146 29472
31878 29610 28043 28617
30763 31136 29495 30429
31034 30326 30183 30526
31256 28786 28328 30044
31317 29671 28736 28605
29912 31061 29921 30313
32011 29408 27833 28360
28982 29209 30109 31398
31662 28997 28753 28145
30535 30603 29957 30982
30669 31453 29348 30156
29005 30826 30948 29972
31540 29814 27868 28399
28748 30825 30914 31050
32028 29403 27770 28240
29022 29688 29681 31508
29874 30796 30079 30671
30350 31555 29453 29518
31505 28986 29003 29820
29144 30162 31283 29021
31658 28948 28863 28548
29450 29765 28869 31822
30497 31255 29355 30485
31996 28903 28174 28021
29250 30433 30605 29835
30123 30558 30322 29144
31485 28597 28346 29939
28966 29561 29702 31659
31736 28928 28590 28637
30817 30931 29940 30892
28913 29498 29481 31719
31057 30334 30298 30402
31387 29120 28431 29857
30169 31585 29601 29656
31556 28457 28999 28973
28428 30626 30532 31296
31280 28955 29119 29524
31079 30688 30146 30928
31306 28629 28348 30086
29738 30076 29269 31503
32069 29378 27959 28086
29942 31062 29740 30578
30909 30304 30444 30267
29529 30495 30766 29297
31738 29201 28421 28777
31092 29991 30203 30459
30251 29743 30369 30937
29839 29736 31650 29098
29252 29759 29067 31902
30080 31216 29811 30519
28474 30325 30989 31160
29397 30132 31414 28955
30060 30965 30783 28937
31428 29723 29053 27976
30959 30341 30260 30598
30927 30395 30194 30750
31888 29297 28228 29091
29474 29642 29294 31714
31333 29392 28813 28059
31978 29151 28006 28568
28871 30950 30839 30885
29811 29809 31664 29222
31345 29717 27732 28415
29104 30135 31397 29000
31570 29371 27811 29312
28462 31146 30025 30164
29459 29853 29178 31766
29824 29870 31513 29255
28697 30215 30897 31272
29658 29874 29627 31446
30132 31607 29563 29639
30991 30510 30290 30222
31754 29025 28614 28629
28817 29482 29720 31689
30226 31622 29323 30244
30447 31165 29878 29728
31578 29145 28649 29852
31748 29540 28095 28822
31475 29008 28492 29916
28724 31067 30232 30524
31409 29042 28623 29987
29287 29330 29927 31239
28891 29818 29802 31553
29659 29743 31532 29388
31312 29423 27691 29614
29581 29706 29084 31858
30188 31399 29697 29508
30644 31272 29638 29948
29191 30534 30574 29751
31131 30285 30124 30656
30840 31206 29388 30371
31787 29234 28299 29175
31370 29105 28876 28705
31281 29450 29018 28206
30689 31326 29561 30337
29305 29800 29092 31879
28806 30112 31092 31328
31252 29579 29112 28044
29670 30682 30538 29320
30523 30578 29971 31160
29092 29903 30412 30868
31979 29126 27926 28153
30998 30983 29494 29796
32007 29606 27931 27908
29267 30197 31476 28858
30626 30913 30045 30654
30206 29786 30459 30976
28981 30785 30934 29980
30833 31234 29493 30235
29345 30034 31186 29411
29422 29917 31179 29574
29272 30012 31494 28767
30607 31528 28976 29570
29101 29788 29820 31275
29980 31128 29874 30282
30233 31579 29563 29687
29546 29916 31439 29103
29196 30472 30422 29900
31775 29465 28282 28109
29230 29851 28944 31891
31975 29550 27933 27931
29471 30131 29555 31552
31915 29288 28159 27982
30479 30614 29855 30992
28797 30818 30828 31199
29502 29997 29142 31811
31809 29623 28248 28718
30782 31358 29201 29668
29629 29930 31144 28915
30485 31297 29705 29555
28726 30980 30719 31028
31659 29252 28199 29452
28485 30640 30524 31268
31407 29838 27819 28168
28853 30768 30842 30291
31721 29385 28467 29228
30887 31267 29399 30242
29077 29341 30047 31443
31421 29096 28656 29898
29075 29360 29836 31379
30410 31230 29656 30029
28786 30696 30926 31013
31680 29059 28740 28536
29820 30621 30676 29443
31267 28912 28070 30072
30145 31388 29842 29459
29527 30185 29388 31519
29608 30594 30755 29263
29571 29789 31003 29375
31549 29521 28919 27627
31991 29689 27866 28088
29360 29972 31207 29345
31785 28952 28552 28602
31106 30259 30148 30593
31760 29422 27986 29279
31462 29118 28673 29829
31298 28609 29163 29675
30561 30294 30336 30510
29086 30032 29515 31599
29165 30272 31452 28956
29113 30704 30798 30595
31503 29023 29083 29754
29584 29857 29280 31736
30453 31411 29433 29673
28598 31084 30410 29993
30113 31438 29786 29538
31541 29591 28503 29153
28784 31033 30227 30347
29826 30750 30704 29214
28741 31020 30180 30732
31317 28777 28473 30050
28586 30461 30987 31189
29930 30511 30204 29472
29766 30820 30477 29226
30437 30802 30164 30653
31681 29695 28278 28689
31633 29696 28230 28336
30549 31367 29369 29719
29174 30034 31333 29043
31672 29108 28529 28675
29125 30943 30468 30644
30418 31479 29604 29620
29181 30295 31375 28913
28686 30922 30747 30915
31730 29461 28260 29077
31693 29082 28560 28529
29166 30029 31298 29052
30735 31345 29352 30109
28665 30298 30738 31358
30743 31305 29261 30168
30004 31424 29670 29735
30795 31096 29713 30459
30937 30454 30218 30361
29724 29751 29242 31650
31457 29714 27912 28255
29117 30739 30884 29870
29859 29725 31561 29174
29569 30034 31068 29460
30119 31485 29614 29767
30008 30888 30657 29046
29417 29887 29189 31709
28760 31026 30299 30565
30671 31465 29175 29481
28441 30334 30562 31323
29247 29278 29962 31348
29592 29940 28998 31732
29773 30198 29195 31564
31479 28939 29094 29805
30380 31335 29590 30280
30083 31063 29989 30114
29886 30662 30236 30675
30397 31518 29419 29891
28808 31040 30129 30586
30598 30986 29774 29997
28656 30452 30987 31264
29456 30378 29252 31248
29178 29199 29928 31421
28730 31009 30261 30618
30000 31031 30803 28922
31463 29485 28982 27861
29219 30171 31310 28966
31916 29352 28110 29029
29453 29827 31266 29332
29527 29861 31244 29390
30810 30771 30011 30817
29067 30774 30642 31255
28814 30184 31046 31166
30793 30856 30075 30921
30720 30357 30332 30709
28930 30728 31002 30090
31605 29170 28518 28821
29201 30132 31222 28969
29806 29823 29047 31639
28668 30414 30981 31312
30388 31023 29745 30194
31938 29456 27848 28249
30320 31181 29688 30117
29639 29776 29426 31618
30858 30440 30229 30392
30366 31547 29443 30041
30043 31109 29902 30573
31836 29293 28331 28064
29711 30253 29039 31346
30762 31244 29538 30539
28949 30217 30903 30963
29521 30059 29126 31680
30579 31120 29662 30041
29436 29785 31282 29349
29132 30192 31270 28971
31799 29184 28373 29119
28461 31120 30562 29787
29407 29912 29302 31700
29706 29627 29356 31513
30018 30261 29102 31261
31950 29536 28008 27995
30240 31639 29446 30131
31944 29520 27949 28228
30843 31178 29319 30327
30514 31499 29410 29725
31395 29218 28608 29765
29361 30013 31446 28869
29315 29983 29285 31878
31908 29248 28249 29109
30034 30995 29657 30611
32105 29326 27725 28222
28431 30996 30724 29918
30891 31190 29693 29773
30403 30397 30248 30722
29473 30052 31145 29432
29644 30834 30505 29212
30433 30426 30152 30797
29414 29978 31160 29405
30264 31496 29624 29658
30654 31201 29602 30359
29910 29840 31501 29164
29453 30121 31353 28817
29241 29442 29751 31209
31403 29711 29140 28029
29336 29252 29978 31263
30978 30302 30189 30704
28807 31011 30211 30544
29732 29947 29215 31611
31370 29263 28363 29676
30156 31254 29726 29905
31528 29401 28577 28989
30240 31466 29567 29932
31355 28918 28139 30033
30295 31536 29436 30080
29832 30676 30632 29192
31049 30262 30205 30541
29556 29792 29066 31794
31648 29181 28562 28407
28771 30846 30992 30970
31967 29195 28067 28132
30175 31287 29563 30291
29525 30072 29171 31629
29622 30062 29331 31519
32103 29363 27903 28334
30590 30931 30067 30741
31340 28661 29149 29418
29374 30819 30426 29698
31994 29474 27697 28251
29650 30041 31205 28885
29850 29898 28915 31348
31415 29112 28387 29934
28420 30722 30657 31227
30055 31246 29838 30140
30392 31434 29466 30097
28415 30542 30462 31411
31584 29166 28563 29788
28411 31039 30635 29950
28808 30999 30405 30662
29702 30728 30377 29291
31873 29571 28130 28057
30035 30871 30884 29157
31492 29709 28310 28965
29787 30765 30500 29276
30955 30247 30397 30332
30902 31175 29548 29957
28594 30644 30689 31246
30855 31106 29533 30257
31763 29215 28354 28843
30893 31281 29396 30245
30365 31533 29500 29689
31716 29575 28218 28886
29549 29902 31545 29089
30747 30452 30201 30716
31513 29001 28480 29865
31553 29547 28302 28899
31913 29797 28057 28131
30520 30387 30299 30763
30053 30680 30350 29121
28685 31124 30269 30679
31720 29710 28162 28732
29969 31025 29749 30612
29223 30083 31034 29290
29506 29933 31446 28837
28878 30043 30949 31176
29124 30115 31354 29066
29814 30064 28847 31367
29617 29778 30855 29456
31611 29417 28271 29012
29192 30023 31238 29270
30414 30111 30355 30952
30427 30535 30020 31044
29470 30581 30492 29815
30464 30758 30126 30911
28732 30866 30908 30967
30693 31290 29510 30278
30424 31616 29274 29974
29330 30207 29271 31182
29482 30842 30651 29339
31428 29524 28592 29115
30683 31389 29210 29616
29632 29940 31456 28635
29641 29951 29280 31575
31362 29876 27949 28283
29036 30901 30812 31181
29141 30539 30623 29880
30634 30490 29906 30993
31951 29150 28352 27642
31387 29598 28747 28907
28898 30227 30864 30925
30890 30025 30248 30790
31847 29642 28072 28154
30333 29735 30460 30776
30127 31024 29755 30443
31779 29220 28344 28794
29641 30589 30786 29202
29481 29705 29152 31786
29214 30056 31157 29067
29646 30011 30893 29405
31595 28657 28495 29059
30126 30814 30621 29032
29432 29726 29213 31889
31331 29380 28988 28221
29867 29762 28965 31552
30304 31167 29744 30254
31934 29503 28067 28063
31834 29270 28343 29104
30898 30240 30395 30447
30069 31377 29697 29810
29634 29984 29235 31572
31290 29512 27745 29885
30327 31636 29405 30110
29039 30671 30861 29988
30823 31091 29542 29981
30557 31376 29474 29699
30182 30540 30339 29137
29183 30446 30483 29852
28606 31031 30543 30122
30072 31290 29777 29565
29082 30728 30554 30396
30133 29906 30340 30977
30644 31472 28977 29479
31772 29397 28288 28985
30446 30633 30158 30543
30241 31309 29624 29661
29320 30650 30541 29797
31427 29517 28909 27995
31898 29376 28171 29092
29717 29688 29372 31414
30164 30745 30683 29032
31407 29265 28408 29533
28612 30715 30859 31165
30238 31196 29925 30015
29928 29606 29517 31176
29260 29918 31491 28814
31313 29412 27751 29712
30336 31523 29402 30114
31459 29563 28891 27647
29512 30278 29221 31214
30707 30718 29915 30973
29832 29956 29050 31368
31600 29402 28400 29062
31322 29619 29061 28126
30158 30956 30112 30447
29396 30020 29475 31864
29376 30230 31314 28854
31560 29441 28547 28966
31733 29158 28247 29610
31589 29507 28896 27930
29815 30655 30682 29238
30160 31308 29769 29609
31556 29825 28123 28180
28943 29848 29910 31267
29078 30998 30479 30637
29466 29782 29471 31699
30847 30221 30276 30710
31521 29510 28688 27645
29900 29691 31449 29235
30350 31427 29505 29727
30795 30319 30170 30809
29734 30781 30548 29284
30384 31445 29466 29744
30702 31110 29566 30501
29259 30254 31323 28890
28744 30963 30241 30814
