26 1.2015
16281 16784 16348
16154 16781 16408
16525 16425 16832
16400 16239 16980
16306 15992 17188
15905 16523 17320
15879 15677 17419
15844 16815 15983
16657 16082 16890
16553 16281 16748
16531 16028 16978
16382 16592 17181
16188 16606 16730
16182 16684 16551
16151 16690 17002
16137 16300 17222
16086 16411 17224
15887 16180 17396
15878 16807 15920
15795 17080 16606
15762 16422 17347
15569 16668 17091
16667 16097 16473
16655 16111 16637
16476 16725 16467
16411 16079 17005
16393 16539 16525
16228 15796 17349
16186 15908 17229
16078 15955 17234
16047 16072 17410
16016 16802 17072
15973 16336 17230
15804 16914 16169
15766 16945 16674
15715 16804 16784
15623 15848 17441
15553 15669 17483
