1666 94.268
7361 7841 9606
9902 7906 7381
7515 7633 9610
7891 7607 9464
7411 9952 7482
9906 7756 7421
8171 7698 9312
7749 7680 9531
9437 8717 7572
7755 9771 8067
7842 7744 9510
9327 8743 8030
8645 8454 8963
9375 8465 8312
7675 8451 9347
9343 8516 8303
9825 8233 7453
8020 9434 8516
9233 8783 8043
7884 8876 9071
7882 7623 9480
8088 8043 9372
9282 8850 7477
7531 8083 9558
8690 8438 8997
8208 7842 9267
8104 7896 9299
9858 8142 7513
8681 9132 8533
8166 8158 9242
8867 8765 8661
9280 8910 7739
8550 8938 8706
7860 8612 9222
8111 7884 9330
9479 8567 7857
7698 9736 8167
8971 8584 8635
8190 8799 8937
7934 7972 9414
9903 7851 7402
9332 8847 7671
8265 8753 9014
7731 9926 7598
9882 7963 7431
9243 8533 8180
7709 9683 8266
9491 8694 7695
7988 7890 9386
8362 8290 9080
8037 8969 8976
8537 8367 9051
8002 9062 8908
9889 7962 7586
8511 9204 8529
8095 7867 9346
7684 8203 9498
8859 8893 8545
7643 7807 9574
8627 9170 8560
9848 8144 7401
9413 8803 7880
8253 9620 8158
9474 8678 7918
8141 9656 8139
9255 8901 7789
8080 9256 8752
8065 9450 8493
8998 8657 8524
8049 7776 9405
9196 8943 7844
7863 9578 8364
8459 9407 8379
9085 8604 8434
8569 7781 9047
8828 8581 8726
9447 8539 8082
9120 8274 8815
7817 8980 8970
8562 8049 9099
8420 8144 9112
9306 8485 8349
7779 7791 9529
8120 9412 8423
8401 8194 9123
7659 8772 9149
8908 8859 8456
7494 7877 9605
8773 8128 8949
8174 9383 8530
8423 9626 7789
9394 8506 8191
7435 9948 7533
7556 7880 9594
8096 8025 9309
9675 8187 8082
7874 8640 9166
8483 9318 8439
8607 9311 8386
8683 9412 8118
8560 9049 8675
9591 8496 7940
9218 8213 8686
9559 8265 8224
8612 9071 8615
7476 7929 9591
7956 9812 7860
9287 8178 8584
7941 9868 7660
8929 8957 8359
7973 9474 8450
8753 9397 7832
8065 9149 8793
7791 8229 9467
9604 8354 8028
7829 9831 7842
7444 9940 7549
8855 8809 8636
7850 8413 9336
7580 8038 9551
8589 9366 8373
7966 9864 7634
9458 8151 8307
9895 7954 7415
9507 8531 7868
7825 8867 9103
7651 7944 9564
8978 8451 8709
9303 8837 7708
8427 9558 8049
8187 7922 9290
8991 8625 8590
9899 7909 7498
8467 7952 9196
9898 7917 7562
7981 8405 9189
9210 9027 7813
8518 9316 8473
9267 8556 8132
9651 8124 8098
9725 8255 7993
8552 7904 9151
9090 8819 8253
7650 7775 9581
9468 8421 8238
8125 8390 9202
7653 8192 9514
7448 8065 9572
9318 8814 7922
9045 9040 7927
8938 8830 8512
8474 9540 7962
8756 8298 9002
7635 7970 9544
8955 8821 8569
8724 9284 7933
7910 8009 9454
9565 7817 8208
9430 8378 8263
8384 9485 8278
9003 9134 7805
9542 8589 7855
7776 8327 9427
8442 9595 7950
8006 8886 9029
8345 8211 9138
8435 9220 8563
7567 7998 9576
8259 8774 8863
8214 9538 8282
8500 9441 8371
7798 9486 8499
7613 7988 9560
7972 7750 9419
9785 8289 7775
7935 9792 8006
8917 8713 8575
8197 9225 8700
8044 9294 8688
8950 8909 8404
8943 8423 8732
9084 8346 8771
7427 8099 9557
9570 8457 7969
9634 8288 8017
8491 8467 8922
9134 8281 8756
7819 9799 8025
8018 7832 9395
7839 8052 9444
9872 8053 7528
7746 9551 8374
8378 9183 8667
8373 9291 8601
9496 8651 7630
9100 8972 8055
9230 8236 8591
9203 8673 8164
8516 9520 8124
8645 9189 8389
8226 9634 8135
7875 9817 7972
8033 9459 8497
9144 8227 8802
7614 9763 8093
8276 9531 8191
8730 8895 8611
7822 8703 9183
7877 9088 8892
8399 9666 7885
8809 8998 8541
9038 8068 8900
8795 9075 8117
7467 8059 9592
9807 8314 7610
8158 8111 9251
8249 9169 8764
9736 8211 7976
7740 9523 8413
7559 7821 9588
9115 8398 8727
8049 7813 9378
8319 9022 8739
7896 9744 8136
8762 9237 8327
7772 9914 7598
9417 8715 7983
8723 8108 9034
9639 8497 7686
9522 8375 8285
8132 9343 8609
7905 9694 8198
8239 9271 8656
9059 8220 8867
9325 8302 8452
9538 8324 8182
7479 7964 9590
9139 8319 8716
9618 8464 7772
8819 9012 8508
7869 9508 8467
8836 9045 8502
8927 8239 8926
9580 8283 8109
9865 8091 7683
8153 8085 9281
7732 9895 7705
8955 8655 8645
7505 7995 9587
7732 9712 8206
9622 8377 7954
9287 8493 8415
9869 8019 7598
8778 8119 9021
8702 8507 8800
8962 9160 7713
8131 9176 8785
8704 9335 8184
9091 8669 8394
9551 8556 7860
9386 8248 8465
8207 9056 8830
8812 9251 8102
7807 8329 9425
8877 9015 8324
7653 8169 9527
8637 9270 8347
7841 9649 8217
8752 9109 8398
9068 8501 8697
9070 8183 8876
7915 9596 8181
8560 9275 8463
8541 8097 9040
8429 8052 9214
8716 9122 8344
9172 9102 7767
8190 9082 8838
7817 9723 8162
7943 9875 7637
9718 8384 7811
9038 8261 8852
8621 9132 8577
8018 9855 7719
8329 9662 7912
8093 9093 8844
8409 8977 8746
8613 9309 8274
8126 9236 8704
8276 9718 7792
9010 9111 7641
7591 9882 7800
8501 7957 9177
7714 9908 7649
8200 9557 8195
9174 8526 8243
8930 9157 7818
8877 9305 7820
8296 9654 7945
8005 9586 8230
8709 8124 9024
8031 9364 8670
7604 8118 9548
8184 8250 9185
9701 8033 8053
8207 9323 8589
8742 9453 7883
9049 8608 8507
9790 8258 7713
8412 9597 8002
8015 9840 7797
8138 9704 7900
9838 8077 7700
9119 8311 8771
8007 8477 9174
7735 9756 8107
9493 8617 7744
8808 9355 7826
8366 9237 8650
7844 9785 8023
7808 8243 9412
7905 8834 9142
7959 9752 8131
7679 8641 9218
9881 7998 7497
8529 8113 9145
8891 8011 8954
9710 8298 7904
7863 8476 9283
8312 9097 8782
8740 8874 8720
7468 9940 7539
8088 9449 8409
7944 7831 9461
8262 9302 8597
9520 8434 8044
8289 9120 8822
8327 9504 8358
8300 9253 8615
7727 7877 9557
7912 9883 7647
8436 9589 7988
8313 9351 8470
7763 9580 8349
9750 8362 7756
7849 9846 7769
8158 8862 8970
9824 8203 7558
9680 8104 8083
8434 9470 8348
8846 9287 7831
9668 8293 8011
8636 9299 8394
8893 9245 7771
8584 9544 7826
9011 8225 8932
8771 9363 7770
8357 9635 7957
7514 7836 9597
9071 8240 8840
7701 9910 7729
8281 9739 7772
8328 9498 8265
8340 9474 8319
8579 9352 8399
8790 9025 8513
9841 8221 7553
9186 8650 8239
9740 8442 7773
7627 7997 9538
8802 8840 8718
9666 8339 7905
9874 8012 7617
8914 9181 7698
9547 8480 8012
8917 8260 8917
8080 9117 8891
8496 9610 7843
9026 8289 8849
7750 9644 8288
9688 8337 7920
8187 9638 8111
8239 9409 8500
9599 8120 8123
9444 8314 8292
9765 8390 7686
9864 8062 7721
8802 8278 8882
9171 8967 7865
8461 9503 8261
7832 9908 7541
9154 8313 8720
9192 8196 8695
9149 8233 8777
9017 8635 8581
8391 9583 8022
7837 8700 9192
9693 8374 7873
9800 8246 7625
8553 9163 8579
7586 8338 9457
8838 9315 7749
7710 8334 9447
8510 9247 8493
9815 8068 7864
7721 9842 7872
8148 9168 8792
7947 9753 8091
9774 8321 7760
9660 8349 7910
8035 9124 8800
9014 8072 8904
7867 9720 8199
8257 9649 8089
9168 8521 8338
9320 8216 8540
9804 8102 7836
9877 8020 7535
9552 8608 7752
8543 9502 7947
8820 8401 8827
8847 9068 8011
9105 8163 8825
7777 8518 9336
9337 8048 8467
9272 8164 8613
9540 8524 7893
8268 9139 8720
8888 8364 8790
7609 8137 9541
8901 9224 7872
8643 9026 8606
9679 8432 7854
9714 8394 7839
7621 9614 8382
8348 9002 8822
8334 9700 7895
9759 8270 7896
8524 9308 8401
7469 8014 9596
8081 9785 7814
7874 7886 9483
8222 9378 8513
9874 7956 7657
9737 8153 7981
8223 9142 8790
7572 8061 9562
7608 8218 9504
7710 7755 9568
8538 9375 8331
9086 8273 8832
7751 8438 9383
9182 8230 8733
8224 9334 8576
8793 8628 8781
9103 8632 8299
7793 8227 9490
7612 9899 7742
7725 8200 9507
9177 8283 8722
8514 9372 8345
9756 8195 7968
8405 9614 7959
8414 9617 7909
8321 9604 8167
9462 8298 8298
9799 8254 7742
9745 8279 7852
7734 9905 7645
8320 9019 8819
9022 8233 8870
9747 8365 7691
9165 8195 8822
9723 8173 8003
9021 8138 8882
9180 8115 8760
7594 7786 9589
7618 7879 9583
7512 8093 9571
8014 8403 9218
9773 8112 7927
9716 8348 7886
8152 9222 8748
8396 8433 9017
9095 8288 8795
8136 9702 8121
9859 8033 7816
8520 9595 7881
8388 8166 9193
8349 9318 8541
7704 7961 9562
9698 8351 7884
9778 8211 7869
8336 8091 9250
8005 9748 8046
9827 8162 7734
9813 8086 7840
7595 8165 9540
9831 8072 7825
7734 9604 8390
