67 12.5118
25650 23441 23588
25643 23485 23533
24094 24209 24718
25686 22713 24236
23990 23138 25534
25878 23299 23755
25764 22550 24219
25691 22808 24001
25658 22495 24299
25280 22971 25242
24201 23050 25665
24099 23053 25568
25732 22608 24287
25636 22781 24134
25210 24479 24111
24219 23229 25531
23968 24285 24919
25634 24080 24206
24538 24819 23848
25741 23300 23532
25628 22439 24386
25152 24500 24205
25079 24613 24202
25047 24663 24177
24657 23070 25546
23988 24337 24797
25166 23172 25418
25165 23527 25431
24763 22945 25580
24535 24899 22829
24135 24890 23024
24069 24196 24808
24037 24203 24724
25792 23326 23429
25742 23315 23430
25711 23412 23406
25691 22616 24118
25338 24469 23812
25175 24284 24625
25012 24666 24238
24951 23730 25334
25790 23304 23480
25688 22971 24061
25464 23861 24757
25452 24096 24692
25410 24333 24366
25395 24275 24505
25375 23560 24855
25334 24481 23844
25333 24469 23899
25312 23098 25080
25233 24394 24576
25229 23379 25396
25206 23889 24933
25169 24569 24115
25155 23324 25482
25152 24113 24953
25015 23554 25254
24068 24999 23039
25681 22754 24267
25653 23102 24071
25626 24227 24681
25427 24321 23649
25355 22962 25067
25341 24195 24906
25324 24437 24539
25299 24460 24467
25273 23478 25325
25260 24373 24593
25239 24530 23873
25162 23638 25192
25123 24558 24365
25090 24155 25031
25066 24049 25076
24933 24615 24361
24925 24686 24138
24824 23761 25332
24659 24826 23807
24468 24730 23959
24168 23266 25502
24111 24942 22998
24085 24969 22980
23885 23820 25079
