58 5.46688
28659 30475 29063 29127
29031 29922 28429 29740
28793 30415 29353 29100
29151 29949 28895 29468
29035 29725 28982 29563
28995 30328 29265 28975
28580 30560 29230 29438
28623 30552 28896 28948
28528 30542 29227 29512
28860 30445 29290 29409
29437 29858 29478 29179
28871 30454 29259 29424
28754 30436 29198 29453
28741 30437 29221 29432
30148 29449 27910 29069
29474 29845 29386 29096
29393 29048 29645 28894
29369 29927 29399 29235
29069 29918 28880 29477
28759 30458 29077 29338
28589 30473 29109 29224
29559 29830 29358 29361
29528 29784 29438 28954
29512 30095 28416 27849
29432 28840 29610 29044
29097 29806 28881 29685
29527 29914 29466 29040
29463 29902 29459 29389
29445 29925 29425 29403
29371 28904 29737 29134
29294 29888 29476 29087
28873 30391 28766 29268
30236 28095 28824 29680
29556 30138 28382 27914
29519 28776 29686 29010
29224 28684 29565 29485
29208 30272 29080 29177
28439 30172 29723 29292
29838 30014 28337 28290
29230 30183 29208 29007
28921 29890 28830 29812
28439 30158 29769 29372
28499 30709 29143 28912
28493 30173 29718 29344
29963 27812 28948 29501
29568 29010 29611 28980
29395 30253 28548 27973
29344 29073 29142 29820
28938 29774 29504 29490
30204 28079 29285 28982
29983 28095 29280 29089
29572 28752 29564 29183
29500 28809 29618 29139
28345 30096 29752 29563
30182 28194 29146 28959
30112 28600 28454 29700
29702 30262 27925 28249
29045 29873 28921 29948
28599 30645 29157 28846
28515 30052 29679 29218
30433 29266 28560 28642
30168 28622 29085 29298
30059 28353 28748 29658
29885 29542 28869 28303
29769 29723 28783 28253
29432 30161 28337 28073
28553 30340 29575 29930
28499 30676 29161 28737
30507 29211 28650 28692
30263 28140 28302 29531
30122 29296 29020 28216
29957 28367 28948 29434
29410 29119 29547 29258
28698 28770 30165 28724
28642 30057 29684 29157
28639 30102 29671 29570
30559 29363 28366 28602
30543 29338 28424 28539
30340 28382 28532 29517
30164 29259 28918 28343
30068 28311 28884 29678
30058 28287 29086 29089
28572 29955 29708 29494
28567 30752 28691 28989
28251 30636 28957 29624
30558 29443 28399 28791
30071 29346 29018 28485
29921 29623 28903 28231
29651 30332 27986 28082
29615 30035 28396 28249
29167 28894 29961 28671
28909 30385 29669 29923
28759 30520 29128 29017
28756 28839 30161 28650
28754 30277 29278 29930
28666 28810 30070 28765
28622 30528 29185 28845
28166 30842 28968 29596
30432 28492 28813 29445
30424 29574 28663 28864
30377 28360 28802 29508
30213 29391 28861 28128
29954 29031 29601 29073
29656 28997 29222 30007
29552 29036 29069 30058
29539 28933 29482 29148
29166 28911 29481 30061
28624 28648 30061 28816
30495 29546 28373 28828
30221 28380 29072 28995
30194 28251 28986 29440
30092 28202 29269 28977
29882 29907 28137 28817
29732 30018 28467 28340
29731 30012 28763 28444
29710 29152 29601 28815
29688 29142 29493 28878
29661 30304 28113 27883
29622 29011 28957 29839
29391 30270 27946 28119
29354 30135 29324 28982
28915 28785 30223 28697
28908 28811 30026 28660
28798 29074 29806 28847
28733 29126 29996 29101
28699 28653 30032 28832
28496 30681 29176 29061
28361 30836 29018 29534
30516 28372 28778 29423
30495 28599 28749 29349
29880 29033 29462 29098
29578 28921 29700 28854
29526 29000 29203 29900
29226 29352 29079 29582
28843 28793 30137 28573
28164 30463 29326 29210
30529 28435 28738 29416
30473 28892 29019 29276
30297 29590 28656 28853
29793 30234 27951 28021
29528 28947 29650 28810
29427 29136 29049 29695
29321 30049 29267 29000
29266 30062 29401 29004
29252 29285 28962 29567
29210 29379 29110 29600
29192 29361 29190 29546
28619 30403 29307 29523
28581 30540 29064 28939
28410 30638 29033 29528
28244 30655 28943 29568
28085 30456 29390 29247
30602 28992 28923 29270
30416 29091 28729 28676
30033 30216 28323 28782
29997 28423 29123 28898
29803 29008 29518 29093
29711 29171 29516 28785
29604 30286 28061 27923
29578 29128 29012 29856
29478 28903 29613 28976
29397 29156 28920 29893
29372 29160 29525 29276
29256 29449 28937 29568
29180 30431 27863 28185
29091 29036 29294 30140
28915 29100 29119 30153
28807 28928 29949 28978
28755 29107 29931 29154
28739 28571 30078 28760
28548 30669 29262 29268
28432 30555 29051 29625
28417 30717 28904 29368
30533 28998 28898 29297
30510 29189 28635 28742
30475 29637 28416 28485
30406 29011 28846 28765
30405 29760 28557 28984
30368 29457 28771 28883
30316 28649 28775 29511
30256 29016 28780 29040
30231 29813 28589 28868
30145 29586 28795 28889
30139 29452 28694 29060
30054 29852 28604 28465
29776 29944 28703 28292
29723 30355 27807 28093
29441 29027 29779 28745
29391 29077 29031 29852
29379 29239 28969 29700
29355 29923 29666 28961
29258 29892 29695 28974
29222 29926 29467 29058
29155 30230 29464 29141
29152 29727 29818 28748
29139 29985 29512 29007
29066 29480 29004 29526
29034 30324 29463 29730
28856 28899 29966 28486
28828 28738 30096 28702
28825 28617 30036 28754
28799 28619 30138 28712
28746 28961 29944 28898
28512 30634 29272 29204
28296 30616 29108 29386
28143 30471 29353 29172
28115 30657 29060 29655
30647 29556 28500 28349
30375 28782 28895 29470
30333 29167 28889 28995
30209 29181 28974 27885
30177 29544 28692 28976
30158 29763 28767 29004
30142 29109 28853 29292
29933 28888 29481 30017
29793 29922 28652 28125
29766 30045 28467 28214
29626 29061 28920 30299
29584 30037 29200 29464
29437 29955 29565 28740
29348 29942 29675 28921
29237 29844 29485 29053
29199 30021 29791 28900
29177 29896 29707 28916
29108 30028 29695 28909
29026 30015 29526 29234
28952 30261 29503 29789
28891 28719 29979 28928
28812 28752 30310 28679
28776 29069 29936 29012
28552 30702 29049 29270
28428 30684 28981 29480
28242 30646 29074 29304
30640 29487 28295 28365
30387 29083 28909 29007
30386 29093 28652 28900
30303 29701 28630 28972
30213 29746 28648 28794
30166 29610 28635 28891
30130 29812 28604 28478
30130 28906 28880 29330
30081 28300 29166 29087
29989 29952 28524 28532
29989 29781 28696 28301
29987 28202 29117 29196
29982 28375 29135 28911
29948 28994 29339 30237
29943 29918 28559 28507
29868 29624 28825 28510
29856 29924 28560 28493
29820 28895 29467 30215
29778 29859 28638 28151
29654 29034 28858 30239
29605 30032 29267 28701
29582 30233 28147 27966
29480 29963 29251 29144
29453 29938 29645 28716
29389 28929 29847 28376
29188 29372 29254 29540
29103 29699 29937 28731
29091 30051 29696 29156
29076 29278 29590 29276
29001 28792 30131 28536
28914 30151 29527 29758
28873 28632 30120 28706
28858 28771 30316 28625
28755 28438 30174 28797
28589 30501 28848 29354
28565 30434 28829 29570
28559 30449 29062 29503
28549 30623 29038 29331
28106 30638 29108 29588
30592 29303 28204 28501
30448 29662 28492 28332
30309 29685 28642 28603
30305 29316 28484 29000
30196 29036 28947 29096
30135 28178 29118 29014
30127 29457 29004 28835
30106 28177 29181 29029
29805 29915 28630 28281
29753 28962 28860 30246
29716 28929 29362 30076
29688 30018 29178 29003
29621 30458 27907 27818
29609 30381 28033 28095
29571 30406 28087 27929
29540 29039 28789 30358
29477 29078 28837 30169
29446 30246 28099 28037
29407 30159 29034 29146
29315 28968 29575 29178
29298 29372 29639 29255
29275 29787 29757 28931
29262 29433 29544 29187
29260 29990 29555 28909
29223 29965 29697 28924
29191 29477 29429 29536
29031 28736 30348 28661
28924 28515 30012 28727
28923 28872 30173 28524
28915 28659 29948 28789
28901 28671 29834 28894
28843 28657 29988 28701
28449 30529 28711 29517
28393 30722 29065 29430
28393 30593 29071 29440
28386 30526 29064 29517
28351 30596 29149 29539
28066 30769 29056 29133
