69 19.0813
24013 22960 23228 23410
23724 23534 24474 23313
24240 22549 23375 22374
23597 23689 24637 23067
23553 23586 24510 23316
23660 23562 24402 23631
23579 23570 24266 23722
24047 23212 24045 23380
22929 22905 24717 23975
22641 23157 24875 23849
23852 23247 24310 23729
23290 22995 24543 23964
22922 23609 24942 23673
22588 23358 24947 23816
23856 23529 24228 23617
23575 23577 24442 23710
23231 22322 24451 24167
23129 22842 24594 23918
23040 23504 24925 23608
23022 23105 25118 23446
22889 23250 24752 23839
22688 22509 24591 24367
22670 23272 24951 23686
22602 23293 24960 23773
23963 23101 24082 23356
23818 23264 24302 23643
23442 23178 24710 23369
23371 23135 24862 23742
23092 23177 24977 23417
23021 23340 24930 23612
22986 22350 24624 24107
24359 22569 23317 22496
24137 22192 23913 23829
24074 23002 23345 23292
23835 23224 24440 23856
23771 23469 24211 23697
23719 22934 23126 24154
23603 22988 24262 24484
22910 22547 23643 24664
22848 23079 24744 23938
22808 22988 24792 24078
22749 23272 24656 24044
22625 23437 24668 23830
24502 22112 23056 22163
24451 22757 22599 22313
24420 22512 23294 22632
24173 22177 23447 23402
24043 23310 23750 23328
24017 23055 24098 23315
23940 22209 23979 23657
23889 21988 24029 23784
23760 22553 24494 23330
23699 22974 23031 24334
23698 23395 24117 23789
23670 24040 23835 23938
23521 21993 24005 24643
23477 23777 23954 24109
23074 23486 24990 23553
23073 23969 24122 24083
23070 22961 24682 24074
22966 22891 24790 23743
22825 22539 24338 24423
22789 22605 24606 24118
22777 23395 24634 23991
24407 22251 23182 22760
24166 22731 23250 23395
24084 22695 23522 23578
23911 23202 23737 23816
23890 23373 23925 23774
23880 23436 24013 23699
23879 22577 24517 23229
23822 23316 24484 23608
23766 23790 24145 23606
23618 24106 23999 23717
23616 23000 23070 24330
23542 24088 23870 24085
23491 23521 24747 22880
23419 23282 24704 23709
23414 23524 24558 23202
23297 22731 24757 24018
23181 23485 24900 23729
23149 23060 25112 23575
23020 23305 24610 24042
22883 23176 24699 23947
22828 23012 24678 24032
22826 21815 24389 24540
22777 23156 24753 23937
22685 23138 24858 24163
22640 22608 24439 24216
24260 22542 23195 22601
24133 22365 23269 23286
24053 23123 24085 22524
24005 23104 23238 23411
23955 22847 23834 23442
23929 23046 24435 22734
23892 22586 23604 24054
23867 22835 24601 22954
23866 22274 24077 23763
23836 23324 23730 23777
23755 23429 24557 23609
23713 24041 23791 23945
23704 23507 24693 23788
23690 23644 24260 23339
23585 23373 24317 23817
23574 23044 24285 24498
23561 21938 23986 24694
23516 23690 24496 22990
23512 23799 24094 23827
23471 22873 24248 24518
23414 23454 24714 23806
23413 23580 24594 23168
23322 23306 24859 23611
23270 23542 24950 23544
23172 23520 24860 23619
23055 23498 24961 23342
23040 23570 24708 23457
23008 23732 24853 23701
22986 22767 25290 22789
22911 22535 24571 24098
22892 23002 24726 23865
22868 21875 24494 24447
22794 21925 24503 24188
22667 22279 24632 24243
24384 22601 22513 22352
24341 22527 23185 22646
24250 22568 23326 22768
24230 22368 23355 23258
24028 22286 23808 23716
23990 23170 23786 23850
23961 22392 24215 23464
23925 22271 23622 23873
23923 22988 24086 23711
23915 22674 24575 22862
23870 23114 24392 22791
23858 22718 24198 23456
23770 23214 24411 23922
23761 22987 23066 24230
23744 23432 24302 23471
23738 23256 23841 23895
23721 23503 24161 23721
23652 23776 24238 24086
23609 22908 24086 24581
23602 24141 23835 23949
23533 24068 23909 24010
23504 23644 24497 23069
23482 22869 24131 24588
23309 23092 25096 23357
23270 22974 24697 23812
23203 23099 22690 24439
23185 23296 24529 23950
22949 22928 24821 23832
22870 22058 23907 24660
22751 23419 24732 23858
22737 23013 24945 24106
22723 23338 24787 23946
22578 22102 24468 24409
22364 22250 24558 24396
24476 22438 23115 22637
24448 22505 23587 22721
24365 22979 23065 22434
24353 22502 23624 23012
24247 22727 23024 22684
24161 23058 23473 22812
24108 23014 23382 23003
24063 22894 23158 23644
24051 22945 23663 23614
24047 22217 23940 23744
23971 23200 23765 23635
23921 23918 23882 23739
23918 22228 24037 23720
23890 23055 23947 23933
23796 22662 24647 23262
23779 23009 24515 22717
23747 24003 23809 23733
23729 22898 23013 24322
23677 23835 24495 23285
23612 24161 23563 23994
23543 23723 24349 24043
23514 23782 23853 24280
23502 24111 23966 23908
23488 23068 24358 24331
23470 23841 24436 24392
23408 23407 24720 23242
23371 23589 24565 23161
23366 23514 24540 23275
23355 23555 24813 23712
23355 23077 24879 23490
23330 23334 24622 23832
23278 23417 24616 23859
23261 24222 23917 24029
23242 23992 24084 24078
23241 22965 25020 23432
23236 22928 25032 23512
23171 23090 24711 23845
23147 23289 24517 24007
23128 23390 24683 23969
23018 23670 24709 23652
22997 22661 25280 22759
22996 23832 24560 23343
22944 23433 24762 23825
22896 22733 25234 22800
22873 22788 25481 22971
22702 22121 24475 24178
22673 23296 24822 23876
22652 22094 23895 24845
22337 22340 24612 24324
24399 22693 22841 22216
24327 22662 22822 22436
24302 22370 23653 23001
24297 21757 23072 23087
24276 22757 22756 22609
24256 22762 23158 22547
24236 22991 24513 23255
24200 22996 23624 22554
24166 22265 23865 23919
24160 23000 23197 22969
24094 23297 23586 22801
24068 22923 23203 23447
24067 23004 23386 22962
24011 23005 24371 23418
23983 22198 23946 23626
23975 22473 24379 23281
23921 23208 24248 22507
23887 23101 23045 24106
23849 23000 23329 24124
23841 24001 23686 24033
23790 23141 22748 24061
23769 22134 23966 24340
23749 23494 24744 23106
23734 23348 24210 23793
23706 24061 23648 24183
23705 23979 23952 24276
23681 23518 24289 23365
23625 23771 23869 24287
23547 22825 24231 24519
23507 22923 24144 24531
23477 24196 24004 23974
23465 24230 23893 24231
23458 23936 24304 24222
23441 23537 24732 23200
23422 23258 24847 23420
23385 24043 24065 23914
23377 23286 24534 23929
23375 22896 25049 23426
23292 23256 24758 23760
23287 24236 23949 24024
23276 23088 24233 24658
23275 23411 24504 24162
23242 23638 24674 23655
23231 23271 24865 23551
23217 23262 24855 23622
23204 23103 24970 23342
23153 23494 25074 23356
23104 22547 24905 23648
23075 22451 25148 22791
23073 22596 25243 23599
23059 22748 25212 22915
22983 23533 24672 23783
22979 22517 24681 24177
22925 23121 25104 23259
22913 22392 23584 24669
22858 22983 24648 24052
22807 23237 24782 23828
22752 22120 23874 24691
22372 22322 24494 24449
22327 22382 24712 24244
