1187 44.0951
34401 34773 32618
34704 33951 33099
34408 34705 32949
34664 34258 33302
34575 34713 32913
34740 34184 32614
34386 35064 32703
34479 33719 33501
34454 34402 33203
34374 34643 33189
34399 34202 33460
34278 34370 33404
34262 34702 33166
34157 34735 33434
34344 34361 33471
34318 34209 33624
34148 34505 33613
34111 34264 33923
34154 34160 33829
34261 34303 33551
34316 34450 33386
34172 34672 33226
34237 34320 33758
34098 35032 33459
34202 34625 33349
34054 34001 33973
34448 34743 32897
34107 34369 33840
34102 34935 33313
33885 35135 33624
33929 35417 32742
34050 35075 33756
33953 35319 33310
34143 34785 33486
34625 34492 33154
33815 35453 33495
33785 35605 33547
33781 35612 33416
33797 35620 32796
33519 35972 33283
33707 35777 32938
33603 36001 33168
33613 35954 33218
33272 35800 33802
34391 35018 33083
33982 35084 33278
33970 35221 33532
33552 35920 33259
34161 35310 33220
33280 35815 33769
33689 35707 33516
33835 35434 33574
33563 35450 34118
33441 35773 33717
33972 35176 33522
33846 35154 33673
33842 35106 34043
33777 35303 33875
33488 35333 34280
33243 35733 33845
33691 35508 33703
33699 35846 33430
33861 35149 33637
32940 35980 33706
33310 36018 33666
33271 35814 33775
33168 35773 34079
33960 35233 33304
33874 35442 33384
33908 35560 33278
32658 34913 34719
33077 35104 34555
33911 35287 33501
34034 35366 33190
33344 35649 34142
33772 35602 33563
32859 36194 33144
33948 35413 33440
33161 35938 33920
33742 35706 33412
33723 35677 33690
32804 34924 34692
33973 35167 33487
33763 35416 33857
33004 34780 34771
33784 35263 34045
33626 35593 33972
33648 35753 33728
33485 35537 34110
33636 35511 33905
33362 36164 33313
33540 35629 33980
33224 35481 34230
33649 35789 33608
33350 35907 33590
33644 35807 33637
33542 35871 33646
33728 35322 33877
32903 36074 33472
32888 34906 34702
33700 35477 34048
33391 35209 34529
33763 35480 33573
33491 35377 34228
33842 35383 33648
33528 35209 34264
33630 35168 34309
33193 35827 33881
33203 35480 34284
33483 36112 32912
33725 35380 33978
33744 35675 33700
33264 35211 34455
33387 35626 34212
33076 35516 34432
33253 35406 34284
33523 35760 33717
33678 35421 34117
33794 35150 34165
33370 35784 33707
32948 36048 33409
33740 35695 33453
33128 35321 34395
33516 35252 34232
33634 35442 34180
33203 35433 34320
33051 35523 34300
33388 35540 34173
33180 35436 34354
33380 35251 34387
33714 35502 34045
33554 35201 34286
32941 35231 34663
33466 35176 34346
33256 35419 34243
33174 35576 34241
33439 35391 34232
33183 35533 34290
33506 35730 34041
33975 34878 33873
33431 34873 34545
33225 35326 34393
32961 35249 34536
32949 35078 34561
33690 35163 34274
33071 35867 34010
33747 35275 34178
33221 35532 34230
33185 35734 34052
33283 35148 34550
33835 35261 33995
33360 35299 34386
33928 35063 34274
33772 34910 34479
33368 35881 33766
33220 34973 34667
32586 35525 34421
33482 35465 34116
32811 35666 34211
33215 35263 34461
34023 34795 34302
33453 35186 34352
33151 35961 33795
33205 35288 34534
33031 36027 33701
32561 35566 34348
32643 35744 34232
32910 35349 34529
33106 35451 34475
