286 9.37437
2365 2998 3494 3266
2591 3161 3674 2830
2671 3083 3019 3635
3490 3156 2880 2867
3336 3456 2953 2563
3028 3894 2770 2904
3258 2719 3093 3169
3356 3334 2478 3054
2409 3456 3313 3156
2457 2948 3516 3246
3331 3436 2986 2598
3479 3230 2491 2947
3465 3249 2530 3002
3284 2787 3169 2967
2792 3389 3478 2660
3320 3395 3002 2628
2524 2744 3406 3393
2836 2754 3459 3265
3170 3600 2578 3067
3259 3273 2550 3264
3427 3358 2627 2903
2728 3115 3039 3615
3367 3442 2975 2616
2565 2915 3665 2919
3462 3263 2561 2964
3286 3512 2599 2994
3183 2866 3225 3150
3408 3459 2812 2692
3455 3176 2536 3110
2508 3593 3285 3076
2735 3110 2990 3607
3445 3299 2603 2969
3013 3847 2790 2891
3472 3209 2621 2976
3299 3617 2690 2839
2538 3132 3370 3402
2607 3192 3657 2814
3312 3460 3014 2688
2819 3363 3469 2675
3292 3626 2702 2776
3392 2992 3092 2781
2904 2849 3278 3322
2739 3109 3021 3630
3332 3502 2570 2877
3486 3256 2705 2708
3370 3290 2962 2904
3104 3800 2752 2943
3112 2801 3410 3001
3481 3242 2892 2711
3120 3021 3518 2728
2647 3134 2967 3596
3172 3734 2728 2930
2953 2803 3424 3222
2822 2877 3200 3446
3477 3181 2611 3007
3433 3346 2734 2900
3024 3840 2687 2962
2520 3158 3614 2994
3072 3790 2887 2794
2976 3863 2742 2978
3245 3435 2642 3128
3142 3740 2894 2697
3178 3796 2829 2736
3411 3172 2717 3125
3094 2859 3451 2954
2597 3189 3546 3141
2947 3667 2686 3236
2942 3697 2858 3221
3210 2904 3326 2831
3421 3389 2875 2672
3329 3546 2918 2664
3418 3361 2825 2938
3351 2976 2841 3107
3254 3499 2697 3065
2525 2862 3523 3275
2494 2814 3529 3281
2990 3881 2840 2843
2876 3578 2675 3367
2810 3816 2775 3245
2895 3064 3007 3457
2975 3669 2668 3254
3384 3203 3028 3039
2654 3254 2890 3570
3471 3385 2722 2769
3266 3451 3119 2798
3139 3854 2770 2854
3009 3872 2733 2986
3395 3401 2644 2866
2495 3019 3571 3062
2610 2879 3559 3122
2817 3850 2804 3092
3068 3700 2653 2978
2785 3417 3165 3463
2602 2998 3140 3526
2994 3607 3104 2736
3132 3082 3435 2718
2593 3184 3240 3474
3181 3708 2860 2822
2469 3092 3541 3229
2873 3635 2984 3344
2670 3118 3637 2981
3342 3427 2916 3085
3089 3806 2807 2749
2553 2905 3562 3180
2542 3119 3463 3273
2956 2824 3481 3064
2935 3769 2863 2913
2862 3463 2660 3421
3358 3311 2948 2984
2473 3298 3596 2897
2858 3857 2784 3232
2967 3781 2913 2825
2865 3765 2779 3105
3054 3518 2760 3350
2911 3752 2720 3312
3280 2821 2982 3213
2866 2814 3442 3257
3313 3377 2663 3159
2614 3294 3072 3486
2682 3439 2942 3452
2754 3335 3526 2669
2665 3047 3086 3579
3366 3463 2943 2717
2666 3155 3035 3552
3026 3596 3057 2958
3197 3678 2763 2756
2707 3286 3642 2759
2837 3411 3452 2772
2689 3561 2950 3406
3398 3048 2981 2765
3458 3163 2902 2841
3333 3457 2695 2926
2480 3051 3528 3221
2645 3202 3653 2859
2569 3382 3499 2901
3001 3494 3095 3288
2937 3498 3193 3161
2643 3049 3622 3051
3152 2887 3124 3332
2966 3665 2672 3274
2852 3720 2956 3148
3018 3725 2731 3194
3007 3442 3289 2929
3111 3621 2978 2750
2842 3015 3361 3230
2576 3100 3627 3023
2960 3813 2767 3188
3159 3682 2907 2704
2621 3163 3089 3557
3452 3298 2945 3031
3090 3773 2838 2789
2854 3301 3115 3476
2760 3513 3013 3427
2894 3568 2974 3335
2559 3120 3508 3167
3109 3487 3162 2910
2589 3260 3584 2920
3264 3567 2828 3010
3020 3407 3077 3224
2634 3654 3034 3300
3058 3055 3242 3202
3325 3387 3027 2848
2486 2751 3394 3415
2811 3420 3310 3154
2522 3197 3334 3396
2724 3633 3061 3341
3031 3022 3380 3058
3489 3156 2609 2923
2461 2960 3498 3320
3346 3359 2871 2972
2907 3684 2753 3331
3073 2936 3399 3087
2898 3097 3618 2826
2768 3612 3101 3283
2944 3321 3319 3011
2860 3675 2880 3292
2704 3202 3591 2895
2960 3759 2808 2945
2608 3320 3576 2846
2687 3036 3117 3584
3238 3640 2823 2786
2795 3326 2927 3501
2547 2931 3395 3384
2584 3167 3237 3490
3386 3336 3053 2894
2767 3432 3121 3400
3081 3240 3308 3028
2869 2990 3246 3360
2927 3296 2921 3520
3047 3490 3182 3074
2679 3259 3600 2998
2628 3171 3649 2875
2999 3786 2898 2817
2764 3237 3414 3145
3431 3317 2844 2873
3310 2984 3113 2951
2925 2987 3378 3172
2618 2891 3488 3283
2660 3113 3204 3489
2794 3648 2960 3210
2993 3728 2708 3214
2886 3414 2799 3435
3082 3704 2867 2803
2808 2973 3250 3449
2798 3837 2846 3168
2989 3276 3302 3146
2474 3058 3513 3254
2626 2950 3509 3272
3048 3872 2821 2858
3017 2832 3393 3135
2847 3716 2834 3383
3227 3465 3084 2915
3071 3832 2691 2877
2973 3079 3374 3093
2743 3101 3131 3575
2694 3353 2918 3563
2649 3058 3074 3592
2745 3304 3536 2745
2762 3059 3017 3567
3446 3174 2959 3016
2738 3379 3473 2851
2686 3103 3295 3424
2758 3201 2941 3516
2531 2916 3525 3256
2969 3344 3267 3035
3316 3485 2754 2775
2487 3002 3493 3235
3078 3041 3487 2916
2780 3691 3073 3117
2577 3373 3274 3252
2485 2932 3613 3174
2901 3245 3223 3416
2801 3217 3366 3120
3214 3429 2738 3078
2983 3394 2876 3347
3033 3540 3144 2868
2962 3434 3216 3005
3149 3009 3043 3280
2771 3603 3008 3314
2884 3586 3140 3055
3175 3027 3340 2801
2532 3221 3387 3265
3060 3691 2987 3123
2680 3234 3634 2872
2972 2835 3450 3008
2691 3160 3346 3307
2769 3089 3647 3013
3013 3324 3188 3116
3066 3194 3336 3177
2921 2980 3473 2984
3052 2917 3365 3140
2931 3661 3037 3178
3022 3881 2851 2764
3011 3830 2739 2940
3085 2964 3356 2965
2978 3776 2757 3023
2502 3118 3565 3176
2913 3682 2649 3254
2940 3659 2711 3265
3330 3430 2986 2623
2694 3137 3074 3589
3200 3563 3017 3043
2697 3438 3006 3543
2465 3512 3394 2995
2716 3227 3053 3530
3202 3349 3130 2699
2804 3123 3004 3559
2638 3086 3173 3523
2959 2958 3481 3025
2601 2921 3393 3357
3188 3035 3445 2753
2799 3057 3177 3480
2675 3207 3044 3532
2957 3127 3056 3443
2574 2950 3604 3142
3233 3214 3108 3200
3123 3135 2896 3316
3063 2994 3221 3198
2887 3165 3229 3303
2710 3265 3155 3467
3240 3526 2993 2974
3035 2975 3347 3081
2828 3504 2938 3431
2744 3109 3643 2863
2623 3179 3355 3378
3296 3448 2989 2911
3187 3336 3253 2933
2834 3581 3014 3278
3135 3140 3417 2763
3004 3608 2908 3325
2702 3188 3368 3268
3195 3531 2814 3069
3129 3063 3496 2751
2953 3748 2724 3208
3145 3437 3033 3130
3117 2940 3325 2954
2857 3231 2831 3537
3231 3431 2996 2880
3118 3658 2798 3297
2998 3444 3138 3197
2844 3484 3136 3369
2656 3174 3446 3271
3177 2908 3158 3159
2977 3470 2888 3342
2774 3651 3107 3237
3304 3284 2935 3109
3037 3148 3205 3240
2905 3745 2966 3000
3213 2889 3143 3167
2952 3549 3181 3242
3194 3415 2971 3056
3135 2925 3321 2936
2828 3536 3128 3281
3006 3806 2861 2944
2878 3098 3609 2813
2597 2901 3538 3259
2891 3401 2852 3391
3142 3219 3294 3017
2712 2991 3586 3094
3328 3252 3082 3096
3242 2896 3338 2765
2799 3225 3553 2884
3154 3541 2796 3102
2751 3174 3042 3511
2845 3340 2849 3495
2757 3043 3212 3471
2549 3177 3307 3419
2677 3208 3306 3388
2831 3095 3107 3540
3307 3261 3076 3032
2926 3365 2846 3412
2888 3508 3028 3286
3268 3367 3103 2800
2503 3172 3558 3071
3191 3300 3233 2870
3362 3435 2865 2828
2776 3076 3078 3545
3273 3561 2905 2625
3149 3505 3125 2725
2773 3069 3391 3263
3015 3067 3298 3212
3249 3087 3000 3205
2823 3340 3328 3374
2637 3055 3456 3306
3236 3135 3232 2849
2852 3455 2824 3441
2499 3072 3507 3192
2717 3185 3304 3375
2840 3374 2837 3449
2861 3533 3099 3354
2789 3271 3429 3128
3148 3572 3021 2805
2985 3268 3324 3090
3243 3474 3041 2823
2848 3446 3297 2988
3322 3489 2673 2914
2501 3223 3455 3220
2748 3004 3437 3133
3126 3153 3353 2879
3339 3422 2942 2972
3156 3171 3217 2948
2585 3049 3246 3482
3288 3308 2838 3139
2685 3367 3359 3072
2979 3150 3533 2907
2730 3531 3210 3190
3274 3002 3146 3075
3208 3052 3157 3041
3011 3631 2817 3294
2640 2995 3349 3390
2759 3556 3046 3328
2881 3392 3213 3135
3169 3090 3281 3107
3362 3346 2900 2977
3059 3824 2746 3060
3277 3342 2932 3000
2552 2942 3477 3321
3059 3012 3387 3080
2664 3583 3087 3290
2833 3281 3270 3352
3217 2842 2966 3292
2676 2928 3580 3097
2726 3203 3383 3249
2571 3233 3433 3233
3162 3642 2923 3004
2782 3737 3054 3102
2802 3524 3199 3089
2635 2955 3541 3162
2864 3711 2749 3192
2850 2922 3404 3334
2831 2836 3442 3247
3225 3713 2745 2830
2659 3373 3420 3018
3295 2844 2929 3254
2638 3142 3632 2885
3087 3172 2883 3396
2601 2913 3580 3162
3083 3172 3461 2723
2726 3279 3535 2886
3017 3588 2875 3339
2815 3640 2929 3260
2624 3352 2955 3550
2763 3286 3507 2811
2631 3177 3554 3137
2932 3823 2747 2955
3272 3211 2945 3103
2750 3110 3173 3482
2721 3316 3491 2967
3022 3306 3284 2766
3080 3478 3184 3152
2778 3592 2930 3365
2908 3138 2963 3507
3098 3149 3186 3244
2459 3471 3312 3185
2924 3430 2787 3395
2652 3271 3076 3505
3113 2968 3023 3379
2915 3333 3160 3276
2925 3092 3602 2856
2751 3303 3471 2935
2871 3096 3024 3446
3222 3300 2869 3130
3000 3542 3018 3132
3101 3397 3152 2992
2816 3114 3030 3534
2600 3061 3462 3366
3229 3143 3150 3018
2928 3381 2835 3382
3068 3212 3147 3239
2981 3147 3298 3243
2976 3629 3066 3053
3102 3106 3322 3041
3130 3328 3168 3155
2687 2967 3412 3309
3112 3577 3058 2817
3247 3510 2724 3085
3280 2944 3176 3124
3148 3356 3192 3039
2949 3755 2988 2791
2863 3728 2998 3088
2901 3638 2848 3226
2761 3169 3607 2993
3053 3554 2820 3258
3079 3146 3351 3061
3300 3226 3133 2983
2816 3644 2976 3234
3076 3785 2782 2936
2891 2933 3376 3180
2747 3371 3198 3326
3012 3075 3503 2954
2733 3343 3315 3162
3229 3410 3071 3109
3052 3608 3008 2742
2919 3342 2993 3493
3166 3208 3185 3021
3162 3222 3183 3047
2702 3303 3427 3195
3153 3295 3261 3183
3086 3604 2992 2808
3250 3107 3222 3037
2783 3250 2931 3517
3123 3032 3303 3114
3070 3331 3017 3323
2705 3032 3480 3217
2662 3120 3398 3251
2877 3353 2765 3466
3138 3314 3102 3206
2932 3574 2786 3371
3190 3472 3166 2807
3180 3181 3265 2882
3202 3527 2963 2864
3165 2970 3211 3186
2714 3267 2998 3505
2781 3126 3127 3536
2916 3574 3090 3163
3344 3364 2762 2983
2718 3294 3540 3164
3121 2899 2935 3333
2523 3151 3505 3165
3056 2981 3431 2924
2609 3514 3097 3408
2899 3765 2748 3270
2856 3355 3269 3311
3205 3482 3110 2844
2841 3820 2936 3147
2775 3558 3045 3310
2949 3318 3220 3111
2729 3122 3482 3050
2793 3258 3556 2951
3196 3775 2810 2898
2826 3680 2910 3230
2970 3403 2965 3334
2731 3292 3402 3233
3126 3550 2969 3089
3224 3478 3066 2915
3023 3030 3490 2883
2805 3290 3468 3090
2735 3214 3028 3547
2817 3516 2993 3363
2640 3120 3164 3508
