17 0.0845186
3189 3588 3441
3409 3606 3336
3727 3346 3205
3556 3441 3445
3433 3595 3204
3359 3201 3619
3348 3582 3430
3212 3583 3461
3519 3515 3479
3372 3561 3357
3193 3764 3158
3634 3394 3085
3626 3352 3317
3613 3441 3221
3573 3384 3420
3473 3594 3354
3399 3637 3321
3372 3703 3270
3361 3536 3416
3297 3421 3623
3283 3787 3133
3272 3273 3661
3218 3638 3391
3192 3633 3425
3607 3356 3260
3595 3450 3130
3593 3466 3305
3563 3413 3397
3562 3523 3253
3551 3478 3302
3547 3229 3549
3542 3317 3524
3541 3593 3203
3541 3501 3314
3525 3390 3512
3516 3399 3569
3494 3628 3139
3487 3526 3285
3486 3112 3633
3481 3517 3556
3431 3536 3356
3413 3733 3184
3410 3611 3253
3410 3541 3404
3383 3642 3348
3358 3720 3316
3357 3571 3399
3333 3162 3673
3325 3661 3386
3316 3361 3614
3306 3236 3687
3232 3601 3406
3204 3676 3376
3196 3726 3239
3147 3735 3326
3142 3784 3203
