592 26.9264
2871 2647 3191 3373
2388 3247 3191 3396
3279 3473 2341 3231
3617 3076 2726 2921
2657 3060 2675 3726
2744 4017 2837 2884
2950 3109 3576 2621
2733 2913 3717 2735
2584 2744 3609 3120
2805 2656 3534 3045
3306 3262 2411 3260
2982 3615 2502 3342
3081 2755 3335 3142
3150 3076 3448 2681
3387 3575 2741 2704
3135 3139 3446 2650
2417 2969 3590 3194
2464 2801 3648 3069
3332 2782 3316 2891
3115 3417 2447 3348
2955 3504 2487 3484
2714 3091 3696 2672
2868 4004 2778 2868
3345 3499 2455 2973
3460 3235 2474 3110
2769 2776 3655 2892
3347 3378 2418 3199
2471 2818 3553 3279
2598 3115 3706 2724
2915 2829 3569 2951
3106 3632 2532 3196
3193 3439 3175 3078
3313 3288 2434 3250
3437 3354 2597 3052
2509 3367 3010 3571
3368 3240 3162 3073
3327 3136 2570 3286
2439 3197 3483 3314
2496 2998 3149 3602
3410 3570 2681 2815
2893 3281 2652 3566
2638 3530 2951 3455
2567 3362 2940 3595
3247 3332 3273 2755
2496 3322 3017 3554
2727 2855 3154 3543
2422 3338 3078 3469
3363 3605 2546 2816
2483 3183 3502 3224
2697 3788 2875 3329
2444 2808 3615 3153
3062 3484 3304 2660
3055 3843 2953 2714
3295 3390 2438 3273
2822 3582 2573 3493
2480 3472 3380 3089
3359 3095 3216 2665
3168 3674 2981 2996
3052 3512 2994 3256
2719 3691 2966 3357
2927 3985 2810 2763
3078 3664 2822 3215
2501 3230 3037 3578
2706 2880 3253 3532
2887 2860 2883 3604
3324 3177 3080 3146
3445 3020 2730 3280
3213 3067 3351 2999
2554 2937 3497 3323
2947 3397 2629 3551
3310 2961 2635 3390
2458 3126 3187 3531
3403 3244 3201 2882
2782 2939 3664 2770
3146 3074 3279 3135
3258 3306 3265 2841
3042 3900 2859 2840
2629 3672 2944 3437
2537 2923 3142 3609
3160 3618 3068 2809
2987 3931 2832 2872
2789 3517 3230 3318
3272 3422 3222 2954
2492 2857 3498 3311
3068 3758 3126 2826
3265 3341 2520 3315
2521 3011 3554 3227
3206 3064 2932 3369
3157 3298 3385 2851
3499 2954 2860 3151
3467 3406 2554 3032
2827 3587 3214 3165
3017 3366 2790 3446
3021 2810 3486 2946
2776 3572 3319 2926
3186 3722 2869 2717
3606 3030 2618 2975
3557 3008 2723 3047
3013 3084 2839 3523
3552 3076 2515 3113
3470 3395 2601 3021
2977 2844 3583 2903
3171 3248 3399 2961
2630 3400 3135 3335
3200 3101 3424 2798
2670 3697 2856 3434
2992 3289 3508 2789
3245 3026 2745 3380
3545 3275 2757 2982
3073 3515 3239 3030
2805 3637 2800 3416
2558 3595 2922 3480
2853 3032 2809 3616
2860 3868 2775 3170
3318 3594 2523 2991
2813 2964 2691 3699
3098 3621 3049 3085
2902 3949 2924 2980
2891 3923 2846 3080
2702 2941 3692 2838
2489 2875 3441 3401
3430 3527 2652 2854
3118 3702 2565 3059
3138 3093 3477 2762
3044 3409 2870 3267
2941 2983 3433 3207
2616 2841 3690 2906
3311 2888 3311 2897
2811 3551 3293 3139
2705 3906 2836 3261
3030 3855 2910 2746
3599 3215 2719 2889
2876 3202 2892 3583
2717 3742 2863 3409
2592 3268 3003 3646
2897 3541 3329 2865
3530 3001 2933 3101
2564 3015 3542 3232
2542 3458 2974 3496
3022 3665 3077 3016
2819 3747 2959 3259
3252 3353 3234 2815
3020 3658 2876 3242
2932 3483 3391 2777
3375 3134 3206 2974
3297 3495 3120 2942
3450 3201 3033 2997
3293 3370 2482 3253
2730 3316 3197 3385
2676 2866 3475 3332
3357 3130 3225 2796
2722 3979 2686 3050
2804 3855 3099 2898
2857 3461 3443 2758
3110 3122 3474 2738
3066 3030 3472 2842
2751 3192 3421 3246
3506 3393 2669 3003
2958 3943 2857 2927
2505 3348 2791 3659
3198 3256 3429 2832
2680 3492 2869 3526
3290 3047 3330 3002
2950 3808 3019 2895
2527 2901 3446 3335
3605 3019 2557 3081
2613 3503 3060 3461
2473 3110 3635 3027
2748 3387 3532 2732
3370 3195 3184 3074
2451 2920 3521 3280
3282 3407 2717 3205
2812 3525 3344 3054
2828 3997 2761 2938
3302 3197 3304 2986
2596 2995 3340 3439
3155 3453 3262 2910
2885 3844 2990 3077
3121 3758 3044 2801
2699 3385 2703 3577
3172 3729 2942 2856
2921 3428 2730 3490
2666 3193 3040 3587
2536 3625 2947 3404
2619 3509 3027 3448
2931 3733 2665 3296
3143 3839 2647 2931
2550 2904 3552 3298
2686 3717 2896 3365
3572 3038 2688 3106
2929 3546 2555 3441
3192 3166 3416 2946
2969 3645 3051 3173
2836 3215 3212 3393
3031 3018 3388 3182
2939 3516 2547 3450
3412 3040 2693 3257
3487 3279 2643 3068
2624 3357 3018 3520
2742 3068 3661 2653
2995 3611 3204 2725
2764 3969 2920 2978
3594 2983 2610 3071
2948 3822 2695 3122
3001 3792 3083 2852
2726 3751 2817 3307
2865 3680 2732 3398
2949 3080 2615 3608
2911 3831 2827 3148
3036 3873 2789 2939
3340 3452 2640 3075
3322 3657 2740 2742
3514 3044 2855 3157
2979 3848 2855 3066
2741 3505 3406 2990
2689 3170 2878 3689
3227 3033 3401 2859
2822 3895 2786 3117
2835 3828 2851 3230
3121 2909 2923 3501
2740 3287 3537 3036
2631 2879 2961 3705
2653 2985 2858 3715
2772 3424 2756 3572
2646 3467 3483 2900
2909 3210 3243 3235
2917 3147 3009 3487
3491 3231 3005 2787
3297 3562 2923 3009
3061 3782 2901 3033
2964 3022 3362 3236
3184 3639 2605 3180
2684 3570 2700 3546
3554 3189 2716 3072
2531 3614 2879 3467
2911 3861 2774 3186
3319 3418 3179 2891
2609 2918 3278 3515
2817 3318 3129 3427
2961 3890 2955 2936
2846 2894 3654 2911
2576 2944 3701 2876
3113 3724 3066 2751
3180 3591 3094 2947
3563 3124 2623 3096
3308 2836 3355 2911
2936 3711 2998 3179
2895 3878 2821 3133
2559 3327 2814 3675
3550 3059 2768 3087
3418 2875 2921 3230
2864 3170 3636 2846
3225 3235 2711 3431
3601 3104 2583 3035
2784 3913 2971 3019
2420 2978 3641 3103
3087 3278 3298 3100
3088 3101 3318 3161
2921 3976 2736 2807
2816 3884 3053 2967
2743 3449 3493 2752
2706 3558 2770 3538
2702 3012 3372 3424
2579 3449 2787 3619
3079 3755 3030 2829
2937 3971 2753 2916
3221 3337 3287 2852
3384 3373 2587 3071
3233 3118 3376 2965
3232 3025 2895 3300
2757 3585 2940 3477
3378 3261 2746 3268
3026 3049 3512 2748
2535 3225 3640 3001
2441 2948 3657 3072
2749 3346 2673 3626
2602 3048 3013 3677
2753 3774 3014 3224
2791 3413 3496 2884
3216 3685 2963 2888
2785 3102 3624 3052
3279 3404 2732 3276
3586 3035 2530 3073
2641 3380 2996 3511
3337 2906 2815 3303
2546 3152 3544 3186
2712 2947 3301 3504
2695 2918 3459 3319
3476 3113 3065 2940
3238 3584 3065 2973
3344 3611 2592 2955
2784 3976 2654 3007
2964 3431 2805 3383
2967 3045 3586 2783
3398 3232 3074 2970
3578 3259 2744 3010
3082 3222 3198 3251
2874 3780 2607 3251
3559 3265 2749 2911
3394 3592 2656 2824
3381 3554 2862 2924
2923 3310 3430 3136
3510 3324 2670 2944
2951 3079 3593 2716
3524 3304 2866 3063
3083 3098 2660 3516
3034 3583 3111 3108
2750 3710 2842 3353
3582 3184 2749 2972
2587 3466 3477 2945
3387 3162 3096 3092
3123 3106 2799 3440
2654 2965 2887 3707
3496 3436 2611 2962
3011 2969 3506 2965
3165 3654 3055 2962
2615 3087 2991 3684
2860 2932 3531 3112
2837 3960 2895 2937
3054 3161 2829 3544
2945 3477 3152 3298
2693 2930 3633 2985
2667 2902 3025 3650
2797 3800 2813 3289
3422 2987 2907 3220
2892 3918 2932 3016
3175 3259 3344 2910
2762 3570 3367 2938
2540 3153 3594 3058
2659 3601 2852 3457
3502 3144 2834 3123
2840 3991 2783 2954
2685 3113 3715 2870
2523 3050 3681 3001
2675 3544 2853 3550
2862 3425 3442 2821
3458 3047 2980 3127
2684 3488 3439 2994
2915 3253 3526 2862
2632 3458 3520 2908
2786 3716 3114 3116
3054 3576 3247 2956
2575 3293 2873 3667
2716 2959 2813 3711
3366 3039 3290 2779
3267 3289 2678 3305
2879 3642 2854 3355
2779 3051 3358 3351
2603 2981 3001 3710
3274 3301 3096 3131
2648 2921 3007 3682
3127 3655 3093 2800
3540 3321 2763 3062
2633 3261 3024 3621
3588 3138 2734 2896
2714 3536 2850 3528
3028 3535 3047 3217
2568 3166 2928 3680
3546 3117 2912 2894
2783 3057 2915 3674
2711 3112 3644 2933
3255 3650 3047 2773
2977 3801 2863 3124
2974 3936 2835 2923
2576 3345 2968 3623
2901 3309 3072 3363
3058 3036 3564 2734
2824 3282 3659 2853
2966 3063 2645 3637
3281 3278 3285 2819
2453 2946 3563 3227
3395 3583 2738 2790
3398 2946 2802 3292
3189 3764 2742 2930
2886 2991 3603 3023
2472 2974 3295 3459
2524 2804 3408 3460
2746 3016 3601 3126
2530 3341 3559 2861
3305 3704 2711 2907
3343 2940 3305 2921
3076 3184 3468 2773
2647 3620 2997 3413
2899 3439 2802 3475
2639 3526 3028 3377
2892 3769 3043 3104
3292 3156 2645 3397
3426 3444 2922 2930
2662 3172 3650 2858
2732 3994 2793 2997
2644 3434 3528 2860
2788 3915 2938 2995
3000 3653 3194 2932
3219 3552 3002 3042
2737 3878 2904 3175
2789 3021 3626 2881
2800 3460 2903 3470
2506 3057 3185 3540
2616 2870 3581 3219
3256 3496 2415 3268
3393 3208 2742 3238
2847 3927 2733 3091
3208 3300 2728 3402
2640 3152 3063 3655
2595 3111 3104 3663
3520 3136 2872 3080
2746 3383 3513 2942
3198 3358 3235 3048
2971 3738 2812 3229
3161 3234 3410 2902
2883 3576 2517 3520
2801 3880 2976 3012
3452 3129 2796 3188
3454 3124 2935 3054
3107 3570 3089 3198
3566 3289 2682 2905
3078 3237 2612 3509
3188 2865 2811 3436
3602 2967 2601 3095
3480 3392 2848 2871
2505 3111 2806 3720
3102 3212 3005 3361
2935 3819 3078 2952
3357 2975 3276 2818
3092 3737 3105 2779
3002 3683 3127 3039
3351 3607 2755 2944
2729 3097 3668 2737
2691 2939 3054 3630
2872 3815 2864 3253
3133 3846 2637 2917
3141 3656 3117 2775
2570 2883 3594 3202
3091 2806 3464 2863
2856 3501 2547 3464
2721 3323 2893 3640
2749 3964 2867 3060
3353 3627 2748 2927
2735 3834 2884 3265
2858 3243 3066 3507
2575 3212 2840 3693
2961 3094 2773 3590
2734 3069 3462 3180
2664 3213 2708 3698
2608 3207 3009 3648
3336 3075 3256 3038
2756 3927 2785 3190
3579 3103 2705 3013
2591 2939 3440 3422
2765 3812 3051 3130
2864 3707 3050 3239
2957 2891 3578 2934
2998 3933 2710 2883
3535 3028 2737 3181
3278 3299 3259 2966
3179 2986 2650 3526
3006 3929 2796 2888
2809 3797 3045 3116
3539 3254 2890 2931
2548 3136 3138 3643
2747 3998 2770 2960
3255 3701 2623 2983
2907 3579 3289 2839
2768 3312 2865 3669
2762 2892 3435 3297
2725 2987 3668 2941
2868 3955 2907 2974
3117 3613 3133 3013
2906 3125 2876 3612
2728 3867 2818 3187
2662 3149 3675 2776
2778 3509 3411 2947
2795 3447 3452 2930
3503 3052 2787 3191
3132 3772 2717 3024
3462 3096 2835 3226
2752 3369 2662 3613
2609 2993 3107 3656
2668 3011 2720 3718
2572 3371 3577 2816
2542 2937 3581 3233
2735 3935 3037 2829
2590 3326 3613 2936
2660 3033 3596 3093
2661 3247 3002 3632
2799 3480 3215 3306
2818 3987 2877 2864
2713 2926 3690 2784
3095 3873 2860 2871
3295 3254 3326 2856
2481 2929 3588 3219
2593 3556 3354 3063
2577 3112 3009 3685
3129 3829 2853 2875
3005 2901 3570 2905
3320 2994 3260 2878
2658 3068 2925 3695
3360 3136 3052 3202
2688 2970 3260 3590
3158 3772 2962 2785
