452 130.342
27119 26697
27740 25527
27729 25549
27171 26644
27131 26683
27222 26568
27113 26735
26148 27379
27578 26227
26173 27360
27743 25498
27724 25598
27063 26773
27763 25451
27762 25477
27639 26156
27708 26125
27550 26262
27603 26222
26972 26872
27506 26323
27552 26254
27173 26643
27043 26784
27474 26342
27289 26503
27216 26571
27040 26802
26115 27405
27195 26616
26946 26907
27555 26232
27246 26541
27225 26564
26920 27021
27261 26537
25919 27626
27174 26635
26951 26878
27396 26438
27072 26745
25901 27629
27510 26292
26381 27290
27036 26867
25898 27654
25861 27683
25792 27705
26388 27280
26043 27579
27842 25374
27361 26490
26423 27263
26096 27489
25989 27581
27815 25415
27455 26387
27287 26523
27198 26589
26931 26947
26637 27136
27892 25216
27822 25397
26950 26901
26616 27160
25961 27617
27411 26408
26683 27118
26449 27210
26069 27527
27914 24916
27515 26275
27424 26394
27377 26452
26752 27035
26099 27445
25778 27721
27847 25310
27745 25486
26741 27093
26360 27356
