1 0.164993
7505 7329 6685
7500 7057 6896
7374 7489 7047
7325 7559 6812
7219 6643 7403
7042 7092 7368
7022 7036 7398
6998 7724 7079
6877 7806 6693
6778 7515 7106
6615 7450 7486
7567 6855 6562
7519 7455 6627
7510 7210 6751
7472 6805 6990
7421 7478 7060
7414 7221 7271
7365 7348 7149
7279 7538 6943
7192 7090 7363
7189 7559 6875
7175 7553 6912
7129 7238 7175
7102 7317 7330
7093 7682 7073
6938 7495 7305
6907 7311 7364
6876 6724 7421
6859 7512 7179
6850 6845 7470
6847 7764 6775
6787 7279 7426
6759 7228 7501
6732 7673 7134
6696 7871 6976
