33 2.5413
23457 21007 23509 21826
23195 22001 23179 22954
22689 22847 22783 21500
21888 21757 22325 23888
23248 22129 23174 22986
22008 22922 22404 22698
21969 21862 22040 23719
23415 21530 22830 22067
23277 22052 22967 23114
22953 21965 23335 23018
22875 22551 22698 22741
22667 22682 22476 22391
22650 22891 22729 21366
22577 22178 22204 23437
22480 22754 22662 22762
22468 21833 22087 23687
23459 21534 22062 22659
23420 21134 23210 22168
23194 22030 22971 23012
23019 21611 22422 23327
22892 22267 23584 23156
22648 21655 22710 23538
22573 22156 22224 23508
22525 22680 22380 22986
22316 22495 22374 23437
22110 22440 22998 22602
22054 21031 24042 22837
22008 22505 23306 22447
21957 22346 22739 23138
21953 22657 22504 22849
21881 21792 22439 23805
21828 22716 22871 22740
21639 22293 23571 22321
23584 21385 22761 22342
23567 21229 22924 21880
23480 21652 22050 22644
23449 21221 22762 22399
23083 22340 22361 22945
22990 22630 22644 22823
22983 21954 23546 23285
22892 22418 22722 22588
22852 22483 22878 23106
22573 21837 22620 23547
22488 22109 22261 23374
22479 22643 22927 21825
22479 22231 22187 23479
22451 22746 22504 22799
22414 21587 22199 23700
22224 21964 23259 23383
22104 22427 23344 22481
22058 22523 23099 22454
21876 22695 22233 23391
21857 22331 22417 23388
21839 21843 22254 23756
23752 21167 22547 22694
23474 21352 22734 22363
23470 22080 22947 21951
23428 20943 23457 21874
23418 21359 23423 22058
23412 21570 22341 22843
23399 21557 22948 22202
23386 21669 22802 22364
23339 22066 23016 22742
23103 22707 22099 23169
23064 22292 22948 22199
23006 22421 22678 22519
22983 22331 23298 23108
22980 22554 22904 22175
22880 21903 23388 23315
22820 22000 23921 22715
22803 22544 22961 23125
22780 22362 23451 22992
22740 22531 22982 22673
22629 21682 22722 23541
22588 21856 22952 23355
22583 22199 22135 23481
22582 22791 22382 22405
22572 21454 22784 23787
22543 22772 22535 21668
22473 22711 22420 22891
22471 22202 23125 23618
22463 22478 23465 21841
22412 22331 22704 23131
22291 22406 22277 23696
22210 22397 23129 22573
22184 22155 23753 23046
22082 22936 22382 22295
22072 21768 22696 23886
22053 22598 23024 22478
22006 22107 23365 23212
22001 22556 22983 22507
21899 21960 23332 23372
21854 22640 22224 23525
23683 21483 22683 22533
23616 21083 22358 22710
23609 20952 22985 22614
23588 21715 22237 22633
23450 21391 22716 22291
23444 22138 22937 21985
23415 21490 22267 22367
23383 21062 23288 22101
23380 21819 22751 22882
23367 22026 23103 22507
23356 21847 23603 23238
23319 22321 22881 23295
23207 21677 23613 22233
23122 22088 22972 23047
23104 21945 23200 22500
23080 22212 22974 22560
23070 22411 22721 23047
23027 22461 22268 22183
23014 21839 23436 23523
22987 22161 23253 22741
22983 21937 22420 23360
22918 22055 22734 23377
22898 22208 23441 23175
22890 22343 22344 23309
22882 21880 23537 23287
22829 20876 23696 22863
22708 22711 22651 21271
22689 22700 22604 21624
22668 21941 22725 23493
22663 22714 22431 22585
22646 22803 22018 22084
22584 22652 22467 22771
22560 22624 22767 22229
22540 22737 22558 21558
22514 22754 22547 22769
22504 22586 22936 21745
22379 21191 22455 23910
22335 22647 22893 22849
22331 22628 22998 21985
22306 21612 22198 24110
22226 22175 23605 23042
22184 21862 23295 23424
22138 22608 22806 22933
22133 22906 22424 22783
22126 22417 23241 22305
22108 22086 23720 23099
22102 22070 22496 23636
22069 21766 22296 23904
22023 22532 22347 23625
22022 22963 22482 22233
21890 22364 22499 23297
21810 21779 22374 23869
21677 22424 23412 22265
