162 13.8779
32107 31761 33287 32868
33072 32325 31751 33964
34685 32598 30735 31338
33245 33466 32695 31195
33267 33422 30442 33051
31878 32165 33722 32418
32971 34441 32342 31460
31095 34232 32185 32167
31337 34262 32278 32001
31102 34277 32263 32054
34520 32660 30925 31405
32840 32656 33608 32543
34592 33032 30816 31472
31396 34208 32339 32059
31684 34153 32349 31992
32062 31926 33115 32952
34386 33103 31111 31717
31994 32917 33411 32303
31563 34073 32333 32042
31930 31766 33222 32896
33234 32018 32996 32808
32697 32744 31744 33790
33117 33381 30501 33050
34282 31916 32137 33007
33141 33548 30624 32904
34639 32844 30806 31563
34460 33362 30891 31748
33470 32292 31052 33913
32177 31834 33242 32863
32048 31812 33026 33000
33141 33372 30601 33055
32171 32833 33541 32064
31474 34177 32133 32149
34178 33133 31454 31264
33397 32187 31731 33727
31765 34129 32246 32160
33525 33244 32936 31329
32320 32442 32030 33950
31716 34246 32275 32075
33155 33470 32672 31248
32350 34361 31850 31884
32876 33505 30751 33159
34664 32791 30917 31562
31811 34021 32182 32116
31517 34108 32394 31974
33325 33305 32815 31346
34678 32935 30853 31547
32838 34371 32164 31587
33414 34146 32196 31679
32206 33295 33249 32349
32365 32591 32073 33859
34116 33264 30982 31547
33484 32227 31084 33849
32470 33458 33077 32815
33145 33532 32997 31526
32934 33342 33285 31441
32557 34378 32151 31846
34271 32103 32278 33131
34509 32812 30862 31443
32664 33572 31321 33219
32096 32937 33516 32164
33982 33596 31239 31685
32615 34334 31374 32320
32254 33406 33127 32501
34022 32642 32256 31640
33310 34099 31551 31918
34421 32256 32220 32167
32969 32378 32111 33655
32066 32901 33445 32182
33837 32577 32593 31627
31906 32206 33066 32941
32698 32760 32370 33460
33981 32788 32084 32936
34213 32562 31266 32358
33175 33053 33108 31565
34341 32224 32165 32231
33608 33178 31438 32863
32436 33611 32342 33325
33895 32137 32361 33012
32827 33525 32963 32365
34122 32049 32335 33044
32997 34044 32240 31777
34489 33082 31014 31824
34068 32616 32334 31493
32532 33840 32159 33078
32327 34310 32317 31948
33318 32364 31690 33643
34483 32686 31184 31865
33924 32323 31763 33422
33785 32486 31642 33828
33744 32160 32750 31707
33088 33873 31930 32404
32116 33319 33325 32465
32949 33304 31226 33401
33377 33828 32630 31916
34040 32025 32339 32926
34199 32692 31343 32522
33339 32286 32378 33359
33602 32060 31703 33604
31481 34131 32342 32050
32294 33790 32234 32999
33868 32086 32404 32831
33655 33088 30971 32918
31556 34170 32174 32108
34133 32346 31641 32653
33258 33442 32676 31292
33043 32756 32507 33481
33540 32635 32840 32459
34298 33205 30922 31878
33419 32606 32446 32669
33998 33319 30945 31739
34060 32657 32280 31611
32553 34421 31828 31879
33494 34155 31444 32012
32926 34409 31594 31973
33513 33997 31478 31840
33107 32921 33144 32851
32597 33465 33318 32173
33875 32353 31728 33420
32786 33544 32714 33020
34154 32145 32180 33031
32272 32829 33257 32392
33760 32318 32154 33221
32187 33747 32228 33183
32780 32729 33365 32288
32491 33404 32926 32478
33108 33488 31175 33507
33470 33732 31535 32717
31856 34126 32271 32110
32410 32926 33340 32216
33104 32806 32463 33247
32335 33439 33169 32452
33391 32701 32763 33124
34351 32482 31932 32018
32931 32390 33265 32190
34014 33530 31147 31724
32790 32216 31774 33883
33200 32567 31378 33566
32711 34187 31716 32664
32689 32480 33369 32638
33307 32475 32474 33378
34498 32820 31178 31799
32029 32622 33469 32727
33457 33521 31147 32842
33609 33175 31401 32821
32651 34290 31579 32135
32877 32839 32118 33472
32516 33378 33347 32109
32442 32398 31949 33876
33860 33246 32327 31855
33228 32422 31773 33690
32574 33837 32052 33037
32962 32341 32005 33706
31843 34100 32295 31950
34211 33208 31219 32026
34089 32180 32200 32197
33821 32986 32747 32487
33522 33808 31958 32334
33228 32265 31247 33849
34447 33072 31915 32281
33423 34238 31653 31794
33277 32863 32366 33304
34074 32721 31156 32438
32672 34339 31648 31871
32148 32917 33421 32108
33078 33510 32881 31991
33927 32947 32423 32132
32455 33623 33030 32453
32991 32897 32266 33232
33180 33422 30459 33063
32021 32952 33339 32181
33725 33479 32382 32330
33559 32655 32870 32410
32899 32245 31951 33837
32474 33534 32977 32346
33131 32957 33185 32788
33202 34047 31514 32570
32416 33966 32000 32682
32854 33816 31622 33002
33181 34009 31844 32429
32733 33695 31661 32956
32156 31833 33139 32926
33510 32249 32046 33531
32545 33623 31299 33206
33549 32473 32982 32121
32626 32771 32334 33578
32926 33921 32841 32910
34273 32485 32010 31287
33259 32355 31812 33694
34054 32200 31294 33210
32906 32501 32100 33603
34172 32703 31767 32532
33737 32883 31646 32622
33688 33768 32171 32083
33408 32970 31673 33093
33206 33350 31198 32899
33905 33145 32488 32025
33151 33496 33007 31483
33178 32670 32654 33138
33010 33879 32899 32509
33486 34064 31509 31931
34119 33257 31823 31837
32461 33935 32190 32783
31924 32401 33218 32928
33526 33782 32571 31968
33335 32373 31665 33717
32330 32418 32035 33896
32626 34062 31904 32574
33502 32407 31785 33352
33644 33163 32913 31899
32587 33715 32915 32414
32943 34195 31591 31962
32680 33552 32852 32666
33145 33741 31597 32825
32776 32549 32306 33580
33160 33185 31611 33195
33465 32309 33053 32496
34225 32458 31967 32151
34093 32797 31576 32364
33676 32507 32615 32685
33155 33279 32545 32655
34187 32545 31670 32562
33623 33003 32700 32513
32692 33046 32983 32682
33537 33183 33051 32582
33168 33357 30477 33026
33709 32990 30951 32665
32516 33595 32658 33545
32809 32494 32781 33068
32655 32681 32848 33058
33855 32667 31932 33253
33237 33890 32413 32379
33192 33362 32025 32745
32489 33018 33491 31900
33289 33184 30616 32932
32769 32987 31828 33342
33053 33391 32512 32800
33345 32443 32396 33295
33020 33431 32781 32183
33576 32271 32901 32182
33232 33331 32583 32312
33070 32232 32779 33149
33132 32585 31883 33558
33250 32973 32735 32879
32674 32927 32531 33265
32186 33409 33199 32448
32522 32821 33451 32801
33129 33197 32725 32657
34235 32813 32177 31933
32167 33055 33299 32243
33160 33302 30606 32980
33577 33312 32610 32222
33937 32069 32279 32900
34054 33137 31168 32076
33153 33500 31940 32698
34250 32754 31966 32091
33045 33798 31872 32431
33954 33022 32013 32115
33714 33638 32080 32101
33500 32971 31008 33047
32823 32596 32151 33624
33248 32523 32065 33622
33360 33516 31829 32556
33411 34113 32125 31718
33400 33143 32894 32722
33104 32626 32399 33273
32688 33789 32929 32262
33637 32539 32528 32604
33062 32871 32074 33121
33058 32713 32600 33198
33006 33550 32222 32707
33508 32157 32440 33168
33457 32198 32395 32969
34258 32480 31626 32396
34294 32485 31567 32403
32158 33755 32191 33112
34242 32725 32019 32041
33176 33957 31799 32502
33499 32770 31054 33059
33863 33223 32109 32102
33369 34054 31486 31972
32691 32835 32274 33382
32979 32851 32294 33314
33565 33110 32298 32354
33151 33321 30478 33003
33527 32310 32645 32839
32722 34302 31734 31948
34288 32244 32142 32273
33498 32717 32433 32619
33256 34119 31183 32029
32557 33699 31400 33127
33039 33275 32690 32486
33209 33230 32315 32597
32847 32690 33430 32282
32983 32884 32219 33237
33439 33978 31714 32788
33654 33725 32206 32170
32484 33942 32186 32642
33682 33119 31758 32703
32850 32656 33504 32251
33539 32424 32809 32778
32977 32361 33478 32046
33697 32417 32370 32759
32750 33318 33063 32401
34057 32649 32191 31828
32960 33324 32181 32844
33693 32918 32821 32483
33518 33903 31999 32347
33863 33312 32347 31817
32918 33995 31670 32663
32677 33170 32368 33526
33575 33473 31588 32684
33221 34020 31540 31983
33791 33672 31361 31998
33450 34016 31387 32049
33275 33566 31901 32539
33209 32429 31910 33863
33167 33415 32776 32081
34035 32331 32212 32108
32858 34286 31701 31965
33187 33586 32633 32047
33265 32819 32295 33515
32746 33630 31360 33150
33137 33204 31366 32898
33481 32476 32254 32917
33990 32762 31630 32591
33120 33352 32612 32208
33033 33374 32650 32744
32263 33293 33253 32267
33948 32430 32530 32378
32670 32925 32298 33592
33412 33079 32284 32945
33035 33914 32384 32280
32341 33262 33175 32324
33034 32173 32744 33198
32869 33393 31997 33092
33068 33002 31761 33287
33469 33946 31548 31986
32865 33663 33341 32061
33641 33029 32412 32437
33394 32077 32236 33256
33815 33006 32151 32602
33352 33261 31896 32785
32150 33024 33458 32041
33784 32264 32213 33243
32271 32935 33236 32528
32997 32534 33022 32864
33444 33040 31492 32818
32839 34304 32248 31483
33772 32857 31987 32975
33776 33450 32562 32233
33869 33163 32500 32087
33693 33013 31742 32633
33927 33156 32142 32000
33048 32841 33194 32405
34230 32712 32074 32094
32537 32432 33512 32545
34110 32869 32185 32161
33803 33339 32005 32348
33893 32809 32264 32216
33159 32943 32929 32890
32983 33293 31923 33192
33215 33949 32414 31878
33202 33392 32669 32140
32583 33908 32064 32974
34056 33234 31163 32108
32981 33680 31906 32549
32927 33333 32732 32761
33029 33305 31902 33171
32602 33641 32973 32235
32745 33729 33262 32189
32758 33519 32706 33071
33449 32379 32287 33131
32589 32591 33491 32607
32545 33497 33299 32227
33098 34251 31875 31740
33708 32464 32391 32520
33562 33084 32307 32381
33915 33093 32563 32081
33298 32834 32158 33541
33792 33035 32105 32523
34100 32210 32175 32237
32886 33058 31884 33290
33667 33471 32082 32703
33009 34106 31980 32002
33879 33112 32520 32079
32848 34032 32349 32016
33189 32212 31667 33889
33425 32521 32549 33079
33326 32500 32581 33175
33244 33939 31840 32480
32105 32946 33481 32080
32576 33485 32971 32308
33009 33577 33208 32118
33376 33653 31855 32403
33556 32454 32499 32818
33773 33628 31863 32135
32022 32410 33207 32869
33296 33396 32348 32400
33052 33690 31858 32499
33273 33996 31540 31957
33702 32612 32401 32527
33072 33368 32737 32146
32727 32721 32676 33107
32766 33758 33259 32210
33649 32692 32524 32629
32964 33805 31919 32546
33472 33499 32015 32422
32996 34170 31647 32033
33862 32200 32059 33322
33033 34255 31711 31824
33094 33644 32494 32418
33461 33483 31818 32628
33393 33963 31757 31951
33308 33214 32277 32588
33428 32414 32399 33190
32984 33680 33263 32198
32998 33171 31984 33179
32696 34284 31654 32516
33648 33625 31791 32529
32719 33084 32752 33009
33691 33062 31505 32648
33341 34051 31482 32292
33153 33041 33176 32728
33588 33145 31398 32955
32847 32548 32142 33632
33076 32770 31948 33595
32950 33716 32156 32636
32905 34072 32357 31717
33095 33759 31829 32495
33127 33466 32638 32060
32949 32508 32619 33161
32930 32769 32557 33098
33840 33619 32528 32269
33585 32957 32792 32404
32943 33582 31880 32769
33066 33488 31993 32699
32938 32716 32681 33061
33399 32286 32018 33635
32653 33379 33017 33209
33536 32162 32438 33156
33598 33207 32213 32577
32846 32790 32625 33266
32164 33742 32244 33072
32940 33616 32688 33030
33363 32312 31649 33694
33141 32576 31989 33545
32919 33621 33336 32062
33166 33984 32280 32356
33413 33649 32038 32520
33180 32843 32560 32992
34158 32702 32075 32198
33265 32561 33112 32545
32893 33440 32914 32299
33017 32442 32842 33100
33190 32595 31389 33561
33690 33659 31489 32014
32772 33694 33119 32149
33695 32437 32390 32807
33614 32488 32243 32999
33132 33446 32440 32296
34098 32435 31979 32247
33177 32812 32797 32726
33996 33558 32010 32271
33329 33996 31504 32517
33091 33191 31975 33219
33896 32420 32323 32600
32840 34039 31715 32640
32844 33044 33176 32587
33105 32763 32519 33177
32983 33514 32289 32775
33560 32860 32708 32612
33501 32525 32510 32819
34025 32494 31887 32321
33112 33409 31647 32884
33009 34249 32287 31638
33427 32509 32521 32669
33166 32072 32706 33292
34022 32748 32053 33047
33555 32423 32386 33102
34182 32853 31974 32115
32109 33726 32292 33110
33915 32761 32236 32874
32518 32616 31995 33723
33436 33117 32215 33048
33949 32366 32548 31817
33900 32817 31976 32996
33461 33355 31977 32767
32677 33369 33326 32147
33904 33144 32528 32067
33701 33057 31888 32540
33167 33347 30812 32933
34033 32198 31881 32285
32154 33674 32280 33099
33910 33019 31921 32598
32867 32522 33500 32636
32876 34268 31883 32357
33434 32399 32569 33064
33470 32521 32081 33580
33989 32759 32102 33011
