4133 171.914
37760 37995
37074 38648
37220 38528
38398 37219
37416 38345
37592 38188
37786 37980
37738 38031
37071 38661
37186 38548
37946 37791
37641 38124
37597 38173
38438 37170
37754 38019
37658 38103
38548 37020
37879 37863
37027 38679
37618 38161
37677 38093
38262 37412
37655 38119
37085 38637
38566 36969
38463 37115
37752 38025
38434 37177
38483 37104
38462 37127
38270 37386
37632 38152
38666 36801
38563 37001
38215 37467
38832 36463
37012 38691
38685 36771
38156 37570
38983 36175
38831 36508
38451 37164
37727 38045
38338 37312
38765 36614
38461 37138
38757 36674
38274 37376
38868 36418
37822 37950
37769 37994
38906 36310
37794 37971
38952 36201
38011 37756
38422 37198
37871 37902
38658 36817
38843 36432
37199 38543
38519 37049
38357 37297
37571 38214
36214 39267
38798 36526
37957 37788
36539 39051
36875 38801
37019 38685
36188 39272
38428 37189
38890 36324
38330 37333
37847 37912
36170 39276
38896 36322
37802 37970
37239 38513
38495 37103
37147 38594
36748 38915
36122 39311
38063 37705
38412 37210
36803 38872
36113 39321
38306 37359
37242 38510
38962 36186
37113 38621
36769 38899
37775 37982
38692 36727
38627 36861
38131 37627
36471 39084
38381 37264
37538 38252
36494 39082
36995 38722
37478 38310
38707 36716
37550 38224
36969 38728
38480 37111
37976 37778
38878 36336
38930 36279
36750 38900
36965 38735
37382 38403
38791 36540
37010 38694
36999 38713
37640 38148
38988 36137
38877 36367
38578 36960
38340 37305
38926 36297
37595 38174
38093 37650
38821 36513
38497 37056
38065 37679
37182 38550
39115 35703
37134 38605
36469 39086
38745 36699
37578 38195
39098 35748
38991 36089
36813 38870
38687 36734
37834 37928
38135 37585
38033 37714
36616 38991
36586 39036
38913 36298
38365 37278
38212 37509
36515 39075
37452 38328
36792 38875
36600 39015
38342 37300
37716 38058
36928 38770
36060 39331
37086 38622
38539 37032
37617 38164
37177 38578
38790 36572
36880 38794
38396 37232
38871 36393
36773 38880
36963 38751
39045 35975
36863 38832
36700 38950
38167 37568
37333 38435
38302 37373
39156 35449
36124 39301
37341 38429
38333 37322
38014 37741
37411 38385
38772 36592
37426 38338
36377 39178
38839 36442
37510 38276
38657 36851
35770 39452
38181 37534
37418 38339
38403 37214
38310 37342
38802 36516
37488 38297
36852 38845
37685 38086
38150 37575
36864 38812
36443 39122
36685 38980
37040 38668
36536 39056
39026 36060
36144 39292
35897 39422
38686 36741
36108 39324
35672 39489
39149 35555
38989 36103
36714 38939
36524 39062
36980 38723
35784 39436
37702 38079
36778 38878
38606 36916
36421 39135
35807 39432
39041 35987
36866 38804
36340 39207
38950 36221
35982 39380
38584 36930
38110 37634
36724 38922
37650 38121
37298 38490
36270 39236
36908 38782
36945 38761
37284 38509
36297 39213
37236 38523
37327 38457
39130 35675
36548 39045
35904 39395
39117 35699
39109 35716
38331 37331
37232 38526
37352 38427
35852 39430
38622 36899
36008 39375
38249 37458
37935 37853
39137 35636
36287 39227
39079 35906
36250 39248
38268 37389
38938 36242
36045 39345
35954 39394
37877 37884
38252 37424
36384 39149
38203 37510
38670 36782
39093 35771
38389 37250
37312 38463
