3 0.378558
7660 7310 7129
6950 7179 7764
7753 7128 7116
7661 7202 7087
7631 7257 7134
7586 7453 7333
7549 7552 7339
7413 7554 7156
7404 7639 7158
7391 7639 7225
7379 6947 7452
7378 6890 7465
7176 6993 7599
7106 6938 7689
7105 7501 7440
7080 7028 7636
7064 7668 7244
6998 7086 7760
6969 7168 7715
6939 7098 7807
6905 7174 7777
6774 7272 7784
7800 7824 6927
7770 7051 6930
7744 7121 7123
7739 7158 7005
7736 7273 6935
7728 7188 7070
7725 7192 7105
7715 7321 7027
7705 7226 7069
7676 7376 6996
7676 7194 7154
7675 7253 7029
7629 7226 7218
7614 7451 7380
7606 7568 7147
7562 7476 7330
7558 7455 7334
7507 7533 7387
7471 6985 7442
7452 7610 6944
7435 7843 6705
7430 7636 7105
7417 7862 6793
7413 6989 7437
7405 7298 7414
7391 7642 7205
7381 7287 7422
7364 7259 7447
7363 7879 6734
7357 6806 7487
7349 7524 7406
7307 7633 7265
7304 7650 7165
7303 7767 6988
7288 7626 7321
7286 7547 7381
7284 7893 6786
7269 7711 6993
7267 7338 7497
7261 7362 7567
7246 7670 7212
7232 7707 7150
7225 6932 7569
7187 7563 7331
7180 6991 7615
7176 7600 7416
7164 7429 7433
7140 6975 7619
7135 7456 7505
7132 7674 7157
7107 7087 7570
7106 6946 7623
7099 7044 7616
7095 7100 7606
7087 7717 7141
7073 7092 7616
7068 7063 7751
7015 7225 7674
7013 7932 7245
7004 7138 7680
6975 7176 7708
6973 7138 7780
6945 7152 7765
6934 7149 7890
6911 7799 7269
6901 7124 7921
6877 7662 7317
6855 7220 7771
6842 7203 7932
6823 7269 7690
