1021 32.5428
8623 7220 8773 7418
8330 8951 8128 6434
8381 7695 8932 7221
9303 7767 7948 7178
8506 8107 7363 7650
7914 7997 7674 8314
8256 9033 8178 6805
7410 8304 8428 7657
8422 8971 8073 6678
7448 8200 8119 7929
7490 8073 8257 7935
8572 7255 8555 7707
7526 8618 8061 7652
7750 8757 8107 7500
8246 8883 8350 6730
9257 7753 7966 7198
7565 8417 8155 7752
9280 7809 7955 7156
7600 8678 8044 7558
8426 8271 7541 7748
8174 8623 7499 7896
8595 7995 7667 7616
8126 8489 7648 8041
8081 8571 7527 7988
8547 8714 8083 6758
8554 7574 8908 7207
8812 8374 8041 6772
9016 8005 8006 6908
8261 8469 7472 7762
8580 7707 8881 7139
8820 8351 8046 6870
7771 8416 8145 7640
9027 7877 8334 7366
8377 8313 7424 7581
8038 8589 7560 8053
7718 8763 8051 7437
8003 7928 7885 8266
8437 8212 7405 7613
8341 8151 7591 7849
9136 7791 8385 7375
7859 8066 7850 8295
9073 7715 8434 7398
8467 8834 8232 6706
8059 8645 7515 7940
8610 7672 8868 7224
9169 7794 8409 7271
8379 8488 8785 6749
9184 7829 8242 7299
9127 7764 8424 7379
8781 7362 8632 7397
8482 8826 8115 6688
8323 8052 7444 7884
8619 7301 8813 7535
8103 8382 7699 8176
8650 7542 8838 7215
8863 8256 7996 6978
9288 7789 7918 7057
8867 8172 8184 7132
8306 8095 7569 7913
8436 8843 8117 6712
7897 8153 7797 8282
8054 8599 7600 7920
8049 8035 8269 8058
7633 8393 8225 7704
8835 8047 8561 7278
8225 9009 7963 6842
8116 8181 7749 8086
8166 8560 7582 7984
8976 8050 8013 6969
9253 7775 8220 7331
8050 8358 7579 8186
8665 7730 8822 7329
9064 7971 8213 7180
9198 7788 8009 7248
8459 8135 7453 7612
8827 7285 8411 7546
9003 7951 8362 7289
8673 7510 8678 7524
8376 8322 7460 7793
7569 8710 8079 7522
8880 7723 8407 7498
7584 8410 8257 7730
8067 8581 7832 7854
8996 8179 7820 6883
8017 8386 7564 8163
8442 8743 8247 6931
8169 9019 8181 6846
7836 8242 7883 8167
8120 8468 7613 8123
9161 7597 8315 7326
8119 8554 7607 7931
8285 8944 8278 6792
8793 7421 8569 7562
8790 7720 8619 7346
9082 7843 8254 7434
8026 8517 7905 8011
8021 8371 7769 8154
7940 8316 7634 8217
8806 7606 8616 7347
8564 7863 8765 7116
8293 8872 8290 6865
8405 7565 8637 7604
8113 8016 8238 8115
8314 8286 7680 7890
8093 8688 8463 7191
7657 8805 8019 7442
8497 8470 8706 6944
7967 8277 7730 8169
8160 8451 7890 7956
8240 9002 8168 6864
8407 8114 7401 7768
7927 8104 7679 8272
8088 8025 8096 8208
7999 8529 7640 8014
8299 8733 8504 7127
7852 8264 7913 8098
8384 8096 7490 7808
8286 8919 8287 6692
8643 7973 7705 7589
7863 8375 7863 8023
8351 8065 7383 7811
7804 7921 7964 8307
8468 8099 7371 7609
8078 8477 8475 7518
8722 7778 8715 7284
8544 8791 8200 6787
7692 8429 8137 7842
7812 8534 7761 7980
8394 8136 7395 7791
8034 8328 7836 8138
8222 8988 8194 6840
7998 8664 7733 7621
7619 8427 8307 7681
8477 8019 7520 7754
7782 8976 7860 7452
8525 8676 8442 7021
7825 8229 8091 7917
8972 8167 8286 7233
7912 8913 7844 7531
8811 8139 8527 7100
8028 7552 8919 7326
8063 7948 8152 8239
8213 8325 7793 7999
8452 7999 8900 7084
8800 7627 8690 7239
8560 7382 8870 7564
8839 7899 8585 7188
9039 7813 8308 7424
8169 7838 8035 8224
9226 7770 8297 7404
8758 7486 8614 7631
7872 7938 7800 8304
7516 8236 8096 7924
7878 8333 7816 8107
8538 7972 7721 7544
8367 8649 8575 6918
8494 8771 8204 6797
8680 7783 8795 7149
7697 8437 8330 7584
7959 8220 7976 8230
9152 7686 8446 7353
8461 7310 8590 7810
8898 7852 8688 7290
8234 8981 8067 6965
7841 8258 8000 7992
8257 7701 8098 8074
7736 8696 8032 7542
8288 8813 8521 6991
9215 7790 7972 7185
9181 7849 8217 7343
8091 8548 7549 8019
9201 7866 7931 7032
8389 8697 8557 6817
9121 7906 8128 7193
7807 8340 8420 7588
8361 7557 8684 7644
8760 7691 8627 7356
7946 8501 7758 8070
7500 8309 8360 7725
8615 7617 8831 7221
8916 8083 8313 7255
8046 7914 7805 8256
8539 7887 8353 7670
7848 8249 8025 7988
7774 8789 8101 7414
8745 7798 8758 7086
7901 8394 7986 7902
7843 8103 8844 7244
7888 8592 7826 7779
8511 8024 8856 7237
8365 8998 7934 6861
8859 7631 8537 7369
8042 8658 7982 7665
7978 8226 7876 8109
7962 8383 7626 8235
7818 8566 8207 7565
7653 8730 7924 7577
8471 7745 8394 7826
8514 8880 8078 6801
8508 7443 8582 7680
8540 7576 8894 7257
8370 8561 8731 6941
8848 8287 8062 6851
8512 8774 8158 6828
8326 8899 8015 6964
8196 8178 8282 7906
8795 7466 8513 7653
8245 7895 7881 8199
8012 8240 7713 8212
8653 7655 8699 7360
8765 7712 8762 7171
8571 7434 8802 7458
7953 8279 8575 7771
9047 7804 8279 7466
9240 7862 7927 7190
7892 8231 7937 8181
8281 8432 8604 7265
8949 7647 8209 7579
8215 8492 7633 7698
8519 7388 8797 7490
8521 8738 8460 7297
8452 7910 7430 7825
8418 7934 7467 7812
8482 7501 8910 7153
8774 7403 8588 7628
8473 8003 8863 7381
8905 7458 8509 7388
8363 8082 7690 7733
8030 8611 7551 7959
7735 8528 8338 7556
8321 8963 8201 6711
8023 8011 8290 8134
7933 7815 7899 8274
7900 7975 7873 8279
8286 8866 8170 7046
8730 7650 8501 7392
8233 8949 8259 6829
9143 7777 8466 7352
9010 7837 8378 7515
8253 8399 8090 7797
8817 7909 8639 7080
7905 8417 7757 8188
7936 7995 7774 8300
9236 7826 7910 7261
7994 8205 8646 7449
8526 7290 8817 7590
8470 7600 8928 7176
8736 7639 8428 7687
8602 8616 8486 7146
8143 8747 8144 7307
8341 8781 8540 6934
8399 8842 8189 6892
8356 8090 7376 7816
7990 8224 7921 8080
8631 7353 8782 7412
8060 8344 7958 7963
8585 7270 8745 7572
9206 7854 8023 7093
7503 8409 8338 7658
8711 7494 8522 7707
9224 7858 7978 7184
8150 8654 8534 7513
8927 8052 8307 7089
8140 7984 8100 8211
7680 8652 8071 7533
8181 8092 8058 7911
7666 8310 8303 7743
8322 8927 8266 6983
8309 8940 8165 6751
7909 8920 7866 7480
8330 8723 8415 7313
8656 7944 8748 7214
8696 7667 8743 7343
8402 8055 7437 7811
8748 7932 8568 7158
8723 7520 8518 7564
8276 8933 8317 6890
8412 8150 7744 7677
8503 8195 7616 7594
8886 7916 8581 7110
8346 8855 8176 7009
8990 8128 8017 6927
8966 7919 8430 7098
9096 7748 8488 7387
7674 8379 8236 7753
8268 8752 8377 7178
7982 8221 7855 8243
7590 8734 8016 7561
8149 8784 7638 7863
9115 7958 8314 7335
8211 8605 8295 7474
8395 8031 7783 7759
9055 7960 8261 7334
8778 7880 8741 7232
7932 8202 8697 7464
7990 8182 8197 8092
7962 8298 8416 7539
7971 8209 7887 8179
8576 7734 8792 7303
9085 7768 8395 7449
8677 7601 8667 7361
8185 8446 7930 7976
8910 7941 8480 7434
7650 8847 7992 7159
8904 8183 8074 6955
8114 8484 7813 8147
8250 8612 8272 7384
8953 7585 8494 7260
8547 8674 8136 6951
8937 7613 8500 7255
8205 7665 8595 7446
7636 8800 8043 7202
8986 7882 8432 7338
8604 7581 8660 7470
8773 7483 8615 7407
8125 8123 8088 7950
7882 8215 8720 7432
8108 8481 7958 7949
8231 8704 8468 7135
8100 7855 7942 8255
7663 8366 8356 7648
8382 8803 7991 7027
8713 8507 8453 6847
8029 8059 8229 8142
8458 8092 7508 7693
8505 8511 8699 6901
7717 8295 8318 7599
8391 7749 7804 7877
9101 7838 8200 7391
7516 8422 8372 7602
8588 7634 8886 7324
8299 7960 8341 7858
8703 7320 8770 7447
8739 7407 8494 7722
8191 8636 8559 7145
8716 7345 8725 7482
8407 8908 8339 6851
7789 8639 8187 7582
8128 8626 8611 7106
9208 7792 8081 6898
8035 8116 8161 8125
8533 7915 8851 7135
8604 7548 8847 7247
8429 8779 8174 7056
8334 8235 8180 7829
8607 7273 8671 7604
8387 8147 7764 7682
8448 8002 8890 7323
8943 8021 8324 7222
7920 8115 8448 7862
8373 8767 8381 7172
8527 8494 8251 7167
8454 7806 8405 7695
8291 8765 8472 6989
7895 8252 8681 7633
7960 8054 8578 7803
8595 7416 8727 7595
8932 8011 8344 7492
8556 7475 8525 7672
8491 7537 8456 7675
8178 8553 8449 7510
8014 8590 7822 7783
8044 7872 8173 8157
7780 8151 8438 7833
8854 7519 8509 7520
8383 7990 7956 7967
8345 8096 7622 7837
8855 8040 8413 7250
8395 8086 8914 7293
8668 7614 8753 7372
8106 8008 8305 8047
8350 8816 8431 7099
7935 7903 7984 8254
8457 8158 8653 7065
8961 8008 8239 7325
7795 8594 8185 7557
8476 7513 8549 7710
9148 7796 8454 7319
8779 7687 8655 7311
8635 7529 8487 7571
8982 7820 8439 7357
8719 7381 8711 7412
8627 7472 8565 7693
8723 7393 8641 7530
8222 8474 8322 7475
8617 7499 8780 7441
8021 8421 7970 7953
8385 8160 7740 7676
8353 7818 7909 8033
8544 7373 8671 7739
8536 8088 7687 7621
8227 8360 7946 7807
7812 8522 8400 7553
8415 8502 8735 6907
8187 8081 8134 8161
8659 7478 8549 7642
8528 7437 8815 7467
8032 7858 7825 8246
7662 8456 8367 7616
8382 8792 8113 7049
8567 7369 8829 7548
7623 8501 8498 7590
8229 8857 8181 7011
7709 8343 8347 7692
8420 8796 8177 6961
8589 7351 8839 7505
8445 8241 8552 7001
8390 8458 8672 7069
8333 8893 8214 6876
8685 7758 8770 7200
8316 8579 8745 6856
8144 8406 8212 7843
8355 8436 8030 7716
8361 8936 8132 6853
8194 7860 7951 8043
9034 8041 7944 6880
8684 7532 8574 7560
8517 8888 8050 6810
8248 8463 7848 7565
8635 7413 8767 7514
8723 7337 8662 7459
8628 7894 8631 7389
8439 7682 7784 7874
7974 8608 7516 8003
8138 8634 8609 7061
8319 8859 8365 6840
7984 8690 7712 7624
8201 8137 8222 7718
8487 7802 8761 7342
8220 8993 8349 6864
8414 8425 8562 7036
8490 8631 8725 6985
7781 8263 7926 8102
8391 7587 8623 7592
8828 7623 8236 7548
8139 8070 8154 8030
8775 7327 8641 7495
7988 8128 8735 7479
8462 7910 7812 7795
8155 7963 7983 8219
8662 8575 8339 7131
8696 7452 8649 7500
8036 8162 8598 7636
8085 8701 8126 7416
7823 8276 8591 7552
8265 7824 7857 8005
8586 7451 8667 7607
7908 7974 8325 8037
8490 8077 8808 7266
8402 8288 7492 7752
7885 8847 7788 7550
8581 7739 8773 7267
7710 8523 8215 7623
7799 8549 8262 7603
8053 8146 8662 7574
8229 8542 8614 7174
7885 8062 8613 7820
7890 8042 8072 8196
7947 8669 8232 7317
8583 7737 8776 7259
8719 8068 8830 7041
8715 7372 8704 7446
7568 8435 8139 7709
8396 7912 7872 7731
8182 8881 8209 6997
8517 7725 8804 7385
8129 8091 8188 7972
8890 7825 8456 7471
8562 7639 8480 7647
8065 8122 8606 7341
8153 8095 8039 8009
8618 7680 8712 7417
8523 7710 8840 7303
8310 8850 8310 7070
8008 8250 8547 7662
9116 7769 8369 7504
8266 8958 8227 6812
8359 8830 8233 7152
7997 8267 8544 7457
8072 8075 8730 7555
8136 8499 8358 7535
8728 7367 8652 7471
7869 8307 8544 7597
8707 8137 8598 6894
7646 8470 8337 7662
7974 8195 8693 7550
8267 8334 8159 7871
7839 8249 7709 8192
7746 8447 8296 7640
8446 8831 8298 6808
8418 7833 7915 7808
8234 7826 7895 8073
8142 8497 7779 7981
8423 7757 7778 7920
8263 7850 7879 7969
7948 8163 8750 7534
7825 8511 8123 7790
8422 8718 8504 6962
8167 7956 7862 8192
8603 7620 8552 7485
