19 0.228277
2756 3191 2901 2735
2816 3040 2870 2980
2727 3194 2908 2761
2708 3154 2824 2860
2859 3024 2840 3032
2820 3008 2811 3049
2778 3084 2951 3027
2768 2860 3102 2840
2755 3032 2956 2890
2727 3086 2895 2892
2963 2861 2707 3187
2927 2864 2863 3047
2782 2836 2904 3159
2720 2794 3031 3003
2769 3022 2859 3077
2759 2884 3078 2876
2745 2824 3157 2991
2739 2852 3043 2927
2715 2814 3080 2997
2651 2796 3216 2960
2959 2888 2754 3140
2914 2864 2873 3088
2912 2857 2815 3142
2904 2932 2763 3172
2842 3016 2862 2942
2840 2907 2900 3062
2835 2761 3146 2825
2774 2918 2967 3055
2765 3068 3138 2856
2765 2787 3058 2934
2755 2839 3118 2883
2754 2949 2850 3231
2714 2883 3166 3045
2947 2898 2815 3139
2918 2996 2774 2917
2842 2984 2873 3012
2754 3157 3085 2822
2753 2824 3211 2850
2746 2798 3131 2927
2745 3069 3097 2839
2743 3028 3176 2841
2729 2854 2852 3173
2711 3224 2853 2837
2706 2756 3180 3015
2693 2901 3104 2990
3018 2903 2515 2862
2895 2873 2743 3194
2839 2888 2903 2961
2821 3080 2787 2962
2816 3081 2831 3044
2803 3247 2691 3197
2794 2921 2917 3138
2719 2844 3136 2919
2697 2769 3182 2887
2653 3113 2965 2906
3052 2903 2559 2849
3039 2714 2591 2921
3009 2945 2586 2903
2916 2938 2820 2951
2898 3408 2416 2780
2884 2836 2987 2829
2860 3247 2720 3145
2858 2996 2780 3149
2832 2799 2985 2955
2825 2958 2889 2975
2809 3288 2730 3126
2787 2950 2851 3215
2759 3011 3160 2855
2737 3048 2811 3151
2704 3072 3103 3095
2688 3095 3074 2831
3048 2980 2679 2766
3030 2901 2573 2869
2943 2970 2591 3172
2899 3013 2745 3103
2897 2744 3064 2805
2884 3005 2797 3093
2875 2782 3047 2795
2857 2837 2940 3075
2840 3309 2686 3150
2814 2805 2975 3023
2800 2993 2836 3152
2790 3358 2590 2751
2755 2818 3048 2979
2754 3055 3125 2884
2712 3139 2878 2840
2648 3075 3082 3059
2628 2958 2824 3183
2613 3111 2998 3045
3066 2835 2523 2879
3063 2978 2724 2843
3013 2814 2640 2970
2905 3004 2837 3079
2883 3248 2659 3159
2878 2993 2751 3161
2874 3325 2684 3110
2869 2773 3009 2919
2867 3077 2741 2992
2859 3041 2735 3123
2822 3403 2445 2723
2806 2743 3138 2919
2771 3010 3062 2876
2760 3226 2653 3224
2744 2968 3154 2890
2730 3357 2640 2808
2633 3125 2776 3122
3006 3308 2445 2745
3000 3345 2345 2710
3000 3000 2646 2871
2996 2998 2847 2760
2963 3226 2469 2521
2942 2870 2677 3223
2927 3116 2674 3172
2922 2970 2747 3114
2917 3238 2552 3197
2913 3307 2622 3165
2880 2788 2986 2941
2875 2689 3166 3019
2872 2839 3091 2907
2857 2974 2674 3193
2848 3003 2937 2822
2837 3288 2786 3117
2827 2699 3158 3001
2809 3020 2934 3108
2793 2753 3160 2937
2781 3364 2594 2702
2764 3032 2903 3161
2729 2791 3095 2997
2719 2826 3160 2927
2700 3149 2815 3031
2674 2947 2854 3189
2669 2967 3155 2867
2648 3004 3139 2997
2637 2961 2837 3163
2562 3229 2852 2974
3121 2751 2541 2870
3080 2942 2733 2844
3066 2970 2737 2777
3058 3340 2356 2644
3023 3007 2699 2759
3022 2787 2511 2890
2954 3366 2437 2690
2951 3380 2374 2719
2923 3363 2483 2806
2917 3472 2435 2704
2917 2932 2679 3187
2914 2972 2692 3228
2912 2973 2753 3018
2911 2993 2867 3119
2863 2900 2772 3213
2857 2788 3040 2937
2844 3357 2476 3154
2843 3279 2687 3113
2832 3332 2503 3148
2822 3402 2444 2734
2802 3068 3020 2864
2793 3448 2524 2756
2772 2992 2809 3156
2757 2936 2929 3168
2749 2710 3032 3133
2699 2967 2793 3232
2686 3196 2870 2945
2659 3117 2885 2949
2571 3211 2860 2972
3123 2865 2587 2838
3119 2959 2685 2776
3108 2844 2540 2863
3074 2961 2708 2783
3060 2752 2581 2862
3037 3427 2335 2643
2972 3006 2745 2872
2933 3266 2658 3089
2933 2984 2632 3228
2918 2962 2720 3158
2916 3384 2516 2632
2907 2908 2714 3195
2891 2946 2777 3183
2880 3266 2547 3189
2878 3254 2557 3170
2875 2749 3083 3092
2866 3316 2620 3220
2850 2755 3063 3067
2847 3340 2519 3085
2842 2780 2966 3050
2837 3399 2492 2756
2805 2872 2935 3153
2792 2802 3139 2921
2790 2735 3096 3020
2783 3027 3003 2893
2750 2749 3086 2947
2742 3133 3061 2885
2718 3143 2871 2984
2699 3204 2796 2852
2698 3151 2819 2970
2652 3152 2841 2989
2647 3441 2674 2738
2645 3019 2791 3185
2629 3117 2920 2942
2620 3154 2923 2897
2612 2885 3183 2941
2601 2885 2813 3245
2572 3090 2840 3101
2569 3119 2887 2968
2563 3101 2835 3058
2549 3179 2852 2984
2522 3051 2865 3116
3104 2903 2677 2779
3085 2912 2619 2839
3080 3067 2699 2654
3072 3029 2692 2708
3047 3332 2404 2696
3023 3458 2311 2697
3007 3051 2760 2834
2996 3094 2741 2709
2983 3190 2649 3127
2978 3203 2709 3155
2945 2916 2746 3090
2914 2918 2730 3189
2911 3236 2649 3117
2903 3065 2671 3196
2897 2984 2833 3163
2886 3205 2576 3211
2882 3325 2507 2740
2878 2704 3108 2997
2877 2985 2792 3146
2872 3346 2543 2570
2869 2931 2698 3190
2853 3008 2782 3077
2848 3280 2695 3069
2844 2831 2981 2970
2841 3284 2643 3163
2839 2928 2895 3085
2831 2925 2837 3177
2816 2961 2913 3134
2811 3337 2563 2704
2790 3224 2616 3227
2780 3462 2666 2772
2780 3132 3037 2889
2755 3133 2833 2872
2658 2997 3138 2957
2656 3087 3161 2954
2614 3178 2865 3003
2575 2909 2804 3240
2569 3203 2839 3040
2551 3128 2879 2950
3125 2816 2590 2861
3094 2918 2679 2822
3069 3295 2418 2736
3022 3412 2464 2674
3017 3327 2402 2885
3011 3363 2317 2696
3000 3366 2443 2678
2995 2944 2732 3086
2991 3328 2415 2685
2977 3447 2438 2687
2975 2944 2733 2864
2969 3459 2372 2581
2958 3306 2488 2604
2956 3204 2615 3116
2955 3378 2411 2708
2948 3507 2474 2663
2933 3306 2515 2645
2932 2920 2761 3079
2928 3349 2484 2646
2928 2761 2989 2975
2919 3173 2638 3187
2907 3392 2428 2788
2899 2713 3099 3024
2898 2773 3004 3030
2893 3057 2827 3031
2868 3364 2545 2740
2865 3444 2440 2772
2864 2958 2783 3197
2862 2670 3104 3073
2843 2772 3078 2990
2820 3205 2751 3278
2811 2984 2988 2717
2799 3118 3068 2855
2787 2802 2991 2996
2779 3331 2757 3143
2774 3133 2804 2893
2756 3264 2723 3261
2747 3194 2876 2822
2741 3058 3033 2894
2713 3135 3031 2868
2709 3191 2957 2856
2692 2964 2784 3272
2673 3112 2910 2970
2665 3187 2893 2908
2637 3198 2964 2787
2614 2957 3164 3004
2546 3165 2880 3017
2508 3127 2884 2993
