48682 134.591
3646 3818 3474
3675 3872 3351
3561 3889 3444
3475 3951 3403
3579 3812 3508
3608 3895 3413
3532 3866 3496
3628 3888 3405
3559 3871 3464
3468 3945 3415
3468 3952 3392
3558 3855 3500
3545 3920 3423
3466 3894 3487
3526 3906 3457
3354 3914 3497
3449 3946 3437
3589 3942 3389
3427 3932 3474
3522 3957 3372
3539 3934 3401
3649 3911 3319
3449 3893 3495
3682 3788 3451
3690 3849 3305
3662 3891 3342
3573 3899 3433
3696 3837 3390
3566 3922 3412
3614 3868 3441
3545 3875 3477
3592 3936 3386
3591 3798 3532
3524 3930 3402
3641 3790 3486
3475 3870 3517
3611 3889 3410
3553 3839 3518
3601 3788 3523
3670 3810 3437
3575 3827 3512
3486 3980 3362
3439 3895 3488
3452 3969 3428
3538 3911 3439
3588 3890 3420
3476 3934 3449
3534 3862 3503
3559 3815 3522
3633 3829 3458
3521 3892 3460
3540 3864 3484
3425 3806 3579
3453 3853 3557
3554 3883 3456
3482 3921 3465
3549 3886 3463
3593 3875 3414
3487 3823 3561
3487 3909 3473
3584 3777 3551
3532 3945 3389
3444 3893 3510
3582 3835 3499
3615 3834 3467
3498 3959 3385
3419 3934 3477
3487 3671 3620
3619 3852 3449
3621 3601 3617
3599 3865 3444
3465 3679 3624
3602 3718 3560
3674 3733 3518
3615 3781 3525
3697 3776 3462
3591 3770 3558
3569 3764 3560
3670 3783 3497
3542 3808 3544
3500 3799 3569
3461 3904 3487
3659 3736 3522
3449 3959 3433
3586 3682 3606
3472 3874 3524
3569 3889 3434
3544 3958 3302
3577 3858 3458
3541 3892 3458
3586 3897 3398
3536 3821 3528
3572 3906 3428
3402 3974 3417
3618 3763 3523
3578 3860 3457
3526 3941 3401
3616 3856 3441
3638 3905 3377
3500 3856 3513
3463 3941 3455
3552 3909 3437
3598 3855 3494
3486 3931 3462
3549 3856 3492
3640 3836 3440
3550 3761 3567
3592 3789 3515
3550 3878 3466
3624 3840 3452
3649 3799 3473
3533 3887 3469
3647 3811 3473
3574 3858 3465
3537 3843 3502
3464 3989 3325
3589 3884 3450
3278 3955 3464
3427 3869 3533
3548 3833 3524
3505 3937 3417
3493 3893 3489
3569 3920 3402
3497 3976 3389
3532 3966 3363
3542 3917 3438
3445 3894 3495
3599 3835 3485
3435 3930 3495
3410 3978 3404
3500 3944 3437
3462 3994 3397
3408 3887 3512
3511 3908 3482
3639 3898 3382
3518 3852 3520
3583 3821 3498
3596 3913 3367
3456 3922 3471
3383 3981 3458
3506 3961 3364
3383 3968 3462
3600 3911 3368
3370 3939 3466
3694 3821 3394
3438 3995 3393
3564 3891 3436
3555 3900 3432
3513 3853 3509
3649 3738 3516
3625 3870 3413
3455 3852 3535
3559 3892 3438
3491 3825 3537
3536 3815 3562
3410 3886 3523
3529 3882 3474
3567 3876 3461
3646 3786 3482
3453 3799 3573
3623 3826 3465
3559 3838 3509
3681 3780 3474
3486 3843 3534
3757 3664 3483
3680 3638 3561
3747 3722 3441
3568 3764 3561
3531 3844 3506
3731 3681 3518
3659 3789 3464
3622 3837 3462
3746 3826 3360
3710 3709 3491
3612 3837 3465
3759 3564 3504
3630 3606 3610
3585 3601 3667
3704 3834 3350
3499 3839 3536
3692 3671 3539
3680 3827 3411
3491 3922 3456
3613 3870 3415
3688 3748 3495
3704 3790 3412
3672 3679 3588
3725 3735 3471
3694 3790 3436
3600 3829 3485
3661 3821 3462
3543 3921 3427
3713 3743 3460
3685 3751 3496
3710 3697 3523
3543 3786 3565
3709 3793 3397
3604 3831 3475
3697 3737 3494
3688 3820 3395
3736 3774 3405
3695 3840 3349
3640 3758 3530
3631 3744 3558
3615 3801 3512
3681 3838 3400
3676 3736 3508
3632 3862 3431
3649 3859 3399
3666 3788 3466
3638 3851 3448
3644 3828 3435
3737 3713 3463
3657 3797 3481
3630 3752 3546
3574 3759 3581
3648 3744 3544
3734 3648 3522
3569 3910 3408
3597 3746 3549
3737 3667 3513
3591 3759 3567
3558 3816 3535
3675 3736 3509
3476 3832 3546
3495 3911 3469
3585 3720 3579
3675 3752 3488
3639 3749 3532
3702 3805 3405
3514 3794 3569
3644 3765 3511
3631 3800 3495
3704 3754 3485
3587 3799 3515
3713 3834 3329
3503 3850 3530
3694 3844 3372
3501 3890 3510
3611 3907 3348
3422 3868 3549
3467 3969 3419
3412 3749 3600
3587 3765 3559
3654 3752 3514
3534 3925 3412
3410 3855 3559
3609 3816 3492
3560 3950 3265
3660 3728 3549
3550 3948 3340
3510 3929 3450
3632 3875 3412
3600 3816 3494
3648 3777 3499
3576 3877 3460
3548 3931 3401
3557 3864 3470
3653 3754 3507
3677 3808 3430
3465 3935 3470
3522 3912 3445
3812 3647 3448
3779 3700 3397
3753 3648 3504
3601 3929 3362
3767 3777 3381
3607 3931 3341
3530 3834 3519
3712 3792 3390
3666 3791 3447
3693 3778 3447
3603 3897 3384
3671 3855 3418
3520 3852 3505
3661 3856 3396
3513 3955 3378
3612 3909 3341
3608 3822 3482
3687 3764 3477
3618 3788 3509
3792 3658 3409
3773 3677 3467
3797 3733 3341
3698 3843 3323
3670 3701 3540
3807 3688 3401
3783 3774 3363
3757 3718 3431
3682 3816 3416
3717 3707 3516
3804 3690 3387
3637 3868 3386
3469 3847 3532
3741 3689 3452
3524 3824 3532
3735 3687 3501
3502 3826 3535
3685 3815 3421
3509 3721 3616
3654 3736 3544
3732 3732 3433
3716 3828 3383
3721 3787 3430
3726 3731 3435
3791 3727 3381
3730 3728 3454
3657 3868 3384
3716 3760 3443
3728 3718 3455
3648 3824 3441
3719 3749 3439
3633 3697 3568
3549 3750 3585
3600 3766 3543
3713 3770 3443
3741 3633 3548
3713 3739 3490
3576 3732 3581
3721 3710 3486
3706 3762 3474
3755 3721 3420
3699 3811 3427
3684 3675 3549
3736 3711 3470
3695 3843 3334
3674 3883 3349
3713 3624 3565
3619 3827 3467
3611 3686 3571
3677 3793 3431
3754 3735 3393
3657 3732 3525
3743 3682 3470
3783 3695 3424
3646 3762 3502
3654 3670 3604
3727 3761 3410
3581 3791 3547
3567 3831 3506
3693 3734 3516
3646 3700 3565
3736 3674 3501
3588 3781 3546
3783 3716 3392
3646 3729 3545
3782 3688 3454
3516 3875 3497
3720 3669 3553
3593 3748 3557
3604 3752 3548
3575 3710 3607
3700 3703 3532
3657 3893 3284
3669 3806 3438
3688 3819 3414
3567 3650 3622
3750 3766 3404
3709 3733 3500
3640 3878 3381
3759 3805 3344
3650 3711 3558
3706 3803 3394
3778 3758 3368
3682 3730 3535
3598 3695 3587
3784 3785 3360
3599 3736 3566
3728 3817 3376
3524 3882 3481
3601 3873 3420
3695 3771 3465
3547 3874 3472
3553 3820 3519
3738 3649 3504
3611 3809 3510
3538 3873 3494
3738 3704 3488
3600 3727 3575
3525 3838 3530
3516 3770 3569
3692 3704 3537
3485 3698 3620
3627 3796 3504
3441 3724 3599
3667 3760 3500
3706 3789 3414
3690 3602 3598
3523 3733 3597
3616 3685 3573
3677 3652 3567
3717 3748 3448
3564 3801 3547
3624 3709 3570
3566 3692 3617
3620 3684 3584
3581 3708 3589
3628 3820 3487
3610 3757 3535
3632 3793 3505
3451 3804 3576
3772 3619 3470
3617 3748 3547
3586 3809 3543
3503 3911 3459
3570 3762 3562
3514 3780 3595
3695 3560 3576
3616 3822 3479
3728 3619 3558
3674 3696 3541
3593 3746 3558
3547 3775 3565
3585 3700 3583
3542 3767 3575
3613 3832 3469
3774 3577 3498
3393 3876 3551
3613 3681 3597
3468 3843 3568
3565 3784 3556
3526 3818 3548
3463 3813 3572
3303 3790 3585
3582 3696 3588
