2367 13.6803
9253 9310
9351 9161
9517 8807
9321 9240
9530 8754
9513 8848
9180 9389
9493 8926
9438 9033
9545 8657
9488 9013
9497 8895
9429 9065
9268 9275
9101 9459
9328 9197
9199 9343
9359 9160
9273 9261
9341 9170
9234 9323
9198 9362
9412 9112
9290 9258
9384 9154
9116 9452
9254 9298
9242 9313
9228 9331
9218 9338
9176 9390
9171 9394
9134 9416
9157 9402
9127 9433
9052 9527
9089 9495
9019 9543
9125 9440
9062 9505
9220 9335
9023 9538
9009 9552
8919 9612
8820 9668
9079 9497
9029 9537
9093 9472
8838 9667
8901 9623
8891 9633
9221 9334
8811 9683
8994 9555
8944 9595
8932 9602
8935 9596
8987 9557
8980 9587
8870 9648
8920 9609
9099 9463
8759 9713
8810 9684
8902 9621
8743 9718
8879 9643
8852 9659
8847 9666
8774 9704
8715 9743
8643 9763
8628 9773
8806 9688
8553 9808
8815 9680
8783 9703
8637 9771
8717 9735
8485 9823
8412 9840
8817 9670
8731 9729
8460 9825
8523 9810
8416 9832
8975 9588
8799 9691
8692 9745
8612 9795
8676 9754
8674 9760
8384 9841
8353 9846
8446 9831
8375 9843
8275 9877
8752 9715
8512 9812
8157 9895
8352 9848
8413 9838
8337 9862
8560 9801
8211 9884
8164 9890
8345 9861
8237 9881
8280 9865
