10 0.519325
14370 15291 14525 14786
14156 14377 14960 14923
15142 14449 14726 14242
15065 14722 15406 14182
15051 14456 14589 14280
14846 14382 15417 14415
14798 15054 14867 14171
14376 15014 14494 14901
15247 14670 14836 14172
15209 13993 14437 14554
15182 14916 14705 13959
15102 14399 15047 14192
15098 14340 15018 14641
14913 14548 15379 14766
14910 14318 14738 14978
14895 14849 15410 14150
14704 14902 15141 14676
14638 15011 14925 14606
14605 14275 15420 14732
14531 14594 14825 15192
14518 14617 14972 14761
14424 14614 15009 14784
14162 15081 14790 14259
14070 14505 15011 14939
15421 14137 14749 13907
15337 14340 15108 14452
15275 14702 14705 13955
15211 15049 14492 14189
15037 14971 15019 14446
15021 14772 15505 14169
14961 14849 14884 14930
14909 14764 15245 14574
14849 14915 14443 14721
14846 14869 15342 13967
14659 15032 14845 14556
14639 15102 14846 13878
14628 14778 15212 14373
14627 14770 15371 14648
14619 14739 15331 14717
14612 13735 14311 15069
14597 14002 15808 14264
14541 14908 15026 14651
14538 14902 14638 14808
14425 14418 15016 14807
14413 15413 14515 14408
14399 14894 14738 14708
14381 15049 14623 14844
14370 14382 15087 14844
14350 15030 15124 14314
14215 14385 15058 14894
14185 15165 14640 15080
14078 15140 14770 14198
14047 15100 14885 14535
14017 14767 15171 14729
13834 15177 14667 14380
13802 14792 15013 14805
13700 14208 15297 14916
13677 13143 14101 15194
