70 5.44064
24439 23034 24066 24288
24407 22953 24077 24261
24081 23139 24758 23641
23379 23370 23992 24420
24302 23104 23993 24093
24503 22908 24256 24284
22749 22290 24152 24778
24387 23389 24448 23619
23989 23040 24788 23624
23969 24047 24259 24147
23371 24102 23416 23468
22745 24192 23414 23135
24197 22922 24372 24315
24085 23222 24335 23943
23937 23654 24273 23878
23407 23804 24524 23807
23358 23273 24519 24360
22898 23890 24353 23379
22774 22284 24010 24807
24531 22832 24296 24227
24414 23114 23654 24067
24370 23093 24771 23464
24318 22967 24102 24121
24226 22977 24150 24198
24057 23570 24096 23759
24037 23144 24399 24034
23847 23148 25363 22980
23836 23078 24911 23731
23652 22844 25174 23940
23589 23740 24469 24010
23545 23761 24641 24184
23322 24248 24053 22422
23317 23171 24778 23882
23311 22023 25434 22928
24561 22896 24274 24090
24502 23282 24053 23987
24481 22898 24272 24305
24459 23296 23848 23649
24362 23202 23884 24135
24361 23494 24428 23621
24271 21824 24838 23810
24106 23360 24522 23630
24044 23200 24961 23609
24023 23510 24774 23687
24015 23507 24791 23435
23960 22886 25247 23685
23662 22984 25281 23704
23566 23792 24268 24051
23350 23827 24673 24000
24738 22615 24769 24357
24577 23264 23876 23597
24474 23216 24684 23882
24415 23233 23897 24050
24361 23061 24076 24189
24339 23492 24416 23712
24339 23217 24073 23829
24192 22517 24740 24577
24135 23201 24434 23949
24075 23123 25215 23612
24064 23766 23991 24065
24015 23631 24236 23791
23976 22805 24765 23941
23975 22654 24818 23813
23974 22751 24594 24210
23945 23278 24854 23436
23938 24009 24380 22976
23812 23163 24581 24222
23777 22797 25298 23513
23721 23107 23818 24408
23684 23223 24970 23773
23646 22955 25086 23983
23600 23387 24890 23665
23541 23325 24707 23907
23534 23549 24737 24049
23469 23784 24850 23527
23374 23427 24785 23736
23311 22501 24647 24631
23234 24073 24005 23536
24592 23038 24138 22795
24532 23067 24603 23888
24530 22898 24366 24165
24481 23414 23710 23616
24471 22931 24250 24319
24454 23262 24586 23668
24451 23470 24383 23644
24429 23060 23970 24007
24425 22759 24317 24275
24391 23159 23937 24188
24358 23153 23981 24140
24330 23055 24026 24270
24301 23138 24834 23533
24204 23150 24243 24323
24142 23111 24288 24396
24141 23473 24305 23871
24013 23109 25262 23600
23982 23872 23927 23523
23939 22928 25105 23954
23907 23498 24419 24368
23896 23284 24820 23463
23843 23758 24366 23048
23821 23455 24814 23510
23810 23084 24596 24314
23796 23548 24621 24240
23781 23168 24900 23973
23734 23336 25019 23630
23698 22616 24896 24255
23673 23265 24223 24442
23617 23758 24396 24026
23558 23199 24806 23797
23544 23519 24687 24059
23495 23056 24907 23774
23434 23196 24594 24355
23400 23742 24007 24303
23343 24188 24056 22351
23330 24205 24156 23058
23236 23542 24768 24175
24657 22773 24406 24064
24524 22702 24340 24299
24486 23099 24457 23811
24388 23271 24391 23592
24371 23109 24604 24010
24371 22947 24475 24045
24367 23296 23559 23702
24362 23528 24389 23685
24337 23094 24086 24141
24334 23103 24003 24310
24306 23380 23985 24316
24306 22940 24445 24119
24290 23242 24582 23867
24223 23337 24590 22979
24188 22738 24655 24267
24166 23359 24232 23977
24118 23442 24690 23432
24099 23955 23917 23830
24097 23612 24482 23078
24060 22792 24533 24203
24058 23517 24310 24014
24056 22857 25223 23769
24022 23140 25048 23575
24016 23620 24485 23948
23987 23571 24815 23271
23965 23570 24553 23865
23958 23095 25211 23657
23911 23706 24448 23331
23911 23297 24846 23429
23910 22819 25165 23778
23887 22935 24390 24701
23873 23364 24862 23579
23801 23899 24507 22938
23773 23763 24325 23530
23701 23170 23765 24518
23696 23939 24890 23087
23692 23756 24747 23757
23658 23057 25000 23708
23637 23600 24609 23827
23637 22656 25290 23980
23541 23542 25215 23620
23502 22920 25228 23769
23472 23368 24837 23833
23468 23767 24918 23520
23415 23008 24831 24582
23409 23765 24446 23687
23319 23509 24689 24132
23296 23570 24411 24387
22978 23902 24296 23746
22696 22276 24003 24835
24591 22841 24201 24020
24559 23031 24448 23573
24474 22956 24230 24127
24469 23045 24065 24032
24465 23236 24677 23649
24419 23219 24603 23683
24365 23493 24147 23576
24358 23043 24270 24024
24319 22923 24341 24070
24301 22806 24395 24213
24291 22831 24777 23818
24290 23536 24186 23690
24285 23436 24219 24093
24280 22666 24519 24246
24239 22432 24564 24414
24204 23127 24264 23972
24186 23340 24591 23779
24183 23259 24189 24142
24169 23191 24357 24036
24164 23039 24522 24096
24111 23220 24132 24249
24104 23253 24350 23937
24087 22432 24972 23809
24086 22973 24709 23561
24082 23151 24707 23639
24064 23080 24717 24202
24040 23157 25034 23584
24018 23615 24443 23675
24016 23284 24553 24273
24007 22903 24777 23849
23990 23420 24579 23987
23984 23564 24569 23818
23977 23619 24783 23799
23947 23573 24685 24216
23940 23113 24892 24005
23935 23066 24447 24626
23920 22903 25151 23719
23905 22496 24960 24367
23880 23248 24980 23532
23876 22839 24701 24276
23863 22742 25277 23386
23851 23325 24994 23349
23844 23111 25368 23075
23840 23593 25422 23475
23815 23335 24880 23566
23812 23808 24461 23373
23764 23967 24528 22807
23756 24070 24874 23147
23726 23698 24573 24259
23725 23221 24791 23861
23716 24092 24051 23370
23696 22926 25140 24084
23670 23206 24242 24391
23629 23887 24402 23859
23616 22745 25183 23818
23615 23770 24530 23462
23603 22905 25264 23747
23597 23052 25034 24439
23592 23665 24646 23850
23551 23407 24507 24269
23516 22975 25050 23754
23498 24180 24686 23261
23431 23283 24629 24343
23410 23553 24789 23682
23377 22675 25206 24046
23359 23334 24128 24757
23359 23314 24737 24052
23354 23072 25009 24486
23306 24328 24389 23134
23282 23429 24279 24390
23226 23711 25092 23056
23195 23026 25185 23756
23126 23654 24849 23559
22676 22245 24118 24794
22657 24144 23719 23526
