448 16.507
7002 8055 8911
6481 7706 9002
7521 8563 8436
8834 8119 7530
8071 8612 8241
6685 7805 8993
9252 8001 7189
7239 7673 9068
9280 7996 7309
7835 8437 8480
7945 8719 8040
7967 7797 8715
7885 8684 8230
7099 7316 9199
9054 8028 7492
8121 8324 8491
7763 7371 8944
8725 7507 8118
7874 9137 7527
8577 7521 8280
8145 8252 8257
7027 9347 7291
7907 8264 8495
7190 8570 8598
8959 8037 7564
7215 7496 9145
8977 8303 7210
8410 7859 8201
8336 8070 8221
6770 9457 6961
7346 7589 9065
7836 9310 7184
9234 8000 7204
9001 8046 7433
8072 8331 8189
7876 8809 8361
7735 7622 8880
7478 8590 8522
7109 7179 9194
8734 7444 8180
8241 8739 7516
7208 9341 6879
8006 8338 8253
8948 8131 7425
8618 8323 7845
7862 8250 8549
6746 9355 7272
8187 8022 8242
7507 8821 8319
9385 7645 7401
7599 8633 8378
7259 8355 8798
8956 7447 7719
8001 8609 8331
9455 7663 6970
9140 8246 7376
8640 8380 7536
8520 7617 8416
8015 7920 8515
8841 8272 7386
8562 7548 8325
7878 7505 8858
7103 8019 8885
7229 7027 9163
7845 8223 8638
7662 8887 8254
8752 7701 7993
6781 8070 8887
8245 8533 8081
7787 9202 7654
7431 8611 8420
9089 7610 7632
8579 7478 8310
8409 8721 7385
8229 7336 8712
7688 9285 7711
7002 9345 7323
9018 7751 7706
8749 7703 8010
7774 7536 8886
7929 8856 8163
8317 8749 7406
7043 7638 9235
9003 8303 7130
9070 7766 7702
8888 7885 7947
8443 8722 6903
7974 7887 8650
7633 7532 9126
7368 9368 6870
6763 9309 7497
7073 8048 8860
8178 8077 8364
8172 8181 8303
7970 8521 8402
7533 8215 8742
9024 8093 7412
8890 8242 7493
7274 7201 9158
7659 8077 8781
9032 8165 7378
8824 8552 7318
8330 8718 7395
7888 9112 7667
9403 8165 7044
9183 8213 7278
8892 7898 7825
8426 7768 8308
7782 8520 8700
7440 8199 8756
9239 7885 7484
9234 8135 7202
8930 8434 7064
7856 9104 7760
7853 9225 7321
7800 7985 8743
7193 8630 8463
8997 8287 7333
7599 8562 8397
7425 9325 7005
8479 7766 8503
6737 7187 9259
9445 7830 7237
9313 8014 7145
8427 8741 7014
8391 8707 7398
7884 7830 8667
7572 8664 8415
7220 7126 9170
9603 7597 7006
7049 7166 9255
9081 8026 7420
8093 8815 7884
7965 7717 8826
7733 7498 8899
7175 8487 8710
9494 7740 6818
8954 8335 7028
8845 8334 7236
8369 7693 8596
7154 7251 9164
7004 7816 8982
7948 8717 8206
7783 8062 8821
7501 6964 9132
9485 7634 7059
9091 7827 7569
8696 7862 8013
7908 9067 7810
9078 7994 7489
8532 7738 8273
8292 7836 8340
8157 8812 7814
8053 9007 7925
7472 7971 8961
8673 7425 8183
8077 7425 8778
8004 8345 8473
7660 7550 8979
7274 7883 8975
8264 9021 7515
8226 9090 7790
7658 8949 8202
7627 7647 8852
7359 9332 7215
7250 7393 9135
9637 7542 6931
9207 8135 7357
8670 8569 7228
7615 8143 8801
8941 7450 7871
8836 8304 7437
8567 8430 7967
8351 8806 7352
8009 7479 8756
7278 8747 8457
6837 9360 7200
6596 9395 7155
9579 7662 7001
8749 7982 7955
8152 7830 8648
8053 7829 8710
7995 7773 8803
7763 9005 8116
7698 7085 8993
7364 8578 8534
7180 8482 8742
9097 7391 7791
9025 8032 7536
8902 8017 7674
8660 7874 8186
8624 8051 8163
8624 7288 8243
8365 8692 7687
8172 7899 8607
8122 8661 8044
7914 8530 8354
7650 9183 7970
6700 7640 9306
9522 7622 7011
8585 7679 8210
8488 8607 7717
8193 7770 8518
7703 9265 7231
6851 7640 9177
9086 7721 7626
8814 8373 7524
8736 8464 7405
7954 8998 7979
7679 7620 8917
8747 8375 7442
8729 8288 7937
8623 7431 8306
8508 7746 8468
8370 7669 8588
8199 8673 7938
9403 7889 7364
8830 8165 7641
8393 8473 7992
7427 9321 7128
7379 8390 8708
7198 9296 7478
9007 8302 7311
8949 7843 7794
8591 8498 7767
8573 8370 7953
8544 8571 7505
7830 9147 7342
7806 8975 8037
7754 7538 8869
9215 8222 7105
8787 8288 7917
8349 7738 8647
8294 8662 7776
7837 9141 7868
7796 9123 8052
7738 9239 7625
9559 7603 7175
9338 7769 7622
9191 8194 7145
7309 6875 9238
7273 8460 8749
9154 8167 7339
8933 7585 8114
8601 8089 7950
8589 8359 8044
8160 8638 8061
7302 8192 8780
