584 92.8936
8440 8281 7551 8153
8921 8641 8147 6939
7853 7661 8319 8718
7529 7680 9568 7378
7671 7781 9569 7347
9042 8366 8080 7179
8055 9148 7932 7015
7793 7229 8701 8553
7564 7708 9555 7506
8423 7334 8922 7909
8198 7296 9031 8147
7533 7733 9513 7581
7933 9109 7874 7042
8485 8234 7658 8213
8843 8818 8182 6988
7703 7834 9441 7721
7687 7698 9517 7335
7802 7584 8459 8641
7727 7653 9456 7611
8504 7271 8469 8192
8914 8600 8266 6958
7627 7869 9481 7638
7573 7807 9501 7614
7745 7791 9449 7527
8687 8790 7880 7404
8387 8394 7627 8089
7641 7692 9491 7529
8434 8940 7709 7568
8156 7969 7589 8477
8366 9093 8428 7407
8357 8181 7720 8375
8939 8545 8210 7176
7678 7842 9430 7580
7833 7639 8353 8700
8867 8681 8206 7023
8446 8048 7601 8360
8111 9100 8039 6969
7911 7684 8292 8659
8085 7350 9101 8189
7874 7761 8281 8632
8492 8733 7687 7714
8650 8734 7675 7550
8098 7241 9033 8150
7616 7656 9542 7360
8423 8339 7568 8134
8682 8892 8123 7090
8818 8845 8138 7019
7923 8109 9308 7676
8743 8852 8122 7037
8718 8815 8215 7098
8731 8473 7820 7750
7820 7376 8705 8540
8400 8190 7859 8269
7762 7681 9405 7684
8654 8801 7805 7396
8199 9060 8553 7386
8811 8758 7997 7069
7940 7507 8845 8404
7837 7686 8327 8652
7807 7547 8370 8675
8947 8470 8201 7255
7652 7749 9444 7589
8472 8316 7622 8135
8864 8716 8235 7085
8829 8245 8776 7532
7868 7788 8566 8590
7587 7813 9539 7578
7995 7563 8666 8520
7648 7893 9317 7818
7713 7863 9374 7733
8807 8607 8285 7052
8593 8936 7865 7466
8860 8636 8154 7325
8614 8194 7757 8156
7774 7813 9258 7885
8909 8633 8179 7062
8971 8547 7981 7285
8432 9052 7812 7354
8703 8724 8007 7598
8394 8044 7742 8353
8204 7693 8289 8623
9017 8185 8089 7398
8600 8507 8647 7448
8120 7387 8673 8491
9005 8527 8245 7163
7661 7793 9461 7577
7905 7681 9083 8131
8802 8692 8084 7395
8890 8575 8231 7279
9030 7887 8571 7512
8140 8269 9004 7950
8964 8409 8264 7118
7933 7617 8358 8688
7813 8103 9362 7541
8965 8529 8225 7074
8307 8925 8465 7377
8999 8209 7938 7477
7878 8293 9235 7224
7855 7355 8603 8617
7880 7970 9384 7521
8953 8502 8244 7215
8741 8750 8045 7155
8007 9109 7949 6979
8118 7432 8477 8555
8378 9074 8393 7159
8351 8951 8541 7260
9008 8486 8171 7109
8452 8701 8439 7369
8927 8579 8274 7146
8930 8624 8248 7128
8082 7628 8625 8498
7781 7457 8797 8458
8043 7573 8622 8582
8470 8741 8499 7313
7979 8166 8856 8174
8293 7994 9141 7756
8756 8754 8057 7107
8000 7819 9281 7753
7894 7896 9327 7787
7719 7465 8718 8547
8479 8996 8443 7241
8020 7400 8638 8544
8799 8678 8269 7187
7621 8033 9368 7593
8219 9015 8552 7305
8389 8972 8115 7588
8875 8763 8132 7022
8350 8142 7845 8327
7750 7888 9300 7791
7862 8300 8958 7962
7600 7669 9558 7543
8263 7872 9047 8038
8607 8629 7782 7777
8714 8219 7909 7930
8311 8026 7773 8399
8923 8666 8105 6977
8238 8903 8186 7629
7948 7763 9290 7843
7857 7782 9218 7982
8932 8543 8227 7136
8903 8085 8464 7499
8181 7468 8677 8420
8832 8561 8256 7310
7681 7695 9523 7455
8027 7609 8611 8503
8144 7369 8678 8467
8109 7287 9104 8137
7999 7414 8636 8565
7591 7725 9535 7562
7662 7675 9531 7436
7841 7891 9421 7623
7612 7753 9509 7425
8584 8838 8012 7497
8173 7919 8824 8293
8710 8654 8221 7572
8637 8883 8167 7055
8539 8647 8548 7484
8556 8916 7917 7481
8851 8443 8332 7414
9024 8264 8490 7202
8048 7578 8971 8343
8727 8516 7796 7795
8565 8864 8162 7218
8345 8878 8739 7203
7952 7966 9352 7605
7890 7455 8629 8572
8661 8774 8027 7498
8104 7411 8817 8304
8735 8580 8238 7546
8413 7280 8700 8123
8785 8241 8597 7779
8439 8020 7737 8316
7888 7677 8296 8669
8408 9009 8023 7455
7755 7934 9493 7432
8373 7851 8932 7986
8364 9034 7936 7423
8169 7596 8896 8274
8162 7531 8394 8527
8427 8847 8413 7250
8086 7555 8418 8513
7785 7597 9397 7757
8036 7634 8924 8287
8420 8738 8671 7233
8294 8987 8457 7236
7606 7883 9496 7342
8131 8101 9129 8036
8406 8659 8134 7850
8375 9022 8448 7267
8252 9049 8445 7298
8982 8485 8252 7152
8668 8173 8196 8031
8896 8489 8276 7453
8188 7361 8988 8206
7649 7707 9478 7571
7891 7416 8587 8611
8617 8783 8268 7461
8348 8083 7928 8255
7962 7587 8717 8441
7899 8053 9347 7641
8578 8813 8177 7290
8210 7741 8944 8231
8621 8895 7791 7329
7945 8197 9150 7989
8351 8345 8470 7929
8375 9073 8363 7333
8526 8946 7898 7351
7965 7453 8632 8601
8959 8424 8341 7331
8791 8308 8605 7530
7930 7726 8698 8414
8639 8555 7832 7776
8241 9029 8503 7363
7828 8075 9210 7904
7974 8409 8961 7813
7942 7430 8604 8607
8581 7914 8260 8054
7983 7605 8712 8534
8216 8172 8950 8080
8989 8374 8336 7193
8003 7674 8396 8505
7718 7932 9392 7536
8886 8703 8122 6972
8606 8432 8645 7211
7607 7667 9560 7488
8879 8027 8691 7653
8603 8707 8031 7559
8154 8000 9275 7706
8758 8664 8094 7513
8137 7565 8519 8460
7709 7653 9469 7615
7823 7423 8660 8552
8329 8460 8740 7881
7846 7625 8732 8393
8571 8199 8343 7915
7845 7947 9221 7992
8425 8120 7787 8185
9039 7855 8498 7469
7958 8175 8584 8202
8147 7644 8452 8381
7885 8202 9205 7747
8379 8129 7766 8424
8564 8861 7896 7416
7749 7829 9332 7801
8633 8590 8184 7669
8097 7916 9412 7603
8443 7822 8053 8287
8995 7907 8592 7524
8527 7394 8735 8045
8093 7441 8562 8464
8191 7532 8801 8322
8243 7839 9121 8077
7972 7639 8313 8678
7771 7680 8712 8471
8042 7989 9238 7714
8127 8017 8905 8163
8219 7237 8886 8225
8441 8981 8470 7191
8660 8353 8546 7783
8697 8491 8387 7682
8077 7493 8756 8353
8268 7796 9193 7680
8487 7477 8617 8149
8030 7527 8674 8484
8244 8831 8338 7566
8521 8360 8685 7421
8070 7898 8217 8431
8277 8446 8880 7458
8282 8887 8575 7326
8652 8725 7840 7625
7709 7803 9503 7344
8361 8356 8534 7833
8063 7786 8830 8354
8236 7785 8655 8301
8208 8413 8915 7635
8622 8235 8399 7820
8750 8705 8172 7470
8549 8223 7957 8138
8054 8601 8823 7557
8538 8136 7999 8165
8249 8870 8488 7352
8295 8389 8847 7732
8369 8039 8664 7971
8773 8160 7749 7846
8451 8766 8496 7428
8045 8336 8953 7517
8103 7774 8708 8334
7948 7398 8667 8594
8315 8488 7974 8026
8038 8019 9227 7694
8855 8563 8264 7270
8034 7712 8946 8223
8333 7975 8893 8072
8341 7860 9040 7570
8388 8960 8534 7198
7986 7523 8730 8454
8597 8919 8208 7139
8092 8327 9053 7955
8045 7484 8985 8209
8326 8540 8159 7918
7988 8145 8825 8140
8766 8022 8614 7718
8174 7444 8993 8167
8209 8807 8682 7608
8266 8314 8876 7768
8246 8326 8787 8060
8507 8529 7887 7745
8467 8466 8430 7837
8746 8066 7871 7860
8460 7755 8358 8087
7902 7949 9110 8092
8296 8064 7894 8266
8192 8038 9126 7656
8459 8230 8812 7658
7967 7513 8755 8489
8074 7602 9021 8170
8005 8134 9269 7859
8373 7676 8407 8313
8815 8614 8278 7545
8505 8250 8639 7890
8409 7452 8714 8241
8147 7490 8765 8396
7716 7666 8749 8426
8336 7906 9134 7770
8235 8150 9067 7586
8380 8483 8422 7799
8195 7518 8983 8149
8773 8113 8758 7644
8301 8729 7966 7737
8259 8298 8450 8032
8532 8610 8368 7622
8268 8476 8725 7697
8497 8384 8494 7765
8372 7909 8919 7977
8841 8586 8233 7601
8110 7929 8768 8279
8134 7960 9202 7711
8255 7826 8628 8239
8287 8155 9025 7934
7921 7614 8642 8480
8274 9004 8487 7290
8185 8050 9182 7725
8065 7715 8440 8473
8007 7998 9338 7481
8229 9042 8487 7274
8227 7541 8659 8443
8673 8639 8079 7589
8574 8057 8383 8003
8748 8454 8350 7506
8847 8553 8192 7389
8501 8533 8335 7855
8089 8224 8995 7997
8724 8259 8555 7664
8559 8522 8118 7688
8322 8264 8966 7908
8339 7856 8859 8201
8100 7797 8297 8446
8299 8139 8998 7966
8124 8206 9113 7922
8177 8103 9062 7974
8135 7550 8923 8246
8169 7944 8794 8228
8107 8824 8558 7333
8846 8535 7980 7439
8014 8097 8838 8206
8591 8661 8300 7399
8438 8153 8066 8170
8075 7935 8888 8306
8707 8146 8707 7594
8111 8073 9183 7673
8099 7772 8772 8347
8434 8823 8125 7242
8616 8967 7874 7407
8692 8526 8486 7617
8214 7878 9071 8111
8190 8568 8579 7647
8112 8011 9160 7831
8067 8133 8871 8121
7935 7828 8265 8695
8029 8369 9090 7809
8158 8163 9173 7695
8454 8651 8142 7623
8231 8090 9161 7628
8839 8094 8753 7693
8145 7724 8307 8436
8114 7977 9254 7761
8738 8736 7991 7453
7936 7754 8785 8366
8060 8325 9062 7854
7901 7730 8451 8583
8596 8266 8618 7829
8483 8284 8653 7825
8477 8669 8128 7650
8079 7901 9245 7782
8170 7739 8252 8413
8523 8320 8295 7932
8176 8070 9154 8018
8444 8503 8077 7943
8603 8430 8127 7774
8010 8609 8816 7464
8091 8022 9169 8042
8164 7881 8865 8143
8787 8624 8014 7474
8343 7925 8979 8108
8041 8304 9167 7936
8462 7462 8433 8205
8213 7912 9247 7764
8410 8921 8328 7338
8780 8423 7924 7786
8529 8156 7969 8173
8359 8216 8694 7937
8411 8720 8015 7685
8474 8691 8526 7443
8391 8226 8858 7808
8309 7942 8930 8107
8318 8093 8643 8235
8561 7984 8843 7581
7936 8062 8309 8316
8096 7958 9264 7719
8127 7962 8535 8371
8417 8236 7921 8177
8176 8244 8101 8158
8094 7770 8697 8410
8795 8144 8705 7631
8304 8537 8864 7690
8269 8497 8902 7491
8977 8599 8182 7199
8272 8053 9116 7803
8577 8378 8390 7840
8534 8514 8192 7891
8518 8079 8301 8064
8346 8688 8065 7688
8455 8550 7903 7799
8881 8008 8556 7640
8495 8173 7946 8169
8295 7766 9076 7895
8778 8675 8055 7442
7918 8075 9207 7900
8385 8560 8444 7584
8768 8627 8059 7515
8166 8031 9211 7665
7787 7686 8610 8450
8224 8895 8521 7275
8447 8595 8063 7895
8425 7538 8876 8104
8637 7910 8745 7730
8642 8419 8096 7901
8496 8400 8385 7916
8118 8276 9035 7943
8087 7997 8729 8389
8359 8178 7986 8220
8152 8362 8930 7434
8233 8746 8156 7713
8066 8160 8773 8195
8428 8405 8752 7825
8275 8290 8484 7958
8135 7578 8726 8331
8231 8288 9013 7703
8567 8555 8182 7671
8626 8341 8592 7796
8344 7858 8940 8095
8463 7721 8324 8067
8546 8222 8324 7925
8114 7650 9179 7990
8069 7513 8744 8516
8191 7776 8680 8361
8051 7928 9011 8068
8562 8617 7962 7643
8671 8286 8610 7553
8376 8422 8782 7790
8324 7932 9092 7811
7971 8213 9178 7625
8209 8913 8456 7386
8159 8237 8251 8185
8116 8571 8908 7648
8512 8367 8416 7946
8464 8382 8578 7796
7982 7980 8949 8133
8516 8441 8454 7877
8382 8260 8765 7764
8448 8003 8705 7892
8250 8374 8516 8047
7878 7722 8748 8386
8585 8283 8340 7839
8456 8415 8435 8088
8241 8097 8911 8061
8522 8598 7989 7660
8228 8125 8589 8216
8503 8332 8463 7868
8309 7623 8908 8210
8228 7874 8627 8261
8436 7422 8505 8179
8301 8468 8189 8005
8496 8187 8702 7864
8767 8492 8313 7633
8572 7956 8524 7872
8484 8420 8528 7564
8645 8212 8216 8020
8573 8436 8305 7698
7953 8010 8974 8134
