261 11.533
3222 3496 3147 2663
3531 3281 2792 2949
3179 3494 2517 3270
2839 3933 2753 2919
2500 3150 3456 3265
2826 3062 3594 3117
2896 2731 3009 3568
2734 3173 2708 3648
2881 2914 2990 3624
3231 3463 2552 3252
2527 3271 3389 3244
2504 3189 3400 3325
2547 3321 2896 3545
3125 3438 2526 3374
2601 3327 2881 3612
3394 3314 2919 2677
2960 2744 2979 3551
2838 2767 3250 3460
3240 2754 3242 2946
2860 3932 2717 2911
2814 2965 3570 3185
3198 3411 3276 2708
3331 3387 3003 2692
2928 3908 2758 2997
3467 3238 2893 2735
3267 3474 2557 3246
2530 3321 3292 3383
2558 3814 2863 3333
2577 3236 3394 3313
2818 3135 3565 3112
3004 2788 2913 3495
3081 2808 3444 2983
2915 3565 3321 2969
3043 2780 3464 2989
3411 3258 2567 3220
3266 3276 3195 2804
3256 3354 3173 2811
3501 3184 2781 3105
3065 2823 3476 2906
2957 2811 2947 3608
3326 3453 3025 2765
2961 3528 3367 2894
2894 3098 3555 3204
3074 3515 3270 2727
3475 3295 2784 2932
3107 2835 3455 2934
3514 3283 2743 2985
3512 3076 2853 2883
2848 3346 3493 2762
2949 2951 3146 3511
2730 3242 3215 3515
2935 2977 3524 3262
3048 3535 3255 2686
3244 2861 3017 3217
3167 2843 3120 3287
2568 3418 3221 3345
2582 3635 3097 3254
3250 3104 3326 2878
2726 3432 3067 3417
2970 2972 3156 3487
3304 2944 3069 2965
3145 2913 3018 3388
2783 3745 2744 3336
2757 3800 2841 3302
3178 3683 2930 2749
3438 3052 2786 3303
2863 3190 3539 3070
2954 2997 3520 3128
2951 2935 3421 3240
2963 3113 3514 3223
3156 3010 3154 3239
2706 3483 3227 3204
3307 3578 2709 2859
2779 3263 3085 3505
2829 3195 3532 3135
2913 3497 2683 3494
3322 3520 2631 3116
3254 3320 3239 2929
3169 3418 3297 2722
3193 3004 2909 3470
3497 3219 2779 3143
3247 3173 3363 2887
3200 3508 3260 2744
2902 3333 3509 2826
3455 3287 2943 2843
3066 3568 2524 3308
2804 3876 2905 3126
3111 3584 2585 3215
3343 3020 3076 2918
3320 3030 2948 3317
3181 3603 2642 3139
2643 3689 2809 3429
3228 3466 2951 3034
3432 3298 2606 3068
3349 3109 2923 3160
2926 2899 2845 3608
3144 2906 3149 3343
3483 3315 2712 2955
3101 3388 3359 2863
3415 3162 3041 2831
3492 3289 2686 2911
2925 3164 2970 3578
2812 3359 3502 2841
3339 3456 2618 3232
2620 3736 3098 3161
2901 3644 3206 2869
2560 3210 3434 3221
2627 3785 2986 3201
2778 3131 3548 3123
2932 3822 3051 2974
2652 3766 2899 3256
2777 3303 2878 3563
2965 2904 3418 3231
2609 3369 3365 3138
3165 3422 3198 2853
2814 3373 3074 3349
3290 3352 3193 2825
2685 3174 3328 3406
2869 3883 2759 3007
2824 3901 2872 2943
3008 3367 3399 2783
3487 3244 2727 3103
2983 3256 3408 2775
3057 3129 3424 2865
3275 3520 2692 3023
2712 3203 3233 3469
3248 3582 2605 3004
2918 3543 2834 3399
2733 3659 3188 3108
2912 2916 3007 3585
3324 3460 3062 2840
2968 2932 2853 3555
3351 3033 3096 2916
3402 3117 2830 3250
3132 3741 2911 2849
3140 3692 2597 3138
3054 3612 2573 3304
3131 2849 3436 2940
3021 2886 3312 3305
3270 3513 2929 3030
2745 3748 2838 3385
2990 3670 3089 2717
3485 3279 2803 2953
2811 3121 3530 3180
2908 3664 2765 3356
2985 3419 3371 2806
3370 3336 2828 2962
3190 3629 3045 2796
3444 3126 2999 2835
2592 3423 3161 3321
2983 3156 3429 3075
3007 3077 3489 3152
3399 3437 2698 3006
2736 3371 3218 3353
3284 3187 2780 3415
3103 2961 3403 3018
3160 3709 2614 3106
2962 2868 2975 3569
3141 2875 3430 2984
2761 3349 3216 3330
2946 2966 2897 3561
3214 3479 2800 3160
3421 3344 2586 3141
2736 3024 3246 3456
3459 3286 2957 2885
3061 3808 2691 3131
3047 3560 3277 2785
2698 3215 3027 3600
2938 3408 2705 3569
3187 3288 2650 3320
3292 3167 2758 3449
2615 3592 3282 3188
2745 3893 2908 3035
3408 3381 2594 3099
3018 3091 3478 3153
2680 3639 3038 3178
3005 3610 2625 3297
2907 3866 2734 3130
3185 2956 3383 2957
3127 3674 2671 3049
3011 2956 3353 3258
2825 3819 2871 3173
2979 3099 2917 3524
2810 3858 2880 3041
2684 3795 2995 3085
3216 3037 3021 3247
2945 3848 2849 2866
3137 3625 2667 3143
2772 3764 3152 2926
2673 3841 2954 3022
3405 3372 2793 3093
2904 3441 3308 3062
3237 3066 2889 3473
3387 3084 3035 3186
2898 3400 3141 3294
3238 2786 3234 2981
2718 3832 2706 3306
2788 3325 3068 3498
3354 3119 2736 3341
2898 3872 2723 3020
2795 3702 2751 3411
2633 3604 2757 3475
2871 2919 3110 3588
2647 3713 3160 3172
3448 3246 2724 3073
2924 3563 3175 3176
2819 3119 3544 3011
3413 3291 2858 2746
3074 3410 3303 2977
3016 3232 3325 3026
2788 3248 3083 3548
2996 3470 2987 3228
3206 2964 3113 3267
2715 3261 3088 3522
2929 3311 3469 3081
3024 3605 2589 3304
2891 3413 3315 3013
3158 3580 2746 3016
3060 3056 3333 3077
3171 2925 3002 3301
3374 3358 2577 3240
2662 3284 3380 3369
3341 3105 2661 3375
3078 3686 3048 2777
2742 3588 3374 2941
2594 3608 3237 3158
3366 3383 2742 3059
2773 3680 3139 3111
2846 3599 2983 3394
2782 3730 3009 3097
2938 3055 3229 3285
2886 3123 3131 3421
2934 3046 3522 2788
3118 2940 3446 2914
3447 3027 2832 3015
3208 3641 2868 2836
3281 3446 2851 3060
3091 3039 3302 3147
2798 3816 2657 3201
3395 3499 2820 2814
3065 3018 3435 2899
3092 2828 3465 2961
3054 2869 3295 3278
3090 2999 3244 3210
2915 3568 2738 3481
3139 3721 2995 2734
3045 2874 3484 2932
2758 3705 2936 3185
2688 3452 3015 3533
3183 2883 3339 3088
2942 3090 3066 3379
2975 3619 2776 3274
3114 3500 3013 3119
3434 3122 2977 2914
2595 3548 3136 3253
3314 3352 2867 2924
3425 3126 2622 3217
3026 3235 3459 2844
3383 3342 2640 3134
3373 3146 2811 3271
3310 3365 3043 2922
3360 3073 2907 3294
3315 3182 2925 3051
2862 3852 2856 3092
3429 3207 2926 3004
3391 3128 3032 3055
2932 3448 2711 3531
3143 3667 2985 2791
2639 3265 3288 3437
3102 2993 3433 2852
3459 3133 2989 2808
2666 3227 3242 3431
2866 3652 2755 3404
2740 3645 3287 2991
2993 3780 2689 3133
3173 3141 3152 3101
3014 3867 2780 2874
3199 3618 2581 3225
3205 3363 2967 2928
3142 3503 2629 3322
2887 3861 2860 3038
2991 2825 3224 3363
2943 3890 2758 2871
3094 3397 3347 2960
2949 2927 2938 3603
2893 2970 3181 3450
3153 3059 2906 3423
3175 3677 2892 2828
3108 3595 2816 3076
3052 3395 3159 3198
3300 3647 2639 2934
3046 2852 3343 3025
3035 3844 2876 3007
2836 3685 3096 3163
2886 3271 3512 2903
3245 3331 2823 3205
3234 3198 3281 2830
3140 3587 3081 2756
3064 3252 2976 3442
2959 3782 2933 3018
3136 3544 3133 2772
3025 3551 3104 2967
2956 3310 2838 3574
3150 3273 2653 3398
3089 3279 2721 3520
2651 3837 2728 3341
3392 3380 3063 2799
3077 3510 3196 2881
2861 3770 2790 3240
2771 3513 3208 3155
3015 2896 3079 3433
2729 3685 3165 3169
2766 3714 2655 3361
2721 3417 3001 3528
2980 2897 3401 3243
3186 3457 3177 2779
2821 3327 3184 3366
2566 3631 3169 3188
3296 3338 3126 2991
2753 3075 3460 3244
2849 3312 2771 3594
2849 3169 3117 3479
3098 3539 2698 3229
2765 3415 3355 3197
2748 3361 3307 3305
2878 3711 2927 3120
3213 3571 2610 3258
2836 3278 3496 2974
2756 3708 2715 3432
3000 3661 2714 3392
2760 3655 2897 3381
3087 3429 2739 3444
3202 2849 3376 2992
2811 2992 3183 3538
2670 3316 3247 3316
3334 3306 2767 3312
2635 3791 2751 3392
3308 3493 2635 3200
3189 3378 3211 3001
2964 2988 3481 3188
3103 2889 3441 2939
3464 3170 2812 3112
2877 2893 3200 3440
2889 3854 2848 3098
2672 3787 2890 3288
3142 3345 3334 2712
3083 3759 2730 3039
3224 2831 3247 3001
3088 3405 3255 3122
3078 2855 3419 2989
2840 3887 2805 3008
2701 3437 3258 3203
3063 3288 3386 2848
3388 2982 2808 3263
3441 3150 2741 3145
2750 3273 3350 3291
2876 3728 2725 3321
2763 3377 2997 3509
3030 3598 2945 3033
3463 3322 2653 2819
2854 3721 2700 3346
3199 3342 3264 2793
2873 3434 3100 3283
3302 3143 3246 2909
3168 3664 2677 3001
3103 3175 3039 3219
2734 3427 3077 3466
3279 3074 3058 3074
2776 3225 3248 3371
2809 3717 3043 3057
3033 3501 3005 3063
2791 3206 3116 3478
2794 3142 3453 3227
3155 3089 3412 2837
3129 3025 3314 3045
2922 3606 2724 3452
2982 3471 2754 3446
3036 3575 2889 3065
2891 3420 3412 2980
3084 3541 2763 3235
2661 3825 2913 3168
2624 3621 3038 3262
2679 3616 2893 3414
2731 3536 2895 3458
3075 3283 2664 3461
2874 3572 3201 3037
3386 3257 2823 2964
2892 2984 3189 3438
3362 3323 2852 3034
3378 3071 2993 3192
3140 2940 3335 3044
2787 3454 3163 3305
3132 2895 3415 2920
2947 3356 2960 3306
2807 3774 2945 3157
3306 3555 2850 2976
3037 3044 3339 3281
2660 3336 3451 3161
2969 3229 3170 3280
3027 3107 3346 3128
3299 3070 3055 3083
3063 2883 3474 2985
3008 2932 3091 3472
3042 3557 2675 3399
3205 3006 2969 3324
2904 3862 2818 3135
3013 3266 3014 3396
2834 3180 3226 3472
2964 3525 2750 3422
3333 3488 2840 3149
3186 3314 3300 2757
2896 3754 2622 3263
2671 3722 3199 3132
3330 3499 3004 2821
2815 3044 2907 3597
3183 3016 3133 3152
3418 3090 2807 3359
3239 3245 2763 3401
3337 3104 2768 3340
2974 3505 3273 2816
2828 3582 2740 3506
2691 3248 3179 3536
2973 3145 3487 3061
2700 3738 3112 3029
2956 2889 3004 3581
2741 3587 2677 3490
3210 3209 2901 3192
2853 3714 2773 3319
2751 3499 3292 3079
2844 3427 2847 3489
3108 3350 3245 3168
2578 3843 2848 3261
2789 3514 3022 3289
2614 3545 3301 3200
2664 3523 3169 3296
2795 3663 3148 2993
2715 3507 2944 3542
3046 3533 3097 2938
3004 3657 2878 3184
2656 3573 3281 3112
2900 3593 2704 3463
3217 3049 2941 3213
2683 3682 3263 3053
3136 3512 2791 3199
3162 3085 2963 3341
3276 3202 2765 3364
3084 3672 2799 3021
3045 3734 3018 2798
2874 3632 2962 2999
2833 3879 2689 3024
3000 3087 3447 3193
2674 3754 2901 3304
2896 3095 3267 3428
2735 3424 3144 3395
2831 3773 3140 2998
3392 3391 2807 2995
2930 3308 3252 3246
3212 3176 2853 3224
2864 3793 2864 3203
2854 2930 2940 3593
3142 2922 3253 3080
2801 3568 2946 3437
3075 3214 3107 3305
2820 3903 2848 2987
2690 3419 3089 3421
2693 3372 2982 3541
3002 3314 2901 3292
2636 3547 3109 3332
3070 3683 2998 2788
3367 3202 2766 3311
2709 3522 3109 3276
3117 2883 3330 3105
3298 3358 2882 3151
2880 3272 2872 3585
2744 3366 3158 3339
3083 3489 3260 2823
3378 3221 2819 3259
2978 3620 2925 3208
3071 3588 2885 3149
3039 3530 2725 3251
2760 3283 3499 3069
3301 3561 3128 2873
2956 3145 3101 3368
2843 3546 3262 2988
2768 3414 2969 3479
2799 3630 2837 3376
3094 3360 3340 2964
3423 3352 2595 3131
2915 3390 3036 3298
3340 3231 2676 3235
2788 3273 3541 2982
2987 3879 2718 2920
2635 3376 3385 3136
2677 3597 2879 3477
3122 3374 3313 2998
2744 3811 2997 3047
3152 2985 3161 3211
3085 3491 2731 3207
3049 2919 3134 3246
2790 3468 3179 3226
