1645 40.1239
3761 3821 2998
3200 3389 3855
3406 4019 3162
4016 3315 3228
3502 3253 3781
3015 3890 3559
3856 3705 3035
3760 3848 3081
3480 3998 3193
3853 3708 2998
3031 3913 3551
3990 3439 3109
3435 4005 3227
3889 3615 3101
3055 3961 3465
3090 3434 3831
3125 3877 3568
3827 3771 3123
3436 4002 3211
3343 3262 3845
3537 3288 3777
4006 3390 3286
3553 3972 3203
3972 3369 3388
3107 3847 3629
3104 3957 3464
3407 3987 3290
3615 3275 3739
3077 3887 3533
3224 3639 3715
3066 3907 3513
3287 3342 3848
3741 3861 3137
3872 3703 3133
3260 3415 3815
3365 3465 3803
3353 3976 3405
3592 3265 3746
3205 3549 3784
3549 3935 3294
3983 3436 3352
3569 3323 3773
3085 3875 3601
3580 3304 3760
3848 3685 3253
3065 3898 3553
3605 3401 3721
3136 3915 3509
3275 3362 3840
3937 3462 3358
3506 3945 3367
3611 3305 3727
3962 3487 3170
3347 3927 3456
3841 3721 3145
3860 3697 3243
3783 3795 3183
3462 3281 3793
3310 3337 3836
3488 3365 3790
3965 3446 3305
3322 3930 3470
3307 3522 3781
3157 3707 3728
3880 3689 3161
3525 3422 3770
3956 3392 3408
3371 3296 3844
3898 3602 3152
3520 3765 3576
3314 3903 3503
3391 3953 3443
3987 3474 3267
3750 3872 3106
3753 3332 3652
3435 3983 3340
3301 3389 3827
3487 3900 3434
3491 3979 3180
3863 3321 3495
3930 3429 3373
3143 3607 3757
3465 3948 3356
3295 3390 3811
3698 3873 3262
3891 3612 3149
3950 3440 3336
3403 3911 3491
3960 3386 3416
3468 3965 3278
3443 3797 3582
3394 3330 3823
3234 3813 3633
3290 3833 3596
3149 3443 3822
3842 3299 3533
3142 3542 3796
3821 3777 3235
3920 3455 3361
3875 3634 3232
3197 3527 3806
3166 3801 3660
3431 3411 3800
3273 3894 3515
3561 3825 3476
3369 3478 3794
3151 3867 3615
3634 3947 3174
3818 3449 3589
3574 3339 3755
3427 3754 3605
3870 3694 3157
3223 3505 3821
3529 3460 3733
3400 3855 3539
3816 3698 3330
3371 3418 3805
3318 3377 3814
3910 3398 3445
3906 3371 3456
3416 3885 3471
3556 3574 3667
3641 3356 3680
3578 3280 3768
3380 3803 3606
3215 3427 3842
3387 3888 3498
3590 3840 3423
3499 3503 3735
3467 3524 3763
3752 3518 3626
3859 3459 3511
3238 3758 3664
3221 3512 3794
3173 3831 3617
3890 3595 3334
3370 4004 3255
3270 3598 3753
3570 3489 3723
3655 3934 3273
3787 3623 3473
3601 3484 3688
3836 3430 3544
3059 3912 3525
3267 3753 3644
3934 3528 3310
3336 3570 3768
3932 3543 3178
3584 3329 3746
3639 3827 3384
3730 3690 3455
3664 3915 3205
3718 3405 3644
3942 3452 3353
3137 3470 3828
3954 3513 3306
3439 3851 3494
3683 3651 3539
3645 3498 3657
3494 3606 3685
3900 3517 3392
3707 3692 3463
3687 3636 3550
3871 3381 3467
3240 3807 3610
3331 3720 3646
3915 3373 3430
3562 3352 3742
3552 3787 3501
3914 3367 3458
3392 3922 3450
3964 3481 3150
3324 3335 3822
3189 3695 3686
3644 3660 3546
3533 3346 3749
3587 3734 3521
3894 3396 3453
3959 3475 3178
3765 3379 3625
3821 3698 3259
3424 3880 3463
3488 3448 3765
3916 3297 3437
3389 3263 3838
3839 3732 3241
3430 3661 3662
3763 3814 3281
3743 3820 3268
3831 3585 3425
3181 3822 3631
3397 4001 3350
3738 3809 3290
3837 3750 3167
3649 3702 3507
3558 3858 3420
3806 3581 3472
3284 3363 3837
3320 3448 3808
3448 3534 3747
3432 3836 3584
3383 3569 3743
3961 3408 3390
3244 3917 3495
3925 3467 3345
3326 3856 3554
3641 3666 3537
3699 3578 3572
3652 3619 3591
3657 3346 3699
3704 3845 3240
3665 3492 3651
3597 3641 3598
3215 3539 3775
3160 3718 3690
3357 3783 3609
3376 3669 3641
3628 3482 3669
3854 3673 3270
3628 3511 3664
3614 3739 3492
3771 3663 3433
3736 3838 3275
3211 3790 3641
3801 3813 3164
3600 3472 3706
3703 3557 3593
3437 3843 3527
3777 3761 3316
3835 3679 3327
3781 3742 3313
3612 3444 3717
3943 3515 3341
3413 3745 3617
3399 3568 3710
3308 3760 3621
3607 3558 3624
3287 3729 3649
3463 3836 3517
3500 3495 3718
3690 3418 3674
3922 3537 3180
3604 3556 3632
3583 3410 3726
3056 3849 3634
3692 3381 3658
3904 3423 3413
3235 3635 3713
3867 3348 3484
3785 3768 3288
3674 3882 3272
3631 3711 3534
3293 3571 3739
3252 3696 3672
3513 3468 3736
3789 3727 3323
3202 3605 3737
3497 3886 3435
3810 3624 3417
3814 3744 3292
3251 3627 3725
3478 3917 3377
3845 3608 3368
3676 3356 3679
3286 3736 3661
3280 3832 3603
3596 3919 3317
3703 3798 3343
3269 3670 3700
3452 3969 3428
3792 3701 3378
3565 3413 3738
3181 3748 3682
3168 3836 3645
3247 3785 3661
3598 3650 3569
3782 3682 3428
3608 3769 3468
3595 3891 3338
3534 3600 3656
3669 3437 3677
3579 3921 3314
3457 3674 3639
3660 3800 3410
3716 3678 3479
3269 3884 3563
3924 3431 3382
3857 3375 3524
3861 3508 3444
3841 3655 3283
3538 3946 3297
3647 3866 3348
3177 3708 3712
3445 3790 3600
3829 3648 3350
3637 3773 3459
3823 3550 3487
3869 3632 3324
3616 3816 3419
3819 3668 3365
3620 3811 3416
3718 3904 3238
3798 3608 3460
3471 3959 3325
3277 3396 3829
3873 3338 3481
3510 3958 3296
3803 3726 3311
3792 3722 3346
3651 3853 3365
3687 3593 3557
3258 3684 3688
3919 3590 3286
3714 3630 3524
3672 3860 3277
3985 3424 3310
3546 3767 3530
3623 3730 3478
3516 3960 3230
3824 3697 3300
3847 3570 3362
3461 3695 3637
3517 3728 3608
3811 3603 3402
3456 3881 3449
3453 3567 3694
3949 3416 3379
3241 3885 3529
3747 3718 3407
3912 3462 3375
3712 3759 3374
3773 3583 3534
3301 3925 3471
3577 3532 3692
3361 3876 3512
3186 3749 3672
3256 3763 3645
3458 3829 3532
3506 3865 3462
3619 3713 3567
3895 3554 3381
3452 3631 3703
3564 3878 3397
3538 3507 3697
3726 3774 3320
3716 3350 3647
3666 3545 3631
3828 3610 3401
3691 3647 3519
3636 3905 3301
3697 3573 3590
3642 3681 3514
3599 3715 3555
3535 3592 3641
3536 3818 3507
3522 3862 3414
3779 3634 3439
3699 3752 3442
3746 3785 3307
3285 3504 3812
3302 3776 3618
3696 3461 3628
3611 3562 3620
3721 3843 3285
3564 3351 3741
3503 3771 3561
3794 3686 3370
3591 3548 3682
3712 3719 3440
3624 3618 3608
3681 3580 3564
3333 3870 3526
3745 3665 3446
3459 3969 3294
3542 3577 3685
3576 3454 3728
3531 3915 3383
3658 3604 3557
3800 3469 3559
3775 3552 3530
3724 3589 3489
3524 3535 3704
3767 3533 3583
3508 3369 3774
3491 3835 3482
3896 3561 3322
3688 3516 3643
3720 3740 3399
3594 3733 3499
3768 3348 3599
3633 3625 3565
3888 3536 3405
3505 3817 3556
3833 3491 3551
3705 3796 3309
3945 3542 3107
3735 3694 3452
3412 3427 3783
3586 3880 3395
3197 3853 3574
3304 3724 3634
3886 3599 3277
3695 3834 3374
3475 3879 3436
3540 3830 3445
3946 3467 3328
3543 3587 3654
3410 3563 3710
3726 3626 3478
3626 3848 3403
3566 3673 3613
3315 3916 3502
3474 3658 3653
3213 3876 3566
3850 3627 3351
3360 3655 3705
3179 3849 3604
3865 3618 3329
3883 3619 3291
3176 3848 3611
3522 3426 3744
3670 3653 3523
3826 3628 3399
3503 3596 3676
3521 3560 3695
3872 3559 3411
3794 3495 3564
3677 3575 3610
3778 3643 3443
3701 3566 3554
3796 3645 3416
3773 3451 3569
3676 3782 3381
3662 3656 3523
3303 3657 3692
3826 3688 3321
3670 3716 3488
3679 3852 3276
3635 3857 3370
3584 3546 3687
3660 3794 3425
3725 3793 3354
3678 3706 3490
3855 3644 3293
3643 3547 3638
3680 3693 3493
3271 3780 3617
3797 3586 3486
3667 3783 3394
3731 3832 3303
3238 3750 3671
3662 3784 3432
3701 3780 3421
3904 3596 3183
3511 3763 3603
3334 3869 3526
3408 3918 3434
3884 3472 3436
3618 3717 3525
3609 3868 3328
3722 3725 3401
3653 3506 3647
3187 3711 3693
3589 3784 3519
3805 3586 3418
3547 3749 3575
3469 3960 3280
3550 3867 3404
3278 3875 3560
3159 3744 3690
3572 3587 3642
3450 3882 3453
3528 3796 3551
3379 3750 3613
3521 3676 3617
3522 3497 3711
3615 3863 3367
3467 3541 3711
3773 3723 3339
3779 3775 3274
3753 3611 3483
3596 3792 3474
3796 3687 3355
3770 3781 3287
3657 3659 3500
3516 3847 3447
3732 3564 3568
3770 3741 3389
3445 3791 3568
3532 3416 3735
3189 3801 3654
3668 3751 3475
3774 3626 3448
3849 3658 3279
3471 3904 3391
3646 3893 3302
3733 3670 3464
3381 3913 3465
3596 3526 3693
3436 3827 3567
