6 0.0565101
3330 3006 2793
3057 3235 3182
3150 3174 3102
3093 3092 3292
3024 3182 3236
3128 3013 3123
3127 3131 3105
3115 3238 3074
3100 3256 3069
3058 3017 3350
3053 3434 2855
2963 3337 2869
3357 2952 2891
3268 2891 2913
3222 2830 3112
3184 3272 2969
3184 3181 3080
3119 3191 3091
3090 3189 3126
3088 3197 3089
3072 3214 3118
3062 3261 3163
2946 3388 2935
2937 3428 2871
3383 2993 2869
3346 2977 2895
3277 2980 2875
3237 2940 3086
3171 3244 2997
3157 3095 3109
3146 3229 3083
3126 3140 3196
3123 3271 3067
3097 3117 3278
3058 3289 3105
3055 3116 3303
2951 3380 2869
2929 3118 3263
2892 3428 2962
2860 3520 2804
