508 5.96937
3749 3663 3399
3616 3710 3575
3694 3759 3317
3626 3836 3283
3661 3801 3418
3727 3726 3352
3616 3860 3369
3553 3895 3183
3511 3896 3384
3465 3948 3408
3388 3612 3737
3490 3915 3396
3817 3530 3420
3247 3632 3728
3608 3697 3592
3487 3634 3689
3585 3718 3576
3429 3478 3763
3260 3655 3702
3405 3614 3729
3560 3739 3592
3752 3548 3556
3189 3356 3811
3601 3803 3487
3436 3594 3734
3438 3884 3517
3293 3617 3731
3400 3676 3688
3364 3758 3632
3417 3505 3768
3300 3616 3736
3541 3894 3394
3527 3287 3735
3470 3409 3776
3501 3786 3600
3496 3683 3676
3289 3584 3752
3555 3621 3669
3505 3697 3655
3553 3683 3648
3559 3382 3729
3488 3940 3439
3366 3824 3593
3474 3313 3785
3587 3649 3637
3482 3636 3705
3762 3627 3396
3423 3436 3801
3532 3555 3723
3760 3654 3448
3684 3470 3669
3562 3867 3440
3735 3663 3498
3833 3513 3467
3731 3507 3585
3411 3494 3801
3504 3675 3681
3393 3735 3647
3327 3531 3758
3547 3722 3606
3521 3439 3750
3662 3695 3529
3453 3600 3713
3673 3742 3478
3643 3742 3555
3469 3645 3684
3380 3573 3753
3586 3871 3373
3455 3728 3643
3660 3815 3404
3583 3495 3719
3470 3725 3639
3501 3742 3606
3504 3809 3562
3471 3769 3613
3400 3718 3659
3340 3656 3701
3609 3726 3567
3609 3640 3629
3567 3583 3676
3551 3689 3632
3513 3494 3738
3730 3603 3536
3523 3379 3734
3543 3646 3682
3620 3777 3482
3589 3631 3648
3571 3669 3624
3785 3556 3528
3475 3905 3475
3794 3608 3487
3564 3701 3618
3530 3882 3444
3239 3565 3761
3350 3717 3687
3545 3891 3407
3667 3645 3590
3676 3479 3652
3447 3492 3758
3602 3549 3690
3455 3583 3732
3696 3567 3603
3410 3667 3687
3519 3569 3726
3664 3747 3485
3514 3618 3684
3724 3498 3605
3566 3653 3627
3458 3911 3457
3729 3593 3554
3508 3622 3685
3332 3529 3792
3506 3806 3545
3680 3565 3622
3565 3663 3656
3430 3552 3746
3647 3642 3606
3515 3581 3724
3656 3662 3591
3584 3751 3563
3355 3656 3697
3511 3763 3603
3737 3554 3563
3589 3805 3483
3675 3676 3545
3626 3689 3590
3535 3532 3724
3717 3561 3612
3543 3685 3637
3484 3714 3636
3393 3742 3645
3697 3656 3546
3538 3862 3441
3566 3650 3649
3729 3576 3598
3688 3705 3459
3669 3596 3638
3562 3667 3631
3635 3833 3389
3498 3799 3578
3465 3858 3524
3481 3887 3471
3735 3589 3569
3389 3648 3722
3533 3799 3545
3629 3824 3397
3571 3642 3646
3473 3577 3725
3352 3656 3700
3470 3757 3623
3752 3490 3569
3616 3746 3524
3666 3823 3373
3755 3564 3523
3693 3595 3602
3313 3564 3775
3356 3906 3491
3493 3538 3745
3408 3592 3735
3760 3531 3541
3727 3629 3512
3481 3819 3549
3456 3826 3573
3579 3841 3453
3673 3731 3486
3538 3736 3623
3539 3591 3712
3496 3910 3378
3345 3509 3790
3486 3746 3620
3563 3600 3679
3589 3614 3652
3515 3856 3456
3640 3695 3577
3486 3805 3574
3569 3764 3560
3753 3487 3553
3720 3510 3615
3613 3714 3577
3535 3563 3713
3355 3794 3611
3300 3802 3600
3457 3553 3734
3424 3958 3477
3498 3721 3626
3512 3631 3683
3592 3558 3691
3659 3549 3687
3751 3466 3609
3625 3697 3578
3488 3864 3506
3455 3664 3693
3440 3868 3524
3544 3541 3708
3652 3573 3658
3633 3665 3619
3526 3529 3727
3465 3475 3760
3549 3605 3682
3557 3755 3571
3478 3766 3607
3415 3816 3595
3369 3754 3655
3482 3541 3744
3614 3783 3481
3647 3734 3564
3585 3571 3678
3400 3843 3578
3385 3882 3534
3517 3460 3728
3412 3714 3668
3576 3562 3698
3575 3710 3607
3611 3830 3455
3554 3781 3567
3598 3836 3393
3641 3761 3505
3562 3534 3705
3323 3761 3655
3644 3804 3410
3677 3613 3610
3514 3827 3530
3434 3679 3684
3503 3887 3464
3703 3674 3506
3571 3628 3661
3545 3843 3491
3442 3736 3626
3578 3698 3620
3651 3575 3641
3437 3575 3742
3695 3544 3641
3615 3828 3469
3588 3745 3571
3604 3726 3575
3536 3603 3699
3612 3758 3556
3494 3822 3548
3640 3558 3678
3559 3717 3609
3513 3876 3484
3417 3601 3710
3615 3779 3482
3603 3705 3594
3478 3820 3571
3520 3773 3577
3560 3666 3636
3582 3805 3490
3468 3881 3490
3766 3701 3350
3365 3906 3488
3763 3601 3512
3415 3814 3597
3668 3705 3510
3654 3670 3604
3490 3854 3494
3420 3728 3645
3563 3806 3533
3496 3831 3527
3643 3788 3457
3539 3852 3479
3570 3716 3583
3562 3635 3661
3535 3719 3629
3435 3868 3550
3565 3727 3594
3541 3783 3546
3480 3840 3532
3710 3585 3583
3685 3551 3644
3539 3745 3592
3495 3813 3544
3430 3745 3632
3412 3516 3775
3534 3816 3533
3483 3555 3728
3481 3876 3494
3415 3782 3615
3373 3613 3734
3507 3893 3463
3378 3740 3676
3493 3706 3635
3698 3463 3622
3540 3703 3625
3406 3768 3621
3672 3622 3613
3515 3831 3516
3559 3837 3475
3297 3684 3697
3541 3730 3602
3519 3778 3585
3558 3598 3706
3499 3626 3692
3584 3663 3625
3544 3758 3573
3437 3872 3525
3369 3777 3617
3587 3819 3488
3565 3752 3571
3615 3622 3641
3577 3731 3578
3549 3749 3589
3376 3653 3714
3700 3614 3577
3769 3480 3597
3634 3593 3673
3755 3579 3515
3665 3608 3622
3441 3849 3559
3643 3597 3645
3815 3538 3470
3672 3804 3383
3494 3851 3528
3675 3595 3625
3554 3821 3493
3500 3901 3407
3430 3904 3524
3739 3666 3486
3519 3656 3661
3749 3568 3516
3653 3679 3567
3675 3582 3633
3637 3776 3493
3605 3629 3633
3490 3758 3618
3481 3810 3598
3711 3638 3533
3672 3684 3556
3564 3748 3578
3771 3564 3507
3752 3615 3491
3605 3487 3722
3640 3763 3472
3531 3845 3507
3547 3737 3601
3520 3740 3616
3521 3820 3539
3483 3637 3686
3609 3785 3472
3463 3885 3501
3604 3801 3541
3592 3693 3617
3566 3712 3592
3573 3726 3581
3570 3694 3625
3666 3495 3649
3533 3797 3575
3548 3819 3515
3422 3649 3703
3732 3556 3575
3720 3575 3599
3613 3683 3593
3398 3771 3625
3573 3529 3723
3439 3818 3588
3688 3768 3365
3661 3784 3457
3688 3627 3595
3718 3702 3450
3690 3602 3598
3712 3637 3565
3649 3575 3655
3551 3610 3671
3583 3874 3397
3544 3753 3576
3477 3836 3542
3541 3870 3421
3616 3486 3701
3604 3735 3572
3644 3640 3624
3676 3700 3482
3667 3662 3571
3486 3620 3709
3452 3853 3552
3676 3647 3587
3597 3705 3614
3736 3624 3508
3596 3632 3641
3568 3811 3524
3742 3571 3527
3598 3673 3605
3639 3607 3671
3631 3671 3590
3459 3702 3640
3467 3852 3510
3533 3820 3499
3739 3642 3507
3718 3755 3418
3452 3711 3682
3745 3706 3366
3729 3616 3539
3586 3848 3421
3448 3944 3442
3619 3682 3597
3620 3805 3465
3788 3690 3358
3699 3641 3538
3767 3555 3535
3663 3678 3572
3672 3714 3487
3553 3721 3604
3702 3744 3456
3687 3752 3443
3617 3758 3515
3505 3657 3665
3359 3832 3587
3618 3843 3373
3609 3703 3581
3751 3717 3348
3747 3695 3434
3675 3827 3329
3697 3678 3537
3668 3710 3494
3728 3668 3469
3722 3685 3468
3607 3672 3606
3516 3962 3361
3714 3747 3434
3401 3824 3586
3606 3778 3485
3742 3620 3467
3578 3552 3697
3725 3670 3501
3774 3649 3390
3584 3869 3399
3699 3696 3521
3604 3687 3599
3598 3760 3543
3655 3664 3580
3570 3651 3629
3380 3799 3602
3699 3670 3524
3658 3686 3562
3692 3646 3560
3629 3794 3440
3619 3660 3624
3566 3533 3713
3764 3685 3395
3615 3620 3643
3601 3810 3480
3577 3759 3564
3569 3652 3631
3591 3811 3470
3579 3710 3584
