497 6.8847
3182 3443 3221 2859
3342 3172 3034 3006
3059 3425 2758 3389
2815 3150 3007 3525
3064 3012 2937 3456
2867 3716 3067 3092
2654 3147 3533 3119
2758 3137 3589 3082
3203 3036 3146 3259
3315 3082 3105 3242
3056 3573 2815 3244
3109 3493 2849 3239
2678 3675 3084 3155
2976 3284 3475 2876
2914 3324 2912 3498
2829 3201 3556 3062
3223 3499 2882 3153
2707 3297 3122 3471
2688 3563 3203 3304
2821 3270 3073 3499
3279 3424 2927 2920
2966 3709 2835 2994
3330 3154 2825 3107
3326 3297 2979 3033
2912 3264 3167 3481
3070 3678 2895 3035
2732 3630 3083 3360
2822 3272 3518 2909
2975 3498 3351 2892
3036 3683 3049 2966
3076 3424 3326 2889
2963 3505 3344 2934
2811 3303 3545 2955
2979 3694 3113 2962
3092 3662 3059 2945
3303 3341 3137 3132
3085 3094 3435 3140
2743 3464 3211 3356
3288 3396 3274 3026
3297 3165 2984 3158
2863 3699 3068 3004
2991 3100 3249 3373
3198 3317 3382 2939
3340 3138 3076 3092
2900 3109 3524 3111
3191 3167 2971 3330
2901 3715 3008 3236
3045 3230 3455 2979
3238 3459 3112 2987
2728 3389 3282 3437
3312 3395 2942 3063
2905 3227 3190 3461
3134 3362 2948 3449
3037 3286 3455 2981
3152 3502 3237 2957
3119 3415 3343 2971
3115 3143 3276 3173
2915 3705 2941 3113
3249 3281 3279 2992
3012 3187 3446 3025
2998 3115 3362 3286
3134 3355 3016 3335
3090 3542 3311 3055
2778 3591 3238 3129
2868 3588 2934 3397
3102 3416 3413 2969
2884 3217 3508 3259
2749 3276 3555 3064
2789 3327 3532 3037
2831 3350 3144 3455
3055 3428 3338 2954
3040 3240 2956 3442
3163 3341 3336 2998
3030 3606 3207 3031
2981 3625 2964 3232
3291 3237 3154 2970
2852 3372 3493 3041
3038 3635 3188 3034
2927 3649 2961 3212
3118 3097 3099 3393
2947 3091 3322 3345
2972 3180 3489 3075
3042 3110 3373 3267
2798 3254 3361 3332
2864 3308 3307 3406
2869 3538 2995 3395
2850 3300 3450 3191
2823 3243 3169 3445
2784 3248 3520 3101
3201 3157 2969 3324
2923 3653 3163 2985
2816 3277 3102 3466
3153 3179 2885 3389
3029 3383 3105 3401
2897 3149 3527 3192
3092 3587 3245 2944
2914 3690 3141 3067
3062 3298 3063 3425
3140 3233 3138 3248
3215 3353 2986 3204
3245 3348 2988 3181
3018 3161 3074 3421
2768 3620 3183 3137
2941 3328 3501 3008
3233 3305 2828 3209
3068 3123 3427 3163
3174 3624 2991 3045
2964 3266 3536 3051
2929 3680 2915 3121
2714 3397 3373 3269
2828 3501 3151 3347
3206 3357 3277 3018
3159 3457 3214 3104
2890 3677 3158 3008
3252 3360 3144 3083
3267 3176 2952 3291
3277 3253 3208 3107
2913 3566 3161 3272
3209 3133 3132 3268
2764 3488 3337 3122
2856 3411 3130 3368
3234 3479 3028 3017
2978 3252 3106 3413
3108 3541 3192 3021
3216 3196 3153 3235
2818 3297 3539 3082
2752 3422 3313 3321
3172 3214 3100 3260
2924 3667 3020 3135
3147 3191 2921 3382
3193 3174 3376 3122
2853 3087 3433 3290
2747 3412 3108 3435
2859 3363 3036 3480
2717 3526 3276 3274
3169 3247 3040 3305
3223 3337 2928 3215
2863 3406 2889 3464
2860 3164 3317 3378
3074 3568 3150 3048
2773 3572 3276 3157
2990 3603 3004 3168
2989 3478 2999 3331
2900 3579 3323 3003
3037 3619 3150 3106
3026 3125 3200 3365
2934 3304 3137 3398
3262 3240 3070 3277
3242 3434 3018 3164
2836 3559 3299 3200
3254 3311 3196 3093
2910 3549 3275 3036
3173 3339 3297 3001
3109 3403 3380 2936
3219 3290 3206 3080
2942 3611 3213 3124
3183 3222 3355 3059
3163 3212 3060 3369
2845 3628 3120 3196
2887 3192 3235 3417
3065 3627 2954 3177
3037 3399 3378 3066
2879 3476 2993 3433
3081 3274 3310 3143
3009 3446 2924 3431
2898 3150 3514 3134
2937 3197 3294 3339
2964 3519 3111 3225
3178 3330 2944 3329
2755 3414 3264 3337
2991 3673 3056 3012
3025 3517 3088 3255
3064 3136 3290 3250
3027 3229 3358 3240
3120 3211 3395 3142
2924 3557 3022 3316
2981 3583 3195 3111
2744 3132 3484 3327
3272 3365 3123 3087
3074 3495 2892 3307
2859 3234 3471 3152
2750 3392 3237 3354
2873 3182 3253 3384
3235 3241 3230 3103
3150 3597 3044 3054
2770 3344 3410 3284
2843 3083 3389 3311
2840 3169 3225 3418
2833 3453 3416 3057
3033 3284 3450 3011
2791 3523 3123 3409
2724 3312 3062 3476
3220 3288 3188 3099
3212 3482 3066 3127
3006 3267 3456 3076
3158 3278 3211 3203
3229 3313 3168 3138
2875 3323 3197 3376
3195 3501 3019 3007
2759 3475 3226 3344
2897 3708 3034 3150
2970 3140 3258 3343
2929 3536 3077 3318
3021 3334 3351 3197
2825 3528 3220 3270
3050 3419 3306 3201
3271 3224 3053 3189
2781 3309 3246 3360
2809 3431 3230 3288
2933 3272 2989 3477
2960 3377 3209 3341
2859 3259 3457 3167
2940 3296 3429 3226
3099 3614 3133 3158
2945 3343 3326 3293
3057 3333 3184 3313
2881 3545 3270 3256
2799 3481 3339 3145
3166 3584 3025 3097
2847 3325 3390 3302
3077 3574 3262 3044
3224 3139 3050 3296
2720 3452 3065 3498
2867 3118 3273 3416
2834 3088 3399 3309
2775 3263 3476 3239
3170 3203 3318 3135
2904 3402 3410 3037
2974 3486 3241 3180
2831 3656 3205 3004
2848 3381 3329 3287
2919 3513 3081 3430
2891 3445 3094 3410
3240 3445 3078 3045
2960 3238 3407 3234
2975 3562 2939 3312
3129 3554 2947 3146
2814 3288 3493 3213
3190 3381 3128 3173
3131 3387 2982 3242
2965 3461 3353 3156
3124 3130 3341 3280
2944 3257 3503 3124
3222 3413 3191 3027
2842 3638 3203 3136
2880 3659 3188 3084
2727 3522 3317 3079
2949 3347 3142 3391
3231 3220 3230 3201
2938 3522 3377 3053
3257 3364 2970 3120
2895 3515 3126 3281
2898 3669 3105 3183
2999 3127 3134 3422
2870 3473 3234 3283
3060 3250 3367 3209
2995 3651 3141 3114
3015 3543 3159 3121
3141 3370 3178 3220
2917 3646 3197 3071
2818 3526 3174 3385
2806 3322 3483 3187
3188 3267 3350 3060
2928 3514 3304 3085
2887 3504 3330 3147
3035 3523 3254 3070
3127 3154 3231 3254
3148 3418 3149 3219
2800 3209 3394 3358
3181 3256 3385 3100
3069 3316 3148 3362
3202 3236 3087 3276
2961 3556 3145 3190
3186 3614 3086 3043
3157 3217 3176 3301
3210 3367 3043 3212
3008 3671 3142 3092
3156 3322 3364 3014
2721 3341 3386 3289
3135 3506 3031 3149
3178 3259 3284 3171
2984 3164 3411 3221
2985 3498 3268 3116
2801 3312 3443 3207
2806 3406 3417 3139
3125 3274 3156 3237
2954 3295 3303 3311
2943 3385 3461 3050
3187 3384 3173 3170
2780 3426 3465 3091
2882 3604 3271 3081
3083 3340 3384 3132
2822 3390 3478 3174
3185 3356 3030 3304
3180 3292 3281 3046
3266 3328 3125 3207
2901 3640 3027 3195
3135 3185 3293 3159
3168 3346 3135 3225
2969 3369 3347 3244
3103 3471 3140 3180
3106 3314 3199 3233
2953 3206 3481 3125
3177 3576 3044 3049
3040 3189 3442 3179
2955 3601 2925 3266
2894 3551 3256 3131
3054 3425 3228 3238
2957 3483 3301 3213
2868 3326 3448 3199
2866 3378 3406 3076
2963 3491 2997 3337
2925 3467 2918 3396
2967 3374 3423 3115
3139 3340 3403 3080
3108 3560 3250 2915
3166 3119 3237 3264
2968 3458 3389 2918
2756 3204 3513 3103
3167 3421 3071 3090
3004 3306 3163 3371
2932 3608 3237 3154
2779 3245 3178 3428
2834 3439 3179 3380
2838 3246 3191 3424
2973 3260 3260 3299
3259 3305 3148 3111
3026 3303 3192 3403
3176 3354 3252 3069
2803 3625 3169 3140
2793 3413 3363 3236
3055 3152 3076 3442
2980 3655 3162 3165
2824 3593 3073 3361
2851 3433 3221 3377
2946 3531 3293 3094
2958 3532 3067 3303
3173 3534 3234 3062
2951 3397 2985 3474
2725 3520 3316 3131
3002 3468 3289 3146
3099 3380 3222 3217
3165 3269 3315 3006
2952 3598 3102 3283
3107 3327 3467 2913
2855 3275 3466 3222
2926 3282 3503 3020
3079 3425 3212 3184
3032 3557 3114 3207
2955 3435 3288 3246
2896 3427 3346 3258
3107 3292 3170 3363
2892 3430 3460 2910
3023 3459 3055 3263
2872 3376 3175 3356
2918 3362 3131 3374
3104 3366 3122 3275
3213 3437 2941 3110
2908 3511 3179 3325
3017 3438 3115 3359
2922 3321 3430 3241
2840 3474 3085 3405
3019 3509 3160 3131
2987 3394 3367 3188
2937 3317 3425 3300
2779 3320 3251 3351
3155 3389 3286 3158
2993 3447 3164 3344
3067 3357 3356 3142
2812 3169 3401 3358
3071 3182 3401 3094
2749 3409 3481 3101
3146 3449 3287 3063
2916 3525 3305 3064
2971 3586 3082 3222
2917 3194 3297 3328
2990 3199 3357 3260
2886 3545 3299 3123
2901 3642 3025 3252
3033 3570 3255 3074
2968 3644 3069 3181
2948 3441 3392 3087
3016 3363 3415 2911
2925 3149 3006 3463
2883 3475 3324 3185
2914 3620 3042 3352
3001 3277 3445 3072
3214 3395 3096 3073
3144 3489 3047 3162
3032 3226 3349 3306
3000 3373 3388 3161
2951 3225 3052 3435
3156 3249 3117 3285
2933 3158 3219 3375
2979 3463 3097 3231
2833 3512 3103 3415
3248 3442 2920 3049
2981 3359 3335 3253
3039 3496 3165 3220
3020 3349 3440 3042
2878 3244 3469 3156
3131 3421 3266 3165
3046 3332 3332 3210
3096 3508 3171 3189
3248 3413 3369 2994
3063 3508 3320 3013
2854 3554 3217 3261
3016 3275 3438 3169
3144 3272 3398 2945
3123 3393 2951 3288
3122 3466 3091 3229
2967 3178 3517 3093
3024 3494 3221 3228
2796 3441 3234 3313
2968 3364 3137 3350
3025 3375 3233 3297
2989 3497 3215 3160
2962 3261 3226 3336
3031 3429 3330 3068
2885 3404 3154 3372
2765 3604 3162 3198
3137 3410 3222 3179
2921 3171 3483 3126
2883 3553 3062 3387
2977 3470 3238 3218
2842 3595 3167 3211
2936 3490 3134 3288
3133 3177 3113 3327
3093 3440 2970 3240
2877 3629 3259 3125
3226 3294 3159 3194
2776 3436 3372 3176
3117 3329 3123 3290
3145 3280 3323 3021
3232 3208 3253 3191
2909 3529 3316 3074
3081 3336 3259 3229
3194 3129 3233 3210
2902 3407 3260 3338
2931 3159 3484 3212
3063 3462 3232 3096
2921 3410 3092 3411
3055 3430 3186 3295
2854 3294 3366 3320
2977 3261 3478 3039
2930 3306 3468 3046
3010 3442 3223 3322
2746 3467 3157 3429
3007 3602 2983 3251
2825 3448 3126 3387
2957 3510 3072 3278
3118 3124 3278 3292
3044 3454 3261 3262
2995 3575 3047 3279
3018 3185 3146 3404
2714 3476 3215 3317
3200 3550 3017 3042
3112 3411 3116 3317
3227 3257 3054 3265
3261 3378 2953 3175
2745 3594 3203 3233
3011 3205 3242 3321
2769 3405 3267 3338
2911 3477 3285 3271
2838 3306 3177 3409
2984 3297 3459 3117
2866 3415 3119 3381
3044 3484 3243 3141
2951 3418 3371 3198
2970 3507 3247 3176
3045 3484 3033 3271
2833 3451 3431 3108
3000 3550 3181 3189
3012 3332 3420 3067
3051 3456 3366 2970
3053 3271 3372 3188
2992 3578 3252 3108
3112 3381 3366 3040
3048 3498 3071 3194
3043 3466 3092 3245
2996 3347 3377 3250
2785 3522 3315 3304
3105 3282 3289 3252
3128 3455 3250 3103
3058 3342 3252 3175
2956 3560 3241 3217
2757 3661 3151 3146
3071 3204 3381 3216
2948 3481 3202 3323
2896 3324 3439 3178
3139 3394 3201 3230
3075 3462 2943 3328
3122 3392 3345 3109
2920 3223 3186 3415
2886 3386 3393 3154
3007 3338 3425 3123
3046 3296 3419 3152
2920 3393 3333 3265
2900 3222 3463 3159
3048 3281 3197 3308
