5264 92.8148
9189 9015 8166
8275 8598 9088
8052 8599 9083
8588 8421 9049
9321 8806 8318
8627 9396 8364
8786 8470 8933
8843 8529 8879
8572 8423 9039
8926 9293 8218
8201 8808 9061
9320 8817 8270
9190 8972 8187
8066 8993 8935
8106 8821 9060
8160 8998 8918
9189 8993 8241
9111 9072 8279
8878 9326 8259
8703 8546 8956
9280 8866 8332
9286 8840 8322
8156 9222 8678
9250 8770 8432
8326 8735 9075
8131 8923 9054
8736 9379 8321
8947 9244 8296
8527 8571 9028
8707 8578 8954
9048 9141 8183
8885 9268 8248
8217 9034 8900
8263 8919 9028
8113 9008 8923
8741 8595 8950
8481 9366 8402
8938 9255 8341
8411 8653 9057
8599 8610 9006
8502 8680 9015
8720 9348 8385
8726 8691 8949
8646 8556 8996
9227 8802 8465
8782 8665 8910
8966 8629 8803
8614 9374 8394
8298 8900 8982
8535 9292 8535
9134 9060 8365
8250 9015 8903
9236 8849 8418
8436 8841 8999
8287 8863 9016
8784 8709 8885
8645 9282 8512
8129 8950 9056
8224 8996 8906
8315 9066 8868
8487 8577 9083
8478 8604 9059
9025 9175 8348
8661 9357 8379
8401 8755 9032
8836 8621 8881
8793 8702 8884
8232 8795 9079
8375 8786 9046
8241 8957 8977
8285 8831 9046
8333 8869 9012
9139 9067 8326
8874 9275 8334
8538 8554 9007
8820 9342 8331
8398 9189 8770
9107 9075 8315
8683 8676 8991
8468 8645 9020
8825 9335 8312
8749 8715 8884
9216 8875 8322
9148 9029 8271
8424 8963 8933
8649 8697 8943
8356 8891 8988
8584 9329 8422
9006 8734 8746
8380 9070 8856
8934 8724 8806
8326 8887 8994
8891 8926 8730
8832 8619 8890
9032 9142 8355
8611 9172 8651
9174 8948 8363
8955 8751 8773
8608 8986 8859
8727 9054 8738
8418 8864 8998
8948 8747 8789
9179 9011 8302
8970 8637 8799
8931 9161 8447
8941 9233 8310
8768 8634 8913
8814 8840 8818
8809 9205 8531
9117 8931 8507
8718 9340 8405
8967 8871 8693
9206 8879 8439
8501 9116 8756
8459 9198 8691
8493 9066 8790
8856 9103 8576
8522 8827 8942
8581 9047 8784
9129 8777 8598
8652 9195 8591
9201 8731 8561
8591 8761 8963
9085 9115 8370
8631 9229 8602
8880 9258 8375
8377 8874 9002
8870 9031 8654
8670 9322 8421
8556 9069 8780
8274 8909 8976
8336 9028 8895
9165 8852 8517
9242 8869 8382
8279 8752 9080
8987 9179 8414
8364 8934 8955
8549 8846 8919
9038 9156 8324
8638 8783 8908
8632 9050 8775
8539 8784 8957
8872 8946 8697
8644 9307 8442
8366 8989 8901
9197 8886 8500
9029 9042 8476
8657 9315 8429
8896 8718 8830
9246 8847 8444
8624 9158 8648
8546 8893 8916
8798 9230 8452
8597 9281 8551
8904 8727 8827
8713 9278 8489
8808 9210 8491
8446 8833 9008
8930 8980 8630
8922 9126 8558
9121 9022 8436
8997 8832 8716
8840 8813 8800
8744 9046 8733
8962 8801 8750
9171 8896 8412
8307 9126 8796
9212 8929 8404
8521 8844 8947
8564 9094 8720
8874 9220 8456
9162 9000 8305
8886 8760 8812
8450 8944 8925
8788 9092 8634
8866 9260 8410
9084 8960 8520
9001 9078 8509
8990 9082 8464
8353 8989 8931
8488 8779 8972
9076 9133 8374
8848 9226 8463
8977 9124 8450
8647 9020 8761
8936 9001 8605
9126 8779 8540
9143 8902 8519
9113 9044 8396
8235 8990 8924
8473 8970 8870
8958 9145 8495
8969 8969 8620
8791 9338 8392
9215 8940 8350
8741 9301 8422
9039 9058 8473
9070 9090 8384
8963 9232 8358
8677 8793 8898
9114 8635 8740
8979 9119 8481
8341 8996 8903
8387 8913 8950
8391 8835 9021
8495 8772 8996
8697 8911 8853
9152 8934 8442
9146 9026 8433
8304 8830 9022
8465 8810 9031
8525 8744 8979
9179 8931 8400
8768 9357 8271
8947 8822 8724
9010 8854 8644
8461 8983 8862
9058 8933 8548
8894 9107 8563
8443 8976 8903
8631 9152 8673
9042 9111 8380
8710 9109 8656
8862 9189 8483
8566 8758 8977
8731 8739 8878
8942 9077 8542
8884 8675 8839
9045 9167 8301
8724 8766 8937
9096 8959 8500
8725 9104 8672
9160 9015 8311
8667 8883 8891
9079 8866 8581
9055 8796 8623
8517 8975 8862
9062 8700 8687
8873 9243 8426
8698 9171 8628
8787 9138 8564
8734 8895 8835
8625 8771 8929
8234 8982 8967
9090 8982 8479
9101 8973 8496
8348 9244 8640
8899 9006 8664
9046 8920 8588
8545 8870 8933
8917 9023 8593
8569 9320 8475
9044 8789 8646
8618 9250 8566
8445 8906 8952
8860 9272 8435
9017 8669 8743
8558 8825 8921
8853 9123 8593
8924 9081 8504
9105 8944 8498
8664 9150 8668
8687 9175 8613
8974 8954 8636
8875 8884 8731
8908 9159 8468
8818 8816 8825
8731 8992 8768
8694 9119 8638
8796 8670 8893
8805 8599 8930
8576 9262 8621
8773 9216 8492
8440 9193 8718
8779 9240 8442
8887 9138 8526
8845 9004 8666
8885 8851 8778
9022 8940 8584
8594 9139 8682
8476 8937 8911
8270 8915 8987
8579 9143 8702
8981 9164 8423
9033 9086 8460
8672 9297 8486
8822 8765 8854
8933 8860 8699
8905 9202 8462
8509 9177 8715
9092 8868 8571
8803 8650 8910
8528 9057 8821
8672 8978 8787
8420 8847 8974
8852 8790 8794
9007 9149 8387
8819 8652 8889
8831 8698 8886
8453 8994 8843
9133 9099 8184
9075 8774 8622
9067 8773 8637
8407 9166 8755
8481 8950 8871
8529 9296 8539
8633 9106 8703
8765 9005 8735
8569 9076 8758
9008 9096 8389
8753 9184 8609
8972 9132 8459
8713 8922 8823
8269 8943 8993
8592 8717 9001
8606 9246 8616
8999 8856 8645
8732 8673 8952
8628 8728 8971
8409 8874 8961
8653 9008 8753
8836 9168 8484
8533 9322 8442
8910 9067 8580
8641 9017 8804
9052 9091 8427
9060 9088 8416
8815 9270 8438
8469 8814 8973
8658 9203 8587
8867 9128 8570
8605 8936 8869
8756 9265 8460
8859 8742 8877
8736 9089 8676
8803 8837 8865
8529 8743 8985
9085 8951 8529
9037 9010 8560
8835 8768 8841
8457 8978 8874
8301 8902 8969
8717 8808 8874
9013 9224 8359
8505 9087 8763
8344 8929 8963
8825 8799 8809
8573 9035 8829
8510 8916 8945
8942 8904 8659
8726 9304 8466
8933 8964 8621
8821 8959 8722
8835 9182 8533
8304 8809 9051
8828 9113 8611
9093 8839 8554
8775 9180 8555
8981 9187 8360
8267 8784 9058
8952 9076 8537
9000 8745 8742
9094 8985 8470
8515 8897 8921
8679 9131 8657
8621 8828 8907
8403 9016 8857
8924 9237 8372
8754 9038 8706
8824 8858 8797
8918 9247 8417
8762 8882 8845
8708 9028 8749
8643 9080 8727
8600 8947 8867
8946 8900 8661
8827 9004 8719
8639 8888 8857
8912 9251 8349
9165 8938 8372
8940 8956 8639
8388 8898 8968
8663 9277 8490
8982 8890 8655
8833 8941 8706
8913 8754 8798
8612 9266 8524
8812 9213 8486
8559 8877 8908
8883 9076 8596
8919 9212 8391
9020 9041 8478
8739 9187 8578
8759 9141 8615
8751 9022 8709
8693 9113 8668
8531 8886 8920
8346 9019 8893
8656 8952 8834
8944 8880 8683
8901 8974 8684
8439 8961 8936
8777 8892 8775
9103 9084 8396
9092 8760 8618
8822 8914 8766
8906 9181 8455
8770 9096 8662
8561 9165 8690
8905 8797 8763
8645 9215 8583
8934 8811 8744
8602 8868 8901
8984 8835 8715
9205 8953 8322
8970 9147 8434
8809 8645 8907
8804 9130 8607
8900 9129 8523
8690 9066 8718
8802 9011 8689
8906 9194 8431
8842 9097 8627
9147 8927 8494
8823 8785 8810
8937 8674 8876
8924 8853 8710
8467 8731 9049
8829 9317 8403
8598 8775 8946
8932 8792 8754
8573 9318 8467
8735 9237 8537
8768 9013 8703
8755 9253 8463
8685 9187 8642
8763 8802 8872
8354 8770 9053
8897 9055 8586
8760 9084 8685
8575 9130 8712
8790 9010 8727
8737 8927 8792
9064 9000 8511
8306 9056 8879
8630 9030 8791
8976 8962 8577
8504 9040 8833
8781 9101 8625
8583 9115 8714
9162 8999 8400
8766 9212 8568
8618 9306 8491
8825 9139 8546
8851 9054 8629
9015 8832 8658
9132 8972 8492
8722 9005 8767
8801 8838 8824
8915 8895 8680
8279 8969 8970
9051 9018 8483
8454 9083 8796
8865 9259 8412
8775 8838 8849
8469 8993 8847
8788 9186 8547
8511 9270 8593
8724 8805 8877
8673 9005 8782
8830 9001 8708
9077 8913 8550
8661 9129 8700
8926 8863 8704
8971 9144 8429
8686 9224 8567
9064 9009 8470
8774 9184 8569
8466 8829 8978
8797 8848 8831
9062 9098 8381
9095 9039 8411
9078 9079 8429
8674 9101 8680
8855 9090 8597
9128 8973 8443
9018 8881 8625
8954 9055 8517
8811 8833 8832
8303 9058 8899
8744 9258 8525
8452 8837 8961
8390 8980 8930
8675 8845 8890
8335 9151 8790
8724 8881 8851
8820 8882 8807
8460 9082 8780
8615 9165 8662
8510 9182 8713
