8697 29.1083
24789 24514 25757 24492
25050 24516 25708 24552
25220 24495 25478 24932
25257 24756 25545 24471
24990 24393 25760 24789
25379 24665 25604 24512
25150 24559 25651 24251
25096 24461 25730 24758
25537 24655 25517 24461
25448 24696 25439 24386
25020 24613 25549 24812
25353 24522 25636 24616
24921 24500 25579 24860
25422 24677 25327 24801
25358 24709 25103 24769
24978 24842 25379 24885
25895 24327 25466 24335
25327 24510 25640 24550
25188 24655 25429 24916
25300 24556 25211 25066
25368 24687 25420 24737
24989 24584 25329 25065
25128 24403 25563 25081
24998 24868 25616 24793
25306 24627 25549 24806
25740 24612 25219 24500
25248 24486 25501 24962
25322 24591 25423 24775
25156 24481 25403 25154
25269 24352 25551 24888
25261 24730 25517 24466
25152 24212 25571 25008
25085 24372 25678 24866
25176 24864 25498 24720
25421 24769 25190 24641
25525 24516 25726 24491
25097 24808 25689 24735
24939 24562 25391 24949
25011 24343 25426 25112
25139 24373 25590 25050
25329 24551 25179 25112
25412 24624 25639 24498
25516 24597 25550 24774
25277 24634 25591 24741
24909 24677 25323 25264
25369 24646 25159 25024
25562 24623 25514 24559
25276 24717 25505 24915
25249 24481 25470 25046
25221 24365 25790 24769
25358 24660 25177 25209
25480 24775 25405 24508
25209 24493 25641 24846
25642 24477 25048 24543
25431 24648 25350 24553
25364 24483 25615 24725
25356 24411 25809 24698
25365 24542 25614 24533
25530 24351 25587 24833
25538 24508 25450 24683
25479 24239 25077 25226
25598 24269 25411 24988
25377 24452 25581 24827
25304 24949 25480 24854
25412 24844 25512 24610
24983 24292 25871 24635
25771 24433 25469 24894
25444 24563 25312 24818
24831 24616 25393 25098
24947 24051 25496 25099
25479 24547 25392 25188
25365 24493 25433 24897
25484 24815 25299 24611
25541 24481 25677 24790
25333 24329 25532 24866
25069 24504 25534 25088
25309 24643 25525 24846
25506 24446 25032 24868
24907 24555 25467 24928
25587 24475 25539 24708
25284 24610 25410 24877
25537 24387 25140 24932
25280 24493 25456 24862
25458 24476 25529 25065
25294 24754 25355 25033
25576 24461 25618 24812
25369 24373 25395 25069
24954 24499 25451 25182
25611 24315 25495 24901
25494 24608 25222 24650
25271 24130 25706 24789
25372 24610 25345 24677
25054 24207 25482 25112
25260 24279 25667 24946
