640 1.51103
22755 22352 23288 23079
22953 21837 22836 23453
23177 22310 23117 23149
22895 22122 23588 23299
22620 22513 23153 23303
23150 22487 23317 22944
22558 22249 23425 23409
22832 22184 23347 23180
22700 22249 23373 23305
23075 22314 23236 23424
22939 22503 23198 23517
22933 22251 23438 23080
22747 22329 23295 23436
22884 22210 23328 23204
22898 22575 23083 23394
22634 22517 23295 23291
22835 22292 23398 23129
22798 22149 23332 23240
22647 22381 23514 23345
22841 22332 23302 23411
22955 22168 23240 23163
22928 22605 23206 23078
22630 22447 23306 23183
22921 22310 23250 23191
23035 22469 23115 23220
22686 22172 23424 23378
23129 22420 23168 23129
