9 0.089138
7534 7422 7882 6243
7353 7881 7542 6511
7302 7331 7927 6741
7204 7434 7905 6647
7665 7183 7820 7008
7654 7288 7706 6577
7609 7526 7690 6593
7588 7554 7702 6760
7550 7353 7947 6328
7478 7378 7561 6813
7333 7373 7296 7012
7201 7406 8070 6804
7157 7236 8075 6685
7810 7631 7553 6556
7794 7830 7586 6570
7773 7474 7650 6500
7766 7833 7469 6387
7749 7476 7460 6870
7729 7159 7900 7161
7637 7875 7327 6361
7611 7191 7762 6639
7595 7326 7985 6265
7594 7288 7840 6725
7592 7492 7704 6672
7534 6791 7912 6780
7523 7724 7793 6564
7523 7332 7902 6547
7522 7613 7644 6638
7468 7393 7666 6821
7448 7232 7938 6659
7445 7231 7760 7172
7420 7313 7859 6620
7343 7411 7742 6845
7322 7487 7855 6363
7292 7543 7819 6579
7260 7388 7967 6669
7211 7168 7965 7007
7964 7316 7281 6281
7936 7289 7604 7043
7845 7528 7616 6782
7790 7443 7845 6533
7768 7556 7652 6540
7762 7770 7588 6582
7738 7361 7562 6935
7689 7691 7853 6558
7642 7144 7436 7272
7590 8013 7797 6472
7582 7475 7644 6786
7560 7237 7931 6386
7559 7482 7707 6737
7548 7758 7637 6708
7512 7185 7965 6407
7496 7413 7723 6697
7492 7605 7959 6241
7482 7285 7491 7121
7471 7627 7792 6806
7466 7461 7256 6943
7438 7751 7750 6649
7427 7359 7642 6952
7411 7314 7959 7279
7349 7410 7687 6869
7326 7229 8089 6865
7298 7234 8006 6440
7297 7244 8009 6735
7295 7528 7886 6622
7269 7641 7766 6646
7226 7534 8071 6374
7220 7061 7997 7015
7196 7085 8140 6709
7141 7146 8001 6911
6986 7455 7591 6909
6904 7659 7609 6717
