1264 20.506
3306 3490 3003 2550
2941 3961 2861 2908
2680 2999 2882 3696
3272 3483 2317 3217
2710 3083 3697 2861
3037 2642 3413 3153
3622 3125 2617 2961
2361 3282 3317 3406
3286 3514 3059 2570
3009 2676 3067 3378
2919 3296 3515 2589
3216 3440 2345 3271
3291 3481 2370 3218
2915 3600 3300 2695
3244 2703 3190 2978
3517 3209 2584 3038
2371 3098 3354 3356
2629 2693 3544 3205
3170 3360 2423 3369
3103 3210 3348 2683
3200 3321 3336 2607
3094 2753 3145 3081
3544 3173 2548 3069
3249 3388 2490 3254
2459 2991 3622 3029
3052 3247 3427 2737
3357 3459 2473 3000
2994 3724 3118 2733
3204 3513 2331 3288
2896 3795 2796 3124
2535 3119 2948 3663
3154 3682 2939 2844
3327 3353 2437 3162
3024 2734 3294 3200
3383 3442 2665 3072
2776 3324 2640 3550
2747 3467 3415 2721
2442 3074 3630 3035
3100 3502 3338 2701
2579 3147 3484 3102
3127 3221 2774 3431
2739 2934 3105 3559
2512 3367 3215 3364
3034 3341 3416 2654
3292 3344 2403 3339
2912 3938 2920 2883
2676 3225 2700 3674
3128 3636 3151 2615
2956 3619 3283 2596
3423 2882 2974 2926
3336 3423 2419 3113
3108 3808 2889 2927
3076 3844 2889 2869
3198 3428 2519 3232
2378 3233 3455 3286
2504 3259 3267 3341
2975 3157 3478 2676
2882 3206 2940 3414
2799 3144 3682 2833
3223 3551 2392 3199
3434 3320 2532 2983
2944 3921 2835 2907
3230 3519 2635 3121
3141 2717 3019 3249
3296 2837 3087 3004
3391 3472 2777 2854
2772 2830 2935 3658
3047 2744 3208 3230
2991 3860 2953 2920
2547 3238 3248 3474
3062 3828 2780 2889
3289 3492 2328 3146
3280 3551 2765 2754
2778 2901 3174 3428
2599 2807 3394 3409
2702 3095 2914 3622
3258 3527 2515 3182
3019 3774 3107 2829
3148 3211 3343 2645
2591 3178 3084 3593
2498 3058 3645 3008
2765 2847 3098 3435
3477 3213 2761 3044
2876 3318 3558 2745
3406 3421 2571 2936
3304 3363 2412 3217
2932 3951 2865 2814
2559 3166 3243 3470
3145 3754 2854 2826
2552 2945 3313 3491
2892 3745 2803 3066
3253 3349 2449 3290
2559 3065 2934 3681
2972 3931 2844 2878
3266 3471 2378 3231
2537 3186 3076 3613
2982 2905 3223 3396
2465 3231 3464 3131
3325 3447 3025 2766
2741 3190 3690 2829
2575 3582 3065 3149
2437 2958 3363 3398
2879 3175 3032 3329
2845 3319 3569 2629
2861 3911 2896 2950
2817 2926 2986 3503
2407 3314 3263 3313
2790 3240 2919 3526
2648 3138 3158 3442
3437 3136 2577 3178
3143 3671 2814 3086
2866 2724 3524 3139
2986 2787 3358 3091
3614 3158 2635 2889
3472 3236 2753 3096
3013 3627 2685 3164
2589 3045 3053 3607
3509 3159 2624 3104
2418 3161 3497 3221
3493 3287 2686 3124
2909 3032 3099 3302
2811 3088 3667 2832
3528 3268 2798 2997
2906 3693 2937 3150
3153 3288 3322 2623
2715 3066 2876 3668
3149 3402 2440 3311
2887 3872 2952 3053
2432 3082 3392 3344
3186 2861 2992 3176
2833 2922 3673 3010
3238 3614 2785 2939
3363 3132 2890 2973
3003 3891 2930 2944
2586 3104 3576 3016
2831 3293 2741 3519
3401 3337 2463 3049
2676 2792 3378 3298
3523 3070 2862 3052
3262 3340 2502 3195
3003 2695 3090 3251
2735 3052 2860 3689
2451 3436 3202 3128
3045 2776 3061 3366
3550 3064 2672 3129
2929 3161 2891 3422
2903 3207 3585 2640
2566 2759 3531 3280
2877 3331 3531 2659
3000 2822 3218 3262
3123 3701 2711 2982
2526 3286 3130 3450
2596 3434 3307 2985
2856 2995 3539 2940
2898 3883 2863 2979
3583 3195 2598 2980
3207 3406 2397 3259
3592 3116 2676 2943
2888 2871 2789 3625
3318 3292 2470 3178
3029 3880 2874 3001
2925 3868 2956 2821
2804 2951 2901 3597
3162 3578 3118 2619
3163 3213 2960 2966
3352 3358 2832 2851
3199 3383 3309 2707
2832 3271 3609 2716
3451 3253 2790 3109
2622 2926 3133 3467
2744 3623 2767 3319
3042 2954 3436 3005
2952 3425 3426 2705
3155 3122 3326 2761
3608 3106 2617 3014
2830 2781 3469 3025
2563 3061 3369 3273
2801 3028 2851 3653
3414 3056 2801 3089
3340 3227 2714 3233
3275 2741 3039 3157
3311 3390 2486 3184
2937 3358 3476 2726
2732 3142 3613 2873
2495 3543 3180 3130
2756 3784 2936 3118
3072 2866 3295 2973
2963 3705 3154 2831
2992 2769 3239 3239
2958 3646 3089 3046
2902 3302 3545 2668
3375 3373 2746 3008
3174 2979 3041 3199
2824 3717 2906 3090
3206 3386 2555 3299
2813 2985 2932 3532
2834 3652 3127 2871
2762 2931 3371 3293
2759 2851 3275 3313
3302 3447 2564 3159
3418 3339 2649 3029
3099 3107 3253 2937
3460 3049 2699 3140
2439 3414 3200 3393
3322 3286 2480 3174
2484 3198 3422 3246
2852 2923 3594 2860
3276 3300 2900 2893
2727 3158 2869 3646
2878 3201 3591 2817
3005 3659 2981 3100
2815 3398 3460 2841
2771 3163 2695 3639
2915 3026 3422 2836
2413 3273 3404 3208
2880 3945 2860 2962
2525 3251 3066 3511
2819 3730 2859 3082
3603 3159 2654 2941
2950 3732 2806 3189
2421 3064 3553 3240
3255 3539 2446 3172
2543 3216 3438 3228
3055 2726 3347 3021
3064 3739 3002 2897
3538 3281 2704 3019
3171 3423 2384 3352
3078 3532 2614 3214
2838 2798 3249 3342
2661 3132 3021 3602
2807 3768 2830 3144
3290 3282 2595 3257
2828 3094 3636 2768
3053 3576 2750 3202
2887 2917 2904 3542
3050 3554 3122 2949
3185 3499 3232 2612
2583 3618 3162 3032
3043 3659 3081 2664
3268 3567 2536 3023
2699 2942 3039 3641
3147 3375 2659 3169
3598 3107 2684 2970
2847 3180 3047 3437
2723 3050 2867 3692
3016 2840 3384 3044
2785 3188 3623 2793
2710 3013 2904 3632
3218 3006 3176 2910
2860 3197 3618 2712
2618 3194 3195 3498
2671 3002 3658 2980
2489 3121 3522 3115
2665 2996 3535 3237
3533 3141 2654 3078
2662 3837 3093 2934
3331 2864 3067 3031
3136 3271 3136 2749
2615 2909 3124 3588
3087 3662 2857 3138
2653 3335 3220 3243
3039 3558 2860 3056
2608 3418 2997 3384
2693 3214 3457 3066
2761 3115 2909 3527
2398 3400 3224 3326
2879 3310 3504 2634
3031 3708 3171 2813
2792 2974 3020 3594
3085 3818 2869 2894
2908 3067 2735 3535
2996 2966 2984 3285
3190 3610 2753 2992
2588 3201 3402 3093
2978 3479 3406 2757
2669 3037 3139 3451
2427 3135 3448 3216
2725 3055 3068 3556
3235 3253 2560 3338
2679 3114 3582 2954
2920 3181 3564 2807
3431 3370 2883 2799
3122 3587 3227 2784
2638 3439 3181 3048
2934 3921 2870 2937
3269 2804 3186 3045
3394 3274 3009 2802
2616 3564 3287 2995
2778 3016 3057 3569
2650 2718 3385 3323
2801 3897 2969 3039
2783 3288 3538 2772
2471 3162 3282 3346
2750 3130 3677 2872
2959 3243 3507 2673
2642 3154 3466 3134
2611 3169 3199 3360
3018 3812 2760 3091
2950 2891 3052 3496
2989 3563 2985 2978
2954 3714 2820 3078
2758 3041 2842 3652
3445 3087 2883 3084
2753 3002 3654 2848
2557 3229 3016 3575
2793 2917 3269 3168
2530 3252 3211 3403
3007 3867 2967 2806
3581 3153 2614 2957
2447 3420 3333 3123
3261 2815 3106 3062
2405 3320 3364 3088
3505 3143 2628 3043
2383 3445 3206 3268
2700 3093 3571 2923
3476 3235 2880 3028
2796 3329 3024 3469
2780 3243 3500 2964
3107 2833 3110 3192
2792 3540 3291 2750
2886 3493 2944 3270
2514 2933 3602 3193
3113 3757 2673 3018
3243 2895 3233 3012
3060 3086 3169 3174
2961 3655 3114 2915
3561 3265 2688 2871
3025 3523 2668 3212
2531 3347 2886 3460
2960 3823 3092 2984
2517 3114 3469 3228
2869 3958 2834 2921
3176 3408 2580 3262
3036 3632 3006 2784
3027 3677 2844 3049
2479 3317 3398 3023
2666 2757 3408 3266
3232 3283 2570 3277
3133 3620 3114 2729
2675 3193 2965 3635
2650 3099 3283 3460
3156 3437 2998 2855
2475 3147 3343 3296
2620 2947 3522 3266
2750 3010 2894 3574
2784 3092 3036 3453
2469 3150 3548 2971
2684 3112 3130 3581
2949 3125 2724 3478
2755 3316 3013 3487
2613 3111 2989 3606
2768 3079 3008 3480
2753 3786 3112 2931
2947 3278 2924 3418
2658 3101 3585 3006
2806 3841 3004 3076
2851 3233 3587 2825
2631 3457 3097 3197
3194 3242 2699 3325
2717 3081 2958 3588
3119 2875 3043 3315
3178 3335 2639 3225
3011 3762 2894 2988
2937 3902 2856 2952
2523 3260 3314 3267
2827 2755 2989 3565
2633 2873 3332 3307
2713 3021 3491 3188
3343 3235 2738 3159
2862 2816 3420 3160
2967 3261 3492 2759
2827 3709 2839 3106
3211 3008 2622 3323
2391 3150 3512 3213
2955 3444 3329 2778
3571 3161 2643 2938
3593 3172 2604 2987
2607 3290 3072 3271
2673 2895 3239 3307
3176 2762 3111 3177
2696 3107 2937 3630
2970 3903 2916 2942
2760 2969 3058 3507
3312 3597 2735 2953
2778 3114 2847 3618
2867 3790 3014 2986
2721 3085 2932 3585
3315 2885 3050 3066
3502 2931 2768 3081
2690 3538 3141 3057
2686 3016 3113 3462
2730 3096 2945 3580
2611 3262 3444 3059
3173 3399 2540 3283
2888 3833 2977 2948
2806 2809 3555 3044
2926 3930 2921 2946
2978 2826 3230 3162
2386 3059 3422 3316
3398 3405 2596 2918
2733 3815 3094 2898
3222 3304 2455 3341
2574 3004 3319 3351
3455 3111 2693 3126
3161 3340 2509 3334
3035 3316 2485 3381
3577 3071 2623 2998
3567 3100 2718 3032
3573 3049 2717 2990
2688 3336 2963 3442
3231 3416 3114 2838
3114 2817 3363 3002
2871 3210 3561 2635
3182 3398 2509 3275
3091 3245 2827 3227
3465 3085 2945 2993
2907 2889 3329 3143
2977 3327 2733 3417
3350 3453 2760 3047
3539 3083 2690 3069
3081 2770 3303 3061
3497 3306 2504 3047
3555 3126 2686 2997
3221 2903 3310 2896
2501 2912 3343 3386
3055 3343 2729 3309
3146 3451 2702 3291
2643 3237 3186 3386
2397 3368 3280 3207
2392 3212 3277 3370
3377 3039 3043 2994
3088 3592 2848 3085
3079 3378 3260 3124
2624 2938 3602 3062
3287 3361 2381 3219
2840 3077 3618 2788
2603 3236 3606 2909
3118 3496 2504 3293
3403 3307 2458 3077
3387 3154 2822 3195
2426 3239 3380 3278
2721 3640 3213 2832
2901 3423 3218 2886
3197 3411 2646 3203
3118 3183 3270 2758
3237 3511 2719 3066
3104 3369 3227 2795
3448 3282 2825 2903
2843 3249 3596 2758
2872 3186 3533 2866
2813 3002 2889 3546
2554 3034 3329 3357
2601 3343 3177 3400
2803 3374 2871 3483
2931 3138 3009 3372
2894 3264 3301 2929
3082 3711 2602 3116
3041 3019 3321 2829
2809 3133 3635 2771
2836 3230 2679 3544
2570 3137 3510 3152
2849 3387 2631 3328
2923 3864 2740 3015
3139 3486 2609 3247
2624 3487 3165 3186
3469 3244 2972 2943
3369 3277 2693 3182
3380 3272 2682 3157
2968 3907 2788 2946
2743 3171 3625 2867
3503 3090 2810 3059
3256 3546 2620 3169
2758 2856 3415 3040
3402 3393 2655 2902
2825 2964 3018 3460
2801 3524 3258 2758
2573 2998 3001 3613
2822 3055 3164 3264
3160 3419 2800 3034
3101 2786 3078 3254
2687 3013 3651 2902
2926 3591 3196 2782
3074 3535 2718 3162
3044 3147 3338 2781
3242 3279 2787 3203
2769 3438 2791 3322
3131 3363 2538 3345
3196 3431 3047 2786
2931 3607 2882 3187
3076 3762 2726 3108
3559 3103 2629 2978
3139 2986 3094 3057
3208 3697 2739 2953
2715 3759 2928 3119
3338 2777 3079 2986
2866 3278 2833 3517
2544 3455 3204 3029
2841 3666 3078 3048
3396 3396 2602 3047
2922 2944 2990 3390
