10 0.485399
2905 3245 2660 2792
3039 3232 2565 2803
2779 2762 3098 3020
2665 3359 2644 2816
2922 3218 2731 2752
2917 3244 2667 2756
2893 2715 3107 2898
2776 3281 3009 2784
2969 3222 2666 2789
2939 3080 2860 2746
2882 3311 2827 2819
2736 3039 2952 2952
2683 3153 2881 2966
2567 3033 3048 3041
2473 2878 3296 2781
3027 2929 2902 2691
2973 2821 2940 3018
2969 3078 2826 2895
2874 3193 2923 2772
2866 3090 3082 2790
2840 3270 2908 2690
2837 3031 2953 2998
2790 3123 3017 2831
2787 2994 2976 3101
2732 3050 3134 2839
2652 3261 2582 3150
2646 2830 3331 2723
2636 2966 3296 2724
3039 2871 2912 2978
3004 3011 2645 2961
2987 3160 2757 2616
2921 3138 2961 2816
2891 3010 3099 2924
2879 2862 2878 3087
2873 3113 2725 3030
2867 2736 3116 2784
2855 3012 3231 2932
2802 3193 2741 2914
2796 3000 3035 2966
2784 3147 2843 2916
2771 2962 3197 3108
2743 3292 2920 2873
2716 3049 3004 3024
2701 3277 3034 2781
2690 3269 2892 2919
2659 3236 3062 2790
2604 3365 2778 2749
2587 2638 3136 3175
2576 2902 2997 3223
2535 3150 3011 3050
3045 3024 2586 2823
3032 3067 2751 2716
2938 3078 2938 2935
2933 2837 2966 2854
2921 2895 3164 2604
2889 3059 2849 3070
2854 3038 3067 2853
2850 3165 2954 2762
2848 3044 3209 2759
2835 3425 2588 2837
2832 3016 2888 3142
2828 3119 2755 2910
2791 2870 3086 2967
2742 3234 2949 2820
2738 2933 3286 2833
2733 2976 3071 3111
2724 3081 3162 2976
2705 3050 3207 2749
2694 3449 2776 2786
2689 3020 3265 2755
2673 2910 3267 2839
2670 3115 3103 2931
2623 3374 2826 2724
2539 3202 2689 3154
2520 2913 2946 3121
2974 2758 2833 3041
2971 3030 2623 2773
2911 3176 2939 2790
2911 2934 3083 2995
2883 3100 2853 2883
2875 3095 2456 2915
2874 3097 3114 2774
2867 3269 2881 2906
2854 2994 3056 3027
2799 3045 3001 2934
2793 3145 2933 3206
2744 3043 3226 2681
2710 3137 3064 2948
2707 3222 3072 2762
2703 3228 3177 2896
2683 3016 3043 3031
2682 3385 2830 2662
2657 3162 2909 2897
2650 3377 2457 2858
2633 3215 2589 3190
2561 3171 3037 2946
2445 2833 3198 2933
3072 2914 2756 2880
3065 2912 2941 2925
3043 2860 2985 2783
3003 3190 2751 2623
2999 2938 2956 2719
2988 3084 2958 2631
2973 2961 2724 2753
2970 3132 2773 2650
2969 3254 2684 2737
2960 3280 2584 2654
2958 3070 3036 2748
2953 3134 3091 2674
2947 3077 2827 2975
2939 2932 3064 2850
2935 3167 2902 2854
2897 3161 2858 2877
2892 3169 2526 2822
2892 2843 2710 3012
2879 3086 2901 2997
2875 3329 2760 2894
2869 3337 2715 3126
2863 3030 3172 2961
2838 3140 2972 2596
2818 3270 2791 2839
2818 3222 2965 2859
2810 3356 2607 2760
2795 3111 2841 2950
2778 3282 2879 3148
2755 3289 2822 2855
2748 3193 2905 2892
2744 3350 2887 2959
2716 3130 3022 2947
2716 3076 2974 2993
2711 3092 3126 2857
2683 3030 3009 2982
2638 3403 2634 2930
2495 3135 2712 3229
