1206 81.6309
26041 24113 25175
25209 23698 25647
25287 23705 25636
26051 24237 25105
25254 23626 25659
24877 23311 25735
25201 23683 25671
26015 24223 25209
25628 24451 25145
26019 24083 25208
25885 24267 25169
26036 23967 25234
25983 24049 25274
25223 23644 25688
25125 23559 25727
26185 23809 24919
25270 23554 25692
26305 23810 24860
26029 24189 25118
25995 24100 25228
26291 23659 24970
26485 23874 24637
26384 23908 24794
26372 23842 24827
25999 24230 25161
25517 24660 24720
26300 23776 24884
25741 24485 24990
25737 24440 25007
25292 23680 25637
26457 23961 24687
25429 24221 25482
25979 24173 25267
25376 23963 25538
25317 24020 25524
25726 24545 24697
25385 24561 25198
25944 24395 24903
26016 24111 25218
25724 24531 24741
26354 24005 24705
26315 24040 24692
26431 23888 24773
25660 24561 24828
25500 23889 25603
25701 24475 25031
26577 24018 24301
26561 23921 24402
25670 24313 25379
25988 23922 25268
25570 24466 25149
25511 24442 25246
26529 23975 24427
25585 24404 25285
25570 24498 25116
26311 23720 24894
25887 24364 25050
26481 23849 24687
26311 23863 24816
25775 24193 25324
26154 24182 24710
25714 24200 25360
25113 23661 25690
25801 23906 25519
25788 24451 24643
26478 23934 24665
26368 23992 24725
25837 24367 25156
25596 24546 25040
26465 23879 24755
26380 23845 24822
26020 24297 25009
25594 23945 25515
25906 24327 25151
25822 24161 25377
25480 24549 25195
26108 24138 25141
26374 24005 24646
25839 24434 24929
26356 23719 24943
25965 24330 24868
26262 24082 24749
26601 23827 24411
26508 24117 24464
25752 24368 25328
26130 24098 24711
25735 24187 25366
25695 24115 25456
25843 24079 25457
26393 23666 24870
26388 24198 24491
25502 24671 24813
25862 24095 25344
26352 23856 24847
26305 24186 24533
25761 24201 25334
25876 24319 25166
25866 24222 25293
25596 24569 24748
25704 24606 24611
26260 24154 24617
26161 24269 24582
26110 24266 24668
25992 24262 25144
25041 23689 25652
26012 24329 25094
25925 24244 25207
26479 23865 24656
26369 23874 24815
26146 24046 24754
26079 24318 24620
25914 24095 25298
25622 24396 25294
26076 24230 25062
25937 24295 25161
25851 24295 25284
25685 24556 25039
26394 23806 24864
25755 24418 25235
25680 24235 25436
25945 24077 25412
25944 24405 24776
25772 24481 24552
26059 24256 25082
25928 24331 24915
25367 23966 25556
26284 24045 24679
25952 24298 25114
25755 24526 24848
26341 24094 24671
26583 23913 24319
26503 23925 24577
26085 24283 25042
26370 23857 24809
25492 24536 25189
25490 24384 25314
26299 23762 24894
25872 24126 25329
25700 24562 24748
25120 23970 25562
26513 23734 24765
26466 23859 24696
26542 23948 24353
26539 23843 24505
26520 23972 24511
26397 24179 24477
26389 24084 24595
25913 24209 25248
25532 24473 25221
25168 24696 24802
26478 24018 24619
26469 23765 24779
26242 24184 24648
25870 24356 25158
25801 24475 24556
25620 24598 24631
25749 24432 24977
26305 24127 24603
25276 23761 25622
26365 23946 24806
26289 23920 24880
26438 24025 24617
25676 24274 25365
26003 24233 25146
25833 24403 25060
25521 24358 25354
25355 23923 25587
26449 23972 24654
26419 24065 24637
26393 23833 24814
25624 24463 25206
25903 24251 25210
25693 24465 25051
26404 23736 24810
25768 24171 25436
25600 24489 25135
26420 24028 24644
26416 23922 24783
26292 23796 24938
26020 24336 24627
25570 24596 24836
26437 24163 24387
26384 23900 24803
26050 24056 25148
25977 24282 25163
25791 24321 25270
26461 23878 24807
26006 24257 25108
25739 24228 25342
25325 23938 25573
25314 24052 25513
26537 24153 24378
26408 23995 24716
25712 24449 25127
25331 24688 24843
25880 24386 25043
25362 24057 25508
25974 24081 25327
25574 24614 24704
26072 24314 24972
25774 24257 25327
25690 24177 25424
26439 24168 24333
26302 23982 24790
25616 24241 25444
25460 24417 25256
26274 24129 24559
26213 24140 24673
25860 24325 25189
25665 24443 25172
25668 24514 25112
26204 24041 24918
26075 24242 25079
25464 24634 24939
25236 23592 25705
25649 24381 25316
26559 23945 24315
25848 24399 25114
25915 24300 25150
25884 24168 25313
25769 24411 25030
25357 24124 25511
25098 23464 25732
25903 24185 25279
25474 23914 25558
25530 24482 25228
25413 23909 25619
26252 23815 24901
25767 24175 25365
25618 24413 25264
26582 23884 24379
25530 24491 25204
26170 23897 24967
26023 24254 25142
25804 24352 25164
25143 23793 25634
26553 24065 24350
25726 24174 25367
25553 24011 25525
26522 23725 24701
26497 24104 24534
26473 24123 24499
26259 24172 24664
26212 24106 24675
26504 23979 24482
26362 24109 24599
26331 23764 24881
26265 24043 24808
25822 24264 25303
25691 24377 25301
25563 24440 25213
26547 23845 24492
25872 24451 24582
25357 23616 25671
25936 24305 25105
25884 24260 25267
25846 24154 25366
25731 24360 25346
25739 24255 25337
26533 23955 24401
26088 24193 25030
26060 24204 25103
25940 23994 25514
26529 24007 24387
26528 24052 24472
26293 24239 24540
25832 24328 25259
25758 24165 25451
25756 24298 25274
26520 23864 24538
26449 23886 24729
26285 23853 24884
26156 24090 24717
25469 24528 25252
26319 24120 24660
25891 24125 25340
25886 24259 25280
25479 24705 24759
26066 24279 25058
25953 24143 25288
25927 24240 25198
25506 24658 24924
26143 24082 24788
25900 24234 25257
25606 24092 25481
25816 24190 25343
25761 24423 25013
26508 24097 24470
25567 24633 25188
26124 24262 24965
26255 23704 24954
25576 24574 24756
