4672 227.437
3389 4093 2914
3165 3218 3941
3165 4111 3039
4045 3266 3285
3484 3041 3850
2981 3883 3602
3509 3070 3828
3306 3118 3915
3526 3087 3818
3383 4097 2960
3445 4072 2930
2996 3798 3675
3098 3784 3670
3015 3887 3595
3082 4011 3423
3084 4054 3334
3029 3934 3570
3173 3168 3935
3067 3862 3614
3030 3844 3648
3638 3079 3742
3431 4073 2924
3425 4070 3007
3223 4107 3021
4004 3541 3120
3829 3824 3069
3847 3791 3115
3625 3121 3752
3008 3803 3655
3596 3229 3769
3043 3868 3619
3675 3130 3720
3327 4088 3095
3514 4064 3044
3235 3244 3931
3538 3407 3792
3871 3715 3254
3072 3753 3709
3520 3183 3827
3217 3962 3479
3428 4078 2970
3360 4098 2986
3418 4079 3031
3929 3708 3049
3569 4035 3036
3961 3222 3456
3946 3420 3440
3110 3857 3602
3607 4020 2976
3390 3224 3903
3548 4057 3014
3402 4083 3165
3183 3757 3699
3734 3456 3628
3229 3739 3725
3421 3316 3861
3126 3978 3491
3202 3353 3893
3351 4061 3229
3141 3814 3649
3442 3163 3863
3258 3190 3926
3136 3468 3854
3356 3983 3478
4040 3326 3257
3158 3691 3750
3057 3888 3594
3465 3173 3856
3382 4103 2980
3287 3613 3778
3966 3610 3196
3575 4013 3160
3368 4042 3279
3760 3925 3101
3317 4068 3259
3633 3452 3728
3409 4040 3231
3958 3624 3202
3919 3562 3360
3836 3538 3508
3566 3192 3813
3874 3685 3324
3596 3913 3367
3782 3567 3573
3116 3782 3689
3209 3986 3432
3146 3699 3732
3976 3482 3297
3241 3991 3416
4019 3320 3309
3374 3475 3821
3353 3513 3806
3534 3157 3817
3923 3518 3368
3429 3177 3886
3361 4091 2998
3631 3800 3495
4028 3437 3216
3708 3946 3123
3292 4100 2994
3049 4091 3192
3564 4026 3132
3682 3216 3691
3246 3234 3923
3044 3717 3737
3506 3149 3830
3662 3620 3609
3231 3810 3652
3454 3207 3857
3858 3689 3313
4033 3361 3289
3176 3695 3745
3171 3996 3458
3199 3372 3887
3996 3394 3370
3942 3449 3436
3478 3312 3841
3941 3262 3462
3420 3424 3833
3803 3762 3326
3866 3281 3581
3192 3301 3908
3196 3630 3782
3104 3923 3557
3889 3548 3480
3819 3471 3521
3554 3275 3783
4001 3444 3300
3987 3295 3411
3301 3952 3539
3814 3829 3183
3332 3290 3874
4023 3344 3308
3469 3146 3871
3955 3599 3239
3445 3138 3872
3449 4069 2965
3349 4104 2990
3877 3737 3210
3618 3998 3089
3700 3887 3283
3626 3689 3590
3262 4071 3190
3184 4105 3098
3308 4092 3105
3587 4022 3062
3536 4055 3081
3948 3661 3073
3468 4066 3011
3415 3641 3722
3783 3878 3107
3407 4086 3027
3226 4001 3419
3807 3859 3129
3971 3490 3364
3854 3553 3444
3764 3720 3453
3302 3167 3927
3749 3433 3668
3669 3974 3057
3688 3214 3702
3122 3962 3534
3206 4096 3135
3718 3832 3362
3282 3459 3844
3650 3903 3350
3399 3534 3788
3893 3590 3331
3433 3188 3870
3501 3786 3600
3981 3385 3403
3543 3200 3808
3578 3522 3716
3541 4015 3271
3900 3367 3528
3589 3942 3389
3806 3850 3148
3747 3607 3515
3779 3769 3392
3312 3779 3645
3756 3806 3338
4007 3390 3347
3561 3259 3805
3603 3133 3764
3793 3796 3242
3574 4020 3066
3400 4045 3246
3279 3658 3756
3336 3230 3897
3855 3760 3221
3691 3970 3052
3446 3729 3633
3299 4094 3127
3342 4085 3075
3883 3759 3200
3688 3936 3142
3964 3570 3249
3973 3460 3357
3233 4076 3251
3580 4028 3040
3882 3677 3267
3582 3835 3499
3726 3775 3378
3273 4108 2962
3639 3265 3714
3776 3653 3468
3769 3842 3205
3614 3781 3504
3451 3466 3815
3128 3964 3487
3693 3748 3485
3490 3811 3576
3811 3427 3605
3304 3794 3665
3832 3560 3465
3497 3865 3524
3672 3500 3678
3661 3987 2997
3645 3910 3275
3448 3247 3852
3531 4018 3175
3503 3846 3540
3685 3917 3186
3223 3252 3920
3644 3765 3511
3178 3617 3785
3154 3583 3804
3413 3751 3639
3275 3359 3890
3070 3705 3743
3787 3504 3560
3911 3585 3355
3703 3626 3582
3711 3667 3556
3245 3852 3621
3609 3287 3758
3788 3418 3606
3665 3683 3559
3931 3488 3438
3208 3900 3575
3743 3897 3181
3009 4089 3225
3105 3696 3741
3459 3375 3820
3250 4038 3397
3379 3308 3873
3252 3349 3897
3729 3203 3686
3466 3331 3838
3482 3636 3705
3263 3959 3506
3297 4106 2928
3909 3676 3214
3532 3556 3660
3321 3730 3664
3340 4099 3055
3759 3761 3406
3525 3732 3613
3752 3890 3207
3426 3833 3579
3851 3771 3226
3991 3356 3394
3486 3358 3824
3983 3436 3352
4009 3440 3346
3338 4048 3272
3472 4031 3177
3295 3297 3895
3848 3749 3304
4039 3374 3234
3902 3382 3501
3495 3378 3802
3225 3256 3917
3644 3919 3269
3346 3364 3866
3620 3743 3543
3367 3328 3867
3307 3347 3882
3051 3889 3592
3055 3876 3608
3795 3506 3547
3938 3660 3154
3270 4023 3385
3551 3773 3537
3254 3283 3910
3696 3510 3634
3387 3574 3759
3385 3976 3386
3493 3893 3489
3331 3727 3683
3798 3701 3414
3334 3525 3823
3925 3322 3473
3922 3582 3296
3434 3339 3835
3915 3579 3354
3669 3596 3638
3293 3650 3734
3734 3643 3522
3325 3746 3657
3690 3602 3598
3288 3273 3907
3298 3305 3885
3389 3544 3767
3377 3945 3446
3149 4005 3421
4036 3310 3285
3437 3704 3644
4016 3341 3319
3189 3992 3431
3773 3478 3585
3571 3208 3795
3401 3240 3878
3583 3269 3785
3842 3671 3376
3522 3196 3811
3630 3711 3552
3641 3838 3445
3769 3870 3146
3724 3951 3026
3591 3798 3532
3635 3997 3170
3403 4075 3060
3481 3655 3619
3827 3430 3586
3532 3908 3402
3907 3671 3264
3517 3886 3460
3879 3435 3514
3286 3890 3554
3885 3752 3179
3887 3612 3337
3791 3727 3381
3750 3861 3263
3519 4045 3088
3775 3801 3311
3343 3617 3740
3271 3379 3879
3322 3723 3695
3119 3805 3654
3592 3648 3597
3721 3869 3239
3705 3854 3329
3315 3322 3883
3151 3777 3672
3716 3524 3626
3600 4002 3085
3713 3873 3315
3864 3658 3388
3617 4003 3013
3820 3814 3173
3741 3633 3548
3987 3493 3255
3927 3511 3396
3289 4029 3340
3917 3415 3471
3897 3554 3410
3678 3656 3571
3168 3904 3584
3324 3948 3482
3508 3622 3685
3439 4008 3342
3999 3278 3383
3480 4052 3150
3950 3412 3413
3997 3461 3299
3725 3640 3550
3364 3369 3846
3254 3664 3780
3266 3569 3796
3861 3571 3421
3370 3588 3779
3903 3530 3430
3133 4007 3427
3612 3628 3593
3980 3363 3429
3799 3718 3382
3238 4102 3114
3936 3633 3173
3914 3680 3155
3654 3736 3544
3529 3882 3474
3697 3397 3682
3731 3604 3552
3470 3249 3849
3440 3465 3819
3502 3151 3845
3434 3335 3840
3559 3871 3464
3992 3550 3183
3825 3577 3510
3462 3594 3719
3601 3998 3110
3636 3700 3564
3432 3874 3568
3688 3950 3079
3366 3986 3398
3894 3742 3168
3163 3959 3526
3605 3855 3426
3201 3855 3636
3585 3629 3641
4014 3495 3113
3832 3756 3322
3896 3391 3529
3489 4057 3085
3656 3402 3695
3827 3742 3343
3919 3587 3302
3744 3837 3287
3272 3279 3905
3331 3255 3912
3951 3495 3391
3188 3437 3848
3131 3429 3876
3838 3772 3222
3652 3573 3658
3456 3981 3334
4011 3398 3320
3810 3557 3517
3348 3710 3708
3656 3981 3038
3745 3816 3348
3161 3679 3766
3281 3200 3919
3684 3960 3158
3876 3412 3545
3967 3558 3293
3949 3502 3373
3396 3399 3837
3494 3497 3764
3455 3507 3788
3736 3939 3136
3998 3536 3238
3570 3615 3643
3513 3226 3809
3814 3672 3416
3933 3357 3448
3647 3872 3408
3659 3549 3687
3666 3237 3719
3753 3886 3149
3404 3755 3646
4025 3402 3307
3623 3492 3706
3462 3441 3811
3572 3906 3428
3527 3879 3490
4013 3298 3330
3674 3733 3518
3763 3646 3510
3687 3447 3688
3444 3967 3408
4027 3405 3291
3510 3929 3450
3489 3155 3839
3969 3317 3445
3432 3523 3761
3499 3569 3711
3686 3795 3434
3838 3777 3138
3513 4025 3152
3739 3700 3470
3737 3864 3224
3761 3805 3294
3396 3771 3624
3772 3611 3483
3236 3730 3717
3680 3589 3622
3723 3863 3306
3418 3938 3451
3584 3355 3748
3637 3965 3236
3522 3392 3799
3512 3470 3735
3476 3415 3794
3602 3970 3186
3602 3894 3372
3382 3231 3890
3767 3820 3235
3393 3876 3551
3247 3286 3911
3167 4050 3291
3362 3476 3834
3728 3817 3376
3770 3666 3500
3394 3285 3877
3442 3921 3519
3279 4032 3339
3688 3930 3182
3736 3528 3625
3553 3820 3519
3908 3485 3448
3364 3676 3681
3620 3429 3731
3633 3796 3475
3731 3868 3276
3499 4048 3140
3671 3854 3375
3500 3428 3747
