516 30.4151
24641 21828 24089 26479
24756 24159 27372 23139
23611 25863 25387 23917
26533 23166 24080 24110
24899 24936 25643 22272
24458 22855 23397 26787
22587 24057 25700 25426
25002 23242 23203 25646
24786 24086 27241 23160
22587 24818 26214 24371
22666 24115 25375 25404
22743 24605 26550 24538
24851 24452 26730 22549
24802 24212 27088 22981
23528 24074 26537 24285
25096 24749 25796 22321
24934 24575 26688 22580
25193 24125 26315 23427
25000 23212 23299 25630
22791 25231 25817 24572
23747 25521 25097 24028
22688 24739 26364 24449
24860 24035 27209 23105
23267 25129 25943 24364
26529 23130 24024 24168
25858 22411 23805 25351
24259 24883 26636 23233
25263 22336 23721 25807
22912 25298 25791 24486
25928 23169 24344 25237
24651 23502 24721 25385
23020 24982 26185 24261
25389 22177 23877 25833
24205 22837 23854 26608
24423 24792 26374 22690
25158 22357 23936 26037
24845 22003 24867 25570
22709 25166 26053 24588
25774 22536 23793 25706
26270 22793 23846 24692
23550 24300 25729 24865
24682 25146 24922 22904
23831 25576 25047 23765
24287 24992 26083 23491
23655 25662 25305 23804
24255 23878 24516 25108
24537 21838 24118 26555
24828 25045 26041 23002
23678 25360 24983 24233
23398 24613 26410 23962
23714 24361 26655 24054
26415 23467 24789 23304
24786 24052 27183 23179
23594 25834 25479 23884
26222 23935 25157 22817
26454 23113 23733 24189
24985 24774 25981 22375
24836 23943 26950 23137
24920 24897 25762 22468
25837 23660 25628 22838
25801 24284 25354 23409
26427 23243 24730 23334
24302 24119 27056 23379
25035 24514 26675 22655
22997 25316 26337 24308
25155 22641 23583 26069
23189 24945 26139 24201
22935 24906 26235 24349
24564 22949 23470 26728
25435 24424 26121 22628
22860 25122 25576 24787
23047 25279 25767 24511
26322 23548 24388 23637
24009 24274 27132 23418
24138 24232 26709 23623
25301 24431 26013 23121
25001 23858 26811 23056
24066 25429 25636 23458
26116 23559 24965 23342
24973 24844 25749 22784
24770 23832 27123 23246
23637 25799 25382 23821
22864 25478 25732 24467
23450 24690 25541 25007
25006 22431 23749 26226
25410 22655 23251 25916
24888 24573 26769 22516
25273 22800 23334 26166
26291 23419 24349 24379
25424 24117 26157 23213
23661 25776 25284 23817
23771 24110 24680 25161
23113 25609 25467 24544
25136 24578 26613 22746
24775 21955 24232 26109
25331 22126 24969 25117
23441 25183 26439 23643
23123 23667 25207 25514
23860 25075 25692 23265
24487 23999 24866 24767
24338 24438 26912 23595
23805 25447 25292 23973
24361 24973 26097 23366
26254 23990 25005 22860
24146 23372 24131 25979
23680 25815 25445 23786
26512 23221 24074 24152
26486 23180 24105 24074
24992 22959 24588 25203
23695 25638 25376 23659
24792 21864 24089 26333
26306 23757 25018 23039
24553 23282 23670 26348
23460 25596 25555 24459
25223 22240 24065 25946
23233 25201 25235 24799
24102 23359 24573 25873
24523 23028 23482 26621
25593 23323 24743 24652
23824 24170 24614 25559
24917 21892 24805 25655
23734 23836 25928 24753
23685 25757 25244 23687
25626 22728 24209 25480
23346 24542 26404 24633
23465 24501 26836 24031
25677 24183 25972 22857
25062 24706 26269 23064
24247 24485 26966 23564
26392 23803 24836 22829
24321 24496 26456 24046
23986 25214 25668 24488
25311 24276 25846 22892
23580 25857 25398 23953
26028 23632 25106 24386
25111 22019 24666 25545
23219 24759 26217 24920
23477 25722 25448 24136
25440 22552 23448 26061
24847 22677 23558 26473
25013 24873 25899 22442
23900 25458 25579 23743
25138 24302 26517 22675
23601 24436 26667 24248
24654 22068 24496 25927
24306 24847 25857 23572
23880 25248 25314 24224
26068 22901 24014 24899
25500 23047 23502 25845
24237 22707 23868 26530
23225 25557 25772 24336
25024 22277 24412 25983
25369 24190 25500 23403
24695 22145 24394 26302
22892 24336 25562 25192
25306 23451 24548 25076
24368 24469 27034 23435
23723 24389 24863 24982
25342 22777 23409 25924
25280 22208 23958 25962
24024 25647 25372 23734
24431 24649 25896 24198
24922 24255 26888 22805
25132 22577 23549 26131
26102 23102 23977 24609
25042 23771 26789 23020
24929 23019 23611 26370
26008 23974 24609 23853
22720 24863 25766 24950
26162 23576 24145 23931
23928 24568 26347 23963
24120 24306 24460 24890
23078 24554 25618 24957
23040 25221 25826 24621
24522 22311 25351 25211
24942 21912 24785 25657
22900 25486 25713 24394
25205 23748 26204 23719
23330 24823 26127 24578
25425 22294 23651 26010
25326 22759 23357 26250
23617 25613 25472 24099
23161 23824 25592 25220
25468 22599 23232 25900
24617 22957 23529 26703
23425 24201 24252 25337
26090 22461 24048 25030
23171 24950 25912 24937
23978 25327 25600 23676
23214 24066 25471 25090
23331 24184 24435 25295
23584 25749 25432 23942
25819 24048 25518 23058
23843 25368 25684 23731
25346 22063 24767 25371
25967 24155 25276 22962
25717 23973 25867 22769
26202 23067 24244 24539
25779 23772 24992 24269
25876 22224 23729 25451
25686 24229 25813 22875
25612 22512 23430 25860
23286 24913 26174 24895
24578 22845 23617 26450
26145 23535 24645 23766
24537 21940 24474 26085
25642 22499 23361 25840
26163 23006 23735 24679
24175 23809 25782 24639
23524 25332 25267 24333
24768 21987 24171 26313
25168 22425 23764 26087
24111 24703 25884 23985
23954 23639 25507 24758
25484 24384 25116 23222
23360 24349 25864 24746
24611 23527 26576 23742
23385 25099 26504 24067
23096 25172 25839 24720
25663 22835 23535 25671
24810 22200 24939 25592
25573 22617 23534 25766
24376 22917 23692 26488
24186 24246 24275 24824
23320 25680 25245 24143
26080 22472 23603 24944
26141 24188 25420 22941
24629 24238 26969 22733
25586 22627 23259 25751
25475 22552 23271 25892
24711 22906 23657 26433
24594 23001 23524 26652
25239 22807 23221 25847
24605 22036 24530 26048
24192 23076 24321 26503
25914 24143 25375 23669
23462 25500 25486 24523
24473 24403 24659 24684
24752 24139 27018 23218
26297 23314 24099 24305
23306 24723 26228 24615
26244 23676 25220 23181
23905 25540 25531 23833
23116 25101 25385 24812
24053 23869 26063 24088
24409 23218 24693 25796
24543 22606 23208 26743
24295 23956 25332 24424
24045 24628 25192 24940
24783 24624 26331 23320
25602 22608 23346 25746
23539 25669 25653 23544
22880 25220 25524 24741
22977 25260 25889 24344
23059 24266 25471 25135
24671 21970 24884 25619
25291 23788 26250 22756
24928 22051 24855 25508
24825 25096 25876 22408
24271 23209 24331 26414
24469 24604 26754 22977
24823 21872 24881 25484
24571 24370 27221 23313
24505 22104 24539 25789
22808 25415 25732 24650
24723 22463 24198 26204
24978 22324 24410 25964
23917 23786 25346 24964
23140 24275 25597 24999
22950 23625 24910 25677
25533 24318 25724 22346
23997 23884 24306 25874
24389 24333 26994 23535
24441 24422 27042 22726
24965 22974 23865 26299
24382 22920 24044 26271
26184 23826 25183 22697
25102 23386 24385 25441
24443 23001 23576 26537
24092 23378 24058 26147
22837 24769 26496 24405
22982 25028 25753 24852
24589 23146 24443 25839
24880 24199 26985 22878
25585 22912 23847 25325
25429 23919 26167 22707
24081 25022 25556 23845
23324 25057 26568 24092
25754 22783 24297 25295
25273 22384 24155 25782
24008 25008 25830 23653
25900 22712 23577 25269
25289 23335 23706 25367
25200 22048 24184 25767
25240 22262 24937 25335
23872 25255 25654 23708
24410 22562 24622 26029
23486 24929 25989 24140
25452 24309 25762 22417
24814 23969 27240 23110
25738 23732 24650 24723
24216 22738 23835 26676
24680 23734 27124 23185
25706 22856 23665 25526
25994 23441 24958 24429
25077 22485 24787 25282
24662 23433 23971 25664
25887 23643 24722 24558
24214 23565 25408 24600
22841 25336 25368 24588
22963 25091 25805 24764
24527 22879 23632 26573
22793 25392 25743 24520
24168 22867 23778 26580
25124 22107 24740 25534
23789 25386 25368 23970
25658 22425 23427 25930
25066 23930 24161 25257
24674 22538 23388 26559
26196 23639 25072 23295
24160 25064 24998 24130
24911 23201 23457 26193
24793 23335 24146 25690
24316 23580 24844 25123
24773 22379 24472 26248
25506 22584 23270 25902
24688 22871 23693 26389
24914 23909 26289 23529
24496 23481 24694 25602
24850 21925 24833 25615
24720 22768 24358 26460
25004 22435 23824 26290
24741 24532 25597 23457
25076 24730 25962 22357
23885 25004 26283 23681
25357 23294 24558 25401
25057 24867 25921 22497
23979 23726 24828 25493
26038 23616 24627 23709
24819 23445 26492 23887
23775 24492 26795 24021
24453 24449 25286 24001
24276 22806 23927 26506
25583 22547 23457 26004
23022 23988 25965 25171
25538 23517 25450 24041
24804 23259 24597 25374
24228 22934 23907 26579
23410 24626 26395 24004
26236 23753 25405 23091
23250 22603 25609 25061
24599 23348 23925 25720
24044 22982 24554 26151
26407 23057 24302 24414
23095 25003 25254 25162
23418 24594 26703 24148
23276 24667 26775 24409
25253 22418 23890 25950
25411 24874 25133 22633
23185 25714 25519 24106
24349 22446 24901 25867
23154 24727 25427 25249
24186 25407 25087 23378
25028 22482 24284 25885
25972 22747 24039 24562
25961 23603 24553 24942
24573 24165 27013 23284
25751 23149 25179 23836
24954 23704 24780 25051
26472 23286 24251 24116
23584 24523 26851 23764
23574 23689 24122 25991
23724 25698 25427 23613
24895 24203 26824 23314
24858 22086 24838 25523
24702 22695 24650 25602
23941 24218 24328 25036
24106 24909 25149 24881
23702 25669 25164 23878
23740 25787 25153 23870
24224 23274 25329 24836
23922 23695 25519 24669
25403 22821 23903 25531
25549 23030 24427 25054
25058 23482 26467 23415
25457 24401 25340 23297
23253 24264 26863 23957
25259 24738 25658 22923
24356 22898 24009 26408
24678 24464 25032 23639
25222 22517 23629 26249
26358 23269 24127 24157
24496 23186 24400 26101
24461 24457 24997 24323
24510 23395 23999 25826
23508 23891 24839 25420
23849 23648 26058 24708
24500 24558 26879 23150
26130 23485 24888 23717
25942 23641 25574 23182
23626 25544 25330 24179
24867 23512 26686 23618
24696 22221 24368 26285
24951 24785 25685 22801
23370 25047 25104 24905
25051 23833 24370 24776
25034 24473 26110 23081
23571 24356 24907 25120
25870 22748 23598 25336
24511 22679 24174 26560
25618 22565 23515 25717
24736 22740 23810 26395
24562 23023 23516 26686
25180 22595 23648 26108
26357 23491 24626 22913
24584 22499 24950 25469
25685 23350 25317 24010
24549 22368 24773 25681
25089 23587 23395 25542
25986 24236 24944 23095
22819 25083 26068 24375
24764 24326 26872 23584
23939 23769 24483 25269
23003 25209 25444 24729
26098 22450 24070 25066
23946 25695 25084 23265
25391 23712 26030 23729
24805 23921 26382 23893
26490 23195 24098 24112
24245 24753 26598 23737
24579 22399 24864 25554
25031 22504 24051 26209
24704 24771 26069 22642
24524 22927 23552 26668
25548 22890 24315 25422
25374 23237 24486 25442
25787 24475 25581 22947
24352 24551 26906 23502
25524 23375 24948 25163
24014 25086 25590 23756
24755 22997 23771 26126
26044 23061 24485 24407
25119 23540 25440 23904
23203 24091 26867 23855
24344 24159 24820 24703
24565 22865 23494 26740
26190 23716 25297 23153
23300 25083 25705 24711
25212 22770 23521 25726
23497 24550 26702 23863
25648 23031 23638 25681
24960 24922 25715 22337
24546 22988 24369 26178
24592 24042 26995 23808
24961 22331 25231 25359
23803 22940 25177 25459
23449 24684 25735 24603
25491 23271 24221 25462
24221 24526 26928 23584
26409 23092 24085 24128
26375 23419 24182 23511
24369 24539 26743 23292
24173 24868 26640 23278
23445 25580 25616 24446
24755 22249 24528 25826
26340 23203 24093 24372
22986 25298 25719 24438
25540 23208 23881 25151
25178 22190 24202 26039
24874 22758 23655 26356
24118 24962 26778 23595
23540 24780 25953 24565
24919 21983 24806 25629
25621 23120 24672 24952
24813 23305 23960 25765
26347 23384 24225 23506
26465 23300 24121 24125
24508 24334 27188 23372
24712 22873 23996 26008
24959 24665 26606 22718
23367 24952 26114 24732
25088 23100 23253 26163
25358 22137 23889 25887
23791 25496 25537 23772
24822 23327 23898 25734
24085 24943 25132 24963
25205 22720 24044 25823
25146 24715 26515 22836
23631 23430 23742 26049
24370 24966 26019 23269
22954 25240 25770 24440
25763 24037 24934 24438
25437 23908 25566 23525
23488 23896 25533 24884
26003 22708 23782 25142
23378 25034 26015 24149
25394 24192 25984 22969
24875 24050 26436 23712
26375 23234 24089 24139
24283 23261 24656 25742
