10 0.962106
21271 20122 22169 22260
21237 21011 21748 22012
20943 20340 22319 22030
21171 21384 21733 21736
22124 21381 22493 20924
21901 21815 21824 20943
21583 20707 21172 22205
21321 20857 22197 21830
22611 20155 22009 21054
22414 21425 22544 20825
22224 21395 21680 21513
21967 21016 22011 21438
21814 21042 21918 21855
21776 20918 21468 22164
21774 21892 22203 21456
21718 20262 21746 21914
21651 21195 21911 21883
21583 21083 22357 21480
21256 20972 22037 21847
19831 20823 21551 22283
22193 20219 22170 21588
22132 21134 21999 21480
22092 20833 22637 21343
22072 21783 22045 20994
22047 21426 21661 22027
21971 19935 22315 21887
21954 21078 22547 21213
21899 20874 21445 22136
21879 21566 22337 21723
21845 21608 21560 21139
21829 21485 22662 21300
21822 21725 22061 20954
21654 20752 21743 21881
21616 21040 21727 22131
21578 21158 21501 22173
21569 19643 22401 21963
21458 21141 22675 21616
21445 21137 21726 22188
21393 21012 21052 22243
21076 20245 22469 21648
21072 21086 22072 22164
21013 20442 21361 22425
20983 20603 22465 21683
22803 20898 21639 20724
22695 20522 21704 21074
22582 21542 22216 21367
22522 21331 22476 21280
22483 20779 21688 21433
22454 21379 21703 21748
22354 20923 22148 21660
22124 21182 21935 21591
22050 20852 22226 21520
21943 20891 22347 21391
21865 21144 22160 21836
21857 20532 22362 21555
21612 20373 21955 22099
21427 20697 21878 21985
21318 21034 22020 21964
21305 20928 22272 21788
21089 20464 21112 22281
20981 21540 21674 21798
