410 147.033
22129 24908 22975 22029
24036 23002 24136 19963
23102 21531 25815 22429
25668 21364 23378 22843
22696 24218 20736 23770
24593 20273 24052 23732
22335 21746 21929 25101
20384 22810 23892 23310
22642 24026 20900 23890
23152 23914 21490 23463
23637 23668 21621 24077
23822 23203 24298 20356
23338 23872 21248 23578
24533 20336 23985 23831
22650 24074 20786 23879
22866 24016 21152 23850
24921 20380 24224 23513
22761 24019 21010 23986
22430 21834 22315 24972
22610 24102 21051 23803
22624 24041 21125 23623
25319 21332 23665 22836
25559 21321 23332 22976
25527 21389 23312 23079
23115 21382 25749 22245
23636 23386 24160 20779
24209 22812 24175 20416
21318 22499 23091 24212
25388 21926 23582 23096
20445 22858 23795 23318
25477 21348 23438 22864
24006 23432 23566 20040
23967 23112 24300 20284
23198 21689 25722 22349
22331 21962 22211 25044
24917 20449 24258 23436
21714 23960 22703 22875
25463 21569 23450 22947
25021 20482 24180 23503
24012 23011 24105 20021
22479 24157 21633 22863
23194 23776 21280 23713
23975 22858 24276 20157
21276 22125 23331 23851
22490 21871 22190 24850
21203 22580 23130 24253
25290 20823 24370 23083
21428 23935 22596 23190
23973 23095 24230 20226
23035 24019 21426 23768
22085 24803 23006 22206
22211 24866 22492 22148
23556 22743 24969 21314
22460 24826 22690 22033
20929 22957 23536 23456
21351 22944 24186 22784
22525 22025 22067 24702
20544 22888 23684 23234
25418 21242 23526 22969
21971 24265 22500 22692
21230 22251 23346 24050
23840 23440 21667 24153
23991 23010 24236 20103
25045 20657 24079 23475
24142 21257 23470 23937
24739 21418 24092 22257
22752 23797 22052 22924
20957 22947 23144 23924
23450 24055 23813 21133
24121 22710 24279 20454
22196 24853 23098 22169
24274 22554 23970 21391
22755 22366 21378 24487
23582 23614 21840 24329
22382 22063 22305 24890
24381 20932 25364 23206
21647 23576 22857 23258
22101 23990 22773 22697
20719 22490 23831 23443
22277 24598 23044 21911
23984 23095 24197 20133
23572 23762 21956 24140
23187 23893 21353 23963
22882 24012 21330 23837
20858 22660 24312 23064
24055 22966 24266 20062
23668 23347 24093 20716
23151 21703 25697 22239
22483 21587 21877 24958
22503 24555 22805 22001
23915 22772 24060 20537
24679 20891 24784 23165
22215 24747 22913 21949
20915 22376 23504 23789
23934 22611 24350 20635
22301 24769 23029 21762
24717 20976 24611 23433
22869 22196 25181 22558
25219 21034 24019 23224
24473 23040 23424 21286
24130 22697 24272 20496
21004 22619 23186 23783
25261 21195 23514 23263
24650 21079 24750 23535
23018 21664 25608 22478
24370 22747 23672 21110
22783 24430 23070 21810
22834 21408 25585 22495
21875 24287 22818 22618
23407 22565 24897 21514
21838 24411 22959 22285
21996 24444 22833 22384
24161 22819 24071 20266
23459 22664 25157 21188
25441 21292 23475 23023
20896 22771 24400 22941
23645 21104 25031 22376
23075 23901 21706 24092
22986 24010 21469 23896
23770 23259 24152 20843
23757 23252 23869 20986
22613 24125 21021 23741
25202 20858 24322 23349
23612 23492 21744 24302
22678 24135 22989 22108
24493 21166 24726 23523
22959 24230 23426 21878
23046 21906 21892 24510
23908 23120 24692 21562
24306 20738 24600 23705
24696 20868 24672 23500
21758 24075 22459 23337
24334 22836 23820 21086
22925 24028 21385 23687
22954 23714 22030 23041
23785 23197 21788 24061
22990 21554 25676 22363
22244 24783 23015 21930
25410 21203 23287 23084
25553 21396 23437 23037
22207 24642 23079 21899
24360 20569 24450 23739
23653 23278 24166 21002
24070 22755 23793 21222
22719 24034 20763 23822
22640 21993 22397 24746
23649 23418 22108 23959
22254 21963 22093 24924
22461 21713 21997 25073
21793 24058 22609 22731
22723 24185 22966 22225
24452 23319 23661 21535
24756 20948 24517 23354
24958 20546 24205 23599
21168 22741 23599 23515
23167 22345 24953 22399
23235 21371 25652 22233
23604 23558 22172 24074
21457 22159 23328 23675
24349 22471 23790 21467
23694 23302 23765 21037
22884 23593 23574 22086
23441 22333 24629 21621
22974 24081 23258 22068
23222 23467 21950 24223
23183 23862 21738 23998
24316 21299 24547 23288
21914 24376 23019 22195
23508 22670 25115 21204
24275 22859 23837 21169
23383 22424 24856 21709
23849 23315 23932 20815
22390 24712 22907 22016
23733 23046 21806 24162
23526 24032 23730 21359
21892 22805 23063 22469
23592 22757 24844 21381
22373 22169 22147 24662
24573 20843 24644 23562
23142 22059 25251 22118
21554 22633 23341 22932
24853 21497 23940 23004
23895 23164 24042 20434
20694 22876 24306 22893
23811 23321 21696 24037
20839 22873 24494 22833
23348 22254 25048 21784
21394 23016 23743 23212
23996 21450 24762 23556
22839 22224 25132 22321
21772 23767 22852 22790
23877 23170 24280 20238
24099 22440 24332 20859
23715 23266 24110 20921
24434 20804 24733 23626
22936 22109 25231 22220
22156 21681 23408 23664
21847 23729 22805 22811
24988 20846 24065 23380
21944 23843 22487 22781
23866 21275 24923 23310
21063 23062 23492 23433
21127 22391 23239 23809
21689 24178 22520 22973
23302 21822 22352 24262
23481 23334 22287 23860
24021 22728 23686 21304
21950 23746 22732 22986
23306 21836 25568 22163
24877 20618 24241 23495
21149 22602 23356 23795
23712 23664 21971 24210
22318 24611 23058 21806
24542 21150 24773 23505
21678 23506 22900 23411
25235 20960 24045 23231
20395 22995 23713 23262
23835 23332 23929 20691
21860 24353 22960 22311
20674 22722 23737 23364
22337 21931 25452 22455
23737 23354 24047 20885
24706 20644 23913 23741
22096 22179 22532 24351
23475 23684 21788 24148
23105 21687 25420 22506
24049 22478 24434 20484
23666 23621 23450 21427
22462 24687 22839 22054
21534 22829 23614 23053
22928 22153 25327 22405
22596 22233 22361 24500
22637 21864 22553 24431
23118 23829 21776 23865
22566 22325 22473 24579
23391 22546 24571 21583
22936 21770 25510 22434
20646 22957 23781 23084
23740 23201 24242 20787
24912 20520 24213 23394
21773 24330 22898 22455
21636 23551 22559 23294
25023 20529 24200 23488
24179 21373 24891 23298
23677 23224 24125 20904
22740 24365 23054 21981
22031 23733 22485 22763
24343 22764 23682 21070
22279 24575 22747 22168
22124 24304 22673 22592
20982 22927 23607 23240
22361 22024 22380 24677
22823 23633 23480 21849
21701 23626 22777 23271
20829 23020 23178 23983
20513 22764 23724 23485
23886 23314 23983 20955
23908 23214 23805 20600
22395 22071 21975 24831
22146 24095 21724 23041
23703 22657 24991 21018
21083 22296 23243 23838
23285 22795 22751 23926
21183 22646 23367 23760
24102 22590 24070 21645
23943 23137 23817 21048
22401 21982 22122 24770
24805 20757 24392 23726
21102 23110 23586 23393
23258 21883 23948 22712
21928 24398 22863 22361
24791 20717 23888 23734
22394 21843 21946 25053
24055 22497 24409 20575
22286 23406 22577 22584
25187 20731 24437 23158
21665 22599 23352 22907
22130 22312 22637 24112
22939 21807 25215 22527
22613 24737 23169 21748
22904 22247 25268 22274
23174 22397 24938 22294
22491 22172 22210 24647
22734 21853 22324 24543
22026 23234 22413 23072
22708 21895 22267 24608
24620 21309 24484 23404
20503 22988 23771 23227
20963 23077 23225 23905
22881 21937 22221 24631
24774 21004 24477 23162
24253 22571 23922 21237
22509 22006 22159 24608
22294 24431 22793 22417
23070 21262 21910 24462
23264 21509 24085 23894
23559 23904 23719 21408
23247 21441 24069 23971
22350 21933 25377 22682
20578 22922 23846 23129
22493 21809 22136 24955
23006 23952 21687 24011
22768 24496 22949 21725
22713 24389 22940 21924
22816 24253 23100 22057
22687 23695 23390 22422
21043 22687 24287 22898
23277 23528 21748 24397
20477 22980 23662 23275
23489 22645 25189 21497
22837 21979 21937 24566
23528 21601 25399 22512
20470 22998 23866 23248
24280 23343 23360 21677
23562 22608 25075 21253
23516 23219 24391 21437
24464 22007 23711 21841
21514 22408 23667 22993
23335 22038 25491 22427
23181 23400 24036 20971
24194 22458 24249 21891
22450 21956 21903 24899
25161 20875 24401 23128
22447 21803 22668 24279
23302 21657 25548 22291
23124 21668 25635 22423
21805 23459 22926 23272
21032 22680 24415 22889
23798 21284 24796 23369
23355 22024 25394 22441
22405 24648 22994 21792
22497 24621 22837 21868
22690 21784 22655 24372
23102 21727 25528 22591
23548 23128 24630 21371
21605 23778 22794 22969
22808 21643 24648 22662
22701 21730 22759 24382
20779 22786 24465 23111
24971 21060 24443 22945
23168 21607 25471 22499
24559 20815 24832 23603
20798 22899 23817 22887
25118 21671 23889 22741
22181 24541 22919 22189
22252 24483 22713 22453
24786 20915 24537 23429
23006 21629 25099 22611
23721 23048 22681 21957
24256 22106 22648 23102
22360 22260 22479 24237
23065 21622 25665 22366
23386 22048 22013 24188
24117 22863 23767 21277
22705 22208 25206 22342
21410 22936 23630 22992
24203 21233 24816 23372
22910 22230 25058 22134
22674 24072 21048 23736
23497 21781 25084 22080
25089 21487 23928 22683
20738 22843 23759 23217
21476 23649 22806 23412
20759 22779 24340 23177
22471 22448 21773 24404
24238 21276 23495 23885
21818 22920 22946 22579
23759 23523 21720 24039
22058 22349 23624 22821
21594 22630 23290 22923
23527 22418 24662 21593
22017 23473 22772 22716
22547 21940 22394 24757
24560 21018 24452 23651
23930 22643 24483 20714
23363 22434 25010 21685
23846 23223 24029 20653
20986 22994 23160 23809
22379 22287 22538 24169
23944 23151 23908 20920
23434 22520 24754 21695
22627 24383 22949 21827
22578 24321 22384 22540
23129 21170 22073 24599
23676 23372 23836 20566
23905 23248 23895 20876
22226 21757 23132 23378
21797 23944 22441 22708
22554 24082 20744 23860
22169 22300 22581 24193
22581 22083 22409 24338
24541 20846 24706 23590
21806 23786 22513 22727
24812 20600 24231 23670
24106 22537 24220 21754
22726 22244 21988 24747
22626 22147 22620 24285
21926 24311 23106 22363
22952 22186 25016 22338
25247 21465 23776 23113
22663 21774 22722 24446
22921 21661 22627 24318
24980 20700 24116 23606
22691 22155 22084 24692
24521 20944 24596 23614
23254 22396 24379 21733
20621 22835 23802 23121
22892 22296 22232 24458
25137 21001 24193 23201
24638 21020 24358 23549
24362 23070 23210 21567
22063 24585 22921 22313
22231 22178 22597 24121
25075 21212 24325 23060
22657 24359 22880 22044
22410 22068 21995 24911
24933 21489 24010 22565
22853 23480 22000 24228
22307 24726 23089 21851
21584 22527 23203 23183
24298 22553 24173 21662
24972 20460 24212 23542
22594 22201 21855 24797
22895 22093 21862 24521
23433 22019 25281 22384
23616 23126 21758 24231
24402 22102 23703 21957
24505 20882 24810 23568
21955 23213 22437 23169
23989 22584 24580 20665
22241 24664 22979 21975
23468 22183 24584 21602
24418 20602 24535 23712
24821 20764 24261 23588
23414 22047 25299 22490
23540 21933 22004 24267
22080 24509 22718 22518
21098 22320 23179 23813
23363 22398 24549 21712
25106 21113 24301 23061
22389 21897 25478 22643
24812 20793 24501 23399
24840 20993 24482 23542
22003 23289 22403 23138
24979 21081 24113 23142
23083 21729 25341 22492
22418 21912 22402 24813
22261 23305 22560 22600
23959 22832 23863 21462
22495 22278 21866 24617
22472 22283 21823 24592
20747 22946 23200 23973
22041 24536 22720 22572
23035 22268 25124 21766
22799 22312 25256 22093
24087 22647 23836 21290
22041 24699 22875 22240
24404 20937 24873 23685
22561 21947 22225 24782
22806 21653 22431 24529
22801 21791 25453 22536
22054 23243 22429 22973
24571 21050 24562 23566
23949 21223 24829 23369
24865 20779 24206 23465
22986 22134 25147 22279
22306 24468 22709 22083
25139 21177 24247 23077
22551 24292 22984 22122
22746 22128 21904 24553
21525 22694 23901 22315
20810 22906 23755 23090
24441 21139 24805 23575
22997 23774 21755 23905
23793 23166 24014 20832
23455 21924 24904 22073
22097 24344 22729 22608
23083 22136 22338 24393
23184 23880 21727 24041
25068 21319 24002 22872
21740 23872 22638 22980
24196 21324 23398 23947
23060 24005 21676 23949
22521 22168 22555 24414
25175 21011 24209 22991
21886 23691 22751 22777
25084 21183 24288 22981
22735 21982 25309 22666
23938 23019 23992 20552
23108 22305 24991 22480
23270 23829 21935 23638
23109 21469 25036 22590
24381 22016 23649 21961
24903 20672 24208 23684
22571 21914 22181 24807
22962 22061 25194 22157
24605 21131 24629 23420
24946 20710 23982 23618
23115 21617 25411 22517
23789 22848 22584 21705
