386 30.3525
30386 32735 30550
30654 32715 30644
30044 32724 30775
30266 31070 32269
30222 31056 32275
30213 30934 32388
30523 30975 32368
30148 31123 32257
30320 31260 32180
30292 31277 32157
30190 31284 32187
30501 32972 30520
30050 31186 32222
30363 31105 32219
30106 31054 32325
30087 30965 32374
30345 30992 32297
30672 32764 30384
30540 31005 32175
30528 32869 30514
30330 32733 30730
30313 32806 30567
30447 32822 30529
30414 32745 30546
30315 32786 30737
30798 32888 30368
30352 32717 30887
30681 32388 31481
30646 32792 30396
30553 32676 31038
30026 32057 31803
30614 32158 31577
30505 32071 31747
30011 32241 32040
30548 32166 31622
32241 31883 29796
30531 32273 31666
29895 32571 31861
29782 32538 31916
30155 32498 31801
29996 32330 31915
29580 32405 31938
29882 32577 31826
32156 32026 29792
29540 32428 31971
32347 32387 29342
29650 32179 32108
30190 32514 31398
30048 32534 31288
30006 32647 31545
32295 32471 29390
32098 32234 29775
32443 32262 29236
31941 32542 29615
32106 32120 29799
32419 32257 29429
32165 32552 29338
31976 32626 29566
32118 32594 29605
29699 32386 32066
31620 32566 30708
32141 32605 29428
32068 32712 29467
29748 32071 32063
32164 31943 29751
32549 32031 29381
31670 32609 30126
32167 32644 29297
31710 32615 30112
32118 32056 29760
31751 32519 30202
32111 31004 30890
31669 32279 30525
32513 32099 29447
32486 32131 29407
32423 32135 29450
29791 32051 32101
32456 32049 29616
32442 32103 29555
32285 32633 29259
32174 32888 29140
31817 32503 30157
32475 31926 29675
32400 32123 29493
32329 32451 29500
32578 32028 29593
32482 31891 29632
32186 32810 29228
32286 32745 29057
32448 32053 29644
32386 32343 29716
32277 32509 29370
31845 32602 30021
31420 31123 31639
32460 31937 29672
32284 32705 29209
32250 32498 29443
32257 32654 29240
32104 32807 29268
32090 32533 30118
31909 32459 30217
32260 32461 29500
31810 32623 30107
31802 32992 29246
32205 32765 29200
32023 32935 29338
31601 32686 30061
32293 32415 29742
31979 32450 30279
31949 33012 29200
31633 32648 29925
32159 32825 29244
31749 32603 30192
31589 32725 29938
31935 30813 32110
31553 32019 30950
31404 32721 29975
32313 32466 29458
32001 32953 29279
31907 32467 30348
32069 32409 30176
31563 31951 30961
31173 31594 32007
32213 32649 29289
31762 32811 29622
31361 30936 32188
31813 31897 30967
31405 31137 31863
32020 31434 31230
31688 30960 32005
31262 31653 31726
31218 31363 31893
31083 31620 31867
31034 31721 31775
31475 31822 31432
31063 31596 31901
32018 31534 31381
31913 31446 31486
31717 32628 30100
31673 30815 32287
31400 31831 31375
31057 32379 31276
32230 32817 28943
31832 31387 31489
31747 30922 32189
31278 32149 31270
32064 31617 31176
32032 32735 29483
31821 30800 32250
31636 31055 32059
31353 30909 32201
31345 31199 31754
31228 31424 31813
30747 31505 32139
31780 30956 32142
31773 30889 32271
31573 32628 30243
31434 30389 32386
30826 32150 31464
31997 31765 31346
31620 31106 32059
31551 30335 32363
31517 31829 31355
31412 30714 32379
30881 31994 31640
32100 31525 31102
31662 31045 32051
31578 30836 32276
31373 31871 31318
31340 30768 32372
31309 30411 32468
31885 32828 29507
31357 30396 32418
31250 32165 31336
31151 32301 31287
32106 32883 29214
32094 32890 29416
32050 31741 31161
31487 30787 32361
31449 32025 31189
31306 30485 32463
31277 31408 31792
31092 31624 31798
30883 32082 31493
31840 30988 31941
31819 30958 32088
31736 31887 31180
31665 32127 30699
31470 30456 32382
31278 30472 32512
31941 32747 29597
31725 32147 30511
31710 31085 31862
31544 30343 32459
31476 30293 32476
31475 30585 32380
31276 30456 32523
30764 32400 31229
31941 30860 31797
31824 30948 31952
31579 30109 32555
31556 31811 31301
31484 30303 32475
31456 30380 32388
31321 31897 31720
30936 31748 32034
30908 31990 31767
32070 31850 31143
31814 31873 31001
31792 31066 31809
31622 30026 32438
31545 32457 30953
31443 32207 31062
31372 31849 31635
31341 30823 32301
31314 30714 32446
30762 32366 31339
31757 30217 32292
31725 31918 31036
31684 32092 30558
31589 30243 32322
31323 30794 32416
31316 31910 31666
30742 31598 32084
31812 31743 31397
31710 30607 32275
31564 30135 32392
31555 30198 32389
31521 30391 32382
31384 31861 31484
31370 30616 32412
31332 30252 32498
30615 31585 32154
31664 30094 32424
31626 30115 32348
31623 32220 30904
31595 31880 31247
31581 32091 30944
31570 30210 32361
31515 32114 30956
31498 32066 31153
31299 32037 31607
30886 31512 32061
31504 30144 32460
31086 32108 31369
30854 32416 31158
30810 31794 31995
30769 32653 31220
31621 31708 31584
31614 30195 32357
31434 32117 31074
31408 32334 31153
31056 32316 31446
30974 31849 31901
30947 31762 31964
30714 32206 31493
