1376 134.628
17615 18444 16255
16609 17187 19185
17490 16429 18812
16544 19037 16643
18771 17061 16758
16073 18040 18406
18024 16555 18280
16152 18906 17181
17175 18825 16292
17204 18817 16311
16119 18440 17976
16583 18506 17694
16692 18804 17045
16190 18372 18056
16305 17678 18820
16454 18980 16664
18693 16688 17272
17806 16617 18456
16174 17585 18943
16922 17105 18920
18403 16675 17669
16323 18958 16898
17806 16596 18518
18638 16641 17355
16237 17877 18595
18111 18077 16453
18210 17635 16688
17006 17134 18873
16219 19002 17132
16096 18909 17189
16244 17265 19147
17815 16585 18502
16946 18914 16540
16681 17358 18907
17676 16775 18595
17594 18437 16331
16996 17768 18445
16506 17738 18600
16509 18613 17703
16493 18729 17468
16737 18787 17145
17643 18443 16264
17040 18529 17242
16463 18854 17132
18742 17024 16905
18132 18005 16505
17108 18888 16374
18302 16829 17902
16963 17896 18116
18052 17015 18050
17085 18071 18071
17924 17794 17402
17180 18291 17583
17989 18128 16533
16872 18340 17720
16410 17390 19093
17359 17620 18392
16860 18790 16604
17122 17207 18743
18241 17925 16392
18462 17170 17230
17822 16575 18528
17539 18494 16832
16638 18775 17201
17444 17566 18323
18756 17030 16861
18682 17155 16867
17343 18697 16545
16617 18674 17366
18513 16943 17426
18156 17966 16749
16766 16878 19076
17525 18550 16356
17424 18104 17569
16346 17242 19127
16301 17313 19142
17451 18479 16887
17810 17323 18129
16596 18989 16625
16103 18323 18090
16272 17701 18710
16577 19013 16642
17706 16624 18692
16799 18863 16616
18476 16768 17460
17853 18211 16791
17245 17392 18575
17210 17637 18313
18144 17130 17978
18659 17291 16585
18354 17463 17073
16822 18773 17001
17198 16947 19055
17859 17486 17846
17015 18564 17222
18107 18100 16417
17895 18357 16345
16876 16818 19153
16425 17311 19107
17818 17831 17380
16224 18117 18306
16555 18837 17022
18590 16786 17253
18723 17036 16827
16393 17779 18629
17169 17342 18645
17135 18234 17584
17054 17008 19040
16704 17456 18836
16966 16919 19060
18164 17822 16917
16568 18923 16778
17799 17362 17935
17416 18261 17474
16531 18885 17105
18304 16805 17873
17295 18523 17348
18322 16807 17804
18189 17989 16382
16382 18459 17890
17592 18382 16700
16698 16900 19164
17225 17067 18855
16474 18549 17809
18343 17138 17688
17532 17304 18457
18580 17472 16520
17393 16682 18756
18424 17475 16881
17079 17640 18530
18288 17538 17357
17847 17056 18276
17688 17184 18352
17396 18013 17794
18093 18063 16593
17089 16849 19063
17479 17525 18268
17157 17752 18400
16370 18934 17096
16891 17976 18096
16350 18218 18254
17404 18182 17572
18221 16971 17835
16333 17697 18666
16709 17336 18895
18538 16879 17289
16512 18930 17065
18101 17609 17349
17436 16831 18702
18611 16658 17526
18650 16964 16946
17351 17212 18541
18452 17565 16401
16612 17272 19037
18360 17503 16794
18029 18165 16494
18434 17114 17393
17076 18713 16993
16844 17414 18773
16942 17878 18366
16483 18749 17276
17485 17848 17667
16855 17885 18428
18066 16928 18184
17271 18469 17440
16675 18593 17444
17887 17469 17779
17281 16946 18933
17695 18403 16459
17941 16980 18123
16935 17380 18735
17523 16862 18621
18206 17956 16441
16495 18329 18013
18459 17084 17410
18073 17860 17009
17339 18120 17659
16780 17283 18800
17715 16759 18545
16763 17441 18728
18183 17917 16511
18429 17396 17174
16377 18645 17553
16866 18148 17972
18705 17197 16784
17729 17667 17820
18318 16806 17858
16628 18912 16715
17104 18190 17609
16537 18844 17208
18165 17952 16556
16593 18033 18171
18549 17533 16427
17774 16740 18495
18417 17498 16804
18193 17911 16472
16521 17689 18715
18262 16890 17946
17587 17511 18216
16209 18638 17590
16984 18567 17198
17247 16998 18859
16806 18657 17341
18669 16730 17195
17461 16715 18653
16907 18173 17789
16931 18252 17741
16867 18756 16958
18583 16651 17549
17935 17541 17599
18234 16856 17996
17654 18389 16636
17543 18046 17442
17098 18684 16771
16487 18352 18000
18215 16896 18140
18004 17950 16932
17767 16968 18491
16554 17369 19033
16728 18426 17735
16338 18875 17285
17357 18540 16786
17286 18571 17109
16746 16856 19138
16443 18447 17887
17547 16870 18564
16807 18689 17325
17311 18625 17037
17602 18362 17168
18486 16564 17708
16665 18343 17755
16880 18308 17766
18621 17417 16573
16562 18406 17965
16256 18876 17212
18099 17997 16589
18175 17000 17882
16789 18543 17439
17504 18646 16614
17545 17094 18422
18557 17447 16651
16392 18577 17756
18598 17167 16893
17146 17901 18040
16670 17405 18985
16834 18593 17269
18047 17221 17685
17373 17152 18593
18471 16754 17542
17220 17033 18988
16814 18348 17714
18394 17116 17482
17566 17049 18474
17872 18197 16860
18155 17491 17511
16727 16843 19171
16621 19006 16504
17072 18081 18027
16674 17592 18799
17837 18283 16627
17428 17569 18296
16374 18705 17520
17348 16856 18883
18089 17477 17536
16280 18134 18286
17994 17204 17990
16830 18763 16942
18709 17157 16466
17498 18059 17434
16547 17432 18972
16646 18892 17005
16887 17937 18191
18554 16702 17516
17162 17706 18380
16604 17408 19010
18266 17748 16400
18056 16885 18240
17598 17776 18041
17621 18107 17224
16716 18901 16851
17559 16669 18668
18045 17301 17624
18201 17662 16672
16935 18616 17155
17572 18018 17633
18526 16841 17451
17778 16700 18547
17514 18566 16403
17327 17088 18718
18458 17224 17089
16262 19028 17113
17550 16668 18681
16289 17754 18630
17790 16626 18378
18369 17390 17261
17279 17810 18232
16654 17380 19019
18493 17444 16736
17362 17649 18252
17294 17890 18089
16685 18719 17329
18496 17074 17433
18634 16858 17142
17740 17574 18136
17259 18139 17667
18488 17429 16815
18169 17509 17507
16812 18682 17249
16888 18272 17917
17650 18266 17035
17929 18025 16966
16254 17497 19001
16403 17765 18520
16860 18969 16446
16889 18274 17774
18219 17907 16479
18382 17486 17017
18373 17100 17612
17256 16951 18981
17093 18413 17501
18500 16748 17491
17202 16992 18996
17659 18244 17008
17634 17808 17814
17031 17549 18548
18100 17560 17420
16899 17656 18494
17338 18226 17493
18594 17108 17121
17472 17352 18431
18468 16647 17644
16205 17722 18715
16753 16892 19078
17412 18455 16925
18311 16975 17811
17455 18668 16629
17464 18153 17488
17979 18089 16850
17264 16922 19030
17241 16974 18992
18482 17493 16512
16752 16865 19113
17342 18722 16726
17821 17329 17936
18073 17282 17649
16541 18434 17925
16915 17929 18156
17793 17660 18084
16418 17711 18612
18382 17580 16766
18574 16666 17578
17635 18395 16648
17982 16916 18198
18544 16959 17197
17058 18365 17708
16485 18202 18108
16724 18231 18019
16185 18947 17171
18060 17852 17300
17300 17157 18784
17321 18317 17438
16364 18952 17025
16363 18269 18206
17692 16816 18513
18549 17257 16975
17723 18301 16832
17033 17235 18765
16733 18551 17400
16434 18159 18135
16551 18943 16667
17274 18582 17138
17480 17761 18209
18729 17030 16901
17043 18091 18074
18279 16909 17865
16178 18861 17316
16445 17423 19046
17783 18034 17282
18717 17057 16910
16285 17436 19024
17038 18741 17081
16845 17154 18952
17297 16913 18966
18566 17216 16741
16580 17575 18889
16879 17802 18479
17495 17333 18386
17747 17948 17296
16930 18585 17172
17969 17800 17306
16429 18405 18012
17318 16938 18960
17611 17229 18342
17022 17535 18594
18269 17063 17746
17945 17720 17389
17788 17058 18333
17972 18006 16909
17456 18635 16721
16782 18623 17385
16861 17195 18796
16525 17671 18551
18034 17519 17481
17510 18662 16567
18296 16909 17830
16649 18027 18150
18676 16723 17351
17431 18313 17373
18386 17044 17786
18552 16839 17315
16872 17155 18840
17921 17824 17761
18032 17930 16955
17832 18084 17053
18339 17729 16376
17563 17685 18078
17902 18112 16940
17701 17186 18338
18038 17988 16797
16433 17941 18444
16336 18038 18372
18257 16873 17959
16401 18486 17875
17314 18558 17140
18570 17125 17111
17962 18242 16485
17229 17179 18680
18240 17250 17638
18331 17296 17447
17510 18092 17395
18018 16904 18192
17868 18133 16892
16755 16846 19109
16179 18745 17340
18010 17294 17711
17379 17682 18227
16378 18938 17083
17316 17144 18792
17610 18380 16978
17407 18429 17071
17377 17859 18106
17641 18192 17116
16500 18115 18243
16265 17709 18816
16695 17071 19051
17645 17654 18100
18459 17557 16610
18504 17478 16446
17745 17529 18164
17791 18376 16809
16918 18160 17824
16626 18108 18038
17328 16817 18950
16719 17446 18805
18080 17982 16620
17118 17584 18476
18251 17903 16413
17876 17239 17924
17862 18237 16648
17962 17668 17450
18737 16719 17160
18372 17160 17375
18273 16932 17816
17391 17430 18466
17619 18222 17061
18249 17614 17301
17644 18293 16843
17757 17913 17588
17948 17247 17830
17914 18059 16929
17400 17110 18660
16987 17445 18658
17230 17040 18876
17904 17046 18175
18582 16726 17334
16451 17904 18299
18385 17727 16346
16830 17551 18612
17250 17182 18676
18547 17454 16580
17539 17113 18434
16602 18899 17008
17690 16784 18555
17579 17383 18379
17366 17614 18282
18668 16766 17288
17920 16952 18257
17065 18421 17499
18608 17001 17055
16563 18418 17736
18623 17414 16619
17934 17948 16984
18523 16702 17597
17833 17882 17266
18277 17588 17162
17065 17202 18787
16259 18164 18260
18616 17028 16922
17571 16722 18639
16569 18062 18225
