259 100.311
33609 32474 32014
32812 33596 31707
32822 33586 31598
33578 32574 32501
33444 32515 32727
33065 33324 31876
33094 33289 32055
33597 32577 31717
32976 33365 32434
32944 33353 32463
32867 33413 32421
33370 32818 32800
32737 33729 32217
32832 33481 32380
32740 33636 32052
32721 33720 32281
33577 32982 32660
32890 33380 32375
32833 33383 32522
32749 33622 32050
32747 33544 32215
33488 33022 32610
32851 32363 33308
32765 33532 32416
33346 32893 32798
33340 33194 32657
33163 33407 31671
32980 33301 32649
32799 33559 32163
32698 33611 32393
32208 34321 31459
33457 31903 32944
33447 32240 32775
33440 33038 32521
33430 32861 32772
33419 33113 32559
33404 33169 32454
33398 32898 32667
33394 33018 32790
33328 33280 32553
33103 33581 31773
32865 33503 31856
32859 33509 32049
33481 32768 32685
33441 32758 32745
33002 33560 31811
32877 33322 32665
32174 34216 31587
32052 34196 31898
33482 32755 32667
33199 33321 31708
32729 33752 30986
32699 33744 32274
32382 33934 31823
32147 34207 31841
32113 34145 31916
33451 32095 32978
33406 31870 33127
33353 33197 32520
33277 32952 32899
33261 33256 32570
33193 33076 32780
33172 33331 31543
32664 33829 31002
32158 34007 31745
32152 34224 31566
33480 33164 32477
33446 33240 32282
33333 32923 32965
32539 32285 33497
32135 34150 31860
32043 34267 31861
33578 32655 31650
33296 32936 32842
33159 33067 32839
33140 32966 32951
33090 32978 32864
32863 32098 33326
32827 33356 32651
32771 32309 33389
32728 33780 31492
32330 33854 31908
32056 34226 31826
32048 34276 31699
33357 33035 32677
32786 32351 33366
32501 32299 33406
32421 33927 31539
32294 34145 31611
32261 34224 31371
33239 32934 32954
33082 32992 32883
33079 33183 32714
32664 33627 32551
32395 34031 31530
32346 33849 31832
32344 34177 31539
32282 34217 31550
32279 33955 31896
32165 34171 31599
33365 33213 32512
33274 32795 33095
32703 33480 32426
32692 33547 32409
32463 33898 31549
32413 33968 31519
32183 33746 32401
32035 33941 32003
31997 34104 31996
33250 31812 33144
32868 32243 33311
32624 32437 33301
32523 33948 31374
32371 33488 32828
32269 33694 32396
32221 32212 33601
33327 32675 33128
32619 32258 33425
32561 33902 31273
32526 33776 31764
32457 34066 31512
32449 32416 33388
32406 33904 31565
32239 34111 31664
32227 34313 31318
32175 33717 32428
32031 33914 32015
31977 34115 31921
33316 32729 33128
32734 32177 33453
32641 33836 31537
32489 32373 33358
32428 32337 33470
32398 33833 31578
32368 33556 32654
32271 33287 33060
32258 32386 33452
32256 33174 33124
32175 34238 31491
31840 33903 32103
33371 32547 32965
32852 31975 33341
32625 32208 33575
32532 32580 33331
32379 33019 33162
32057 33809 32009
31984 33847 32062
31627 33900 32188
33628 32216 31777
32596 32316 33384
32469 32319 33449
32075 33861 32001
32016 33836 32224
31944 33872 32080
33357 32680 32842
33278 32967 32793
33212 32781 33174
33211 33061 32760
32576 33414 32725
32422 33060 33115
32292 33608 32687
32255 33644 32746
33305 32846 32994
33278 32891 33000
33095 33286 31862
32567 32213 33486
32542 33079 33060
32479 32333 33382
32442 32936 33071
32307 33127 33134
32213 31818 33612
31458 33827 32334
33638 32305 31744
33615 32152 31904
32795 33722 31086
32395 34093 31512
32374 33943 31537
32234 31903 33577
32195 31824 33749
32160 33829 31920
32089 31789 33794
32054 31895 33736
31625 34017 32149
31565 34013 32303
33668 32346 31644
33613 32340 31660
33203 32813 33059
33056 32662 33186
32781 33398 32825
32526 33890 31400
32446 33469 32888
32390 33570 32647
32372 31763 33712
32230 31811 33668
32089 31856 33791
32066 33797 32269
31679 33846 32133
33004 32677 33203
32839 33635 31150
32785 32106 33396
32396 34075 31427
32373 33653 32514
32242 31798 33602
32147 32036 33674
32070 31789 33809
31590 33945 32230
33082 32400 33222
33078 33151 33021
33075 32845 33160
33052 32237 33224
33005 32649 33191
32724 32138 33552
32420 33417 33045
32414 31706 33769
32366 32438 33443
32362 33680 32591
32323 33487 32931
32303 33456 33017
32182 33974 31719
32171 33694 32433
32170 33773 32487
33116 32896 33031
33106 33415 30814
33094 32910 33048
33057 32920 33144
33010 32533 33286
32884 33177 32819
32821 32699 33260
32605 33398 32906
32555 33438 33018
32230 31818 33598
32178 31958 33703
32042 31921 33726
31664 33920 32157
33134 32870 33047
33109 33597 30735
32970 33686 31138
32961 32567 33250
32846 32116 33368
32833 32227 33333
32823 32186 33367
32791 33377 33049
32782 32870 33173
32531 33517 32755
32270 33692 32420
