255 5.69492
8618 8724 7846
8678 8674 7831
8497 8827 7825
8614 8732 7812
8630 8695 7908
8477 8881 7805
8611 8734 7864
8435 8864 7877
8441 8855 7865
8424 8886 7847
8395 8902 7848
7954 9203 7779
8425 8876 7901
8001 9227 7680
8479 8844 7884
8444 8858 7810
8423 8840 7947
7978 9202 7729
8056 9188 7720
8029 9187 7817
8032 9223 7658
7982 9237 7690
8263 8718 8379
7818 9233 7947
8163 8791 8418
8340 8688 8237
8930 8271 8221
8336 8731 8313
7939 9228 7791
7828 9329 7881
8682 8635 8063
7732 9318 7899
8693 8567 8033
7936 9275 7832
8958 8499 8085
8924 8281 8211
8553 8675 8088
8357 8647 8339
8171 9159 7926
9000 8447 8102
8053 8793 8542
8155 9144 7968
7991 8806 8519
7903 9298 7825
7769 9272 7923
8135 8890 8388
8127 9178 7873
7971 8678 8577
7944 9320 7787
8154 8820 8479
8830 8464 8140
8170 8795 8416
8043 8843 8497
8191 8799 8394
8103 8851 8453
8101 8773 8548
8086 9102 7990
7942 9354 7679
7908 9268 7842
8882 8424 8249
8137 8844 8429
7925 9413 7802
7936 9184 8007
7920 9311 7824
8997 8417 8169
8304 8643 8524
7835 9227 7912
8863 8450 8165
8432 8572 8343
8095 8783 8497
8003 8626 8626
7782 9240 7917
8494 8483 8425
8447 8641 8235
8395 8655 8264
8364 8624 8427
8123 8825 8487
8002 8721 8553
7978 8784 8546
7750 9347 7894
7736 9300 7947
8481 8600 8289
8413 8623 8284
8325 8658 8483
7835 9312 7883
7772 9262 7902
8500 8617 8242
8440 8532 8348
8366 8615 8401
8204 9090 8035
7873 9372 7842
8488 8581 8324
8423 8589 8480
8309 8676 8492
8100 8668 8563
8089 9095 8062
7882 9223 8001
8811 8390 8254
8502 8553 8326
8429 8620 8370
7953 9210 7924
7872 9288 7869
7840 9301 7900
7646 9135 8225
8847 8306 8316
8722 8359 8335
8363 8667 8295
8227 8768 8372
7743 9250 7937
8754 8330 8350
8722 8401 8333
8389 8533 8501
8279 8715 8471
8184 8727 8467
7988 8668 8617
8864 8352 8274
8399 8597 8449
8351 8586 8507
8307 8669 8505
8264 8769 8334
8342 8608 8523
7977 8640 8626
8379 8642 8364
8362 8601 8466
8175 8781 8496
8151 8718 8554
7962 8710 8555
8808 8312 8278
8799 8318 8319
8737 8559 8271
8351 8609 8472
8329 8713 8470
8801 8293 8331
8031 8641 8615
8748 8353 8342
8475 8705 8203
8042 9163 8021
8674 8323 8387
8365 8637 8416
8342 8653 8493
8133 8622 8608
8766 8405 8256
8440 8808 8162
8058 9116 8087
8009 9132 8069
7993 9146 8033
7943 8606 8639
8879 8356 8255
8804 8353 8297
8785 8339 8322
8680 8340 8381
8808 8442 8195
8306 8753 8211
8044 9135 8051
7683 9182 8172
9056 8257 8185
7967 8542 8694
7812 9131 8245
9140 8231 8134
9079 8319 8146
8341 8670 8430
8305 8753 8229
8044 9142 8030
8786 8481 8093
8727 8304 8375
8606 8267 8399
8337 8671 8394
8301 8747 8235
7861 9055 8266
8745 8251 8362
7880 9010 8270
9055 8355 8057
8772 8292 8350
8708 8395 8361
8384 8823 8079
8018 9036 8265
7943 8892 8351
8244 9028 8153
8060 8677 8594
7979 8541 8706
7690 9179 8188
9152 8289 8021
8667 8429 8356
8357 8825 8136
8887 8420 8130
8721 8263 8409
8654 8432 8381
8642 8264 8399
8176 8998 8184
8133 9071 8051
7926 8684 8572
9089 8232 8085
8661 8423 8369
8661 8420 8398
8166 8917 8215
8020 8604 8690
7998 9190 7997
9029 8375 8081
8915 8311 8187
8737 8368 8326
8002 9114 8118
7936 9132 8138
8625 8207 8416
8622 8458 8381
9165 8245 7978
8885 8287 8209
8702 8524 8293
8472 8515 8397
8286 8912 8191
8065 8591 8666
7933 9206 8040
7831 8953 8305
8715 8385 8354
8693 8419 8379
8651 8557 8315
8650 8444 8371
8609 8471 8357
8067 9124 8053
7659 9206 8179
8705 8442 8346
8689 8494 8324
8601 8356 8404
7964 9178 8136
7508 9270 8106
8519 8531 8366
8195 8594 8584
8048 9136 8001
7800 8968 8440
7683 9233 8044
7609 9264 8128
9141 8245 8048
9108 8340 8075
8392 8930 8063
8250 8928 8185
8205 9091 8011
8554 8492 8408
8344 9021 8119
8296 8984 8123
8109 8553 8656
7827 8980 8328
9084 8352 8145
8596 8477 8382
8063 9113 8066
7807 8922 8342
8799 8479 8250
8758 8476 8299
8724 8432 8318
8409 8843 7991
8264 8910 8241
8987 8455 7976
8235 8935 8193
8208 9000 8170
8098 8524 8674
8069 8523 8701
8934 8298 8179
8094 8561 8660
9091 8435 8026
8693 8467 8329
8566 8826 7939
8324 8886 8147
8234 8986 8209
8224 8520 8627
8211 9052 8129
7904 8901 8326
7482 9233 8131
9183 8222 7923
8356 8980 8144
8336 8832 8197
8317 8906 8179
8206 8519 8646
9025 8377 8062
8226 8419 8570
8718 8531 8286
8568 8546 8320
8455 8541 8344
8317 8935 8162
8202 8771 8294
8739 8513 8242
8633 8496 8343
8593 8403 8430
8561 8623 8180
8137 9060 8046
7539 9275 7999
9149 8326 8029
8765 8447 8305
8622 8558 8280
8251 8953 8165
7476 9278 8015
8749 8487 8187
8686 8510 8334
8640 8716 7883
8154 8527 8618
7892 9084 8214
7858 8926 8297
8805 8460 8165
8637 8457 8376
8596 8705 7898
7480 9273 8009
8949 8522 7978
8593 8778 8031
8297 8835 8232
8225 8475 8538
8175 8650 8541
8171 8549 8616
8080 8650 8608
8616 8573 8311
8596 8495 8379
8266 8823 8259
8236 8548 8532
8192 8788 8295
8160 8612 8558
8589 8412 8409
8241 8841 8247
8205 8789 8275
8163 8574 8615
8027 9112 8119
7902 8999 8270
8809 8376 8275
8672 8647 7850
8619 8429 8395
8506 8823 7948
8195 8644 8528
8048 9106 8205
8645 8668 8097
8598 8358 8430
8546 8742 8127
8469 8742 8185
8301 8870 8185
