456 28.6272
8039 7257 8170 8210
8490 8793 8001 6646
8381 8045 7406 8075
7894 9156 7839 6868
9116 7950 8033 7326
8061 7362 9027 7097
7654 8622 8258 7559
7791 7430 7574 8325
8010 7324 8201 8175
7775 8966 7446 7422
8107 7573 7614 8282
8153 9001 7748 6725
8362 8898 7796 6784
7675 8768 8151 7354
7716 8532 7847 7875
8480 8753 7918 6821
8112 9111 7885 6904
8075 7487 8191 8183
8164 7522 7989 8274
8208 7764 9002 7359
7756 7746 8287 8060
8107 7389 8349 8121
8538 8732 7661 6688
8212 8961 7862 6660
8194 7589 8016 8261
8241 7818 8889 7473
8027 9132 7940 6877
8016 7559 7949 8279
8067 7964 7420 8211
8134 7625 8183 8149
8161 7869 8924 7445
8670 7533 8666 7144
9085 7866 7693 7339
7928 9077 7833 6959
8481 8695 8133 6705
8314 8955 7890 6788
7997 7781 7503 8236
7858 8948 7597 7326
8129 7801 8978 7416
7958 9124 7774 7003
8272 7737 8955 7300
8165 7715 7480 8197
7889 8244 7514 8108
8141 9023 8048 7034
8101 7357 8323 8133
8151 8866 8325 6921
8327 7920 8948 7443
8096 7733 7678 8256
8045 7764 7471 8233
8068 7456 8320 8100
7951 8517 7561 7984
8674 7381 8624 7263
7805 8880 7684 7551
8141 7680 8927 7484
8051 9043 7952 7170
8142 7798 7532 8215
7737 8582 7534 7890
7846 8539 7585 7990
8485 8278 8288 7768
8056 9004 7853 7087
8124 8542 7543 7854
7865 8647 7969 7789
8270 7704 7988 8142
8658 7787 8752 7046
7907 9076 7997 6995
8794 7735 8600 7271
7961 8292 8737 6887
8118 8012 7566 8209
8357 7822 8878 7318
8432 8034 8835 7400
8610 8707 7897 6840
7878 8725 7791 7763
8025 8682 7764 7823
8222 7586 8148 8208
7817 7878 8358 8007
8507 7971 8478 7912
8844 8198 8430 7195
8176 8121 7698 8101
8000 8149 8781 7139
8168 7851 8973 7426
8331 7687 8374 8072
8652 8024 8627 7705
8725 8464 8501 7309
7734 8161 7490 8168
8936 8164 8301 7357
8197 8833 8183 6982
8958 8182 8136 7413
8208 8891 8162 6843
8849 8027 8496 7155
7984 8719 7902 7655
8383 7657 8018 8065
8514 7946 8706 7884
8757 8338 8401 7134
8182 7990 8156 8117
7729 8650 7957 7729
7976 7454 8314 8176
8707 8624 8063 7085
7980 8937 8169 7038
8917 8189 8348 7520
8741 7826 8544 7299
8524 8708 7606 7079
8167 8993 8153 7231
7815 8497 7575 8058
8245 8524 7728 7925
7778 8408 7641 7992
8017 8841 7809 7442
8715 7786 8664 7257
9014 7981 7817 7455
9040 7999 8120 7074
8406 8102 8773 7577
8820 8327 8244 7201
7831 8888 7534 7460
8568 8599 8220 7055
8388 8842 7867 6969
8308 7669 8850 7600
9070 7941 8049 7016
7853 8648 7702 7831
8896 8280 8252 7050
8299 8093 8744 7590
9076 7966 7854 7221
8099 9067 8215 7021
8748 7880 8520 7241
7835 9052 7788 7208
8415 8266 8094 7872
7976 8911 7747 7344
8829 8169 8230 7540
8371 8722 8192 7248
8148 7816 8168 8110
8185 8549 7910 7783
8809 8460 8101 7219
8379 7638 8273 8004
8735 7933 8524 7367
8336 7734 8865 7458
7995 9068 8048 7009
8664 8003 8680 7283
8605 8426 8377 7390
8239 8380 8580 7386
8536 7684 8122 7997
8675 8522 8332 7187
7967 8472 8590 7065
8112 7908 7713 8221
8594 8371 8471 7454
8999 7776 7839 7481
8693 8488 8370 7504
7884 8930 7779 7293
8540 7876 8758 7307
9009 8077 8227 7365
7964 8976 7916 7289
8039 8230 7624 8126
8545 8532 8208 7119
8490 7789 8823 7637
8086 9054 8114 7048
9047 7998 8114 7375
8411 8058 8506 7881
7925 8322 7709 8061
8030 8116 7768 8183
7915 8910 7540 7392
8188 8962 7821 7012
8352 8813 8269 7111
8566 8141 8552 7848
8445 8828 7882 6970
8193 8253 7660 8085
8810 8384 8307 7179
8282 8328 8734 7408
9061 7831 7842 7350
7972 8630 7831 7815
8804 8174 8412 7204
8270 8133 7957 8070
7881 9046 7772 7062
8364 8237 8523 7699
8973 8151 8206 7278
8840 8001 8433 7503
7986 8782 7767 7674
8869 8203 8218 7465
8814 8308 8304 7116
8968 8151 8234 7366
8473 8282 8675 7488
8626 7812 8713 7217
9066 7870 7801 7339
8155 8999 8030 6964
8322 8393 7925 7954
8724 7886 8518 7606
8442 8050 8796 7881
8949 7806 8414 7278
8858 8187 8062 7529
8629 8054 8255 7857
8250 8821 8164 7210
8344 8058 8815 7622
8638 7866 8608 7751
8904 7984 8417 7423
8545 8216 8448 7754
7899 8643 7944 7821
8373 8406 8200 7810
9031 8166 8182 7328
9049 7976 8222 7187
7944 8355 7901 8009
8992 7843 8284 7381
7942 7877 7672 8259
8600 7761 8384 7921
8279 8924 8032 7010
8037 8775 8277 7205
8314 8908 7929 6957
7777 8534 8566 7161
7933 8903 7633 7361
8614 8557 8132 7028
8561 8585 8151 7068
8521 7863 8633 7711
8184 8864 8142 7284
8482 8823 7795 6894
8064 8887 7736 7289
8394 8653 8056 7323
8166 7649 8042 8181
8529 8693 8312 7174
8061 8397 7885 7955
7978 8642 7798 7758
8288 8190 7741 8031
8072 8702 7844 7649
8307 8062 7502 8146
8528 8037 8767 7557
8080 8790 7788 7550
9026 8113 8211 7407
8169 8806 8039 7330
8160 7899 8002 8160
8104 8779 8072 7346
8041 8728 7756 7662
8294 8527 7986 7796
8495 8607 8409 7493
8662 7906 8492 7786
7951 8510 8196 7775
8185 8846 8114 7150
8257 8451 7731 7965
7968 8711 7769 7761
8773 8339 8365 7418
8252 7943 8888 7430
8204 8390 7722 8024
8777 8058 8517 7447
8584 8417 8394 7435
8513 7956 8481 7929
8091 8876 7931 7371
8127 8977 8026 7275
7961 8658 7823 7686
8047 8858 8160 7154
8498 8079 8613 7836
8981 8194 8106 7383
7849 8360 7601 8074
8400 8041 7475 7995
8680 7837 8537 7664
8759 7956 8655 7033
8354 8736 7999 6943
8311 8933 7953 6939
8459 8783 7792 6949
8942 8111 8111 7517
8439 7878 8698 7945
8471 8748 8116 6931
8884 7777 8439 7276
8058 9128 7899 6893
8463 8297 8323 7802
8465 8143 8683 7325
8552 8275 7892 7781
8132 8168 7633 8139
8718 8267 8426 7722
8275 8590 8074 7533
8203 8565 8444 7333
8621 8163 8573 7345
7920 8553 7740 7881
8043 8476 8489 7529
8103 8412 7797 7964
7996 7723 8039 8231
9020 8117 8208 7333
8932 8020 8179 7420
8555 7912 8746 7681
8603 7818 8717 7163
7834 8448 8690 7090
8763 8234 8363 7470
7881 8255 7643 8095
8114 8762 8021 7497
8766 8174 8129 7612
8017 7902 8824 7643
8397 8402 8034 7897
8089 7358 8238 8166
7923 8687 8211 7479
8038 8344 7587 8089
8509 8874 7889 6860
8423 7769 8808 7821
8752 7857 8540 7318
8445 8879 7900 6859
8236 8853 7875 7018
8644 7966 8385 7831
8518 7948 8803 7627
8596 8507 8353 7426
8910 8110 8336 7595
8401 8829 7803 6929
8284 8613 7731 7675
8301 8375 8641 7546
8577 7914 8436 7807
8275 8513 8067 7742
8280 8362 8047 7903
8093 8688 7814 7594
8907 7944 8104 7692
8256 7734 8871 7678
8218 8619 8139 7699
8427 8341 7880 7907
8446 8066 8809 7562
8230 8652 7991 7608
8397 8369 8644 7238
8739 8012 8456 7619
7902 8783 7691 7762
8051 8450 7805 7978
8607 8679 7975 6993
8195 8196 8668 7582
8864 8052 8383 7568
8220 8201 7981 8011
8685 7729 8012 7851
7937 8693 8457 6995
8345 8103 7720 7933
8452 8437 8466 7570
8227 8089 8087 8137
8402 7849 8855 7499
8211 8739 8329 7356
8329 8259 7639 8025
8254 8632 7947 7716
8477 8051 8725 7552
8234 8267 7622 7995
7913 8879 7682 7626
8650 8542 8194 7273
8321 8331 8554 7509
8297 8178 7657 8087
8501 8209 8621 7648
7832 8795 8394 6987
8127 8678 8082 7604
8420 8594 8174 7529
8995 7904 8262 7291
8944 8081 8361 7378
9084 7953 8041 7235
8781 8303 8278 7438
8395 7632 8177 8018
8532 8428 8243 7666
8585 8063 8699 7488
8443 8029 8043 7917
8248 7982 7860 8157
8241 8568 7754 7738
8213 8491 8340 7734
8881 8357 8226 7313
8876 8272 8337 7038
8878 7728 8588 7144
8219 8017 7696 8193
8579 8707 7973 7105
8348 7800 8840 7534
8543 7924 8582 7855
8806 8286 8341 7155
7952 8955 8226 7183
9038 7877 8197 7234
8890 8199 8216 7398
8787 8283 8277 7514
8309 8121 7648 8091
8604 8082 8599 7556
8135 8138 7967 8173
8558 8148 8635 7617
8716 8270 8403 7554
8334 8578 8434 7259
8756 8061 8529 7227
7890 8445 7824 7973
8299 7955 8265 8039
8527 7837 8315 7944
8378 8851 7954 6946
9073 7811 7762 7354
8215 8470 8399 7628
8370 7948 8104 8049
8350 8332 7948 7902
8342 8448 8420 7469
8827 8305 8221 7358
8268 8433 8366 7591
8066 8784 7877 7565
8302 8252 8557 7574
8315 8157 8779 7432
8575 7865 8563 7808
8840 8221 8321 7080
8929 8194 8252 7304
8437 8312 7976 7726
8431 8800 7969 6872
8618 8047 8652 7480
8274 8076 8009 8053
8334 8871 8082 6932
8002 8572 7665 7855
8421 8022 7490 7997
9057 7748 8245 7370
8389 8673 8019 7185
8618 8554 8090 7024
8571 8503 8033 7547
8259 8482 8318 7626
8610 8607 7894 7136
7975 8506 7667 7938
8047 8415 7856 7937
8163 7641 8131 8149
8179 8768 7954 7553
8137 7849 7979 8192
8667 8545 8134 7236
8955 7926 8335 7321
8360 8765 7964 6984
8434 8368 7998 7756
8078 8387 7782 8022
8317 8603 8022 7667
8548 8197 8660 7524
8580 8106 8620 7295
8790 8070 8384 7613
8592 7896 8285 7892
8688 8169 8453 7800
8470 7901 8777 7676
8172 8668 8060 7550
8361 7842 8482 8016
8078 8700 7834 7652
8626 7961 8514 7731
8347 8441 8386 7523
8698 8144 8538 7369
8925 8176 8246 7356
8126 8583 8530 7263
8634 8430 8243 7528
8158 8248 7752 8035
8792 8231 8462 7365
8279 7903 8859 7563
8325 8560 7937 7558
8424 7725 8127 8022
8816 7793 8500 7183
7931 8137 7773 8178
8454 7964 8639 7863
8267 8665 8147 7489
8638 7891 8508 7716
8138 7784 8117 8134
8415 8171 8388 7893
8464 7853 8846 7497
8682 8314 8371 7577
8254 7857 8849 7636
8978 8184 8130 7305
8113 8800 7849 7377
8298 8206 7668 8045
8381 7930 8553 7888
8111 7756 7898 8216
8520 8022 8798 7499
8303 7808 8389 8028
8496 7875 8724 7714
7896 8882 7664 7567
8013 8884 8224 6957
8456 8300 8218 7845
8226 7749 8382 8036
8894 8038 8398 7483
8509 8046 8279 7863
8005 8673 8140 7667
8557 7792 8719 7329
8292 8154 8161 8045
8231 8384 7826 7971
8924 8168 8088 7525
8210 8317 8245 7950
8641 8026 8560 7585
8110 7874 8255 8064
8007 8609 8035 7843
8479 8437 8155 7535
8172 8241 7680 8066
8422 8346 8088 7849
8290 8378 7986 7975
8718 8118 8469 7396
8200 8799 7961 7368
8750 7751 8667 7106
8641 8291 8234 7658
8450 8360 8511 7520
8590 8556 7963 7209
8683 8212 8025 7729
8320 8197 7785 8019
8454 8225 8527 7744
8263 8500 8166 7552
8989 7908 8320 7146
8640 7724 8689 7353
8001 8814 7680 7496
8100 7936 8320 8052
8623 8358 8422 7437
8581 8153 8485 7652
8665 8355 8043 7541
8696 8560 8189 6987
8547 8255 8110 7731
8296 7911 7807 8124
8405 8664 8030 7397
8703 8482 8036 7230
8743 8248 8162 7601
8345 8075 8189 7991
7887 9001 7711 7239
8689 8275 8014 7583
8223 8328 7873 8028
8322 8085 8746 7644
8302 7718 8066 8087
8785 8319 7902 7356
8277 7921 8851 7489
8490 8261 8512 7597
8289 8200 7650 8089
8499 8508 8229 7464
8876 7809 8484 6935
7971 8588 8092 7775
8749 7833 8616 7096
8088 7362 8223 8153
8538 8301 8339 7630
7972 8621 7748 7840
8453 8288 8442 7602
