7047 18.4442
16057 16240 16157 16797
16200 16520 16810 16446
16466 16627 16573 16201
16368 16107 16765 16381
16233 16254 16780 16112
16367 16659 16416 16553
16629 16238 16287 16675
16412 16289 16436 16696
16604 16092 16520 16453
16221 16410 16764 16502
16653 16492 16354 16440
16587 16773 16623 16149
16450 16555 16667 16414
16115 16173 16351 16755
16242 16462 16395 16741
16519 16226 16393 16737
16708 16643 16451 16165
16547 16412 16593 16485
16772 16483 16419 16505
16291 16531 16760 16240
16742 16366 16526 16179
16359 16747 16639 16462
16538 16319 16325 16550
16354 16695 16426 16565
16354 16298 16388 16709
16284 16636 16495 16615
16410 16585 16591 16536
16526 16606 16347 16522
16245 16432 16264 16689
16180 16475 16690 16662
16437 16673 16725 16514
16561 16554 16330 16474
16374 16783 16354 16462
16346 16180 16619 16695
16431 16597 16179 16746
16431 16627 16367 16519
16472 16521 16538 16639
16148 16657 16740 16325
16639 16749 16467 16469
16309 16440 16415 16673
16595 16605 16050 16494
16457 16715 16584 16429
16260 16806 16287 16558
16245 16754 16676 16208
16428 16402 16746 16471
16560 16654 16398 16499
16501 16649 16415 16484
16598 16504 16421 16475
16238 16596 16452 16675
16551 16348 16301 16558
16526 16421 16512 16471
16676 16637 16537 16432
16678 16789 16559 16231
16241 16564 16508 16584
16451 16620 16438 16489
16537 16241 15989 16565
16461 16522 16495 16653
16553 16785 16325 16385
16679 16549 16519 16429
16803 16586 16435 16081
16395 16771 16428 16534
16592 16426 16548 16240
16382 16642 16458 16564
16734 16491 16358 16289
16510 16505 16699 16650
16379 16845 16576 16057
