35 1.64508
3222 2994 2761 3048
2767 3158 3069 3291
2758 3548 3000 3159
3044 2926 3114 3045
3015 3053 3138 2953
2782 3484 2737 3255
2678 3445 3083 3115
2530 3616 2926 2869
3002 3011 2961 3253
2938 3141 3052 3206
2957 3546 2749 3249
2919 3205 3183 3068
2712 3434 2851 3212
3145 3326 2822 2952
3005 3480 2942 3003
2961 3104 2905 3234
2851 3339 2957 3250
2903 3614 2703 2990
3055 2945 3176 3011
2933 3102 2944 3278
2918 3272 2982 3209
2692 3137 3124 3197
3101 3373 2709 3044
3071 3299 2964 3066
3020 3271 3088 3023
2967 3206 3134 3103
2967 3099 2995 3229
2901 3196 2846 3325
2843 3398 2906 3251
3140 3412 2770 3039
3087 3228 2971 3208
3077 3393 2781 3035
3031 3436 2860 3166
2968 3464 2692 3112
2925 3189 3039 3224
2881 3560 2832 3243
2878 3345 2914 3245
2854 3306 3157 3191
2812 3410 3139 3193
2621 3441 3126 2949
3124 3349 2956 3225
3031 3394 2875 3124
3029 3363 3063 3037
3027 3608 2736 2929
2989 3337 3020 3122
2953 3314 3176 2927
2943 3400 2941 3191
2838 3301 3182 3036
2736 3196 2880 3364
2597 3403 2962 3201
3213 3208 2836 3028
3068 3392 2964 3108
3040 3524 2825 2997
3032 3439 2958 3050
3005 3435 2998 3033
2999 3087 3152 3063
2957 3563 2804 3019
2933 3516 2938 3042
2919 3402 2953 3180
2885 3577 2877 3104
3302 2837 2822 2970
3199 3278 3072 3157
3098 3458 2752 2870
2985 3593 2887 2941
2978 3390 3053 3069
2958 3257 2962 3225
2921 3537 3027 3108
2920 3484 3068 3093
2896 3034 3204 3171
2794 3177 2999 3356
2747 3388 3175 2987
2657 3451 2905 3217
2529 3306 3130 3216
3343 3060 2720 2815
3314 2940 2665 3062
3234 2967 2746 3068
3212 2963 2869 3030
3189 3432 2541 2872
3075 3400 2905 2932
3007 3538 2833 3091
2841 3598 3013 3090
2817 3330 3171 2917
3358 2898 2457 2948
3280 3088 2692 3085
3090 3475 2836 3029
3075 3373 2926 3067
2944 3324 3140 3159
2931 3404 2994 3137
2917 3465 2919 3177
2889 3422 2894 3257
2857 3386 2853 3293
2727 3232 3226 3075
2702 3354 3009 3201
2557 3177 3176 3191
3414 3173 2620 2822
3324 2751 2639 3029
3310 3120 2772 3005
3307 3192 2722 2916
3247 3303 2783 3002
3196 3305 2888 2941
3112 3351 2841 3066
3088 3360 2962 3145
3068 3522 2920 3086
3061 3283 3057 3014
3015 3389 2977 3147
2995 3008 2978 3281
2985 3529 2885 3042
2977 3171 3159 2916
2972 3109 2965 3233
2951 3616 2703 2984
2936 3092 3004 3219
2922 2989 2822 3353
2913 3328 2970 3209
2895 3632 2701 2971
2858 3191 3025 3323
2842 3630 2916 3010
2749 3320 3091 3212
2613 3212 3141 3232
3361 2922 2673 2828
3212 3052 2829 3159
3201 3411 2785 2937
3200 3379 2824 2788
3124 3424 2803 2994
3042 3641 2846 2917
3031 2801 3027 3170
3019 3587 2950 2989
3003 3386 3105 3112
3002 3246 3158 3025
2999 3036 3101 3249
2991 3267 3107 3076
2989 3555 2958 2889
2960 3182 3174 2973
2956 3528 2908 3152
2948 3297 3109 3081
2932 3541 2848 3135
2923 3067 3260 2865
2908 3358 2843 3234
2887 3247 3147 3100
2870 3579 2996 2976
2855 3561 2887 3084
2855 3107 2921 3343
2843 3212 2800 3333
2839 3424 3072 3199
2693 3484 3031 3099
2571 3489 3164 2912
3253 3203 2761 2986
3202 3003 2937 3054
3148 3295 2799 2983
3131 3433 2818 2942
3086 2921 2995 3163
3075 3033 3190 2961
3046 3308 3097 3010
3030 3290 3017 3120
3010 3289 3038 3141
3010 2830 3051 3259
2999 3054 2962 3219
2982 2872 3171 3085
2972 3418 2874 3121
2962 3388 2726 3174
2954 3325 2978 3216
2938 3047 2895 3264
2932 3492 2964 3040
2909 3373 3040 3125
2896 3070 3019 3260
2888 3395 3036 3184
2885 3518 2933 3206
2805 3303 3200 3109
3357 2978 2645 2777
3327 2974 2614 2898
3220 3120 2758 3013
3188 2899 2822 3170
3185 3405 2816 2883
3133 3365 2788 2935
3127 3314 2876 2886
3125 3358 2885 2871
3086 3477 2849 2900
3077 2881 3005 3187
3068 2854 2874 3278
3034 3147 3099 3061
3028 3287 3019 3127
2964 3132 3171 2891
2960 3287 3041 3140
2956 3325 3084 3204
2953 3408 3079 3010
2946 3522 2974 2985
2939 3083 2975 3259
2938 3278 3177 3047
2931 3513 2915 3153
2926 3253 3066 3213
2904 3034 2863 3344
2878 3470 3055 3198
2866 3259 3140 3163
2866 3251 2806 3258
2864 3199 3186 3148
2823 3364 3076 3173
2815 3384 2990 3211
2798 3284 3186 3118
2796 3567 2974 3198
3321 3145 2518 2890
3285 3109 2664 3035
3270 2960 2872 3085
3266 3337 2720 2787
3255 3275 2790 2869
3240 3210 2826 2934
3227 3127 2901 2985
3215 2996 2762 3007
3208 3218 2861 2838
3204 3115 2866 3086
3146 3364 2838 2748
3145 3307 2761 3088
3032 3403 2792 3092
3031 3041 2810 3278
3030 3412 2971 3042
3017 3264 2990 3206
3017 2827 3152 3019
3001 3219 3002 3218
2988 3530 2917 3027
2961 3575 2790 3126
2954 3219 3014 3213
2948 3338 2990 3164
2948 3323 2794 3296
2924 3523 3007 2960
2907 3420 3146 3122
2889 3151 3079 3258
2874 3330 3067 3146
2862 3336 3057 3267
2790 3602 2887 3050
2729 3445 3086 3078
2729 3346 2915 3246
2598 3083 3228 2987
2594 3358 3171 3070
3340 3204 2793 2885
3280 2931 2754 3044
3275 2992 2875 3025
3258 3230 2653 2823
3256 3019 2711 3071
3255 3260 2777 2885
3255 3063 2817 2971
3243 3327 2808 2877
3243 3202 2792 2902
3243 3069 2796 2931
3238 3160 2743 3016
3137 3343 2999 2819
3103 3443 2857 2868
3095 3290 3049 2991
3089 3402 2898 2993
3083 3526 2707 2874
3075 3567 2905 2899
3071 2712 3091 2966
3046 3376 2999 2870
3028 3249 3128 3190
3023 2832 3189 2975
3010 3213 2881 3310
3002 3134 2629 3328
2983 3405 2893 3094
2978 3414 2878 3099
2959 3472 2963 3077
2956 3154 3182 3192
2942 3559 2933 3015
2936 3351 3028 3180
2925 3438 3010 3064
2913 3155 3182 3167
2910 3508 3104 3052
2892 3232 3016 3225
2887 3124 2944 3277
2863 3596 2825 3075
2846 3048 3091 3201
2838 3079 3214 2814
2825 3641 2827 3030
2788 3654 2925 3108
2787 3686 2923 3050
2763 3122 3214 2817
2731 3223 3229 2931
2724 3290 3004 3298
2651 3586 2866 3148
2607 3757 2909 3069
