59 1.70069
3330 3693 3612
3656 3860 3182
3825 3434 3502
3739 3444 3555
3712 3834 3135
3689 3799 3258
3711 3799 3238
3706 3318 3654
3680 3726 3369
3572 3339 3709
3564 3820 3387
3400 3620 3654
3278 3653 3654
3212 3665 3636
3797 3387 3509
3553 3903 3259
3677 3824 3189
3598 3868 3239
3560 3829 3383
3787 3445 3534
3784 3587 3435
3665 3753 3378
3600 3372 3676
3426 3743 3569
3185 3679 3636
3729 3653 3446
3617 3762 3406
3285 3705 3616
3746 3350 3550
3676 3801 3374
3652 3795 3398
3636 3828 3272
3385 3746 3575
3763 3604 3457
3720 3475 3547
3719 3456 3552
3663 3794 3398
3568 3885 3256
3534 3347 3704
3491 3930 3338
3399 3776 3544
3343 3680 3608
3745 3374 3611
3685 3454 3600
3671 3682 3494
3667 3408 3610
3634 3804 3307
3592 3874 3357
3309 3685 3615
3883 3539 3237
3806 3548 3444
3726 3698 3400
3720 3774 3365
3695 3707 3382
3673 3400 3639
3652 3615 3575
3609 3642 3533
3549 3941 3334
3546 3873 3364
3507 3859 3406
3795 3677 3216
3605 3669 3586
3549 3572 3643
3465 3454 3725
3422 3883 3414
3407 3359 3777
3402 3857 3418
3392 3446 3739
3391 3834 3498
3771 3436 3542
3730 3761 3292
3701 3783 3287
3658 3406 3615
3656 3416 3635
3654 3495 3643
3608 3838 3347
3606 3760 3447
3598 3478 3654
3532 3847 3423
3517 3809 3475
3502 3815 3474
3452 3861 3414
3412 3956 3296
3326 3701 3613
3818 3520 3397
3787 3693 3423
3760 3475 3544
3754 3738 3348
3734 3750 3297
3708 3467 3596
3609 3811 3331
3556 3777 3493
3555 3813 3388
3554 3883 3303
3548 3832 3389
3510 3787 3484
3483 3414 3732
3398 3491 3730
3318 3856 3494
3842 3636 3285
3797 3603 3290
3775 3531 3482
3766 3559 3525
3742 3774 3231
3727 3747 3340
3688 3657 3482
3650 3731 3500
3618 3834 3319
3505 3551 3700
3475 3312 3756
3428 3855 3429
3414 3672 3612
3409 3817 3525
3352 3619 3668
3349 3630 3669
3325 3572 3706
3284 3573 3698
3742 3612 3460
3740 3602 3479
3719 3528 3539
3694 3724 3403
3676 3747 3415
3665 3683 3490
3651 3758 3414
3642 3813 3274
3587 3653 3597
3582 3737 3543
3543 3835 3419
3524 3880 3375
3504 3649 3641
3459 3482 3708
3444 3470 3709
3372 3780 3539
3361 3595 3680
3332 3546 3711
3294 3523 3743
3279 3857 3501
3870 3579 3396
3792 3572 3415
3790 3570 3436
3768 3749 3303
3768 3636 3426
3762 3719 3304
3731 3651 3462
3725 3625 3526
3710 3436 3586
3709 3574 3548
3683 3664 3486
3677 3479 3601
3666 3804 3294
3630 3751 3421
3600 3801 3428
3589 3790 3456
3566 3618 3635
3560 3811 3435
3545 3825 3433
3538 3793 3470
3527 3584 3638
3505 3886 3357
3448 3591 3688
3419 3662 3624
3390 3458 3759
3376 3468 3780
3374 3540 3710
3766 3588 3473
3700 3576 3581
3689 3352 3626
3678 3727 3373
3675 3670 3483
3625 3361 3647
3620 3651 3529
3598 3734 3451
3568 3832 3373
3450 3607 3648
3345 3419 3817
3344 3857 3424
3248 3623 3736
3800 3602 3397
3789 3705 3343
3736 3451 3548
3694 3647 3521
3660 3657 3509
3656 3673 3520
3641 3576 3633
3632 3346 3644
3624 3548 3645
3618 3856 3243
3605 3865 3274
3601 3851 3362
3589 3768 3457
3557 3165 3723
3537 3871 3391
3535 3731 3565
3528 3849 3420
3517 3603 3657
3510 3311 3719
3501 3730 3603
3472 3863 3413
3467 3335 3737
3461 3505 3702
3442 3835 3483
3408 3505 3708
3406 3490 3731
3305 3560 3711
3235 3503 3764
3790 3612 3406
3749 3594 3484
3720 3669 3426
3706 3680 3476
3684 3806 3195
3660 3662 3506
3654 3715 3489
3599 3784 3444
3597 3805 3378
3569 3553 3682
3558 3691 3600
3551 3761 3516
3524 3438 3704
3507 3848 3463
3490 3816 3527
3477 3665 3610
3469 3818 3465
3449 3557 3681
3373 3523 3711
3348 3613 3692
3318 3736 3587
3268 3659 3649
3747 3694 3416
3738 3577 3536
3684 3691 3476
3683 3581 3586
3681 3703 3473
3679 3791 3361
3660 3728 3443
3611 3627 3631
3596 3856 3284
3567 3738 3491
3566 3784 3483
3554 3698 3562
3537 3828 3460
3524 3659 3611
3488 3372 3725
3479 3896 3399
3462 3497 3706
3451 3884 3402
3428 3918 3352
3423 3482 3717
3381 3764 3585
3363 3511 3756
3302 3633 3653
3221 3645 3683
3835 3585 3292
3795 3415 3543
3785 3540 3467
3784 3519 3492
3772 3585 3440
3743 3500 3544
3731 3734 3356
3717 3635 3536
3697 3776 3364
3692 3852 3178
3680 3708 3431
3675 3638 3555
3657 3807 3255
3647 3810 3246
3634 3806 3303
3631 3836 3309
3618 3699 3511
3616 3472 3664
3615 3750 3425
3615 3639 3600
3610 3748 3450
3610 3707 3518
3609 3695 3524
3577 3750 3471
3575 3827 3385
3499 3456 3705
3484 3881 3370
3459 3443 3772
3440 3496 3716
3433 3473 3735
3391 3801 3528
3356 3892 3420
3320 3788 3541
3285 3495 3766
3253 3900 3390
3242 3757 3587
