238 121.797
33753 31580 30121 30431
29885 30857 30896 33411
32897 30060 31022 30185
30245 30990 32832 30905
30246 33046 30432 29586
30825 33228 29715 31535
32852 31786 28624 31290
30194 30697 30713 33584
30763 33028 30270 29814
32947 31736 29029 31249
31234 31220 29261 33009
32951 32082 29427 29950
33590 31610 30150 30509
32805 31804 28795 31366
32409 32918 30319 30091
32809 30458 28877 31600
32318 32220 32261 31043
31798 32361 32381 31641
32926 30496 28851 31327
30328 31146 32719 31126
32712 32348 30957 30887
30446 30968 32576 31004
33080 30655 29458 31161
30166 31154 32785 30832
33177 31696 29981 30747
30425 30632 30760 33426
31716 30111 31054 33294
30789 33169 29927 31415
30678 30412 31036 33481
32840 30592 29601 31319
30631 30540 30497 33347
29991 30844 30888 33407
30742 30292 30953 33318
32068 32481 32213 31376
30029 30548 30995 33526
32754 32282 30878 30470
31046 33067 29588 31911
32464 32586 31582 31485
31895 32571 32386 31461
32137 32777 32123 31446
32584 32647 31162 31491
31655 32245 32449 31589
30543 30739 30761 33376
30109 31267 32504 31000
30300 30482 30702 33458
31031 33222 29878 31610
29910 30641 31069 33258
33138 31406 30638 30813
29949 31052 30817 33348
32893 30686 31213 30571
32855 31820 29525 31030
32327 32831 31751 31359
32866 32273 30309 30020
31334 30370 31169 33050
32999 32007 29400 30020
31087 33114 29841 31513
30363 30239 30981 33533
32781 31786 29658 31017
30236 31124 32675 31183
31389 31260 31891 32386
31149 30253 31529 32860
32907 32186 29424 30236
31019 33127 29928 31657
31995 32812 32061 31296
31349 30556 31318 33020
33097 31671 29369 30932
31820 32062 30672 32019
33454 31740 30129 30218
30164 31203 32608 31141
33321 31682 30734 30321
32688 31521 30514 31877
31521 32883 31704 31103
31424 30796 31447 32841
32607 32417 31432 30973
30940 33141 29970 31528
31577 31902 30488 32319
31351 32863 30061 31789
32542 32802 31385 31464
30503 31148 32650 30833
33479 31524 30218 30596
31062 31040 31883 32536
33550 31617 30387 30420
31170 32974 29937 31613
30708 30940 31792 32670
31072 33149 29864 31501
30121 31006 30968 33149
32013 32443 32189 31706
32035 32431 32463 31408
30458 30572 30924 33248
32412 32734 31628 31615
30997 32543 29908 31828
33381 31561 30873 30534
33404 31504 30233 30582
30599 30598 30840 33401
32493 32672 31654 31416
33434 31413 30330 30542
31704 30164 31282 32896
32320 31097 30040 32614
32488 32205 31664 31583
33046 31162 29850 31148
32400 32930 31632 31689
33206 31844 30409 30395
32324 32706 32011 31527
30506 31191 30975 33081
30286 30697 30804 33495
32521 32165 31268 31906
30098 30718 30830 33464
30757 30785 31277 32926
31182 33072 29536 31424
31530 31767 31243 32242
33293 31478 30301 30706
30273 31248 32635 30961
32382 32954 31545 31673
33212 30605 29760 31256
33538 31569 30291 30484
33092 30687 29546 31072
31123 30528 31523 32772
32293 32550 32176 31239
32870 32149 30748 30863
32204 32532 32170 31311
31957 32434 30597 31937
31658 30344 31220 32855
32100 32059 29774 32099
31738 30430 31123 32996
32975 31719 30184 30893
30871 31477 30501 32971
31220 30565 31483 32804
31363 30246 31118 33110
32014 32386 32140 31451
30710 31764 32154 31736
32280 31879 31709 31775
31274 32963 29535 31806
33219 31608 30278 30943
30175 30729 30800 33260
30129 30827 30880 33349
31108 32462 29930 31842
31739 30392 30634 33122
30205 30646 30753 33566
31692 31590 32037 32218
32461 32707 31811 31761
32989 31194 29705 31203
32438 32818 31601 31215
30400 30740 30654 33296
32932 31810 30790 30251
32340 32247 31922 31551
31880 32037 31671 31863
31200 30223 31375 33067
33074 31278 30417 31083
31928 32398 31969 31797
32464 32246 31790 31264
32903 31251 29318 31345
31118 33095 29885 31422
31592 30137 31112 33212
31965 32661 32256 31641
32352 31299 30542 32360
30572 30429 30895 33305
31170 30670 31442 33040
30076 30569 30772 33552
31708 32157 32482 31526
31421 31762 32009 32191
30947 31625 30917 32334
32170 32831 31861 31617
31556 31912 30361 32292
31101 31143 29346 32993
30372 30885 32652 31028
32080 31535 30498 32892
33416 31501 30109 30613
32048 31926 30011 31984
31035 31808 30478 32436
30052 30532 30872 33387
31446 31216 31720 32545
32921 32128 30707 30451
30851 31089 31641 32690
33277 30645 29811 31210
31745 30264 30869 33103
30468 30828 31511 32790
32234 31688 30403 32039
33068 31344 30215 31094
30387 30682 30898 33336
31253 32998 30069 31365
30776 32536 30007 31997
31351 30402 31186 32962
31296 31931 31160 32064
32085 32207 32242 31090
32090 31376 30724 32824
31693 30194 30956 33204
32507 32432 31917 31137
31587 30155 31064 33177
33090 31419 29331 31035
31592 32992 31069 31376
31979 32470 32200 31489
31094 33101 30085 31606
32699 32579 31403 31364
33011 31941 30763 30276
33015 31982 30743 30227
30963 31063 30903 33151
32745 32515 30890 30831
31633 30594 31466 32766
32464 32908 31415 31760
30266 31110 32704 31143
32095 32099 31512 31933
33506 31512 30065 30648
33151 31316 29686 31041
32767 30773 31393 30688
31241 32776 29760 31795
32472 31066 30339 32480
31229 30653 31346 32911
32985 31815 30204 30634
33027 31865 31010 30238
33244 31947 30296 30309
31106 33097 29783 31851
33139 31190 29816 30989
32392 32822 31859 31547
32063 32233 32093 31533
30680 30476 30618 33229
33155 31695 30441 30696
31058 30960 31504 32898
31117 30871 31010 32844
30473 30993 31697 32683
32994 31480 29294 30951
31741 32112 30711 32052
32114 31878 31287 31963
31807 31078 31376 32299
31851 31951 31681 31805
32619 32543 31301 31394
31679 31363 31636 32502
32939 31627 29900 31274
31359 31753 30839 32638
31884 31168 31453 32232
30905 32744 29860 31858
31713 31225 31811 32377
32554 32372 31520 30872
32659 31581 30433 32085
31570 32870 31864 30965
33355 31473 30088 30675
32793 31238 29290 31355
30945 33005 29915 31816
31834 31601 31530 32148
31242 30299 31367 32994
32101 31403 31380 32288
32832 30680 31139 30625
32804 31987 31152 30293
33008 31572 29265 30948
32944 31794 29392 31071
31202 33061 29668 31609
32175 32370 32233 31049
31770 31699 30430 32264
30050 30976 30847 33293
32250 32554 31587 31763
30115 30844 30832 33415
32810 31397 31176 30286
30197 30662 30981 33327
31329 30420 31289 33131
30323 30915 30691 33559
31472 30204 30711 33106
31679 30613 31095 32963
32094 32200 31620 31936
31494 31090 31940 32483
31746 31970 30556 32034
31638 30521 31297 32944
32566 32252 31597 31182
31149 30714 31174 33166
32463 32754 31694 31142
31599 31311 31838 32486
31913 30884 31744 32614
32363 31061 30157 32493
31302 30580 31421 32923
31444 31269 31217 32658
31765 32088 30307 32317
31360 31198 29409 32987
33389 31739 30356 30368
30840 30724 30739 33193
33324 31816 30323 30306
31812 33016 30721 30512
31526 31476 31817 32256
32590 32146 31513 31538
30927 30970 31258 33129
30143 30723 30808 33352
31926 31884 31570 31989
31273 30455 30878 33055
31668 31696 31727 31895
30583 30695 31543 32799
31265 31605 30655 32642
31989 30520 30775 32575
31694 31445 31982 32341
33343 31527 29863 30663
33051 32001 30795 30215
33151 31368 29663 30956
31836 31857 29873 32179
30716 31046 31009 33089
30119 31325 32493 30649
33116 31729 30364 30527
33431 31594 30231 30519
32030 30920 31565 32415
33129 31837 30200 30443
30144 30730 30813 33310
31495 30708 31158 32957
31941 31914 30339 32030
32498 32535 31966 30865
33217 31774 30311 30351
32729 32257 31559 31039
31019 31302 32085 31988
32561 32562 31409 31257
30225 30692 30821 33287
32950 31537 30615 30727
31979 31773 31228 32139
30891 31832 30712 32699
33351 31520 30091 30619
31505 31914 30316 32449
32728 32267 31112 31245
31161 30759 31112 32918
31588 30319 31520 32909
32631 31479 30571 31757
30847 31005 31095 33135
32656 31456 30700 31629
32573 32272 31560 31061
32262 31512 30649 32754
32795 31869 30970 30724
33507 31580 30155 30541
31644 31473 32068 32308
32970 31587 30548 30497
32309 31306 30584 32488
31987 31703 30058 32109
32186 32061 31579 31855
31409 32029 30362 32070
32758 31223 30564 31470
30364 30959 32643 30978
31936 30947 31081 32414
31466 31850 30746 32132
31563 31357 31834 32358
32900 32016 30856 30455
32990 31674 29377 31128
30745 30967 30718 33173
32428 30984 30324 32500
31607 30475 30732 33062
31787 30573 30892 33043
30975 31118 31595 32771
31101 31830 30435 32624
30971 30934 30763 33059
32513 32654 31369 31719
31907 31633 30503 32538
32253 32531 32106 31361
31971 32668 31926 31593
31110 33168 29814 31437
31614 31593 31571 32031
32528 31332 30844 31704
31798 30903 31603 32577
30267 30795 30728 33283
30899 31823 30470 32383
32288 32385 31446 31903
33109 31110 29830 30992
31167 31767 30819 32525
32137 31528 30580 32202
33288 31335 30615 30537
32107 31109 30549 32757
31204 30956 31361 32593
31517 31662 31698 32094
31449 30914 31825 32693
33128 31653 30477 30437
31875 31132 30786 32596
31972 31692 30052 32569
30158 30722 30767 33530
33256 31929 30363 30199
32057 31459 31477 32219
30935 31062 31311 32908
32814 32005 30467 30895
31789 30891 30894 32795
33216 31799 30525 30413
32821 31680 30232 30906
30257 31221 32500 31050
31313 32651 30631 31768
31485 30327 31226 33040
32378 31645 30351 32068
32787 32355 30854 30993
32373 32571 31877 31140
30966 31802 30611 32463
30981 31855 30667 32360
33076 31679 29435 30905
31870 32534 31979 31672
31312 30144 31513 33052
30770 30905 31084 33228
32173 32520 32093 31438
32124 32571 32071 31608
30918 31767 30530 32560
33247 31570 30420 30731
32827 30649 31303 30671
30924 30327 31507 32792
33274 31386 30534 30625
32605 31441 30690 31705
31645 31776 30864 32501
32221 31438 30731 32752
30721 30409 30870 33307
31452 32015 31105 32298
32451 30750 30495 32345
31419 31806 30609 32386
32596 31331 30602 31820
30252 31199 31011 33097
30591 30646 30495 33239
31838 30678 30850 32616
32739 31239 30436 31728
32219 31444 30740 32721
32741 31179 30539 31598
31666 31994 30399 32221
31193 33026 29873 31591
31223 31846 30390 32405
32558 31649 30374 31718
32616 31561 30559 31543
32768 31641 30651 31064
31401 31172 32104 32231
32637 32206 31688 31500
32630 31532 30591 31683
31513 30759 31367 32743
32774 31944 30898 30356
33193 31496 30419 30903
31857 31865 30054 32092
31796 31735 30291 32604
32023 31432 30722 32792
31223 31492 30882 32593
33153 31712 30214 30624
33085 31839 30428 30596
31733 30723 31569 32705
32386 31530 30622 31980
31690 31919 30726 32077
31269 30200 31669 32950
31851 30409 31087 33069
31694 31721 30607 32168
32403 30995 30502 32406
31640 30751 31448 32651
30834 30406 30881 33219
32171 32154 31467 31867
32927 31463 30155 31096
30237 30551 30990 33379
31058 30567 31649 32709
32324 31427 30356 32455
32370 31378 30453 32417
31567 31669 30629 32654
31719 31988 30550 32220
32654 32371 31545 31353
31747 31919 30577 32163
32751 32122 30895 30618
32586 31619 30517 31973
31214 30857 30969 32856
30251 30612 30695 33550
33266 31699 30407 30654
31795 31358 31738 32227
32361 31681 30382 32088
31205 30558 30823 33205
32040 31673 30440 32113
32761 31742 30807 31305
33194 30552 29833 31002
31745 32002 30699 32124
33397 31410 30494 30415
32710 32518 31120 30468
32180 31529 30504 32602
31458 31506 30867 32339
32968 31448 29915 31022
33135 31949 30324 30367
32300 31447 30494 32585
32780 31131 30456 31607
32116 31381 30737 32746
31755 31057 31518 32460
32449 31109 30601 32351
31759 30690 31631 32718
33346 31769 30394 30516
32367 32879 31725 31606
32967 31380 30115 31007
31448 31173 31938 32450
30917 31310 31248 33062
32255 32060 31350 31909
33255 31578 30474 30522
33002 31629 30771 30486
32560 31745 30795 31712
31873 31701 30366 32198
32536 32652 31394 31496
32289 31447 30693 32732
31587 31875 31735 31995
30785 30416 30708 33221
32823 32151 30877 30603
31844 31942 31098 31992
32744 31741 30996 30609
32739 30791 31223 30589
31106 30944 31734 32529
32336 31678 30452 32006
33214 31652 30450 30506
32736 31058 30721 31434
32463 31067 30412 32337
33267 30610 29900 30963
33214 31591 30538 30830
31408 31253 31969 32357
32536 31046 30522 32073
33393 31590 30454 30462
33109 31805 30649 30207
31660 32126 30644 31989
33217 31689 30665 30425
31741 30581 31175 32988
33182 31691 30440 30526
32996 31699 30293 30686
31831 30552 30823 32741
32739 30793 31157 30743
31769 31920 30739 32009
