45 1.13968
8120 8431 7807
8007 8294 8109
8131 8407 7880
8012 8305 7969
7968 8290 8153
8096 8364 7919
8021 8360 7924
7986 8300 8146
7168 8769 7347
8441 8131 7892
7160 8775 7335
8228 8126 8011
8192 8185 8005
7138 8767 7359
8411 8150 7753
8001 8210 8332
7986 8138 8333
8295 8331 7949
8123 8199 8242
8073 8260 8264
8011 8281 8229
8010 8259 8274
8349 8406 7798
8134 8288 8178
8114 8238 8310
8034 8227 8330
8009 8267 8232
8173 8256 8234
8060 8279 8206
7256 8664 7540
7246 8726 7369
8258 8382 7913
8213 8147 8198
8212 8339 7925
8193 8310 7966
8149 8106 8262
8133 8195 8285
8100 8241 8281
8214 8133 8171
8199 8168 8046
8181 8179 8008
8352 8303 7978
8133 8129 8292
8122 8197 8246
7340 8555 7371
7291 8607 7505
7264 8665 7506
8223 8357 7922
8211 8153 8185
8078 8057 8325
7271 8667 7501
7248 8695 7439
7231 8762 7524
7213 8764 7467
8394 8309 7943
8383 8388 7903
8363 8321 7924
8306 8265 8003
8300 8317 7953
8298 8271 7999
8267 8300 7986
8163 8343 7926
8055 8281 8217
7336 8686 7487
7281 8586 7511
