472 25.6677
25550 23967 24826
25392 23755 25076
26864 22680 24503
25968 24315 24511
25880 24248 24547
25976 24205 24596
26870 22773 24471
26810 23369 24585
26067 24313 24533
25914 24355 24450
26772 23483 24614
25794 24186 24624
25777 24392 24601
26233 23675 24805
25782 24201 24680
25899 24392 24212
25865 24151 24623
26589 23466 24800
26563 23367 24842
24312 24496 25731
26720 23312 24832
26547 23438 24807
26549 23080 24926
26494 23318 24927
26769 23457 24785
26623 23366 24836
26812 23268 24731
26290 23692 24566
26443 23477 24934
26436 23733 24561
26695 23640 24788
26590 23029 24875
26469 23611 24874
24114 24528 25609
26602 23288 24867
26491 23229 24997
26470 23690 24633
26564 23297 24916
26641 23426 24807
26417 23619 24943
26582 23130 24875
25543 24405 24607
26491 23748 24547
26472 23475 24870
26441 24144 24328
26072 23070 25393
26493 23491 24807
26163 23535 25164
26160 23745 25056
25902 23228 25487
25671 24397 24706
26589 24144 24233
26548 22931 24980
26162 23666 24997
25543 24396 24718
25415 24549 24819
26487 23570 24868
26372 23184 25225
25786 24291 24666
26474 24098 24304
26220 23310 25268
26133 23537 25115
26101 23547 25223
25926 23859 24827
25843 23851 24837
26432 23266 24949
26354 24246 24252
26273 23629 24935
26270 23646 25052
26259 23545 25098
25793 23804 24919
25418 24287 24932
24898 23911 25524
25411 24325 24839
26260 23417 25086
26164 23479 25100
26156 23588 25097
26002 22937 25433
25512 24403 24658
26541 23422 24856
26291 23464 24960
26118 23481 25214
25611 24292 24776
25528 24323 24900
25140 24017 24956
25944 23915 24739
25449 24488 24704
25743 24365 24666
26252 23932 24568
26053 23911 24774
26018 22853 25425
25959 22799 25473
26242 23447 25195
26569 24318 24159
25540 24377 24734
26317 23336 25240
25928 22914 25489
25603 24385 24711
26281 23394 25040
24826 24880 25457
24601 23973 25771
26384 23444 24998
26054 23558 25342
25379 24414 24845
26351 23255 25234
26345 23294 25390
26123 23491 25183
26376 23151 25124
24944 24708 25409
26367 23250 25348
26347 23296 25183
26120 23524 25172
25530 24446 24595
26411 23065 25239
26348 23260 25332
26337 23399 25023
26279 23496 25003
26111 23580 25208
24915 24771 25381
26577 23750 24525
26279 23385 25129
26568 24158 24231
26453 23870 24557
24509 23950 25839
26159 23921 24679
26056 23553 25265
24402 23859 25853
26213 23962 24625
24542 25081 24852
26249 23991 24591
26133 23412 25294
24881 24803 25441
24832 24837 25565
26020 23264 25404
26551 24325 24123
26449 24318 24219
25943 24037 24615
26454 24302 24208
26432 23222 25057
26409 24372 24072
25203 22579 25877
26536 24271 24188
25905 23950 24694
25104 24672 25292
26512 24325 24139
25871 23998 24758
24810 24913 25122
26466 24357 24165
25892 23082 25574
25836 23941 24765
25716 23953 24773
25113 24536 25199
26420 24205 24285
25944 23662 25344
24837 24039 25503
25872 24032 24630
25067 24681 25282
24890 23996 25464
24850 24023 25571
24771 24906 25408
26609 24141 24109
25888 24011 24668
24795 24329 25766
24361 23924 25867
25895 23758 25042
25861 23724 25209
24437 23821 25868
25847 23216 25649
24997 24614 25422
24736 24341 25669
25133 24662 25110
24970 24709 25357
24583 24912 25588
24491 24048 25787
25309 22360 25856
24536 25183 24978
24838 24989 25089
25858 23188 25553
24871 24870 25502
24855 24876 25433
25822 23184 25702
24801 25070 25308
25754 23318 25684
25700 23283 25736
25643 23137 25843
26708 23840 24215
26593 24301 24091
26020 23413 25402
25709 23542 25544
24809 25051 24859
24777 24967 25357
26441 24112 24476
26053 23299 25349
26209 23347 25285
26499 24077 24443
26015 23467 25397
25962 23385 25447
25746 23552 25437
25665 23329 25715
26565 24235 24280
26416 24234 24504
24525 24028 25768
24230 25072 25006
26730 24054 24159
24822 24883 25298
26583 24047 24453
26012 23468 25431
26351 24293 24245
25794 23481 25393
25049 24657 25311
24636 25089 24802
26661 24014 24213
26285 24248 24404
25806 23471 25633
25680 23377 25647
25616 23323 25778
26454 23907 24469
25039 24795 25301
24717 23820 25780
26625 23993 24397
25705 23334 25703
25594 23354 25669
25044 24713 25135
24930 24853 25258
26686 23770 24313
26444 24107 24358
26132 24209 24576
26102 23352 25301
26064 23018 25417
25041 24689 25338
26283 24252 24469
26168 24340 24443
25030 24769 25308
24756 25020 25461
25977 23599 25305
24763 24989 25341
26661 24157 24067
26402 24062 24555
26240 24281 24387
26014 22946 25429
25853 23376 25593
24923 24882 25324
24833 24669 25514
24559 23917 25785
