10288 104.618
2831 2574 3446 3200
2885 4013 2788 2853
3653 3163 2593 2938
2659 2878 2685 3761
2528 2911 3741 2938
3200 3559 2291 3208
3132 3546 3224 2517
2268 3205 3443 3137
3294 3570 3012 2614
3176 3547 2347 3219
2666 2618 3555 3259
3145 3487 2373 3256
3378 3197 2391 3286
3070 3362 2318 3411
2854 2599 3086 3519
2322 2916 3654 3174
3211 3464 2325 3282
2304 3204 3468 3187
2568 2594 3608 3216
3228 3572 2365 3066
2927 3280 3453 2639
3149 3599 3167 2625
2284 3432 3298 3108
2340 2890 3414 3396
2376 2980 3580 3088
2364 2914 3448 3339
2704 3042 2964 3700
2497 2683 3135 3611
2294 3276 3356 3194
3035 3770 2984 2644
3579 3254 2635 2937
2698 2636 3585 3097
3324 3404 3114 2838
2884 3998 2825 2882
2810 3092 2990 3512
2403 2856 3436 3351
3104 3720 2995 2692
3510 3261 2593 3003
2841 2666 3486 3172
2513 3099 3269 3428
3633 3164 2648 2874
3647 3116 2612 2895
2436 2977 3675 3068
2630 2674 3583 3248
2917 3988 2723 2889
2408 3072 3687 2991
3591 3231 2553 2911
3124 3795 2810 2685
3135 3762 2943 2658
2543 2765 3642 3147
2722 3144 3070 3553
2584 2960 2689 3728
3066 3824 2581 3020
2922 3419 2413 3357
3006 3927 2831 2758
2709 2986 2869 3684
3556 3200 2734 2906
2820 3883 2852 2980
2561 2754 3624 3171
3117 3751 2894 2751
2605 3003 3724 2952
3108 3850 2623 2674
2380 2820 3522 3335
3064 3782 2716 2903
2678 2716 3480 3291
2956 2743 3252 3194
2384 2801 3594 3271
2356 3431 3334 3093
2572 2796 3689 3082
3250 3513 2569 2969
2568 2693 3473 3361
3461 3390 2731 2817
2964 3861 2874 2792
2844 3351 2822 3583
2754 2775 3348 3378
2975 3077 3034 3423
3260 3612 2468 3012
3414 3055 2786 3131
2637 2874 3322 3461
2621 2956 2719 3733
2461 2787 3517 3331
3187 3520 2446 3161
3398 3457 2531 2922
2882 4007 2781 2951
2509 3018 3573 3142
3252 3620 2534 2983
3079 3690 2506 3024
3004 3814 2782 2856
2690 3010 3063 3623
3609 3225 2634 2987
3073 3323 2431 3301
3100 3692 3039 2719
2991 3915 2863 2705
2988 3607 3234 2671
2463 2993 3539 3252
2414 2828 3670 3115
2764 3210 3037 3647
2391 2884 3659 3138
3232 3534 2425 3092
2394 2832 3417 3399
2847 3033 2912 3589
2423 2932 3668 3120
3026 3900 2682 2701
3113 3282 2547 3431
3096 3474 3327 2742
3624 3137 2640 2975
3140 3682 2487 3035
3476 3360 2590 2956
2656 3067 2877 3671
2790 3949 2833 2957
2517 2927 3718 2962
2507 2928 3732 2971
2663 2644 3503 3325
2696 2889 2749 3715
2575 2735 3636 3155
2736 2847 3247 3393
2979 3194 2781 3456
3573 3151 2617 3051
2345 3051 3551 3255
3167 3345 2764 3268
3547 3200 2663 2966
3619 3107 2574 2985
2945 3873 2898 2834
2988 3733 2956 3072
2350 2925 3508 3324
3173 3807 2767 2832
3585 3238 2600 2879
3470 3247 2606 3033
2502 2658 3653 3152
3127 3765 2706 2878
2456 2852 3535 3315
3243 3501 3101 2713
2587 3031 2806 3705
3353 3114 2973 2809
2698 3046 2928 3654
2868 3385 2454 3502
2936 3967 2776 2948
3487 3352 2474 2860
2972 2758 3300 3103
3040 3617 3139 2803
3362 3373 2658 2972
3002 3700 3162 2679
2758 2853 3185 3546
3033 3779 2891 3000
3266 3589 2939 2772
3302 3546 3022 2667
3239 3641 2986 2649
2854 3140 2758 3595
2460 2821 3463 3388
2761 3111 3091 3497
2928 3889 2951 2871
2968 3919 2831 2824
3212 3743 2541 2827
2546 2807 3709 2960
3306 3215 2408 3296
2726 3209 3093 3414
3598 3141 2651 2930
3224 3704 2660 2786
3057 3711 3031 2895
2920 3940 2900 2833
2649 3130 2947 3666
2786 2881 3177 3483
2792 3053 3098 3599
3317 3090 3103 2927
3222 3675 2762 2716
2427 2800 3370 3470
3189 3573 3104 2746
2628 2970 3366 3443
3603 3161 2649 2851
2603 2967 3527 3126
3074 3667 2629 3152
3408 3315 2790 2818
2785 2686 3315 3354
3391 3401 2737 2916
3153 3432 2399 3403
3443 3481 2703 2918
3403 3433 2814 2915
2694 3728 3078 2825
3045 3842 2873 2765
2663 2652 3587 3224
2795 2973 3599 2958
3045 3853 2671 2907
3289 3579 2488 3022
2713 2804 3482 3179
3241 3638 3091 2728
2953 3953 2829 2791
2698 2872 2721 3740
3494 3412 2559 2857
2999 3892 2856 2737
3077 3382 3257 2777
3535 3178 2693 2909
3016 2984 2969 3407
3500 3188 2638 3090
2476 3080 3277 3338
3162 3480 2500 3177
2545 2819 3531 3305
3348 3441 2559 3052
3529 3228 2584 3081
2633 2941 2729 3746
3021 3245 3213 3004
2780 2779 3196 3408
2846 3595 3204 2801
2591 2936 3567 3193
3455 3367 2714 2897
2557 3015 3362 3446
2505 2770 3708 3046
3010 3517 2395 3359
2837 3285 2845 3628
2485 2906 3459 3315
2709 3062 2881 3680
2984 3847 2919 2812
2824 2746 3300 3381
2767 3213 3426 2940
3349 3542 2458 2867
2938 3870 2929 2813
2611 3011 3292 3464
2541 2847 3591 3190
2826 3936 2963 2946
2818 2988 2980 3532
2890 3060 2824 3566
3217 3101 2771 3242
2644 3320 3124 3329
2580 2915 2774 3751
3310 3630 2738 2823
2646 2983 3111 3636
2464 2836 3683 3111
2444 2838 3510 3348
2607 2840 3378 3364
3430 3313 2484 3062
3483 3230 2531 3112
2826 2699 3467 3144
3072 3789 2835 2807
2929 3983 2743 2805
3449 3307 2601 3010
3540 3190 2573 2995
2710 3125 3200 3477
3128 3584 3064 2893
2878 3961 2867 2846
3504 3293 2783 3011
2616 2950 2739 3723
3233 3469 3074 2847
3456 3394 2527 2946
2777 3049 3047 3641
3514 3331 2722 2944
2434 2846 3411 3407
2543 3358 2904 3419
2943 3838 3019 2994
3213 3661 2565 2894
2906 3973 2746 2867
2895 3978 2773 2879
2640 2968 2868 3713
3521 3313 2523 2935
2983 3911 2811 2993
2863 3137 2858 3633
2731 2964 3193 3474
3083 3444 2669 3121
2751 3102 3159 3523
3342 3195 2514 3200
3087 3353 3197 2748
3130 3661 2848 2842
3423 3304 2897 2899
2636 2920 3190 3602
2632 3531 3026 3098
2667 3119 3055 3567
3198 3656 2655 3018
3195 3013 2510 3341
3564 3188 2624 3031
2580 2829 3569 3221
3280 3653 2673 2849
3639 3141 2638 2965
2551 2853 3492 3263
2492 2897 3628 3059
3466 3397 2509 2999
3116 3550 2409 3122
2750 3183 3082 3540
3060 3671 2727 2977
3206 3448 3174 2815
2536 2903 3462 3314
3203 3740 2695 2869
3341 3273 2909 2876
2470 2806 3650 3079
2939 2702 3220 3239
2906 3336 3081 3402
2893 3695 3024 3045
3568 3026 2698 3028
2496 2814 3419 3400
2632 2894 3263 3537
2738 3020 2811 3675
2600 3264 3373 3037
2451 2870 3657 3142
2624 2737 3645 3074
2998 3171 3373 2794
3542 3244 2584 2945
2662 2919 3305 3463
2909 3021 3049 3356
3519 3227 2644 3042
3236 3670 2775 2661
2996 3377 3282 2934
3435 3503 2675 2908
2614 3145 3142 3434
2807 3428 3004 3211
3281 3507 2626 2983
2728 2866 3259 3450
2746 3829 2906 3022
2674 2998 3286 3358
3030 2827 3008 3372
3136 3648 2493 3070
2682 2946 3206 3572
2719 2916 3238 3493
2899 3317 3384 2693
2708 3065 3211 3557
2814 3526 3162 3086
2684 2868 3290 3490
2531 3036 3165 3562
3490 3362 2632 2820
2868 3123 2754 3606
2448 3231 3387 3106
3331 3501 2557 3168
3027 3835 2786 2786
3617 3154 2625 2920
2774 3326 2839 3448
3270 3368 3146 2768
3290 3436 3009 2830
3283 3447 3027 2799
2962 3494 3073 3135
3147 3680 2840 2914
3301 3563 2784 2811
2521 3058 3438 3096
2916 3610 3148 2731
2681 3081 3680 3056
3060 3456 2436 3347
2589 2730 3661 3125
3093 3301 2492 3369
2517 2709 3699 3076
3132 3757 2769 2854
3084 3727 2924 2741
3335 3413 2480 3158
3426 3321 2502 3115
3001 3723 2956 2775
3182 3624 3020 2933
3030 3151 2905 3439
2802 2999 3439 3292
2960 2987 3350 3092
3358 3464 2779 2944
2865 3423 3296 2935
2716 3236 3107 3272
2935 3904 2883 2861
2490 3408 3167 2952
2777 2691 3406 3306
3349 3285 2440 3167
3164 3287 2797 3248
2650 2962 3542 3259
2632 2955 3131 3618
2649 3152 3433 3262
2745 3646 3118 2699
2668 2713 3613 3209
2851 2852 3401 3272
2555 2866 3698 3070
3097 2989 3343 2618
3201 3555 2450 3060
2686 3112 2975 3659
2806 3632 3153 2943
3439 3279 2781 3166
2707 3028 2892 3663
3044 3792 2983 2732
2423 2789 3618 3224
2701 3021 3156 3560
3180 3535 3231 2708
2743 3220 2965 3620
2780 2942 3207 3391
2836 2749 3227 3368
2857 2776 3318 3312
2814 3218 3343 3266
3550 3121 2651 3025
3180 3586 2470 3048
2834 2826 3422 3228
3526 3221 2799 3029
3137 3381 3121 2837
2771 3225 3310 3238
2563 2955 2739 3757
2770 2905 3196 3507
2953 3269 3312 2955
2777 3126 3045 3605
3471 3155 2850 2882
2652 3294 2940 3533
3286 3644 2677 2863
3155 3602 2699 3006
3422 3399 2540 2959
2913 3068 3137 3007
3054 3713 2747 3161
3008 3328 2915 3214
2474 2773 3635 3225
2459 2750 3611 3277
2862 2859 3142 3364
3368 3413 2933 2738
3386 3450 2738 2862
2699 3110 3631 2974
2876 3658 3095 2865
2481 2950 3703 2997
3388 3427 2549 2961
2860 3006 3241 3358
2420 2864 3513 3278
2914 3957 2819 2862
2419 2923 3457 3310
3107 3050 3338 2621
3209 3641 2866 2723
2589 2878 3409 3469
2924 2965 3198 3246
2806 3103 2947 3575
2679 2739 3586 3231
2747 3142 3054 3638
3183 3553 2715 2891
3117 3416 2989 3015
2928 3174 2999 3235
3050 3752 2944 2725
3069 3302 3281 2844
3230 3325 2605 3233
3316 3519 2860 2739
3208 3312 2539 3243
2812 3375 3339 2924
2799 3986 2857 2943
3295 3355 2827 3062
2573 3024 3499 3158
3006 3840 2801 2828
3454 3341 2719 2919
2499 2799 3704 3089
2592 2825 3497 3293
2821 3148 3393 2865
2992 3798 2874 2933
3450 3492 2654 2908
2652 3015 2914 3708
2947 3929 2854 2833
3336 3559 2579 2786
2741 2898 3207 3487
2948 3040 3222 3199
3258 3493 3180 2797
3272 3318 2681 3130
3106 3653 3117 2648
2949 3086 3120 3183
2819 2954 3331 3297
2783 3127 2893 3660
2863 3268 2927 3502
3372 3600 2762 2783
3248 3566 2766 2780
3193 3083 2859 3261
3585 3176 2674 3009
2940 2900 3191 3295
3053 3310 3106 2964
3158 3725 2798 2773
2765 3159 2871 3541
3237 3567 2885 2785
2626 2947 3272 3445
2730 2722 3561 3078
2654 3524 3201 2873
2593 2707 3602 3213
2597 3223 3502 2993
2936 2811 3249 3103
3024 2918 3060 3075
3152 2723 3072 3113
3041 3740 2890 2774
2873 3455 3357 2725
2599 2838 2885 3720
3309 3477 2793 2795
3027 3537 2975 3184
2747 2721 3379 3310
2985 3802 2600 3011
2845 3049 3331 3204
2669 2733 3603 3211
2591 2728 3393 3356
2545 2957 3548 3121
2899 3122 3193 3321
3014 3085 2982 3527
3126 3146 3185 2710
2594 3038 3481 3308
3204 3453 2693 3039
3121 3713 2787 2781
2645 2930 3229 3484
3344 3519 2456 3013
3170 3600 2679 2941
2719 2883 3242 3536
3375 3338 2500 3043
2472 2990 3491 3274
3274 3561 2849 2846
3266 3678 2757 2874
2470 3300 3180 2997
2530 3011 3739 2923
2976 2842 3288 3036
2587 2990 3446 3344
2901 3145 2774 3526
3071 3699 2900 2769
2534 2813 3560 3275
2672 3147 3415 3041
3012 3181 2779 3381
2805 2731 3370 3322
2971 2972 3060 3175
3374 3396 2555 3095
2592 2703 3588 3227
3332 3438 2769 2996
2830 2834 3175 3430
2840 3035 3515 3060
