149 3.56669
26881 26769 26299
27310 26849 26186
27596 25568 26618
27015 26337 26785
27355 26259 26623
27583 26303 26418
27025 26307 26966
27009 25905 27095
28187 26051 25644
28023 26146 25920
27644 26252 26314
26979 26066 27051
27476 26159 26488
27141 26212 26801
27012 26315 26813
27597 26301 26458
27450 26439 26283
27291 26059 26717
27508 26552 26174
27503 26015 26644
27247 26382 26604
26696 26550 26702
27454 26315 26557
27385 26553 26192
26872 26743 26343
27709 26316 26170
27120 26138 26925
28115 26147 25639
27638 26282 26363
27262 26455 26404
26894 26197 27048
27821 26405 26011
27210 26265 26781
27209 26903 26147
26967 26140 27010
26716 26905 26249
27390 25951 26735
27063 26313 26920
27885 26358 25939
27615 26530 26228
27544 26335 26404
27181 26098 26814
26446 26713 26584
27939 25775 26173
27766 26334 26086
27580 26309 26407
27366 26231 26561
27318 26219 26697
27218 27133 25811
27157 26703 26392
26893 26198 26994
26434 26691 26635
27937 26496 25654
27864 26306 25940
27319 27165 25651
27054 25165 27188
26834 25847 27107
27938 26411 25937
27675 26695 25727
27590 25657 26691
27549 26642 25836
27414 26533 26207
27125 25420 27182
26678 26707 26506
27690 26288 26269
27663 25451 26709
27585 26418 26234
27253 26339 26625
27169 26195 26803
27063 26198 26953
26991 26977 26135
26965 26771 26296
26775 26790 26482
27351 26376 26623
27190 26096 26861
27123 25990 27074
27083 26662 26447
26660 26482 26763
27733 26324 26147
27578 27000 25556
27409 27123 25688
27405 26548 26311
27795 26763 25669
27630 26435 26096
27574 26408 26363
27546 25675 26771
27486 26350 26372
27348 27140 25802
27344 25918 26833
27159 25999 26927
27148 25813 27054
26657 26683 26547
26264 26563 26787
27542 25820 26713
27387 26821 26053
26959 26141 27014
26686 25555 27381
26645 26776 26560
26263 26466 26792
27779 26248 26155
27765 26466 25782
27627 26316 26292
27304 26770 26225
27283 26530 26399
27114 26463 26723
27110 26798 26291
26705 26312 26944
28081 25754 26208
27677 25410 26727
27533 26731 26036
27484 26132 26620
27452 26123 26695
27429 26823 26047
27383 25758 27114
27378 26788 26083
27290 26458 26337
27208 26650 26274
27182 25878 26890
27133 26226 26880
26987 26098 27048
26963 26150 26967
26630 26848 26414
26036 26673 26731
28023 26350 25507
27973 25808 26145
27839 26116 26358
27822 26274 25945
27502 26593 26091
27420 25863 26900
27406 26317 26535
27404 26343 26432
27295 27304 25583
27256 26419 26447
27246 26215 26706
27231 26410 26765
27130 26592 26688
27023 25790 27154
26914 26962 26193
26872 25700 27256
26868 26767 26311
26778 25380 27329
26433 26815 26537
26384 26705 26604
28124 26191 25414
27988 26378 25580
27519 26629 26086
27379 26636 26217
27307 26549 26322
27186 25210 27116
27140 26713 26274
27089 26298 26849
27055 26965 26162
26864 25913 27106
26694 26451 26796
26674 26663 26527
26514 27036 26204
26462 26721 26566
28136 25996 25658
27915 25679 26209
27741 25611 26532
27656 26290 26202
27640 26305 26178
27615 26082 26567
27372 25958 26758
27230 26553 26505
27138 26922 26171
27128 25990 27031
26878 26375 26902
26688 26745 26496
26357 26640 26741
28182 25851 26021
27905 26067 26401
27747 26293 26132
27592 26400 26241
27408 25971 26696
27282 26414 26427
27206 26584 26337
27097 25841 27107
27095 26253 26797
27043 26605 26650
27005 26391 26801
26860 26422 26842
28034 26134 25936
27878 26529 25306
27696 25554 26547
27695 25448 26726
27668 25684 26561
27572 26792 25573
27570 26517 26242
27425 27068 25363
27291 27104 25857
27228 25764 27075
27164 26454 26654
27021 26652 26700
27021 25704 27212
26894 26738 26341
26236 26619 26802
28156 25871 26138
28067 26258 25864
27830 26227 26379
27723 25944 26485
27465 26048 26667
27289 26045 26848
27265 27171 25766
27244 25775 27037
27220 26212 26790
26984 25672 27294
26864 26744 26456
26744 26982 26082
26702 26921 26197
26698 25835 27115
26659 26846 26262
26459 26678 26641
26417 26699 26675
28211 25660 26308
27914 25919 26436
27828 26607 25479
27767 26223 26484
27727 26337 26078
27686 26518 25936
27667 26263 26308
27547 26977 26034
27310 27202 25538
27289 27126 25993
27149 26179 26881
27096 27234 25712
27082 27249 25643
27028 26615 26576
26838 26808 26426
26767 25664 27326
26398 27035 26277
26191 26469 26807
27990 26271 26079
27885 26161 26281
27786 25536 26625
27747 26655 25753
27685 26397 26028
27665 26581 26017
27639 25785 26607
27535 25934 26679
27517 26000 26612
27486 25620 26915
27468 25925 26725
27366 26848 26059
27330 26607 26281
27299 27056 25817
27220 26959 26058
27189 26665 26325
27074 25139 27246
27003 25584 27268
26971 26895 26190
26964 27250 25638
26946 27150 26077
26896 25839 27114
26804 26346 26921
26800 26234 26999
26641 26318 26934
26523 27007 26123
26469 26660 26625
26277 26768 26617
