258 103.064
33442 31487 29185 31124
33474 30908 31355 29610
28961 30914 31860 32819
30194 30445 33305 29721
33102 29634 30015 31631
34002 30592 29947 30672
31404 30675 30066 33518
31096 33379 31121 30999
29581 30810 31993 32706
30661 29835 31756 32666
33016 29674 29955 31762
33368 31314 29312 31211
30684 29911 33209 30584
30071 30609 33152 30042
30374 30573 33160 30154
30525 30508 33173 29915
29691 31199 32618 32218
29788 30763 32540 32246
30650 30445 33268 29799
32963 29937 29951 32203
30855 30075 31855 32582
33948 30668 30181 30323
30315 30663 33142 30016
30279 30436 33274 29753
31031 33311 31184 30829
31798 31993 32948 31190
31031 33208 31097 31032
31644 31954 33115 31590
33508 31018 31206 29699
33386 30600 31296 29635
30669 30348 33191 29862
30168 30522 33162 29959
30679 30015 33283 30334
29875 31642 32657 31929
29626 30806 32149 32663
33557 31177 29373 31215
32939 29989 29948 32232
30770 30255 33144 30187
33267 31755 30932 31406
30286 30224 33219 30184
32999 30634 29424 32447
33133 30374 29749 32417
33886 30833 29872 30768
31941 32648 31801 31558
31617 31976 33037 31376
33104 30346 29359 32549
29825 31248 32569 32223
31496 30490 29796 33473
31478 33174 30672 30928
31114 30324 33238 30165
32849 30881 29458 32431
33535 31319 30375 30711
33385 30983 31256 29835
33232 30485 29719 32504
31862 31935 32931 31286
32591 32688 30884 30739
31863 32016 32889 31154
31907 32023 33008 31083
31600 32785 32098 31678
30975 32973 30914 31419
31378 32990 30981 31326
32014 30624 29979 33300
31300 32948 31066 30487
30199 31164 32464 32107
33520 31541 30899 30227
30222 30586 33151 29948
33305 30585 29609 32184
30800 30089 33130 30456
31273 33260 30666 30431
30824 30180 32131 32316
29962 31599 32497 32569
32429 30782 30788 32509
32760 32447 31311 32015
33979 30787 30103 30643
30178 31467 32436 32087
31372 30724 29780 33503
30946 33268 31204 30786
31649 30549 29914 33344
31759 32477 32291 31299
33593 31229 30707 30795
33471 31443 31103 30301
31026 33058 31134 31066
31153 33101 31087 30861
32185 32629 31583 31900
31038 30015 31686 32781
30744 32114 31831 32254
32943 31621 32238 31461
31748 33119 30677 30940
33748 30882 30117 30369
31627 30640 30121 33445
30154 30280 33172 30243
33121 31675 32153 31050
32778 30192 30340 32156
30586 31855 32323 31988
32149 30952 30498 33231
32835 30826 29522 32362
33331 31489 29666 31373
33283 31785 32006 31329
33086 32176 31316 30406
31250 31822 31847 32403
32904 30814 29600 32272
32397 31278 30167 33070
31005 32633 31728 31915
32509 30294 30562 32792
30010 30740 31962 32830
32657 30248 30551 32721
32499 32726 30973 31423
31178 33307 31027 30802
31822 31358 30230 33251
31982 31608 33010 30789
30564 31109 31351 33078
31579 33229 30840 30860
30461 31748 32472 31943
32061 33031 30637 31076
31641 33146 30831 30984
31741 32926 31595 31522
31039 33286 31174 30703
33197 31774 32037 31381
31518 32797 31567 31689
32462 30108 30569 32812
31746 30964 30427 33261
31625 32101 32803 31412
33618 31127 29961 30749
32996 30680 29555 32502
32074 31377 30966 33150
31850 32089 32587 31306
31634 30773 30339 33305
30918 31742 32302 31881
30354 31118 31037 33179
31584 32043 32853 31621
32306 32756 31347 31281
31435 31692 30304 33021
31960 32847 30603 31132
33731 30941 29987 30334
31916 32326 32377 31275
32556 30226 30327 32773
32405 30800 30747 32752
33777 30846 30134 30515
32856 30978 29646 31781
33185 30534 29705 32459
33819 30905 29851 30640
32529 30483 30505 32759
33046 31538 30491 31517
31205 30864 30419 33373
33375 31340 30693 30849
29854 31410 32630 31966
31859 31040 30356 33162
32375 31898 30614 32466
32625 31817 30655 32394
32847 29666 30218 31759
31238 33012 30869 31378
32182 32512 32033 31075
32677 32212 31771 31874
30967 33087 31141 31002
30718 31962 32049 32233
31454 32294 31214 32483
32567 30428 30028 33189
32775 32443 31421 31960
31444 30749 30218 33328
32262 30802 29813 33272
30808 30122 33132 30395
30932 30166 33156 30352
33857 30561 30123 30625
30320 30684 33153 29861
33680 30931 30248 30568
33560 31133 30839 30955
31589 31626 30441 33131
31333 30764 29760 33408
30415 31406 31472 33100
30546 31008 31116 33092
31966 32501 32275 31378
31613 33167 30637 30848
33514 31305 29494 31215
30304 31499 32111 32378
33465 31372 29539 31114
30096 31150 31278 33237
33004 32225 31525 30523
31183 33003 31181 30775
32224 31561 32035 32040
32948 31610 32197 31445
31546 32347 30944 32373
33804 30461 30087 30694
30091 31337 32763 32148
30403 30860 31349 33275
29983 31391 32676 31954
31075 33032 31173 31245
31365 33249 30866 30602
29930 31459 32733 31922
32731 32430 31694 31160
29830 30750 31946 32810
32043 32812 31299 31575
31955 31999 32635 31233
32954 32137 31538 30416
32203 31055 30520 32876
32613 32202 32156 31532
31262 32274 31444 32684
33179 30439 29831 32317
31617 30734 30055 33406
33678 30613 29974 30721
32642 31663 32203 31845
32283 31937 32872 31216
30318 30884 31262 33422
30053 31272 31759 32719
31133 32942 31057 31332
32234 32827 31459 31177
31638 30633 30061 33455
30866 30135 31672 32593
30024 31378 32681 32148
32313 30869 29839 33218
33801 30726 30098 30684
32909 30747 29630 32330
32236 30997 30220 33046
30515 31329 31265 32941
30881 30364 32109 32316
31509 32237 31123 32302
33371 31539 31025 30280
32689 30094 29655 32972
30979 30314 31636 32728
31511 31726 31900 32340
33744 30673 30258 30502
31529 32405 32084 31719
31164 31119 32546 32244
33145 31634 32170 31250
29968 31433 32380 32486
33844 30879 29930 30665
30972 33047 30471 31260
30695 30159 32105 32452
33524 31161 30807 31015
32364 30722 29774 33204
31556 32370 32276 31507
32369 32766 30743 30774
31913 32907 31141 31623
31105 32889 31016 31757
31807 32948 30734 30968
31814 32705 31992 31713
31706 31805 30997 32644
32884 32251 31416 31667
29948 31367 32711 31939
31725 31794 31448 32372
33463 31397 31189 30263
33684 30720 30254 30533
31546 33152 31053 31255
32252 31081 30398 33005
32286 31842 30598 32524
33622 31114 30777 30727
32116 32171 32202 31352
30370 31032 31372 33362
32049 32153 31402 32367
32303 32393 32165 31996
31537 33252 30740 30815
33630 30925 30187 30952
32811 30568 29501 32564
33487 31281 29574 31095
32098 32344 32307 31226
32103 32876 30394 31092
32032 32166 32477 31663
31460 32011 32487 31715
32270 32191 31504 32224
31625 30781 30209 33383
33211 31724 32107 31139
33077 31521 32259 31375
32867 32412 31645 30699
32458 30242 30449 32898
31668 31916 32691 31795
30796 30164 33227 30417
31431 32563 32163 31671
31782 31947 32335 31760
33185 30557 29681 32287
31602 32866 31664 31646
33020 30832 29707 32001
31757 32545 32231 31653
30844 30821 31331 32769
30605 31002 31188 33140
33163 31837 32072 31429
32744 31334 32147 31470
30995 31260 31922 32453
30253 31404 32330 32297
33814 30604 29899 30693
32387 31350 32351 32140
30427 31871 32406 32154
29854 31298 32609 32197
33439 31228 29685 31203
32949 30520 29715 32102
32438 30147 30502 32858
33704 30656 30138 30627
32507 31533 32528 31978
32871 30848 29572 32076
30393 31370 31513 33118
31833 31511 32536 31798
32082 30968 30462 32894
32433 30418 30817 32595
30438 31904 32433 31815
31282 32053 31928 32189
31116 31167 32420 32119
30482 31023 31411 32836
32309 31834 32828 31465
31298 32552 32211 31725
31464 32280 31468 32555
31645 31741 32834 31495
33409 31271 29871 31186
32623 32536 31912 32017
33426 30994 31224 29720
31423 30944 30174 33353
31736 32065 33029 31490
32787 32304 31432 31819
31023 32226 32613 31358
31763 32354 32517 31700
32042 31423 30890 32650
31088 33242 31234 30890
32567 32531 32024 31822
31619 31863 32699 31835
32452 30337 30129 32985
29987 31369 32782 31918
32091 31372 30011 33016
33155 31708 30849 31490
30195 31212 31784 32819
31663 32120 32366 31772
33782 30693 30317 30364
32520 32588 30760 31225
33595 31062 30346 30746
32163 31571 32552 31475
31902 31063 30301 33188
30240 31045 31635 33034
30149 31137 31797 32844
32794 30792 30041 32420
31698 32885 31466 31644
30620 30916 31706 33008
32927 31607 31810 31485
33217 31846 31867 31362
32630 31186 29585 32310
30106 31159 31626 32892
32174 31776 32315 31867
31579 31089 32014 32168
32519 32614 30768 31173
30485 31422 32395 32135
32454 31243 32177 32028
33784 30666 30155 30545
32322 32361 32081 31805
30238 31446 31292 33142
32027 31530 31180 32997
32579 32621 30852 31107
32292 31977 31559 32072
31930 31739 32772 31560
31518 32033 32597 31641
33865 30699 30191 30497
31739 32724 31820 31630
29910 31031 31868 32683
32896 31682 32042 31436
32126 31463 30018 32879
30999 32131 32732 31213
32483 30703 30079 33171
31606 31733 32274 32059
30141 31192 32282 32541
33351 31676 31939 31321
30160 31145 31606 32910
33639 30935 30292 30879
32160 31981 31115 32446
31349 31682 31246 32639
33782 30766 30107 30391
32474 32698 31665 31872
30123 30946 31838 32749
31534 31640 31153 32657
32170 32843 30446 30985
32247 30790 29911 33124
31585 33162 30852 30604
31558 30887 29985 33370
33734 30891 29802 30791
32602 30326 30151 32873
30620 31266 31386 32943
32687 32375 31495 31743
31464 32027 32647 31699
30514 31202 31715 32678
32590 30396 30316 32957
31149 32932 31344 31316
32229 31762 30911 32354
32695 30341 30529 32594
32714 32382 31750 31317
30340 31045 31744 32854
31814 31959 32791 31657
29945 31546 31698 32585
31889 32047 31387 32388
33097 30612 29617 32263
32931 31219 29892 31595
32570 31404 30718 32194
32597 32578 31001 31566
30138 31181 31881 32545
31182 33092 31171 30671
32318 31026 30236 33042
33703 30624 30355 30703
32978 31213 29920 31768
29920 31487 32518 32173
33403 31438 31229 30336
32577 30446 30048 32715
31083 30175 31651 32804
32920 31591 30200 31563
32017 31857 32717 31753
32214 32111 32224 31145
31320 31907 31713 32390
32348 30282 30301 32968
33843 30675 29966 30663
31058 31291 31986 32448
32991 32080 31934 31261
32488 32383 32053 31829
31923 31339 32740 31588
32726 31572 31615 31741
30908 32462 31939 31933
30272 30998 31638 32924
30390 31199 31727 32880
33035 32536 31070 30848
32788 30843 30298 32695
32650 32260 31944 31757
31680 31292 31330 32709
30784 30086 31719 32611
30930 32093 31800 32473
32336 30236 30467 32890
33438 31505 31215 30400
33064 32385 31440 30667
31854 32048 32634 31547
31121 32062 31573 32438
30493 30977 31546 32912
31232 31388 31235 32795
33650 30989 29846 30801
30350 30327 33271 29709
32936 30494 29669 32609
32670 30400 30312 32657
31877 32726 31326 31300
32191 31931 31338 32265
33001 31881 31975 31102
30867 31353 32266 32122
30876 33234 31145 30936
31794 31849 32680 31791
33370 31517 31058 30256
33420 31387 29584 31019
33662 30851 30095 30631
31728 32824 31675 31259
30077 31260 31693 32737
33459 31285 29881 30904
32090 31945 30971 32530
31476 30722 30077 33514
33457 31379 29872 30909
32539 32573 31697 31917
30491 30803 31484 33036
31495 32055 31746 32179
32561 32553 31818 31857
32102 31913 31124 32487
32109 32308 32365 31152
32436 31664 30680 32415
32742 30898 30279 32409
30713 31745 32627 32075
33385 30899 31284 29619
32358 31579 32285 31774
32518 32461 31640 32067
31808 31990 33128 31210
30177 31478 32514 32168
32378 31217 32530 31734
30818 31708 32106 32227
33785 30809 30094 30428
33706 31017 30129 30490
32339 32814 30505 30824
31055 31759 32073 32357
32091 32070 31082 32249
32276 31000 30382 32914
31623 33053 30880 31067
30260 30857 31889 32805
31514 33236 30762 30660
32618 30471 30584 32469
31520 31766 32352 31841
32888 31584 29663 31614
30539 30665 31252 33212
32170 32598 31802 31106
32151 31886 30584 32634
30122 31524 32637 31931
31532 31925 31273 32617
33123 31306 32214 30967
30229 31060 31738 32851
32449 31765 32063 31950
31408 31763 31375 32602
33653 30714 30172 30638
31221 31783 32396 31842
32801 32277 31893 31584
32075 32145 32516 31609
31143 30701 30284 33381
31339 31971 31874 32218
30758 32144 31641 32368
32685 30412 30599 32628
30631 30767 31752 32608
32205 32575 32021 30994
32841 31113 29657 32211
33878 30854 29884 30397
33440 31012 30399 31168
31587 31570 31198 32733
30180 30708 31869 32920
32328 32360 31651 32053
33399 31478 29717 30929
32445 30289 30413 32830
31135 32157 31507 32620
33479 30683 31251 29621
33520 31277 29507 30908
33369 31833 31624 30878
32933 32311 31602 30942
