1170 92.1485
8484 7392 9204
9013 9194 7497
9574 8151 7910
7551 8030 9496
8189 9555 8063
7234 8802 8964
7337 8466 9284
7270 8818 8936
9258 8879 7570
7379 8243 9429
9221 8957 7536
9394 8768 7605
8174 7436 9354
8476 9346 8359
8199 7502 9344
9159 9051 7694
8540 9316 8295
9535 8153 7827
7560 8241 9417
7250 8921 8856
8814 7462 8883
8514 7393 9106
7852 8403 9166
7946 8384 9236
8267 7484 9326
7404 8520 9232
7555 8023 9473
7447 8690 9136
7436 8811 8934
7936 8210 9256
8479 9378 8279
9101 9129 7742
8030 9023 8778
8363 9534 8114
8159 7609 9348
9234 8910 7520
8465 7412 9168
7507 8045 9488
7942 9546 8103
9139 8947 7758
7743 8381 9305
9059 8565 8347
7994 9238 8463
9147 9063 7619
7923 7943 9337
7485 8752 9006
8342 9358 8317
7612 8134 9462
8908 7968 8724
8180 9519 8173
7411 8859 8925
9261 8898 7512
8150 7616 9361
7687 8645 9127
7886 9209 8565
8510 7473 9090
8283 7585 9289
8111 9136 8647
8246 7521 9330
8618 8682 8551
8947 9246 7669
8960 7917 8675
8855 8251 8569
7666 8150 9438
9204 8934 7715
8335 9461 8259
7867 8329 9310
7678 8234 9428
8348 9501 8177
9416 8762 7684
9335 8473 8040
8293 9037 8762
7464 8769 9014
8734 8658 8615
7422 8211 9429
8696 9288 8096
8974 8574 8410
8678 8692 8537
8576 8985 8455
8452 7997 8944
9086 9160 7787
7833 8673 8953
7716 8588 9142
9498 8324 7916
8623 8482 8673
9215 8973 7658
8543 9226 8338
8823 8617 8578
8964 9081 7900
7813 8743 9006
8296 7671 9267
9178 8935 7763
8597 9418 8143
8264 7423 9340
7675 8501 9177
8559 7842 8991
8777 7926 8841
9242 8917 7500
9297 8317 8137
8684 9090 8266
9116 9104 7640
8726 8048 8789
8457 7694 9114
8569 9300 8199
9478 8366 7806
7800 8296 9318
8780 7791 8914
7768 8087 9397
9438 8288 8014
8562 9425 8079
9034 8994 7889
8169 9011 8787
9047 7666 8660
9504 8305 7632
8952 9121 7910
9425 8687 7649
8615 9395 8055
8426 9385 8306
7727 8764 8930
8315 9509 8156
9151 8371 8314
8861 8872 8204
7930 9275 8436
7879 9191 8594
8690 7773 8941
8854 7984 8680
7722 8162 9404
7581 8184 9445
8590 9056 8426
9514 8191 7905
9322 8094 8186
8004 8422 9000
8775 7955 8877
8446 7746 9073
9197 8398 8251
8650 8892 8396
8916 9216 7734
9067 8950 7957
8505 7925 8983
8441 9465 8221
8123 7648 9350
8322 7544 9278
9419 8262 8090
9092 9110 7839
8878 8785 8134
9170 8480 8288
9472 8395 7814
9073 8449 8301
9394 8354 8052
8749 8805 8480
8047 8283 9010
7826 8244 9384
8064 8225 9042
9434 8369 7823
9052 8779 8099
9442 8200 8085
9193 8639 7971
8260 9516 8183
7916 8436 9058
8769 8012 8823
9143 8819 7977
8998 9212 7846
9127 9102 7782
8393 7798 9038
8291 7533 9285
8114 9091 8542
8000 9170 8522
7971 8650 8959
8126 7732 9302
8669 8833 8333
8967 7909 8679
8866 7524 8849
8273 7643 9295
9124 8906 7868
7589 8100 9468
9008 8663 8365
8192 7884 9078
8288 9177 8451
7757 8265 9375
8638 8966 8343
8209 9063 8586
7987 9303 8419
8347 8928 8605
7632 8621 9145
8041 9265 8438
9159 8993 7726
7646 8268 9394
8411 7685 9116
8101 8898 8921
8533 9142 8468
8875 8143 8513
9519 8089 8019
8702 7876 8927
8647 7765 8962
8330 7858 9070
8296 9487 8228
8937 8632 8428
8099 7665 9372
8054 8003 9314
8848 8551 8579
9331 8598 7855
8223 7870 9125
8555 7896 8974
8490 7581 9086
7700 8604 9141
8717 8078 8832
7927 9069 8783
9090 9075 7873
8391 7827 9068
9039 9161 7723
7904 9232 8476
8979 8628 8402
8602 9203 8233
7777 8082 9401
9248 8841 7851
7655 8539 9175
9341 8468 8036
8688 7960 8894
8257 8708 8829
8320 7656 9274
9027 9169 7795
9491 8244 7930
8134 9118 8483
9345 8576 7929
8919 7417 8799
8644 8060 8934
7512 8801 8969
9401 8408 7999
8371 8793 8732
8829 9229 7832
7607 8182 9450
9374 8440 7986
9427 8428 7998
8323 8885 8808
7572 8526 9202
8522 9435 8078
8723 8017 8839
7476 8460 9260
9180 8438 8276
8573 7743 9031
7896 8009 9342
9188 8961 7749
8835 7975 8811
8728 8042 8802
9271 8415 8110
8034 8280 9055
8611 9258 8194
8500 8232 8689
8991 8954 7947
7901 8568 8989
9210 8170 8445
8379 8798 8712
9488 8269 7924
9001 9199 7766
8627 7819 8985
8926 9094 7940
8190 8900 8858
7908 8509 9034
7954 8450 9003
7519 8430 9308
8548 9281 8297
9354 8257 8158
9481 8303 7922
8529 9351 8319
7637 8593 9153
7625 8739 9018
8503 9306 8365
9200 8961 7664
8682 8831 8321
8715 8827 8263
7472 8511 9273
8403 8517 8700
8238 8608 8872
8706 7870 8907
8042 9167 8528
8364 7710 9123
9285 8719 7881
8803 8065 8772
8552 9285 8209
9400 8553 7884
9207 8495 8150
8367 9408 8286
9356 8130 8120
8568 9180 8421
7785 8032 9401
8888 8014 8651
8428 7679 9119
7501 8680 9077
8842 9019 7989
8216 8851 8817
9389 8391 8029
9042 8309 8380
8985 9154 7859
9367 8525 7894
8087 9159 8498
8902 8118 8590
8024 8552 8998
9466 8336 7980
8764 8583 8591
9013 8357 8372
8557 8138 8897
9532 8146 7936
7656 8707 9013
8140 9071 8520
7550 8701 9048
8610 8773 8613
9274 8413 8169
8985 8923 7962
7545 8748 9018
8737 8167 8642
8582 9215 8212
8709 8173 8703
7701 8330 9352
8642 8977 8303
8369 9490 8176
8358 8488 8753
8418 7557 9216
8487 9446 8027
9412 8445 7967
8464 9453 8134
7522 8631 9182
9430 8507 7920
8912 7891 8741
8898 8181 8494
8421 9266 8384
8660 8697 8487
8792 8121 8742
9028 7849 8599
8440 7784 9075
8249 7815 9227
9308 8218 8162
8524 7804 9017
7530 8711 9046
8742 7813 8892
8401 8176 8867
7793 8203 9392
8989 8088 8626
8604 9142 8329
9107 8348 8360
8883 9246 7802
9531 8266 7903
8284 7579 9298
8787 9197 7955
8232 7559 9327
9186 8278 8390
8077 7625 9389
8813 7715 8913
8072 7906 9083
7529 8647 9132
8640 8547 8658
8408 7637 9197
8279 7780 9280
8539 7759 9023
8214 9444 8285
8242 7700 9310
9020 8349 8458
8078 8921 8846
8017 7699 9321
7536 8676 9091
8390 9401 8242
9461 8046 8032
7829 8457 9287
8235 7946 9069
7978 8361 9084
8780 8001 8797
7569 8672 9099
9410 8308 8074
9122 8377 8318
7591 8723 9045
8016 9146 8547
9134 9041 7717
8326 8039 9064
9379 8160 8106
8307 7758 9211
8315 7755 9186
8285 9357 8407
8918 9002 8009
7966 8342 9167
7722 8276 9379
8455 7554 9151
7753 8355 9334
9023 9191 7774
8884 8103 8655
8594 8701 8632
9290 8296 8141
8653 8789 8505
8462 7551 9214
8010 9186 8507
8136 9062 8627
8713 7854 8884
9507 8196 8007
8161 9388 8332
8821 7983 8746
9223 8459 8246
8632 8166 8818
8755 8727 8387
7960 8356 9102
8655 8853 8299
8311 9432 8277
9455 8034 8099
8354 7624 9226
9267 8594 8003
7796 8757 8998
9386 8085 8107
8059 9151 8515
9098 8733 8149
8934 7777 8718
9363 8393 8020
9345 8332 8125
9254 8626 8070
9150 8933 7779
9232 8870 7878
8331 7720 9261
8470 7678 9059
8096 8909 8904
9321 8679 7770
8314 9002 8599
9210 8492 8147
8406 9476 8116
8668 8889 8282
8248 9479 8244
8280 9472 8235
9277 8653 7943
9135 8540 8195
8326 7570 9271
8698 8073 8891
8869 8347 8501
8413 8258 8708
7956 8229 9200
8635 7899 8972
8864 9272 7831
9448 8633 7675
8435 7564 9193
7979 8350 9060
8928 9045 7984
8584 7640 9079
8893 9153 7893
9114 8591 8077
8797 8671 8488
8841 8562 8530
9188 9015 7633
8149 7661 9334
8308 8136 8947
8806 8081 8686
8012 8338 9024
8241 7823 9210
9456 8637 7646
8662 8845 8292
8867 7981 8735
8202 8114 8953
7600 8648 9082
9237 8909 7731
8202 9071 8472
7586 8648 9096
9132 8637 8023
8092 9157 8491
8090 7903 9188
7727 8110 9449
8744 7826 8882
9243 8730 7870
9509 8156 7953
8774 8127 8750
9446 8274 8004
8842 7974 8758
8664 8205 8709
9240 8559 8072
9281 8533 7942
9189 8866 7940
8714 8132 8768
8761 9114 8071
8927 9249 7676
9187 8522 8218
7538 8404 9328
8503 9188 8376
7611 8152 9435
7887 8535 9059
9302 8158 8165
8460 8742 8638
8333 8847 8717
9306 8667 7849
8757 7803 8888
9336 8396 8069
8794 9148 7913
8700 8185 8758
8295 7728 9235
8560 9251 8240
8164 9063 8608
8607 8222 8694
8475 8221 8695
8836 8972 8161
7502 8601 9195
9285 8068 8237
8500 7630 9082
9230 8628 8017
8434 9398 8238
8374 7660 9157
8223 7845 9271
8156 7567 9349
8399 7614 9226
8807 8006 8720
