133 3.68766
9513 8772
9172 9285
9280 9159
9105 9399
9198 9262
9306 9155
8833 9554
8454 9702
9220 9222
9324 9145
8864 9518
8761 9622
8701 9637
8764 9593
9465 8959
9261 9210
9206 9245
8992 9500
8396 9720
8881 9516
8811 9581
9457 8965
9161 9302
9082 9423
8358 9747
9525 8746
9479 8915
9408 8975
8397 9710
8277 9749
9156 9345
8658 9656
9538 8740
9383 9080
9275 9185
8614 9676
9467 8918
9401 8994
9310 9149
9171 9294
9107 9378
9090 9410
8834 9525
8824 9557
8533 9695
9520 8762
9389 9044
9133 9351
9130 9358
8770 9589
8615 9665
8402 9706
8308 9748
9509 8839
9485 8907
9359 9116
9051 9453
8575 9681
