29 7.0171
30037 30700 29557
29554 30393 30039
30926 30250 29850
29580 30700 29890
29556 30557 29964
30820 30206 30005
30141 30611 29587
30114 30798 29360
30324 30285 30025
30305 30835 28624
30063 31006 28445
29966 31018 28997
29905 30289 30238
29850 31229 29682
29400 29865 30542
29330 29250 30727
29322 29892 30722
28921 31457 28881
30999 29708 29527
30577 29967 30231
30430 30790 29178
30400 30422 29560
30319 30560 29956
30118 30683 29685
30106 30114 30262
30095 30953 28872
30080 29946 30307
29892 31239 28816
29603 30370 30064
29417 29844 30726
29398 30511 30660
29282 30805 29904
29157 31589 28462
29150 30495 30741
29100 29717 30968
29096 30510 30683
29063 31572 28742
28873 31611 28958
30930 29950 29764
30847 30271 29864
30774 30225 29896
30696 30361 29722
30575 29870 30385
30553 29943 30245
30485 30741 29041
30436 30749 29550
30415 30395 29846
30412 30214 30176
30405 30797 29029
30350 28982 30484
30209 30803 28777
30198 29103 30584
30184 30917 29283
30174 30569 29569
30151 30982 28618
30114 31021 28411
30114 30642 29839
30111 30898 29459
30061 30191 30521
30052 30933 29046
30048 31233 28667
30023 30996 29076
30017 30788 29574
29888 30920 29166
29885 31036 29616
29869 31331 29565
29846 31390 29681
29741 31253 29721
29736 31479 28648
29651 30357 30057
29614 30365 30343
29585 30470 30020
29555 30278 30538
29546 30485 30255
29544 31076 29765
29524 30710 30534
29304 30010 30700
29285 31422 29116
29252 31629 28430
29135 30535 30591
28998 31678 28459
28996 31508 28757
28792 31756 28981
