778 67.7056
8066 9296 8573
9151 9141 7638
8298 8274 9118
8480 8085 9011
8187 9687 8034
9523 8410 7855
9329 8250 8376
9096 8157 8595
9127 9172 7671
9518 8605 7710
9510 8707 7741
8405 8097 9035
9211 8130 8516
8283 8405 9091
8100 9456 8338
8133 9160 8740
9277 8347 8467
9316 8952 7792
8238 9655 8085
8363 8293 9064
9213 8323 8487
9506 8652 7756
8414 8145 9024
9273 8974 7780
8333 8359 9080
8395 8439 9045
8388 8362 9048
9465 8704 7851
9486 8757 7806
9360 8473 8371
8539 8734 8996
8115 9440 8364
9227 8385 8482
9483 8614 7894
8109 9191 8704
8657 9505 7865
9495 8674 7768
8152 9553 8288
9064 9210 7906
8467 8250 9017
8178 9187 8713
9130 9167 7824
8511 8538 9010
8309 9675 8055
8574 8740 8896
9047 9240 7836
8333 9631 8037
8542 8547 8988
8363 9650 8031
8327 8419 9059
8380 8315 9056
8521 8756 8947
9475 8449 8147
9482 8696 7829
9454 8773 7914
8626 8572 8969
8482 9588 8017
9197 8276 8493
8558 8562 8978
8387 9603 8006
8747 8631 8887
9468 8595 8104
9402 8481 8361
9393 8810 7872
9433 8498 8208
9236 8306 8480
9247 8900 8175
9141 9096 8029
9266 8703 8334
8271 9621 8079
9504 8576 8047
9017 8397 8641
9165 8457 8501
8374 8497 9035
8290 9432 8405
8488 9182 8733
8865 8510 8857
8310 8360 9070
8547 9027 8720
9423 8608 8181
8243 9139 8742
8579 8838 8825
8164 9580 8207
8716 9395 8201
8352 9608 8131
9322 8516 8329
9173 8833 8398
8341 8391 9059
8600 9512 8124
9310 8519 8406
9013 9256 7985
8946 9337 7988
8948 9305 7882
9007 8476 8691
9180 9127 7949
9257 8988 8081
8339 8552 9020
8638 8452 8962
8825 8784 8731
9407 8667 8153
8184 9557 8236
8770 9411 8008
9238 8747 8290
8597 8728 8925
8748 8714 8846
9199 8156 8522
9283 8996 7769
8190 8863 8919
8315 8894 8888
8447 8950 8820
8685 9161 8533
8655 8688 8900
9026 9246 7941
9414 8387 8237
9106 9146 7980
8614 8613 8940
9111 8856 8508
8228 9384 8466
8517 9515 7999
9298 8640 8267
9499 8588 8117
8728 8870 8796
9223 8625 8418
9454 8580 8141
9447 8639 8076
9332 8542 8274
8821 8557 8871
8759 9316 8196
8262 8995 8855
9054 9133 8249
8925 9259 8257
8170 9570 8212
8154 9537 8260
8493 9535 8086
8345 8983 8847
8422 9562 8089
8210 9526 8279
9371 8845 8027
9442 8765 7965
8631 8928 8770
8461 8790 8930
8559 8693 8956
8741 9001 8670
8664 9248 8443
8892 8563 8808
8426 9540 8110
8221 9351 8485
8437 9518 8154
9263 8776 8280
8570 9399 8433
8379 8507 9031
8860 8861 8668
8692 8592 8917
8932 9272 7996
8661 9311 8438
8400 8567 9015
8386 9617 8004
9171 8724 8458
9505 8529 8038
9002 8820 8523
9087 8990 8311
9080 9166 7912
8562 8823 8908
8937 8941 8566
9039 9175 8040
8878 8866 8627
9341 8616 8265
9102 8936 8380
8566 9449 8190
9197 9030 7921
9293 8454 8420
8735 9224 8368
8890 8795 8658
9435 8621 8112
8527 9479 8132
8499 9073 8687
9159 8902 8357
9062 8478 8631
8641 9460 8171
8311 9561 8224
8429 9453 8285
9448 8814 7813
9155 8906 8424
9122 9004 8284
8272 9421 8431
9092 9149 7938
8508 9570 7991
8840 9364 7810
8674 9475 8062
8633 8895 8784
9327 8503 8356
8516 8958 8773
8750 9175 8475
8757 9008 8650
8874 9277 8136
8788 9216 8407
8777 8967 8674
8188 8874 8934
8327 9121 8756
8255 9331 8499
9029 9222 7976
9023 9199 8307
9390 8491 8230
9521 8415 7952
8366 9628 8052
8612 8718 8877
8391 9346 8466
8198 9456 8330
8305 8921 8894
9364 8846 8070
8621 9018 8691
9440 8806 7876
8218 8864 8918
8605 9014 8723
8987 9200 8093
9355 8829 8167
9113 9130 7970
9127 9113 7955
8440 9482 8204
8985 8991 8529
8906 9203 8347
9040 9244 7936
8973 8761 8608
8257 8816 8926
8697 8882 8763
9421 8779 8128
8797 9323 8118
8555 9068 8702
9516 8440 7989
8557 9534 7930
9346 8656 8243
9068 8687 8551
8593 9062 8618
8984 9215 8066
8683 8662 8909
9379 8596 8220
8414 9521 8116
8582 9406 8293
8227 9548 8247
9347 8488 8282
8410 8311 9018
8383 9611 8014
8646 9240 8554
9519 8445 7853
9309 8601 8415
8371 9576 8206
8309 9677 8016
9186 8972 8339
8884 8880 8626
8206 9144 8753
9242 8927 8160
8500 9032 8779
8834 9259 8269
9350 8908 8050
9251 8410 8469
8694 9488 7928
8843 9123 8459
8959 9092 8383
8590 9462 8162
9335 8505 8303
9167 9110 8022
8992 8842 8537
8713 9274 8335
9178 9084 7974
9302 8649 8259
8287 9377 8455
8830 9152 8462
9451 8551 8178
9043 8964 8402
8784 9170 8450
9389 8825 7819
8537 9530 7960
8401 8933 8841
8917 8962 8543
9145 9135 7951
8398 9568 8215
8868 8877 8644
9059 8770 8521
8586 8682 8937
8812 9321 8161
8558 8533 8992
9046 8801 8598
8553 8917 8779
8869 8646 8685
8475 8993 8792
8250 9012 8804
8914 8980 8541
8251 8847 8941
8849 8880 8676
8816 9187 8404
8722 9450 8057
8760 8923 8695
8909 8841 8578
8851 8839 8697
8284 9132 8736
8402 9043 8750
8329 9041 8787
8739 9054 8607
8505 9289 8495
9289 8661 8318
8942 8828 8571
8668 9254 8436
8354 9290 8517
8863 9040 8591
9073 8943 8357
8451 8931 8863
8708 9065 8597
8803 9302 8227
8731 9262 8422
8552 8605 8971
8408 9184 8708
8940 8997 8489
8946 8792 8604
8583 9164 8575
8595 9283 8511
8729 8658 8863
8799 9227 8287
8765 9051 8590
8261 9370 8463
9208 9048 7882
9206 8788 8296
8720 9286 8322
8470 9442 8363
8652 9154 8610
8703 9359 8375
8378 9355 8452
8605 9387 8343
8779 9380 8181
8787 9375 8049
8903 9267 8074
8683 9100 8569
8902 9116 8421
9376 8584 8231
8828 8676 8721
8438 9498 8128
8515 9088 8649
8410 9584 8068
8707 9231 8444
8897 8829 8654
9191 9129 7818
9165 8805 8411
8608 8805 8835
9375 8939 7920
8679 9133 8589
8882 8993 8555
8479 8922 8814
8166 9035 8811
8979 9106 8381
8930 9055 8473
8792 8695 8827
8320 9543 8239
8746 9104 8544
8457 9538 8099
8970 8954 8549
9216 9002 8097
8552 8862 8880
8611 8672 8957
9477 8623 7990
8692 8607 8914
8463 9457 8227
9183 9045 8020
9386 8532 8233
9148 8979 8186
9255 8853 8126
8992 9079 8344
9033 9070 8298
8648 9424 8246
8485 9483 8165
8601 9469 8158
8920 8820 8601
8330 8946 8867
8506 8921 8876
9411 8618 8168
8298 9370 8458
9237 9103 7871
9287 8767 8216
8672 8976 8677
8624 9329 8386
8586 9390 8327
8669 9437 8101
8448 9491 8195
8534 8885 8804
8417 9326 8470
8483 9206 8660
8564 9446 8242
8307 9415 8382
8428 9494 8295
8594 9057 8638
8200 9364 8479
9076 8996 8305
8277 9305 8491
9383 8807 7879
8645 8973 8746
9308 8850 8168
9192 8849 8320
8853 8947 8621
9035 8913 8413
8965 9242 8025
9219 8762 8300
8857 8671 8681
8523 8937 8766
8455 9252 8641
9098 8890 8484
9233 8750 8309
9051 8892 8477
8824 8647 8832
9228 9028 8059
8933 9063 8427
8707 9403 8151
8385 9265 8584
8701 9209 8502
8543 9092 8612
8911 9299 8019
9106 8910 8351
8838 9081 8535
8828 8925 8634
8418 9543 8111
8472 9467 8217
8368 8406 9046
8524 9464 8179
8842 8888 8664
8514 9551 7973
8365 8971 8830
8899 8782 8622
8820 9158 8406
9142 8752 8500
8661 9418 8138
8449 9281 8578
9117 8797 8456
8891 9308 8095
8538 9471 8156
8760 9293 8277
9378 8483 8367
8474 9502 8127
8531 9450 8234
8322 8955 8871
8997 8939 8514
9069 9021 8273
8637 8807 8817
9022 9035 8366
8551 9021 8706
8807 8948 8615
8961 8815 8559
8782 9242 8316
8279 9489 8323
8371 8949 8850
8326 9304 8503
9058 9113 8139
8241 9019 8828
9082 8981 8336
8704 8690 8866
9030 9202 7963
8767 8763 8799
8810 8855 8710
9027 8808 8547
8370 9630 8012
8384 8956 8838
8676 9477 8031
9381 8804 8033
8782 8914 8662
8389 9011 8803
8953 9109 8354
8305 9529 8262
9221 8682 8359
8361 9525 8240
8651 9435 8166
8393 9486 8328
8359 9349 8481
8809 9363 8036
8766 9392 8071
8953 9023 8390
8169 9564 8217
8899 9077 8515
8721 9426 8137
9203 8757 8359
9281 8955 7961
8998 9129 8324
8754 9123 8523
9231 8866 8203
8805 9106 8497
8207 9044 8800
8873 9128 8447
8643 9425 8184
8634 9017 8655
8963 9256 8188
8971 9013 8394
9338 8691 8207
9119 9083 8247
8795 9298 8241
8935 9072 8425
8857 9143 8389
8598 8912 8795
8656 9033 8646
8376 9620 8007
8870 9357 8075
8467 9230 8602
8965 8670 8637
9016 9037 8329
8669 8984 8679
8773 9144 8465
