937 82.8463
3047 3068 2288 3481
2663 2970 2807 3703
3600 3237 2638 2961
2747 3218 3693 2914
2725 3948 2819 2871
2225 3411 3379 3120
3153 2563 3306 3000
2979 3405 3391 2479
3362 3397 3058 2519
2258 3417 3379 3068
3036 3123 2307 3478
3234 3457 3125 2555
3143 3462 3155 2530
2754 2636 3266 3384
2231 3403 3395 3095
2929 2574 3412 3267
2767 2596 3272 3401
2290 3545 3274 3119
3537 3321 2777 2892
3575 3273 2744 2881
2310 3381 3257 3206
3193 3552 2364 3213
2413 3409 3197 3339
2278 3364 3402 3144
2837 3232 2687 3673
3552 3184 2872 3102
3583 3290 2672 2955
2783 2619 3329 3357
3244 3375 2354 3305
3125 2589 3315 3001
3249 3348 2383 3305
3280 3481 2327 3191
2822 2612 3283 3354
3203 3494 2473 3290
2326 3560 3134 3221
2344 3297 3308 3292
2715 2986 3676 3048
2537 3935 2842 3043
3524 3212 2589 3066
2798 3042 2897 3680
3034 3538 3261 2573
2668 2928 3663 3067
3227 3481 2337 3276
2872 2904 3558 3136
3175 3480 2463 3315
3182 3627 2981 2613
2661 3168 3679 3040
3323 3699 2808 2931
2864 3941 2663 2847
2661 2977 2836 3687
3110 3585 3177 2875
3318 3424 3126 2560
2787 2730 3513 3212
3238 3461 3122 2763
3100 3332 3320 2564
2393 3562 2825 3414
2775 3912 2858 2917
3129 3450 2412 3369
3367 3232 2502 3260
2703 2923 2786 3698
2654 2894 2868 3692
3476 3327 2556 3079
2558 2947 3501 3236
2647 3042 3659 3058
2774 2650 3307 3357
2524 2956 3256 3485
3156 3605 2436 3195
3158 3631 2968 2590
3083 3675 3071 2783
3114 3621 3073 2717
3120 3280 2491 3464
2996 3925 2822 2883
2846 2817 3195 3344
2898 3283 2836 3650
2353 3101 3404 3256
3530 3185 2810 2999
2813 3862 3030 3014
3196 3578 2991 2691
2856 3854 2937 2997
3591 3264 2746 3000
3224 3474 2467 3200
2914 3236 2741 3618
2771 3097 3000 3640
3335 3341 2424 3202
3263 3572 2449 3114
2967 3527 3273 2598
3558 3253 2789 2981
2975 3220 3489 2949
2317 3127 3383 3280
2398 3018 3449 3262
3083 3497 3270 2752
3488 3256 2677 3170
2605 2984 3551 3203
3044 3557 3244 2658
3103 3530 3201 2616
3026 3686 3184 2786
2562 3193 3173 3497
2880 2756 3358 3335
3208 3488 3142 2583
2615 3002 3248 3474
3098 3784 2701 2927
2924 3917 2871 2899
3168 2771 3084 3286
2809 2970 2955 3656
3520 3297 2667 3104
3207 3708 2739 2854
2580 3080 3576 3129
2903 2847 3382 3250
2749 3048 3570 3178
2633 2969 3601 3171
2868 3788 2917 3109
3136 3597 2994 2684
2821 3033 2953 3667
3236 3383 2394 3309
3483 3103 2889 3059
2435 3164 3297 3318
2402 3414 3372 3112
3038 2837 3366 3154
2708 3022 3649 3071
3270 3315 3116 2710
3031 3300 2597 3517
2541 3539 2919 3439
3274 3569 3069 2747
2894 3029 3040 3524
3189 3452 3180 2701
3327 3574 2935 2632
3016 3439 3349 2742
2743 3334 2862 3592
2637 3056 3625 3044
2691 3308 2716 3611
2946 3074 3548 2983
2644 3442 2814 3510
2900 3800 2904 2986
2820 2684 3484 3242
2513 3369 3129 3451
2377 3159 3323 3331
2489 3216 3368 3186
2601 3015 3629 3131
2505 3037 3315 3356
2735 2806 3472 3241
3460 3179 2908 3082
3245 3509 2532 3081
3135 3654 3114 2653
3358 3196 2778 3239
3141 2742 3189 3144
3215 3547 2452 3292
2752 3155 3171 3541
2737 3204 2923 3598
2386 3248 3332 3321
2509 3365 3099 3459
2493 3039 3263 3470
3564 3297 2748 3036
2992 3115 3529 2902
2603 3512 2947 3446
3447 3406 2583 2924
3022 3907 2831 2801
3059 3746 2930 2993
2499 3137 3309 3362
2422 3388 3213 3320
2780 3842 2957 3031
2922 3875 2820 3032
3391 3317 2731 3157
3294 3310 2611 3299
3165 3245 2538 3394
3300 3445 3067 2729
2719 3040 3134 3576
3426 3391 2576 3113
2678 3186 3224 3408
2822 2909 3531 3208
2741 3011 3621 3094
3265 3462 2386 3251
2841 3342 2769 3561
2882 3807 3053 2968
3028 3740 2970 3067
2628 2972 3616 3142
3433 3409 2481 3015
2572 3016 3667 3100
2861 2994 3039 3534
3253 3524 3116 2830
2843 3130 2961 3604
2982 2944 3313 3327
2652 3254 3006 3549
2372 3264 3210 3388
2574 3505 2727 3453
2610 3567 2932 3397
2907 3898 2866 2905
2970 3719 3076 2890
3268 3673 2932 2778
3032 3871 2919 2937
2932 3916 2857 2805
2434 3392 3167 3340
3168 3581 3110 2713
3121 3616 3155 2724
2863 3263 2913 3628
2549 3366 3090 3423
2449 3430 3137 3333
2552 3070 3431 3288
2840 3850 3001 2897
2781 2954 2960 3663
2322 3210 3376 3283
2371 3351 3294 3301
2442 3387 3205 3355
2567 3076 3606 3151
2887 2797 3339 3347
2282 3440 3278 3237
2910 3212 3522 2979
3504 3167 2839 3125
2889 3794 3023 3019
2817 3128 3023 3583
3410 3262 2758 3191
3330 3286 2655 3255
3153 2776 3121 3208
2849 2882 3388 3298
2878 2678 3442 3268
3156 3637 3086 2621
3199 3565 2606 3034
3078 3411 3284 2667
2597 2852 3666 3122
3383 3328 2601 3183
3311 3430 2512 3238
3242 3466 2332 3175
2762 3083 3160 3565
2738 3314 2713 3630
3169 3624 3091 2637
2881 3090 2941 3601
2943 3147 3542 2868
3035 3447 2572 3463
2852 2691 3219 3399
2847 3886 2869 2975
2902 3902 2903 2887
3301 3279 2633 3271
3020 3774 2988 2712
3107 3454 2487 3371
3497 3309 2665 3083
2480 3359 3395 3161
3414 3518 2529 2915
3066 2761 3193 3167
2463 3379 3278 3232
3240 3533 2398 3180
3096 3426 2721 3227
2832 3036 2994 3625
3299 3409 3079 2672
3408 3437 2645 3004
3465 3302 2782 3182
3152 2696 3095 3233
3003 3648 3139 2944
2784 2659 3405 3328
2948 2827 3345 3240
2680 3005 3419 3317
2972 3865 2882 3011
2879 2867 3473 3164
3086 3764 2907 2968
3423 3420 2562 2942
3339 3250 2630 3247
3118 3401 2432 3316
2791 3079 3643 2954
3373 3376 2833 3100
3069 3530 3224 2606
2364 3278 3214 3394
3054 2790 3321 3197
3513 3219 2639 3154
2918 2929 3497 3125
3479 3095 2885 3123
3494 3239 2613 3175
3140 3662 2765 2987
3045 2720 3326 3205
2892 3594 3153 2834
2924 2919 3049 3556
3181 3546 3149 2594
2665 2858 3517 3227
3353 3349 2770 3122
2858 3061 3008 3579
3001 3437 2844 3512
3380 3395 3033 2681
2691 3060 3596 3143
3296 3613 2971 2775
3269 3704 2737 2860
3142 3386 2543 3457
3331 3565 2828 2815
2770 3046 3263 3432
3095 3146 2963 3378
3052 3601 3217 2738
3005 3329 3385 2824
3011 3170 3391 3134
2694 3229 3010 3520
3111 3694 3052 3009
3450 3441 2818 2919
3163 3542 3054 2886
3288 3591 2709 3021
2588 3537 3045 3405
3278 3600 2723 2946
2347 3483 3113 3312
3348 3174 2825 3229
2544 3379 3208 3412
3399 3118 2878 3153
3430 3148 2959 3013
3050 3819 2834 2704
2851 3822 3006 3064
3345 3547 2997 2866
3014 3657 2824 3069
2837 2941 3409 3215
3306 3390 2660 3224
2867 3041 2991 3635
2384 3269 3311 3330
3342 3106 2563 3374
2831 3034 3640 3055
2758 2673 3310 3348
3511 3228 2693 3099
2893 3733 3032 3023
3118 2663 3241 3269
2878 3927 2854 2940
2705 3761 3107 3053
3161 3520 2498 3210
2955 3895 2925 2941
2834 2966 3461 3265
2907 3111 3571 3042
2793 2814 3476 3231
3292 3448 2551 3194
2979 3681 2977 3093
2657 2937 3649 3143
2745 3158 3585 3060
2565 2999 3634 3118
3258 3601 2979 2641
2935 3374 2881 3489
2840 3140 2973 3570
3079 3499 3246 2796
2854 3321 2710 3553
2961 3285 2821 3593
3417 3476 2831 2827
3070 3752 2920 2693
2918 3435 3345 2790
2898 3348 2755 3544
2687 3104 3255 3449
3284 3270 3077 2921
3255 3533 3024 2864
3251 3432 3243 2799
3067 3715 2989 2912
2921 3189 3014 3436
2584 3428 2782 3522
3502 3382 2651 2908
2527 3418 2854 3494
2826 2655 3257 3418
3402 3293 2900 3127
2937 3153 3017 3508
2869 3114 2951 3588
2921 2701 3330 3274
3123 3469 3234 2792
2833 3799 2986 3075
2822 3778 2965 3090
3281 3482 2706 3049
2427 3225 3262 3349
2711 2914 3273 3411
2886 3830 2882 3029
3033 2745 3162 3283
3045 3692 3098 2767
3380 3515 2975 2857
2831 2862 3371 3310
2724 3730 3092 3160
2450 3064 3370 3345
2921 3642 3028 3148
3172 3227 3301 2813
3076 3729 3036 2635
3086 3206 2763 3366
2964 3723 3004 2926
2685 3024 3459 3198
3433 3385 2735 3115
3047 2960 3019 3431
2485 3356 3343 3227
3366 3256 2518 3313
2476 3398 3038 3420
2470 3182 3441 3168
2816 3882 2867 2995
2871 3844 2979 3003
3138 2728 3245 3183
2823 2688 3276 3373
3106 2711 3205 3188
2858 2784 3436 3222
3297 3304 2507 3277
2702 3086 3565 3072
2866 2897 3611 3034
2520 3433 3232 3276
3140 3491 2409 3329
3395 3306 2700 3210
3471 3320 2627 3092
2634 2997 3586 3190
2885 3057 3448 3066
2362 3144 3334 3303
2478 3125 3469 3253
3350 3400 2595 3158
3569 3182 2785 2987
3069 3717 3049 2649
3287 3449 2362 3202
2989 2826 3433 3125
3282 3584 2990 2607
2789 2991 3563 3154
3406 3362 2618 3154
2940 3632 3144 2838
3175 3604 2923 2964
2985 3685 3106 2812
3102 3704 3068 2772
2889 2979 2962 3651
3148 3335 3290 2663
3030 3338 3352 2845
3011 3497 3342 2661
2456 3243 3218 3390
2827 3380 2674 3608
2911 3327 2696 3536
3432 3390 2540 3140
2533 3337 3059 3429
3206 3503 3086 2934
3178 3616 3065 2677
3101 3749 2799 2717
3108 3616 3165 2765
3260 3099 3228 2850
3128 2840 3151 3245
2820 3077 3133 3502
3015 3229 3438 3052
3055 3094 3455 3017
3136 3725 2752 2740
2622 3402 3310 3073
3215 3383 2527 3380
3303 3619 2970 2855
2471 3394 3103 3406
3456 3208 2933 2987
3436 3357 2676 3150
2701 3160 3188 3506
2516 3209 3279 3437
2624 3372 3258 3358
3144 3239 2547 3402
2854 3110 3591 3006
3453 3133 2977 2996
3261 2765 3032 3188
3443 3314 2653 3174
3386 3323 2581 3204
2512 2951 3518 3219
2949 3891 2784 3006
3463 3360 2749 3057
3218 3421 2624 3248
3229 3429 2580 3131
3155 3550 3145 2943
3025 3136 3422 3092
3440 3320 2649 3123
2695 3470 3287 3122
2830 2752 3417 3304
3150 3054 3237 2945
3307 3493 2569 3142
2862 3083 3579 3056
3214 2704 3000 3248
2782 3812 3029 3112
2907 2887 3543 3098
3029 2750 3241 3212
3072 3757 2690 2976
3000 3508 3247 2645
3243 3485 2521 3143
3291 3412 3113 2819
2973 3522 3260 2627
3139 3588 3090 2734
2598 3337 2848 3529
2530 3404 2787 3528
3238 3354 3253 2745
2757 3092 3161 3547
2929 3121 3111 3469
2826 3161 3191 3501
3040 3633 3105 2822
2515 3222 3103 3505
2697 3507 2880 3375
2808 3754 3057 3088
2988 3715 3026 3025
2993 3096 3510 2959
2928 3314 2769 3609
2965 3650 3081 2851
3123 3668 3039 2778
2626 3506 2893 3427
3199 3455 2815 3085
3183 2763 3181 3193
2360 3265 3375 3196
2721 3905 2857 2978
3220 3318 3142 3002
3091 3412 3249 2632
2957 2933 3483 3071
3232 2713 3060 3211
3377 3152 2949 3063
3179 2871 3095 3223
3171 2960 3185 3086
2805 2965 3544 3155
3059 2900 3427 2994
3063 2855 3251 3077
2855 2873 3488 3190
2572 3009 3506 3221
3338 3258 2695 3264
2573 3053 3424 3318
3394 3316 2564 3230
2873 3027 3536 3179
2841 2949 3481 3213
3226 3522 2403 3200
2999 2779 3418 3182
2962 2811 3378 3221
3388 3428 2622 3028
3191 3584 2998 2586
3061 3666 3075 2841
