5 0.211038
7507 6985 7412 6121
7143 7188 7747 6338
7209 7030 7491 6815
7017 7331 7275 6791
6939 7377 7353 6751
7513 7079 7070 7127
7125 7020 7315 6898
7097 7388 7254 6878
6845 7140 7311 6890
7574 7015 6940 6192
7299 7296 7403 6608
7229 6912 7461 6829
7151 7327 7572 6553
7150 7000 7546 6747
7137 6938 7615 6693
7133 7113 7588 6718
7125 7268 6867 6931
7107 7315 7589 6685
7079 6903 7658 6948
7489 7053 7473 6098
7432 6725 7384 6817
7340 7108 7605 6477
7281 7031 7274 6878
7233 7465 7264 5962
7218 7026 7324 6873
7180 6826 7789 6572
7170 7260 7289 7238
7128 7060 7712 6853
7107 6754 7531 6901
7059 7000 7463 7061
7018 7020 7877 6929
6856 7255 7308 6879
6803 7103 7817 6689
7583 6991 7403 6477
7528 6905 7444 6194
7516 6621 7461 6869
7491 7248 7394 6757
7480 6852 7426 6338
7464 6743 7364 6762
7463 7159 7897 6397
7426 7036 7751 6563
7420 7228 7434 6858
7397 7170 7459 6154
7384 6946 7248 6949
7353 6708 7566 6726
7290 7344 6885 6833
7232 7045 7460 6815
7231 6959 7532 6775
7217 6895 7570 6639
7200 7474 7243 6722
7195 7328 7619 6547
7190 7000 7516 6716
7133 6943 7663 6669
7129 7346 7511 6664
7120 7491 7108 6777
7113 6762 7337 6975
7088 6998 7892 6789
7078 7338 7287 6755
7075 7178 7644 6867
7038 7255 7767 6607
7008 7321 7591 6548
6996 7281 7814 6178
6959 7295 7507 6736
