86542 300.002
8741 8454 8323 7968
8197 8940 8652 7901
8486 8301 8747 8203
8578 8820 8597 7508
8851 8615 8591 7764
8345 8335 9077 7613
8159 8696 8933 7758
8530 8171 8879 8062
8682 8727 8751 7565
8585 8906 8325 7651
8227 8900 8346 7926
8601 8220 8801 8041
8483 8512 8988 7603
8708 8180 8707 7979
8576 8818 8392 7844
8211 8879 8600 7721
8739 8408 8361 7963
8335 8256 9016 7883
8691 8750 8723 7572
8479 8522 9048 7839
8264 8516 8959 7921
8449 8929 8594 7809
8382 8406 9041 7871
8307 8807 8740 7623
8380 8470 8541 8195
8178 8593 8930 7805
8247 8702 8578 8054
8430 8681 8433 8070
8362 8888 8461 7921
8417 8524 8689 8179
8632 8728 8408 7877
8532 8831 8415 7806
8808 8438 8559 7937
8240 8518 8967 7983
8285 8661 8892 7736
8547 8812 8350 7867
8298 8742 8760 7912
8496 8244 8780 8169
8188 8804 8731 7663
8538 8874 8445 7661
8622 8845 8412 7719
8405 8231 8913 8044
8414 8280 8813 8105
8596 8248 8700 8122
8233 8738 8553 8009
8822 8479 8506 7869
8400 8410 9011 7996
8843 8486 8592 7744
8435 8503 8709 8163
8594 8303 9003 7816
8560 8483 8628 8128
8376 8365 8858 8113
8513 8310 8622 8150
8540 8300 8869 8084
8404 8339 8944 8002
8419 8613 8652 8137
8183 8439 8978 7962
8829 8609 8689 7692
8324 8897 8547 7850
8273 8749 8661 7974
8716 8814 8703 7631
8494 8378 8590 8156
8353 8547 8993 7796
8433 8263 8905 8004
8274 8636 8887 7959
8772 8285 8732 7835
8657 8495 8893 7614
8800 8543 8636 7768
8493 8343 8602 8141
8766 8540 8450 7895
8443 8319 8985 7963
8505 8237 8963 7973
8319 8733 8765 7896
8312 8655 8823 7975
8771 8720 8438 7697
8545 8665 8922 7690
8340 8335 9013 7906
8342 8513 8936 7944
8456 8394 8952 7969
8541 8869 8543 7709
8374 8670 8579 8085
8574 8796 8784 7684
8762 8694 8568 7731
8795 8650 8487 7776
8326 8802 8457 7989
8357 8777 8605 7980
8748 8266 8650 7900
8546 8871 8440 7700
8792 8597 8468 7781
8527 8840 8529 7828
8535 8865 8611 7757
8575 8838 8727 7643
8777 8651 8564 7789
8839 8512 8575 7819
8334 8612 8918 7812
8384 8443 8859 8072
8343 8407 8963 8118
8643 8482 8599 8031
8823 8392 8614 7776
8467 8467 8727 8125
8698 8690 8773 7672
8754 8759 8537 7704
8447 8464 8714 8148
8410 8373 8887 8111
8530 8423 8536 8173
8426 8822 8596 7884
8515 8860 8515 7807
8664 8415 8979 7774
8434 8377 8971 7988
8550 8459 8910 7933
8791 8683 8663 7632
8351 8540 8785 8050
8289 8645 8864 7904
8329 8428 8912 8021
8640 8801 8522 7718
8369 8440 8932 7977
8464 8581 8884 7920
8804 8700 8547 7768
8475 8447 8924 7915
8572 8267 8777 8080
8294 8772 8646 7999
8699 8786 8454 7733
8494 8330 8826 8076
8652 8699 8466 7950
8720 8348 8746 7918
8651 8291 8585 8038
8654 8325 8490 8037
8438 8242 8821 8090
8497 8849 8700 7809
8741 8292 8581 7937
8786 8559 8548 7831
8670 8754 8626 7659
8310 8325 8743 8176
8738 8775 8585 7637
8455 8690 8615 8042
8520 8498 8681 8102
8378 8511 8710 8117
8567 8739 8753 7799
8477 8441 8692 8154
8402 8444 8995 7863
8322 8838 8540 7876
8290 8426 8888 8022
8365 8677 8871 7814
8549 8429 8750 8087
8690 8572 8773 7899
8531 8367 8833 8006
8831 8480 8569 7853
8724 8493 8716 7872
8564 8654 8866 7802
8710 8381 8764 7852
8389 8545 8862 8048
8399 8345 8917 8053
8648 8359 8837 7941
8613 8317 8904 7803
8488 8362 8848 8085
8593 8500 8494 8057
8584 8449 8886 7901
8620 8369 8812 7952
8461 8271 8799 8108
8531 8854 8653 7641
8555 8628 8497 8056
8421 8833 8620 7846
8421 8827 8665 7817
8667 8275 8729 7999
8555 8569 8981 7816
8592 8416 8997 7939
8438 8305 8912 7999
8506 8336 8618 8146
8440 8631 8934 7713
8450 8785 8701 7875
8705 8524 8805 7715
8677 8476 8891 7655
8614 8637 8890 7668
8623 8358 8755 7993
8598 8658 8479 8011
8788 8523 8571 7939
8678 8498 8802 7795
8659 8729 8824 7666
8477 8398 8812 8096
8336 8554 8797 8080
8497 8525 8855 7948
8645 8478 8867 7858
8745 8617 8608 7842
8752 8697 8530 7865
8320 8565 8815 8026
8749 8808 8504 7732
8582 8725 8819 7711
8694 8724 8475 7820
8697 8507 8810 7727
8423 8400 8852 8080
8530 8707 8836 7781
8427 8675 8799 7891
8553 8773 8668 7893
8479 8567 8742 8013
8665 8505 8882 7639
8588 8805 8630 7729
8501 8817 8618 7964
8407 8456 8777 8074
8485 8857 8530 7762
8500 8494 8906 7946
8714 8536 8460 7916
8364 8746 8737 7863
8436 8623 8916 7884
8688 8754 8562 7710
8656 8787 8513 7841
8420 8705 8787 7914
8543 8719 8724 7885
8504 8557 8830 7994
8630 8390 8640 8073
8543 8603 8614 8017
8505 8584 8662 8068
8648 8799 8592 7725
8558 8698 8533 7969
8689 8539 8491 7955
8566 8433 8949 7968
8677 8722 8573 7760
8579 8780 8617 7765
8671 8327 8681 8030
8560 8331 8920 7971
8585 8645 8484 7972
8542 8837 8519 7778
8616 8352 8782 7995
8569 8625 8946 7778
8782 8565 8693 7735
8781 8580 8638 7791
8834 8535 8600 7775
8581 8520 8920 7754
8773 8506 8670 7748
8804 8382 8575 7868
8757 8447 8557 7943
8680 8633 8734 7784
8522 8454 8789 8110
8462 8714 8612 8027
8638 8451 8735 7987
8460 8554 8897 7934
8612 8717 8476 8019
8611 8783 8697 7653
8741 8658 8657 7740
8727 8353 8808 7858
8686 8462 8881 7869
8470 8583 8936 7817
8635 8497 8872 7940
8429 8589 8642 8173
8626 8660 8809 7707
8536 8640 8771 7966
8652 8475 8834 7837
8712 8532 8765 7840
8397 8735 8568 8015
8769 8514 8718 7750
8556 8509 8746 8090
8590 8489 8708 8034
8532 8529 8678 8066
8617 8527 8706 7991
8603 8561 8841 7791
8508 8745 8840 7722
8359 8790 8588 7984
8649 8791 8488 7777
8511 8455 8895 7954
8580 8635 8686 7946
8628 8577 8792 7928
8406 8686 8633 8058
8609 8648 8878 7747
8692 8472 8687 7924
8524 8337 8835 8040
8490 8468 8927 7909
8491 8587 8880 7925
8472 8486 8767 8098
8570 8859 8516 7783
8637 8491 8713 7930
8772 8401 8671 7756
8668 8434 8852 7905
8674 8591 8825 7779
8704 8559 8550 7916
8666 8702 8471 7860
8481 8551 8901 7856
8655 8445 8776 7962
8703 8446 8512 7996
8532 8551 8899 7874
8614 8508 8844 7956
8523 8474 8984 7797
8594 8417 8873 7958
8592 8747 8644 7843
8420 8855 8478 7873
8633 8396 8715 8016
8360 8430 8945 8009
8595 8437 8664 8077
8388 8711 8770 7853
8707 8375 8794 7961
8471 8708 8854 7865
8472 8672 8587 8059
8457 8486 8974 7956
8653 8767 8678 7789
8457 8770 8503 8047
8682 8622 8509 7917
8493 8642 8473 8101
8503 8731 8763 7751
8604 8313 8751 8016
8760 8783 8503 7788
8736 8729 8536 7746
8835 8520 8558 7833
8661 8541 8877 7810
8662 8726 8643 7677
8368 8611 8670 8044
8379 8605 8718 8051
8562 8461 8743 8092
8441 8871 8628 7751
8588 8680 8706 7703
8498 8620 8553 8139
8393 8669 8864 7793
8445 8744 8757 7939
8695 8535 8675 7982
8794 8575 8606 7815
8674 8744 8456 7819
8561 8575 8829 7881
8551 8559 8845 7938
8393 8679 8624 8069
8416 8444 8831 8078
8636 8561 8507 7965
8482 8489 8926 7887
8604 8336 8684 8123
8534 8519 8896 7833
8308 8800 8721 7809
8669 8733 8574 7737
8498 8473 8822 8045
8735 8641 8702 7805
8722 8632 8554 7845
8481 8712 8722 7932
8341 8781 8555 7985
8625 8813 8629 7690
8766 8717 8717 7680
8584 8775 8754 7705
8563 8361 8779 8109
8627 8571 8798 7882
8706 8530 8732 7847
8607 8652 8663 7936
8554 8765 8590 7998
8681 8726 8437 7858
8467 8476 8850 8025
8691 8636 8527 7908
8558 8701 8499 7928
8550 8454 8960 7830
8768 8587 8482 7808
8719 8634 8677 7808
8701 8614 8699 7910
8605 8470 8875 7812
8398 8610 8948 7743
8507 8795 8631 7880
8542 8677 8634 7976
8606 8759 8494 7923
8545 8558 8861 7879
8606 8477 8847 7951
8438 8757 8621 7978
8428 8579 8793 8042
8702 8598 8796 7771
8559 8684 8602 8022
8569 8756 8604 7861
8506 8419 8791 8065
8576 8420 8719 8117
8693 8403 8779 7939
8509 8316 8866 8021
8492 8594 8767 8010
8571 8549 8660 8093
8570 8763 8766 7723
8616 8629 8648 7981
8602 8560 8502 8004
8611 8273 8795 8055
8607 8751 8641 7833
8677 8761 8626 7642
8387 8682 8585 8064
8744 8534 8668 7771
8412 8682 8633 8054
8527 8738 8708 7813
8468 8354 8816 8099
8673 8745 8506 7743
8510 8801 8693 7766
8519 8609 8639 8088
8512 8576 8694 8107
8459 8631 8744 8033
8672 8521 8816 7889
8518 8517 8581 8094
8395 8561 8726 8100
8565 8724 8758 7850
8544 8651 8720 8003
8514 8714 8853 7682
8734 8541 8669 7824
8478 8607 8745 8014
8310 8408 8883 8024
8700 8668 8684 7834
8587 8785 8711 7674
8500 8701 8695 8036
8391 8616 8816 7983
8473 8566 8709 8028
8697 8631 8730 7785
8758 8367 8730 7665
8723 8687 8653 7682
8730 8553 8654 7854
8663 8547 8744 7927
8448 8562 8729 8043
8711 8713 8639 7822
8409 8638 8766 8020
8486 8427 8808 8079
8730 8648 8665 7822
8471 8496 8783 8001
8540 8639 8917 7699
8583 8600 8739 7990
8525 8661 8567 8077
8707 8683 8581 7907
8526 8801 8672 7760
8667 8793 8524 7664
8574 8728 8679 7770
8664 8580 8666 7960
8408 8737 8769 7803
8442 8533 8712 8101
8395 8542 8890 7958
8550 8704 8876 7749
8633 8608 8688 7942
8767 8398 8659 7827
8637 8607 8804 7724
8654 8736 8705 7738
8681 8619 8759 7890
8579 8460 8728 8046
8688 8784 8619 7708
8625 8600 8656 7970
8546 8782 8655 7763
8587 8703 8790 7826
8503 8674 8797 7912
8552 8386 8823 7981
8415 8425 8879 8055
8721 8383 8731 7953
8591 8810 8611 7790
8740 8502 8802 7748
8650 8354 8747 8023
8571 8740 8560 7860
8492 8664 8783 7919
8639 8829 8536 7797
8599 8358 8965 7906
8458 8463 8928 7939
8619 8589 8748 7916
8587 8794 8517 7847
8585 8792 8481 7852
8523 8657 8691 7978
8586 8451 8806 7982
8569 8582 8584 8029
8633 8689 8565 7857
8539 8601 8704 8061
8547 8405 8817 8061
8404 8644 8863 7953
8389 8873 8609 7790
8611 8668 8498 7931
8665 8388 8763 7990
8717 8357 8692 7988
8479 8574 8951 7718
8294 8651 8769 8030
8615 8714 8519 7878
8489 8535 8752 8039
8684 8727 8560 7731
8732 8534 8674 7955
8728 8563 8604 7844
8608 8494 8905 7734
8610 8720 8694 7739
8733 8629 8571 7855
8537 8576 8659 8063
8518 8715 8893 7675
8573 8618 8825 7772
8602 8793 8703 7679
8516 8490 8864 7984
8676 8452 8763 7950
8738 8605 8700 7769
8683 8618 8637 7941
8361 8715 8772 7875
8351 8698 8818 7995
8767 8687 8570 7824
8650 8443 8696 8060
8507 8572 8741 7997
8600 8659 8598 7884
8392 8821 8660 7917
8660 8526 8610 7985
8589 8621 8798 7871
8568 8563 8829 7788
8618 8537 8652 8028
8484 8789 8727 7806
8581 8726 8525 7910
8430 8657 8914 7815
8575 8716 8625 7871
8541 8552 8786 7943
8620 8809 8586 7842
8494 8679 8778 7887
8662 8385 8804 7977
8674 8729 8561 7786
8751 8495 8801 7850
8526 8696 8610 7911
8619 8689 8654 7862
8717 8633 8579 7832
8758 8525 8555 7870
8594 8664 8674 7922
8718 8453 8719 7917
8573 8743 8598 7849
8630 8559 8852 7849
8586 8689 8584 7894
8539 8511 8784 7980
