65 4.88869
8576 8757 8721
8343 9220 8033
8090 8915 8665
8909 8778 8201
8861 8942 8207
8634 9134 8126
8998 8739 8063
8654 8832 8601
8653 8865 8592
8016 8935 8681
9135 8612 7840
9130 8661 7929
9042 8584 8331
8786 8794 8615
8643 8833 8695
8629 8962 8586
8361 8670 8828
9105 8627 8089
9046 8494 8411
8901 8450 8561
8849 8945 8156
8817 8591 8719
9148 8504 8198
9112 8753 7996
9025 8619 8447
8985 8714 8364
8947 8663 8453
8876 8814 8531
8805 9013 8104
8732 8361 8777
8704 8969 8351
8294 9241 8081
9103 8639 8208
9070 8687 8090
9055 8773 8029
8886 8387 8575
8850 8640 8604
8833 8793 8551
8820 8555 8681
8812 8643 8682
8761 8285 8759
8750 8803 8612
8748 9076 8085
8699 8880 8570
8688 8940 8451
7973 9018 8553
9161 8367 8170
9061 8762 7983
9060 8731 8083
9001 8600 8451
8913 8738 8381
8889 8815 8257
8881 8785 8531
8790 8951 8383
8763 9031 8340
8702 8947 8442
8656 8731 8666
8555 8922 8645
8544 8576 8867
8524 8655 8763
8379 8648 8796
8344 9207 8080
9012 8892 8041
8959 8477 8488
8822 8417 8610
8763 8944 8425
8731 8370 8730
8694 8908 8561
8652 8994 8484
8559 8892 8651
9110 8609 8046
9070 8597 8287
9046 8874 8053
9032 8665 8225
8950 8647 8442
8823 8920 8510
8820 8945 8232
8756 8807 8603
8457 8539 8948
7985 8971 8697
9120 8508 8132
8990 8639 8269
8959 8556 8481
8951 8678 8397
8939 8684 8440
8910 8756 8476
8892 8791 8296
8823 8699 8569
8671 8868 8586
8663 9033 8417
8659 9080 8213
8544 8374 8885
8473 8982 8543
9130 8506 7991
9016 8726 8172
9010 8866 8055
8987 8927 8119
8973 8822 8200
8953 8633 8467
8946 8860 8121
8924 8700 8446
8908 8814 8248
8898 8958 8010
8891 8911 8180
8886 8738 8498
8840 8936 8467
8733 8723 8658
8729 8422 8750
8687 8969 8462
8679 8728 8693
8669 8932 8475
8662 8751 8641
8651 9107 8164
8640 9149 8061
8638 8808 8711
8575 9085 8213
8530 8741 8748
8498 8998 8515
8205 9230 8193
7788 8693 8891
9093 8506 8283
9040 8624 8329
8908 8955 8013
8863 8905 8483
8819 8984 8279
8812 8796 8574
8810 8844 8590
8779 9068 8116
8734 8784 8626
8723 8688 8676
8665 9038 8362
8651 8661 8748
8643 8717 8750
8598 8853 8602
8504 8739 8773
8464 9150 8526
8355 8900 8766
8090 8941 8627
8087 8988 8570
9099 8305 8336
9063 8670 8110
8981 8733 8213
8948 8722 8407
8860 8943 8037
8826 8951 8095
8789 8962 8294
8774 8980 8344
8744 8904 8517
8738 9073 8151
8723 8711 8661
8717 8724 8658
8695 8950 8399
8579 8861 8636
8558 8352 8885
8554 9203 8423
8553 9050 8489
8541 8478 8932
8531 8640 8927
8303 8953 8593
8272 8912 8656
8230 8978 8550
8229 8935 8603
8187 8853 8790
9109 8236 8279
8967 8716 8246
8957 8642 8443
8944 8736 8397
8869 8508 8582
8850 8913 8321
8814 8671 8630
8796 9027 8010
8767 9055 8147
8738 8694 8657
8708 8647 8857
8673 9061 8197
8558 9092 8235
8525 8781 8725
8452 9116 8547
8447 8459 9019
8403 8468 9022
8402 9205 7996
8368 9189 8431
8030 8834 8855
