125 1.67373
3169 3404 3083 2906
2978 3119 3378 3014
2801 3576 2661 3001
2748 3636 2721 3075
2622 3568 2806 3061
2781 2918 2721 3509
3399 3244 2769 2949
2813 2815 2975 3428
2724 3609 2719 3106
2807 2861 2928 3393
2645 3581 2800 3038
2818 2894 2885 3501
2689 3590 2790 3046
2849 2948 2927 3408
2683 3562 2849 3097
2715 3566 2840 3065
2742 3629 2788 3081
2859 3078 2822 3470
2868 3015 2751 3474
2799 2983 2796 3489
2833 2942 2846 3449
2839 2957 2835 3448
2909 2932 2830 3496
2933 2962 2757 3480
2760 3573 2783 3099
2920 3049 3023 3358
3380 3223 2969 3164
2800 3563 2745 3102
3038 2940 2834 3376
3067 3062 3244 3160
2638 3572 2778 3136
2896 2971 2755 3459
2891 3099 3288 3298
2906 2923 2781 3503
2780 2969 2810 3507
2803 3001 2790 3473
3033 3035 3213 3227
2932 2911 2829 3477
2926 2960 2798 3462
3155 3413 3081 2936
2997 3213 2908 3441
2773 3586 2746 3078
3178 3327 3206 3016
2744 3586 2767 3036
3309 3343 3030 2959
3118 3548 2994 3141
2787 2999 2800 3474
3042 3044 3222 3225
2901 2987 2786 3445
2932 3069 3369 3131
2825 2995 2828 3474
3289 3324 3119 3068
3232 3371 3120 2969
3083 3125 3249 3025
3167 3405 3164 2946
2824 2913 2883 3446
2931 3109 3322 3297
3147 3372 3252 2991
2880 3072 3339 3255
2981 3266 2862 3398
2724 3563 2816 3060
3280 3380 2975 3114
3071 3086 3273 3068
3038 3113 3140 3260
3228 3453 3075 3013
3222 3323 3176 2959
3215 3533 2878 3052
3056 3133 3254 3167
3047 3205 2885 3367
3105 3419 2979 3309
2810 2980 2745 3501
2965 3206 3347 3246
3191 3301 3190 3007
3298 3279 3121 3121
2909 3087 3304 3309
3221 3372 3136 2997
3116 3555 2901 3105
2989 3157 2966 3386
2916 3268 2914 3387
2778 2975 2945 3397
2911 3178 3357 3127
3073 3037 3288 3057
3094 3456 3135 3032
3212 3219 3191 2983
3308 3341 3007 3174
2874 3190 3352 3209
3337 3293 3019 3142
2723 3574 2832 3015
2848 3279 3195 3274
3290 3297 3026 3090
3034 3144 3059 3318
2980 3071 3335 3129
2855 3522 3034 3185
2878 3232 3211 3315
3208 3185 2827 3303
3020 3258 3269 3296
3124 3321 3227 3029
2892 3199 3317 3250
3025 3208 2924 3364
3217 3403 3135 2978
3193 3195 3047 3268
3065 3465 3113 2972
2910 3290 2873 3394
3044 3263 3229 3063
2947 3221 2879 3396
3242 3331 3067 3074
2990 3238 2954 3367
3079 3070 3264 3092
2871 3197 3363 3191
2881 3139 3360 3169
3324 3261 3038 3174
2885 3207 3328 3149
3122 3403 3202 2982
2912 3169 3356 3148
2924 3252 3187 3308
2863 3214 3215 3301
2776 3569 2796 3053
2984 3172 3310 3266
3057 3505 3038 3059
3261 3366 3056 3057
3036 3236 2960 3354
2929 3153 3230 3349
2813 2941 2845 3478
2980 3147 3263 3343
3053 3219 2953 3337
3151 3319 2967 3331
3004 3229 2997 3348
2863 3267 3237 3270
2901 3329 3223 3217
3131 3494 3032 3049
3097 3398 3104 3131
3328 3282 3089 3161
2972 3166 3202 3313
3128 3482 3038 3000
3198 3129 3055 3237
2993 3163 3315 3266
2870 3276 2920 3347
3028 3229 3300 3133
3332 3286 3078 3108
3232 3280 3145 3147
3142 3376 3133 3082
3089 3525 2968 3160
3167 3417 3096 2927
2944 3227 3324 3158
3034 3155 3297 3098
3246 3253 3060 3188
3006 3183 2916 3385
3273 3232 3009 3241
3194 3460 2926 3201
3057 3181 3203 3229
3205 3151 3003 3271
2959 3270 2924 3344
3241 3420 2884 3223
3281 3292 3030 3087
2888 3213 3311 3254
3025 3121 2940 3364
2922 3212 3236 3299
2999 3267 2961 3340
3033 3249 3246 3177
2976 3233 3296 3289
2887 3240 3312 3207
3027 3260 3259 3173
2866 3164 3366 3145
2982 3407 3180 3247
3031 3172 3294 3249
2955 3233 2942 3381
2985 3212 3308 3089
2906 3498 3115 3230
3138 3480 2971 3258
2970 3429 3129 3208
2882 3275 3308 3128
2857 3308 3337 3082
2999 3306 2900 3352
3338 3247 3050 3153
2919 3417 3149 3145
3195 3318 2900 3321
2995 3070 3191 3322
3132 3289 3161 3085
2895 3294 3109 3282
2916 3305 3303 3151
3149 3367 3192 3035
2935 3508 3073 3248
3027 3300 3235 3196
3199 3338 3137 3094
3157 3466 3025 3127
3165 3336 3146 3095
2980 3275 3305 3149
3222 3339 3072 3119
3155 3355 3173 3055
3034 3396 3177 3105
3235 3326 3088 3110
2981 3270 3291 3027
2992 3408 3077 3233
3047 3299 3201 3219
3124 3506 3010 3138
3113 3391 3158 3089
2951 3272 3266 3228
3037 3280 3157 3255
2939 3334 3229 3186
3016 3273 3286 3153
3167 3441 3066 3157
2959 3214 3320 3234
3032 3200 3271 3247
3007 3288 3107 3281
3131 3517 2935 3126
3159 3310 3166 3053
3096 3448 3126 3052
3129 3495 2957 3208
2942 3291 3200 3264
2994 3374 3198 3212
3126 3381 3211 3128
2919 3479 3091 3180
3163 3121 3108 3257
2979 3358 3277 3141
3022 3225 2929 3379
3230 3336 3126 3003
2905 3140 3134 3354
3091 3401 3236 3041
2983 3347 3249 3169
3160 3482 3016 3165
3164 3210 3033 3305
2933 3273 3170 3295
2985 3201 3302 3154
3224 3243 2976 3292
2962 3364 3107 3265
3051 3137 3279 3145
2868 3281 3172 3293
2918 3417 3165 3079
2938 3268 3314 3199
3116 3430 3081 3056
2933 3272 3261 3244
3282 3166 3006 3210
3165 3352 3062 3168
3024 3273 3283 3134
2937 3165 3219 3304
2909 3222 3327 3148
3032 3350 3230 3092
3208 3284 3220 3036
3147 3355 3184 3081
2950 3216 3302 3158
2903 3260 3251 3246
2996 3307 3111 3238
2873 3317 3163 3279
3071 3310 3112 3211
3250 3306 3168 3074
2865 3413 3139 3265
2913 3383 3216 3130
3270 3361 3122 3051
3217 3425 2999 3226
2952 3331 3189 3261
3192 3496 2936 3098
3220 3509 2902 3220
3139 3348 3252 3015
2936 3269 3280 3199
2975 3283 3303 3136
2885 3316 3291 3206
3147 3422 3165 3057
3203 3126 2996 3303
3218 3334 3050 3189
2954 3303 2904 3385
3060 3223 3168 3158
2900 3393 3203 3249
3019 3188 3321 3228
3177 3496 3021 3045
3028 3255 3217 3265
3225 3391 3034 3112
2968 3432 3134 3257
3236 3247 3053 3259
3030 3302 2883 3334
2943 3388 3263 3084
3024 3233 3275 3191
3119 3430 3194 3027
2874 3315 3196 3262
2901 3187 3138 3334
3129 3393 3123 3082
3153 3443 3187 3037
2917 3318 3132 3281
2973 3299 3290 3170
2951 3371 3097 3287
3088 3252 3232 3054
2941 3392 3171 3267
2981 3424 3094 3127
2880 3137 3350 3234
3038 3216 3151 3248
3021 3407 3197 3185
3255 3281 3036 3222
3237 3381 3071 3125
2956 3304 3254 3180
3239 3197 3036 3264
2930 3164 3350 3209
2953 3411 3153 3168
3259 3303 3033 3165
3030 3240 3218 3241
2945 3298 3182 3266
3280 3299 3101 3135
2958 3411 3172 3146
3170 3418 3072 3134
2879 3196 3100 3322
2896 3446 3135 3251
3210 3459 3005 3127
3010 3197 3316 3228
3186 3151 3154 3127
2965 3279 3275 3173
3013 3320 3231 3090
3185 3247 3114 3222
3068 3408 3162 3153
2927 3266 3311 3222
2909 3278 3039 3316
3175 3334 3082 3252
3024 3300 3278 3156
2868 3392 3069 3269
3165 3399 3086 3051
3049 3420 3176 3058
2957 3251 3277 3179
3025 3156 2908 3380
3139 3210 3056 3353
3252 3322 3022 3166
3194 3357 3051 3171
2957 3284 3248 3187
3153 3311 3172 3076
3195 3336 3061 3238
3166 3245 3027 3271
3256 3339 3016 3120
3060 3205 3250 3193
3214 3381 3189 3046
2998 3342 3177 3216
2969 3260 3219 3249
3239 3206 3024 3261
3005 3269 3154 3256
3024 3351 3173 3220
2928 3317 3162 3280
3184 3293 2979 3314
2913 3389 3186 3199
3054 3226 3192 3131
2931 3250 3315 3109
3137 3259 3093 3282
3022 3230 3286 3157
2945 3260 3285 3199
3228 3360 3127 3090
2866 3353 3228 3199
2921 3339 3260 3153
2875 3293 3215 3242
3217 3397 3068 3092
3135 3357 2929 3303
3007 3227 2946 3379
2972 3332 3192 3249
3139 3142 3186 3051
3128 3491 2982 3081
3332 3241 3054 3137
3187 3399 3079 3003
3018 3280 3262 3182
3132 3361 2942 3313
2943 3263 3185 3272
3235 3288 3079 3214
3256 3320 3122 3182
3160 3227 3085 3240
3163 3326 2995 3272
2996 3230 3287 3180
2973 3313 3235 3230
3265 3396 3002 3261
3208 3438 3006 3150
3201 3383 3046 3234
3179 3432 2968 3236
3177 3480 2958 3135
3163 3373 3074 3154
3160 3356 3006 3277
3152 3512 2975 3152
3141 3425 3049 3189
3138 3360 3019 3255
3124 3385 3102 3258
3117 3508 2949 3326
3098 3521 3009 3240
3159 3449 3014 3288
3150 3402 3064 3214
3135 3465 3067 3297
3120 3500 2951 3272
3083 3470 3058 3304
3075 3475 3064 3272
3065 3513 2940 3333
3058 3463 2983 3332
3042 3441 2999 3309
3034 3493 3013 3228
3260 3345 2989 3272
3259 3421 2951 3189
3259 3335 3006 3239
3254 3462 3001 3141
3242 3410 2984 3148
3232 3472 3045 3098
3223 3416 3038 3220
3215 3482 2910 3219
3211 3401 2956 3228
3206 3429 2990 3246
3204 3455 2961 3176
3203 3420 3012 3184
3199 3452 2982 3213
3194 3508 2927 3115
3193 3431 2963 3262
3186 3537 2919 3243
3186 3427 3041 3216
3185 3468 2969 3130
3184 3452 3050 3137
3175 3436 2930 3242
3171 3475 3009 3218
3162 3476 2956 3220
3139 3501 2940 3212
3128 3406 3077 3192
3124 3416 3090 3128
3230 3336 3047 3164
3226 3411 2990 3207
3223 3320 3071 3214
3198 3393 2993 3264
3175 3344 3070 3169
3160 3464 2977 3259
3160 3309 3124 3192
3154 3412 3043 3189
3154 3376 3113 3175
3154 3364 3077 3221
3151 3374 3086 3220
3143 3331 3155 3156
3143 3280 3125 3206
3138 3403 3018 3239
3127 3490 2975 3239
3121 3417 3071 3166
3118 3386 3025 3316
3115 3300 3151 3190
3104 3400 3075 3218
3090 3489 3042 3208
3082 3420 3138 3165
3082 3341 3109 3181
3054 3486 2991 3290
3050 3391 3110 3186
3354 3400 2929 3141
3352 3338 2917 3253
3347 3374 2985 3198
3345 3339 2991 3232
3342 3329 2994 3243
3318 3322 3006 3094
3315 3385 2895 3283
3314 3448 2948 3214
3311 3344 2995 3158
3309 3280 3023 3183
3305 3401 2822 3227
3304 3464 2875 3158
3294 3356 2911 3234
3289 3389 2959 3196
3270 3345 2988 3216
3261 3425 2957 3100
3094 3418 3021 3318
3053 3532 3022 3163
3371 3254 2902 3265
3364 3214 2911 3294
3348 3311 2932 3267
3342 3389 2776 3208
3342 3385 2957 3219
3333 3354 2763 3257
3331 3364 2872 3230
3328 3392 2931 3195
3326 3296 2846 3271
3321 3382 2827 3236
3311 3366 2928 3233
3305 3409 2762 3263
3304 3326 2937 3262
3291 3479 2920 3161
3288 3403 2898 3293
3288 3265 2814 3296
3279 3363 2966 3216
3279 3355 2905 3243
3278 3418 2958 3174
3274 3348 2945 3242
3263 3422 2865 3270
3198 3432 2904 3220
3180 3469 2920 3248
3178 3468 3015 3200
3175 3510 2970 3200
3142 3476 2889 3258
3138 3517 2924 3282
3032 3510 2959 3261
3383 3308 2812 3272
3376 3253 2864 3270
3375 3315 2813 3192
3371 3296 2846 3142
3368 3342 2812 3129
3366 3290 2970 3210
3356 3271 2877 3231
3353 3314 2901 3200
3340 3294 3000 3277
3322 3313 2940 3291
3128 3519 2933 3208
3363 3308 2859 3206
3321 3432 2912 3143
3317 3337 2899 3267
3316 3399 2848 3189
3130 3494 2924 3287
3086 3462 3070 3137
3368 3282 2961 3230
3353 3299 2936 3196
3313 3307 3008 3169
3256 3430 2956 3178
