3 0.495674
14557 13761 14070 13577
14384 13934 14416 13367
14168 14583 14778 14347
14591 14240 14140 13401
14556 13899 13936 13835
14452 14044 13889 14220
14423 13958 14363 13294
14402 14191 14338 13847
14264 13825 14109 14265
13947 13641 13377 14636
13846 13982 14862 13286
14781 13568 13937 13599
14627 13976 13850 13985
14532 14291 14252 13460
14503 14252 13914 13799
14478 13517 13949 13753
14457 14303 13573 13596
14422 14362 14193 13617
14388 13835 14441 13457
14335 14519 14605 14250
14282 14455 14650 14172
14259 13799 14099 14283
14232 14608 14677 14285
14212 14562 14761 14370
14130 14654 14853 14463
13935 13649 13327 14575
13869 13715 13154 14468
13821 13669 13431 14472
13759 13682 13486 14557
13722 14324 14427 14522
13688 14358 13974 14684
13450 14118 14420 14836
13367 14691 13631 13517
