1 0.186755
7664 7392 7113 6209
7370 7150 6915 6481
7262 7309 7581 6107
7004 6929 7160 6897
6849 7293 7491 6137
7722 7346 7072 6183
7716 7377 7144 6170
7695 7408 7070 6216
7668 6797 7078 6257
7661 7395 7182 6290
7618 7147 7117 6710
7526 7005 7230 6595
7507 7066 7119 6648
7409 7313 7271 6249
7406 7445 6697 6492
7404 7042 7166 6469
7403 7044 7138 6501
7397 6661 7606 6164
7395 7341 7396 6379
7394 7185 7457 6094
7377 7052 7214 6638
7377 6948 7261 6759
7370 7047 7061 6790
7368 6562 7350 6524
7367 6554 7471 6530
7361 7050 7424 6674
7360 7171 6922 6470
7353 7021 7488 6080
7349 7335 6611 6503
7349 7150 7926 6775
7344 7217 7167 6467
7328 7245 6522 6540
7317 7239 7516 6118
7310 7215 7120 6609
7305 7202 7940 6883
7276 7230 7950 6716
7243 7289 6567 6507
7237 7206 7811 6776
7231 7352 6952 6305
7219 7369 6995 6558
7218 7469 7066 6789
7208 7230 7896 6752
7196 7462 7309 6577
7164 7371 7390 5997
7146 7400 7376 5987
7114 7355 7437 5754
7070 7363 7411 6085
7054 7365 7380 6495
7027 7318 7321 6512
7025 7399 7415 6551
7002 7003 6985 6937
6977 6892 7118 6904
6964 7372 7461 6266
6952 6897 6872 6975
6921 7423 7325 6118
6873 7294 7477 6134
6858 6553 7345 7060
6831 6473 7195 7070
6810 7246 7497 6110
6576 6556 7313 6936
