1800 135.244
25697 26369 25994
25110 25116 27417
27400 25939 24623
27855 25153 24760
27255 24353 26069
25269 24822 27644
26648 24534 26811
27400 24553 25844
27503 24619 25785
26096 25537 27118
25147 24990 27561
25294 24973 27600
27839 25288 24672
27223 24449 26098
27357 25920 24815
27798 25215 24742
27102 24657 26372
27749 25260 24827
26796 24408 26722
25345 25029 27460
26672 25406 26664
25879 25500 27233
25998 25762 26871
25907 25081 27198
25862 25665 27055
27512 24639 25641
26039 25090 27169
27502 25675 25032
25312 24992 27491
25600 24775 27508
27811 25231 24728
27582 25377 25439
26136 25734 26914
26214 26020 26460
25818 24885 27339
25425 25087 27439
25459 26102 26428
26075 25750 26929
27415 25445 25476
25840 25613 27092
26161 26022 26734
25959 24944 27251
26239 25689 26897
26299 26315 25732
26013 25021 27177
25773 26254 26087
25249 25178 27346
26861 26044 25499
27723 25023 25009
25631 25170 27301
25756 25584 27203
26495 26203 25442
25469 24856 27620
27510 25525 24917
26388 26289 25642
25268 25055 27549
27487 24696 25622
25584 24810 27442
27076 24989 26206
25617 26353 26024
26666 24709 26790
27559 25425 24903
27698 24762 25183
25931 24965 27275
25655 25640 27156
25350 25022 27484
27425 25510 25244
27467 25160 25465
27336 25447 25412
26175 25721 26978
27123 24872 26146
26872 26184 25098
26798 26213 25131
27378 25780 24884
27547 25572 24754
26398 25976 26502
25207 24826 27641
26035 25575 26994
25398 25162 27364
27644 25423 24788
27600 25173 25297
25234 25117 27392
26085 25467 27134
27708 24890 25084
25348 24784 27637
27112 24551 26349
25192 25272 27398
27178 25612 25387
26694 26158 25338
27330 24733 26067
25381 25326 27235
26530 26194 25528
27220 24910 25989
25788 24905 27428
27251 25761 24989
25527 24880 27480
27803 25337 24639
27359 24696 25963
27204 24934 26085
26310 26326 25554
27376 24620 25929
27388 24867 25851
25515 24987 27458
25391 25140 27382
26609 25909 26491
25645 24803 27452
26269 26340 25602
25532 26284 26109
26937 25997 25568
25764 26235 26188
27054 26033 25160
26311 26168 25787
25564 25296 27236
25873 25732 27051
25476 24844 27511
25223 25103 27526
26291 25547 26978
26901 26221 24755
25963 25561 27184
27619 25588 24696
25481 26268 26344
27167 25954 25208
27462 25425 25273
27385 25482 25305
26165 25421 27073
26617 26074 25714
25411 25112 27405
27018 25812 25684
25384 24943 27542
27605 24996 25330
27082 24748 26397
27256 25746 24963
27149 25764 25521
25652 24792 27447
25166 25199 27407
25508 25277 27332
26259 25418 27164
26448 26239 25606
25194 25219 27333
26721 24723 26754
25151 25114 27425
27525 25498 24931
25795 25122 27292
26881 25756 25830
27531 25687 24655
27448 24940 25751
25677 25147 27296
27133 25840 25583
25928 25655 27047
26603 25937 26474
25298 25035 27443
27386 25882 24772
26325 25614 26921
25247 25102 27492
27650 25099 25221
27314 25578 25165
25855 24810 27322
25719 26150 26250
27214 25608 25376
27539 25592 24711
26470 26181 25604
25721 25132 27283
27715 25352 24713
26739 26121 25317
25803 25606 27143
25849 25004 27318
25170 25423 27295
25219 25153 27367
26628 24737 26861
25875 25164 27267
26895 26008 25581
25533 24863 27453
27250 25685 25052
27142 25631 25634
25807 25009 27273
27231 25717 25356
27734 25101 24839
27602 25195 25227
25272 25106 27434
27085 25843 25661
27051 25988 25493
25608 26241 26270
26117 25576 26982
25294 24998 27523
26278 26266 25794
26192 26098 26403
26690 25849 26359
27712 25111 25070
27345 25794 24846
26366 26138 25781
27438 24762 25812
25753 24937 27332
25622 26166 26235
25918 25595 27158
26488 25964 26417
27284 24923 25940
27720 25266 24699
25737 25053 27329
25980 25602 26984
26114 25956 26852
27031 26154 24833
26788 26182 25144
26513 25940 26564
27309 25650 25059
26974 26057 25363
25493 26153 26381
27482 24757 25669
26922 26136 25116
27177 25946 25431
27624 25200 24941
26600 24960 26911
26970 26153 25021
26756 26131 25194
27392 24873 25767
27116 25069 25933
25552 25300 27324
25549 26131 26387
27285 25119 25670
25922 25653 27089
25706 25023 27376
27372 24926 25875
27248 25766 24936
27552 25453 25261
27038 26082 24878
25614 26239 26134
27469 25111 25591
25466 26289 26103
26443 26317 25571
27065 26013 25128
25714 25235 27281
27381 25230 25483
27322 26090 24784
27087 24779 26229
27657 25196 25060
27518 25709 24720
27452 24860 25601
27448 25399 25433
27105 25857 25547
27162 26084 24852
27234 25954 24897
27284 25715 24979
26083 26363 25630
25561 24855 27481
27237 25868 24867
25528 26139 26294
27181 25064 26129
27432 25228 25624
26488 26188 25573
27685 25468 24647
26698 25835 26277
26916 25969 25571
27318 25239 25641
26260 26362 25778
27258 25827 24861
27244 24960 25918
26328 26198 25765
27697 24928 25200
26735 26110 25647
25877 25189 27241
27310 25559 25259
27231 26093 24847
27629 25477 24880
26998 26037 25282
27258 24951 25840
25961 25609 27077
26503 26034 26400
27673 25457 24777
27159 25599 25589
26824 25823 25807
25977 25628 26988
26189 26136 25922
27675 25178 24940
27523 25616 24763
27085 24898 26234
27403 24749 25831
27486 25802 24825
27297 25215 25644
27149 26114 24820
26444 25983 26411
25287 25049 27445
27203 25288 25732
27271 25943 24822
27304 25471 25419
27269 24801 25956
27611 25170 25258
27624 25341 24918
27105 24756 26250
27265 25592 25427
26547 26045 25763
27720 25040 24966
25974 25762 26978
26308 26279 25645
26951 26120 25362
27106 26005 25286
26876 25999 25582
26955 26068 25247
27245 25863 25292
27283 25791 24871
26268 26359 25549
26750 25748 26433
27661 25446 24779
26841 26192 25124
27190 25004 26052
25848 25635 27091
26824 26048 25631
26288 25969 26567
27310 24968 25740
27068 26045 24972
25761 25047 27296
27189 25859 25377
25519 25106 27378
27673 25052 25152
27377 24876 25907
27685 25050 25291
26742 25752 26515
25690 25100 27438
27325 24925 25905
25774 25694 27137
27093 25958 25599
27086 24831 26304
26422 26161 25717
26991 26134 24840
27703 25112 25120
26289 26152 25797
25729 26123 26282
27696 25164 24874
26745 25283 26746
27638 25055 25253
27335 25454 25421
26748 25291 26638
27095 25213 25836
25760 25073 27320
26465 26061 26295
26275 25514 27041
25678 26071 26449
27618 25207 25089
27070 25039 26340
26896 24754 26456
27528 25696 24721
27248 25679 25286
25731 24956 27377
27306 25805 24834
26334 26127 25831
27375 25013 25666
27182 26111 24759
27638 25206 24855
27111 26064 24917
27699 25186 24837
25554 26278 26280
25800 25020 27277
27153 25284 25834
25920 25682 26987
27556 25614 24650
27239 26108 24780
25288 25065 27444
26955 26191 25093
27267 24875 26047
27099 25006 26188
27155 26042 24935
27635 25560 24872
25975 25589 27042
27249 25269 25789
25735 26113 26233
26748 25784 26383
27627 25163 25195
26978 26128 25087
27256 25984 24863
26981 25539 26334
26221 25812 26765
25728 25020 27440
25606 26122 26358
26987 25567 26157
26636 25662 26686
26532 25782 26709
26284 26067 26458
25567 26298 26100
25828 26344 26047
26959 25631 26109
25864 26370 25992
25813 26379 25979
26995 25558 26228
26662 25966 26375
27040 25419 26125
25824 26351 26021
26956 25710 26119
25920 26303 25991
25817 26330 26052
25685 26401 25948
25492 26186 26313
25930 26240 25981
25706 26352 26068
26940 25559 26309
25738 26386 25838
26914 25659 26241
26729 25816 26339
26766 25779 26155
27023 25542 26200
27009 25546 26177
26812 25949 26024
26958 25676 26038
26315 25811 26749
26905 25621 26247
26220 25625 26916
26633 25792 26636
26381 25960 26730
26948 25600 26285
27037 25477 26319
26955 25545 26338
26496 25884 26699
26932 25678 26217
26525 25825 26545
27070 25479 26124
26473 25901 26570
27025 25536 26449
26985 25582 26303
26678 25708 26621
26509 25842 26569
26856 25711 26487
26794 25697 26523
26593 25749 26829
26603 25749 26764
26672 25661 26644
26815 25617 26563
26766 25751 26395
26634 25780 26594
26716 25762 26394
26709 25815 26547
26538 25769 26659
26432 25528 26937
26390 25508 26964
26763 25617 26570
26552 25458 27048
26356 25498 27014
26438 25636 26893
26331 25531 26930
26628 25905 26529
26416 25504 26995
26262 25574 26980
26752 25621 26628
26876 25748 26427
26711 25694 26546
26499 25502 26948
