607 254.166
34404 31999 30003
30932 31383 33738
29803 32752 33383
33394 32851 29347
33772 30503 32441
31882 34614 30834
34262 32109 29554
34278 32097 29745
34325 31408 30488
34359 32007 29859
34027 32282 30172
32011 34524 30699
31787 31213 33161
30719 31854 33487
32283 34326 30671
32977 33402 30557
33727 32567 29810
30098 32269 33374
30160 33107 33097
29930 32844 33343
31921 31255 33155
33035 33259 30940
31967 34395 31176
34169 30615 32106
30854 31601 33594
32719 33630 30914
34251 30558 32118
29876 32659 33455
32680 34019 31013
33878 32433 29914
33657 32609 29426
33073 31835 32565
30982 33434 32207
32742 33589 31136
32882 33447 30367
30056 32671 33358
30947 31573 33689
33540 32615 29977
33290 32787 29464
32149 33670 31939
34345 32060 29890
31911 34285 31196
29824 32715 33449
34210 32043 30073
32459 33888 31455
33697 32703 29383
29983 32713 33362
33208 32863 30450
34173 32089 29782
30033 32510 33370
32198 34351 31160
31987 34427 30919
33797 31367 31969
34076 32098 31503
33047 33353 30719
33938 32314 30397
33444 31169 32261
32918 33500 30133
33330 30694 32676
33884 30561 32434
30993 32917 32853
31345 31503 33639
30654 32674 32968
31042 31684 33473
30523 31585 33631
33240 31103 32384
33749 31695 31807
30788 31434 33728
30796 32832 32967
32467 34084 30853
33887 30818 32330
31705 34511 31100
32057 34415 30979
32182 34368 31149
29913 32637 33367
31770 34501 31123
33002 33494 30222
32469 33611 31896
32700 33840 30797
33446 32773 30040
32561 33397 31662
30820 31521 33711
34154 32127 30267
31077 31623 33522
32468 34117 30632
32513 34050 30953
32334 34238 30842
30625 31983 33377
33583 32586 29519
33475 30783 32483
32045 34396 31086
31546 32853 32588
33537 30889 32463
30503 33178 32994
32912 33534 30105
29994 32499 33490
30546 33283 32901
31976 31299 33131
31242 33344 32020
31198 31479 33665
32389 34096 30878
33357 32733 30109
34200 30625 32093
31570 33931 31502
32533 34044 30963
32258 33128 31897
33894 32431 30467
30592 31810 33557
31214 32976 32525
32289 32393 32247
32456 34161 30590
33317 31080 32499
31312 31862 33303
32772 33394 31076
32411 34156 30787
32008 34251 31224
31875 34449 31088
32994 33483 30271
30320 33301 32646
31321 32959 32349
30929 31815 33420
30423 32587 33239
31069 31565 33571
32690 33997 31018
30782 31773 33500
32595 32269 31959
34286 31662 30822
33828 30860 32302
34273 31672 30305
31508 33233 32017
33937 32389 31398
34292 31811 30291
32178 33732 31692
32011 34490 30909
32369 34190 30569
30448 33220 32968
33549 32597 29476
31091 32472 33050
33909 31495 31902
32346 34217 30835
33509 30653 32613
32522 34105 30774
30594 33124 32630
30910 32938 32898
31640 32925 32480
34155 30740 32127
33714 30878 32322
34231 31945 31356
33588 32234 31832
32608 33958 31045
31788 31326 33109
32712 33477 31147
33982 32485 29901
33264 32457 31443
33601 32576 29506
32967 33439 30614
33949 31388 31907
33865 30913 32135
30754 31854 33446
32321 31728 32927
33454 31253 32249
31915 34464 31061
30391 33558 31969
32228 33859 31490
31413 31764 33319
33493 31094 32289
33280 33086 30391
34000 31799 31592
34229 32036 29982
33682 31031 32258
34157 30711 32194
33557 30870 32423
33516 32688 30144
31294 32330 32922
31223 32798 32766
30458 33549 32070
32106 34133 31216
32400 33963 31337
33973 30752 31919
32088 33754 31797
30246 33038 33149
32957 32531 31613
32331 34265 30718
32506 33979 31072
32860 33315 30858
31661 33913 31530
30576 33052 32768
33346 32759 30056
33302 32534 31304
33428 31120 32365
32065 32994 32007
33212 31783 32681
32073 31708 32981
31573 31594 33072
33569 31492 32124
32922 33525 30108
32865 33689 30765
33869 30841 32182
32489 33911 31239
31358 33709 31853
32878 33549 30666
33603 30672 32590
29884 32693 33401
30754 32587 33206
31996 33774 31795
32759 31985 32227
31673 32363 32457
32241 31400 32961
30921 32623 33002
31388 32844 32689
31423 32084 33215
32823 33419 30901
30192 32980 33234
31814 32190 32575
33608 32262 31728
31059 32961 32844
33669 30665 32446
30338 33035 33222
31404 32742 32658
32202 33723 31750
31898 31452 33091
32368 34199 30747
31150 32861 32936
31920 34515 30728
32349 34126 31022
32929 31651 32835
31434 31721 33285
30810 32599 33171
30831 33202 32351
32273 31751 32807
33403 31164 32378
31613 31778 33017
33498 32547 30233
32853 33269 30994
30865 32581 33033
31603 32778 32523
30263 32357 33290
33179 32427 31703
33057 31440 32880
33484 31612 32053
33705 30923 32231
32541 33816 31486
33280 32481 31381
31526 31911 33135
31741 32236 32733
32938 31827 32635
30879 32913 32908
31118 31513 33686
33627 30968 32393
33538 32642 29409
32076 34478 30908
30571 33174 32882
31443 31633 33268
33194 32260 31867
32872 33566 29998
31365 32129 33018
30531 33021 32955
31731 33094 32280
32134 33678 31819
33816 30901 32165
33600 31471 32063
31855 31925 32656
31209 32897 32785
33616 32220 31548
33096 30938 32748
34131 32071 31288
31048 33024 32818
31834 31988 32739
32628 33571 31251
32127 32960 32048
32354 32345 31983
32864 33152 31043
33012 32571 31560
32376 34112 31469
34120 32121 30352
30306 33066 33089
30645 31695 33508
30277 33060 33107
32845 32621 31719
32169 33762 31591
32209 31507 32972
33599 31042 32355
33425 32590 30151
31790 32213 32644
31123 32942 32801
30847 32643 33113
32663 32015 32086
31648 32168 32993
33815 30827 32413
32421 33943 31240
31583 31591 33115
33007 32159 31921
33091 32176 31901
32445 31122 33027
33471 30945 32405
31756 31540 33104
32047 33799 31789
33807 32020 31654
31807 31138 33219
33402 31054 32381
32902 33278 30860
30220 32336 33326
33840 31932 31683
31690 32293 32964
31752 32265 32699
33500 30767 32573
31517 32600 32715
31166 33001 32794
33128 32460 31624
32773 31946 32165
34126 32146 30346
32100 33096 31976
31452 32133 33008
31481 32907 32572
30298 32566 33260
34235 31935 31291
33378 31844 32000
30364 32562 33245
31842 32202 32489
33150 33399 30605
31279 32137 33134
33870 30701 32371
31249 33109 32504
33452 32749 29390
30484 32775 33138
33377 32442 31461
33795 31684 31821
31891 34181 31295
30229 32764 33247
31144 31896 33393
33141 31519 32714
30349 32528 33274
33638 31859 31991
34088 32202 31476
33172 32218 31882
32441 34174 30704
33395 31759 32032
31700 31301 33182
30210 32375 33301
33505 31073 32192
32618 32007 32306
31466 32667 32766
34187 31953 31315
31873 34506 30994
34097 32218 30287
33967 32275 30333
32801 33301 31186
31138 32409 33092
30892 31801 33447
31820 31137 33186
34019 31560 31864
31070 33225 32078
32794 33719 30902
33406 32447 31432
32840 32398 31764
30835 32491 33127
33645 30973 32279
32823 33715 30748
32047 33003 32186
31866 31743 32915
33413 32004 31948
31767 31970 32756
34011 32272 31421
32831 32874 31273
32857 33151 31214
33104 31789 32686
31474 31647 33262
34268 31908 31282
31258 31921 33236
32138 31551 33078
30938 33074 32693
32509 31007 33084
31976 33850 31698
33152 32502 31341
31743 32031 32727
33549 31314 32189
33456 30931 32600
32226 34131 30959
33450 30994 32512
31253 31892 33412
30388 32728 33202
33647 32061 31638
33719 31774 31846
32807 33166 31211
32645 32917 31585
32505 31879 32512
33500 30957 32403
33389 32380 31781
31114 32926 32812
32668 33427 31215
32535 31930 32339
32750 33494 31141
32385 34178 30708
33853 31621 31869
34163 32118 30060
33058 32524 31573
34106 31888 31410
32771 33836 30911
32056 31901 32520
30375 33569 31950
33477 32416 31260
31896 31724 32944
32235 34280 30872
33115 32794 30669
33003 33409 30330
31198 32332 32887
33881 32432 30323
30241 33169 33016
32811 32496 31877
32898 32618 31676
32484 33825 31439
32450 32182 32439
32433 32089 32510
34108 31638 31514
30514 32676 33228
32084 32896 32116
30471 32678 33219
33858 31662 31780
31401 32721 32688
30532 32682 33100
32368 32354 31931
32829 32690 31332
32411 32219 32150
33135 32553 31476
33160 32480 31480
31097 32886 32903
32796 32866 31537
32492 33820 31419
31701 33204 31953
33676 31476 32038
33622 32092 31667
32201 34278 31064
32637 33806 31140
31680 32344 32633
32163 32532 32267
30581 31861 33465
31505 31685 33194
33460 30986 32490
32911 31737 32913
32945 32523 31755
33642 32116 31637
33383 31015 32609
31353 32922 32604
33818 32300 31512
32973 32585 31207
31805 31996 32690
31235 32417 32861
32690 33782 31061
32501 32133 32297
30245 32521 33296
32624 33947 31146
31173 31973 33225
31108 32970 32825
34188 32026 30229
32139 31797 32860
33249 32439 31557
31177 32899 32804
30195 32696 33325
30353 32664 33242
32654 33552 31420
30482 31968 33402
33476 31532 32154
31167 32983 32615
33670 31047 32254
33812 31680 31873
33483 30922 32428
31106 32883 32904
32716 33092 31269
31230 31586 33512
32085 34204 31247
33111 32548 31528
31187 32309 32977
31492 31741 33199
34184 32074 31157
33187 32465 31619
32888 32941 31220
32481 33913 31306
33463 30837 32644
33806 31529 31957
33200 32418 31578
32626 34049 30764
32690 32506 31759
31495 32066 33183
33424 32305 31680
30586 32972 32828
32159 31833 32677
31824 31954 32958
31083 32029 33251
31971 33808 31849
33175 32479 31519
33428 31017 32458
30273 32695 33255
31190 32546 32806
33977 31960 31577
31238 32871 32620
34201 31965 31243
31898 32048 32627
33961 32095 31564
32101 31591 33040
33350 32466 31435
