1620 109.88
25946 24886 25526
25970 24958 25483
26028 24941 25461
25876 24802 25532
25810 24899 25511
26057 24997 25410
25967 24998 25408
26108 24929 25432
26086 24914 25448
26051 24992 25429
26052 24962 25448
25997 24972 25439
26117 24933 25408
26035 25038 25382
26033 25023 25390
26020 25054 25320
26008 25017 25400
25973 25075 25363
26202 25023 25389
26101 25058 25299
26057 24947 25417
26042 25048 25305
26059 24933 25409
26080 24911 25494
26056 24878 25520
25986 24838 25523
26054 24934 25464
26027 24912 25474
25996 24974 25459
26087 24786 25542
26128 24889 25484
26097 24871 25516
26023 24916 25496
