64 1.88272
3353 3187 3528
3076 3812 3133
3287 3811 3091
3244 3682 3299
3503 3363 3345
3442 3315 3405
3380 3626 3369
3323 3712 3252
3306 3549 3409
3252 3243 3531
3082 3672 3306
3403 3122 3488
3370 3686 3227
3177 3784 3212
3262 3687 3286
3316 3542 3436
3268 3754 3171
3221 3549 3422
3128 3787 3178
3570 3600 3098
3432 3652 3314
3325 3542 3377
3305 3762 3163
3596 3386 3245
3449 3209 3454
3307 3202 3499
3169 3651 3327
3153 3671 3316
3490 3461 3344
3494 3491 3298
3444 3290 3422
3434 3521 3356
3389 3158 3504
3364 3747 3177
3292 3749 3206
3287 3663 3294
3251 3491 3521
3438 3708 3180
3381 3723 3203
3111 3819 3117
3285 3655 3309
3199 3771 3130
3657 3112 3317
3440 3432 3423
3416 3673 3234
3363 3018 3522
3692 3589 3101
3617 3522 3206
3298 3249 3486
3522 3442 3298
3497 3393 3338
3366 3302 3477
3349 3674 3250
3301 3241 3650
3283 3373 3506
3561 3647 3210
3540 3673 3131
3428 3729 3186
3427 3286 3424
3298 3557 3397
3231 3244 3581
3210 3765 3182
3166 3818 2997
3663 3214 3287
3632 3339 3244
3525 3665 3272
3456 3468 3353
3353 3738 3230
3337 3688 3282
3248 3262 3550
3189 3247 3610
3182 3353 3579
2996 3699 3289
3361 3672 3265
3204 3837 2986
3542 3565 3263
3461 3365 3394
3543 3492 3269
3519 3137 3398
3518 3476 3286
3490 3650 3305
3414 3538 3409
3316 3191 3484
3295 3600 3400
3243 3246 3554
3141 3841 3033
3068 3825 3096
3514 3250 3343
3464 3352 3392
3444 3509 3356
3305 3136 3632
3258 3717 3278
3257 3299 3512
3231 3770 3147
3641 3335 3334
3625 3356 3334
3589 3393 3228
3533 3460 3289
3510 3692 3213
3510 3283 3446
3482 3334 3404
3465 3697 3185
3455 3678 3216
3416 3536 3468
3266 3653 3326
3240 3761 3288
