47 0.256327
3246 3156 2700 2829
3238 3406 2523 2672
3104 3187 3167 2776
3001 3348 2837 3345
3187 3338 3146 3023
2968 3319 3155 3136
3173 3190 2914 3142
2894 3282 3292 3144
2834 3412 3231 2954
3175 3571 2642 2917
3088 3530 2863 3030
2948 3327 3150 3167
3207 3243 2899 2970
3055 3217 3198 3126
2843 3027 3301 3128
3124 3217 2811 3332
3121 3348 3003 3104
3166 3253 2963 3181
2923 3538 3161 2894
3160 3111 3031 3037
2850 3499 2976 3303
2909 3389 3084 3284
3052 3389 2916 3247
3045 3451 3095 3100
2967 3601 2898 3187
2958 3483 2961 3222
3147 3345 3054 3276
3111 3536 2671 2799
3050 3202 3215 3087
3231 3197 2643 2980
3123 3469 2720 2985
3025 3463 2939 3226
2905 3313 3163 3101
3244 2864 2941 2842
3226 3145 2772 2998
2894 3265 3017 3414
3104 3378 3151 3050
2940 3238 2951 3291
2761 3660 2915 3047
3055 3371 3096 3184
2804 3585 3130 3039
2926 3400 3136 3114
2821 3624 3031 3021
2927 3634 2939 3149
3205 3177 2968 3082
3004 3421 2921 3322
2800 2986 3212 3345
2872 3612 3028 3113
2852 3366 3168 3304
2770 3449 3147 3144
2760 3473 3142 3121
3137 3463 2687 2827
3093 3489 2792 3133
3068 3369 3133 3214
3053 3447 3109 3134
3015 3311 2947 3309
2846 3270 3196 3255
3227 3050 3012 3066
3160 3441 2975 3202
3087 3555 3150 3066
3063 3323 3206 2899
3035 3329 2893 3367
2891 3244 3136 3296
2890 3595 3000 3222
3088 3285 3078 3201
2994 3615 2990 3184
2976 3653 3041 2994
2922 3476 3077 3220
2752 3410 3142 3147
3088 3583 2818 3223
3070 3541 2853 3279
2721 3179 3212 3304
3086 3317 3170 3047
3019 3223 3174 3058
3014 3137 3259 3073
2979 3572 3061 3177
2911 3249 3169 3248
2910 3539 2837 3296
2895 3617 2974 3366
2892 3322 3178 3163
3243 3395 2801 2975
3217 3261 2878 3196
3195 3438 2918 3048
3062 3225 3132 3342
2902 3343 3135 3335
2835 3581 3061 2987
2822 3329 3211 3090
3269 3033 2909 3051
2998 3479 3190 3054
2998 3455 3175 3089
2929 3429 2776 3315
2967 3289 2946 3361
2961 3199 3148 3249
2880 3356 3023 3340
2853 3151 3211 3274
3065 3380 3054 3108
2993 3400 3295 3089
3194 3122 2922 3167
3137 3193 3134 3224
3038 3252 3159 3062
2995 3557 2896 3121
2952 3294 3268 3203
2857 3388 3140 3143
2851 3330 3172 3249
2762 3502 3081 3211
2740 3365 2994 3314
3047 3414 2999 3265
3007 3487 2868 3247
2959 3479 3123 3203
2918 3622 3116 2983
2831 3512 3063 3198
2749 3490 3012 3285
2697 3251 3152 3310
3116 3516 3151 3039
3075 3238 3151 3127
2959 3526 3101 3133
2941 3345 3145 3224
2934 3240 3066 3289
2843 3538 3080 3119
3134 3329 3141 3138
3069 3407 3009 3117
3024 3378 3130 3227
3020 3190 3173 3180
2996 3304 3251 3244
2980 3309 3146 3207
2970 3308 3193 3243
2952 3409 3224 3065
2923 3148 3235 3336
2846 3579 3049 3141
3009 3503 3115 3149
2978 3475 3116 3092
2918 3624 2976 3114
2857 3349 3157 3201
3064 3601 3021 3069
3059 3479 3072 3201
3035 3462 3170 3061
3010 3372 3126 3256
3005 3466 3129 3260
2996 3653 3027 3078
2966 3358 3152 3106
2956 3581 3040 3035
2925 3273 3131 3297
2896 3410 3181 3103
2835 3236 3242 3285
3075 3461 3165 3029
3030 3454 3090 3237
2889 3598 3123 2925
2813 3237 3298 3270
3182 3324 3007 3082
3045 3491 3065 3180
3024 3341 3085 3282
2949 3454 3012 3281
2788 3350 3201 3173
