426 78.3367
18972 18064
19002 17910
18998 18038
18804 18528
18790 18538
18950 18123
18405 19128
17573 19507
18735 18612
18259 19221
18929 18367
18860 18485
18769 18567
18964 18093
18600 18982
18571 19011
18932 18128
18726 18726
18649 18863
18692 18764
18625 18906
18538 19042
17559 19538
18817 18496
18041 19368
18031 19381
17628 19497
18666 18835
18215 19244
18015 19414
17799 19449
17724 19482
17270 19558
18723 18756
18688 18782
17268 19577
18774 18562
18400 19191
18380 19209
18312 19219
18258 19224
18123 19330
18051 19355
17889 19441
17183 19603
18877 18435
18862 18440
18768 18607
18731 18634
18669 18791
18454 19053
18446 19115
18174 19278
18098 19332
18060 19342
17923 19422
17178 19604
