540 16.8463
7382 7481 9073 7578
7230 7314 8340 8055
7953 8829 8464 6498
7715 7345 7654 8214
7614 6936 8205 8160
7577 7376 7858 8324
7886 9040 8240 6695
8904 7697 8092 7515
7707 6977 8111 8216
7570 7037 8095 8214
7668 7531 7686 8250
7281 7577 8208 8020
7745 7119 8083 8280
7567 7079 8091 8207
7661 7410 7670 8259
8380 8050 7779 7970
7309 7723 7745 8019
7571 7576 9042 7613
8847 7786 8152 7631
8523 8047 7751 7829
7635 7306 7809 8271
7973 8863 8376 6508
7372 7792 7713 8039
7502 7440 7715 8275
7910 8832 8141 6857
7918 8848 8391 6531
8884 7841 8246 7611
8062 8784 8453 6600
7599 7169 8355 8023
7856 8998 8180 6832
8354 7567 8957 6955
7988 8858 8319 6582
8297 8639 8403 7043
8586 7764 8752 7064
8833 7916 8214 7569
8215 8131 7775 7880
8385 8610 8463 6917
8809 7749 8177 7648
7466 7061 8218 8146
8334 8770 8383 6783
7640 7321 7868 8238
7999 8798 8531 6906
7939 8920 8345 6623
8133 8741 8518 6845
7786 7157 8351 8063
7989 8806 8456 6546
7913 8972 8378 6794
7696 7142 8056 8219
7359 7272 8170 8181
7832 9018 8269 6770
7901 8825 8209 6942
8888 7796 8242 7570
8323 8714 8389 6672
7634 7403 7936 8293
7813 8894 8265 6880
8028 8950 8154 6657
7961 8811 8380 6566
7947 8733 8543 7058
7307 7328 8282 8072
8405 8607 8468 6985
8307 8685 8352 7021
8041 8802 8415 6895
7989 8184 8642 7657
8011 8935 8231 6831
8082 7896 8478 7699
8782 7938 7967 7499
8348 7438 9031 7133
7671 7128 7960 8279
7765 7565 8660 7849
7799 7331 7951 8209
8251 8711 8532 7160
8327 8645 8287 7111
8371 8687 8469 6946
8110 8558 8747 7097
7871 8883 8412 6644
8036 8914 8146 6742
8470 8318 8526 7318
7916 9006 8219 6751
8792 7978 8051 7455
8575 8280 8115 7561
7550 7290 8174 8052
7946 8886 8359 6655
7624 7241 7903 8305
7975 8969 8291 6706
7922 8082 8746 7735
7603 7485 7830 8211
8114 8556 8702 7337
8759 7651 7860 7691
7899 7360 8040 8173
8164 8852 8276 6684
7916 8804 8451 6613
8377 8257 8710 7369
8473 7830 8303 7694
8176 8757 8421 6704
8744 7752 7847 7689
8220 8221 8461 7494
7915 7193 8410 7817
7827 8350 8689 7484
8000 8927 8250 6806
8457 8530 8606 7079
7936 8098 8782 7661
8696 7776 7888 7680
8840 7961 8065 7401
8579 7489 8749 7139
7586 7340 8160 8055
8464 7975 7942 7964
8642 7703 7875 7797
7647 7200 8315 8044
7315 7282 8248 8174
7709 7209 8317 8027
7288 7284 8180 8205
8396 8599 8570 7166
8262 8664 8501 6758
7604 7430 7944 8310
8017 8845 8335 6689
8528 8261 8013 7593
7804 8123 8994 7539
8498 8057 7815 7939
7886 7258 8329 7922
8116 8620 8557 7250
8678 7637 7983 7779
8135 8579 8690 7190
7742 7909 9014 7426
8622 7932 7947 7843
8227 8680 8651 7172
7833 8100 8993 7002
7963 8830 8425 6562
8146 7839 8736 7507
8737 7771 8032 7659
7456 7366 8113 8161
8206 8359 8850 7311
7739 7449 8586 7912
7965 8570 8491 7334
8666 7680 8372 6905
8254 8724 8467 6719
8310 8313 8707 7408
7338 7380 8165 8179
7816 7594 7914 8107
8462 7913 8005 7981
7609 7585 7997 8121
8047 8872 8307 6768
7940 8898 8350 6635
7477 7460 8194 8068
7980 8839 8369 6701
7331 7249 8332 8036
8250 7495 9018 7057
7416 7574 8165 8048
8735 7921 8120 7598
7485 7388 8078 8185
7408 7596 8144 8092
8653 7852 8184 7770
7772 7906 8895 7760
8477 7301 8842 7176
7630 7438 7991 8270
8386 7730 8797 7015
7501 7588 8982 7709
8123 8500 8440 7402
7437 7504 8327 8008
7486 7508 8960 7874
8632 8173 8143 7585
8539 7584 8827 7083
7962 9029 8263 6696
8213 8543 8447 7378
7838 8836 8191 6883
7877 7365 7972 8140
8057 8904 8152 6733
8104 7749 8366 7895
7663 7674 8106 8079
8615 8022 8003 7600
7539 7389 8126 8158
8170 8468 8809 7244
8357 8589 8595 7136
8434 7981 8029 7909
8217 8806 8347 6665
7645 7446 8483 7963
7852 7294 8300 7984
7659 7926 9001 7508
8348 8466 8684 7383
7698 7463 8533 7942
8096 7776 8929 7477
7656 7540 8046 8098
7779 8097 8901 7552
8184 8653 8695 7152
8007 8610 8617 7302
8640 7801 8384 6995
8421 8362 8624 7364
8374 7735 8874 7101
8490 7481 8983 7156
7451 7664 8939 7827
8424 7587 8880 7149
8199 8518 8770 7280
7444 7810 7842 8012
7560 7409 8158 8075
8723 7656 7892 7710
8120 8192 8611 7533
8275 8657 8472 6830
8240 8720 8454 6814
8143 8375 8885 7288
7616 7136 8066 8232
7506 7490 7971 8246
8750 7706 8096 7669
8050 8632 8645 7271
8340 8394 8071 7511
7327 7742 7878 7993
8317 7702 8129 7953
8503 8076 8023 7844
7464 7511 8112 8131
8720 7697 7908 7744
7529 7533 8934 7866
8787 7814 8159 7640
8292 8497 8446 7285
8514 7370 8764 7374
8364 8107 7904 7820
8603 7804 8321 7517
8411 8535 8262 7010
7622 7478 7925 8264
8257 7569 8037 7976
8627 7579 7931 7782
8178 7861 8822 7431
8262 8279 8629 7464
8129 7808 8829 7685
7783 7234 8196 8150
8025 8028 8864 7434
8154 8675 8667 7150
8265 8511 8777 7124
7493 7602 8971 7838
8301 8587 8386 7199
8449 7812 8394 7864
8548 8119 8251 7617
8767 7987 7935 7411
7731 8016 8908 7576
8166 8352 8891 7342
8312 8751 8363 6985
7956 8840 8259 6800
7534 7470 8082 8137
7838 8957 8415 6789
8160 8490 8788 7324
7401 7199 8329 8039
7912 7147 8408 7900
8393 7626 8907 7132
8716 7845 8228 7653
8596 7552 8819 7059
8494 7900 8102 7800
7618 7444 8125 8102
8469 8012 7900 7861
8073 7885 8862 7632
7943 8956 8311 6723
7833 8140 8839 7529
7844 7642 8597 7860
8356 7426 9005 7169
7367 7396 8146 8153
7425 7448 8085 8186
8445 7849 8149 7904
8089 8043 8633 7518
7674 7220 8264 8056
8804 7786 8163 7656
7386 7395 8114 8191
7690 7136 7985 8234
8023 7719 8420 7809
8092 8455 8429 7441
8002 8236 8712 7447
7876 8161 8774 7515
8705 7892 8218 7523
8223 8752 8417 6727
7894 7276 8260 7996
7850 8895 8289 6826
8015 8497 8717 7291
7379 7303 8288 8116
8413 7561 8951 7238
7759 8063 8806 7654
8658 8406 8329 7491
8055 8449 8859 7135
8285 8436 8807 7212
8568 7808 8295 7722
7866 7537 8582 7887
7863 8084 8761 7803
8077 8356 8252 7533
8312 8295 8670 7415
8192 8335 8924 7358
8452 8492 8495 7159
8560 7945 8018 7709
8099 8566 8878 7128
8404 8510 8549 7166
7882 8814 8426 6693
8096 8670 8511 7228
8672 8146 8110 7582
7344 7305 8104 8200
7896 8176 8672 7757
8426 8441 8185 7178
7717 8012 8876 7630
7904 7956 8813 7556
8034 8002 8553 7580
7901 8234 8652 7504
7906 7955 8788 7566
8592 8304 8156 7547
7726 7517 8030 8124
8456 7520 8972 7224
7757 7312 8431 7988
8545 7815 8244 7712
7750 7363 8584 7999
7478 7434 8135 8142
8487 8298 8114 7634
8518 7599 8832 7050
8686 7579 7933 7762
7468 7400 8234 8134
8399 7632 8257 7898
8797 7878 8089 7613
7837 7967 8836 7670
7820 7929 8885 7660
7777 7495 8519 7901
8065 8015 8435 7719
7325 7324 8259 8126
7679 7245 8217 8081
8307 8345 8508 7404
8117 8625 8436 7235
7652 7658 8800 7827
7579 7602 8060 8188
7883 8208 8728 7792
8101 8614 8691 7296
7703 7588 7987 8197
8444 7555 8845 7098
8191 8337 8969 7349
8165 8522 8756 7221
7538 7526 8168 8071
7800 8008 8815 7607
8571 8050 7937 7789
8560 8086 8663 7252
7845 8152 8795 7601
8412 8601 8399 6946
8497 8178 8041 7751
8278 8272 8054 7812
8728 7923 8103 7347
8216 8464 8790 7277
7861 8270 8675 7501
8147 8727 8430 7123
7688 7419 8493 7949
7860 7951 8931 7502
8177 8612 8574 7193
8679 7896 8098 7622
7721 7581 7854 8112
8553 8106 8609 7227
7347 7220 8307 8122
8669 7642 7825 7775
8004 9015 8246 6737
7688 7984 8950 7542
8535 7665 8183 7794
7605 7193 8210 8085
8069 8619 8576 7225
8085 8038 8722 7524
8224 8402 8825 7237
8491 8090 8001 7768
7478 7417 8198 8149
8021 8074 8664 7706
8460 8068 7823 7945
7518 7606 8916 7779
8270 8479 8742 7315
7508 7297 8203 8062
8210 8409 8835 7395
7523 7545 8245 8036
8233 8730 8435 6819
8770 7651 7821 7680
8311 7616 8919 6995
7954 8745 8505 7006
8439 8194 8728 7421
7889 8143 8840 7424
7986 8024 8693 7534
8272 8634 8292 7205
8330 8269 8654 7472
8235 8529 8724 7264
8159 8777 8501 7055
8195 8377 8945 7208
8375 7759 7923 7990
8314 8531 8658 7240
8258 8380 8768 7223
7288 7306 8266 8135
8597 8244 8239 7653
8519 8148 8107 7767
7596 7605 8792 7867
8512 8267 8689 7461
7531 7508 8904 7825
8540 8129 8631 7305
8727 7613 7921 7674
8181 8782 8285 6738
7583 7549 8583 7934
8565 8075 7949 7734
7685 7549 8019 8030
8246 8347 8796 7258
7512 7542 8941 7730
8524 7498 8836 7118
8044 8828 8328 6500
8776 7577 8070 7667
8167 8442 8516 7462
8360 7610 8198 7907
8407 7857 8278 7738
7350 7252 8208 8146
8504 8106 8117 7708
7491 7508 8171 8058
8608 8180 8078 7600
7392 7436 8264 8110
7326 7617 7853 8086
8352 8116 7827 7868
8709 7895 8131 7592
7857 8874 8401 6768
8270 8054 7885 7918
8396 8246 8769 7248
7445 7698 8860 7784
8320 8219 8260 7518
7573 7466 8852 7826
7812 7542 8602 7872
8059 8338 8624 7397
8417 8327 8762 7362
8400 7597 8221 7917
8237 8418 8748 7259
7736 7570 8655 7871
7442 7320 8178 8154
8642 7853 8224 7777
8309 8273 8713 7391
8043 7871 8956 7588
7622 7646 8749 7882
7974 8200 8767 7636
7557 7492 7850 8213
8197 8851 8291 6638
7705 7600 7956 8089
8430 7436 8854 7273
8663 7656 7955 7759
7831 7581 7965 8028
7712 8034 8915 7554
7773 7999 8870 7609
8189 8371 8909 7334
8420 7688 8868 7185
8330 8013 7919 7898
8156 8541 8793 7211
8443 8473 8629 7132
7433 7571 8248 8122
7626 7424 8768 7847
8215 8390 8868 7272
7913 8168 8771 7760
8456 7874 8049 7932
7390 7474 8144 8155
8162 7711 7882 8063
8691 7870 8173 7637
8694 7683 8019 7726
8661 7881 7856 7881
8269 8442 8740 7352
8338 8602 8665 7051
8591 8151 8165 7676
8289 8566 8699 7351
8763 7866 8146 7580
7753 7502 8039 8017
8339 8303 8500 7427
8221 8571 8713 7328
8225 8423 8340 7420
8334 8597 8579 7182
8241 7692 7821 8049
8533 8270 8578 7341
7944 8134 8910 7546
8211 8394 8914 7262
8266 8329 8917 7283
7352 7428 8162 8153
8193 8821 8327 6720
8313 7733 7925 8003
7832 7993 8808 7741
7667 7369 8374 7963
8239 8412 8942 7231
8688 7761 7882 7740
7942 8135 8719 7693
8143 7919 8924 7605
8350 8043 8132 7727
8092 7825 8843 7686
8500 8031 8069 7788
8390 8099 8043 7783
8330 7738 8189 7890
8102 8606 8618 7188
8232 8422 8472 7446
7939 7891 8794 7622
7754 7722 8063 7959
8537 8068 8550 7313
7510 7528 8092 8105
8604 7825 8095 7815
8242 8599 8504 7200
8345 8455 8700 7361
8536 8213 8596 7330
8454 8127 7844 7787
8417 8162 8155 7671
8307 8476 8507 7387
8455 8300 8621 7235
7868 7452 8040 8128
7571 7455 8215 8014
8086 8596 8722 7207
8356 7695 8200 7891
7469 7441 8276 8048
8021 8113 8800 7444
8456 7285 8784 7270
8144 8525 8769 7216
8363 8425 8511 7377
8555 7809 8280 7612
8168 8430 8840 7218
7700 7597 8743 7926
7871 8125 8686 7801
7760 8048 8857 7609
