13 0.161597
3010 3249 3097 2957
2990 3231 3210 2969
3033 3044 3061 3197
2967 3359 3067 2971
3038 3231 2888 3349
2874 3327 3100 2913
2848 3256 3288 3013
2843 3025 3251 3067
3154 3003 2774 3144
3146 3203 2861 3222
3132 3246 2864 2778
3071 3224 2818 3268
3049 3236 3124 2876
3044 3326 2813 3203
2978 3498 2869 3113
2929 3125 3031 3217
2928 3365 3067 3065
2871 3375 3093 2923
3274 3095 2805 2928
3269 3017 2924 2976
3264 2894 2618 3037
3232 3233 3016 3003
3218 3283 2696 3042
3196 3315 2812 2947
3174 3154 2704 3199
3174 3090 2955 3055
3144 3254 2854 2986
3122 3431 2828 2977
3025 3183 2962 3189
3001 3253 3134 2929
2959 3251 3136 3110
2803 3320 3066 3230
2476 3469 2922 3116
3181 3287 2853 2994
3149 3139 2919 3192
3135 3217 2739 3196
3132 3264 2740 3082
3132 3123 2720 3263
3118 3464 3042 3153
3111 3447 3058 2898
3102 3222 3052 3044
3090 3135 3156 3134
3072 3288 3045 3104
3062 3193 2985 3172
3051 3210 2863 3223
3032 2927 3280 2851
3025 3508 2795 3059
3005 3460 2885 3339
2997 3062 2987 3199
2988 3215 3078 3071
2952 3301 3108 3019
2947 3148 3078 3146
2929 3494 3049 3004
2907 3400 2942 3163
2905 3228 3155 3076
2905 3220 3236 3198
2879 3350 3090 3113
2826 3474 3134 3010
2799 3573 2868 3059
3246 3178 2883 3104
3210 3111 2595 3156
3198 3067 2920 3126
3180 3215 2876 3133
3172 3168 3104 3134
3106 3204 2934 3157
3097 3245 3072 3086
3063 3175 3073 2932
3063 3170 2971 3177
3038 3053 2895 3200
3035 3126 3009 3172
3024 3343 3061 3196
3023 3398 3056 3073
3011 3478 2940 2961
3011 3136 3131 3195
3000 3086 3174 2957
2992 3573 2871 2925
2981 3290 3151 3052
2981 3232 3011 3308
2974 3237 3218 2879
2949 3252 3093 3071
2931 3477 2946 2986
2929 3247 3210 2956
2924 3299 2944 3227
2913 3534 3080 3080
2885 3392 3060 3120
2885 3362 2986 3281
2869 3390 3018 3159
2863 3368 3107 2902
2827 3055 2936 3359
2824 3169 3070 3199
2819 3435 3105 3097
2805 3387 3115 3173
2783 3178 3109 3264
2781 3580 3018 3097
