73 4.75714
32731 34473 33083
33318 33329 34143
33074 34787 32597
33763 33707 33562
33994 33443 33827
33833 34281 33508
33338 34351 33277
32981 34372 33166
32964 34414 33238
34372 33812 33166
33876 34373 32495
33709 33828 33701
33545 34296 32893
33326 33844 33545
33205 34326 33499
32899 33293 34200
34386 33554 32927
34151 33343 33626
33887 33615 33544
33703 33500 34135
33627 33903 33537
33496 34419 32955
33389 33673 33922
33293 33996 33720
33206 34287 33299
33189 34545 32994
33179 33828 33964
33065 33874 33724
34351 33897 32690
34087 34229 33146
33780 33690 33886
33544 34383 32110
33383 34314 33205
33238 33817 33790
33127 34654 32318
34294 33850 33521
34261 34118 33528
34056 33614 33663
33918 34211 33325
33770 33703 33650
33564 33711 33753
33402 34627 32812
33301 33936 33569
33282 33610 33978
33214 33750 33815
33102 33680 33981
32993 34363 33782
