42 1.91628
24906 21909 22485
24888 21745 22561
24337 23791 24095
24920 21798 22510
24878 21884 22653
24429 23789 24098
24886 21913 22499
24537 23808 23954
24936 21831 22376
24936 21724 22508
24677 23886 23932
24458 23797 24063
24272 23759 24125
24492 23645 24291
24472 23648 24211
24440 23695 24254
24432 23704 24109
24431 23730 24263
24425 23659 24330
24408 23623 24359
24390 23810 23968
24389 23804 24059
24369 23563 24426
24355 23737 24205
24292 23571 24433
24285 23582 24419
24697 23853 23919
24503 23617 24320
24442 23662 24274
24805 23853 23824
24510 23558 24345
24480 23943 23905
24302 23502 24444
24296 23546 24443
24253 23528 24484
24233 23581 24424
24438 23902 23926
24570 23526 24374
24505 23572 24338
24492 24071 23654
24418 23579 24385
23993 22684 24528
24783 23843 23885
24691 23754 23988
24525 23468 24469
24447 23592 24361
24933 21767 22496
24824 23785 23767
24814 23768 23805
24653 23728 24009
24644 23708 24022
24613 23734 24003
24595 23736 24064
24593 23722 24100
24569 23786 24011
24531 23769 24098
24785 23831 23952
24734 23643 24048
24700 23798 23955
24685 23685 24032
24644 24048 23672
23910 22572 24642
24820 23863 23770
24796 23925 23862
24793 23768 23873
24701 23675 24071
24671 23699 24013
24647 23623 24148
24571 23529 24347
24553 23546 24409
24540 23866 23936
24524 23991 23856
24022 22687 24510
23787 22619 24621
24718 23712 23992
24710 23685 24028
24694 23567 24203
24669 23626 24102
24657 23698 24032
24656 23569 24247
24643 23729 24022
24620 23555 24314
24619 23610 24250
24606 23556 24257
23987 22760 24551
24873 23916 23745
24783 23931 23792
24751 23955 23893
24719 24030 23854
24676 23551 24205
24657 23581 24157
24616 23613 24211
24616 23434 24319
24592 23399 24352
24591 24063 23653
24084 22667 24607
23988 22742 24505
23935 22599 24624
23916 22762 24601
