29 0.376268
3525 3330 3568
3569 3400 3501
3517 3502 3511
3446 3387 3552
3639 3704 3301
3500 3523 3515
3495 3516 3523
3596 3381 3550
3589 3432 3479
3540 3512 3504
3818 3540 3321
3769 3635 3317
3612 3445 3473
3609 3807 3159
3575 3438 3474
3571 3446 3490
3556 3471 3491
3550 3316 3551
3545 3482 3482
3478 3533 3474
3618 3759 3182
3614 3760 3254
3605 3773 3258
3582 3803 3246
3632 3757 3184
3620 3783 3174
3612 3774 3217
3571 3827 3231
3552 3772 3266
3531 3706 3323
3459 3405 3535
3874 3434 3248
3632 3755 3215
3608 3815 3179
3541 3753 3274
3505 3748 3364
3849 3417 3305
3740 3559 3402
3732 3561 3414
3729 3565 3438
3718 3658 3367
3678 3643 3385
3599 3713 3318
3568 3731 3301
3540 3805 3303
3520 3768 3322
3494 3772 3349
3767 3578 3352
3766 3636 3395
3755 3666 3358
3729 3603 3429
3712 3549 3467
3690 3567 3462
3666 3580 3430
3841 3577 3317
3834 3497 3382
3815 3560 3322
3808 3404 3396
3804 3544 3351
3794 3522 3404
3786 3528 3439
3775 3566 3350
3768 3537 3384
3752 3537 3406
3734 3667 3282
3711 3725 3250
3842 3619 3248
3841 3649 3221
3826 3521 3320
3813 3512 3365
3796 3659 3247
3775 3678 3261
3772 3666 3300
3717 3717 3256
3686 3691 3326
3826 3685 3206
3814 3650 3284
3759 3677 3272
3734 3753 3212
3432 3901 3133
3846 3588 3312
3835 3618 3275
3803 3713 3215
3794 3676 3272
3763 3715 3241
3742 3713 3272
3859 3628 3219
3857 3646 3237
3836 3661 3164
3805 3646 3309
3801 3652 3301
3777 3681 3251
3748 3588 3399
3738 3766 3176
3734 3726 3249
3783 3682 3244
3859 3562 3287
3812 3614 3330
3524 3876 3145
3510 3890 3233
3477 3929 3101
3872 3523 3284
3870 3653 3211
3870 3587 3279
3844 3595 3253
3714 3711 3286
3570 3861 3102
3534 3859 3153
3417 3896 3183
3872 3584 3173
3581 3841 3167
3466 3864 3258
