589 18.2284
28089 27596
28185 27482
28086 27601
28308 27305
27926 27785
28243 27386
27969 27750
27065 28513
27433 28285
27193 28466
27813 27920
27385 28334
27294 28382
27290 28393
28180 27513
26972 28572
27764 27981
27920 27791
27596 28164
27939 27780
27222 28417
27988 27724
27648 28088
27620 28118
27317 28371
27052 28525
27843 27902
27030 28550
28363 27274
27712 28045
27562 28167
28234 27404
27888 27853
27041 28531
27940 27761
27547 28209
27238 28415
26941 28612
27363 28355
26927 28615
27965 27752
27958 27760
28232 27409
28031 27706
27560 28175
27196 28451
27914 27792
28081 27681
27009 28560
27695 28049
27630 28097
27008 28562
27666 28078
28026 27719
28211 27476
28457 27027
28082 27617
28427 27106
27923 27789
27260 28401
27209 28446
27625 28117
28280 27379
27907 27829
27757 27989
27087 28505
27273 28398
28287 27347
28219 27431
28228 27418
28117 27593
27603 28121
27162 28482
28344 27288
28151 27582
28038 27697
26909 28621
28372 27214
27910 27793
27804 27971
28421 27132
27976 27729
27716 28044
28450 27051
27992 27723
27859 27892
28374 27200
27629 28110
27355 28366
26895 28629
28535 26794
27501 28260
27109 28499
28408 27171
28318 27292
27512 28223
27075 28511
28490 27020
28311 27298
27755 28007
27014 28557
28516 26989
28566 26714
28532 26970
28434 27061
27544 28222
27403 28325
26954 28608
27652 28079
27123 28483
26848 28682
27979 27725
27929 27783
27673 28052
