103 4.5666
16907 16729 17963
16915 17045 17857
17256 17459 17281
17193 17087 17680
17777 16856 16819
17664 16941 16837
17188 17534 17061
16756 17847 16879
16718 17932 16599
16399 16806 17995
17124 17569 16687
17064 16813 17905
16691 17758 17570
16400 17038 17982
16173 17261 18037
17696 16841 16959
17119 16530 17814
16206 17982 17175
17470 17191 17203
17123 17608 16582
16902 17716 16967
16586 17871 16619
16584 17827 17008
16556 17895 16876
16511 17272 17939
16469 16875 17973
17633 17018 17230
17206 17106 17632
17018 17622 16929
16895 17747 16910
16893 17630 17335
16163 16851 18090
15803 17100 18140
15723 17473 18020
17504 17305 16994
17288 17277 17257
16952 16850 17865
16943 17573 17304
16932 17140 17853
16879 17483 17439
16864 16842 17870
16841 17490 17453
16836 17535 17359
16803 17381 17649
16767 17782 16844
16734 17380 17695
16661 17807 17461
16610 17870 16917
16388 16824 18045
16039 16853 18140
17729 16661 17075
17670 16967 16799
17480 17179 17220
17469 16989 17587
17364 17251 17340
17290 16599 17672
17194 17508 17071
17143 17606 16628
17065 16797 17954
16953 17543 17319
16707 17792 16981
16397 17241 18022
16272 17331 18013
15812 17057 18123
17509 17141 17109
17271 17003 17684
17227 17311 17589
17212 16495 17774
17181 17147 17637
17117 16567 17817
17033 17219 17804
16879 17776 17033
16683 17765 17367
16510 17969 17453
16348 17461 17976
15965 16860 18139
17688 17140 16466
17473 17340 16825
17335 17105 17424
17315 16993 17504
17199 17591 16557
17144 16585 17690
17143 17367 17645
17130 17421 17582
17127 17123 17671
17102 17215 17791
17043 17594 17013
17004 17592 17228
17003 17705 16883
16991 17445 17430
16862 17135 17939
16859 17766 17219
16841 17974 16575
16809 17366 17733
16783 17579 17437
16738 17479 17507
16603 16636 18027
16588 17935 16607
16481 17810 17496
16419 17362 17745
16299 17133 18088
16146 17672 17871
17688 16846 17023
17651 16893 16943
17627 16949 17351
17566 17084 16948
17431 17219 17046
17374 16996 17339
17338 17263 17129
17234 17521 16661
17216 17486 17204
17103 17773 16828
17090 17582 16847
17035 17719 16866
17019 17516 17105
16997 17691 17297
16911 17647 17330
16893 16868 17863
16798 17523 17443
16754 17557 17458
16743 17767 17067
16712 17723 17742
16655 17867 16985
16518 17341 17785
16456 17102 17961
16007 16936 18133
17710 16873 16858
17704 16755 16976
17687 16868 17301
17554 17268 16940
17511 17050 17265
17372 17117 17365
17366 17233 17410
17244 17410 17319
17241 17359 17583
17234 17476 16740
17192 17519 16736
17112 17666 16591
17109 17663 16829
17027 17243 17836
16973 17716 16945
16957 17473 17562
16956 17506 17373
16912 17269 17658
16810 17330 17904
16771 17458 17584
16727 17647 17711
16552 16656 18042
16519 17252 17941
16511 16897 17958
16405 16982 17981
16144 17214 18065
16135 16823 18151
16012 16804 18187
15870 17486 17928
