671 35.9929
8955 7872 7730
7367 8215 8920
8903 8204 7469
8962 7918 7712
8076 9331 7666
8958 7919 7625
8747 8025 8146
7500 8362 8850
7436 8301 8867
7923 9300 7689
8895 8075 7926
7523 8300 8908
7584 8498 8768
7422 9061 8230
8950 8129 7786
8898 8026 7899
7733 8281 8888
8884 8088 7898
7836 9278 7802
8813 8123 8097
8825 8120 8047
8930 8139 7891
7545 9172 8021
7607 8387 8837
8916 8182 7761
7987 9120 8069
7553 9085 8176
8791 8419 7753
7693 8910 8386
7628 8683 8572
8872 8167 7887
8266 9234 7691
7820 9105 8105
7787 8225 8863
8888 8185 7699
7804 8899 8420
7611 8392 8824
8003 9224 7854
7641 8330 8855
8825 8253 7945
8713 8463 8182
7962 9252 7835
7725 8602 8718
8843 8417 7929
7428 8235 8912
8236 9260 7822
8639 8839 7776
7644 8665 8590
8239 9206 7733
8871 8360 7747
8039 8325 8750
7710 8921 8372
7773 9020 8255
8868 8194 7837
8698 8726 8030
8696 8818 7959
8589 9033 7912
8104 9166 7962
7957 8785 8549
8884 8177 7807
7758 9072 8184
7676 8372 8837
8032 8368 8713
8270 9196 7694
8687 8790 8104
7663 9047 8268
8700 8511 8149
8766 8128 8098
8752 8546 8044
8786 8326 7986
8849 8236 8039
7962 9273 7815
8883 8155 7858
8649 8831 8012
8316 8523 8557
8858 8299 7824
7655 8915 8385
8859 8248 7872
7672 9035 8270
7976 8484 8721
8777 8547 7715
8232 9186 7833
8510 8893 8185
8247 9157 7895
7918 8537 8741
8480 8529 8397
7737 9059 8220
8674 8649 8198
7941 8865 8377
8901 8153 7873
8625 8934 8001
7664 8992 8320
7903 8229 8797
8614 8874 8084
7820 8376 8817
7713 9017 8258
8735 8587 8100
7876 8932 8366
8788 8242 7966
8771 8274 7994
8006 9092 8114
7895 8199 8803
7961 9018 8195
8189 8907 8273
8666 8471 8250
8821 8444 7728
8361 9148 7860
8883 8141 7906
7915 8693 8567
8601 8768 8171
8404 8160 8537
8481 8977 8081
7922 8428 8758
8364 8479 8583
8127 9274 7725
8497 8967 8154
7979 8459 8731
8226 8641 8577
8477 8753 8340
8140 9272 7766
7950 8378 8784
8721 8638 8138
8658 8612 8278
7861 9152 8010
8365 9077 8122
8239 8266 8671
8257 8657 8554
8551 8642 8327
8390 8503 8509
7662 9129 8111
8412 8398 8527
8049 8477 8683
7927 8400 8769
8109 8285 8742
8152 8698 8518
8406 8469 8519
8093 8519 8654
7898 8258 8795
7784 9213 7971
8459 9100 8042
8453 8316 8497
8327 9178 7888
8430 8776 8347
7981 8598 8691
8563 8826 8264
8612 8730 8226
7832 8974 8290
8483 8857 8265
8229 8299 8660
8634 8759 8129
8386 8596 8459
8370 8627 8473
7550 9064 8199
7860 8425 8789
8070 8786 8539
8531 8964 8140
7939 8871 8381
8787 8367 7949
8118 9138 7978
8331 9146 7874
7735 8936 8358
8147 9131 8017
8586 8983 8054
8886 8274 7770
8266 9182 7855
7994 9204 7939
7902 8892 8369
8440 8887 8279
8178 9189 7900
8616 8847 8063
8252 8491 8605
8626 8760 8199
8136 9171 7909
7743 8339 8828
8853 8403 7918
7945 9005 8277
7884 8822 8499
8779 8333 7961
8524 8499 8393
7781 9122 8140
7976 8223 8781
8376 8379 8564
8459 8855 8313
8008 9082 8121
8145 8265 8709
8213 9156 7975
8021 8450 8685
8175 8692 8506
8292 8352 8632
8300 9141 7905
8494 8563 8366
8297 8609 8597
7828 8239 8831
8519 8686 8286
8293 8454 8599
8537 9001 7999
8196 9223 7880
8065 8795 8441
8211 8315 8665
7843 8311 8791
7824 8951 8297
8311 8342 8606
8456 8666 8367
8395 8499 8529
7891 8801 8485
8461 8775 8329
7751 8287 8836
8131 8985 8220
7971 8238 8780
8495 8526 8402
8270 9040 8132
8077 8336 8735
8373 9124 7982
8089 9170 7919
8126 8771 8462
8400 8493 8543
8375 8512 8534
8408 8552 8470
7754 8248 8853
8172 8357 8664
8140 9000 8210
8772 8613 7769
8017 8567 8684
8355 8753 8408
8162 8961 8243
8726 8653 8055
8322 8883 8292
7864 8395 8776
8609 8734 8212
8099 8487 8677
7992 8372 8754
7869 8945 8283
8282 8756 8410
8290 8662 8503
8605 8782 8163
8466 8786 8310
8662 8695 8135
8865 8238 7971
8682 8621 8230
7869 8192 8835
8127 8345 8703
8109 8384 8700
8271 8437 8610
8176 9215 7891
8868 8238 7810
8313 8557 8525
7838 8348 8807
8565 8988 7935
8245 8948 8223
8024 8301 8777
8141 8431 8679
7829 8944 8319
8423 8443 8512
7920 8487 8773
7926 9061 8156
8010 9275 7764
8602 8556 8350
7742 8480 8810
8451 8575 8467
7822 8404 8801
7839 8338 8812
8579 8900 8106
8357 8942 8165
8768 8579 7994
8163 8679 8541
8776 8231 8060
8116 8925 8275
8546 8870 8197
8352 9009 8169
8641 8748 8112
8184 8684 8491
8276 8742 8428
8419 8460 8490
8633 8622 8248
8506 8745 8281
8732 8674 7822
8620 8623 8244
8382 9064 8112
8040 9101 8062
8152 8381 8669
8089 8634 8613
7892 8294 8811
8007 8539 8706
7758 8955 8294
8236 8279 8642
8224 8508 8620
8558 8704 8272
8262 8766 8429
8330 8844 8335
8107 8413 8695
7894 8312 8785
8433 8424 8495
8123 8581 8644
8125 8813 8424
8419 8917 8221
7862 9024 8206
8218 8671 8499
8516 8606 8333
8388 8807 8399
7973 8227 8799
8445 8877 8296
8426 8472 8479
7898 9221 7900
8449 8676 8362
8097 8779 8451
8397 8819 8381
8437 9015 8102
8326 8978 8200
8366 9003 8136
8749 8572 8111
8182 8779 8449
8377 8573 8504
8513 8867 8227
8536 8708 8281
8541 9013 7994
8028 8236 8769
8111 8913 8287
8285 8716 8417
7852 8193 8837
8786 8494 7880
8243 8505 8604
8140 8541 8646
8561 8649 8303
7940 8391 8753
8062 8995 8217
7892 8307 8790
8578 8578 8308
8234 9026 8142
8085 9081 8145
8283 8714 8421
8259 8447 8609
8584 8804 8208
8558 8458 8383
8402 8592 8482
8057 8420 8682
7975 8815 8435
7998 9028 8162
8019 9171 7931
7845 8664 8624
8053 8415 8694
8168 8594 8616
8158 8440 8650
7756 8989 8289
8347 8600 8480
8486 8624 8363
8119 8659 8567
8091 8898 8335
8059 8290 8756
8488 8803 8300
8499 8737 8337
8249 8736 8430
7869 8308 8801
8583 8720 8259
8442 8926 8180
8343 8754 8416
8492 8903 8176
7885 9020 8236
8194 8786 8444
8556 8912 8146
8305 8348 8618
8645 8664 8217
8150 8442 8675
7927 8835 8455
8243 8246 8635
7828 8261 8826
8003 8410 8733
8453 8673 8353
8144 9016 8161
8614 8937 7902
8056 8950 8253
8177 8348 8637
8405 8551 8488
8566 8830 8130
8150 9126 8057
8487 8584 8382
8361 8741 8414
8061 8588 8678
7752 8355 8826
8055 8558 8679
7784 8618 8685
8088 9171 7916
8303 9132 7942
8333 8694 8438
8242 9133 7947
8296 9147 7937
8224 8485 8622
8084 8747 8474
7834 9102 8100
8214 8365 8630
8335 8681 8448
8262 8718 8489
8470 8516 8478
7998 8810 8476
8337 8673 8419
7850 8939 8284
8683 8609 8178
8549 8873 8163
7847 8853 8477
8015 8980 8240
7983 8411 8733
8473 8184 8455
8521 8881 8148
8012 8800 8478
8727 8366 8113
8207 8847 8416
8220 8289 8684
8572 8477 8374
8175 8957 8232
8517 8850 8203
8085 8677 8573
8469 8651 8393
8217 8797 8432
8065 8544 8649
8517 9089 8056
8400 8929 8178
8588 8676 8260
8349 8444 8600
8149 9090 8083
8143 8808 8425
8122 8722 8464
8372 9073 8062
8435 9039 8129
8301 8712 8478
8422 8664 8389
8446 8643 8401
8269 8684 8483
8094 8850 8412
8576 8636 8272
8199 8913 8246
8154 8943 8267
8167 8923 8241
8319 8551 8539
8232 8280 8640
8122 8879 8349
8233 9134 7939
8373 8645 8464
8347 8631 8478
8153 8487 8628
8639 8673 8175
8078 8853 8391
8403 8638 8453
7733 9027 8233
8063 8578 8652
8475 8448 8427
8348 8940 8213
8314 9151 7900
8510 8622 8330
8341 8544 8511
8022 8994 8228
8205 8964 8205
8217 8834 8374
8431 8607 8417
7986 8384 8756
8561 8833 8170
8502 8706 8300
8340 8644 8476
8204 8416 8636
8427 8337 8502
8051 8604 8630
8275 8910 8239
8158 8708 8495
8574 8821 8169
8410 8976 8148
8171 8340 8695
8567 8903 8061
8233 8745 8447
8078 8438 8680
8772 8395 7941
8314 8696 8436
8063 8884 8338
8567 8739 8245
8495 8939 8168
8311 9092 8059
8117 8724 8466
8407 8866 8301
8257 8724 8440
8107 8993 8237
8244 8427 8617
8434 8981 8139
8475 8514 8412
8469 8901 8183
8329 8658 8501
8260 8768 8410
8080 9020 8146
8272 8734 8433
8025 9170 7961
8081 8734 8501
8502 8593 8338
7739 9081 8180
8201 8922 8242
8360 8923 8215
8349 8966 8179
7986 9007 8239
7994 8604 8653
8543 8915 8147
8002 8619 8635
7916 8847 8443
8543 8494 8411
8360 8898 8266
8001 8922 8363
