2588 2.36142
3566 3574 3469
3533 3606 3489
3610 3498 3486
3610 3650 3350
3555 3687 3469
3520 3618 3481
3610 3628 3465
3589 3748 3362
3591 3683 3360
3487 3650 3501
3572 3680 3438
3700 3522 3356
3592 3664 3405
3632 3628 3445
3640 3641 3433
3251 3698 3424
3567 3683 3409
3452 3749 3305
3580 3634 3437
3548 3691 3406
3499 3626 3511
3593 3652 3407
3558 3643 3466
3523 3696 3431
3543 3602 3500
3570 3679 3449
3515 3657 3477
3609 3648 3379
3505 3523 3514
3654 3573 3367
3418 3627 3532
3526 3730 3373
3559 3599 3475
3414 3723 3419
3632 3658 3343
3330 3695 3468
3484 3649 3526
