286 16.8863
3590 3948 2996
3359 4038 3089
3027 3890 3520
3244 3176 3886
3556 3076 3755
3986 3317 3371
3543 3961 3028
3534 3986 3052
3112 4031 3120
3056 3772 3656
3588 3092 3739
3081 3785 3643
3034 3778 3653
3102 3996 3411
3886 3655 3059
3959 3383 3387
3288 3100 3874
3069 3810 3647
3828 3738 3066
3811 3631 3323
3978 3434 3234
3968 3455 3251
3745 3777 3187
3177 4029 3393
3899 3630 3098
3335 3301 3852
3498 3838 3502
3091 3570 3785
3412 3114 3810
3986 3426 3300
3759 3762 3198
3804 3718 3186
3235 3520 3831
3681 3144 3685
3463 3989 3156
3514 3970 3090
3200 4016 3263
3490 3165 3809
3412 3696 3602
3706 3123 3659
3115 3743 3692
3607 3154 3730
3276 4017 3138
3601 3247 3716
3857 3644 3180
3563 3936 3171
3812 3734 3149
3304 3422 3856
3237 3462 3844
3771 3688 3316
3858 3721 3131
3340 3565 3761
3451 3258 3796
3951 3501 3227
3265 4000 3356
3707 3852 3175
3443 4012 3071
3974 3337 3326
3215 3195 3880
3206 3311 3874
3223 3447 3852
3261 3494 3827
3497 3965 3174
3314 3819 3565
3131 3847 3609
3595 3884 3382
3257 3481 3840
3255 3927 3470
3174 3985 3437
3796 3267 3564
3803 3792 3084
3462 3980 3347
3063 3829 3627
3528 3262 3744
3361 3909 3481
3551 3133 3750
3395 3555 3717
3844 3135 3552
3866 3654 3125
3768 3746 3114
3248 3653 3701
3251 3639 3681
3553 3948 3119
3285 3334 3870
3520 3775 3493
3198 3863 3561
3185 3452 3865
3329 3381 3817
3472 3103 3812
3095 3883 3574
3900 3619 3077
3712 3239 3655
3506 3211 3776
3623 3122 3707
3860 3649 3164
3389 4003 3141
3657 3811 3261
3947 3441 3280
3331 3827 3558
3400 3295 3834
3229 3558 3790
3030 3713 3696
3742 3462 3510
3241 3708 3676
3949 3422 3362
3779 3758 3103
3672 3669 3454
3897 3547 3288
3930 3445 3350
3649 3358 3645
3308 3327 3821
3641 3550 3545
3699 3362 3628
3629 3879 3402
3369 3237 3838
3547 3665 3648
3373 3726 3650
3560 3109 3738
3521 3214 3772
3388 3411 3797
3137 3883 3538
3085 3836 3623
3732 3143 3615
3534 3230 3733
3905 3608 3161
3869 3594 3245
3655 3826 3240
3680 3894 3219
3838 3528 3498
3171 3316 3878
3323 3297 3861
3614 3723 3473
3464 3998 3133
3432 3512 3690
3929 3465 3359
3557 3306 3713
3864 3614 3203
3768 3288 3594
3144 3747 3688
3818 3609 3347
3610 3808 3406
3581 3805 3439
3475 3439 3743
3188 3575 3781
3685 3377 3605
3382 3670 3630
3824 3625 3335
3799 3233 3607
3354 3459 3800
3444 3893 3510
3678 3184 3663
3214 3971 3411
3621 3526 3635
3152 3702 3731
3527 3198 3775
3151 3730 3654
3536 3223 3739
3915 3585 3108
3376 3764 3592
3782 3690 3285
3937 3486 3290
3661 3809 3224
3233 3371 3868
3385 3322 3814
3879 3638 3075
3421 3997 3146
3926 3469 3328
3132 3887 3534
3207 3942 3465
3194 3563 3779
3345 3563 3765
3889 3577 3337
3831 3576 3369
3319 3346 3819
3575 3932 3244
3773 3430 3531
3461 3882 3488
3406 3509 3726
3576 3205 3720
3307 3389 3829
3210 3986 3421
3748 3593 3447
3970 3384 3333
3696 3842 3216
3453 3833 3522
3942 3321 3389
3619 3220 3698
3648 3844 3373
3316 3856 3547
3532 3368 3715
3509 3354 3719
3525 3375 3704
3766 3681 3366
3486 3168 3803
3835 3705 3214
3625 3699 3460
3892 3610 3147
3162 3806 3610
3324 3667 3672
3291 3874 3542
3740 3340 3606
3853 3484 3417
3414 3621 3667
3917 3504 3301
3168 3660 3734
3405 3675 3622
3485 3252 3770
3506 3868 3461
3123 3798 3638
3954 3405 3306
3124 3765 3643
3390 3531 3728
3180 3931 3484
3538 3179 3762
3602 3218 3716
3575 3903 3370
3878 3416 3462
3834 3676 3256
3887 3583 3230
3268 3960 3444
3705 3490 3588
3763 3683 3352
3652 3835 3222
3512 3848 3492
3515 3794 3516
3904 3538 3294
3922 3349 3451
3297 3769 3585
3737 3406 3555
3579 3888 3331
3190 3779 3618
3904 3643 3072
3198 3840 3577
3352 3297 3837
3713 3757 3297
3568 3948 3082
3333 3343 3805
3666 3193 3670
3935 3441 3313
3542 3975 3087
3785 3642 3295
3155 3812 3623
3664 3293 3683
3757 3401 3550
3427 3937 3468
3230 3796 3598
3531 3204 3763
3033 3781 3666
3365 4005 3101
3873 3478 3380
3836 3736 3138
3492 3254 3753
3949 3541 3202
3487 3939 3342
3360 3913 3471
3567 3106 3736
3793 3745 3268
3645 3646 3485
3517 3740 3582
3598 3543 3636
3605 3186 3732
3841 3560 3379
3940 3492 3275
3416 3393 3786
3367 3518 3751
3882 3601 3211
3250 3656 3692
3927 3273 3429
3281 3995 3408
3709 3690 3383
3687 3191 3658
3188 3991 3431
3219 3747 3653
3058 3840 3610
3637 3349 3651
3408 3350 3790
3693 3302 3637
3790 3280 3553
3558 3944 3199
3617 3366 3652
3183 3308 3884
3878 3529 3340
3733 3744 3308
3678 3568 3515
3272 3430 3825
3441 3475 3747
3157 3781 3631
3192 3771 3634
3616 3293 3693
3402 3820 3538
3846 3514 3364
3667 3714 3442
3789 3685 3279
3728 3361 3596
3751 3322 3603
3159 3812 3615
3545 3777 3476
3729 3764 3255
3754 3397 3570
3850 3430 3458
3269 3924 3483
3371 3770 3581
3280 3688 3664
3769 3723 3344
3182 3487 3844
3384 3347 3799
3473 3315 3745
3934 3458 3315
3267 3508 3823
3511 3988 3163
3241 3602 3741
3183 3975 3440
3552 3850 3475
3915 3497 3304
3206 3876 3539
3822 3613 3336
3449 3755 3550
3919 3472 3395
3690 3710 3405
3425 3530 3709
3924 3371 3428
3277 3803 3587
3481 3859 3500
3483 3915 3433
3625 3352 3657
3932 3454 3343
3913 3500 3306
3378 3498 3735
3468 4008 3077
3976 3342 3311
3570 3284 3727
3177 3784 3612
3299 3516 3774
3608 3652 3579
3653 3716 3430
3317 3598 3706
3938 3506 3210
3540 3172 3752
3863 3678 3089
3734 3385 3579
3508 3951 3332
3146 3765 3637
3165 3711 3654
3585 3857 3436
3437 3328 3800
3856 3660 3147
3294 3760 3612
3600 3202 3728
3724 3187 3637
3491 3438 3723
3655 3809 3267
3719 3585 3506
3895 3568 3232
3801 3685 3241
3876 3467 3414
3459 3802 3526
3305 3798 3572
3800 3437 3523
3725 3800 3135
3513 3773 3529
3668 3391 3640
3402 3171 3841
3455 4008 3080
3788 3771 3085
3634 3302 3675
3833 3607 3311
3761 3747 3206
3577 3769 3467
3670 3718 3401
3870 3413 3478
3735 3731 3286
3302 3814 3567
3911 3404 3396
3875 3472 3409
3715 3780 3206
3374 3740 3600
3263 3752 3626
3672 3641 3533
3650 3333 3661
3861 3635 3137
3399 3606 3668
3895 3395 3427
3666 3372 3642
3513 3175 3802
3459 3897 3455
3556 3934 3274
3418 3513 3717
3328 3642 3662
3721 3684 3351
3469 3872 3457
3524 3156 3789
3493 3872 3434
3228 3829 3552
3439 3914 3447
3825 3581 3391
3207 3281 3879
3727 3456 3583
3944 3470 3272
3910 3403 3424
3548 3324 3710
3711 3595 3480
3433 3749 3569
3300 3898 3499
3764 3589 3416
3630 3917 3305
3488 3925 3366
3458 3257 3771
3758 3313 3568
3840 3406 3487
3514 3276 3740
3479 3584 3652
3225 3590 3770
3571 3795 3450
3349 3477 3767
3133 3814 3626
3338 3799 3564
3398 3822 3553
3776 3413 3541
3344 4009 3272
3350 4015 3216
3333 3957 3408
3565 3291 3707
3551 3953 3199
3629 3160 3704
3688 3331 3638
3283 3383 3863
3684 3802 3384
3944 3581 3209
3389 4004 3105
3600 3920 3276
3852 3608 3212
3839 3645 3253
3865 3489 3399
3587 3922 3107
3284 3544 3768
3669 3762 3423
3651 3823 3404
3859 3401 3508
3862 3434 3449
3899 3526 3302
3687 3156 3673
3834 3436 3527
3845 3648 3200
3815 3563 3479
3659 3475 3619
3274 3513 3822
3422 3489 3729
3782 3636 3358
3882 3476 3375
3550 3755 3507
3701 3353 3621
3753 3432 3547
3813 3604 3392
3632 3209 3698
3725 3612 3378
3775 3308 3554
3364 3450 3787
3720 3338 3613
3435 3562 3686
3306 3633 3708
3797 3567 3420
3798 3754 3101
3303 3545 3767
3767 3534 3486
3485 3870 3435
3728 3552 3543
3633 3318 3687
3543 3159 3749
3381 3587 3705
3468 3209 3805
3491 3900 3419
3435 3816 3541
3429 3584 3682
3908 3346 3484
3342 3582 3730
3683 3325 3651
3293 3537 3776
3457 3283 3762
3848 3474 3457
3321 3624 3676
3586 3831 3415
3936 3398 3370
3774 3578 3394
3485 3270 3749
3463 3223 3782
3450 3438 3777
3566 3894 3377
3508 3861 3425
3840 3450 3462
3381 3751 3575
3567 3923 3299
3876 3709 3079
3668 3767 3398
3845 3604 3271
3380 3171 3861
3867 3597 3215
3704 3284 3638
3169 3837 3599
3564 3921 3374
3263 3551 3773
