1 0.0353957
7546 6914 7460 5834
7375 7185 6990 5894
7359 6866 7510 6289
7340 6909 7517 6312
7252 7154 6892 6340
7235 6580 7187 6450
7182 6812 7081 6838
7144 6819 7017 6559
7137 7002 7384 6672
7130 7138 7609 6373
7094 7215 7207 6388
6981 7266 7287 6506
6979 6458 7113 6710
6967 7329 7181 6364
6964 6444 7402 6384
6920 7200 7319 6337
6812 7533 7004 5921
7538 6850 7497 5868
7394 6647 6929 6149
7334 6977 7001 6338
7301 6909 6981 6419
7283 7085 7477 6374
7236 6552 7206 6410
7225 6590 6945 6583
7170 7039 7170 6388
7128 7023 7397 6618
7069 7160 7203 6503
7039 7115 7060 6522
6941 7388 7024 6308
6817 6919 7444 6579
6751 7142 7440 6316
6717 7443 6938 5950
6640 6902 7271 6833
