14 0.650189
14559 15821 16169
15467 15683 15966
14898 15643 16237
15824 15313 15522
15688 15507 15353
15493 16026 15478
15388 15854 15748
15147 15320 16195
15123 15708 16083
14588 15351 16251
14338 16033 16113
15740 15392 15530
15715 15333 15634
15673 15602 15636
15664 15772 15722
15616 14940 15936
15600 15986 15393
15599 15536 16150
15557 15807 15723
15430 15719 15992
15391 15923 15550
15255 16270 15809
15192 16076 15837
15192 15563 16005
15126 15550 16104
15125 15742 16054
15119 15775 15987
15075 15886 15937
15001 16214 15832
14996 16206 15861
14989 16295 15578
14880 15302 16273
14877 15816 16155
14707 16138 15880
14638 16230 15928
14632 15887 15967
14470 15878 16023
