4 1.08801
14567 13684 14197 13692
14019 14212 14777 14156
13687 13353 14277 14206
14570 13418 14168 13722
14555 13561 14200 13700
14545 14099 14009 14198
14465 13786 14404 13770
14440 14007 13972 14244
14234 14056 14536 13569
14141 14545 14165 13377
14051 14550 14263 13650
13908 13667 14052 14225
13509 14188 13992 14196
14626 13565 14145 13812
14571 14001 14418 12947
14556 13786 14146 13772
14487 14147 14251 13265
14471 14255 13888 13395
14408 14411 13801 13160
14392 14317 13850 13464
14328 14477 14317 13497
14310 14250 14510 13527
14309 13812 13884 14322
14298 13995 14611 13498
14275 14151 14292 13780
14226 14228 13690 14242
14221 14392 14393 13248
14221 14070 14508 13608
14196 14140 14520 13600
14186 14513 14198 13522
14152 14448 14062 13569
14137 14140 14810 14078
14127 14436 14294 13500
14076 14235 14700 14084
14068 14350 13840 13874
14042 14542 14225 13667
13982 14112 13712 14509
13951 14696 14106 13487
13941 14207 14823 14120
13931 14400 14068 14107
13924 14015 13658 14536
13854 14711 14299 13230
13848 13398 14336 14169
13830 13373 13608 14580
13747 14140 13872 14214
13694 13580 14134 14218
13612 13515 14409 14361
13611 14204 13724 14207
14833 13951 14201 13631
14794 13988 14456 13151
14741 13636 14142 13673
14697 13696 14217 13624
14646 14022 14339 13060
14626 14047 14301 13114
14620 13560 14135 13813
14616 13675 14221 13459
14582 13858 13853 13778
14576 13926 13814 13878
14561 14033 14104 13151
14559 13735 14195 13678
14527 14109 14357 12904
14512 13677 14272 13759
14507 14076 14490 13002
14501 14110 14445 12917
14488 13891 14355 13886
14486 14119 14430 13051
14480 14204 14366 13111
14460 14124 14489 13939
14460 14078 14064 14168
14459 14139 14489 13561
14429 13935 13954 14266
14428 14405 13850 13435
14423 13767 14044 14322
14415 13867 13871 14305
14401 14452 13890 13399
14386 14057 14500 13949
14371 14167 14504 13699
14356 14132 14551 13541
14345 13801 14010 14235
14344 13900 13830 14272
14338 14273 13932 13348
14337 13915 13891 14286
14332 14176 14453 13489
14329 13987 14265 13973
14309 14479 13814 13206
14296 14224 14634 13563
14291 14260 13882 13513
14275 14201 13974 13568
14267 14150 14463 13973
14249 14470 14324 13312
14246 14376 14347 13189
14239 14444 14331 13438
14236 14127 14465 14080
14234 14064 14531 13920
14230 14458 14084 13516
14230 14164 14306 13844
14218 14402 14346 13228
14202 14242 14410 13539
14190 14435 14401 13292
14184 14300 14267 14046
14181 14322 14784 14070
14176 14230 13616 14175
14164 14208 14787 14130
14150 14265 13620 14112
14138 14375 13862 13873
14128 14633 14269 13607
14110 14489 14297 13821
14100 13559 14166 14199
14094 14601 14339 13538
14089 14515 14412 13303
14077 14527 14106 13698
14070 14177 14571 14134
14067 14280 14781 14118
14056 14262 14802 14144
14050 13602 13717 14418
14041 14513 14135 13743
14040 14534 14204 13690
14018 14637 14156 13546
14008 14649 14094 13491
13993 14206 14864 14060
13987 14647 14114 13556
13986 14653 13962 13384
13983 14053 13650 14561
13979 14753 14292 13360
13935 13939 13854 14263
13922 13907 13801 14358
13921 13986 13965 14414
13903 14332 14487 14024
13901 14086 13915 14454
13894 14201 13977 14166
13894 14008 13730 14456
13893 13500 13668 14523
13869 13554 14105 14355
13853 14190 13712 14476
13833 14515 14134 14125
13814 14055 14715 14165
13794 13458 14326 14188
13792 13406 14335 14182
13783 14138 14668 14201
13772 13431 13540 14593
13766 13575 13725 14722
13764 14413 14193 13919
13760 13461 13812 14483
13741 13353 14109 14239
13738 13716 14119 14455
13684 14436 13765 14182
13676 13403 14304 14308
13665 13473 14201 14221
13660 13466 14396 14252
13647 13436 13902 14536
13630 13551 14390 14329
13552 13808 14138 14478
13450 13900 13574 14576
13210 13516 14156 14375
13195 13571 14199 14230
