19 1.24705
29426 29703 29081 29424
29052 29025 28423 29836
29496 28519 28909 29902
29308 29093 28128 29947
28558 29361 28197 30067
29318 30483 27834 27740
29278 30317 28001 29008
29264 30593 27776 27688
28955 28219 29058 30047
30183 29873 28597 28690
29950 28878 28098 29993
29886 30267 29619 28627
29262 27860 29962 28985
28818 28929 30198 28378
28517 29107 28350 30288
28265 29821 28962 29568
27930 28984 29965 28724
30221 29344 29036 28824
30086 30307 28956 29511
30083 30124 29378 29355
29953 29357 28342 29789
29730 28861 28870 29977
29588 30065 29895 28448
29365 29589 29211 29394
29153 29589 29225 29384
29030 29896 28859 29629
28875 29774 29159 29454
28867 28922 30059 28259
30420 30402 30410 28205
30199 29543 29513 29749
30087 29700 28334 29320
29916 29896 29802 29359
29887 29770 28651 29627
29711 29775 28184 29913
29636 28964 27882 29960
29607 30433 28718 27871
29590 29496 28848 29830
29581 30259 29649 28470
29519 29647 29155 29631
29515 28610 28345 30372
29511 28870 28288 29908
29506 28450 28915 29959
29330 28971 28264 29970
29272 27804 29966 28956
29264 28393 29954 29285
29245 30504 27839 27662
29166 29828 28686 29605
29139 30302 29216 29181
29011 28677 28896 30103
28992 28339 29028 30124
28991 29270 29848 28608
28975 29816 28181 30158
28949 29426 29947 28741
28937 29181 29663 29544
28838 29581 30006 28294
28806 30064 28888 30004
28747 28907 30254 28404
28624 29315 29884 29283
28584 28940 30126 28410
28457 29054 28227 30299
28262 29784 28964 30039
28168 29169 28830 30050
28053 28004 29527 29569
28016 29652 28988 29988
27917 28918 29904 28809
