143 6.52615
4088 3551
3541 3945
3574 3935
3578 3927
4034 3625
4015 3677
3461 3969
3517 3959
4137 3437
4028 3639
3969 3711
4069 3588
3588 3921
4159 3409
4129 3532
3915 3751
3635 3915
3683 3884
4147 3417
4073 3586
3652 3895
4084 3563
3918 3745
3844 3810
4176 3373
3950 3729
3946 3731
3871 3787
3849 3806
3817 3836
4200 3141
4181 3317
3975 3706
3889 3779
3856 3790
3741 3871
4169 3379
3961 3717
3908 3778
3884 3780
3862 3788
3796 3846
3762 3855
4059 3619
4004 3689
3877 3786
3805 3837
3759 3859
3713 3872
4074 3584
3932 3735
3924 3741
3766 3850
3699 3876
3680 3890
3684 3882
3681 3888
4186 3269
4018 3669
