258 27.2495
8513 8017 7534 7862
9067 8002 8240 7081
8392 9020 7945 6797
7764 7942 8023 8444
8581 7398 8382 7873
8140 9079 8068 7166
7573 8218 8067 8212
7826 8021 9374 7243
9049 8147 8293 7161
8597 7428 8127 7899
8587 7791 7569 7861
9012 8042 8360 7210
7684 8027 8121 8370
8647 7872 7607 7785
8275 8383 7638 8038
8178 8127 7656 8223
8294 7455 8233 8210
8797 7548 8636 7442
8854 7695 8331 7591
7711 8537 8513 7708
8622 7813 7587 7798
8420 8807 8434 6823
7623 8545 8590 7660
7639 8043 9158 7833
8040 8463 7739 8088
8392 8970 7983 6860
8039 7713 8169 8282
8874 7951 8370 7547
8891 7843 8375 7186
8004 7687 8521 8131
8269 7482 8220 8235
8038 8302 7762 8198
8246 8924 8235 6887
7765 7605 9275 7564
8655 8515 8185 6871
7755 7750 8028 8434
7994 7796 8420 8152
8338 9065 7996 6913
7724 8365 8509 7964
8805 7659 8383 7694
8308 8091 7732 8069
9064 8034 8218 7070
8850 7614 8352 7619
8532 7848 7695 7897
8914 7592 8240 7550
7735 8500 8581 7888
7810 8033 9293 7376
8716 7761 7795 7657
8772 8201 8333 6983
8099 7655 8971 7842
8722 7671 8548 7778
8426 9050 7925 6846
8653 8619 8160 6933
8093 7568 8402 8314
7804 7997 9325 7356
8352 7936 9024 7723
8141 8353 9006 7581
8412 7497 8436 8011
8298 7579 8218 8175
8228 8945 8186 7096
8306 8122 7786 8094
8165 9044 8166 7172
8079 8422 7674 8165
8733 8698 8074 7227
8093 7646 8928 7893
8833 7678 8363 7582
8190 7532 8400 8173
7758 7986 9301 7390
8635 7516 8236 7863
8112 7776 8603 8045
7919 8207 9217 7456
8988 8165 8019 7032
8409 8940 8012 7037
8152 9035 8198 7158
8720 7467 8349 7815
8511 7635 8299 7979
8739 7866 8513 7531
7815 7917 8134 8395
8468 8442 8894 7148
8324 8999 7881 7018
7819 8398 9050 7760
7594 8030 9035 7845
8192 8985 8167 6950
8474 7502 8527 7902
8302 8361 7897 8122
8356 8142 8726 7821
8343 8965 7800 7005
8781 7895 7772 7579
8225 9007 8042 7079
8550 7522 8482 7901
7601 8076 9141 7786
8416 8883 8024 6898
7883 8040 9352 7276
8273 7473 8298 8185
9001 8053 8315 7133
7671 8171 8060 8243
7642 7961 8961 7869
8843 8164 8318 7131
8745 8656 8097 7059
8838 7781 8493 7424
8118 7821 8845 8023
8190 8461 7720 7989
8499 8072 9066 7604
8126 8435 8048 8098
7977 8865 8230 7617
7912 8588 8310 8057
7862 8234 8934 7836
7923 8128 7909 8323
8416 9017 7953 6852
8710 8506 8210 7108
7856 8148 9229 7310
7790 8056 7969 8385
8327 9003 8075 6965
8314 7837 8739 7935
8389 8852 7942 7217
7957 8951 8289 7567
8961 8200 8124 7285
7593 8576 8598 7600
8415 8874 8094 6840
8754 8503 7874 7372
8590 8821 8016 7075
7878 7987 9194 7512
8396 8959 8170 7116
8942 7906 8222 7323
8432 8430 8912 7111
8424 8936 8001 6958
7867 7945 9258 7565
8822 8067 7711 7557
8824 7929 8391 6994
7958 8810 8451 6908
8085 7622 8283 8290
8595 8760 8072 7087
7947 7736 8263 8413
7809 8037 7941 8376
8418 8876 8213 6828
7719 8895 8209 7662
8678 8647 7845 7251
7956 8119 9167 7641
8935 8250 8035 7025
7823 8344 9081 7572
8682 8722 8140 7022
8951 8238 8165 7275
8036 7557 8447 8293
7610 8421 8302 8114
8526 8567 8467 7205
7921 8013 8178 8343
8250 8859 7848 7350
7824 8133 9238 7578
7834 7935 9342 7315
7857 7730 8280 8401
8824 8176 8347 6975
8685 8414 8250 7394
8574 7912 8756 7664
7647 8254 7930 8273
8899 8105 8303 7469
7895 8048 8443 8157
8728 8096 8409 7428
7785 8364 7843 8279
8442 8169 8782 7688
8610 8658 8146 7413
7961 8332 9047 7800
7932 7737 8179 8373
8440 8763 8186 7055
8403 8270 8953 7328
7840 8261 9073 7718
7800 8323 8659 7879
7713 8227 7961 8296
8994 7877 8304 7387
8811 8194 8070 7386
8075 8364 8491 7972
8017 7558 8539 8134
7581 8206 8086 8242
8792 8183 7700 7636
7651 8347 8039 8190
8641 8748 7879 7122
8010 7652 8253 8298
7993 7809 8177 8309
8273 9059 8006 6942
8054 8686 7935 7819
7887 7884 8197 8326
8205 8312 9095 7696
7608 8208 8082 8221
8790 7723 8370 7602
8287 8476 8801 7199
8197 8905 7673 7369
8771 7757 8419 7605
8626 8403 8688 7236
7950 7732 8131 8335
7597 8198 9181 7702
8013 8919 7831 7406
7911 7741 8363 8305
8037 8155 7857 8214
7928 8785 8148 7711
7868 8271 9116 7632
7851 7748 9339 7560
8449 8798 8175 6918
8130 7980 7862 8316
8132 7780 8507 8247
7943 8391 7920 8141
8218 8008 8564 8073
7904 8070 9281 7270
7926 8389 8379 8146
7778 8166 9090 7747
8670 8054 8371 7521
8008 7731 8429 8363
7970 8108 9183 7422
7944 7900 9131 7728
8395 7831 8212 7992
8585 7969 7723 7823
8087 7626 8346 8265
8386 8278 8922 7200
7832 7897 9313 7439
8569 8293 8612 7304
8241 8933 8047 7139
8701 8640 7912 7400
8538 8624 8249 7119
8502 8532 8413 7300
8907 8273 8206 7244
8818 8247 8261 7247
8300 8283 9001 7486
8760 8299 8480 7423
8066 8317 7705 8191
7966 7845 9251 7649
8071 7892 8280 8269
8622 8768 8260 7048
8970 7852 8220 7419
8305 8726 7984 7462
8977 8180 8062 7270
8605 8287 8661 7363
7780 8115 8076 8425
8029 8439 8982 7346
8924 7906 8305 7318
8083 8058 8277 8108
8202 8332 8877 7337
8310 8488 8836 7043
8484 8805 8133 6922
8003 8241 8841 7849
8694 8189 8523 7518
7580 8200 8005 8262
8921 8112 8030 7411
8155 8258 8666 7752
8863 8178 8244 7287
8542 8302 8560 7432
8493 8715 8373 6855
8096 8424 8718 7750
7843 7957 9315 7282
8114 8917 8267 6928
8618 8625 8237 7155
8378 8446 8870 7213
8518 8528 8672 7126
8349 8833 8257 7186
8547 7907 7802 7846
8146 9054 8076 7064
8373 8603 8108 7949
8070 8734 8201 7645
8639 7975 8616 7725
8159 8390 9103 7366
7771 7912 9334 7384
7855 8137 9206 7461
7901 7809 9264 7464
8234 8406 8697 7539
8100 8159 7812 8253
8300 8980 8028 7015
8249 9027 8107 7043
8264 8782 8341 7268
8715 7995 7790 7669
8132 8903 8322 6999
8530 8348 8486 7417
8778 8648 8070 7133
7980 8100 8021 8162
8215 8712 8152 7680
8454 8583 8476 7533
8106 7973 8859 8115
8322 7833 8355 7916
7659 8334 8531 8026
8360 8186 8797 7479
8114 8047 8778 7909
7859 8479 8425 7944
7742 8562 8326 7926
8375 8357 8864 7282
8476 8245 8714 7407
8134 8080 7821 8254
8232 8989 8133 7244
8242 8887 7914 7379
8800 8589 8113 7265
8217 8570 8576 7392
8176 8063 7826 8168
7985 8308 8232 8037
7760 8454 8390 8018
8656 8450 8324 7136
8454 8643 8459 7174
7851 8396 8702 7774
8030 8469 8162 7942
8084 8082 9236 7449
8318 8472 8380 7676
8095 8097 9207 7473
8215 8491 7887 7975
7974 8680 8243 8078
8504 8291 8645 7505
7750 8102 8770 7930
8051 7896 7708 8329
8108 8412 7893 8135
8536 8628 8271 7083
7646 7982 9178 7610
8043 8252 8685 7902
8981 8007 8352 7212
8437 9001 7867 6956
8488 8736 8385 7205
8828 8176 8029 7344
8703 8381 8116 7292
8361 8754 8651 7347
8515 8398 8569 7467
8333 8327 8678 7716
8187 8489 7988 7961
8616 8810 8051 7224
8258 8216 8743 7772
7891 8509 8598 7764
8472 8359 8590 7498
8339 7919 7816 8031
8210 8558 8681 7537
8130 8881 8136 7359
8435 8774 8464 7276
7905 7741 8099 8367
7898 8237 8059 8205
8213 8498 8819 7498
7891 8368 8898 7562
8214 8815 7838 7540
7937 8260 8854 7859
8457 8230 8366 7734
8546 8678 8132 7249
8092 8277 7903 8172
8180 8670 8323 7802
8752 8511 7934 7492
8101 8124 9248 7417
8461 7940 8439 7786
8047 8564 7838 8009
7900 7959 8117 8382
8160 8020 9111 7144
8447 8151 8823 7797
8370 8908 8284 7115
8123 8370 8628 7732
8266 8123 9109 7654
8160 7601 8267 8239
8221 8426 8887 7237
7975 8900 8296 7452
8479 8040 8960 7701
8021 8267 8622 7872
8946 8160 8361 7222
8072 8614 8924 7427
7830 7878 9348 7421
8055 8325 8788 7630
7902 8847 8191 7755
8557 7481 8501 7912
8321 7635 8057 8025
8382 8241 8453 7793
8011 7934 9067 7769
7875 8339 8988 7638
8509 7924 8340 7826
7792 8180 7950 8353
7849 8335 8993 7684
8319 8159 8940 7448
8870 7880 8449 7286
8302 8204 9083 7403
7740 8415 8618 7840
8430 8824 8202 7012
8436 8443 8850 7177
8495 8829 8022 6917
8049 8427 8153 8083
8128 8249 9133 7240
7874 8355 8917 7585
7992 8743 8601 7572
7928 8402 8904 7490
8559 8236 8274 7597
8613 8223 8445 7431
8253 8297 8734 7543
8136 8239 9152 7685
7904 8182 9174 7516
8145 8117 9145 7623
8060 8445 7923 8004
8297 8146 8772 7832
7847 8372 8647 7801
7742 8136 8116 8410
8288 7966 8478 7951
7986 7929 8572 8178
7666 8238 8558 8060
8444 8801 8009 7420
7843 7955 8111 8424
8157 8548 8032 7955
8379 8447 8774 7443
7842 8251 9121 7212
8766 8160 8077 7506
7859 8842 8058 7857
8027 8525 7870 8047
8360 8488 8655 7193
8477 8062 8695 7721
8105 8575 8706 7643
8866 8410 8068 7077
7792 7884 9331 7370
8277 8412 8535 7613
8709 8456 8092 7587
8664 8637 8091 7287
7997 8540 8027 8028
7918 8859 8105 7742
8601 7922 7696 7860
8015 8890 8140 7737
8328 7990 8227 7931
8917 7916 8346 7277
8554 8002 8313 7602
8139 8513 7768 8002
8284 8320 8731 7663
8345 8600 8332 7788
8566 8346 8496 7478
8175 8926 8062 7296
7881 8834 8144 7814
8243 8074 8406 7938
8650 8519 7992 7525
8510 8707 8269 7094
8160 8611 7975 7989
8117 8289 8454 8000
8857 8269 8167 7304
8124 8520 7864 8013
8534 8088 7797 7817
7858 8047 7956 8347
8632 8125 8552 7404
8156 8791 7966 7697
8173 8232 8753 8020
8557 8305 8675 7309
7819 8480 8807 7628
7993 7841 8414 8195
8336 8208 8640 7783
8405 8240 8384 7806
8332 8156 8813 7728
8624 7971 8948 7649
8000 8319 8758 7766
7840 8177 8830 7882
8247 8255 9028 7628
8453 8777 8235 7041
8261 8103 8020 8050
8695 8699 8096 7008
7776 8457 8607 7817
8400 8186 8760 7756
8079 7856 8268 8281
8147 8331 7971 8042
8272 8553 8656 7335
8150 8789 8188 7541
8090 8596 8337 7848
8371 8609 8339 7454
8276 7862 8382 7953
8284 8740 8195 7511
8219 8438 8388 7810
8967 7926 8215 7347
8786 8217 8275 7352
8337 8314 8430 7884
7797 8468 8908 7524
8533 7816 7959 7914
8172 8336 8763 7708
8144 8705 8542 7629
8183 8281 8517 7901
8661 8101 8143 7647
8210 8717 8045 7554
8593 8510 8420 6940
8562 7898 8732 7777
8209 8191 8370 7924
7661 8464 8620 7740
8147 8691 8154 7659
8064 8425 8405 7995
8605 8592 8266 7484
8584 8376 8315 7257
7941 8338 8856 7638
8082 8911 8204 7552
8644 8295 8393 7552
8299 8849 8243 7181
8198 8825 8377 7470
8328 8161 8879 7472
8365 8664 8385 7368
7873 7923 9262 7320
8045 8527 7994 8031
8059 7953 8991 7745
8128 8107 9201 7477
8932 8303 8211 7212
8291 8495 8651 7430
7917 8420 8892 7686
8621 8474 8080 7354
8482 8152 8586 7650
8256 8134 8558 7855
7954 8363 8809 7866
8169 8467 7890 7962
7883 7997 7972 8356
8022 8539 8826 7521
8202 8379 8671 7622
8520 8265 8547 7612
8293 7870 8474 7891
7952 8642 8709 7580
8238 8633 8270 7393
8419 8668 8471 7263
7988 8691 8074 7865
8292 8155 8791 7744
8011 7993 8943 7889
8698 8417 8255 7254
8186 8873 8383 7322
