158 10.2385
8298 8274 9118
9135 8020 8552
9118 8033 8562
9211 8130 8516
9217 8205 8324
9206 8248 8359
8283 8405 9091
9190 8184 8455
9248 8628 7995
8900 8356 8729
8466 8301 9008
9087 8324 8536
8006 9220 8409
8363 8293 9064
9180 8166 8479
8638 8452 8962
8310 8360 9070
8118 9242 8363
8432 8579 8943
8675 8273 8858
8472 8283 8991
8268 9318 8177
9199 8156 8522
8956 9074 8035
8198 9356 8147
8173 8937 8742
8333 8359 9080
8374 8497 9035
8627 9169 8331
8600 8561 8907
9217 8132 8462
8132 9297 8273
8407 8634 8931
8610 8468 8926
8222 8953 8680
8165 9315 8244
8380 8315 9056
8156 9208 8374
8778 8776 8660
8388 8362 9048
8339 8552 9020
8379 8507 9031
9051 8485 8577
9217 8203 8454
8413 9290 8248
8655 9163 8410
9022 8999 8131
9214 8533 8046
8824 9096 8386
8371 8659 8983
8576 9183 8308
8208 9327 8213
9141 8387 8512
8327 8419 9059
9044 8637 8391
9261 8691 7987
8620 8631 8820
9255 8696 7993
8341 8391 9059
8355 8475 9056
9027 8804 8326
8248 9329 8164
9278 8675 7967
8586 8722 8783
8334 8814 8848
8435 8370 8971
8765 9198 8207
9014 8848 8300
8832 9122 8002
8866 8914 8446
8495 8673 8903
8873 8926 8422
8658 8966 8587
8395 8439 9045
8918 8765 8512
8581 8759 8792
8642 9230 8165
9271 8667 7973
8513 8844 8726
8787 8750 8682
8400 8567 9015
8560 9293 8092
9096 8157 8595
9180 8773 8077
8403 8643 8967
8806 8883 8582
8539 8581 8895
8353 9240 8369
8833 8752 8644
8742 9147 8427
9075 8836 8158
8543 9299 7910
9192 8396 8425
8607 9109 8443
8663 9178 8263
9056 8879 8197
9048 8379 8592
8689 8888 8628
8515 8806 8721
8964 9027 8217
8696 9099 8439
8694 8702 8796
8295 9331 8128
9034 8458 8585
9138 8741 8125
8989 8946 8253
8982 8584 8534
9063 8824 8280
8639 8975 8633
8437 9205 8314
8599 9281 8105
8969 8522 8621
9075 8625 8398
9077 8602 8415
9124 8851 8004
8795 8924 8616
8521 8803 8746
8942 9068 8081
8569 8570 8874
9198 8373 8291
8637 8609 8847
9082 8409 8532
9007 8756 8352
8648 8909 8666
8530 8651 8827
9068 8661 8379
8383 9315 8173
8673 8943 8600
9058 8686 8304
8460 8578 8928
8323 9250 8295
8598 8979 8670
8973 8922 8355
8753 9167 8228
8558 8797 8735
8652 8931 8651
8397 9309 8188
8245 9304 8272
9139 8653 8176
8618 9174 8428
8328 8874 8854
8888 9041 8166
8541 8609 8883
9162 8305 8470
8534 8773 8773
8868 8984 8277
8599 8599 8866
9062 8548 8522
8906 8988 8249
8947 8612 8658
8627 8778 8737
8844 8500 8747
8817 8517 8812
8546 8596 8871
8551 9198 8487
9120 8834 8095
8702 8805 8709
8661 9166 8406
8555 8580 8877
9158 8620 8182
8999 8943 8255
8801 9104 8201
8934 8978 8404
9165 8278 8540
9111 8868 8078
8375 8840 8806
8895 9070 8105
8564 8689 8816
8986 8829 8428
8707 9032 8515
8576 9236 8221
8599 8629 8845
8971 8660 8508
8893 8404 8768
9014 9018 8154
9013 8776 8351
8315 9026 8634
8944 8890 8399
8819 9148 8190
8905 8998 8244
8582 8853 8711
8631 8578 8863
8416 9254 8288
8541 8554 8970
9055 8394 8555
8899 9016 8232
8710 8707 8776
8881 9112 8187
8822 8526 8751
8368 8406 9046
8497 8679 8865
9011 8376 8680
8919 9028 8182
8674 8896 8658
9043 8513 8540
8841 8456 8812
8800 9133 8236
9102 8287 8552
8712 9044 8463
8706 9076 8458
9088 8759 8211
9116 8629 8321
8579 9042 8565
8914 8888 8501
9159 8807 7955
8741 8831 8679
9120 8388 8484
9130 8858 7995
8566 9100 8448
9054 8713 8358
8808 9102 8285
8743 8856 8652
9203 8277 8307
8613 9259 8145
8934 8368 8710
8670 8731 8753
8965 8720 8506
9069 8860 8139
8880 8937 8413
8880 9043 8199
9133 8802 8084
9155 8636 8141
9154 8596 8288
8816 8870 8585
8767 8622 8768
9111 8646 8270
8640 9256 8203
8571 9165 8441
9038 8664 8452
9127 8618 8292
9063 8874 8143
8383 9242 8354
8550 8984 8615
8886 8749 8566
9042 8956 8238
9046 8951 8127
9069 8842 8229
9060 8465 8529
8829 8913 8535
9084 8865 8102
8424 8576 8987
8527 8802 8804
9102 8582 8346
9063 8401 8542
8901 9093 8009
8503 8666 8858
8471 9202 8320
9078 8374 8624
8498 8803 8776
8885 8855 8576
9106 8716 8183
8615 8925 8688
9126 8402 8471
8368 8792 8881
8978 8812 8482
8810 9073 8431
8644 9095 8441
9046 8916 8220
8844 8885 8535
8606 9082 8463
8613 8670 8805
8568 8731 8798
8545 8995 8663
8821 8675 8750
8995 8553 8545
8809 8853 8592
9103 8647 8293
9165 8799 7994
8315 9005 8654
9105 8459 8463
8819 8958 8409
8614 9241 8213
8422 8369 8989
8640 8919 8672
9131 8814 8001
8669 9203 8093
8556 8576 8880
8969 8953 8294
8567 8527 8926
9008 8920 8295
8700 9150 8346
8892 9007 8254
9123 8651 8269
9066 8432 8517
9150 8466 8403
8900 9002 8254
8673 8848 8679
8967 9003 8232
9132 8614 8269
9003 8979 8218
8991 8780 8452
8439 8681 8879
8647 8666 8810
8808 9016 8450
9130 8835 8062
8546 8581 8879
8901 8802 8545
9097 8445 8472
8323 9330 8144
9123 8580 8462
9117 8684 8239
9070 8859 8109
9024 8936 8270
8985 9020 8163
8934 8704 8652
8924 8623 8722
8895 9028 8240
8818 9045 8432
8777 9102 8396
8777 8563 8779
8768 9167 8174
8699 9159 8435
8697 9049 8467
8697 8933 8607
8473 8687 8873
8432 8342 8990
8378 8369 9046
8377 8699 8903
8278 9372 8038
9319 8725 7966
9248 8729 7977
9219 8721 7982
9178 8793 8093
9162 8372 8453
9130 8666 8265
9093 8813 8202
8848 9086 8392
8843 8888 8539
8829 8893 8543
8820 8831 8654
8795 8935 8573
8793 8944 8494
8791 8979 8481
8760 8664 8819
8740 9070 8454
8739 8884 8635
8500 9336 8088
8467 8250 9017
8420 9058 8568
9203 8719 8022
9181 8466 8151
9094 8432 8489
9059 9002 8082
9058 9037 8060
9039 8984 8086
8988 8944 8281
8951 8664 8591
8840 8941 8531
8797 8903 8577
8794 8410 8849
8781 9114 8322
8770 8688 8725
8759 9073 8443
8747 9098 8412
8664 9213 8247
8623 8788 8713
8621 9269 7985
8552 8631 8849
8471 9353 7998
8462 9351 8001
8311 9420 7992
9299 8749 7885
9235 8756 7951
9210 8774 8012
9116 8326 8530
9110 8974 8059
9053 8462 8540
8970 8938 8313
8959 8861 8411
8949 8796 8504
8835 8720 8662
8747 8961 8586
8698 9038 8472
8647 8267 8891
8418 8771 8902
8416 9026 8591
8289 9062 8621
8288 9031 8641
8252 8924 8701
9235 8779 7934
9110 8701 8191
9109 8787 8158
9103 8429 8492
9100 8713 8301
9079 8934 8086
9042 8721 8397
9037 9057 8126
9015 8755 8417
9002 8697 8505
8934 8731 8562
8857 8721 8639
8848 8956 8453
8771 9027 8454
8701 9165 8316
8616 9283 7956
8572 9282 8000
8558 8884 8715
8477 9351 7964
8444 8915 8789
8410 8311 9018
8403 9360 8086
8379 8783 8875
8369 8809 8844
8302 9082 8597
8294 9336 8131
8254 9280 8312
9189 8519 8137
9182 8825 7937
9150 8298 8520
9089 8545 8511
9044 8755 8308
9016 8670 8495
8985 9028 8143
8967 8571 8566
8951 9066 8157
8939 8723 8533
8848 8951 8493
8819 8719 8694
8771 8769 8716
8755 8845 8632
8643 9045 8557
8607 9235 8272
8541 9258 8275
8511 8754 8852
8477 8866 8801
8406 9355 8056
8134 9322 8214
9263 8769 7922
9167 8562 8325
9128 8392 8481
9128 8368 8517
9123 8771 8168
9098 8729 8194
9071 8769 8285
9056 8921 8133
8989 8832 8338
8970 8570 8581
8917 9076 8022
8907 8979 8277
8730 9009 8584
8729 8675 8764
8718 8723 8757
8713 8480 8851
8700 8754 8748
8691 9175 8291
8679 9067 8524
8605 8769 8777
8475 9273 8270
8440 8315 8976
8435 8364 8981
8401 8353 8995
8220 9318 8179
8136 9091 8603
9274 8734 7891
9202 8695 8102
9170 8401 8407
9138 8599 8232
8986 8561 8580
8958 9052 8129
8946 8975 8293
8904 8912 8417
8762 9057 8451
8707 8762 8745
8670 8770 8752
8609 9203 8266
8584 8627 8852
8569 9219 8302
8551 9023 8568
8533 9322 8164
8496 9060 8537
8450 9354 7957
8447 9203 8323
8387 9159 8586
8351 9377 8008
9219 8708 8002
9203 8812 7949
9175 8370 8428
9135 8438 8457
9083 8664 8370
9070 8979 8081
9007 8476 8691
8992 8786 8430
8957 8968 8299
8957 8933 8322
8885 8830 8610
8872 8668 8653
8771 8580 8786
8762 8625 8773
8668 8855 8700
8540 9288 8211
8439 8812 8837
8403 8823 8810
8363 9186 8512
8353 9326 8091
8281 9342 8145
8106 9116 8592
