1239 57.5884
17038 16008 17695
15458 17165 17791
15530 16653 18214
17045 17771 16263
17624 16267 15592
17605 16865 16019
17611 16206 15609
17600 16966 16132
17044 17722 16319
16898 16078 17787
17046 17770 16270
17175 17671 16499
17593 17239 16333
15569 16819 18178
15727 16791 18133
16614 16511 17893
15465 17024 17954
15679 17469 17051
16196 16667 17934
17118 17565 16597
17329 16543 17131
16616 16315 17943
16283 17376 17108
16619 16283 17923
16727 16192 17825
17362 17550 16220
16710 16222 17875
17524 17310 16193
17407 16454 17311
15712 17501 16989
17209 17647 16369
16171 17393 17168
16823 17625 16624
15696 17451 17027
15751 17447 17009
15598 17061 17912
17023 17518 16737
16779 16027 17985
16932 17615 16578
17403 17495 16261
17359 17559 16158
15647 16818 18114
17558 17122 16341
17224 16536 17591
16984 17150 17162
16842 16057 17889
16491 16947 17707
16249 17442 17153
17078 17708 16339
17389 17432 16448
15784 16960 18027
16300 17217 17544
15576 16740 18190
17151 17691 16417
15735 16721 18170
17534 17271 16278
16265 17401 17077
17232 16633 17445
15793 16838 18059
15977 16612 18162
17240 17641 16511
17181 17243 16888
15631 16972 17962
16682 16129 18009
16000 16850 18029
17265 17601 16417
17287 17414 16659
17429 17359 16440
16473 16349 18027
16380 17186 17481
17415 17211 16580
16778 16145 17917
17494 17322 16294
17334 17460 16535
17234 16613 17408
17528 17253 16285
16842 17579 16639
16784 16771 17550
17554 17103 16387
17506 17309 16356
16332 17296 17324
16814 17304 17024
17473 17162 16469
16592 16658 17753
16042 16782 17983
16627 16266 17929
15509 16975 17981
16414 16493 18007
16770 16361 17790
15882 17391 17224
16070 16682 17946
16801 17300 17173
17377 16478 17335
15687 16812 18188
17157 16479 17605
17458 17403 16393
17249 17358 16704
15719 16863 18106
15823 16991 17930
17469 17322 16561
16511 16900 17809
17131 16747 17487
17083 16828 17385
17240 16567 17206
15851 16802 18115
16739 17072 17574
16396 16408 18086
16450 16775 17834
16951 17218 17200
16029 16790 17998
15921 17021 17868
15865 17005 17880
16604 16237 18032
17193 17176 16846
16774 16551 17697
15805 16969 17943
15612 16823 18177
17293 16497 17183
16696 16604 17658
15964 16641 18099
17000 17696 16399
17337 17283 16754
17365 17536 16156
17016 16042 17815
15959 16809 18080
16865 17017 17375
16763 17326 16986
16909 16009 17851
16232 17379 17170
17419 17509 16204
16752 16980 17632
16572 16399 18015
17514 17209 16376
16210 16653 17879
16337 17123 17535
17219 16595 17507
15982 16760 18043
17442 17409 16384
16365 17045 17688
16836 16267 17781
15582 17036 17927
17082 17477 16613
17340 17549 16319
16021 16872 17987
15851 16919 17971
16690 16421 17811
17226 17576 16525
16899 17535 16727
16971 17237 17099
16576 16771 17646
16583 16369 17956
15834 16701 18121
17052 17022 17299
16988 16707 17609
16945 17258 16958
17094 17328 16810
17297 16491 17253
17377 17473 16344
16552 17375 16931
16425 17192 17441
16055 17066 17699
16137 16691 17859
17240 17530 16521
17054 17109 16952
16890 16044 17842
15937 16907 17916
16609 17310 17211
15947 17015 17812
17268 17206 16783
17040 17084 16982
16433 17038 17723
17138 17593 16526
15900 16737 18094
17393 17381 16455
16608 16338 18023
16001 16575 18107
16352 17193 17462
16916 17533 16770
16317 16703 17852
16065 17100 17669
17145 17129 16928
16055 17344 17263
16487 16277 18080
16685 16258 17974
15985 17127 17712
16989 17456 16838
16066 16730 18046
16641 16383 17919
16912 17534 16662
17092 16756 17355
17486 17166 16409
16875 17275 17007
17401 17180 16605
17287 16331 17407
16315 17209 17491
16916 17009 17310
17291 17199 16758
16603 16548 17801
17085 17287 16858
17251 17494 16528
17313 17125 16761
16455 16915 17713
17451 17334 16461
17253 17039 16905
17199 17169 16889
15886 17449 16970
17450 17279 16575
16652 16453 17758
17284 17131 16806
16443 16344 18070
15939 16728 18102
16397 16428 18057
16088 17352 17260
17063 17456 16653
16910 17360 16918
17112 16910 17268
16225 17235 17496
15904 16853 18044
17027 17149 17250
17306 17474 16433
17349 17188 16728
16574 16694 17655
17269 17139 16800
16730 16379 17767
16118 16983 17799
15889 17030 17854
17494 17076 16411
16082 16958 17855
16029 17080 17691
17272 17382 16684
17254 17146 16797
17063 17373 16873
15975 16950 17898
17212 16643 17462
16537 16321 18077
16905 16164 17760
16464 16990 17628
16270 17125 17603
16790 16257 17800
17000 17589 16631
16524 16650 17839
16863 17551 16681
17274 17552 16424
16561 17169 17514
15835 17171 17707
17073 17268 16868
16353 17120 17529
16654 16438 17865
16158 16609 18012
15620 17006 17907
17332 16412 17360
17478 17319 16383
15915 17074 17797
16643 16193 17978
16716 16386 17744
16852 17110 17331
16039 16799 17954
17403 16398 17340
17274 17483 16565
16406 17044 17770
16399 17189 17454
16106 16677 17957
16525 16711 17785
16672 16283 17848
16037 16709 18085
15983 16736 18064
16148 17379 17181
16793 16246 17784
17107 16750 17394
16438 17292 17281
16566 17314 17060
17028 16876 17424
16903 17221 17172
16910 17261 16979
16555 16636 17786
17260 16586 17197
17067 17440 16790
16739 16570 17633
16933 16998 17354
16488 17106 17520
17380 17397 16488
16544 16342 18033
16870 17114 17321
16567 17028 17590
17298 17514 16424
17260 17434 16689
17420 17458 16420
16969 16391 17700
15878 17115 17873
16013 17192 17593
15905 17274 17635
15742 16949 18033
16095 16823 17936
16389 16646 17868
17058 17485 16603
16884 16154 17799
16657 16322 17841
17099 17308 16804
16698 17093 17451
16364 17233 17432
15961 16888 18010
17049 17392 16911
17154 17408 16729
16746 17306 17275
17104 16661 17494
16843 16609 17625
16993 16203 17744
17031 17466 16788
16665 17092 17474
16565 16200 18074
17188 17266 16800
17206 17554 16601
15797 17006 17888
16850 16279 17743
16858 16158 17817
16908 17461 16825
17166 16645 17432
17364 17194 16619
16530 16953 17673
17502 17345 16267
17259 16449 17381
17339 17337 16629
17211 16672 17255
17469 17326 16403
15911 16963 17960
16269 17373 17144
16009 17000 17809
16549 16375 18023
16335 17056 17680
17000 17447 16825
16442 17227 17419
16895 17230 17150
16997 16901 17358
17303 17405 16622
17305 17510 16477
15870 16878 18026
17014 17538 16634
16479 16955 17651
17341 16372 17396
16158 17128 17622
16912 16996 17360
16735 16123 17936
16214 17170 17597
17134 16686 17434
16482 17057 17581
17245 17560 16487
17220 17645 16498
17105 16591 17629
17368 17377 16600
16151 16689 17885
16538 16575 17969
17599 17287 16266
16729 16586 17730
15691 17241 17769
16661 16651 17733
16888 17259 17074
16514 16644 17993
15883 16868 18056
17173 17398 16771
17133 17643 16571
16746 16160 17899
15749 17269 17693
16461 16911 17807
16816 16244 17818
17193 16690 17394
17010 16885 17336
17237 17355 16758
15804 16925 17992
17305 17369 16634
17019 16659 17530
16937 16882 17360
16879 16197 17784
15885 17301 17581
16873 17172 17264
17202 17380 16766
16970 16444 17671
16785 17091 17487
17247 17543 16484
17137 17370 16775
16876 16240 17772
17479 17133 16483
15980 17344 17287
16906 17411 16921
15831 16908 17978
16701 17374 17058
15616 17447 17069
17167 16922 17189
16403 17104 17535
16149 16679 17903
17389 17462 16377
16817 17275 17066
16786 16365 17712
16882 16996 17475
16132 17378 17192
17362 17546 16399
17230 17451 16694
16786 17465 16858
16097 17187 17595
15943 17072 17771
17379 16424 17334
16221 17271 17591
16128 16922 17808
16267 17329 17204
15579 16974 17993
17309 17336 16637
16005 17322 17285
17189 17053 16906
16454 17054 17599
17383 17377 16514
16703 17109 17437
16776 16385 17705
17188 16646 17396
15734 16968 18025
17045 17216 16953
16119 17166 17660
17256 16447 17414
16481 16395 18024
16862 16205 17774
16105 16676 17987
16121 17443 17181
16934 16905 17338
16715 16439 17783
17474 17169 16463
16435 17023 17738
17038 16675 17502
16085 16913 17839
15887 16986 17929
17262 16382 17505
16155 17344 17187
16815 17035 17525
16822 16864 17511
15834 16878 18036
16669 16645 17651
17038 17504 16697
16448 16921 17787
17258 16550 17405
16150 17372 17233
16861 17253 17105
17261 17346 16774
17177 16738 17286
16438 17098 17675
16860 16126 17859
15804 16954 17985
15786 17057 17874
15901 17097 17791
16946 16711 17503
17359 16496 17194
16867 16123 17855
17272 16496 17231
17210 17231 16792
17075 17411 16763
16658 16550 17749
16884 17026 17338
17008 16870 17494
17006 17646 16516
17331 17505 16419
16784 17165 17418
16090 16909 17880
15883 16948 17967
16729 17113 17422
16664 17184 17510
16823 17181 17413
16553 16279 18060
17378 17444 16576
16614 16162 18036
17337 17645 16404
16042 17183 17623
15833 17034 17880
15944 17038 17843
16440 17015 17631
17005 17473 16791
16895 16043 17923
16672 17099 17438
17257 17508 16515
15912 16952 17874
17341 17448 16480
16316 17378 17104
17312 17039 16774
15911 17274 17549
16435 16992 17749
17248 17185 16786
16851 17272 17406
16365 17103 17545
17246 17442 16578
16334 17185 17595
17057 17509 16696
15980 16993 17853
15626 17136 17892
17053 16972 17335
16812 16150 17904
17079 17057 17294
16885 17009 17320
16862 16236 17773
16724 16259 17873
15771 17133 17845
