15 4.10514
23644 22843 23714
22846 23006 23314
24422 22608 23711
23757 22698 23735
23353 22930 23652
23325 22981 23454
24652 22524 23502
24445 22560 23706
24435 21912 23811
24321 22936 22775
24211 22697 22783
24140 22975 23479
24127 22226 23810
24115 22597 23808
24012 23344 23261
23886 22636 23727
23688 23135 23297
23675 22430 23909
23596 23145 23285
23579 22659 23740
23566 22700 23724
23546 22996 23389
23544 23434 22691
23372 22921 23579
23135 22851 23669
23128 23495 21708
22987 23379 22911
22840 23481 23495
