198 6.75309
2679 2942 3707 2945
2871 3839 3038 2991
2700 2913 2750 3648
3538 3185 2510 2902
2814 3378 2445 3359
3066 3624 3017 2720
2315 3436 3266 3237
2945 2596 3229 3377
3087 3093 2490 3445
2716 3033 2751 3629
3089 3557 2985 2733
2887 2962 2877 3602
3268 3558 2563 2841
3141 3203 2535 3343
2620 2630 3407 3387
2710 3007 3688 3016
2345 3507 3246 3216
2666 2668 3479 3317
2629 2653 3269 3482
3288 3421 2844 2784
2632 3101 3671 2865
2335 3267 3374 3277
2842 3788 2932 3000
2744 3820 2943 3148
3504 3282 2575 2949
2703 2614 3191 3517
2377 3424 3357 3076
3143 3462 2524 3193
3381 3088 2596 3186
3069 3578 3056 2751
2703 2685 3210 3503
3324 3092 2583 3270
3415 3356 2653 2853
2837 3807 2919 3092
2619 2813 3646 3088
2769 2928 2823 3642
3482 3205 2639 2926
3001 3649 3020 2885
2386 3389 3336 3205
2437 3298 3354 3249
3319 3435 2803 2842
3286 3390 2873 2725
3007 3417 2610 3298
2746 2691 3221 3477
3242 2997 2662 3338
2413 3494 3264 3246
2979 3368 2621 3320
2772 2916 2777 3635
3379 2948 3103 3061
3338 3427 2733 2848
3067 3761 2935 2894
3312 2729 3036 3138
2760 2705 3303 3389
2848 3773 3041 2956
2832 2955 3535 3165
3369 3393 2671 2960
3494 3093 2710 3044
2359 3492 3335 3160
3115 3265 3331 2858
2600 2968 3451 3369
2996 3080 3243 3291
2592 3618 3161 3183
2807 3608 3232 3038
3107 3169 2509 3353
2744 3348 3458 2764
3130 2900 2999 3411
3485 3130 2790 3055
2826 3726 3197 2873
2393 3365 3313 3297
2891 2801 2951 3551
3527 3203 2738 2961
3463 2981 2637 3164
3041 3767 2958 2911
2678 2767 3004 3577
3264 3322 2971 3153
2576 3065 3597 3049
2680 2756 3519 3301
2406 3200 3419 3358
2582 2745 3624 3162
3518 2924 2712 3032
3533 3141 2525 2891
3374 3244 2979 3029
2532 3249 3120 3523
3235 3125 2677 3310
2767 3808 2918 3102
2824 3332 3476 2798
3278 3469 2606 2993
3033 3035 2890 3514
2927 3769 2888 2795
2838 2621 3325 3353
2586 2827 3675 3028
3201 3195 2901 3267
3036 3049 2994 3382
2693 2888 3610 3097
2810 2784 3532 3219
2367 3530 3196 3220
2624 2788 3633 3113
3097 3538 3007 2830
3395 3174 2898 3020
2575 3331 3283 3315
2731 3121 2728 3545
2658 2697 3251 3472
2904 2807 3568 2913
2399 3515 3275 3158
3175 2770 2717 3392
2539 3053 3603 2976
2469 3224 3382 3256
2957 2972 2832 3561
3401 3002 2627 3203
2506 3359 3307 3213
2625 2662 3291 3468
2697 2828 3402 3401
2477 3429 3300 3099
3515 3071 2682 3000
3162 2799 2657 3371
3050 3251 3070 3327
2425 2915 3463 3415
3181 3430 3074 3023
2834 2894 3464 3155
2569 3153 3545 3069
3255 3530 2580 2905
2661 2853 3571 3255
3457 3089 2818 2936
3452 3160 2846 2918
2930 3690 3007 2789
3245 3467 2988 2944
2864 3291 3460 2801
2544 3404 3377 3056
3280 3390 2941 2972
2935 3039 3584 2867
2686 3240 3483 3009
3065 2875 3425 2869
2797 3077 3561 2822
2647 2858 3495 3314
2800 3006 2758 3601
3269 3168 2689 3254
3207 3338 3025 3161
3214 3270 3273 3129
3293 3411 2862 2901
2671 2697 3237 3491
3188 3541 2851 2805
2874 3687 3024 3005
2817 2974 2884 3569
2621 2890 3350 3418
2430 3149 3401 3345
2748 2839 3208 3485
3154 3621 2608 2828
3448 3234 2724 2835
2853 2878 3574 2969
2621 2779 3641 3087
2828 2993 3483 3224
2916 3602 3009 3157
2474 3255 3492 3080
2755 2738 3436 3340
2851 3344 2930 3364
3218 3499 2848 2846
2540 3105 3310 3395
3018 3123 3201 3383
3101 2844 2571 3422
2514 3289 3371 3203
3299 3138 2820 3308
3474 2965 2809 3089
3343 2716 2972 3127
2419 3560 3248 3184
2781 3734 3124 2968
2972 3554 3091 2985
3360 3384 2756 2966
2934 2724 3421 3231
2614 2913 3528 3252
3411 3079 2526 3224
2793 3111 3487 3311
3423 3094 2777 3077
2580 2920 3410 3431
3114 3577 2915 2954
2526 2821 3397 3434
3363 3352 2722 2946
2531 3271 3321 3333
2917 2990 2830 3586
3192 3267 2827 3242
3217 2763 2676 3430
3425 3045 2631 3170
2817 2907 3577 3056
2690 2735 3318 3449
3305 3257 2886 2982
2923 2961 2857 3546
3273 3159 3198 2896
3059 2765 3285 3170
3295 3170 2765 3187
3282 2939 3023 3273
2688 2966 2708 3631
3168 3025 3157 3181
2800 2869 3208 3439
2696 2751 3185 3505
3429 3105 2700 3123
2717 2826 3605 3058
2489 2719 3265 3503
3336 2775 2975 3124
3193 3528 2927 2756
2789 2882 3602 2965
2773 3716 2906 3209
2917 2786 3138 3461
2588 2983 3550 3155
3053 3691 2904 2929
3113 3641 2772 2776
2611 2872 3446 3373
2500 3218 3293 3344
2509 3515 3266 3116
2391 3446 3370 3042
3434 3116 2846 2964
3024 2934 3370 3028
2453 3488 3255 3229
2522 3247 3375 3177
2988 3711 2820 3013
2433 3512 3237 3210
3152 3599 2787 2756
2940 3058 3457 3072
3258 3535 2785 2809
2991 3590 3081 2909
2854 3019 2869 3587
2756 3457 3244 3190
2775 2910 3543 3277
3128 3478 2839 2934
2715 3004 2954 3590
2955 3193 2838 3528
2795 2860 2867 3642
2736 2759 3420 3376
2659 3642 3227 2838
2605 2974 3163 3496
2490 2960 3504 3354
2946 3375 3067 3267
2662 3740 3033 3100
2619 3744 2986 3197
2745 2711 3392 3343
2645 3400 3406 2818
2645 3312 3115 3446
3198 3504 2787 2794
3408 3146 2916 3109
2763 2747 3188 3502
3365 3337 2793 3003
2945 3219 3435 2777
3353 3367 2742 3021
3351 3298 2860 2771
2625 2849 3621 3080
2588 3415 3217 3227
2601 3316 2968 3475
2752 3016 3365 3346
2462 3579 3278 3107
3169 3587 2642 2861
2642 2880 3579 3260
2446 3306 3469 3053
3091 3640 2832 2826
2445 3289 3271 3344
3084 3193 3079 3259
2636 3010 3005 3572
2751 3217 2967 3463
3052 3709 2996 2824
3472 3048 2783 3069
2839 3593 2696 3284
2724 3503 3130 3237
3448 3105 2648 3103
2548 2937 3429 3408
3467 3062 2849 2991
3138 3236 3297 3144
2711 2792 3232 3448
3069 3661 2865 2941
3165 3452 2947 3071
2868 3695 3151 2922
3333 3225 2840 3131
2628 2846 3510 3326
3073 3334 2974 3335
3229 3339 2714 3264
3100 3173 2875 3286
2933 3653 3116 3034
2802 3459 3327 2843
2649 3262 3287 3238
3075 3441 3059 2931
2856 3586 3215 3090
2608 3112 3589 2985
2938 3639 3166 2860
2615 3293 3512 3016
2457 3303 3246 3356
2521 3565 3192 3160
3012 2973 2944 3455
3393 3191 2926 2995
3442 3082 2920 3114
3149 3443 3054 3083
2961 3704 3000 2994
2654 3013 3636 2919
3358 3285 2812 3031
3085 3542 3086 2852
2787 3202 3614 2967
2912 3101 3476 3075
2447 3574 3225 3148
2721 3372 3417 2805
2943 3699 3032 2767
2423 3532 3189 3305
2857 3211 3439 2987
2856 3737 3171 2915
2886 2657 3344 3307
2636 2910 3466 3361
2618 2813 3673 3052
3166 3567 2685 2794
2624 3486 3125 3302
2806 3526 3065 3162
2566 3659 3108 3134
3473 3222 2666 2913
3383 3163 2961 2972
2485 3048 3367 3401
3157 3117 2956 3294
3006 3213 3340 2862
2991 3340 3135 3329
2751 2660 3282 3452
2612 2733 3214 3520
2888 3779 2928 2997
3271 3308 2837 3095
2957 3722 2961 2881
2729 3112 3415 3279
2818 2866 3001 3557
2675 3188 3047 3556
2645 3032 3644 2845
2733 3095 3525 3119
2555 3351 3326 3005
2898 2912 3049 3509
2777 3157 3469 3163
3195 3463 2791 3082
2983 3403 2808 3175
3222 3074 2641 3316
3159 3381 3181 2991
3261 3353 2895 2976
3232 3570 2747 2772
2949 3545 3182 3007
3087 3625 2866 2752
2895 2842 3194 3402
3505 3069 2748 3086
2791 3053 3565 3136
2959 3628 2763 3158
2902 3551 3133 3139
3230 2791 2624 3353
2655 3731 2913 3232
2603 2792 3388 3421
2494 3414 3344 3027
2485 3239 3343 3340
3133 2867 3205 3171
3350 3403 2706 2964
3248 3411 2702 3055
3225 3450 2963 3105
2454 3004 3437 3413
3019 3633 3055 2807
2897 3447 3310 2851
3076 2839 3100 3323
2793 3237 3498 2884
2682 3026 2996 3501
2553 3523 3110 3308
2582 3319 3434 3171
2690 2762 3203 3493
2909 2863 3521 3087
2682 2746 3060 3533
3053 3390 2568 3222
2783 2989 3298 3443
2883 3370 3342 2978
3047 3637 2972 3003
2845 3515 3117 3167
2705 3781 2868 3233
2766 3366 3413 2811
2721 2945 3492 3217
3108 3180 3341 3143
3121 3484 2949 2904
2683 3044 2981 3536
2638 3715 2977 3274
2893 3672 3019 2972
2704 3548 2883 3391
2821 3107 3508 3111
2362 3458 3303 3195
2467 3399 3212 3288
2880 3013 2839 3538
2560 3680 3150 3024
3327 3388 2928 2914
3009 3189 2893 3427
2920 2926 2877 3531
3257 3441 2831 2938
2821 2950 2956 3554
3430 3151 2741 3096
3223 3030 3212 3166
2609 3232 2908 3525
2862 3632 3183 3120
3079 3680 2932 2931
2738 3070 3499 3126
2785 2872 3044 3576
2584 3140 3593 3027
3062 3380 2747 3261
2656 3574 3051 3262
2741 3221 3429 3121
2598 2985 3323 3424
2422 3321 3383 3085
3034 2861 3179 3324
3077 3572 2779 3035
3028 3205 3161 3307
3439 3309 2799 3025
3387 3097 2954 3135
3444 3061 2893 3088
3389 3268 2818 2923
2543 3472 3191 3240
2594 3156 3520 3039
2866 3596 3152 3119
2811 3657 3156 3031
2932 3502 3235 3063
2728 3302 3481 2815
2669 2796 3440 3377
3276 3399 2834 3058
2464 3320 3442 3124
2858 2811 3591 2963
3172 3493 2774 2876
3123 2925 3082 3385
2609 3397 3141 3458
3252 3371 3014 2998
3239 3537 2763 2989
2567 3008 3620 2923
3105 3517 3026 3048
3080 3518 2983 3106
2420 2942 3424 3425
2709 3177 3282 3363
2889 3037 3564 3036
2601 3153 3558 2979
3231 3480 2767 3045
3184 3536 2792 2865
2785 3022 2729 3596
2952 3214 3289 3235
3112 3287 3263 2909
3109 3041 2787 3403
2907 3648 3174 3015
3334 3258 3030 2934
2663 3011 3149 3518
2630 2823 3635 3084
2595 3522 3262 3104
2579 3293 3455 3131
3263 3107 3145 3137
2804 3282 3220 3306
2716 3668 3098 3108
2667 2861 3556 3263
3327 3451 2796 3022
3411 2938 2634 3215
2505 2988 3600 3150
2965 3090 2693 3495
2564 3428 3407 2878
3054 3278 3039 3264
3403 3389 2683 3067
2930 2786 3134 3437
2505 3396 3295 3177
2964 3664 3039 3106
2750 3140 2924 3510
2881 3413 3045 3244
2905 3211 3409 2821
2871 3094 2871 3541
3508 3091 2656 3044
2639 3183 3368 3276
3413 3073 2697 3135
3043 3254 2729 3424
2741 2770 3226 3470
2892 3042 3552 3065
2975 3482 3170 2995
2942 3754 2966 2959
2974 3277 3347 3144
3123 3189 2792 3331
2758 3373 3004 3343
2961 3135 3376 3199
3060 3310 3238 2814
2921 2967 2861 3593
2967 3666 2872 2982
3078 3242 2989 3404
3071 3436 3077 3016
3045 3431 3143 2961
2691 2817 3340 3434
2984 3388 3254 3045
2740 3389 3093 3202
2870 3345 3395 2958
2600 3563 3268 2920
2709 2819 3411 3374
2638 3049 3319 3312
2839 2958 2923 3522
2951 3199 2990 3410
2969 3084 2718 3535
3119 3428 2891 3151
2944 3483 3195 2900
2921 2937 2923 3498
3172 3474 3011 2834
2681 3700 3077 3054
2981 3142 3305 3295
3042 3645 2947 3043
2922 3394 2704 3281
2943 3513 3088 3176
3510 3084 2809 2959
2726 3276 3407 3165
2529 3559 3164 3189
3021 3204 3391 3149
2708 3212 3427 3220
2786 3719 3008 3103
2986 3548 2854 3045
2677 2990 3608 3119
3142 2950 2865 3345
2744 3201 3503 3121
