1318 55.7823
25290 25982 28499
28639 27008 24623
27399 24242 28201
25958 25036 28866
26712 28013 25878
29412 25885 25161
27306 24419 28221
25366 25980 28516
27518 24461 28044
28673 26887 24955
28972 26599 24760
28187 27295 25013
25780 27251 27360
26897 27963 26103
29200 25941 25672
27301 24359 28288
28025 27316 25500
25747 26591 28036
28112 25810 27077
27522 24577 28015
26155 24945 28803
29155 26327 25097
27512 27338 26254
28634 26950 24706
28606 26909 24868
28224 25818 26897
26872 28008 26099
28576 27030 24705
25851 26988 27764
27180 24702 28351
29362 25882 25272
28141 25047 27382
25530 26588 28079
27960 24720 27486
27432 27654 25828
26841 25542 28331
25938 26117 28176
27685 25832 27296
26263 26698 27683
26146 25013 28740
26251 24990 28787
28475 27073 24857
29119 26220 25623
29094 26321 25463
28624 26926 24817
28585 27029 24653
28717 26601 25533
25622 26737 27860
26075 27481 27154
25925 27395 27188
27265 24501 28298
26790 27549 26728
28387 25492 26778
25564 25484 28772
27293 24264 28370
26377 27380 26950
26649 25619 28378
28885 26082 25928
29058 26192 25859
26931 27879 26201
26463 27730 26740
28431 26680 25766
27737 24955 27783
28082 25478 27277
26415 25467 28592
28261 26261 26477
25541 26287 28336
27335 24292 28303
26302 27354 27349
26984 27206 26877
28046 25705 27090
28898 26491 25462
25983 25065 28836
28438 27044 25117
26097 27362 27139
28925 26504 25365
28012 24682 27503
28416 27078 24782
26512 25161 28652
26966 25250 28096
27576 24535 27979
28457 27076 25058
28732 26445 25812
27062 24639 28474
29078 26337 25479
26036 24968 28832
25387 26368 28279
27245 24340 28354
28653 25185 26637
27864 25216 27598
27040 24867 28461
27066 25109 28252
27804 27238 25948
25660 26291 28319
26441 27591 26937
27881 25231 27502
28371 26849 25786
25411 26521 28101
28360 27214 25548
29246 26145 25345
27787 25591 27270
28337 27263 25043
25964 26716 27874
28708 26926 24799
27906 26347 26797
26995 27802 26238
29275 26050 25107
28546 26997 24936
27099 26811 27010
29229 25876 25414
26940 27918 26108
25710 26273 28366
26629 27474 26865
27354 24618 28167
27540 26763 26669
28777 26105 26071
26891 25238 28399
27251 24316 28315
29131 26397 25405
26918 25201 28408
27379 24667 28110
28678 26652 25455
27987 27088 25993
26777 24662 28613
25462 26069 28478
28032 27271 25425
25504 26615 28067
27460 25561 27572
26361 26238 27918
27657 25559 27621
25811 26557 27984
29219 25863 25490
26809 24901 28541
26883 27368 26913
28789 25698 26084
25426 25845 28534
27498 27572 25985
29264 25968 25322
28489 26968 25016
27263 27741 25728
27935 27133 25881
28838 26004 25960
27478 24596 28183
26672 26461 27587
27154 24557 28418
28207 27263 25558
26054 25389 28660
27281 27700 25750
27051 27837 26060
26130 25579 28572
26109 26025 28155
27134 27225 26605
28171 25356 27230
26275 25645 28529
27087 25729 27837
27366 27449 26027
28482 27015 25079
27478 27144 26520
26349 26973 27236
27993 24886 27468
29035 26590 25138
27610 24568 27957
29374 25910 25255
27391 26433 27006
26737 25145 28565
25904 26218 28139
26614 24794 28716
27751 25432 27314
26085 25025 28789
26974 27892 26144
25799 25307 28753
28620 26071 26363
27129 27242 26754
28290 25951 26419
28990 26540 25283
26164 26744 27536
26711 24603 28624
26621 27196 26983
29403 25907 25241
28332 27293 24905
26602 27693 26664
27396 25953 27412
26441 24807 28696
26820 24627 28584
27678 25914 27204
27021 25367 27933
26525 27580 26716
28232 26534 26267
29328 25881 25287
27239 25609 27797
27012 26823 27105
28397 27198 25223
27930 27117 25970
28870 26864 25209
29258 25724 25326
27298 27404 26408
25642 26904 27791
28822 25663 26402
28504 26245 26370
27999 25417 27337
27073 27827 26011
27340 25522 27704
26689 25637 28228
26240 26190 27963
26909 27658 26653
27321 24974 28052
27444 25671 27629
27893 25506 27273
26408 25858 28488
25832 25733 28641
27205 27626 26020
26757 27840 26491
26532 25084 28627
27094 26844 26820
26594 25758 28434
26728 24784 28618
26393 25440 28605
26811 26252 27695
29017 26478 25255
27230 27748 25806
25733 26229 28256
27593 25744 27474
28524 26487 25941
26308 25377 28634
26184 26934 27526
25490 26090 28437
27149 27634 26406
27518 24922 27936
26006 25058 28741
27005 27543 26446
28811 26768 25248
25591 26569 28067
25863 27066 27729
27718 25778 27289
26206 25126 28726
27599 26132 27325
26293 27568 26981
27108 26860 26808
25372 25932 28548
28476 26579 25835
28054 27052 25905
28560 26396 26043
27448 26170 27213
27198 27464 26348
28995 26417 25364
28551 26111 26311
26505 26408 27658
28280 27187 25639
26340 26672 27543
28793 26451 25602
26207 27608 26761
28201 25701 26928
27617 26094 27130
25436 25982 28486
26537 25423 28556
25511 26510 28105
27043 27796 26285
25681 27147 27560
28537 25769 26530
28591 25341 26504
26431 25449 28579
27763 26421 26618
27490 26637 26772
26135 26798 27642
26752 27178 26974
28065 26486 26328
25819 27098 27530
27848 25286 27551
26546 24854 28660
26128 26205 28133
26556 27500 26905
28501 26947 25385
28468 26490 25904
27625 26537 26683
28445 26956 25088
26033 25772 28505
27920 25348 27372
27831 25409 27453
27159 27561 26130
27417 25097 27987
27016 27497 26433
28284 27102 25566
25491 25891 28456
25995 26233 28003
28305 25911 26840
27409 27438 26005
27394 24308 28212
26735 27938 26194
28662 26469 25646
27319 24253 28306
28017 26412 26572
27371 25212 27895
26568 27716 26663
26878 24517 28525
29023 26402 25517
27559 26030 27395
27423 25675 27611
25893 27047 27670
27724 27617 25854
27565 27292 26391
27779 27125 26176
27018 27814 26187
28073 26306 26302
26802 27952 26119
26455 25886 28238
29320 25995 25152
28247 26144 26707
28134 25318 27443
25555 25994 28401
29042 26538 25234
27747 25725 27262
27340 24930 28120
25917 25680 28645
26486 25475 28511
26553 26755 27427
27972 26155 27119
27918 27432 25703
27509 24873 27968
27978 26389 26631
28271 26832 26190
28807 26384 26033
26495 26781 27331
26826 26935 27173
27701 24981 27727
25724 26017 28265
28792 26689 25376
26070 27513 27118
26410 25170 28721
26642 27863 26589
27172 27771 26100
26322 26639 27745
29404 25903 25193
27165 26167 27245
26449 25273 28694
27954 26663 26380
27633 27170 26141
26685 27422 26769
27904 25655 27222
27662 25305 27811
27055 26059 27822
28843 26425 25607
28746 26000 26220
25975 26876 27736
26329 24819 28752
26012 26036 28227
28928 26199 25631
26862 25026 28479
27590 27058 26222
26665 24844 28673
25610 26840 27889
28594 26943 25185
27855 26821 26299
27269 25331 27756
26863 27285 26960
25599 26331 28191
27239 26272 27061
27136 27674 26171
28379 25072 26964
29288 26020 25177
26210 26722 27464
26638 24755 28753
29077 25922 26009
27194 26130 27564
27275 27760 25592
28313 26526 25921
27729 25135 27601
27952 24833 27662
28644 27004 24650
25608 25686 28689
27453 26169 27036
28573 26872 25204
27080 26301 27518
28691 26868 24924
28945 26527 25353
26923 27853 26211
26664 26471 27399
26989 27523 26470
28249 24730 26967
26358 26394 27720
26119 25321 28636
26585 27115 27054
26320 27154 27042
28645 26894 24917
27852 26785 26457
28191 26796 26278
29142 26315 25156
28402 25406 26649
26743 25299 28477
26225 27423 27047
28954 26431 25589
28765 26709 25445
28691 26598 25583
27708 24768 27948
27547 25533 27666
28862 26317 25662
25573 26360 28187
25874 25283 28712
28604 27023 24908
27312 27531 26331
28158 25366 27167
26947 27617 26465
27059 27677 26145
26335 25454 28606
27356 24347 28292
25477 26441 28225
26872 27782 26656
29305 25998 25045
28967 26565 25279
28189 25263 27243
28421 26807 25444
28529 25838 26426
27944 26359 26695
28494 25893 26496
27584 26750 26703
27216 26879 26648
26191 26380 27889
26581 26726 27197
27776 24780 27666
28324 25364 26836
26678 24735 28710
27185 24967 28215
26467 25929 27988
27117 24763 28269
28117 25387 27123
28624 26045 26155
27913 26356 26717
26775 27909 26336
29214 26148 25313
28129 27217 25660
28321 25537 26594
27824 26917 26555
27219 27712 25875
27752 24316 27706
25792 26413 28008
27702 26623 26556
27332 24357 28264
25698 25446 28713
25843 26363 28041
27142 27168 26619
25636 25798 28524
29027 26476 25292
25686 25510 28665
28829 26572 25303
29150 26214 25627
28182 27161 25738
28180 27269 25432
27108 24738 28281
26833 25716 27972
28427 25212 26547
28534 26659 25690
26227 26375 27754
28328 25802 26587
27286 24508 28286
27795 27436 25794
26388 25984 28283
27919 24937 27496
27713 24817 27815
28757 25795 26332
28158 27515 25306
27454 24840 27990
26136 26441 27802
25688 25344 28729
28652 26889 24807
28125 26233 26560
27822 27499 25737
29298 26018 25174
28849 25940 26006
29205 26292 25575
27594 25209 27919
25683 25623 28684
27224 25131 27947
28584 25789 26368
26873 27909 26163
26488 26480 27574
27799 27383 25924
26867 25067 28426
27938 27266 25510
27849 27461 25714
28410 27008 25715
26061 26961 27436
27645 25642 27432
28941 26574 25276
27163 27911 25685
27117 27796 26075
25885 26724 27787
26246 25630 28537
26573 26733 27333
27201 27756 26116
28578 25714 26447
27264 26738 26854
26956 27844 26188
26997 27856 26125
28427 26708 25544
27837 27003 26120
26969 26372 27508
26806 27941 26163
27643 27707 25688
27573 24559 27977
26591 26515 27220
26242 26298 27829
