678 26.7023
16331 17058 16952 17120
16720 17105 17234 16420
16718 17082 17369 16363
16252 16720 17251 17038
16271 16611 17419 16894
16788 16620 17097 16734
16520 16886 17229 16992
16418 16890 16887 17080
16241 16902 16808 17314
16565 17116 17193 16706
16124 16777 17232 17270
16157 16545 17243 17231
16326 16936 17364 16916
16382 16869 17592 16721
16641 16982 17044 16972
16666 16849 17008 16930
16212 17534 16937 16705
16328 16795 17234 17008
16218 17195 17201 16876
16289 16796 17626 16657
16153 16654 17418 16965
16919 16674 16747 16705
16470 17078 17418 16801
16136 16847 17675 16719
16444 17055 17459 16833
16463 16796 17132 17023
15920 16792 17430 16996
16506 16923 17220 16951
16222 17145 17166 16963
16732 16777 17208 16853
16533 16871 17610 16660
16298 16729 17667 16470
16150 16889 16967 17250
16348 16911 17157 17101
16442 16871 17027 17086
16432 17051 17258 16914
16413 16718 17580 16831
16184 16705 17184 17123
16434 16675 17453 16872
15951 17358 17307 16686
15927 16808 17589 16758
16560 17031 17307 16753
16379 16826 16995 17141
16088 17011 17473 16830
16334 17182 16905 17116
16330 17117 17264 16908
16915 16425 17202 16388
16615 16926 17415 16659
16157 17012 17461 16897
16165 16890 17430 16870
16399 16830 17341 16924
16542 16735 17117 17111
16020 17213 17380 17063
15922 16972 17341 17118
17003 16529 16863 16572
16159 17297 17359 16861
16285 17053 17200 17009
16571 17030 17338 16800
16289 16798 17374 16936
15900 17201 17120 17257
16500 16961 16737 17106
16728 17002 17274 16225
16624 16959 17370 16658
15970 17132 17492 16780
15955 17408 17288 16599
16398 16880 17303 16947
16659 16812 17375 16661
16048 17231 17310 16965
16548 16991 17116 16983
16482 16846 17628 16478
16295 17266 17391 16702
16069 16745 17638 16859
16775 16959 17494 16209
15940 17164 17573 16802
16573 17393 17086 16602
16304 17072 17599 16645
16658 17084 17275 16559
16333 16991 17569 16820
16175 16967 17422 16855
16333 16857 17541 16871
16275 17029 17334 17005
16023 17461 17236 16796
15954 17047 16844 17237
16888 16757 17313 16655
16575 16758 17321 16719
16723 16640 17385 16789
16184 17010 17253 17056
16560 17012 17394 16733
16640 16954 17192 16800
16180 16748 17747 16653
16625 16915 16980 17014
16369 16728 17660 16630
16320 16836 17168 17188
16742 17026 17007 16674
16662 17295 16850 16323
16058 17360 16998 16923
16138 16919 17123 17152
16057 17266 17468 16882
16399 17028 17205 17018
16149 16905 17662 16646
16058 17038 17585 16896
16602 17100 17233 16717
16348 16857 16967 17104
16495 17497 16893 16671
16648 17266 17080 16296
16206 17192 17416 16843
16206 16554 17285 17026
16848 16815 16999 16916
16413 16928 17232 16994
17029 16927 17175 16368
16370 17430 17045 16626
15943 16971 17463 16904
16846 16680 17242 16713
16676 16817 17179 16927
16574 16981 16963 17044
16156 17046 17184 17080
16134 17267 17340 16888
16538 16845 17539 16764
16173 17535 17018 16877
16722 16904 17143 16770
16624 17119 16920 16843
16480 17055 17277 16884
16416 17335 17507 16637
16832 16838 17502 16477
16248 17134 16668 17213
16164 17062 17618 16393
16878 17217 17188 16427
16325 17440 17143 16611
16408 17442 17001 16643
16594 17187 17265 16434
16087 17293 17351 16884
16315 17175 17090 17078
16254 17337 16881 16999
16486 16793 17017 17059
16412 16738 17658 16807
16246 17213 17574 16387
16526 17248 17511 16732
16256 17214 17169 16898
16116 16977 17330 17194
16382 16497 16749 17119
16365 16984 17054 17056
16507 17293 17312 16729
16472 17171 16989 16962
16543 17138 17100 16819
16469 16777 17185 17114
16699 16990 17432 16546
16478 16597 17496 16858
16463 17207 17112 16865
16338 17107 17515 16545
16169 16513 17480 16951
16087 16927 17355 16967
16665 17243 17184 16731
16583 17134 17051 16865
16329 17442 17164 16571
16197 17188 17163 16955
16557 17119 17280 16639
16525 16966 17280 16825
16493 16792 17425 16846
16369 16947 17363 16956
16354 17017 17374 16891
16768 16966 17172 16687
16267 17173 17221 16855
16667 17122 17127 16549
16630 17110 17215 16906
16532 17239 17471 16391
16654 17091 17129 16747
16121 17124 17320 16920
16487 17011 17136 17002
16330 16948 16873 17171
16271 17093 17344 16972
16269 17483 17157 16869
16466 16856 16855 17066
16234 16862 17457 16902
16377 16735 17416 16913
16301 16699 17357 17021
16703 17057 17292 16681
16582 16838 17246 16994
16515 17118 17228 16866
16037 17225 17513 16472
16531 16870 17392 16785
16421 17366 17075 16753
16428 17385 17132 16391
16315 17134 17562 16744
16231 17024 17430 16839
16734 16793 17299 16774
16376 17526 16957 16619
16375 16870 16850 17243
16421 17315 16906 16873
16289 17031 17290 16987
16259 17505 17027 16774
16149 16771 17042 17192
16680 16953 16765 16946
16654 16732 17261 16818
16638 16706 17335 16733
16674 17120 17008 16763
16192 17423 17222 16528
16511 17089 16929 17064
16403 16872 16956 17062
16615 17267 17129 16771
16442 16867 17138 17036
16773 16952 17273 16380
16177 17043 17186 17032
16570 16693 17609 16247
16359 17457 17121 16694
16497 17418 17125 16715
16219 17300 17094 17044
16059 16975 17659 16283
16766 16987 17200 16755
16598 16808 17224 16764
16650 16941 17102 16841
16644 17250 17115 16503
16462 17037 17212 16928
16667 16925 16903 16961
16608 16623 17513 16446
16625 17150 16733 16942
16439 17257 17096 16864
16508 17225 16747 17061
16434 17159 17432 16761
16316 17376 17187 16754
16601 16809 17501 16695
16701 17293 17008 16335
16513 17303 16686 16895
16274 17464 17035 16692
16484 17013 17351 16884
16454 17252 17141 16847
16332 17393 17260 16479
16886 16904 17259 16706
16415 17349 17269 16491
16507 17289 17150 16751
16565 17313 17155 16690
16327 17063 17587 16270
16594 17139 17031 16783
16219 16867 17648 16426
16239 17446 17358 16362
16553 17089 17470 16748
16286 17076 17315 16887
16165 16840 17687 16347
16987 16791 16992 16517
16488 17288 16799 16912
16706 17047 17303 16759
16335 17117 17047 17116
16665 17051 16942 16888
16213 17008 17149 17063
16138 17523 17075 16568
16318 16708 17373 16933
16746 17072 17254 16575
16269 17299 17161 16804
16704 16694 17141 16966
16658 16738 17308 16757
16638 17033 16983 16854
16349 17410 16944 16728
16448 17496 17059 16408
16238 17506 17350 16508
16905 16743 17060 16404
16466 17380 16828 16719
16403 16983 17573 16537
16731 17192 17088 16450
16588 17112 17255 16641
16749 17060 17262 16467
16464 17327 16723 16955
16428 17092 17532 16560
16318 16778 17636 16403
16756 17062 16885 16702
16598 17127 17453 16572
16586 17243 17254 16691
16577 17140 17370 16335
16137 16872 17730 16450
16782 16960 16735 16928
16668 16759 17263 16813
16556 17171 17117 16807
16515 16901 17355 16813
16491 17276 17349 16475
16144 16990 17626 16475
16585 16874 17310 16948
16457 16853 17074 17075
16683 16665 16841 17087
16657 17027 17336 16573
16355 17120 17228 16881
16688 17146 17331 16523
16155 17113 17608 16291
16762 17213 17073 16651
16259 17440 17013 16914
16804 17066 17044 16556
16323 17242 16505 17005
16580 17386 17106 16536
16708 17032 17099 16642
16626 17150 17276 16276
16572 17066 17283 16699
16780 16939 16637 17149
16632 17086 17024 17011
16623 16960 17515 16336
16571 17254 17176 16172
16549 16864 17345 16785
16446 16798 17572 16701
16663 16997 17210 16764
16308 17390 17081 16773
16517 17339 16967 16736
16228 17030 17128 17024
16697 17111 17112 16818
16168 17033 17232 17128
16609 17246 17071 16773
16579 17004 17317 16625
16561 17385 16777 16818
16674 17184 17102 16540
16716 17279 16989 16696
16650 17251 17013 16318
16697 17075 16891 16893
16714 17109 16910 16847
16607 17232 16818 16877
16350 17573 17015 16656
16546 17183 17015 16816
16415 17411 16687 16918
16540 17435 17245 16291
16178 17375 17272 16806
16042 17192 17607 16358
16832 17177 16888 16653
16497 17447 16980 16529
16427 17307 17097 16874
16200 17139 17515 16609
16889 16888 16823 16982
16787 16968 16756 16886
16356 17243 17148 16843
16293 17382 17491 16665
16902 16967 16551 16707
16432 17261 17386 16783
16386 17346 17372 16219
16889 16915 17099 16480
16453 17295 17287 16704
16360 17331 17245 16679
16773 17205 16708 16677
16619 17130 16504 16943
16385 17402 16945 16746
16549 17409 16799 16558
16518 17355 17044 16699
16322 17142 17015 17014
16257 17374 17065 16877
17017 16727 17045 16548
16711 17088 16821 16883
16524 17276 16996 16940
16991 17034 17126 16374
16587 17293 16600 16892
16429 17334 17026 16782
16594 17162 17142 16743
16621 17296 16921 16768
16133 17151 17545 16571
16675 16774 17527 16328
16636 17016 17170 16946
16527 17350 17171 16623
16345 17105 16893 17053
16744 17035 17071 16654
16593 17389 17028 16499
16203 17316 17123 17122
16815 16980 17124 16580
16766 17267 17008 16642
16283 17336 17133 16785
16103 17557 16823 17010
16617 17376 17153 16572
16523 17227 17096 16847
16506 17317 17073 16794
16504 17367 16868 16887
17060 17035 16711 16664
16749 16972 17246 16571
16582 17253 17383 16291
16531 17270 16976 16993
16273 17436 16777 17061
16742 17214 17042 16508
16345 17036 17622 16361
16337 17419 17212 16608
16207 17336 17278 16941
16797 17233 16661 16845
16403 16912 16738 17188
16196 17396 17135 16922
16733 17217 17054 16581
16543 17151 16793 17000
16353 17487 16823 16971
16429 16640 17363 16888
16689 17295 17026 16316
16465 16782 17456 16766
16084 17327 17282 16753
16680 17052 17154 16745
16547 17396 16780 16681
16445 17291 17321 16293
16848 17193 16710 16814
16757 17357 17220 16127
16733 17242 16860 16840
16625 17144 17005 16770
16135 17113 17252 17013
16892 17028 17002 16820
16815 17105 16903 16699
16610 17019 17434 16283
16282 17346 17152 16943
16450 17450 17015 16513
16792 17002 17165 16590
16652 17086 16840 17013
16637 17239 17008 16767
16224 17327 17283 16701
16660 17098 17270 16720
16568 17320 16740 16687
16539 17120 17292 16691
16813 17011 17107 16492
16778 16966 17221 16589
16705 17100 16759 16955
16362 17445 17072 16621
16572 17387 16694 16636
16511 16812 17422 16844
16388 17511 16994 16688
16337 16961 17549 16602
16161 16853 16971 17183
16598 17383 16910 16599
16443 17310 17378 16717
16771 17095 16921 16644
16435 17258 17047 16795
16272 17490 17130 16491
16751 17045 17076 16435
16671 17132 16903 16886
16489 17040 17565 16554
16892 17195 16879 16782
16644 16958 16850 16946
16563 17117 17224 16732
16544 17250 16864 16805
16964 17067 16998 16681
16792 16909 17225 16589
16311 17392 16856 16787
16899 16923 17089 16682
16794 16861 17494 16622
16553 17324 17060 16765
16291 17221 17195 16822
16048 17122 17200 17091
16774 16937 16746 16888
16514 17411 16964 16466
16422 17154 17230 16869
16336 17007 17277 16903
16107 17162 17234 16965
16620 17071 16675 17053
16049 17185 17158 17033
16781 17061 16995 16718
16413 17170 17295 16806
16718 17285 16686 16562
16583 16955 17088 17032
16566 17203 16999 16791
16718 17067 16627 16890
16706 16859 16913 16890
16390 16914 17277 16988
16555 17445 17026 16322
16292 16843 17417 16878
16838 17259 17005 16604
16713 17218 17098 16176
16587 17132 17306 16582
16491 17251 17355 16798
16834 16974 17052 16563
16873 17093 17214 16281
16813 17116 17026 16505
16643 17177 17244 16626
16734 17175 17077 16761
16613 17350 17090 16678
16263 17386 17283 16396
16923 17064 17022 16661
16867 16965 17139 16495
16463 17354 17209 16442
16722 17099 17232 16607
16719 17101 17303 16160
16604 17271 17026 16789
16455 17232 17137 17010
16180 17520 17120 16614
16574 17112 17311 16623
16558 17396 17004 16593
16370 17030 17032 17013
16306 17380 17150 16751
16224 17154 17084 17180
16755 17182 16915 16827
16571 16888 17228 16845
16380 17066 17260 16868
16350 17171 17528 16323
16340 17274 16959 16978
16267 17271 17122 17169
16892 17145 16922 16623
16423 17172 16835 17021
16278 17178 17159 16858
16236 16856 17162 17101
16677 16738 16842 17028
16791 17023 17078 16873
16745 16840 17188 16863
16505 17231 16664 17208
16408 17338 17090 16803
16779 17035 17175 16518
16543 17321 17121 16600
16641 17293 17082 16552
16509 17315 17172 16358
16453 17448 16880 16758
