185 6.11594
3959 3747
3862 3809
3974 3727
3751 3873
3933 3754
3665 3904
3725 3887
3676 3897
3792 3857
4061 3610
3672 3900
3719 3893
4039 3639
3659 3917
3670 3903
3597 3935
3513 3965
4089 3556
4021 3652
3631 3922
4098 3506
3776 3864
3732 3874
3881 3806
3948 3752
3909 3801
3836 3837
3929 3766
3825 3851
4110 3501
4042 3622
3965 3736
3921 3775
3359 3988
4079 3603
4049 3614
3541 3954
4127 3489
3848 3826
3573 3948
3515 3961
3496 3985
4096 3541
4001 3704
3851 3824
3705 3896
3498 3971
3344 4004
3575 3937
4017 3685
3977 3705
