1882 105.696
37482 38109
38780 35723
37629 37923
37918 37619
36825 38633
38243 37070
37477 38112
37925 37603
38136 37245
38347 36903
37484 38104
37943 37568
37730 37802
37051 38458
37555 38049
38825 35582
37735 37792
36286 38954
37623 37932
37161 38369
35996 39054
37069 38450
37232 38300
38156 37215
36531 38803
38055 37388
36134 38998
36464 38879
38343 36953
37401 38171
37503 38095
38581 36435
36752 38655
38010 37479
38729 36155
36751 38678
38233 37097
38737 36111
37262 38280
37207 38312
38519 36662
37569 38014
38483 36707
38108 37266
35935 39065
36467 38841
38379 36868
37531 38083
37980 37487
36874 38567
38399 36812
38415 36790
37697 37843
36683 38735
38295 37027
36968 38540
37651 37905
38416 36759
36978 38538
37753 37773
37690 37848
36594 38789
38179 37174
38310 36955
37715 37811
35964 39057
38448 36733
38594 36411
38063 37367
37336 38260
37238 38281
38600 36362
36873 38582
36084 39043
37013 38503
36223 38965
38171 37175
38029 37456
38045 37418
38914 35239
37960 37555
37160 38387
36672 38751
38936 35176
38852 35483
37235 38289
36512 38810
38913 35313
37677 37870
36474 38834
37978 37503
37191 38345
38140 37227
37937 37578
38193 37152
36720 38703
36893 38563
37119 38394
38253 37061
38099 37333
37606 37970
38376 36880
38087 37345
36788 38640
38100 37326
38861 35471
38298 37005
38883 35352
37898 37622
36216 38981
38791 35715
37033 38488
38382 36832
37786 37761
35919 39067
38674 36361
38815 35646
36432 38922
36897 38547
36847 38594
38293 37045
36773 38642
38268 37048
38222 37133
37700 37839
37748 37786
36597 38761
38505 36677
38183 37156
38020 37457
38040 37430
36482 38818
36245 38963
37634 37910
37082 38444
36837 38596
38795 35658
38307 36979
36336 38927
38102 37295
37111 38425
36324 38948
37291 38268
37672 37871
38576 36466
37426 38163
36478 38820
37893 37655
37367 38174
37473 38154
38675 36220
38228 37106
37759 37767
37955 37561
37487 38096
37361 38179
36033 39050
38772 35768
38688 36194
36231 38964
38759 36053
36098 39019
38392 36826
38403 36798
37347 38210
38839 35547
38380 36842
38135 37262
36187 38991
35767 39097
38582 36433
35982 39055
38560 36578
38109 37263
38419 36758
35762 39153
38360 36888
37099 38430
37038 38468
35894 39092
38423 36747
38561 36486
37975 37539
35970 39056
37865 37721
