3 0.358996
7382 7367 7460 6748
7248 7095 7384 6803
6854 7026 7791 6726
6622 7488 7106 6518
7485 6984 7531 6686
7242 6828 7649 6619
7111 7012 7870 6245
6540 7486 7044 6575
7649 6969 7464 6139
7610 7077 7446 6180
7604 7228 7284 6249
7559 7127 7087 6452
7509 6943 7426 6181
7508 6839 7084 6697
7499 7356 6977 6455
7490 7063 7585 6627
7438 6702 7579 6636
7432 6886 7411 6716
7424 7296 7123 6530
7410 6977 7764 6513
7386 6660 7681 6761
7382 6794 7684 6726
7317 7328 7469 6776
7313 7379 6849 6336
7286 7373 7335 6481
7264 7180 7592 6502
7254 7474 7802 6419
7248 7030 7473 6838
7241 7481 6991 6254
7210 7413 6858 6463
7209 7211 7567 6620
7125 6944 7563 7052
7123 7202 7291 6803
7120 7202 7828 6072
6842 7373 7241 6512
6803 7240 7496 6623
6685 7462 7111 6477
6626 7440 7149 6457
6554 7520 7058 6553
6543 7479 7144 6600
7644 6972 7354 6333
7627 7116 7038 6513
7616 7131 7211 6218
7593 6928 7521 6127
7591 6910 7441 6229
7563 7170 7040 6502
7559 7332 6974 6488
7544 7181 7058 6419
7514 7278 7030 6488
7510 7068 7062 6459
7507 7101 7165 6429
7503 6865 7155 6726
7496 7184 7546 6500
7496 7093 7268 6558
7483 7234 7044 6503
7473 6669 7597 6687
7429 6718 7543 6748
7427 7164 7120 6703
7422 7448 6922 5978
7410 6761 7611 6541
7409 7276 7411 6638
7404 6861 7728 6561
7403 6995 7926 6578
7392 6936 7345 6699
7381 6823 6686 6751
7376 7422 7048 6115
7329 6736 7707 6587
7317 7229 7482 6400
7305 7403 6772 6231
7288 6607 6643 6907
7286 6962 7643 6600
7284 7142 7515 6680
7275 7033 7669 6475
7260 7194 7527 6513
7242 7122 7438 6930
7239 7207 7476 6697
7234 7393 7711 6469
7234 7210 7206 6829
7234 6904 7605 6815
7225 7115 7652 6877
7224 7385 6871 6538
7203 7153 7542 6984
7145 7223 7289 6849
7140 7384 7127 6659
7132 7138 7695 6937
7128 7166 7162 6904
7077 7076 7719 6736
7066 6946 7724 6599
7062 7403 7179 6477
7061 7208 7830 6141
7056 7139 7686 6814
6905 7212 7488 6731
6875 7473 7150 6431
6800 7263 7538 6596
6732 7431 7106 6434
