5148 300.003
23662 23823 24297
24391 24684 23880
25286 22628 24176
25951 23470 22685
26089 23358 23097
24169 22970 24867
25917 23532 22973
25195 22711 24262
23713 23868 24282
24653 23339 24674
23820 23671 24537
24675 23276 24748
25562 22801 23936
25879 23687 23063
23957 23599 24483
23863 23660 24560
25221 24136 23003
24027 23803 24302
24105 24326 24207
24119 22998 24848
24787 23316 24606
25989 23464 23198
24576 23298 24766
25361 23011 23975
24278 22965 24817
24678 23182 24629
24644 23119 24800
24006 24563 24059
23889 23649 24522
25422 22843 24105
24130 23523 24416
25550 22803 24005
24206 24561 24049
24513 24577 23541
23833 23697 24515
24188 24431 24132
24107 23756 24454
24940 22943 24404
24139 24102 24219
25789 23085 23696
24279 24649 23899
24826 23178 24451
24436 24683 23733
25689 23965 23119
25523 23991 23245
25172 23950 23637
24374 23743 24264
24859 24308 23459
25184 23254 24215
24505 24545 23708
26043 23454 23198
25904 23632 23130
25579 23034 23907
23933 23613 24498
24339 24532 24018
26006 23278 23303
25830 23816 23094
25381 23597 23690
23907 23780 24506
25779 23895 23144
26032 23348 23228
25295 23098 23955
24818 23290 24550
25888 23165 23538
24267 23532 24399
24250 24616 24006
23865 23849 24278
25814 23789 23166
24755 24455 23531
24965 24390 23158
24985 23127 24369
25481 23940 23372
24802 24047 23825
25935 23117 23429
25618 22872 23935
25204 24179 23385
25534 23028 23960
24583 23388 24622
24221 24649 23942
25433 23138 23939
24328 24122 24165
24939 23238 24286
24870 24286 23485
23954 23774 24370
25236 22922 24145
24599 24148 23804
24353 24429 24015
24291 24451 24090
24309 24469 24027
25190 23054 24184
23929 23980 24245
25157 24265 23084
25505 23296 23861
24754 23730 24062
24896 23192 24340
25734 23411 23647
25860 23758 23104
24747 24354 23584
26053 23336 23188
25268 22982 24065
25493 23151 23927
24535 23446 24385
24459 24599 23713
24811 24212 23654
25900 23122 23524
24294 24569 24043
25404 23779 23524
24386 24625 24004
26065 23351 23164
25647 23425 23730
25544 23515 23686
24285 24526 24076
25145 22913 24308
25210 23875 23723
25925 23303 23510
25637 23586 23436
24718 23672 24082
26059 23339 23180
25388 22850 24043
25351 23945 23490
24406 24597 23819
25443 22962 24016
25870 23629 23204
24595 24157 23820
25826 23793 23149
25861 23741 23217
25306 22903 24174
24238 24636 23984
24981 24275 23275
25623 23723 23400
25742 23883 23370
24728 24412 23555
24841 23365 24355
24545 24062 24028
25904 23665 23077
25249 24069 23227
24022 23567 24502
24271 24037 24204
25877 23327 23318
25227 23000 24072
25996 23309 23306
24258 24642 23950
25675 23746 23388
25754 23267 23872
25630 23906 23298
24344 24491 24021
24829 23164 24406
24427 24164 24097
24470 23409 24540
24526 23500 24501
25473 22894 24016
24274 24482 24114
24695 24296 23737
24759 24372 23501
26078 23318 23170
26004 23145 23341
24438 24593 23919
25661 23917 23261
25091 23575 23881
25391 23906 23454
24313 24362 24028
25111 24239 23159
25764 23834 23170
24688 23609 24216
25496 23705 23472
25033 24126 23446
25601 23584 23472
24454 24511 23843
24477 23854 24233
24520 24112 23999
25068 23108 24255
25429 24026 23327
24969 24055 23619
24862 23429 24177
24887 23549 24028
25338 23443 23774
24701 24188 23754
24172 23936 24268
25217 23022 24162
24770 24124 23830
24413 24057 24111
25227 23866 23669
23946 23566 24519
24945 24330 23422
25596 23512 23581
24628 24381 23679
25573 23480 23623
24262 23655 24290
25457 23841 23466
24877 24495 23186
24511 24233 23884
25329 22970 23996
24930 23323 24314
24681 23184 24608
25122 23073 24231
25558 23924 23354
25447 23441 23811
24554 24442 23843
25299 24060 23338
24760 23347 24534
25336 22860 24124
25110 24320 23230
24230 23707 24298
24432 23983 24195
25194 24198 23261
23903 23590 24514
25131 24189 23314
25316 24030 23216
24560 23840 24147
24648 24214 23746
25150 24219 23281
25916 23404 23224
25856 23592 23247
25241 22878 24239
23864 24341 24163
25700 23574 23447
25136 23356 23967
25762 23842 23268
24874 24429 23256
25758 23381 23569
25415 24011 23394
25233 24083 23208
24606 24031 23991
24674 24135 23826
25728 23553 23420
24765 23767 24007
24839 24222 23630
25670 23375 23769
25084 23066 24293
25427 23985 23330
24440 24473 23858
24825 23976 23784
25450 23391 23877
25269 23399 23873
24581 24092 23897
24463 24401 23907
25854 23200 23591
24477 24080 24108
24952 23120 24383
25097 23060 24256
25583 23911 23285
25917 23511 23079
25842 23212 23673
24782 23647 24105
24826 23560 24069
25065 23407 24156
25235 22973 24087
25121 23374 23984
24658 24417 23664
25266 22861 24191
25343 23970 23408
24704 24277 23706
25145 22918 24224
24443 24142 24080
24881 23413 24209
24953 23693 23902
25047 24270 23360
24893 23364 24360
24824 23749 24038
25747 23889 23264
24468 24517 23827
25817 23114 23692
25847 23416 23516
25010 23089 24326
24503 24506 23845
24682 23619 24222
25103 24198 23347
24853 24360 23290
25569 23999 23236
24302 23970 24242
25466 23539 23575
24171 24502 24085
25774 23809 23169
25664 23533 23558
24260 24630 23949
25297 23495 23800
24562 23829 24064
24444 24521 23788
25041 24382 23067
25346 22882 24044
24708 23436 24248
24974 23916 23739
25846 23286 23574
25047 24186 23363
23944 23783 24304
25159 23762 23770
24395 23713 24259
24423 23984 24159
25489 23320 23837
24232 23846 24278
24807 23884 23892
25609 23872 23435
25562 23176 23916
24724 24326 23589
25487 24008 23075
25784 23552 23366
24906 23208 24323
25002 23957 23660
25061 23220 24230
24454 24426 23871
24132 23535 24333
25007 23540 23930
24915 23225 24316
24556 24073 23904
24578 24224 23772
24733 23602 24216
25582 23473 23702
25409 23312 23885
24647 23382 24410
25165 23922 23731
25019 23091 24274
24663 23822 24127
24821 23214 24413
25686 23299 23762
24566 24105 23890
24901 23627 23915
25253 24003 23487
25158 22888 24272
24399 23888 24252
24534 24165 23946
24492 23807 24166
25259 23091 24053
24786 24254 23717
24916 24021 23709
24942 24418 23233
24498 24493 23855
25308 23911 23508
25220 23720 23790
25035 23262 24172
25074 23467 23933
25012 23960 23578
25348 24015 23342
24627 24347 23764
25320 23254 23942
24584 24407 23736
25015 23197 24304
24460 24008 24118
24912 23055 24404
25223 23798 23700
24731 23938 23869
25125 24108 23450
25030 24024 23536
25609 23314 23794
25823 23646 23308
24663 24486 23221
24008 23586 24502
25551 23930 23398
24560 23486 24301
24982 24246 23460
24831 23954 23732
25274 23956 23607
25717 23638 23398
25441 23587 23597
24571 24097 23872
25706 23418 23743
24458 24617 23628
25080 23346 24143
25788 23698 23364
25241 23218 24057
25020 23304 24182
24590 23981 24047
24892 23524 24027
24918 23427 24203
25824 23642 23240
25455 23902 23504
25426 23934 23417
24571 24171 23797
24481 24593 23761
26063 23231 23234
25124 23981 23498
25026 23448 24139
24844 23514 24103
24736 23945 23849
25138 23260 24013
25264 23438 23911
24941 24257 23537
25304 23980 23404
25817 23367 23687
25712 23412 23615
24912 24118 23627
24894 24192 23609
25855 23189 23595
24818 23623 24068
24565 24442 23673
24676 23797 24033
24119 23535 24384
25715 23335 23708
25765 23232 23697
24622 24137 23799
24958 23451 24136
24919 23758 23862
25560 23920 23433
24966 24356 23391
25055 24081 23479
25417 23905 23476
24479 24249 23986
24990 24138 23613
24993 23483 24130
24601 23402 24338
24786 24472 23211
25155 23406 23921
25565 23485 23603
24483 24236 23961
25237 23909 23652
24616 24167 23772
24846 23787 23929
24698 24470 23599
24521 24247 23851
25278 23783 23563
25769 23714 23349
24710 24295 23670
24852 24365 23567
24555 24088 23917
24343 24049 24134
24676 23996 23863
24709 24161 23728
25823 23752 23292
24447 24403 23907
24665 24103 23849
24704 23422 24288
24435 23520 24314
24949 23206 24271
24640 23898 23952
24342 24005 24168
25148 23890 23833
25189 23771 23730
25815 23441 23415
24604 23496 24285
25005 23360 24188
25107 23295 24167
25153 23958 23655
24388 23948 24236
25575 23538 23567
25095 23324 24049
24717 23644 24113
25216 23947 23665
24527 23908 24065
24242 23589 24324
24632 23997 23937
25279 23280 23967
24636 24057 23855
25474 23974 23356
24868 23955 23725
24840 23615 24002
24982 24251 23426
24664 23348 24511
25768 23109 23735
25104 23026 24246
24487 23813 24204
25445 23968 23358
25419 23185 23911
24903 23149 24339
24726 23784 24030
25023 23221 24262
25037 23413 23978
24397 23591 24318
25256 23913 23629
25056 23180 24271
24804 23755 24009
25704 23472 23678
24851 24238 23610
25707 23466 23450
25334 23210 23939
25042 22998 24334
25079 23946 23675
25142 23468 23905
25849 23311 23428
24711 23715 24142
25053 24125 23386
25336 23068 23994
24612 24136 23832
25025 23282 24251
24990 24355 23069
24615 23716 24158
25453 23256 23885
24758 24404 23284
24651 23841 23964
24281 23975 24267
25875 23260 23583
24571 24321 23766
25552 23348 23835
25725 23281 23737
24933 23642 23904
24653 24346 23671
24997 24347 23245
25421 23571 23724
25006 24173 23423
24875 24176 23707
24947 23754 23847
24957 23361 24183
24488 23971 24191
25205 23512 23876
24961 23539 23993
25719 23318 23724
25603 23416 23827
24663 24412 23626
25032 23064 24297
24992 23300 24240
24640 23964 23884
25565 23973 23316
