70 6.53434
8502 8789 8404
8536 8870 8272
8478 8906 8318
8949 8121 8260
8882 8585 8096
8488 8919 8246
7823 9197 7752
8835 8497 8397
8573 8640 8468
8351 8623 8541
8074 8779 8543
8916 8552 8036
8869 8575 8204
8832 8565 8266
8815 8619 8218
8542 8907 8243
8535 8755 8383
8512 8953 8006
8426 8852 8346
8424 8791 8455
8422 8831 8360
8364 8705 8494
8356 9026 8056
8323 8682 8505
8250 9150 8015
8934 8550 8128
8612 8931 8096
8586 8701 8377
8479 8945 8272
8473 8690 8462
8469 9014 7968
8330 8670 8526
8329 9133 8042
8294 8858 8458
8998 8485 8099
8893 8552 8207
8874 8455 8347
8855 8549 8287
8847 8595 8165
8836 8577 8248
8515 8679 8451
8513 8889 8304
8445 8837 8337
8425 9019 7950
8420 9026 7945
8418 9043 7873
8390 8641 8540
8934 8482 8238
8776 8638 8242
8388 9111 7835
8326 9136 8111
8319 8190 8777
8278 8786 8498
8966 8119 8260
8910 8540 8173
8878 8367 8294
8854 8487 8377
8841 8570 8224
8692 8748 8271
8597 8409 8547
8500 8999 8017
8411 8696 8474
8406 9030 7946
8389 8605 8552
8361 8664 8537
8314 8802 8460
8250 8448 8714
8042 8822 8580
7983 9020 8310
7962 8777 8589
8994 8546 8140
8950 8614 7859
8881 8429 8260
8868 8557 8206
8858 8489 8232
8836 8563 8311
8775 8803 7968
8770 8890 8260
8694 8897 8012
8635 8914 8056
8567 8707 8419
8384 9049 7999
8283 8310 8744
8130 9095 8188
8106 9039 8216
8044 8915 8453
8021 8402 8840
8929 8551 8067
8929 8226 8266
8924 8306 8267
8913 8547 8153
8889 8767 7957
8882 8121 8288
8851 8580 8166
8797 8409 8427
8723 8472 8459
8703 8471 8466
8668 8903 7936
8415 8667 8535
8406 8162 8686
8344 9014 8390
8313 8693 8522
8216 8796 8507
8026 8837 8576
7765 8493 8853
9003 8459 7962
8925 8160 8270
8904 8578 8164
8832 8629 8182
8810 8377 8530
8730 8485 8427
8700 8547 8404
8641 8576 8479
8631 8891 8268
8515 9020 7948
8473 8828 8408
8469 8654 8536
8457 8851 8330
8398 8971 8282
8354 9089 8082
8210 8768 8531
8161 8612 8669
7914 8804 8625
9072 8418 8044
9065 8434 8098
9045 8454 8069
9001 8549 8086
8919 8202 8285
8910 8487 8200
8891 8682 8011
8889 8716 8010
8829 8721 8089
8817 8680 8132
8790 8628 8337
8767 8425 8412
8754 8663 8320
8639 8862 8284
8634 8858 8329
8601 8755 8334
8600 8599 8453
8598 8926 8137
8594 8902 8227
8582 8751 8354
8525 8940 8031
8478 8567 8648
8466 8971 8216
8455 8732 8468
8449 8762 8446
8429 8066 8702
8403 9010 7975
8395 8059 8703
8391 8978 8376
8353 8278 8756
8287 8742 8467
8257 9144 8053
8175 8771 8585
8110 9016 8209
8056 8136 8864
7978 8337 8853
7967 9121 8200
7885 8473 8835
7842 8450 8853
9054 8436 8081
8953 8703 7825
8822 8616 8313
8775 8664 8287
8748 8566 8353
8665 8833 8272
8652 8503 8451
8609 8686 8405
8570 8444 8518
8569 8563 8545
8559 8500 8586
8555 8297 8599
8549 8750 8436
8526 8925 8230
8513 8519 8604
8506 8598 8613
8481 8499 8617
8435 9008 8118
8401 9033 7998
8373 8975 8423
8369 8166 8722
8343 9001 8427
8332 8799 8458
8275 8375 8723
8267 8614 8631
8263 8315 8733
8235 8486 8667
8198 8680 8596
8117 8711 8603
8044 8825 8551
8042 9120 8146
8029 8710 8658
8005 8998 8457
7993 9133 8191
7974 8431 8791
7944 8504 8788
7941 8506 8779
7927 9070 8212
7871 8406 8841
7803 8442 8879
9061 8493 7826
8987 8499 8197
8929 8573 8028
8902 8722 7979
8897 8271 8277
8881 8610 8155
8864 8670 8082
8849 8615 8162
8846 8663 8103
8809 8713 8091
8674 8728 8368
8664 8625 8417
8561 8252 8602
8519 8580 8585
8516 8472 8607
8483 8949 8098
8449 9032 7909
8373 8615 8556
8347 8979 8416
8326 8364 8712
8207 8653 8616
8174 8492 8673
8163 8253 8782
8066 8248 8850
8046 8825 8531
8015 8726 8596
7966 8385 8893
7955 8888 8466
7950 8451 8809
7945 9075 8203
7917 8410 8811
7874 8526 8798
7862 8889 8473
7809 8475 8832
9042 8566 7792
8990 8602 8006
8884 8546 8218
8875 8793 8077
8805 8661 8241
8780 8679 8195
8775 8780 8209
8761 8665 8313
8731 8555 8370
8683 8614 8367
8663 8674 8421
8653 8755 8328
8636 8558 8496
8600 8233 8570
8561 8756 8333
8557 8898 8251
8546 8992 7976
8530 8809 8359
8519 8195 8634
8512 8805 8393
8495 8376 8680
8473 8606 8502
8445 8033 8710
8436 9074 7859
8410 9059 7929
8407 7982 8712
8402 8949 8218
8401 8925 8394
8384 8090 8750
8379 9188 8003
8378 9008 8354
8363 8679 8504
8356 8529 8665
8350 9056 8165
8338 8456 8690
8293 8738 8583
8256 8430 8763
8138 8561 8777
8125 8723 8600
8123 8273 8793
8113 8675 8676
8107 8704 8651
8080 8418 8797
8069 8860 8436
8064 9044 8284
8060 8823 8547
8023 8402 8808
8006 8854 8544
7992 8764 8680
7940 8907 8468
7929 9143 8182
7854 9141 8304
7833 9025 8319
7829 9035 8312
