1600 147.265
31645 31349 30735 31602
31650 31256 30584 31580
31600 31397 30662 31558
31737 31300 30801 31443
31657 31379 30634 31578
31693 31310 30628 31551
31717 31282 30667 31525
31724 31319 30724 31467
31635 31341 30874 31460
31601 31497 30850 31366
31692 31335 30675 31541
31602 31512 30827 31353
31421 31481 30526 31454
31766 31229 30719 31348
31622 31404 30732 31480
31636 31420 30572 31493
31677 31389 30455 31470
31762 31313 30723 31456
31657 31354 30787 31487
31626 31510 30657 31447
31643 31439 30558 31465
31608 31379 30834 31517
31497 31477 30545 31501
31746 31331 30705 31408
31707 31504 30744 31419
31779 31333 30566 31459
31625 31376 30817 31474
31687 31439 30844 31351
31750 31437 30579 31373
31799 31356 30612 31358
31673 31452 30587 31451
31686 31473 30816 31395
31553 31463 30670 31528
31669 31550 30596 31369
31749 31389 30617 31449
31530 31392 30708 31512
31620 31429 30722 31436
31575 31556 30777 31377
31687 31307 30792 31492
31666 31514 30775 31383
31633 31394 30694 31522
31652 31349 30809 31525
31741 31326 30783 31369
31513 31411 30601 31531
31697 31444 30705 31439
31630 31535 30796 31392
31508 31496 30742 31431
31667 31278 30789 31518
31709 31389 30638 31463
31708 31311 30779 31521
31705 31325 30833 31423
31778 31355 30531 31391
31733 31485 30603 31364
31471 31424 30689 31504
31648 31484 30850 31381
31621 31398 30754 31445
31791 31504 30683 31349
31525 31432 30690 31477
31749 31477 30527 31375
31677 31361 30765 31444
31581 31549 30846 31363
31680 31385 30733 31428
31615 31534 30778 31402
31730 31390 30753 31372
31654 31402 30667 31476
31643 31466 30749 31416
31612 31472 30591 31490
31523 31382 30674 31526
31562 31531 30648 31415
31676 31360 30771 31422
31694 31573 30664 31356
31602 31539 30763 31356
31623 31402 30669 31536
31486 31547 30629 31406
31606 31384 30714 31507
31673 31519 30710 31361
31675 31412 30669 31473
31520 31380 30716 31538
31735 31323 30760 31450
31776 31383 30653 31435
31648 31574 30687 31359
31640 31455 30696 31449
31566 31482 30642 31448
31496 31468 30615 31466
31691 31376 30760 31387
31580 31517 30597 31403
31741 31279 30733 31500
31715 31374 30717 31509
31500 31448 30796 31397
31745 31334 30651 31458
31666 31358 30742 31496
31632 31481 30706 31433
31538 31423 30815 31400
31535 31442 30757 31440
31616 31418 30746 31488
31628 31366 30791 31398
31676 31512 30717 31412
31522 31543 30653 31390
31625 31409 30758 31425
31656 31526 30677 31363
31533 31470 30707 31432
31556 31531 30690 31438
31563 31450 30676 31488
31715 31324 30737 31428
31525 31416 30802 31413
31574 31391 30715 31495
31732 31376 30759 31426
31723 31542 30674 31397
31581 31395 30791 31434
31496 31456 30785 31441
31733 31280 30769 31449
31573 31403 30773 31423
31752 31754 31108 31347
31794 32002 31362 31189
31710 32023 31337 31208
32068 31539 31086 31171
32037 31601 31252 31217
32021 31649 31302 31112
32010 31559 31303 31063
31970 31591 31169 31247
31958 31592 31310 31155
31822 31979 31405 31214
31787 32007 31356 31181
32060 31587 31157 31107
32040 31563 31264 31217
31999 31641 31348 31067
31892 31904 31375 31011
31876 31965 31463 31125
31800 32001 31354 31199
31775 32017 31357 31180
31748 32002 31271 31305
31745 32002 31372 31189
31743 32019 31350 31229
31731 31871 31320 31325
31888 31874 31380 31024
31848 31910 31398 31137
31838 31984 31397 31144
31813 31900 31521 30943
32143 31620 31116 30992
32077 31585 31196 31132
32069 31594 31132 31143
32026 31504 31316 31039
32006 31622 31188 31165
31957 31620 31250 31181
31880 31923 31408 31035
31877 31950 31425 31042
31860 32001 31446 31114
31857 31985 31478 31067
31809 32034 31431 31105
32075 31633 31270 31007
32006 31653 31327 31000
31997 31579 31346 31075
31995 31676 31347 31143
31812 32050 31399 31152
31772 31968 31407 31141
32115 31728 31284 30953
32072 31681 31300 31101
32051 31664 31334 30984
32010 31753 31324 30984
31891 31520 31400 31058
32182 31557 31230 30968
32137 31613 31216 30943
32135 31628 31167 30916
32132 31571 31247 30973
32104 31629 31260 30998
32100 31633 31211 31003
32094 31629 31293 30911
32083 31593 31232 31005
32068 31715 31220 31054
32036 31686 31317 30995
32035 31690 31316 31034
32032 31725 31288 31059
32000 31595 31312 31065
31933 31678 31361 31077
31749 31821 31167 31323
31715 31800 31144 31328
32114 31724 31147 31110
32099 31705 31178 31084
32089 31727 31263 30987
32059 31734 31301 30997
32046 31688 31271 31023
31980 31691 31353 31057
31848 31982 31365 31190
31832 31985 31400 31178
31830 32040 31301 31213
31810 31936 31375 31221
31800 32031 31318 31228
31762 32102 31361 31147
31754 32066 31298 31231
31754 31967 31291 31291
32129 31626 31124 30942
32118 31666 31183 30943
32101 31690 31215 30991
32097 31732 31186 30950
32093 31640 31223 30993
32092 31654 31199 31007
32079 31706 31289 30964
32077 31709 31222 31018
32067 31749 31161 31001
32067 31727 31223 31044
32061 31756 31191 31093
31892 31979 31365 31113
31833 31985 31389 31207
31815 32086 31250 31220
31744 32012 31293 31309
31658 32059 31402 31104
32082 31603 31229 31006
32030 31703 31273 31117
32027 31624 31307 31040
32002 31730 31284 31011
31974 31614 31294 31174
31862 31950 31291 31297
31788 31876 31365 31258
31731 31815 31421 31152
31693 31923 31368 31274
32077 31762 31282 30994
32061 31806 31268 31090
32042 31716 31287 31023
31994 31717 31330 31040
31980 31771 31347 31130
31945 31678 31410 30983
31890 32121 31224 31232
31886 32009 31308 31206
31829 31993 31382 31180
31822 32058 31305 31251
31793 32042 31308 31229
31789 31996 31333 31258
31716 32015 31352 31203
31642 32074 31386 31180
31859 31918 31365 31179
31817 31865 31400 31222
31797 32062 31310 31223
31727 31970 31441 31143
31919 32075 31256 31126
31897 32079 31189 31151
31763 32102 31296 31269
31758 32027 31333 31227
31746 32012 31347 31214
31949 32066 31291 31154
31814 32116 31274 31230
31798 32120 31245 31204
31759 32159 31254 31138
31752 32082 31305 31184
31897 31971 31322 31167
31881 32046 31311 31170
31864 32051 31311 31141
31864 32003 31391 31167
31819 32093 31387 31155
31813 32087 31289 31177
31794 32126 31259 31203
31731 32044 31415 31190
32117 31655 31223 30980
32084 31663 31192 31017
32076 31686 31185 31032
32006 31684 31294 31054
32003 31672 31332 30906
32002 31763 31316 30962
32001 31704 31313 31001
31886 32024 31384 31070
31808 32104 31318 31133
31694 32034 31343 31243
31924 32085 31288 31110
31906 32094 31311 31068
31870 32014 31315 31202
31867 32034 31377 31145
31841 32007 31285 31223
31832 32070 31380 31161
31788 32026 31292 31254
31762 32022 31427 31140
32207 31384 31083 30978
32195 31496 31167 30967
32191 31568 31140 31005
32155 31493 31224 31002
32122 31561 31216 31080
32122 31493 31260 30926
32121 31622 31182 30921
32108 31581 31256 31061
32094 31494 31209 31091
31950 32077 31330 31117
31925 31914 31267 31201
31886 32021 31278 31204
31883 32103 31264 31115
31858 32070 31240 31214
31846 32063 31364 31133
31796 32000 31399 31221
31775 32114 31352 31130
31896 32000 31351 31238
31891 31981 31367 31114
31888 32002 31313 31190
31887 31981 31248 31277
31883 31967 31401 31134
32220 31478 31228 30955
32204 31532 31089 30935
32175 31525 31212 31077
32150 31521 31255 30856
32135 31620 31123 30958
32134 31573 31088 31005
32127 31620 31225 30913
32127 31594 31202 30967
32118 31571 31204 31048
31970 31954 31265 31098
31943 31993 31323 31145
31923 32041 31215 31206
31888 32084 31373 31071
31861 32038 31354 31128
31847 31982 31327 31274
32159 31541 31155 31035
32125 31590 31183 31099
31920 31935 31291 31251
31896 32002 31278 31242
31968 32016 31292 31119
31926 31986 31235 31157
31917 31957 31266 31164
31901 31997 31264 31182
31872 32003 31381 31143
31847 32068 31370 31093
31879 32074 31232 31149
31851 31995 31434 31134
31768 32115 31241 31257
31715 32130 31307 31102
31711 32150 31296 31143
31650 32014 31344 31267
31615 32138 31358 31042
31848 32035 31388 31000
31814 32133 31261 31068
31534 32186 31132 30911
31908 32030 31340 31163
32005 32004 31267 31036
31677 32077 31167 31286
31866 31977 31452 31104
31841 32059 31277 31205
31832 32114 31251 31156
31787 32063 31325 31242
31777 31985 31212 31296
31748 32012 31368 31193
31709 32095 31331 31248
31934 32012 31335 31144
31928 32029 31369 31044
31876 32034 31339 31153
31857 32010 31438 31040
31852 32063 31353 31090
31845 32007 31314 31207
31836 32001 31305 31218
31829 32071 31384 31048
31815 32028 31444 31068
31811 32073 31400 30939
31768 31923 31412 31153
31767 31922 31485 30996
31894 31969 31361 31066
31930 32008 31349 31057
31871 32046 31311 31200
31803 32126 31241 31150
31780 32114 31343 31088
31759 32033 31334 31199
31738 32140 31278 31129
31727 32117 31284 31088
31715 32073 31329 31212
31696 32165 31298 31158
31688 32003 31428 31123
31686 32132 31358 31167
32051 31928 31164 31041
32003 31865 31268 30878
31894 31990 31383 30949
31964 31986 31223 31127
31914 32036 31297 31158
31900 31971 31344 31062
31779 32099 31275 31182
31973 32081 31373 31043
31912 32066 31191 31216
31902 31978 31233 31170
31848 32087 31284 31114
31832 32131 31255 31132
31813 32107 31271 31262
32015 32062 31182 30928
31995 31900 31189 31201
31862 32027 31199 31239
31848 32053 31232 31258
31846 32089 31252 31170
31765 32041 31234 31293
31722 32159 31275 31120
31994 32002 31216 31177
31991 31892 31314 31113
31963 31910 31232 31144
31951 31874 31286 31149
31950 31927 31263 31152
31940 31946 31331 31076
31904 31968 31249 31188
32050 31906 31261 31159
32002 31955 31214 31197
32001 31885 31273 31064
31952 31863 31271 31131
31948 31941 31098 31253
31905 31984 31191 31230
31889 31973 31159 31327
31869 32012 31238 31273
31863 31940 31199 31319
31841 32050 31306 31186
31821 32125 31152 31180
32011 31836 31265 31114
31936 31876 31334 31135
31998 31927 31108 31205
31961 31898 31263 31137
31957 31963 31220 31181
31928 31992 31156 31245
31903 31950 31257 31208
31896 32014 31082 31235
31851 32025 31207 31276
31841 32039 31281 31209
31840 31978 31197 31315
31917 31918 31373 31064
31927 32007 31229 31184
31917 31954 31154 31325
31984 31803 31222 31168
31955 31917 31145 31205
31897 31967 31269 31177
31892 32033 31136 31233
31980 31830 31235 31170
31983 31988 31344 31043
31982 32000 31321 31059
31884 32101 31354 30975
31874 32098 31300 31061
31812 32175 31255 31103
31963 31914 31148 31254
31959 31886 31188 31228
31927 31952 31236 31267
31927 31873 31108 31280
31770 31895 31231 31301
31948 31863 31265 31202
31810 32119 31405 31077
31759 31897 31408 31187
31720 31983 31442 31121
31696 32014 31445 31093
31969 32036 31305 31091
31937 32097 31262 31012
31926 32141 31309 31054
31912 32098 31258 31133
31907 32119 31360 30937
31899 32049 31281 31167
31897 32095 31351 31110
31896 32045 31373 31059
31883 32081 31254 31145
31875 32131 31373 31043
31869 32007 31363 31084
31956 31859 31233 31169
31950 31893 31262 31159
31949 31868 31257 31173
31946 31910 31194 31203
31943 31895 31265 31202
31928 31869 31232 31277
31904 31961 31281 31171
31903 31956 31196 31300
31898 31940 31258 31256
31879 31874 31270 31265
31866 32014 31045 31242
31865 31896 31133 31344
31789 31984 31186 31282
31994 31831 31278 31140
31924 31917 31261 31276
31902 31868 31226 31281
31814 31974 31206 31290
31888 32012 31315 31167
31869 32077 31227 31167
31861 32048 31270 31224
31860 31981 31269 31260
31849 32064 31198 31242
31812 32060 31285 31184
31802 31986 31273 31273
31786 32031 31212 31277
31994 31818 31151 31244
31981 31812 31244 31185
31971 31812 31211 31229
31951 31907 31243 31262
31947 31868 31124 31279
31892 31901 31228 31292
31913 32084 31329 31021
31877 32054 31349 31132
31863 32084 31341 31182
31860 32114 31240 31187
31840 32086 31312 31144
