72 6.09286
30767 31834 32557
31263 32949 31643
30884 33321 30748
30717 32988 31607
32093 32500 31384
31318 30953 32708
31092 33182 30810
30857 31813 32513
30752 32485 32095
32055 32673 30792
31460 31645 32373
31074 31802 32576
32534 31612 31516
32236 32121 31352
31736 31626 32230
30567 31852 32641
32243 31922 31699
32085 31970 32145
32000 32704 31041
31906 31356 32201
31843 32639 32056
31839 33141 31359
31264 32052 32253
31136 32773 31663
30914 33187 30902
30914 32935 31728
30739 33009 31569
30658 33302 30855
30499 31862 32635
32222 32371 31477
32189 32365 32010
32015 32469 31705
31969 31236 32305
31935 32787 31030
31626 31500 32254
31610 32430 32096
31363 32398 32233
31270 32493 32088
31210 31195 32401
31150 31704 32490
31129 31020 32504
31098 33145 30959
31087 32003 32333
30698 33207 31355
30649 31934 32460
32590 32417 31115
32524 31747 31530
32196 32288 31535
32007 32668 31010
31966 32769 31863
31964 31995 32052
31909 32245 32116
31873 33120 31515
31593 31933 32272
31502 33346 30739
31495 32465 32137
31367 31545 32387
31200 33177 30904
31199 32466 32280
31186 33598 30506
31165 31824 32389
31157 31837 32293
31103 31801 32429
31037 32179 32412
31013 31073 32650
30839 33285 31313
30564 32184 32429
