1418 157.07
19064 18425
19041 18506
18964 18665
18963 18735
18935 18786
18959 18765
18990 18657
19029 18608
18923 18836
18900 18939
18941 18781
18991 18649
18731 19176
18814 19074
18756 19125
18684 19218
18767 19122
18341 19552
18864 18988
18842 19050
18812 19096
18777 19120
18853 19034
18840 19056
18795 19099
18748 19135
18671 19241
18590 19352
18868 18974
18490 19441
18656 19305
18357 19548
18456 19478
18672 19234
18597 19351
18480 19473
18872 18958
18350 19551
18278 19626
18330 19588
18300 19592
18299 19607
18202 19666
18739 19155
18333 19574
18606 19350
18423 19539
18552 19418
18230 19661
18338 19572
18274 19630
18569 19386
18717 19184
18702 19204
18694 19216
18429 19516
18170 19681
18509 19440
18447 19493
18167 19683
18261 19642
18141 19718
18297 19621
18614 19321
18162 19710
18678 19221
18109 19731
18056 19748
18049 19784
18073 19736
17730 19936
17721 19940
17985 19830
18371 19540
17978 19869
17854 19921
17766 19926
17639 19986
17863 19899
17984 19839
17686 19960
17936 19882
18025 19811
17256 20125
17755 19928
17582 20017
17364 20081
17690 19954
18018 19827
17308 20095
17933 19892
17857 19910
18043 19802
17646 19964
17268 20116
17621 19987
17482 20023
17592 20001
17252 20139
17198 20192
17155 20193
17133 20204
17100 20206
17098 20207
17281 20107
17030 20225
17096 20224
17003 20253
17439 20038
17024 20234
17296 20098
17249 20174
17140 20201
17434 20059
16962 20266
16923 20274
16862 20277
16835 20291
