837 158.876
14807 17366 15582 14701
16139 16305 15995 12830
13002 15919 15883 16185
15706 15862 12907 15835
15080 14814 17522 14581
15053 14737 14644 17510
17292 15800 15821 13593
16046 13519 16170 16299
15663 15766 13113 16099
15831 15797 12975 15641
15839 15340 17069 15054
13081 15851 16108 15848
15558 16279 13272 15920
15032 16086 13383 15951
15883 15512 13494 15529
16082 13597 16156 16302
13396 15693 15639 16588
13332 15423 15802 16687
15594 16229 13209 15916
15501 15529 16959 15278
13275 15388 15543 16702
13238 15245 15632 16718
16323 16165 16209 12991
16063 13639 16094 16228
13160 15841 15531 16624
14916 15426 14123 16849
16070 14230 16361 15862
16094 16231 16024 12922
15203 15043 17475 14731
15653 14389 16406 15630
16097 13541 16167 16280
13115 15563 15651 16619
15328 16029 13450 15923
15784 15472 17337 15084
13470 15822 15700 16436
16503 14047 16025 16049
15302 15360 13739 16463
15830 16144 16399 13334
15681 15646 13583 15962
16051 13705 16215 16290
15734 15886 13784 15652
15958 16486 15986 13203
14643 16867 15515 15120
15195 14982 17419 14796
13195 15519 15620 16670
16011 13673 16147 16372
15072 15276 17167 15241
14982 15165 17106 15262
15640 15860 13871 15529
14414 16653 15414 15181
15561 16256 13242 15823
15316 15829 14178 15876
15409 14974 15029 16821
16222 14069 16438 16140
15414 15316 17445 14601
15032 16914 15501 14949
17030 16039 16023 13388
16002 15088 16332 14808
13718 16182 15333 16387
15203 15254 13834 16287
16129 15137 16731 14699
14458 15273 15131 16967
14924 16996 15656 14921
15748 15490 17288 15105
15571 15527 16907 15296
17186 15395 15575 14102
15810 15334 17235 15214
16169 16276 16050 12866
14128 17351 15348 15027
14702 16584 14796 15286
14621 17036 15738 14968
13780 15860 14917 16690
15739 15281 17181 15216
16588 14090 16167 16037
14931 15010 14727 17410
17156 15434 15691 14134
14575 16902 15438 15160
15647 15895 13684 15423
16157 13940 16195 16191
16293 13963 16053 16156
14161 16048 15598 16368
15236 14890 14242 17213
15729 15481 17374 15090
15700 15843 14085 15452
13555 15653 15691 16221
13814 16035 15550 16486
16929 16067 15788 13622
14824 16210 14944 15444
16234 13877 16161 16143
16027 14113 16452 16168
16876 15989 16240 13499
14751 16377 15870 14899
15525 15339 17387 14622
13597 15601 15721 16395
14243 15454 15424 16131
14502 16883 15228 15305
16149 15112 16699 14547
14871 14706 14757 17437
15896 15318 14263 15198
15439 14833 14693 16951
16273 15592 16600 13863
15634 15677 13631 15795
15061 15064 14821 17388
13910 16259 15295 16080
15133 14740 17499 14681
16047 16300 15842 12898
13619 15683 15715 16116
16357 14203 16309 15817
14184 16580 15008 15468
16656 15779 15938 14483
15069 17337 15456 14460
16374 15464 16266 14426
14904 16947 15695 14884
15551 15878 13940 15684
15384 15825 14302 15942
13440 16413 15398 15708
15686 15493 16838 15093
15863 16246 16071 13165
16472 15354 16198 14455
15184 14367 14759 17074
15974 14186 16495 15722
14965 15130 17093 15291
14896 17280 15601 14745
15798 16320 16079 13453
15536 16551 15782 13022
16037 13804 16246 16276
15563 15760 14358 15890
15029 16728 15659 14832
15916 15477 16803 15146
16842 16014 15539 13771
16518 14622 15693 15479
15364 15371 13727 16508
15465 14744 15244 16743
15012 14862 15228 17154
16411 13820 16177 16177
15277 14545 14494 17348
15741 15799 13649 15460
16824 15939 15880 13690
15103 15404 14901 16798
14953 16671 15076 15270
16432 13981 16179 16066
15771 15426 17273 15129
17244 15537 15490 13944
14820 17325 15285 14488
15592 15631 13616 15834
16362 14805 14966 15398
15000 17269 15560 14710
13946 16796 15201 15355
16556 13990 16146 16104
16112 14025 16223 16214
14985 16812 15761 15039
16674 15624 15531 14568
15589 15643 13985 15589
15039 14656 14657 17475
15254 14939 14993 16919
15154 14671 14701 17367
15507 13896 16290 16429
15613 14611 14581 16994
15757 16385 16067 13154
13683 15595 15685 16217
15617 15757 14067 15547
15121 16601 14568 15114
15418 16058 13417 15912
16693 15608 15909 14533
14136 16111 15454 16479
16580 15508 16499 14331
15774 15377 14015 15466
14811 16782 15533 15143
14405 16441 15592 15334
16439 14825 16140 14660
16210 13776 16060 16263
14936 17190 15719 14768
16710 15815 15831 14406
15860 15674 13700 15729
15114 17208 15574 14654
13871 16194 15259 16542
15981 16159 16018 13070
17228 15458 15607 14021
14485 16650 15371 15170
15563 15618 14328 16018
14566 16395 14887 15391
13742 15609 15092 16708
14121 17301 15429 15132
16810 16122 16126 13480
14588 16829 15466 15152
14045 16113 15476 16373
15374 15207 14532 15668
16023 13728 16103 16296
16980 16047 15776 13541
15482 15433 16881 15314
15879 16326 16016 13309
15872 16356 16054 13109
13732 15778 14987 16686
15496 14796 14614 17032
16988 16081 15930 13461
15486 14928 15216 16760
17048 15571 15755 14078
14537 16321 14894 15507
14091 17139 15383 15204
15945 16367 15914 13429
14997 14668 14683 17499
16252 13756 15886 16316
15034 17156 15675 14682
17267 15511 15549 13915
15214 15790 14388 16253
15045 17072 15616 14634
13886 16093 15306 16647
15160 15305 13918 16350
15289 14542 14284 17339
15854 14340 16443 15746
15180 16619 15710 14642
15938 14163 16413 15765
16109 13861 15863 16249
14110 16209 15311 15608
16166 13740 15896 16415
15966 16349 15894 13122
14063 15666 15144 16611
14729 17043 15622 14991
16380 14246 16193 15935
15323 14412 14677 17110
13790 15891 15644 16382
15406 15585 16951 15220
15098 16537 15769 14836
15163 14415 14767 17060
15667 15600 16831 15138
16499 15705 15983 14268
14658 16846 15267 15156
15908 16250 15946 13250
13536 15663 15674 16210
13841 15947 15430 16624
14221 15820 15283 16583
15719 15553 14424 15773
16479 15541 16186 14294
15553 14964 15208 16749
16101 13921 15922 16309
15673 14017 16339 16201
14548 16332 15441 15212
15299 14455 14788 17004
15929 15103 16785 14766
14927 17247 15646 14604
15060 16966 15558 14925
15930 16284 16010 13091
16486 14769 15671 14676
15501 15849 14051 15603
15265 14747 14447 17331
17216 15538 15615 14039
14855 15282 14746 17060
15872 16454 15956 13219
15171 14591 14715 17330
15156 16704 15807 14321
15813 15485 16753 15203
14776 16744 15317 15243
17014 15560 15794 14091
17075 15584 15694 13983
14475 15248 15051 16956
16778 16020 15460 13673
16527 14635 16087 14612
14904 16763 15624 15049
13862 16288 15320 16569
15138 14660 14586 17459
15468 14608 14560 17159
15347 14943 15066 16892
15784 16422 15870 13260
16761 15866 16073 13692
16353 14447 16231 15983
13925 16127 15519 16331
15366 16514 15520 13359
16299 14949 15096 15438
16399 15488 16305 14370
14025 16077 15401 16602
14313 15713 15171 16501
15600 14648 14580 16970
14671 15789 14971 15692
16645 14005 16144 16023
15567 16366 16000 13363
16190 15658 16436 14168
15920 16176 16298 13472
15005 16712 15816 14851
17147 15518 15599 14187
14600 17112 15664 14963
14868 17047 15741 14936
15419 15996 14411 15698
14262 15853 15205 16529
13653 15700 14807 16714
16011 14332 16388 15761
15457 15894 13807 15571
16464 15538 16565 14221
15592 15902 13911 15519
16075 13789 15852 16338
16442 14487 15936 15563
16046 14134 16446 15738
16943 15806 15919 14227
13510 15645 15674 16417
14196 16063 15341 16106
15950 15942 16469 13559
16329 14565 16093 15455
15777 14986 14556 15655
14647 16987 15703 15003
14763 17091 15592 15067
15845 15606 16681 15321
16853 16106 15963 13511
15224 15218 14929 16764
14613 16475 14862 15366
15586 14423 14620 17064
13995 16642 15220 15400
16585 16096 15969 13608
16570 15432 16369 14344
15106 15260 15254 16674
15352 14720 14665 17092
14324 16822 15365 15270
15702 15924 15522 14254
14946 15001 15188 17279
13439 15600 15610 16466
16258 15185 15093 15407
16902 15961 15800 13573
16063 14281 16320 15769
15399 14732 14481 17309
16598 15937 16191 13765
16644 15684 15738 14511
15718 15722 16631 13899
16016 16191 15951 13060
15977 15973 16425 13639
16306 13842 16013 16165
15481 15949 13801 15404
16629 15631 15974 14311
15760 14306 16286 15765
15231 16066 13402 15939
14504 15274 15021 16931
15605 14509 15488 16651
15447 14356 14631 16860
15088 16593 15652 14886
15938 16196 16020 13036
15990 14258 16424 15749
14520 15371 15097 16907
15682 15595 14345 15991
15021 16542 14599 15192
16853 15875 15571 13747
14763 16973 15623 14979
17137 15502 15694 14128
16773 15414 15855 14575
16428 14527 16088 15377
15841 16217 16036 13401
15821 14776 14733 16241
15984 16436 15815 13227
14883 15233 14885 17142
13986 16134 15407 16407
14757 15299 14626 17104
14298 16558 15114 15381
14357 16555 15276 15378
16186 14150 16231 16074
15292 14759 14569 17166
17063 15698 15752 14157
16172 15836 16422 13704
16701 15979 15560 13801
15660 15720 13583 15710
16077 14497 16180 16096
14077 16113 15306 16449
16494 15576 16343 13962
14923 15317 14838 17025
14623 15179 15609 16083
15578 14537 14396 17213
15271 14574 14544 17282
15244 14908 15359 16491
15446 14863 15151 16866
14668 16841 15258 15233
15819 16295 16171 13238
17201 15321 15622 14064
17004 15846 15859 13668
15651 14357 16458 15803
15598 15476 16780 15259
16254 15743 16480 13906
15370 14714 14536 17244
15022 17175 15624 14697
15171 16524 15635 14703
13968 16402 15170 15643
14663 15237 15022 16786
14865 16693 15467 15156
16241 15591 16531 13960
14990 14908 14680 17429
16383 15730 16392 13830
16339 15610 16586 13878
16281 15169 15078 15537
15887 16282 15941 13298
16154 15214 15053 15556
15813 15538 17236 15085
14336 16004 15448 16005
14978 17322 15578 14614
17106 15578 15730 14013
14106 15664 15183 16667
14940 17062 15656 14693
15155 16506 16116 14781
16459 15917 15798 14364
13640 16259 15756 16042
14244 16027 15405 15970
16315 15590 16556 14068
15332 14985 15131 16877
15027 17225 15574 14757
15207 14878 14658 17005
14774 16622 15381 15250
15359 15289 14592 15896
16605 15703 16031 13727
14984 15159 14792 17084
14906 15075 15201 17263
15012 17115 15566 14802
15449 14595 14614 17183
16978 15748 15842 14129
14390 15518 15041 16452
14861 15098 15273 17231
14924 15195 14857 17050
15631 15905 16291 13657
15423 14661 14503 17111
14942 15027 15191 17256
15290 14903 15225 16640
16388 14264 16063 15514
15396 14686 14641 17071
15813 16189 16378 13416
17122 15609 15673 14236
15947 15127 16580 14880
15005 14915 15014 17262
16728 15857 15901 14348
13975 16742 15117 15484
16539 14143 16207 16040
16791 15961 15568 13838
14683 17307 15708 14797
14027 16464 15088 15689
13666 15458 15732 16257
15455 14724 15087 16771
15773 15345 13960 15520
16889 15845 15973 14144
15354 14785 14468 17179
14865 17226 15845 14961
16065 13907 16065 16308
16680 16103 15859 13520
16195 14581 16045 15517
15804 16272 15985 13501
16540 15900 15614 13969
15200 16451 15482 14786
14648 17094 15639 15011
15682 15706 16715 13925
15437 16427 15485 13279
15491 16404 15365 13282
16956 15863 15550 13722
15555 15547 16891 15264
15660 15113 14621 16523
14284 16563 15132 15500
14096 16170 15370 16421
16737 14484 15625 15582
15094 17256 15602 14655
15823 15911 16268 13714
16283 15610 16548 13908
14890 15058 15145 17341
15956 15992 16469 13484
16015 14280 16317 16317
15540 15897 14022 15254
15032 15567 14151 16254
15310 15267 16952 15283
16892 15933 15863 13650
15546 15813 13981 15495
16202 15966 16130 13925
14737 16233 14496 15488
16616 15468 16293 14384
13958 16093 15299 16557
16243 15769 16514 13934
14002 16201 15223 15916
16798 15775 15833 14387
16745 16007 15926 13788
14683 16749 15351 15357
14897 15039 15107 17320
16079 15699 16621 13849
16417 15390 16220 14403
17058 15957 15784 13515
16021 14320 16308 15717
15520 16032 16126 13595
17098 15604 15686 14184
17139 15465 15700 14049
15718 16339 15944 13527
15017 16660 15681 14628
15297 14728 14522 17167
14293 16050 14912 16012
14856 16751 15470 15082
16049 15398 15139 14865
15841 16304 16107 13128
15680 15654 13688 15811
14743 15016 15021 17359
16951 15567 15744 14183
15948 15715 16568 13812
14015 16000 15502 16429
14772 15190 14836 17218
15209 15756 14426 16204
14273 16010 15099 16026
15285 15763 14225 16149
16342 14439 16285 15969
15043 16500 15687 14856
15769 15671 16664 14986
16612 15775 15991 13742
15942 13835 16039 16401
15391 14874 15278 16566
14995 15064 15126 17293
16370 14261 16259 15939
15161 14464 14813 17104
