85 4.91823
23626 20874 22775 22192
23251 20297 22469 22550
20870 21786 22694 22075
21900 21232 23659 21199
21348 22674 21561 22636
21231 20404 21491 23537
21319 21834 23071 20814
21838 22151 21089 22941
23577 20528 22821 22020
23424 20796 22716 22242
21450 21855 23041 20896
22841 21508 23059 20994
22752 20493 22533 22696
20907 22066 22607 21792
20978 22006 22741 21752
21054 21509 23068 22132
22498 20356 22926 22385
20975 21819 22754 22043
21177 20594 21492 23471
23315 20456 22397 22424
22138 22650 22120 22478
21519 21841 23001 20924
23338 20376 22421 22618
21317 20496 21403 23438
22643 21732 21914 21965
22722 20539 22502 22988
21442 21874 23011 21173
23090 21788 21825 21510
23119 20831 22851 22214
21366 22502 21282 22850
21726 22156 21181 22887
21068 22605 21434 22639
21117 21697 22650 22302
23189 20692 22821 22436
21284 22441 21465 22863
21823 21229 22027 23359
21423 22478 21346 22838
21615 21743 23272 21040
23163 21126 22223 22021
22411 22167 22054 21560
23336 20433 22310 22418
23368 20563 22665 22337
23421 20496 22289 22476
23249 20714 22481 22333
23229 20526 22476 22639
21982 21513 21845 22921
21830 22094 21255 23014
21437 22413 21348 22893
22229 21494 22793 21771
23384 20813 22862 22169
22238 21406 23099 21768
22156 21750 23234 21634
22921 20784 22755 22392
22614 21076 22937 21306
22818 21331 23080 21028
21398 21803 23166 21074
21229 21904 22813 21874
23279 20881 22389 22362
21544 20900 21557 23382
21832 21114 23434 21735
21608 22225 21635 23123
22984 20765 22629 22415
21821 22241 21320 22870
22911 21921 22015 21787
22191 22079 22365 21118
23295 20720 22758 22229
21969 21089 23545 21146
22202 21746 23197 21328
22675 20395 22517 22727
22890 21896 22032 21695
22210 21964 22458 21245
21909 22235 21153 22836
22024 22223 21128 22706
22079 21053 23592 21007
22828 20988 22695 22359
22634 20647 22617 22635
22876 20606 22720 22585
22355 21002 22608 22061
22768 21953 21881 21730
22185 21343 22353 22803
21384 21420 23149 22002
21362 21694 22946 21900
22333 21977 22332 21089
23219 20838 22337 22437
21463 21573 23314 21017
21110 21775 22775 22064
21190 21937 22974 21902
22971 20924 22448 22174
21696 22169 21214 22928
21252 21738 22871 22224
21510 21198 23409 21947
22499 22154 22110 21457
21903 21226 23518 21316
22122 20741 23550 21321
21294 22454 21534 22746
22654 20621 22582 22714
21213 20562 21407 23401
21785 21286 23412 21337
21544 22006 22556 21854
22056 21255 23635 20998
22338 20894 23304 21081
21816 21376 22091 23311
23111 21148 22373 21987
23039 20958 22003 22162
22788 21974 21955 21714
21433 20431 21364 23413
22109 22274 21638 22668
22760 21431 23172 21099
21193 22174 21416 23247
22909 21359 22500 22073
22280 21998 21616 22492
21967 21312 23421 21078
23299 20918 22472 22117
22974 20956 22445 22199
22062 21546 21488 22722
21532 22348 21447 23140
21279 22527 21595 22737
23015 21681 21831 21606
21626 22246 21906 22710
21158 22363 22414 21227
21222 22185 22638 21481
22138 21499 21927 23325
22486 21935 21719 22321
21526 21042 23389 21930
22051 21124 23482 21333
21521 20607 21306 23393
21568 20940 23608 21438
21488 22060 22575 21923
22995 20585 22928 22360
21766 21342 22108 23330
21567 20943 23567 21303
21126 21575 23153 22093
22763 20660 22584 22683
22373 22303 21868 21645
22674 21928 21901 21798
21719 21274 23461 21357
21932 21237 22244 23063
22470 22205 21989 21643
23369 20811 22618 22313
22398 21779 23191 21505
21759 21624 21766 23234
22271 21223 22890 21694
21665 22121 22257 22968
22885 20731 22850 22464
22493 21984 21986 21916
21063 22289 22609 21196
22553 21187 22931 21577
22533 21590 22989 21483
22956 21647 21738 21788
21295 21820 23249 21022
22633 21034 22360 22289
22310 22030 22391 21139
22818 21633 23136 20997
22545 22194 21925 21622
21280 21952 22762 22010
22513 22190 22078 21271
21765 22316 22100 22538
21690 22213 21377 23094
23187 20924 22472 22145
21839 21209 23466 21393
22811 20422 22823 22491
21327 22564 21560 22713
22337 21054 22615 22139
21921 22289 21570 22820
23028 21168 22067 22030
22804 20838 22646 22603
21255 21488 22961 22001
21316 22258 21536 22949
23028 20818 22703 22350
22111 22202 21231 22608
22973 20970 22527 22087
21270 21916 22804 21843
22053 21615 21821 22785
22999 20715 22689 22452
21805 21343 23353 21331
23375 20676 22557 22259
22600 21845 22224 21306
23060 20962 22603 21986
21592 22336 21494 23186
21350 20685 21404 23420
21496 21931 22995 20915
21301 22523 21243 22826
22036 21516 21792 22878
22088 21261 23505 21301
21318 21857 23193 20901
21760 20875 23625 21442
21151 21384 22916 22102
22210 21653 23287 21297
21075 20755 21685 23428
21153 20674 21637 23463
22524 20617 22636 23055
21249 21502 23416 21102
22090 20899 23366 21228
21082 22352 21502 23155
21951 21332 22157 23177
21806 20857 23383 21743
22290 21441 22681 21740
23055 20870 22795 22250
21655 22279 21755 22599
22972 20753 22810 22560
21794 22107 22254 23176
22407 21555 23101 21666
21727 20854 23111 21812
21695 22199 21132 22928
21948 21515 22373 23041
22688 21139 22509 21951
21793 22074 22431 21367
22426 21027 22829 21643
21708 21622 21960 23268
22446 22095 22319 21161
22709 22141 21689 21577
22532 22042 22274 21595
21685 21158 23330 21850
21407 22570 21566 22603
23312 20552 22192 22483
22496 21177 22992 21633
21888 21321 21942 23303
21584 22387 21425 22951
22702 21583 23120 21003
21841 21240 23258 21412
21813 21496 21943 23211
21266 21592 22901 22193
22215 20830 23368 21370
21412 21656 23279 21212
22073 21481 22253 22579
22384 21871 22294 21496
21183 22424 22426 21220
22147 22133 21551 22628
21574 21297 23320 21502
22627 22137 22132 21816
21799 21540 21962 23292
22943 21897 21633 21400
23027 21251 22237 21830
22694 20849 22714 22529
21399 22506 21374 22825
22570 21007 22406 22283
21770 21206 23394 21411
22035 21412 21956 22972
21322 22423 21221 23001
21222 21769 22706 22182
22254 21449 22945 21732
23086 20424 22903 22186
21979 21397 22041 23162
22207 20904 23313 21418
21814 22529 21629 22718
21943 21053 23572 21204
22156 21761 23236 21403
21375 21581 23404 21279
22057 21560 21809 22837
21641 22215 21144 22947
22516 22052 21973 21834
21811 22144 22206 23098
22186 20938 23544 21170
23262 21005 22380 22086
22125 22054 21783 22487
21159 22415 21581 23077
22580 21120 22895 21502
21506 22408 21375 22945
22172 22046 21582 22363
21882 21018 23262 21423
22438 21576 21723 22075
22905 20757 22720 22520
21994 21494 21982 23281
21347 21754 22591 22029
21753 21677 21832 23287
21229 22085 22491 21904
21634 21976 22480 21236
23251 20789 22444 22358
22003 22332 22204 22462
21143 21959 22724 21837
22664 21641 21776 21870
22086 21474 22133 22754
22996 21153 22083 21997
21641 22195 21820 22768
21318 22111 22651 21706
21683 21976 22345 23090
22256 21971 21674 22404
21985 21006 23447 21429
22318 21527 22905 21674
22030 21812 22194 22276
22170 21431 21947 23041
21856 22452 21649 22511
21169 22519 21525 22757
21403 22586 21508 22685
22537 22203 21992 21759
21414 22432 21489 22965
22069 22263 22426 22155
21721 22536 22228 22482
21900 21601 22040 22883
21310 21461 23072 22034
21685 22275 21300 22872
22164 22240 21861 22393
23071 21834 21818 21572
21658 22173 22181 22953
21238 22115 21491 23202
21097 21418 23011 22151
22562 20847 22906 21570
21358 21658 22682 22272
21687 22435 22216 22531
21454 22030 22582 21955
22585 22154 22117 21285
22026 21148 23539 21302
21334 21514 23264 21304
21912 21615 22185 22598
22325 21538 22678 21728
22069 21264 23452 21157
22660 22039 21701 21793
21809 22213 21860 22594
21405 20669 21756 23391
21206 22179 21523 23195
21898 22397 21598 22652
22039 21580 21875 22692
21871 21207 23431 21324
21716 22544 22132 22452
21370 22601 21659 22584
22987 21133 22401 21618
21085 21805 22827 21981
21529 21149 23361 22022
22319 21562 22583 21865
22284 21294 22232 23010
21220 21931 22833 21692
23261 21120 22526 22138
22302 21785 23162 21370
22004 21874 21234 22818
21187 22168 21509 23301
21489 22218 22561 21408
21737 22384 22165 22501
21071 21831 22839 21926
21873 21937 22319 22772
23224 20789 22572 22488
22205 20678 23506 21208
21770 22008 22339 23134
22394 21569 22715 21652
22595 22222 22077 21432
22206 22063 21558 22377
21983 21214 23414 21348
22155 22178 21550 22497
21148 21838 22921 21908
22837 20786 22677 22552
22645 20759 22755 22622
22495 21623 21668 21980
22511 21302 22684 21502
23072 21237 22168 21948
22768 20792 22733 22496
21961 22048 22173 22751
21832 22489 21704 22549
22832 20838 22646 22407
22559 22077 21733 21818
22383 21897 22144 21653
21990 22299 21727 22816
22050 21213 23299 21339
21293 21790 22631 22108
21812 22147 21252 22941
21083 22118 22729 21716
21195 21853 22659 22215
22143 21826 22082 22184
22684 20912 22506 22531
21881 21014 23415 21495
21595 20914 23407 21871
22068 21753 23058 21694
21908 21796 21997 23151
21419 22014 22592 21868
21142 22288 21648 22855
22016 21855 22937 21447
21768 21518 22097 23291
22490 22017 22157 21600
22348 21390 22235 22999
22350 21426 22189 22815
21201 22300 22586 21437
22419 21164 22997 21566
21175 21583 23126 22013
22263 21900 22298 21163
22029 21461 21937 22816
21612 20825 23297 21908
22554 21851 21979 21845
22045 21509 21646 22859
22944 21131 22294 22112
21948 22584 21522 22809
22124 20849 23564 21140
22198 22037 21761 22246
22122 21129 23329 21302
22024 21798 22930 21373
22021 22139 22143 22335
22261 21620 23135 21586
21324 21511 22864 22307
21208 22518 21635 22687
21943 22044 21653 22828
22345 22163 22222 21163
21153 22232 21445 23306
21971 21572 22312 23051
21890 21364 23409 21206
22830 21931 21772 21664
21732 22347 22296 22575
21295 22490 21676 22580
22171 22419 21776 22428
21768 22150 21743 22813
22382 21461 22631 21676
22176 21495 21676 22840
22278 21533 22691 21668
22367 21592 23263 21316
21837 21208 23472 21409
22887 21044 22273 22159
22706 20865 22686 22550
22496 21999 22046 21848
23015 20814 22447 22519
21961 22079 21441 23060
22440 21403 23130 21446
21757 21295 22259 23235
22456 22047 22000 21834
21912 22334 21603 22661
21837 21463 22233 23258
21074 22159 22633 21610
22638 20547 22664 22873
21850 22191 22072 22559
22455 21936 22057 21920
22195 22087 21574 22456
22638 21919 21907 21805
21691 22371 21647 22808
21153 22375 21710 22839
22884 21464 22950 21002
21845 21396 22238 23144
22167 22340 21782 22284
21745 21225 23460 21440
21159 21661 22514 22251
22184 21534 22844 21808
21816 22320 22037 22512
21613 21799 23168 21009
21253 21677 22954 21824
22311 21569 22345 21799
21932 21342 22090 23092
21901 21030 21954 23285
22278 21579 22155 22163
22167 22163 21521 22706
21149 21855 22667 22167
21991 21472 22261 22584
22268 21046 23457 21201
22421 22120 22191 21149
21082 22168 21527 23149
21739 20914 23570 21244
22679 21664 21665 21808
21932 22379 21553 22545
21427 22285 22603 21847
21271 22016 22657 22185
21210 21496 22911 22311
21453 21675 23393 21101
22618 22146 21943 21597
21097 22043 22685 21601
21704 21416 23297 21277
21171 22335 21604 22872
22055 21668 22231 22250
21793 21160 23453 21509
21690 22544 22028 22506
21902 21389 22314 23086
22708 22010 21710 21797
22413 21743 22929 21450
21860 21575 22222 23053
22255 22152 21365 22505
21871 22118 22264 22944
22215 21455 22207 22724
21732 21544 22054 23203
21359 22186 22630 21585
22151 21559 22296 22514
22375 22074 22203 21354
22078 21789 23158 21408
21890 22334 21578 22856
22265 21539 22395 22555
21880 21624 22198 22971
22450 21798 22195 21615
22195 21967 22179 21692
22213 21443 22377 22684
22425 22240 22055 21289
21735 22335 21660 22670
21702 22195 22054 22644
21433 22379 21490 23085
21849 22168 21426 22883
22560 21164 22961 21405
21148 21741 22718 22041
22204 21919 22208 21808
21707 22415 22257 22321
22571 22282 22180 21171
21841 22347 21658 22586
22306 22078 22106 21826
22375 21300 23004 21692
21418 21781 22930 21983
22882 20826 22762 22452
21697 22344 22237 22598
21880 22394 22379 22492
21220 22397 21647 22751
22456 21448 23133 21431
21735 22439 22108 22581
22443 22088 22238 21200
22497 22283 22106 21286
21761 22148 21740 22951
22452 21930 22032 21924
21897 21161 23571 21201
22065 21502 21758 22650
22149 22033 21561 22635
21983 22320 21563 22596
22200 22064 22291 21337
22170 21464 22383 22725
