17 0.535349
7937 8067 7192
7808 7767 7630
7618 7978 7679
7398 7792 7969
8049 8023 7234
7820 7519 7780
7793 8040 7234
7411 8251 7092
7989 7692 7500
7980 7757 7338
7969 7966 7374
7783 8031 7443
7767 7525 7820
7720 7942 7791
7651 7642 7862
7608 8161 7091
7592 7711 7925
7587 8028 7800
7583 7757 7929
7537 8042 7840
7436 7910 7854
7180 7635 8122
8238 7721 7366
8037 7821 7272
7924 7591 7689
7918 7702 7450
7903 7745 7570
7872 7844 7516
7753 7562 7920
7747 7647 7699
7739 7938 7596
7735 7999 7650
7710 8147 7307
7701 8056 7313
7700 8024 7444
7677 8026 7596
7590 7351 8003
7566 8105 7524
7534 8230 7647
7529 8100 7812
7512 7418 8021
7501 8156 7676
7492 8199 7763
7485 7738 8119
7355 7809 7867
7034 8231 7424
