354 8.59111
17201 16952 18014
17300 17219 17605
17240 17563 17812
17207 17430 17980
17152 17468 18198
17295 17284 17848
16645 17123 18589
16886 16908 18600
17084 17204 18267
17328 17406 17405
17131 16996 18333
17325 17605 17562
17271 17600 17803
17186 17345 18088
17239 17632 17947
17275 17362 17820
17253 17554 17909
16592 17214 18702
17172 17560 18143
16697 17886 18327
17300 17704 17603
17270 17641 17648
16987 17548 18348
17123 17595 18099
17220 17777 17863
17042 17798 18100
17153 17849 17458
16719 18016 18224
17104 17680 18039
17062 17814 18010
17038 17833 18093
17019 17331 18412
16421 18285 18029
16660 18146 18071
16746 17958 18208
17061 18009 17794
16593 18211 18031
16356 17987 18417
16693 18041 18225
16922 17875 18110
16737 17919 18315
16621 18200 17908
17148 17791 17747
17120 17922 17705
16505 18006 18364
16585 18373 17738
16894 18218 17853
16894 17827 18324
16332 18276 18068
16813 18037 18075
16701 17792 18437
17222 17806 17651
16761 17954 18266
16705 18183 17940
16629 18293 17737
16908 17826 18384
16554 18257 18104
17189 17686 17908
16826 18127 17986
16744 18088 18172
16491 18335 17901
16433 18012 18354
17085 17923 17753
16978 18246 17779
16437 18011 18348
17080 17943 17883
16887 18022 18058
16685 18354 17695
17116 17613 18038
16677 18164 18064
16516 18183 18140
16784 18043 18086
16794 17862 18225
16672 17969 18279
16545 17913 18453
16997 18111 17767
16485 18131 18222
16746 18112 18058
16434 18354 17876
16842 17938 18171
16927 18152 17967
16609 17805 18563
16912 17865 18135
16472 18222 18290
16422 18326 17998
17064 17805 17931
16958 17673 18326
17100 17763 18161
16817 17951 18211
16460 18057 18330
16517 17925 18469
15966 17844 18577
16606 17926 18409
16166 18392 17917
16662 18043 18197
16609 17576 18598
16774 18063 18084
16036 18358 18059
16179 18405 17852
16924 17835 18215
16425 17738 18626
16411 17910 18508
16963 17918 18024
16796 17974 18151
16855 17950 18070
17027 17828 18295
16828 17523 18554
16775 17999 18130
16967 17843 18109
16226 18357 18018
16617 18195 18003
16366 18362 17987
17231 17689 17734
16627 18131 18151
16723 18117 18106
16526 17993 18404
16308 18243 18182
17220 17798 17694
16648 17784 18448
16129 18398 17856
16590 18283 18044
15900 17930 18598
16918 17921 18129
16340 17855 18551
16313 17924 18523
16186 18397 17838
16750 18160 18045
16722 18024 18181
16887 17921 18139
16669 17981 18407
16552 18115 18162
16754 17883 18298
16413 18469 17721
16669 18199 17952
16446 18065 18336
16481 18258 18054
16821 17948 18190
16734 18259 17878
16687 17931 18329
16606 18284 17936
16288 18326 18056
16712 17925 18275
16656 18186 18020
17206 17682 17970
16727 17733 18531
16421 17839 18480
16938 17677 18532
17156 17602 18005
16471 17952 18410
16301 18085 18318
16862 17853 18249
16785 18069 18038
16708 18092 18137
17056 17858 17914
16771 18075 18025
16883 18126 18000
16470 17912 18470
16354 17999 18371
16823 17977 18083
16781 17862 18377
17135 17892 17842
16478 18180 18200
16595 18193 18102
16211 17999 18399
16618 18183 18095
16185 18120 18308
17000 17957 18000
16202 17932 18529
16945 17775 18304
16657 17983 18255
16472 17663 18641
16917 17722 18385
16234 18311 18067
16763 18272 17796
16413 18376 17936
16067 17933 18499
16942 17852 18202
17043 17746 18260
17112 17659 18042
16889 17702 18387
16728 18001 18237
17007 17648 18344
16946 17733 18337
16729 18033 18176
16311 18075 18312
17038 17442 18271
16539 18164 18117
16779 17931 18249
16307 17692 18715
17003 18054 17887
16951 18029 17958
16874 17930 18180
16452 18267 18060
16360 18240 18245
16659 18066 18245
16649 18054 18345
16586 18312 17871
16535 18311 17969
16420 17927 18481
16877 17851 18418
16537 18067 18208
16446 17932 18464
