73 4.16137
7332 7470 7707 6963
7308 7089 7624 7281
7490 7081 7482 7178
7326 7291 7525 7161
7170 7148 7669 7303
7369 7106 7874 7052
7253 7179 8122 6833
7007 6969 7975 7156
7261 7072 7648 7276
6971 7382 7231 7396
7796 7345 7617 6956
7353 7347 7273 7243
7345 7073 8137 7062
7219 7340 7259 7257
7188 7311 7851 7008
7001 7750 7358 7133
7793 6802 7425 7176
7788 7089 7700 6861
7307 7085 7691 7238
6938 7755 7364 7096
7070 7353 7382 7362
7773 7429 7574 6525
7201 7428 7361 7235
7203 7677 7424 7103
7159 7317 7262 7329
7682 7666 7495 7024
7086 7274 7373 7357
7495 6744 8083 6565
7487 7822 7383 6681
7374 6971 8101 7064
7250 7444 7895 6970
7162 7565 7209 7130
7730 6669 7709 6839
7612 7772 7297 6561
7338 7400 7476 7174
7164 7923 7679 6777
7716 7733 7384 6486
7319 7195 7890 7020
7235 7092 7690 7233
7795 7656 7302 6104
7501 7716 7325 6755
7473 7960 7097 6685
7398 6890 8025 6910
7149 7311 7462 7237
7060 7569 7531 7301
6840 6961 7600 7497
7706 7379 7560 6856
7666 7547 7530 6848
7648 7971 7458 6276
7588 7660 7620 7122
7312 7230 7393 7244
7253 7142 8171 7055
7724 7417 7253 6912
7549 7883 7630 6307
7236 7335 7560 7232
7230 7254 7302 7407
7028 7364 7249 7420
7860 7467 7468 6737
7786 7788 7354 6026
7399 7685 7415 7022
7291 7222 7467 7214
7219 7346 7531 7141
7118 7339 7893 6982
6982 7636 7622 7002
8000 7074 7657 6271
7496 6716 8088 6452
7458 7200 7833 7042
7427 7771 7241 6704
7361 7624 7643 7025
7069 7564 7301 7207
6896 6653 7450 7523
6887 7576 7619 7234
7433 6817 7198 7370
7909 7549 7543 6294
7705 7483 7706 6572
7672 6402 8019 6773
7640 7600 7665 6537
7178 7160 8034 7151
7147 6874 7919 7325
6843 7269 7493 7394
8054 7377 7629 6180
7906 7533 7228 6635
7669 6735 7481 7160
7437 7386 7521 7164
7266 6884 7505 7400
7089 7993 7949 6791
7010 7162 7831 7263
6968 7685 7247 7337
7757 7672 7307 6422
7669 7429 7969 6204
7582 7470 7720 6848
7010 7110 7845 7356
7523 7724 7660 5980
7521 7968 6982 6707
7514 7633 8002 6947
7473 6927 8107 6727
7453 7455 7624 7002
7420 7057 7605 7319
7328 7690 7055 7120
7319 7167 7416 7235
7229 7590 8008 6470
7096 7386 8196 6708
6738 7401 7799 7016
7913 7686 7573 6072
7682 7215 7943 6819
7504 7485 7451 7145
7413 7806 7680 6734
7382 7051 7615 7326
7353 7064 7979 6986
7259 6981 7305 7377
7222 7207 7631 7217
7213 6757 8224 6896
7171 7485 8071 6432
6985 7330 7769 7239
6850 7317 8054 6844
8055 7368 7567 5970
7945 6646 7719 6783
7492 7012 7922 7001
7194 7351 7582 7235
7111 7423 8167 6344
7038 6805 7443 7471
6849 7200 7339 7415
8054 7368 7399 6606
7777 6869 7496 7085
7757 7523 7623 6577
7678 7547 7667 6190
7633 7151 7414 7184
7547 7189 7522 7126
7330 7251 7777 7107
7241 7250 8182 6492
7012 7981 7306 7187
6595 7260 7333 7438
8013 7507 7276 6429
7674 7843 7511 6267
7546 7141 7438 7233
7532 7328 7694 6961
7477 7021 7536 7267
7469 7130 7717 7136
7321 7163 7519 7177
7267 7267 8155 6703
7205 7546 8034 6718
7154 7564 7655 7149
7151 6525 7485 7537
7106 7654 7742 6762
6921 7707 7555 7013
8182 7585 7239 6501
7927 6670 8084 6611
7868 7381 7559 6494
7705 7705 7030 6684
7497 7736 7653 6681
7444 7139 7085 7255
7356 6886 6849 7400
7257 7128 7516 7246
7218 7507 6939 7231
7193 7297 8223 6416
7142 7908 7665 6820
6940 8000 7720 6708
6920 7258 7146 7503
7971 7000 7712 6436
7871 7581 7224 6559
7770 7792 7378 5773
7530 7926 7633 6513
7515 7581 7666 6417
7497 6778 8051 6990
7394 7273 8049 6510
7388 7453 8102 6403
7281 6978 7338 7604
7130 7537 8110 6480
7058 8103 7046 6540
8096 6734 7479 6260
7855 7640 7219 6280
7682 7364 7824 5879
7658 7296 7802 6911
7630 6952 8007 7294
7585 7673 7145 6787
7529 6692 8036 7115
7500 7321 7326 7178
7432 7019 7019 7333
7403 7544 8082 6180
7391 7534 7398 7208
7091 6759 7521 7481
8015 6918 7578 6465
7668 7619 7223 7123
7513 7645 7894 6221
7500 7707 7481 6766
7420 6871 7407 7419
7112 6924 8169 7120
6952 6942 7440 7558
7892 7628 7469 6485
7886 7367 7069 6721
7824 7760 7010 6679
7806 7039 7753 6774
7589 7362 7758 6371
7513 7861 6478 6806
7481 7889 7804 6661
7433 6731 8061 6820
7398 6962 8435 6698
7302 7117 8009 7101
7152 6895 8223 6936
6809 7846 7628 7000
7737 6644 8007 6745
7725 6906 7159 7227
7572 7254 7682 7107
7562 6593 8088 6971
7383 7155 7326 7290
7370 7927 7203 6596
7353 7801 7529 7010
7295 6315 7206 7547
7283 7031 7717 7280
7222 8080 7143 6369
7179 7401 7829 7012
6888 6952 8239 7066
6872 7122 7163 7682
8128 7308 7297 6336
8109 7495 7282 5722
7398 7925 7619 6894
7290 6879 7376 7425
7202 7961 7543 6847
7187 6817 8016 7179
7157 7782 7820 6597
7022 6599 7814 7417
6982 7500 7559 7376
6547 7557 7724 6966
8153 7653 7001 6369
7790 7889 7102 6593
7724 7745 7187 6574
7717 6939 7494 6985
7626 7659 7774 6241
7565 7433 7753 6298
7379 6748 7344 7523
7225 7261 7598 7353
7211 7982 7013 6706
7089 7295 7334 7313
6982 6871 7860 7456
6912 6912 8046 7216
8108 7912 7238 6270
7992 6708 7785 6712
7923 6991 7813 6831
7919 7029 7959 6251
7849 7720 7291 5929
7683 6843 8163 6223
7362 7390 7142 7219
7349 7681 8006 6692
7280 6917 7677 7311
7228 6954 8183 6950
7217 7297 8053 7028
7101 7133 7929 7281
7092 6747 8262 6810
7077 7911 7956 6696
7055 6588 7546 7835
8303 7486 7159 5847
7923 7854 7253 5831
7837 7508 7371 6801
7722 7913 7425 6423
7671 6813 7964 6652
7534 7542 7256 7150
7531 7835 7129 6585
7470 7788 7031 6748
7469 7230 8061 6248
7236 7088 7773 7208
7041 7664 8101 6834
7041 7600 6799 7323
6959 6806 7395 7486
7768 7486 7169 6881
7749 7543 7116 6770
7647 7555 7569 6843
7497 7804 7115 6653
7490 7034 7893 7085
7439 7137 7167 7326
7439 6933 8013 6806
7358 7737 7951 6057
7263 7458 7855 6990
7174 7186 8082 6743
7136 7122 7156 7454
7111 7027 7181 7485
6898 7071 7822 7393
6875 6833 7790 7633
7924 7145 7555 6921
7781 7771 7224 6476
7763 7563 7155 6656
7747 7006 7143 7028
7600 7639 7518 6596
7427 7121 7462 7305
7401 7396 8122 6285
7396 7613 8131 6147
7378 6993 7870 7233
7233 7299 8128 6587
7024 6514 7583 7723
6955 6651 7682 7578
6927 7249 7673 7274
7972 7841 7259 6272
7961 7304 7918 6767
7948 7646 7145 6315
7682 7571 7206 7143
7630 7479 7741 6573
7559 7763 7211 6841
7506 7825 7207 6570
7483 6907 8124 6540
7383 7186 7965 6997
7362 7663 7977 6011
7185 6890 8029 7159
7094 7026 8460 6484
6866 6671 7539 7791
6643 7092 8449 6766
6562 6839 8141 7158
7935 7611 7191 6561
7792 8195 6985 6125
7734 7302 8016 6369
7647 7370 7318 7232
7539 7782 6928 6828
7496 7029 7887 7171
7453 8076 7786 6547
7077 7490 8069 6615
7071 6735 6945 7792
6966 6853 7031 7682
6733 6499 7666 7776
6619 7460 7702 7080
6569 7078 7647 7556
7985 7388 7520 6289
7828 7637 7610 5862
7685 7456 7683 6743
7626 7394 8052 5926
7610 7930 6824 6361
7610 7850 7155 6524
7551 7666 7693 6152
7485 6607 8334 6435
7428 7149 8332 6789
7360 6447 7951 7315
7228 6888 8228 6883
7227 7738 7960 6038
7170 7759 7392 7039
7129 6964 7750 7320
7117 7316 7676 7127
6962 7890 7655 6903
6753 6677 7665 7796
7974 7515 7576 6267
7787 7566 7510 6260
7774 7100 7205 7001
7612 7688 7066 6842
7499 7218 7407 7151
7380 7168 8167 6209
7297 7252 7877 7171
7294 7867 7712 6983
7250 7187 7665 7450
7238 6898 8084 7078
7132 6547 7379 7547
7036 7225 7606 7282
6871 7595 7463 7230
6611 6783 8143 7133
7953 7403 7012 6738
7913 7698 7208 6352
7888 7095 8080 6624
7857 6560 7299 7201
7822 7367 7781 5912
7813 7705 7079 6489
7752 7919 7288 6484
7649 7027 6933 7183
7627 7730 7093 6812
7560 7935 7452 6486
7461 7824 7812 6270
7350 7257 7860 7058
7342 7555 7436 7184
7109 7481 6999 7280
7080 7044 8315 6868
7077 7043 7365 7627
6878 7092 8058 7274
6738 6730 8049 7672
6736 7775 7340 7066
6670 6685 7271 7740
6566 6901 8181 7136
7937 7999 7038 6277
7818 7736 7248 6290
7716 7182 7735 7129
7432 6892 8128 6599
7420 7635 7651 6726
7412 6407 6939 7468
7398 7429 7761 7078
7396 7457 8032 6491
7392 6525 7464 7373
7292 7946 6999 6796
7179 7757 8028 6618
7163 7400 8125 6245
7115 8206 6994 6325
7052 7322 7172 7367
6940 7080 6912 7491
6513 7215 7289 7784
