86 5.05288
21767 21191 24039 21376
22022 22898 22084 22036
22393 22331 23674 20950
21400 20414 21564 23586
22240 19914 21950 23029
21824 20996 21140 22885
23534 20427 21418 21627
21139 21364 22846 22908
22074 20131 21983 22922
21376 20477 21395 23477
21273 20546 21905 23388
21943 22002 22935 22545
21444 20628 22056 23362
22272 22840 22141 22073
23476 20235 21478 21696
23394 20445 21289 21743
21319 20365 21623 23540
22398 22091 23599 20981
23109 21281 21247 21813
21305 20431 21420 23524
21878 20157 22047 22883
22882 20657 21990 21072
21539 20913 22179 23307
22089 22642 23720 21188
23368 20331 21457 21903
21866 20637 21424 23207
21459 20317 21472 23465
21484 20339 21423 23442
22944 20733 21883 21163
23146 21292 21177 21791
21767 21319 24005 21473
21992 20212 22012 23013
22141 20065 21803 22925
21705 22182 22403 22588
22366 22026 23573 21142
23446 20524 21321 21615
22604 21929 22437 21996
21369 21397 22901 22844
21330 20383 21697 23474
22620 21916 23512 21100
21632 20919 22161 23255
22528 21716 22498 22284
23088 20835 21830 21983
21946 22067 22927 22450
23288 20528 21360 22014
22424 21900 23593 21024
22080 22428 23613 21452
22449 21446 23518 21207
21233 21364 22786 22877
21655 22143 22446 22499
22452 21557 23427 21519
21242 21430 22884 22861
21776 20423 21661 23252
22394 21690 23341 21385
21481 20951 22064 23155
21167 21485 23042 22836
22570 21309 22574 22262
21595 22425 22487 22600
21794 22671 22039 22298
23111 21385 21224 21663
21495 20978 22232 22926
21194 21373 22986 22862
21622 20820 22196 23044
22858 21372 22093 21858
22300 22271 23446 21058
23261 20989 21644 21599
21740 21392 23973 21603
21979 21146 24039 21279
22211 22595 23628 21304
22054 20039 21592 23033
22362 21787 23549 21235
21886 22814 21849 22392
21148 20536 21824 23409
22906 21183 21755 21757
21964 20735 21483 23129
21927 21945 22967 22518
21183 20637 21916 23391
21396 21545 22829 22714
22266 22562 23762 21329
21801 21983 23120 22617
21515 20724 22192 23327
22172 20724 21957 22782
22238 20604 21889 22652
22319 22474 23408 21138
23430 20566 21372 21602
21351 20587 21467 23425
22932 20654 21946 21218
22823 21030 22755 21939
22038 20586 22022 22844
21956 21849 22550 22356
22469 22115 23304 21124
21605 20773 22306 23004
22282 21005 23458 21881
22308 21976 23394 21479
22191 22494 23912 21399
23418 20593 21804 21590
23048 21411 21475 21503
21836 22582 22386 22085
23467 20266 21495 21590
23445 20510 21707 21654
21465 20409 21385 23408
21777 20479 21728 23071
21912 20842 21563 22995
22470 21650 22633 21892
21822 22746 21911 22123
23238 21141 21562 21986
22226 22363 23870 21605
22384 22196 23289 21025
21729 21316 23390 22621
22070 19965 22125 22901
22421 21365 23103 21771
22958 21197 21734 21790
23431 20444 21306 21715
22227 20453 22134 22665
21549 20364 21676 23435
23339 20734 21654 21841
21548 21833 23271 22478
23208 21266 21211 21787
22197 22618 23876 21274
22651 21405 22933 21753
22087 22460 23798 21418
21799 20865 21301 23121
21978 20026 21442 23082
21556 22220 22404 22680
22493 21401 23252 21410
21427 21732 22588 22861
23003 20893 21811 22043
21216 21495 22516 22942
23404 20706 21556 21559
22180 22287 23739 21679
21674 21805 23217 22496
22376 20756 22948 22161
22597 21956 22532 22124
22203 22595 23880 21278
21832 21669 23020 22358
22908 21429 21575 21507
21600 22302 22545 22466
23034 21340 21554 21351
23164 20962 21684 21954
22483 21240 23149 21842
21342 20369 21571 23469
21970 20861 21382 22931
22278 22355 23818 21059
22185 21512 23086 21705
22543 22073 23340 21317
21703 22778 22006 22150
22100 22253 23605 21736
22845 21100 21708 22052
23123 21180 21621 21957
21779 22679 21933 22140
21884 19986 22078 23079
21831 20794 21918 22965
22120 22314 23579 21617
22166 20005 21791 22972
22299 22089 23650 21245
21999 22772 22183 22102
22872 21126 21703 22011
22539 21138 23067 21941
22332 21505 22355 22378
21545 22153 22432 22724
23410 20492 21498 21666
21934 19998 21986 23107
21287 21362 23082 22855
21595 22704 21894 22221
22624 22173 23509 21085
23070 21341 21212 21785
22139 21487 23162 22060
21677 22118 22398 22789
22254 20018 21973 22744
23351 20586 21712 21682
21737 20811 22288 22909
21953 20769 21714 22902
22583 21306 22688 21888
22751 21672 22724 21430
21630 20733 22077 23355
21904 19921 22060 23019
21575 21958 23235 22699
21973 22455 23842 21492
22782 20896 22795 21921
21684 22689 22108 22126
21890 22563 21826 22302
21414 20972 22047 23326
22023 22168 23723 21820
21710 20877 22179 23339
22526 21541 23048 21349
21214 20905 22014 23336
22919 21103 21840 21820
21469 20976 22084 23201
21861 20292 22016 22878
22067 22516 23701 21630
22582 21481 22797 21463
22574 21132 23548 21433
23007 21292 21537 21990
23458 20433 21593 21633
21691 22245 22377 22530
22436 21025 23545 21560
21796 20684 21616 23091
21719 21053 22205 23025
21928 22210 23807 21689
21813 21363 23952 21267
21421 20422 21440 23408
21345 21035 22111 23188
21767 20671 22314 23175
22329 22216 23578 21372
21566 22456 22259 22191
21614 22377 21959 22483
22423 21323 22664 22113
23027 21083 21634 22018
22973 21155 21729 21973
21810 21071 23963 21320
22767 20744 21607 22220
22693 21203 22698 21747
21615 22151 22362 22733
22262 20243 21506 22606
22271 22367 23932 21258
22353 21087 23362 22186
21972 21376 23902 21582
21798 20057 22163 22917
22569 21078 22939 21826
23191 20932 21700 21987
23313 21241 21479 21888
22514 21272 23266 21754
21291 21461 23005 22858
23186 20935 21651 21987
21300 21218 22997 22819
23375 20464 21761 21746
21638 22682 21941 22307
23313 20836 21490 21870
22728 20886 22858 21794
21668 21832 23218 22443
22471 21230 23474 21575
22703 21227 22690 21929
22938 20839 21904 21298
21998 22287 23894 21540
21823 19945 22170 22944
22757 21859 22375 21970
22715 21786 22379 22224
21839 22060 23003 22629
22358 21634 22673 22003
21852 22549 22333 22128
22359 21325 23132 21842
21592 22362 22462 22638
21713 22093 22973 22465
21400 20425 21524 23421
23411 20296 21520 21684
22229 22539 23767 21099
22555 21524 22621 22068
22936 20997 21407 22137
22152 20956 23412 22209
21875 22408 22251 22192
22378 21356 23280 21569
21858 22157 23441 21875
22643 21382 22708 21774
21915 21964 22881 22633
21666 22294 22314 22764
22732 21726 22617 22069
22156 21602 22976 21804
22597 21445 22631 22063
22520 21732 22548 22238
21869 22478 22191 22232
22028 21789 22415 22244
22324 21549 22317 22386
21189 21560 22981 22762
22769 21243 22133 21964
22977 21188 21667 22026
21827 22205 22866 22325
22112 22370 23626 21569
21770 21016 22138 22907
22468 21569 22650 22070
22508 21096 23403 21610
22814 21125 21593 22091
22233 20802 22004 22738
21763 22385 21863 22362
23274 21256 21518 21867
23154 21057 21693 22032
22252 21113 23113 22225
21646 22090 23181 22491
22227 21250 23316 21784
21941 22386 23655 21766
21986 22085 22816 22129
21582 20739 22255 23317
22019 21463 23827 21640
22351 21775 22703 22096
21882 22102 22885 22371
21324 21574 22695 22748
21844 20261 22056 22977
21973 21798 22506 22359
21752 20873 22200 22982
21539 22131 22894 22528
23070 21282 21503 21718
22006 22726 21825 22166
21535 21787 23325 22648
21830 22403 23483 21758
21804 22051 23058 22318
22284 22255 23238 21151
21908 22352 23759 21701
21321 21519 22674 22937
21745 22079 22974 22690
22235 21591 22611 22226
22638 21857 22624 22033
22239 22503 23850 21350
22458 22225 23139 21216
23370 20662 21671 21727
22404 21643 22739 21695
23141 20928 21795 21922
23295 21211 21569 21983
22981 21109 21637 22105
22993 20962 21779 21829
22670 20967 22879 21613
22309 21618 23535 21466
22019 22367 23718 21536
22808 21154 21547 22184
23158 21286 21314 21614
22742 21525 22646 21497
22473 21720 22604 22175
21815 22285 23777 21701
22628 21194 22767 21805
21871 22080 22604 22417
21649 21869 23285 22399
22159 22300 23682 21655
21885 22796 21856 22131
22167 22124 23495 21707
22742 21871 22412 21939
22107 22527 22218 22221
21902 22619 22225 21971
22061 21124 23209 22249
21796 20925 22526 22831
21788 22244 23790 21680
23043 20940 21863 21776
21789 22343 21989 22430
22958 21209 21678 21670
21662 22030 23212 22129
22403 22087 23372 21305
21755 21122 23928 21477
22429 21887 22596 22048
21626 22197 22367 22643
22462 21608 22694 21954
21638 20462 21593 23401
21770 20886 21191 22967
22001 22453 22033 22331
22682 21910 22471 22164
22409 21531 22649 22084
23017 20754 21370 22181
22132 22205 23586 21749
22375 22047 23442 21417
21619 21885 23250 22411
22805 21227 21550 21891
22032 21372 22721 22168
21940 22630 22149 22293
22245 21590 22296 22518
21859 21071 22395 22828
22751 21344 22420 21751
21991 22127 23522 21870
22389 21130 23372 21694
21862 20221 21834 23008
22791 21074 21674 22130
23220 21196 21610 21967
21586 22290 23038 22407
21634 22084 23015 22611
22099 22627 22190 22182
21931 22398 23592 21633
21661 20906 22167 23099
21683 22523 21654 22407
21954 22445 22278 22175
21631 22298 22321 22513
21761 20798 22214 23186
22057 22236 23666 21775
22198 21531 22877 21810
22181 22279 23669 21645
22240 22191 23504 21653
21764 20799 22342 22944
21526 22202 23200 22164
21148 21583 22704 22759
21661 20702 22247 22960
21765 22188 22471 22443
21586 20955 22239 23103
23032 21041 21778 21924
22090 22636 22012 22171
21872 21243 23943 21471
23163 20995 21617 21948
22785 21224 22026 22157
22106 22192 23540 21797
21645 22310 21692 22440
22232 21467 23206 21983
23221 21120 21674 21915
22927 21052 21890 21995
21695 22343 22161 22314
21785 20540 21463 23180
23284 21169 21647 21589
23013 21044 21762 21815
23282 20485 21761 21685
22710 21486 22768 21378
22012 22333 23706 21726
21880 22443 22274 22191
22020 21214 23225 22217
23228 20881 21555 22137
21592 21766 23235 22493
22144 21275 23435 22197
22286 21269 23796 21249
22348 21369 23192 21678
22258 20986 23307 22223
22497 21360 23241 21467
21842 21535 23383 22759
22852 20989 21514 22218
21645 21419 23912 21478
23132 21099 21703 21705
21853 22801 21886 22122
21748 20937 21209 23027
22340 22232 23293 21290
21780 22226 23144 22350
23020 20870 21566 22155
22949 21214 21755 21719
22821 21506 22686 21398
21765 21747 23152 22238
21919 22206 22834 22397
21941 20716 21508 23008
22338 22131 23446 21286
22065 22731 21985 22085
22908 21085 21966 22060
21879 22696 21914 22341
21697 21757 23285 22061
22059 20253 21856 22908
22428 21415 23048 21762
22527 21465 22840 21406
21840 20902 22090 22949
21941 20264 21693 23156
22126 22287 22305 22816
21888 21482 23356 22802
22439 21110 23536 21862
23038 20875 21780 22053
21811 20975 22404 22899
22671 21506 22738 21760
22543 21322 22773 21986
22380 21234 23347 21699
22370 21136 23403 22134
21538 22283 23153 22276
21568 22432 22323 22289
22212 22202 23512 21642
22003 22263 23690 21747
21953 20575 21675 22933
21947 21240 23295 22273
22146 21589 23078 21836
22328 22199 23595 21459
22331 22170 23345 21092
21819 22258 22898 22368
21924 22350 22309 22166
22005 20041 22006 22962
22141 20669 22114 22802
22347 21531 23416 21549
21975 20470 21522 23015
21805 22435 21802 22399
21623 22373 22822 22151
22121 22180 23769 21723
22164 22366 23848 21575
21670 22309 22878 22433
21419 21628 22818 22741
23032 20946 21844 21834
22112 22224 23820 21675
22975 20814 21648 22079
21527 20949 22199 23320
21656 21083 22122 23071
23223 20432 21768 21603
21214 21578 22516 22954
21783 22075 23077 22649
21881 19950 22114 22913
21996 22282 23764 21624
21459 22048 22433 22706
21970 22217 22853 22336
21299 21493 22692 23007
22818 21167 21570 22041
21631 21222 23417 22709
22293 21194 23302 22204
22985 20968 21476 22291
22336 21577 22394 22350
21947 22332 22684 22333
22021 21047 23184 22304
22016 22339 23669 21660
21862 20894 21196 22913
22343 22121 23356 21248
21667 22290 22941 22264
22002 20739 21484 23038
21757 21891 23250 22316
22468 21677 22646 22122
22728 21907 22592 22195
22579 21340 22758 22103
22346 21871 22690 22056
21936 22425 22149 22319
21715 22264 23005 22382
21573 21623 23290 22495
22551 21580 22700 21615
22501 21537 22594 22198
21849 22221 23407 21960
22753 21853 22301 22199
22125 20541 21964 22881
23289 20525 21654 21975
21766 22108 23205 22139
22373 21638 22303 22395
22754 21630 22465 21723
22818 21291 22331 21772
23269 20974 21677 21958
