171 22.5666
7905 7920 9278 7581
8088 9082 7889 7512
7660 8048 8609 8298
8215 7317 7892 8291
7800 7671 8558 8508
8806 7945 7800 7661
8943 7856 8025 7352
8695 8495 8288 6891
8184 7395 7948 8300
8389 7545 7853 8135
8644 8621 8363 6966
7804 7716 8589 8487
8001 8974 7817 7765
8002 8858 7879 7842
7684 8270 8357 8241
7712 8327 8412 8136
8151 7566 7971 8322
8206 7359 7987 8275
7905 7773 8640 8462
8690 8455 7851 7757
8054 9066 7924 7586
7870 7775 8593 8433
8125 7359 8012 8293
7806 7855 8617 8395
8923 7813 8013 7374
8643 7738 8075 7831
7905 7815 9250 7602
8182 9008 8006 7606
8108 8953 7853 7637
8643 8544 8287 6990
8743 7647 8183 7800
8108 9015 7993 7571
8760 8538 8143 7008
8750 7620 8160 7660
7737 8357 8350 8191
8803 8370 8093 7178
7675 7599 8718 8312
8134 8989 7952 7614
7783 8359 8098 8174
8704 7665 8157 7694
8142 9042 7953 7596
7670 8332 8360 8210
8823 8226 8301 7194
8059 9045 8162 7724
8613 7690 8268 8047
7749 8304 8376 8216
8887 8141 8324 7262
8024 8825 7807 7845
8896 8056 8120 7244
7860 7815 8654 8409
8718 7631 8264 7789
8829 8360 8303 7139
8206 7958 9019 8057
8913 7943 8100 7453
8860 8310 8233 7120
7766 8821 8025 7838
7865 8943 7994 7743
7824 7826 8629 8419
8579 8551 8334 7027
8759 7584 8262 7779
8779 8497 8126 7071
8171 8148 8853 8024
7793 7764 8568 8466
7972 8120 8772 8263
8097 8919 8079 7696
7821 7684 8579 8483
8372 8115 8304 8072
8675 8606 8267 6972
8564 7780 7984 8020
8850 8328 8055 7203
7719 8139 8626 8154
8868 8121 8343 7235
8147 8957 8255 7308
8903 7805 8053 7510
7871 7972 9202 7674
7849 7960 8457 8375
8878 7997 8119 7511
7928 7752 8615 8347
7908 7755 8657 8474
8034 8590 8814 7641
7838 7786 8648 8429
7940 8215 8220 8257
8844 8136 8351 7336
7937 8298 8211 8286
8596 8424 8564 7324
8052 8042 9106 7861
7957 8063 8825 8289
8553 7979 8754 7341
8839 8431 8133 7150
7879 8364 9028 7687
7730 8130 8371 8279
8066 8978 8037 7586
7754 8314 8747 7973
8410 8145 8803 7810
7964 7892 9236 7665
7789 8459 8374 8005
7876 8434 8900 7632
7829 7902 9231 7647
8149 8715 8665 7391
8036 7926 9221 7880
8093 8790 8479 7423
8013 8917 8004 7790
7979 8319 8924 7864
8300 8405 8739 7313
8083 8021 9124 7770
7951 7880 9212 7887
8835 8138 8343 7198
7869 7795 8617 8303
7849 7996 9196 7575
8601 7818 8777 7594
8070 7935 9119 7876
7929 7965 9083 7975
7775 8143 8152 8327
8538 8151 8737 7550
8540 7755 8020 7995
8359 7595 7964 8145
8508 8340 8536 7774
8243 8209 8963 7611
8556 8648 8025 7238
8685 8521 8238 7129
8530 8665 8203 7397
7857 7673 8694 8335
8606 7907 8786 7357
7842 7939 8488 8334
8097 8248 9045 7710
7731 8343 8388 8206
7898 7966 9188 7567
8253 7927 8531 8160
7890 8887 8179 7678
8626 8482 8403 7212
8441 8245 8935 7435
8632 8584 8139 7564
8273 8230 8810 8096
8815 8246 8337 7251
8064 8964 8280 7117
8131 8899 8185 7559
7962 8906 8190 7673
8095 8018 9068 8116
8789 8546 8103 7070
8208 8022 8957 8089
8272 8050 8952 8091
7796 8770 8211 7820
7978 7943 9175 7822
8162 8004 9035 8109
8721 8304 8435 7299
8190 8855 8279 7515
8445 7994 8871 7436
8456 8724 8476 7289
8170 8171 9009 7765
8767 8555 8065 7060
8863 8026 8066 7461
8713 8398 7941 7730
8459 8659 8398 7448
8780 8026 7886 7628
7774 8773 8219 7814
8499 8566 8474 7154
8474 8639 8492 7697
8813 8167 8071 7405
7981 8029 9140 7720
8356 8141 8723 8015
8119 7954 9051 8106
7997 7856 8742 8221
8638 8282 8470 7492
8124 7957 9077 7921
8080 8032 9029 8103
7678 8335 8697 7998
8727 8499 8194 7017
8353 8384 8368 7922
8618 8511 8305 7103
8517 8199 8413 7818
8771 8185 8612 7401
8496 8630 8442 7441
8582 8408 8461 7582
8610 8455 8258 7282
8645 7866 8787 7540
8118 8252 8783 8040
8599 8080 8709 7365
8043 8765 8271 7758
8136 7910 9093 7874
8036 7837 8849 8229
7850 8420 8912 7565
7915 7883 9209 7916
8218 8760 8501 7601
7801 7875 8660 8345
7992 7843 9240 7863
7986 8832 7998 7847
7833 8746 8199 7879
8157 8879 8518 7291
8722 8543 8114 7095
7950 7959 9180 7857
8290 8163 8973 7658
8024 8030 9115 7966
7968 8018 9148 7906
7877 7862 9190 8011
7811 8339 8242 8213
8588 8409 8424 7744
8404 8224 8692 7898
8479 7843 8393 7883
8130 7893 9085 7919
8636 8566 8282 7041
8469 8551 8085 7989
8144 8674 7931 7948
8055 8873 7954 7743
8152 8375 8943 7688
8342 8292 8541 7853
8466 8682 8229 7616
7957 7978 9155 7955
7895 8035 8267 8307
8398 8472 8738 7221
8186 8285 8831 7936
7793 8295 8321 8166
7902 7973 8484 8352
8647 8489 8397 7274
8181 8119 8530 8119
8376 8314 8843 7737
8448 8642 8384 7457
8434 8758 8081 7480
8207 7965 8906 8114
7988 8171 8863 7979
8798 8501 8116 7054
8136 8864 8016 7659
8576 8583 8311 7080
8763 8189 8399 7349
8010 7769 8600 8426
8307 8059 9023 8047
8672 8417 8389 7380
7948 8416 8945 7623
8408 8798 8430 7421
8201 8946 8226 7049
7963 8059 8879 8187
8041 8240 8990 7736
8792 8471 8118 7121
8501 8104 8741 7364
7926 7871 8870 8248
8705 8490 7886 7684
8660 8618 8110 7168
8770 8396 8324 7415
7920 7993 8469 8367
8220 8150 8982 7695
8678 8557 8240 7112
7863 8031 9132 7466
7885 8000 9177 7788
7855 7824 8589 8431
7818 8089 8916 8080
8822 8337 8265 7164
8843 8473 8112 7132
8489 8197 8838 7399
8525 8502 8328 7577
8276 8598 8519 7477
8098 8822 7979 7839
8344 8496 8710 7245
8484 8596 8675 7484
7830 7837 8620 8397
7915 8052 8258 8337
7900 8111 8186 8312
8724 8511 8216 7115
8440 8749 7934 7503
8297 8273 8948 7919
8040 7881 9162 7952
8561 8138 8516 7769
8747 8466 8137 7626
7963 7917 8613 8398
8549 8606 8087 7495
8039 7917 8653 8227
7975 8709 8152 8032
8711 8422 8130 7713
8224 8666 8510 7496
8349 8279 8856 7746
8602 8525 8273 7227
8127 8689 8154 7891
8213 8180 8164 8121
8545 8068 8643 7590
8574 8116 8533 7738
8144 8177 8937 7949
8654 7886 7910 7904
8435 8351 8394 7955
8677 8452 8310 7086
8575 8096 8497 7648
7939 8888 8033 7813
8591 8158 8379 7919
8604 8633 8252 7165
8040 7683 8546 8293
7953 7941 8466 8356
8126 8268 8558 8183
7683 8868 8048 7765
8569 8262 8438 7657
8263 7951 8170 8234
8336 8302 8504 7913
7917 7902 9194 7983
8339 7898 8102 8232
8289 8593 8455 7762
8307 8205 8796 8007
8358 8645 8544 7173
8007 7812 8530 8320
8233 8629 8571 7569
8028 7802 8918 8201
8558 8654 8134 7226
8505 8718 8089 7153
8478 8122 8944 7386
8108 8678 8677 7270
8667 8133 7906 7785
7815 8399 8469 8002
8192 8276 8784 7970
8243 8163 9064 7680
8048 8670 8107 7912
8020 8261 8988 7836
8021 8068 9109 7793
8528 8168 8702 7671
7926 8002 9149 7473
8849 8001 8275 7295
8653 8014 8244 7733
8115 8781 8184 7722
8293 8187 8076 8087
8658 8505 8270 7048
8673 8530 8268 7066
7946 8465 8894 7871
8130 8043 9001 8142
8237 8623 8237 7894
8368 8848 7985 7455
7942 7872 8883 8246
7826 8554 8445 7940
8482 8697 8353 7464
8322 8197 8889 7836
8139 8781 8030 7876
7839 8069 9101 7518
8106 7924 9049 8141
7983 8168 8256 8196
8154 8816 8465 7643
8594 7958 8734 7373
8700 8529 7949 7522
8452 8425 8090 7897
8679 8492 8334 7038
8384 8701 8523 7347
7834 8010 8121 8397
8397 8833 8471 7424
8659 8573 8238 7323
8717 8438 7919 7713
8246 8107 8174 8153
8692 8412 8529 7425
7885 8207 8192 8326
8010 8063 9129 7782
7921 8434 8808 7934
8168 7878 9058 7791
8568 8631 8149 7253
8260 8013 8339 8110
8430 8662 8372 7772
8669 8509 8157 7353
8283 8275 8630 7964
8221 8683 8598 7849
8159 8070 9000 8135
8016 8448 8155 8079
8424 8220 8761 8014
8295 8166 8266 8076
8729 8315 8045 7701
8790 7987 7899 7680
8335 8259 8813 7751
8414 7948 8886 7603
8325 8268 8728 7863
8666 8534 8189 7470
8246 7882 8663 8131
8048 7867 9160 7882
8428 8270 8454 7988
8390 8702 8182 7554
8520 8378 8608 7518
8838 8013 7913 7655
8503 8491 8669 7346
8655 8516 8001 7651
8216 8836 8306 7556
8198 8082 8966 7744
8557 8563 8317 7014
8251 8060 8600 8252
8318 8506 8527 7660
7913 8075 8332 8277
8071 8301 8858 8028
8211 8840 7889 7676
8165 8544 8687 7943
8103 8067 8415 8272
8113 8846 8207 7806
8229 8731 8450 7472
8120 7909 9039 8115
8663 8318 8554 7267
8227 8461 8717 7868
8073 7898 9099 7874
8323 8447 8683 7927
8382 8234 8794 7756
8754 8374 8407 7368
8473 8266 8792 7781
8742 7984 8014 7780
7911 7922 8464 8375
8096 7811 8635 8238
8199 8612 8207 7932
8547 8411 8602 7207
8756 8444 8308 7517
7901 8345 8247 8149
8150 8944 7902 7815
8611 8088 7962 7807
8312 8542 8736 7864
8135 8972 8026 7582
8299 8238 8751 7798
8277 8624 8560 7430
8495 8354 8433 7825
8401 8168 8716 8043
8274 8810 8351 7485
8796 8091 8346 7408
8384 8733 7976 7523
8332 8577 8331 7785
8548 8473 8481 7256
7991 8003 9135 7825
7968 8126 8676 8187
8075 8105 8976 7997
8101 8574 8606 7597
8007 8754 8408 7673
8121 8415 8371 8037
8261 8652 8547 7410
8091 8242 8193 8268
8738 8419 7925 7719
8239 8617 8619 7559
8617 8275 8582 7595
8513 8317 8508 7742
8242 8453 8762 7369
8040 8904 7918 7771
8041 8851 8248 7756
8645 7913 8685 7475
7826 7922 8919 8157
8256 8082 7991 8134
8766 7800 7947 7663
8365 8236 8740 7999
8522 8108 8663 7833
8079 8403 8145 8140
8204 8401 8704 7931
8333 8244 8636 7927
8534 8486 8650 7348
8615 8174 8293 7598
8418 8668 8255 7629
8621 8173 8275 7705
8156 8219 8895 7931
8363 8129 8767 8012
8727 8287 8497 7345
8361 8581 8553 7536
8629 8194 8287 7602
8194 8323 8633 8109
8362 8325 8719 7450
8513 8591 8300 7377
8656 8464 8322 7138
8196 8400 8676 7958
8255 7990 8177 8200
8110 8870 8036 7718
8029 8445 8234 8156
8608 7888 8748 7463
8651 8260 8561 7408
8232 8154 8834 7992
8229 8656 8486 7534
8195 8804 8386 7704
8159 8118 8557 8124
8577 8359 7959 7845
8103 8692 8039 7881
7942 8032 8475 8364
8683 8384 8347 7429
8250 8547 8281 7985
8281 7937 8234 8212
8269 8750 8447 7538
8683 8570 8106 7570
7912 7765 8684 8421
8566 8154 8550 7721
7943 8105 8206 8355
8511 8253 8572 7875
8439 8645 8459 7459
8343 8724 8477 7649
7978 8777 8476 7654
8542 8676 8054 7499
8801 8389 8294 7432
8171 7868 8607 8171
8390 8686 8435 7778
8122 8183 9058 7881
8414 8195 8799 7996
7938 7939 9081 7980
8483 8294 8168 7946
8091 8706 7995 7951
8492 8467 8592 7737
8420 8466 8482 7752
8729 8388 8383 7294
8613 8449 8230 7404
7953 8085 8261 8306
8305 8737 8541 7398
8406 8369 8395 7783
8313 8089 8738 8055
8072 8616 8050 7993
8433 8798 8426 7507
8076 8391 7974 8147
8722 8429 8327 7385
8205 8468 8857 7901
8351 8574 8489 7741
8309 8556 8295 7804
8501 8047 8765 7405
8589 8533 8323 7089
7941 8809 8459 7645
8627 8402 7944 7832
8619 7981 8715 7554
8268 8501 8688 7909
8265 8524 8745 7802
