524 171.072
32730 30673 31353 28092
30574 30587 32786 30757
32956 28497 30989 30282
34126 29708 30263 29417
31950 33690 30022 30753
29453 30977 29990 34065
29275 30995 29922 33817
33277 30864 27849 30443
32666 30509 31453 28367
32971 29253 30210 30662
32964 29132 30639 29920
32950 29003 30925 29724
33051 28747 30579 29896
32994 28583 30569 29986
33237 29450 30235 30644
33194 30879 30820 28573
32710 30429 31388 28194
33081 28662 30668 29939
33917 29812 30235 29610
33027 28854 30895 29687
33558 30484 28107 30233
34029 29738 29803 28947
29423 30903 30021 34003
30210 31914 30625 33260
33068 29556 30425 30581
33982 29843 30220 29650
34018 29635 30296 29269
33397 30804 28180 30636
33896 29701 30324 29339
33388 30810 27898 30978
33552 30579 28275 30615
33432 30794 27946 30513
33938 29881 30081 29408
32854 28954 31184 29678
32743 30180 28758 32001
33975 29921 30187 29352
33283 30772 28338 30480
33012 28892 30654 29885
32615 29621 31160 30177
33357 30862 28048 30193
34038 29705 30221 29556
30163 31335 32505 30081
32954 28935 31073 29697
32816 30371 31408 28981
31235 32252 32477 30109
33185 30092 29481 31652
30796 31380 30781 33184
33563 30635 30197 29791
32429 32039 31194 32203
31818 33644 29963 30762
33651 30463 28409 30296
33359 30807 28398 30372
32783 30310 31308 29034
33723 30307 29408 30412
33075 30382 29598 31634
30576 31598 32563 30046
33663 31012 30369 28746
29585 31097 29794 33662
31800 33617 29990 30780
29348 30989 29976 33828
29821 31468 29753 33525
30112 31666 32649 29892
29317 31000 29941 33744
29715 31410 29627 33553
33244 30686 29234 31156
32956 30356 31057 28155
29929 31539 32591 30169
32945 29489 30248 30771
33505 30098 29323 31686
30013 31672 32498 30312
29393 31001 29981 33670
29375 30897 30050 33879
31700 32223 32290 31057
33686 31103 30412 28587
30094 31621 32520 30007
33073 30613 28484 31725
30859 30802 32730 30718
33319 30834 27983 31110
32967 30843 29276 30659
31868 33590 30015 30756
30026 31074 29512 33406
29483 31066 29837 33810
32468 32302 28737 30355
33700 30540 30280 29837
31535 32117 32359 31266
29979 31663 30645 32996
31749 33204 31302 31361
31349 32622 31499 30879
33835 29995 30312 29299
30789 30787 32701 30921
31917 33446 30023 31041
31830 33519 29866 30939
32563 32096 31285 32136
29470 30953 30042 33936
29956 31346 29726 33508
29738 31018 30456 33373
33621 30130 30598 29321
29473 30871 30011 33945
29904 31730 32511 30129
31632 33510 30123 30850
33132 30061 29294 31828
32827 30289 28831 31934
32104 32936 31143 30450
32702 31165 31182 28812
32886 32000 31129 31877
29454 30959 29838 33777
31938 33318 30289 31169
32532 32057 31345 32088
30244 31864 30343 33175
32773 31904 31099 31963
33190 30259 29536 31607
29684 31146 29653 33758
30465 30603 32751 30836
33816 30344 30253 29453
33406 30830 27994 30572
31184 31589 30924 32836
32414 31028 32043 28781
32075 33431 30154 31246
33029 30650 29352 31327
32742 30412 31429 28178
30680 30749 32664 30957
30822 30565 32551 31041
33795 30340 30089 29565
32908 30122 31406 28877
33299 30549 28454 31398
31977 33414 30246 31110
33389 29954 29672 31452
33374 30823 28279 30512
29901 31592 30835 32875
32242 31297 31966 29036
33356 30822 28154 30552
29605 31355 30174 33424
33133 29975 31043 28926
33580 30439 30826 29871
32133 32914 31188 31756
33100 31022 28774 31338
30322 31763 30482 33021
31815 33557 29957 30980
33605 30403 28141 30368
33498 30697 28855 31081
30414 33102 31306 32172
33153 30999 28545 30385
30777 31439 32405 31807
33249 30543 28676 31612
33233 30263 31165 28855
33189 30939 28532 31475
32576 32240 31382 32026
29522 30895 29871 33710
33261 30853 28666 31410
29378 30982 29931 33693
32669 31204 31240 28800
33424 29864 29776 31376
30260 31611 30436 33130
31636 32165 32458 30982
29530 30748 30097 33636
33048 30722 29008 31894
30740 31778 31239 32821
30008 31296 29765 33485
33184 30217 29316 31623
30613 33260 31765 31855
30503 33189 31757 31923
29630 31066 30410 33327
31256 31506 31504 32470
30347 32471 32168 31854
32504 30991 31844 29083
31094 32046 31006 32712
30540 32947 31795 32283
30690 32791 32181 30595
30062 32237 32226 31717
32202 30968 32100 29068
31671 32190 32198 31365
29490 31151 29945 33621
32651 30910 31804 28721
33598 31044 30492 28683
31044 31995 31048 32750
33469 30479 28810 31511
33526 30379 28020 30814
31274 32431 32312 31053
32449 31136 31914 29098
33147 30638 29187 31313
32464 31958 30960 32212
32118 32833 31288 31387
33729 30184 30550 29425
31084 31556 30807 32850
32983 30155 31359 28895
30877 31192 30696 33099
30239 31536 32614 29934
32978 31255 28606 31673
30491 33286 31873 32040
33537 30687 30302 29527
33126 30986 28323 30429
29445 31082 29897 33822
33266 30953 28460 30548
33290 30524 28571 31668
33575 31020 30504 28627
32718 30322 28715 31970
32033 33394 30231 31140
29305 30962 30036 33878
32063 33216 30317 31259
31138 33027 31644 32096
33280 30887 28309 30413
30934 31184 32212 31606
32233 32764 30890 31554
31110 31209 32331 31416
31556 32637 31625 30735
32368 30988 31688 29183
31426 31878 30803 32526
31548 32350 32444 31161
30654 33129 31867 32028
29540 30952 31328 32656
30131 31430 30208 33354
30957 31322 30713 33064
32349 32678 29483 30688
31115 31981 30759 32759
30625 32514 32072 32324
31853 32362 32032 30591
32858 30932 31167 28795
30179 31716 30709 32901
32607 32016 31452 32048
33434 30419 29610 31436
33449 31486 30496 28915
31396 31897 30682 32557
33160 30477 28819 31699
32924 30377 31313 28965
29706 31211 29673 33605
33858 30444 30214 29532
31721 32448 31996 31183
33762 30327 30411 29375
30045 31727 32607 30013
33205 30534 29155 31370
30602 31579 31036 32952
33671 30364 29301 31657
30078 32147 32270 31685
29867 31224 30356 33371
33093 31116 28587 31627
32302 33014 30076 31255
30254 31778 30530 33284
29770 30878 31268 32807
33062 30538 28803 31747
29448 30925 30146 33861
31445 32409 32186 31070
31126 32289 31511 32119
30287 31419 32489 30182
32631 30702 31309 28826
30277 31691 30380 33047
32995 29480 30109 30650
29793 31046 30471 33316
33112 30924 28880 31295
33396 30856 28040 30495
30188 32102 32289 31432
31587 32143 32429 31032
32052 33237 30400 31199
30522 32632 32054 32197
33745 30251 30448 29368
33520 31054 30483 28649
33235 30894 29060 30263
30982 31571 30458 33020
31776 33540 30062 30618
33829 30550 30204 29283
31251 31863 30864 32604
31310 31519 31705 32261
29678 31130 30364 33494
29512 31342 30439 33395
32548 30799 31749 28882
30809 32741 31644 32418
29885 31360 29951 33471
31576 31666 30688 32487
32281 33020 29971 31086
29949 31220 29719 33567
30812 30780 32678 30912
30383 33065 31921 32052
31930 31643 31091 32329
33951 30361 30004 29227
33038 29455 30091 30609
33775 30322 30222 29483
30139 31371 32569 29947
32329 30941 32093 29137
33317 30029 29398 31570
29765 31125 29535 33592
31767 33241 30167 31283
32997 30772 28917 31643
32220 32981 31071 31471
29940 32492 32187 31532
31323 31840 30881 32533
30372 31766 30393 32993
32398 30886 31949 29122
29812 31368 29856 33440
30422 33174 31855 32077
31771 33478 29992 30828
30943 30636 32529 30835
33605 30753 30104 29824
33289 30623 28883 31337
32422 32652 29698 30719
31730 31966 32168 31209
33341 30299 30020 29948
31299 31817 30684 32698
31963 31661 30844 32241
30549 30618 32786 30665
31369 32441 32253 30866
30923 31172 32035 31741
32023 31717 30746 32219
30639 33000 31781 32110
30769 31859 30877 32794
31844 30194 29667 32333
32207 33049 29947 30896
29834 31282 29723 33583
33789 30494 29897 29493
31435 31700 30813 32617
33411 30497 29144 31206
33341 30023 29974 31494
30843 31238 31970 31592
31432 32770 31442 31004
32723 30122 31460 28911
33462 30736 29626 30874
31454 32371 32128 30999
31995 32898 31257 31501
31654 33344 30195 31226
31328 32722 31479 30702
32989 30581 29215 31489
30298 32713 32049 32080
33041 30590 29083 31634
30899 32071 31052 32562
31066 31834 30595 32776
32944 31750 31152 31933
30216 31814 30430 33131
32184 30940 31713 29275
32314 30911 31726 29215
33638 30446 29373 30283
33172 30608 29485 31408
31284 31802 30903 32677
31243 31645 30739 32821
30726 32810 31948 32387
30377 32704 32117 31982
33301 30712 28843 30996
30738 33075 31396 31686
31125 32010 30935 32582
32442 30758 31702 29310
31464 32483 31786 31129
31684 32592 31580 30795
31624 32417 32010 31213
33880 30485 30182 29371
31513 31698 30503 32442
33533 30610 28980 30801
31646 32049 32237 31224
33739 30299 30090 29594
31489 31142 31613 32164
33149 30242 29683 31781
31661 33382 30171 31208
31712 32272 31976 31191
31492 31714 30733 32357
32589 32149 31317 31953
30148 31984 30426 32762
33466 30833 30948 29231
32362 30863 31812 29200
30473 32589 32013 32267
30638 32846 31861 32506
30440 31899 30614 32932
30219 32972 31929 31952
33136 30752 28858 31710
31762 32314 32038 31015
31577 31276 31554 32594
32171 30604 29645 32293
31202 32510 31559 31768
33719 30297 30416 29257
33965 30351 30141 29264
29645 31052 30465 33307
31003 31291 32379 31419
30904 31886 31120 32369
30780 32391 32175 32189
31060 32695 31881 30730
31411 31911 30634 32596
33189 30324 28634 31788
29925 31244 29921 33446
29811 30956 30439 33340
31208 32574 32247 30629
30672 31391 30785 32925
33634 30936 30433 28662
29565 31170 29778 33536
30752 32824 31854 32233
31794 32310 32102 31145
30008 31635 30790 33039
30584 33149 31822 31818
33230 30073 29362 31625
32044 30309 29881 32312
31656 32079 32395 30903
30761 33167 31567 31524
30833 31423 30553 32984
30719 32866 31831 32465
32093 31913 32159 30876
32269 32967 31139 31454
30732 31455 30834 32906
31009 32502 31724 31806
31507 32740 31444 30837
32262 31870 31565 31847
30597 32888 31944 32184
31274 31311 31594 32378
31896 31030 31574 31836
33224 30571 29101 31379
29659 30931 30575 33446
29554 30792 30529 33464
30394 31866 30466 32959
32830 30301 31328 28945
31490 32173 32371 31194
31593 31568 30650 32348
30700 33151 31719 31915
33454 30639 28944 31272
32048 32879 31343 30409
33002 30954 28949 30300
30407 32673 32018 32250
32479 32246 31260 31765
30751 32605 31906 32149
31481 31771 30727 32420
29847 30818 30320 33456
32993 30813 28975 30619
31378 31823 30938 32638
33850 30529 30052 29165
31529 31694 30722 32390
30781 32647 31659 32252
31097 31772 30980 32704
30246 31827 30382 33087
31284 31849 30965 32630
31088 33045 31594 31877
31877 30161 29781 32334
30895 31396 30746 33072
31266 32530 31581 31130
31602 32352 32266 30671
31366 31785 30959 32785
32492 30946 31887 28972
29639 30707 30036 33514
31362 32550 32229 30933
33313 30396 29910 31602
31606 31133 31362 32458
30609 33284 31620 32115
32002 33470 30281 30980
30881 32844 31589 32295
31159 32465 31677 31848
31223 31390 31981 31583
30959 32857 31821 31910
32155 33047 31062 31549
30552 32551 32144 32153
30044 31687 30720 32915
31051 32854 31723 32065
31777 31382 31462 32196
33226 30779 29001 30355
31627 31529 30521 32339
30311 31838 30500 32973
31877 32155 31885 30849
33103 30674 29048 31422
30416 33360 31533 31904
33841 30446 30152 29462
33715 30636 30134 29882
33228 30669 28622 31458
31584 32301 32320 31389
31030 33005 31680 32036
33305 30885 30774 29153
29780 31192 29516 33601
31177 31959 30971 32501
32976 30762 29045 30401
31384 31745 30886 32320
31680 32108 32150 31187
31173 31887 30821 32678
30460 33311 31682 32079
31331 31354 31485 32274
33215 30634 29073 31226
31507 32200 31910 31484
32658 30639 31412 29554
33642 30249 30510 29210
30852 32658 31767 32091
31391 32670 31487 30918
29845 31364 29906 33367
30591 33191 31669 31866
30978 32353 31729 31853
33205 30588 29029 31582
32948 30835 28726 31884
31586 32328 32435 31183
33174 30770 29036 31576
33441 30574 29710 30868
32291 32925 31148 31292
30560 32542 32112 32145
31468 32703 31520 30697
31126 31811 31019 32633
33092 31270 28717 31569
32005 33134 31420 31499
30452 33069 31902 31799
33311 30874 29121 30268
31149 32314 31117 32224
31554 32150 32381 31231
32396 30936 31807 29153
31899 32248 31901 30759
29574 30911 30620 33419
31162 32571 31846 30743
32951 31162 31329 28694
30830 32567 31746 32212
33186 30653 29115 31458
30652 32955 31617 32337
31969 32082 31874 30637
31073 32130 31418 32146
31473 31551 31008 32365
31217 31910 30847 32363
33887 30494 29995 29411
