107 4.72425
3056 3584 2552 3235
2942 2810 3409 3318
2831 3812 2779 3070
2748 3044 2883 3618
3541 3187 2776 3011
2622 3052 3600 2946
2475 3357 3217 3348
3038 3404 3369 2712
2808 2848 3440 3255
2514 3351 3253 3327
2937 3602 2557 3339
3194 3346 2587 3342
3077 2872 3445 2779
2489 3424 3249 3223
2530 3234 3230 3387
3189 3420 3239 2733
3068 2831 3454 3030
2818 3078 3003 3591
3496 3203 2853 2981
3517 3184 2848 3030
2705 3075 3089 3584
3112 3429 3268 2761
3521 3188 2831 2947
2643 3100 3566 3191
2780 3057 3059 3605
3378 3269 2654 3084
2880 2824 3559 2950
2543 3340 3342 3163
3161 3359 3266 2751
3361 2873 2727 3167
3535 3187 2790 2960
2673 3237 3574 2934
2764 2910 3592 3001
2924 3623 2616 3347
3167 3390 2626 3352
3003 3469 3280 2747
2578 3335 3126 3442
2601 3186 3579 2866
3004 3429 3285 2724
3174 3395 2603 3324
3351 3416 2630 2975
3097 3405 2598 3294
2718 3102 3163 3511
2911 3793 2949 3029
3467 3287 2758 2946
2924 3783 2917 2841
2564 3190 3550 2957
2987 3732 2896 2835
2972 3469 3341 2720
2863 2924 3561 3186
3451 2944 2825 3053
3393 3260 2711 3159
2483 3425 3273 3226
3475 3254 2756 3037
2892 2899 3532 3006
3108 2903 3430 2903
3332 3343 2666 3170
3310 3106 2769 3321
3015 3440 3275 2714
2739 3103 3101 3569
2811 3114 3035 3556
3073 2972 3438 2877
2813 2981 3536 3111
2609 3108 3528 2997
3082 3202 2687 3437
3159 3643 2742 3203
2553 3277 3159 3462
2674 3502 3384 2766
3408 3283 2705 3047
2667 3618 3120 3293
2615 3153 3551 2979
2903 3219 3314 3351
3159 3545 2649 3243
3438 2987 2954 3045
2820 3162 3098 3550
3373 3125 2941 3148
3484 3212 2975 3002
3492 3203 2810 3044
3079 3667 2874 3125
2805 3034 3398 3309
2826 3306 2889 3519
3051 3721 2915 2807
3102 3181 3352 3201
3355 3179 2942 3010
2932 3518 2845 3451
2758 2977 3480 3297
3054 2935 3153 3370
3185 3061 3346 3017
2837 3233 3227 3402
2974 3038 3386 3185
3077 3496 2590 3282
3274 3506 2982 2969
3416 3261 2960 2982
3171 3314 2607 3376
2843 3078 3002 3574
3105 3412 2673 3269
3142 3695 2685 3172
2654 3296 3458 3186
2862 3021 3083 3560
2568 3072 3590 2917
2988 3473 3329 2787
2888 3310 3018 3487
3398 3182 2708 3137
2745 3129 3044 3564
3215 3418 3165 2801
2692 3064 3541 3225
3002 3414 3280 2782
3004 2827 3506 2942
3131 3385 3249 2815
2943 3764 2781 3014
2686 2992 3139 3546
3251 3015 3218 2823
2656 3213 3545 2938
3111 2883 3219 3192
2964 3133 3520 3062
2874 3770 2950 3167
2977 2917 3515 3013
3031 3697 2701 3300
2721 3175 3038 3541
2981 2963 3557 2962
3237 3243 3263 2945
2574 3444 3143 3413
3282 3313 2608 3240
2819 3805 2847 3018
2956 3747 2746 2989
3322 3521 2821 2914
3264 3010 3306 2963
3415 3091 2794 3088
2782 3048 2950 3611
2713 3128 2972 3615
3291 3513 3015 2795
2945 3376 3058 3430
3062 3657 2945 2785
2848 3227 3005 3543
3460 3196 2805 3060
2766 3116 3008 3571
2832 3257 2843 3504
3018 2892 3474 2939
2732 2955 3419 3372
2892 2985 3406 3258
2882 3401 2807 3495
2999 2942 3145 3447
3368 3168 2773 3103
2790 3223 3298 3332
3114 2888 3413 3038
3429 3224 2892 3032
3226 2906 3326 2794
2632 3355 3297 3224
2755 2965 3486 3248
2947 3715 2678 3255
2855 3774 2963 3220
3023 3774 2883 2772
2730 3763 2856 3258
3313 3209 3011 3234
3425 3327 2908 3041
2809 3265 3070 3528
2990 3566 2663 3352
3455 3282 2817 3081
2761 2967 3586 2992
2952 3590 2657 3321
2939 3586 2645 3352
2591 3406 3271 3272
2551 3360 3372 3109
2759 3116 2995 3607
2639 3338 2987 3524
2905 3607 3068 3096
3307 2975 3203 2863
3202 3583 3166 2777
2935 3703 3000 2857
2991 3477 3242 2809
2832 3810 2948 2991
3126 2915 3180 3245
3076 3637 2955 2832
3086 2898 3432 2898
2604 3169 3509 3216
2746 3741 2881 3249
2967 2961 3434 3135
2709 2927 3378 3376
3236 3551 2946 2821
2710 3648 3205 3113
3005 3025 3410 3034
3116 3470 3229 2811
3107 3558 2697 3232
3447 3071 2883 3071
3179 3004 2989 3349
3153 3207 2836 3382
2894 3759 2977 3050
3114 3700 2811 3162
3331 3139 3130 2996
2637 3471 3182 3329
2866 3653 3075 3179
3400 2957 2884 3099
2661 3358 3258 3237
2731 3672 3046 3150
2962 3646 3055 2973
3091 3250 2721 3434
3363 3014 2849 3161
2777 3796 2820 3069
3027 3726 2905 2792
3139 3362 2749 3386
3121 3249 2899 3353
2683 3571 3053 3289
2931 3578 3325 2940
3463 3235 2854 2980
2948 3169 2958 3515
3047 3427 2786 3425
3031 3119 2815 3467
3423 3168 2988 2969
3442 2951 2893 3092
2670 3332 3427 3178
3229 3532 3005 3037
3327 3279 3105 2893
2790 3593 3110 3130
2688 3008 3502 3272
3345 3378 2790 3069
3045 3133 2690 3484
3222 3353 3203 2951
3318 3347 2927 3087
2559 3123 3521 2992
3034 3689 3002 2854
2889 3337 2998 3480
2853 3463 3340 2861
3030 3157 2681 3464
2764 3297 3246 3364
3035 3009 3113 3439
2659 3292 2990 3531
3222 3621 2815 3132
2851 3800 2717 3064
3074 3251 2734 3445
3094 3387 3349 2792
3264 3494 3098 2858
2901 3411 3334 3074
2886 3197 2903 3547
2796 3397 3337 3077
2760 3615 3103 3057
2930 3753 2984 2906
3269 3336 2724 3373
3245 3121 3267 2972
2708 3029 3067 3581
3070 2937 3501 2892
2772 3455 3200 3407
3290 3450 3093 2842
2664 3176 3070 3563
2865 3509 2933 3391
3043 3656 2953 2852
2586 3475 3225 3189
3480 3192 2848 3020
3336 3055 2862 3153
2928 3581 3160 2839
3012 3538 2993 3267
3060 3745 2861 3100
3303 3053 3197 2933
3248 3408 3141 2804
2960 3682 2968 2880
3188 3070 3358 2909
2881 3670 3021 3118
2739 3140 3376 3218
3195 3253 2783 3398
3266 3334 2980 3086
2776 2940 3464 3269
3137 3679 2850 2913
2878 3749 2740 3222
3200 3561 2873 3057
2651 3307 3216 3341
2993 3251 3293 3230
2662 3373 3262 3174
2715 3090 3537 3236
3299 3290 2671 3298
3206 3281 3343 2999
3286 3299 2913 3266
2997 3611 3030 2829
2754 3482 3331 3157
2695 3082 3484 3274
2769 3474 3233 3286
3279 3205 3144 2904
2728 3323 3469 2951
2633 3215 3195 3420
3087 3241 3363 3053
2953 3190 2986 3507
2585 3194 3491 2985
2825 3064 3074 3580
3149 3683 2804 3141
3387 3158 2892 3138
2805 3172 3135 3491
2947 3746 2882 2819
3085 2930 3424 2846
3045 3498 3231 2774
3023 3319 2855 3405
3075 3419 3202 2899
2936 3101 3256 3457
2786 3200 2945 3557
2926 3342 2755 3459
2935 3137 3222 3493
3085 3436 3130 3115
3004 3217 3051 3336
2991 3066 2875 3433
3065 3381 3319 2883
3046 2999 3511 2912
3032 3661 2986 2870
2967 3718 2755 3239
2917 2954 3545 2986
3059 3097 2973 3409
3212 3541 2961 2868
2915 3088 2771 3522
3044 3068 2910 3419
2574 3564 3208 3092
3086 3041 3026 3360
2789 2950 3436 3305
3283 3481 2957 3105
3152 2948 3127 3219
3069 2989 3481 2836
2739 2995 3449 3312
2841 3361 2941 3476
3051 2999 3199 3259
2792 3326 3424 2844
2562 3263 3499 2831
3253 3278 3172 2881
2697 3510 3237 3157
3336 3293 3034 2874
2613 3305 3392 3251
3025 3639 2716 3252
3129 3675 2870 3109
2784 3757 2814 3225
3129 3627 2802 3197
2887 3632 2634 3359
3021 3445 2923 3362
2912 3492 3215 3205
3127 3345 3175 3083
2648 3368 3290 3315
3016 3449 2796 3381
3099 3303 3360 3124
3223 3543 2928 2960
2678 3148 3512 3067
2858 3483 2943 3340
2701 3630 3076 3180
2594 3348 3342 3137
2747 3047 3522 3261
2744 3387 2868 3496
2996 3177 3389 3161
2914 3163 3462 2998
3217 3375 2694 3294
3155 3357 3190 2909
3410 3215 2921 3043
3219 3123 2642 3379
2952 3738 2957 2827
2887 3166 2935 3533
2980 3142 3102 3475
3129 3350 3255 2849
2783 3677 2997 3080
3268 3305 3137 2896
2807 3143 3115 3498
2908 3246 3122 3427
2798 2976 3587 2921
3038 3650 2915 2915
3076 3372 2866 3396
3282 3555 2851 2967
3301 3475 2900 2919
2950 3291 3118 3394
2948 3640 2690 3307
3252 3529 3124 2851
3071 3447 3039 3177
2644 3334 3316 3182
2793 3612 3076 3134
2824 3135 3093 3502
3060 3432 2744 3414
3138 3627 2919 3051
2922 3145 3507 3040
2816 3604 2984 3194
3124 3045 3087 3314
3165 3625 2804 2964
2790 3779 2751 3098
2774 3535 2920 3411
2886 3725 2717 3278
2820 3708 3147 3022
3150 3305 3277 2834
2685 3513 3185 3195
2949 3632 2981 3097
2870 3086 3282 3380
2627 3506 3157 3317
3255 3252 3095 2931
3258 3328 3066 3116
3145 3400 3272 2805
3404 3065 3107 2959
3017 3229 3365 3227
2792 3211 3489 2930
2891 3683 2729 3271
2795 3082 3156 3521
3324 3271 2732 3138
3101 3155 3127 3263
2841 3800 2938 3053
2970 3528 3327 2948
2716 3022 3499 3289
2929 3573 2698 3347
3178 3113 3282 3149
2814 3563 2893 3338
2978 3694 2937 3023
3294 3430 2903 3208
2799 3609 2992 3350
2853 3058 3578 3025
2612 3386 3334 3101
2824 3106 3382 3277
3402 3076 2828 3151
3449 3027 2887 3042
3480 3230 2751 2989
3119 3027 3064 3325
3341 3214 2936 3068
3261 3417 3123 2828
2617 3289 3379 3260
3008 3006 3416 3178
3431 3405 2863 3012
2933 3567 3095 3223
3197 3238 3278 3087
2679 3147 3497 3018
2802 3140 3426 3180
3366 3350 2808 3033
2725 3282 3477 2890
3100 3285 3320 3004
3193 2996 3245 3121
3433 3157 2884 3024
3288 3592 2901 2966
3162 3705 2764 3151
2784 3421 3395 2997
2890 3777 2764 3043
3240 3311 3088 3023
2736 3050 3446 3192
3459 3259 2866 3038
2625 3496 3210 3208
2915 3663 3042 2926
2981 3015 3494 2923
2862 3365 2816 3471
3039 2931 3427 2977
3010 3083 3417 2928
3217 3073 3291 2888
2846 3388 3133 3368
2747 3303 3345 3210
3252 3329 3084 3055
3189 2885 3384 2994
3027 3504 2774 3392
2968 3440 3383 2908
3146 3501 3043 2886
3322 3274 2880 3106
2797 3466 3223 3196
2987 3208 3187 3400
2777 3737 2965 3122
2880 3188 3403 2885
2968 3533 3245 2837
2906 3110 3463 3147
2629 3588 3158 3155
3134 3095 2904 3356
2770 3317 3131 3424
2918 3624 2750 3301
3134 2953 3082 3389
2735 3120 3496 3229
3247 3305 2877 3287
3341 3407 2944 2893
3064 3479 2796 3355
3198 3570 2961 3005
3162 3271 3236 3021
3243 3533 2988 2875
3059 3282 3399 3066
3302 3274 3057 2974
2813 3043 3466 3233
2961 2905 3371 3221
3010 3321 3010 3421
3174 3381 2925 3262
2834 3078 3472 3187
3072 3460 3169 2957
3297 3550 2984 2793
2845 3288 3354 3172
3209 3543 2952 2966
2896 3535 3109 3283
3293 3166 3117 2873
2788 3489 3223 3101
2675 3170 3475 3291
2910 3459 3288 2993
3078 3407 3212 2890
2605 3232 3148 3447
3164 3449 3192 2905
2872 3598 3100 3146
3181 3595 2950 3004
3271 3008 3240 2840
2598 3224 3467 3284
2982 3751 2879 2829
2875 3093 3315 3354
3084 2890 3183 3261
3030 3106 3309 3207
2647 3526 3198 3146
3008 3610 2738 3256
2920 3541 3107 3279
3032 3664 2839 3174
3154 3393 2638 3354
2751 3350 3291 3291
2965 3675 2639 3328
2984 3456 3252 2934
2899 3579 3112 3163
3358 3317 3017 3001
2598 3146 3516 3025
3518 3270 2754 2940
3390 3146 2878 3084
3003 3095 2775 3471
