988 185.042
25926 23871 28771
25090 25159 29048
28308 25466 25591
27093 27250 25301
25485 27702 26181
26453 24254 28557
25821 23890 28795
25996 23960 28745
25959 24018 28767
25382 25387 28852
25488 27658 26173
26586 24201 28401
26556 24296 28454
28286 25547 25861
28236 25568 25948
28293 25510 25607
26169 24841 28367
27904 25702 26781
27137 27029 25840
26950 25987 27389
26028 23986 28732
26512 24102 28515
25538 24752 28678
27728 26731 25756
25840 27535 26052
27805 26595 25711
25979 24059 28766
28261 25622 25647
27504 26381 26477
27956 26173 26103
25162 25198 29005
26283 24366 28699
27047 27197 25381
27132 27145 25544
25636 27555 26209
27542 26262 26837
27746 26780 25565
28110 25977 25772
27647 24968 27216
25198 25741 28231
28258 25804 25657
25577 24409 28781
25100 25170 29021
28158 26048 25429
26081 26684 27504
27016 27183 25412
26465 24062 28523
27109 25205 27528
26404 25911 27743
27733 26772 25672
25245 25397 28923
27478 24720 27456
27837 26580 25891
25310 25373 28916
27927 26017 26501
26307 24533 28522
25361 25407 28881
25770 27461 26370
27363 27011 25460
25950 24695 28504
28183 25848 25613
27814 26388 26025
27079 27284 25353
27057 24521 27940
26208 26758 27298
25449 24792 28644
27276 27118 25321
26492 24436 28484
26046 27392 26379
25679 26415 27798
27313 24949 27601
27442 26369 26762
26720 24429 28254
27189 24585 27780
27719 26719 26001
26351 24826 28312
28120 25900 25984
26641 24561 28370
26751 26336 27209
27667 26806 25732
25415 27701 26190
26449 24311 28621
27674 25052 27074
27991 25741 26460
25132 25494 28667
28037 25635 26311
26659 25488 27914
27120 27231 25312
26309 25729 28166
25235 25432 28831
27233 24999 27560
26488 25073 28269
27614 26277 26571
25144 25154 29030
28027 25624 26346
27448 25577 27230
27009 26691 26543
25550 27590 26343
26363 24737 28347
27889 26434 25957
25284 25437 28800
26097 24393 28600
28043 26295 25622
25266 25310 28939
25859 26210 27858
27021 24493 28020
26621 24111 28472
27218 26161 26996
27275 25587 27404
27199 26710 26257
26323 24149 28655
26978 24913 27873
25169 25287 28969
26911 25932 27418
27031 25230 27813
27774 26632 25823
27858 26155 26487
28198 25839 25806
25603 25042 28540
28212 25287 26130
28152 25893 25789
25396 25350 28865
26836 24383 28118
26606 26196 27373
25469 25766 28199
28168 25849 25696
27429 25711 27135
26629 24732 28239
26791 25476 27726
25905 24781 28465
26223 24595 28585
25619 24991 28616
27303 27168 25319
26521 24193 28481
27784 25014 26952
26591 24177 28378
26708 24482 28201
28084 25825 26155
27556 25214 27331
26131 26650 27536
26781 26567 27059
26539 26147 27616
28204 25883 25473
27068 27269 25366
28065 25965 26080
27794 26463 25962
27923 26183 26017
27586 26286 26479
26646 24623 28273
27320 26990 25501
26955 27044 26246
26935 24600 28043
25588 27565 26214
27764 26522 25939
27740 24906 26968
26847 24455 28097
26185 27372 26587
27160 26064 27146
28002 26374 25907
26857 26849 26800
26080 26666 27544
27773 26229 26529
26482 24676 28386
27410 26946 25814
25431 25298 28428
27830 26109 26576
26070 24940 28336
27518 26857 25873
25759 27370 26614
26373 26356 27570
27854 26084 26749
25808 24860 28510
26242 27365 26551
26429 27357 26157
27092 26955 25924
27405 26010 27063
25731 24949 28446
27391 26573 26293
27271 27113 25488
27267 27058 25517
27183 26584 26427
26961 24981 27982
28276 25859 25588
25807 24711 28715
27470 26894 25883
27330 26884 25976
25206 25285 28983
25751 27573 26197
25224 25124 28991
27369 27061 25450
26516 26834 26808
27975 26035 26336
28019 25672 26414
25695 27417 26510
25905 27438 26416
25560 25498 28312
26894 25330 27757
25256 25414 28821
26970 25088 27922
26101 27324 26734
26040 26831 27089
26189 24332 28727
26884 27159 25510
25405 25339 28897
27355 25568 27309
27464 26329 26628
25966 24128 28747
26245 26997 26830
27146 25359 27430
26671 26598 27126
25873 27074 26887
27252 26671 26390
26016 25818 27965
27568 25441 27075
25662 27128 26871
27997 25686 26366
25879 24813 28393
25330 25423 28818
26889 26239 27151
26187 27221 26777
27228 25946 27255
28092 25863 26115
26531 25533 27972
26344 24868 28325
26488 27210 26322
25220 25173 28978
25920 25103 28320
25613 25036 28545
26366 25525 28099
26265 27299 26676
25854 26771 27584
26578 26397 27281
26799 25296 28153
25952 25215 28213
25291 25376 28913
28050 26124 26068
27331 25565 27360
26761 25455 28145
25123 25869 28045
27420 25150 27339
28135 25760 25981
25653 27108 26879
25831 27493 26367
26224 25958 27866
26817 26172 27294
26755 25604 27670
25710 27178 26858
26497 27192 26632
26772 26217 27316
25923 23975 28778
27688 26759 25696
26264 27289 26688
26994 26833 26401
25326 25328 28910
26071 24638 28522
26194 25794 28085
27433 25633 27189
27012 27141 25581
26196 27343 26731
26326 24885 28319
26535 27263 26040
26860 24619 27999
25801 26872 27037
27237 26869 26122
27472 26979 25745
25949 27055 26943
25879 25271 28329
27879 26099 26516
26281 26712 27265
25936 27512 26267
26282 27314 26668
26276 26444 27410
25888 27394 26417
28104 25320 26273
27592 25412 27097
28007 25812 26302
27073 26531 27024
25967 27412 26133
28165 25694 26064
27060 24893 27867
25360 25304 28960
26274 24931 28299
27528 25140 27440
27000 26762 26865
27153 25089 27803
26729 26606 26985
27765 25650 26839
25661 26203 27889
25962 26930 26914
26412 25751 27986
27372 25192 27483
27626 24741 27354
27293 26484 26693
26427 25944 27697
25978 26317 27714
26470 24719 28339
26758 24677 28181
27170 26965 25800
26271 25781 28012
26394 25777 28063
27324 26491 26644
25551 27505 26302
26398 27423 26117
27212 25115 27574
27291 25242 27427
26216 24803 28372
27397 26519 26286
26384 26308 27464
26317 26611 27252
25844 27027 27022
26564 24160 28428
25798 26909 27047
27607 26722 25964
25686 26271 27735
25723 26104 27878
26486 26703 27003
25627 27609 26092
27620 26508 26228
26092 26922 26985
26119 26904 26899
25413 25019 28634
25983 26236 27789
25630 26473 27827
27597 26588 26232
26444 25689 27896
26173 26181 27676
25387 25345 28893
25785 27376 26422
26214 25790 28034
26021 25891 27951
27035 26642 26898
28069 26096 25529
26549 24653 28283
26831 25349 28112
27381 26327 26803
25789 27086 26907
28145 25673 26075
27103 24490 27821
25500 26019 27929
27167 24488 27910
27339 26476 26675
26945 27063 26088
26236 27337 26703
25347 25350 28904
26805 25721 27638
26456 26422 27324
27707 25140 27054
27966 25973 26656
26140 24763 28403
27700 25855 26804
26000 24392 28633
26770 26027 27651
25496 27480 26504
26699 24464 28225
27632 25182 27181
26441 26724 26960
26915 26790 26661
26987 26941 26446
26451 27240 26329
26677 27331 26010
27970 26444 25567
27522 25611 27227
26924 24776 27997
25508 27652 26134
27680 25890 26846
26824 25352 28073
26378 26658 27082
26596 26676 27041
25525 25278 28426
25994 27384 26389
25712 27574 26144
26568 24352 28427
26583 27006 26614
26677 26141 27377
26689 24565 28191
25356 25536 28413
26766 24120 28251
26628 24139 28383
25336 25380 28885
25826 26628 27682
26876 27249 26278
28071 26095 25356
26504 26073 27630
27877 26189 26270
26418 24590 28418
26110 26789 27111
25592 25541 28218
27654 26548 26106
26139 26549 27596
28205 25366 26041
26503 25876 27768
26385 26964 26710
27209 26225 26891
26744 25381 28177
26956 26816 26464
26142 24940 28303
25113 25143 29032
27347 25137 27490
25454 24995 28589
27823 26302 26372
25931 26042 27848
26734 26264 27223
27247 25932 27065
26342 24657 28510
26787 26120 27334
26115 26925 26934
27087 26400 26925
26393 24343 28553
26559 26079 27493
25112 25107 29042
26331 26855 27009
26668 26034 27453
25571 27627 26147
26376 26653 27197
25417 25381 28441
26544 25134 28258
25763 27482 26481
25240 25442 28789
25775 27079 26941
25498 24708 28737
27895 26310 26194
26697 26522 27249
26289 27094 26652
26290 26089 27661
26246 26939 26745
26158 24609 28518
26434 26916 26869
25988 26535 27660
25900 25247 28251
26868 25106 27838
26008 26994 26852
26269 25749 28128
26256 26976 26699
26846 26134 27280
26686 26582 27158
27284 26542 26879
26965 26129 27178
25515 27604 26269
26391 24361 28533
26853 26541 26974
26152 25801 28027
26183 26014 27838
27116 27181 25377
26843 25449 27719
26902 26268 27146
26159 26860 26895
25460 27630 26227
26592 25662 27944
25491 27513 26441
27855 26465 25916
26339 24476 28521
28126 25313 26186
26921 26297 27110
26697 26190 27349
25887 26802 27339
27661 26025 27019
26239 27334 26720
26808 25316 28136
26812 25678 27590
26548 26091 27479
25331 27152 27014
27637 24571 27366
27725 25834 26853
26458 27277 26182
26455 25030 28295
25729 27523 26280
26840 26072 27444
26368 24333 28645
28045 25938 26137
25271 25440 28731
25517 25257 28521
26888 24566 28054
26254 27132 26728
26151 27069 26840
27786 26405 26213
27084 27179 25423
25358 27643 26199
26585 24572 28289
25522 27621 26238
26854 24301 28074
26746 25665 27763
25459 25292 28432
27045 25179 27595
25492 27633 26203
27454 25764 27040
26767 26968 26471
26855 26402 27169
27155 27081 25738
26623 26361 27367
25231 25197 28969
27021 26823 26375
25264 25109 28990
26544 24774 28279
26985 26787 26645
26269 26154 27710
25536 25496 28421
25655 27100 26904
25572 27615 26240
26518 25816 27691
25718 25252 28531
