508 60.1782
18180 19221
17899 19410
19061 18129
19136 18064
19153 17880
17969 19370
19074 18126
18090 19326
18016 19362
19046 18250
18721 18746
17974 19367
19178 17833
19056 18133
19147 17984
17889 19414
18651 18824
17715 19517
19138 18044
17798 19450
17679 19521
17719 19482
18548 19048
17733 19475
17968 19383
17891 19413
18636 18920
18429 19086
18505 19057
18839 18672
18596 18995
18572 19031
19017 18358
18641 18845
18580 19002
18106 19304
18028 19340
18576 19029
18789 18687
18617 18947
18482 19071
18476 19081
18056 19332
17830 19437
18969 18403
18266 19158
17404 19609
18611 18971
18156 19275
17646 19534
19041 18296
19032 18316
18163 19264
18929 18537
18801 18674
18739 18733
18396 19122
18311 19124
18237 19219
18117 19279
17875 19433
19055 18229
18758 18718
18682 18823
18525 19050
17533 19592
18994 18366
18981 18373
18957 18427
18896 18566
18848 18609
18709 18765
18703 18796
18284 19125
18250 19212
18115 19298
17605 19561
17339 19663
