9 0.1904
7235 7084 7646 6341
7524 6918 7115 6491
7284 7304 7318 6223
6959 7087 7615 6843
7507 7120 7292 6561
7372 7335 6988 6151
7009 7038 7696 6862
6829 6877 7772 6842
6811 6860 7870 6769
6720 6872 7871 6672
7513 7071 7212 6375
7402 7135 7332 6592
7198 7032 7657 6422
7176 7029 7909 6385
7155 7164 7599 6829
7093 7139 7372 6918
6970 6787 7319 7041
6836 6666 7889 6771
6794 6844 7713 6862
7631 6920 7199 6356
7588 6993 6982 6565
7562 7229 7088 6561
7516 7114 7203 6558
7293 7246 7426 6570
7276 6906 7946 6522
7259 7286 7320 6689
7220 6917 7611 6633
7167 7108 7614 6819
7148 7247 7491 6792
7127 6941 7674 6529
7079 7420 7605 6381
7035 7590 7504 6361
7033 7518 7437 6398
7031 7419 6595 6533
6993 7327 7095 6960
6968 7408 7648 6540
6937 7092 7561 6862
7619 6847 7006 6417
7616 7032 7136 6390
7575 7286 6893 6109
7560 6958 7264 6332
7534 6899 7322 6440
7475 7166 7316 6631
7432 7178 7231 6705
7384 7182 7334 6558
7304 7121 7618 6463
7301 7068 7639 6566
7289 6993 7561 6588
7261 7170 7542 6594
7242 6498 7580 6679
7169 7170 7426 6790
7105 7123 7454 6865
7078 7408 6509 6520
7047 7438 7465 6372
7007 7538 7447 6390
7002 7089 7553 6920
6979 7237 7644 6488
6792 6882 7743 6827
6789 6848 7782 6786
6767 7041 7828 6792
6681 6772 7970 6696
6674 6817 7839 6904
7629 7044 6934 6697
7603 7077 6902 6746
7598 7134 6938 6777
7556 7140 7037 6663
7546 7326 6992 6022
7511 6966 7220 6353
7506 7278 7001 5993
7501 7044 7261 6656
7467 7354 6927 5935
7463 7130 7176 6642
7435 7126 7319 6784
7411 7291 7017 6123
7388 7186 7249 6632
7387 7319 6904 6055
7360 7017 7256 6793
7342 7211 7302 6653
7318 7017 7723 6341
7307 7232 7341 6663
7296 7026 7904 6512
7248 6596 7366 6867
7245 7147 7484 6793
7228 7243 7549 6595
7227 7077 7899 6406
7219 7032 7907 6366
7202 7051 7111 6809
7172 6887 7846 6538
7150 7053 7845 6414
7135 7084 7599 6935
7130 7469 7488 6300
7125 7363 6566 6630
7113 7119 7493 6889
7097 7117 7623 6817
7094 7431 7325 6353
7059 7228 7529 6832
7027 7419 7429 6423
6975 7377 7116 6925
6964 7533 7618 6519
6955 7328 7146 6976
6925 7302 7702 6430
6917 7232 7715 6514
6795 7240 7004 7033
6793 6974 7847 6738
6756 6843 7878 6706
6647 6993 7878 6689
7702 7297 6890 6168
7587 7253 7023 6042
7586 6910 7190 6401
7569 7108 6941 6695
7568 7055 7047 6256
7541 6975 7280 6272
7532 7246 6989 6168
7517 7261 6892 6207
7493 7158 7187 6622
7473 7226 7328 6606
7469 7168 6874 6617
7462 7180 7309 6668
7455 7283 6949 6087
7452 7155 7241 6682
7450 7069 7408 6780
7446 7378 6914 6015
7426 7188 7372 6532
7419 6944 7734 6522
7408 7205 7357 6496
7400 7180 7270 6670
7386 7212 6770 6638
7379 7189 7280 6772
7376 7233 7265 6507
7370 7258 7272 6708
7369 7121 7596 6527
7356 7295 7266 6701
7353 7161 7498 6731
7342 7010 7759 6521
7314 7418 6798 6514
7275 7009 7209 6835
7270 7214 7431 6590
7249 7071 7634 6340
7196 7040 7512 6655
7195 7130 7876 6413
7192 6463 7581 6722
7190 7303 7487 6614
7188 7157 7478 6754
7181 7441 6867 6362
7154 7185 7333 6947
7147 7484 6859 6403
7147 7448 6879 6423
7145 7090 7655 6824
7117 7383 7454 6402
7097 7387 6503 6546
7077 7465 7381 6316
7065 7578 7509 6317
7064 7385 7545 6477
7026 7385 7655 6446
7012 7478 7525 6402
7005 7360 7608 6620
6997 7187 7642 6489
6990 7466 7533 6343
6973 7226 7077 7078
6961 7304 7125 6940
6899 7548 7494 6381
6899 7211 7109 7112
6741 6878 7859 6669
6737 6834 7837 6813
6705 6933 7986 6690
6702 6915 7914 6738
