51 16.7976
23079 21875 23275 23277
23123 21802 23203 23329
22986 22130 23304 23240
22788 22132 23367 23151
22289 21867 24100 22940
23189 21733 23055 23589
23177 21850 23178 23462
22264 21232 22534 24139
23575 22324 23444 22474
23262 22727 23387 22633
23015 21745 23470 23208
22875 21784 23041 23680
22423 21368 22551 24094
23524 22510 23340 22518
23508 22432 23468 22527
23472 22349 23113 22537
23390 22460 23385 22721
23157 22156 22852 23610
23101 21820 23445 23336
23579 22341 23384 22505
23448 22556 23314 22625
23430 22598 23298 22532
23424 22565 23136 22535
23366 22560 23536 22699
23325 21938 22828 23382
23239 22581 23329 22781
23220 21954 22860 23329
23126 22142 22766 23676
22982 22056 22924 23672
22925 21689 23198 23699
22386 21174 22652 24088
23330 21849 22952 23376
23267 22235 22837 23394
23265 22540 23188 22736
22990 21695 23081 23533
22519 23098 22952 21630
23578 22367 23391 22333
23462 22146 23577 22820
23388 22663 23521 22620
23183 21643 23272 23461
22821 21750 23255 23677
22562 23006 22984 21617
22550 22011 24061 22956
22290 23071 22900 21736
22208 22988 22807 21917
23463 22430 23360 22609
23346 22120 23478 22998
23307 21928 23154 23532
23296 22351 23123 22762
23228 21773 23402 23129
22938 21803 23432 23557
22915 21739 23133 23593
22888 22176 22882 23420
22829 21897 23197 23596
22720 22190 23400 23442
22591 22392 23567 23172
22524 23016 22730 21743
22432 23013 22778 21730
23504 22052 23607 22533
23379 22220 23316 22973
23302 22139 23428 22879
23204 21726 23292 23249
23007 22979 22959 22591
22871 22388 22790 23372
22763 22062 23356 23206
22262 22988 22906 21691
22226 21337 22749 24008
23861 22293 23102 22585
23544 22384 23268 22370
23164 22116 23820 22881
23104 22066 23140 23244
22871 22965 22997 22553
22833 21810 23103 23689
22769 23199 22538 21724
22721 22834 22882 22598
22649 22939 23011 22690
22500 23134 22711 21738
22368 23125 22790 21807
22186 21192 22731 24104
23824 22334 23020 22504
23639 22423 23324 22318
23446 22464 23373 22600
23323 22389 23107 22742
23301 22167 23479 23030
23192 22380 23428 22835
23094 21555 22645 23689
22972 22284 22522 23132
22852 23099 22692 21533
22841 22403 22703 22882
22699 22984 22938 22600
22562 21052 22445 24001
22560 23204 22745 21669
22480 22069 23963 22898
22446 23202 23068 21547
22443 23100 22904 21725
22428 23272 22863 21620
22316 21190 22689 24005
22224 21184 22772 24080
23941 22021 22876 22524
23753 22393 22956 22598
23635 22354 22938 22708
23449 22030 23365 22910
23438 22246 23381 22680
23433 22458 23363 22611
23323 22162 23426 22904
23124 22177 23243 22994
23006 22029 23142 23074
22983 21664 23235 23554
22942 21699 22466 23687
22881 21958 23372 23513
22879 21695 23439 23578
22802 21932 23331 23760
22745 21809 23332 23587
22648 23463 22498 22082
22627 21166 22919 23971
22555 21055 22320 24027
22507 22189 23922 22651
22505 21114 22435 24118
22421 23259 22098 22194
22381 22158 23902 22734
22319 21181 22834 24062
22208 21279 22820 24032
22045 21266 22224 24135
21128 21611 22463 24227
23680 22302 23118 22732
23465 21765 21880 23374
23106 22213 23726 22804
23060 22534 22559 23099
23009 22340 23635 22975
22991 21652 23266 23491
22972 21765 24044 22915
22910 22006 23434 23363
22814 22091 23326 23508
22754 22708 22688 22651
22646 22201 23912 22575
22633 23000 22738 21832
22544 22075 23334 23907
22441 20922 22457 24058
22423 23052 22691 22515
22088 23184 22823 21894
21859 22742 21277 22886
21836 21169 22135 24167
21034 21741 22470 24090
24128 21940 22908 22339
23853 21630 21960 23134
23621 22344 22961 22365
23581 22341 23208 22951
23220 22032 23993 22874
23175 22226 23722 22902
23147 21798 23984 22917
23111 21994 24031 22983
23032 22923 22336 21322
22984 23178 22686 21312
22927 22837 23415 20896
22869 22351 22976 22978
22812 22819 23640 20890
22722 23469 22567 21689
22708 22082 23985 22801
22561 23380 22701 22077
22557 22985 22785 21699
22551 22130 23218 23899
22525 21841 23078 23976
22514 22523 23848 22201
22155 21073 22757 24131
21880 21289 22394 24152
21605 22747 21336 22912
20998 21779 22352 24264
23860 21866 23019 22753
23845 21569 22013 23244
23716 21719 21905 23139
23690 21672 22064 23290
23472 21917 22297 23277
23405 21444 22391 23365
23392 21687 22110 23297
23279 22597 23733 22707
23177 21817 24001 22591
23158 22323 23594 22867
23124 21751 23926 23123
23093 21689 24113 22917
23010 22980 22842 21343
23003 21584 23318 23506
22957 22560 23574 22765
22802 22231 23233 23690
22734 22684 22740 22825
22686 21971 23126 23896
22661 22048 23137 23697
22653 22094 23369 23897
22418 23063 22825 21742
22398 22820 23021 22159
22206 23064 21818 22378
21851 21390 22431 24090
21814 21112 22145 24197
21798 20745 23135 24295
21766 20929 22981 24030
21724 21444 22760 24047
21176 21914 22377 24225
21064 21719 22452 24171
23994 21961 22839 22531
23836 22363 22886 21792
23784 21774 21958 23089
23702 21544 21996 23302
23275 22239 23610 22780
23271 22327 23324 22783
23214 22471 23749 22760
23136 21907 23918 23195
23118 21634 23969 23230
23111 21698 23438 23256
23099 21794 23978 23019
23044 22417 22696 22806
23017 21721 24063 22985
22863 22679 22786 22749
22848 23418 22709 21285
22784 22022 23608 23468
22778 23712 22353 21463
22772 23757 22620 21519
22736 23042 22784 21697
22728 22806 22784 22662
22711 23378 22416 22136
22695 23409 22411 21964
22661 22773 22907 22689
22632 22717 23260 22684
22590 22901 23013 22298
22565 23134 22591 22151
22495 22912 22585 22776
22016 20741 23167 24467
21263 21070 22846 24067
21232 21988 22271 24102
21190 21919 22283 23935
21154 21804 22445 24126
21125 21726 22618 24054
21124 21802 22439 24178
21022 21779 22498 24146
20955 21605 22373 24306
23960 21587 21853 23318
23846 22393 22887 21790
23700 21609 21817 23147
23664 21428 22000 23314
23550 22452 22129 21949
23331 21153 22020 23442
23292 21760 23919 22974
23270 22292 23436 22881
23247 22057 23947 22526
23222 22311 23461 22754
23179 21925 23820 22993
23094 21543 23391 23686
23003 22281 23479 23002
22969 21788 23719 23264
22951 21674 24129 22872
22942 21720 24144 22959
22927 23019 22714 21551
22926 21717 23870 23240
22925 23287 22857 21067
22924 21943 23439 23157
22917 21675 24052 23002
22904 23361 22638 21187
22855 22011 23850 23486
22836 21984 23147 23553
22819 21870 23977 23005
22783 23593 22524 21582
22783 22557 22792 23075
22750 23548 22488 21876
22738 23415 22542 21757
22726 23586 22541 21634
22724 22231 23684 23359
22702 23548 22601 21670
22676 23132 22461 22326
22638 23624 22506 21665
22617 23270 22614 21972
22608 23628 22497 21523
22591 23320 22503 22107
22547 22303 23240 23883
22518 22308 23608 23019
22311 21107 22867 23989
22307 21256 22762 24010
22189 21143 22790 24071
22084 21327 22195 24148
22084 20758 22348 24234
21730 20913 23075 24207
21524 22444 22018 23270
21455 21083 22932 24056
21380 21167 22877 24029
21263 21720 22531 24030
21178 21763 22420 24086
21177 21998 22501 24055
21073 21503 22245 24272
24175 21977 23049 22294
24107 22073 22944 22289
24005 22235 23640 22461
23984 21469 21818 23164
23882 21335 21954 23166
23837 21819 23245 22557
23836 22316 23465 22649
23789 21496 21856 23326
23787 22013 23348 22789
23785 22346 22884 21883
23734 22178 23151 22724
23730 22076 21650 22831
23716 21929 23047 22960
23658 22330 23269 22555
23631 21931 23158 22912
23433 21923 23731 22588
23367 21211 21910 23404
23352 21815 23599 22690
23323 22079 23725 22999
23313 22329 23647 22452
23309 22277 22991 23053
23295 22123 23830 22461
23284 22437 23725 22546
23283 22547 23671 22623
23260 22468 22705 22752
23224 21823 23958 22685
23211 21945 23982 22935
23168 22351 23773 22609
23134 22353 23594 22963
23115 21539 23437 23616
23056 21575 23238 23574
23016 23368 22787 21160
23003 21724 24055 22856
22984 22398 22802 22866
22982 22352 23532 22964
22949 22063 23298 23505
22902 21471 23276 23762
22899 23256 22833 21224
22884 22556 22600 23160
22881 21779 24031 23139
22850 21814 23982 23234
22821 22195 23259 23611
22812 23266 21785 22216
22789 23434 22283 21972
22773 21741 23864 23271
22759 22161 23858 23035
22758 22151 23450 23349
22750 22879 23034 20881
22746 21960 23590 23496
22705 23070 22779 21302
22704 22301 23587 23336
22679 23347 22487 22085
22669 23335 22986 21334
22640 22792 22974 22703
22616 22255 23380 23885
22606 23553 22371 22001
22586 22296 23164 23897
22568 22275 23226 23721
22101 20930 22487 24194
22045 20698 23065 24364
22025 20719 22897 24401
21817 20892 23145 24230
21782 20924 22958 24181
21676 20894 22895 24321
21669 21051 22965 24037
21649 22376 22055 23419
21585 20889 23128 24232
21435 22469 21994 23193
21244 21735 22286 24197
21017 21727 22551 24024
20997 21811 22754 24063
20988 21641 22595 24084
24200 21805 23081 22319
24192 21929 22974 22238
24097 22098 23648 22471
24011 21473 21723 22896
23956 21601 22005 23151
23924 22005 23645 22508
23913 22009 23646 22545
23898 21615 22961 22742
23870 21431 21942 23330
23866 21529 21889 23168
23847 22192 23349 22549
23790 21982 23053 22900
23776 22245 23615 22497
23772 22066 23040 23030
23742 21554 22046 23276
23730 21415 21694 23417
23684 22022 23115 23273
23673 21169 22011 23360
23637 22014 23171 22668
23587 22003 23189 22824
23513 22073 23595 22601
23471 21169 21925 23492
23436 22457 23637 22626
23379 22237 23845 22433
23355 22265 23647 22582
23329 22225 23827 22796
23277 21900 23839 22675
23274 22791 23729 22568
23200 22370 23756 22692
23176 21788 24027 23084
23149 22407 22882 22820
23133 22023 23997 22400
23131 22516 24000 22526
23130 21659 24194 23122
23051 21959 23285 23336
23043 21495 23075 23702
23012 22385 23166 22792
23001 22173 23671 22958
22993 21778 23451 23484
22955 21986 22955 23397
22947 23589 22444 21883
22943 21707 23541 23284
22942 22643 23732 22823
22941 22565 22722 22855
22941 21812 23685 23221
22885 22810 23787 22623
22805 22582 22686 23114
22804 22529 22635 23117
22786 21556 23140 23798
22777 22191 23792 22939
22756 23674 22623 21446
22749 23176 22574 22307
22746 23025 22698 22416
22708 22252 23834 23623
22706 22340 23543 23092
22696 22627 22770 23020
22692 23263 21843 22160
22690 22881 22846 22867
22668 23640 22384 21547
22666 22942 23530 21093
22650 23815 22473 21943
22636 22696 22575 22921
22624 22364 23077 23649
22608 22366 23556 23366
22580 22983 22961 22432
22571 22791 22958 22856
22453 22377 23402 23383
22411 20212 22757 24121
22379 22812 22860 22840
22369 22266 23523 23521
22323 20877 23037 24174
22218 21134 22973 23979
22214 21199 22881 24003
22047 21190 23158 23919
21998 21559 21931 24108
21950 20786 23286 24074
21946 20967 22717 24179
21941 21678 23396 23636
21906 20726 23285 24126
21895 20890 23103 24347
21845 21034 22848 24106
21836 20900 22987 24255
21752 20910 22928 24238
21730 21018 22959 24279
21379 20995 24247 21988
21308 21570 22151 24535
21212 21404 22178 24326
21141 21364 22189 24329
21083 21455 22166 24240
21074 21451 22152 24362
21043 21907 22706 23927
21027 21741 22669 23999
21024 21457 22203 24286
21014 21441 22155 24401
20934 21764 22486 24172
