314 61.666
27501 27643
27782 27122
27559 27577
26700 28365
26963 28301
26785 28331
27874 26968
26173 28593
26738 28351
27536 27609
27904 26941
26109 28610
27751 27272
26894 28325
27010 28218
27847 27052
27276 28053
27762 27156
27470 27701
27849 26992
27836 27083
27404 27818
27015 28179
27855 26990
27728 27307
27469 27759
25904 28635
27588 27537
27494 27650
27472 27682
26427 28552
27506 27629
26477 28496
27595 27529
27362 27831
27277 28003
27152 28128
26534 28458
26059 28619
27359 27922
26709 28355
26354 28555
27749 27285
27327 27949
27032 28152
28000 26856
27703 27396
27676 27411
27429 27774
27173 28089
26983 28270
26864 28328
27950 26894
27794 27121
27421 27787
27181 28084
27081 28146
27649 27451
27632 27494
26050 28622
27948 26922
27585 27541
27541 27599
27353 27930
26677 28402
26578 28423
26559 28444
26258 28587
27981 26869
27775 27152
27561 27569
26956 28309
26138 28608
26093 28616
25991 28633
25888 28655
