28 2.88399
7433 7392 7642 7403
7531 7465 7620 7312
7467 7457 7745 7369
7961 7385 7788 6971
7473 7107 8188 7018
7321 7109 8127 7064
7942 7340 7802 6951
7441 7120 8135 7061
7969 7644 7554 6969
7904 7271 7830 6981
7848 7306 7726 7145
7767 7414 7691 7276
7533 7202 8258 6488
7447 7533 7590 7346
7434 7229 8181 6952
7415 7436 7707 7379
8041 7706 7524 6899
7959 7662 7562 6898
7953 7514 7715 6941
7917 7550 7833 6955
7897 7257 7886 6955
7857 7526 7995 6980
7853 7520 7918 7017
7850 7521 7967 6988
7807 7403 7755 7144
7766 7428 7675 7194
7736 7681 8062 6750
7731 7759 7709 7115
7544 7141 8270 6531
7466 7204 8185 6893
7456 7131 8209 6944
7445 7108 8339 6456
7440 7129 8178 6958
7420 7145 8238 6990
7405 7179 8177 7044
7945 7569 7636 6967
7916 7559 7844 6946
7887 7293 7940 6929
7863 7283 7772 7111
7862 7532 7900 6980
7861 7869 7893 6977
7840 7169 7845 7051
7807 7527 8102 6894
7802 7610 7732 7118
7507 7184 8305 6943
7479 7234 8111 7118
7448 7185 8137 6987
7447 7205 8203 6922
7429 7127 8284 6955
7424 7343 8125 6918
7421 7237 8152 6854
7415 7247 8154 7002
8006 7546 7674 6981
7978 7553 7711 6947
7929 7608 7821 6874
7905 7552 7632 6988
7871 7629 7941 6973
7833 7551 8068 6824
7786 7997 7947 6947
7760 7436 7631 7137
7747 7347 7727 7259
7737 7660 8053 6821
7715 7425 8119 6951
7676 7676 7674 7160
7434 7171 8146 6979
7425 7207 8151 6957
7411 7087 8146 7044
7305 7348 8213 7128
7267 7331 8227 7159
7939 7524 7517 7106
7856 7510 8043 6952
7836 7300 7886 7099
7834 7411 7400 7143
7830 7413 8022 6997
7779 7881 7981 7025
7776 7822 7811 7107
7758 7925 7950 6981
7696 7364 7823 7232
7635 7314 7793 7340
7612 7667 7723 7175
7397 7082 7394 7617
7382 7000 7416 7572
8149 7656 7607 6884
8123 7774 7670 6886
8020 7659 7564 6912
7883 8078 7982 6926
7866 8139 7407 6567
7865 7453 8047 6990
7851 7987 7956 6932
7841 7977 7888 6966
7820 7605 8013 6837
7809 8173 7356 6488
7804 7337 7965 7111
7802 7345 7921 7207
7799 7989 7895 6978
7795 7877 7900 7062
7771 7372 7807 7203
7770 7910 7811 7066
7758 7988 7942 6960
7744 7918 7858 7113
7720 7927 7870 7047
7711 7213 7745 7320
7690 7979 7844 7047
7671 7339 7902 7238
7647 7352 7851 7237
7623 7341 7926 7225
7578 7340 7827 7343
7576 7051 7976 7311
7527 7453 7741 7255
7491 7484 7629 7292
7475 6961 8120 7014
7469 7448 7598 7384
7427 7028 8351 6479
7421 7433 7780 7358
7384 7038 7199 7651
7375 7067 7389 7648
7356 8138 7635 6216
7350 8309 7636 6286
7346 7187 7442 7645
7307 7363 8090 7079
7276 7098 7278 7706
8107 7611 7878 6772
8105 7255 7924 6541
8078 7558 7556 6943
8056 7667 7594 6897
8054 7600 7538 6928
8042 7206 7995 6559
7990 7695 7551 6916
7952 7618 8001 6700
7950 7731 7493 6891
7905 7615 7609 6912
7904 7767 7704 6895
7832 7942 7954 6945
7816 8188 7321 6523
7813 7866 7934 6982
7812 7617 8165 6840
7793 7344 7905 7231
7791 7861 7993 6972
7784 7829 7938 7047
7775 7924 7769 7091
7774 7887 7878 7011
7770 8039 7837 6973
7768 7822 7829 7072
7767 7902 7832 7041
7760 7772 8007 6745
7750 7827 7918 7066
7740 7973 7910 7025
7740 7448 8094 6934
7732 7525 7879 7135
7716 7728 8046 6862
7708 7620 7826 7126
7700 7491 7929 7138
7678 7857 7892 7065
7654 7939 7961 6978
7650 7290 7819 7334
7640 7902 7820 7146
7546 7399 7648 7313
7530 7037 8341 6439
7511 7176 8138 6961
7498 7382 7240 7474
7490 7392 7605 7368
7446 7123 8377 6407
7443 7153 8374 6407
7435 7228 7250 7583
7435 7187 8139 7003
7430 7024 8425 6496
7427 7233 7141 7550
7417 7013 8376 6541
7391 7042 8404 6509
7364 7178 7557 7545
7364 7138 7445 7666
7360 7083 8433 6455
7354 7049 8346 6510
7337 7593 7445 7582
7317 7259 8128 7063
7260 7344 8110 7131
7250 7105 8470 6386
7228 7078 7447 7666
7210 7118 7204 7738
7207 7453 8152 6984
7204 7363 8327 7196
7130 7474 8234 6066
8124 7684 7601 6850
8102 7629 7600 6911
8054 7536 7596 7036
8045 7142 7956 6546
8042 7587 7481 7000
8029 7592 7575 6937
8002 7608 7607 6887
7963 7575 7972 6636
7887 7875 7580 6914
7877 8130 7363 6461
7871 8196 7272 6479
7868 7342 7754 7141
7862 7388 8154 6781
7805 7328 7918 7282
7792 7294 7930 7197
7786 7506 8190 6785
7771 7334 7893 7319
7771 7267 7940 7150
7768 7396 7851 7115
7765 7929 7799 7004
7749 7404 7828 7226
7747 8203 7554 6633
7739 7767 8055 6679
7738 8123 7558 6553
7727 8050 7595 6936
7726 7329 7976 7209
7725 7752 8107 6782
7722 7623 7769 7213
7704 8129 7619 6534
7697 7550 8120 6876
7695 7374 7956 7224
7682 7351 7856 7256
7669 7663 7784 7161
7668 7454 8108 6951
7631 7598 7820 7150
7630 7916 7973 7029
7604 7679 7778 7164
7577 7667 7803 7199
7576 7246 7165 7524
7574 7024 7913 7363
7562 7108 8086 7276
7477 7055 8337 6450
7475 7055 8179 6984
7467 7208 8297 6385
7461 7020 8328 6601
7460 7121 8196 6980
7438 6957 8460 6499
7423 7056 8338 6510
7421 7004 8392 6534
7410 7065 8348 6467
7408 8145 7601 6261
7391 7167 8384 6452
7386 7477 7637 7286
7384 7517 7765 7289
7379 7180 7349 7659
7370 7075 7389 7646
7359 8186 7582 6117
7330 7066 8495 6325
7316 7431 8134 6935
7307 6865 7118 7743
7276 7415 8125 6991
7255 7433 8116 7020
7230 7344 8267 7144
7219 7359 8292 7112
7217 7178 7569 7701
7200 7420 8186 6900
7179 7128 7583 7508
7173 7117 7257 7766
7042 7425 8403 6141
6969 7452 8355 6184
8151 7481 7820 6797
8130 7579 7514 7066
8124 7610 7485 6956
8118 7303 7977 6506
8085 7824 7652 6625
8070 7595 7532 6946
8043 7179 8022 6611
8023 8071 7918 6870
8009 7580 7963 6777
8002 7451 8026 6611
7937 7517 8043 6754
7916 8144 7294 6551
7907 7599 8024 6596
7904 7682 7708 6916
7901 7718 7794 7024
7890 7787 7881 7019
7884 8019 7939 6878
7868 7775 7789 7064
7836 7843 7794 6991
7836 7809 7880 6988
7829 8104 7825 6911
7823 7331 7953 7068
7816 7787 7860 7100
7815 7885 7775 6990
7813 7940 7802 6983
7803 7868 7974 7012
7801 8185 7486 6627
7797 7972 7789 7058
7767 7533 8126 6877
7761 8216 7460 6546
7758 7916 7931 7019
7758 7298 7992 7249
7756 7616 7764 7241
7747 7352 7934 7177
7742 7287 8100 6918
7740 7513 8223 6836
7738 7851 8028 7087
7737 7336 7960 7209
7729 7781 7917 7090
7726 7363 7889 7172
7722 7828 8058 6774
7719 7748 8100 6792
7706 7810 8030 6807
7697 7267 7840 7342
7696 7339 7938 7144
7693 7940 7701 7158
7679 7360 8088 7173
7677 8028 7851 7010
7677 7931 7798 7085
7677 7604 7802 7141
7674 7873 7968 7143
7655 7685 7782 7158
7654 7566 8043 6905
7647 7640 7791 7219
7644 7593 7688 7284
7644 7367 7983 7222
7641 7645 7729 7214
7606 7836 7950 7147
7598 7818 7896 7175
7595 7720 7607 7221
7590 7340 7249 7469
7577 7194 7329 7488
7575 7134 8371 6436
7572 7344 7811 7287
7568 7771 7908 7167
7568 7382 7229 7507
7564 7189 7795 7345
7563 7689 7627 7187
7548 7102 8076 7307
7493 7429 7753 7266
7491 7448 7795 7246
7470 6984 8414 6465
7468 6958 8354 6485
7462 7063 8315 6515
7425 7324 7312 7473
7422 7106 7411 7548
7421 7064 7348 7587
7414 7121 7469 7522
7408 7246 7498 7539
7397 7107 7157 7646
7381 7124 7469 7553
7355 7156 8333 6531
7354 7465 7682 7305
7346 6998 8470 6492
7340 7051 8447 6414
7314 8233 7675 6269
7312 7097 8499 6405
7298 7342 8119 7179
7297 7389 7498 7655
7264 7428 8136 6944
7255 8120 7828 6228
7250 7416 8220 7132
7250 7082 7591 7503
7248 7008 7248 7755
7197 7472 8315 7160
7152 7080 7310 7727
7061 7642 8259 6298
7060 7432 8360 6353
7044 7451 8359 6209
7038 7490 8335 6234
6922 7456 8349 6357
8210 7629 7877 6720
8125 7516 7872 6789
8105 7692 7714 6736
8096 7698 7949 6835
8089 7820 7545 6781
8077 7293 7970 6534
8046 7370 8066 6445
8002 7472 7983 6580
8001 7309 8059 6533
7971 7564 7559 6945
7967 7247 8025 6616
7938 7474 7828 7110
7934 7679 7533 6998
7918 7550 8081 6917
7913 8119 7867 6803
7893 7823 7807 7043
7889 7799 7751 7112
7885 8038 7932 6937
7875 7826 7603 6995
7858 7979 7890 6943
7847 8019 7938 6928
7835 7854 7877 7050
7831 8150 7307 6493
7829 7367 7878 7220
7823 8148 7489 6474
7812 7778 7815 7111
7803 7948 7950 6937
7797 7879 7987 7032
7761 7275 7999 7235
7759 8016 7853 6959
7759 7982 7930 6954
7758 7470 8082 7034
7752 8179 7511 6526
7747 7924 7813 7011
7736 7889 8003 7003
7734 7931 7836 7070
7731 7895 7956 7026
7717 7300 7964 7213
7715 7390 7993 7142
7691 7920 7939 6987
7682 7333 8033 7305
7662 7725 7700 7166
7637 7685 7680 7264
7626 7881 7970 7068
7618 7799 7981 7115
7612 7333 7289 7462
7602 7355 7431 7385
7598 7800 7905 7168
7575 7684 7694 7217
7561 7111 8073 7222
7559 7776 7852 7217
7555 7187 7396 7541
7548 7377 7275 7494
7528 7202 8132 6959
7521 7142 8168 6998
7510 7048 8378 6425
7509 7464 7634 7306
7503 7373 7320 7455
7496 7096 8436 6447
7492 7387 7006 7395
7492 7109 7444 7501
7490 7296 7308 7457
7483 7629 7699 7246
7476 7129 7373 7575
7467 7076 8353 6451
7465 6949 8401 6472
7463 7353 7848 7259
7434 7185 7404 7537
7419 7040 8363 6476
7414 7327 7356 7468
7410 7345 7791 7291
7406 7189 7352 7558
7387 7464 8085 7061
7380 7073 7317 7635
7376 8122 7635 6098
7374 7133 7328 7691
7371 8184 7645 6027
7371 7011 8445 6458
7368 8251 7490 6083
7351 7183 7341 7662
7350 7241 7280 7610
7346 7526 7581 7640
7342 8197 7677 6293
7324 7125 8448 6484
7320 7083 7231 7737
7304 7223 7382 7643
7276 6842 8360 6555
7272 8327 7733 6241
7262 7265 7387 7687
7256 6977 7268 7775
7254 8130 7902 6323
7241 7301 8196 7221
7193 8328 7401 6106
7131 7479 8249 6034
7108 7583 8306 6323
7082 7415 8425 6327
7070 7420 8335 6206
7040 7484 8369 6069
