249 4.8246
3399 3314 3868
3032 4045 3116
3721 3211 3669
4009 3403 3314
3878 3750 3028
3121 4033 3224
3183 4030 3198
3521 3228 3788
3223 4036 3196
3635 3253 3716
3194 3668 3694
3361 3387 3843
3350 3412 3847
3252 3995 3300
3790 3305 3608
3470 3259 3809
3237 4013 3330
3390 3363 3828
3444 3273 3814
3999 3463 3230
3493 3346 3790
3523 3290 3786
3501 3288 3795
3258 4028 3182
3973 3544 3087
3903 3710 3096
3233 4030 3162
3632 3957 3059
3280 4021 3173
3542 3277 3771
3798 3328 3595
3877 3314 3505
3463 4002 3038
3599 3976 3085
3427 3434 3823
3554 3980 3104
3962 3517 3107
3697 3863 3318
3822 3393 3572
3512 3330 3782
3340 3523 3778
3885 3408 3496
3719 3903 3069
4007 3469 3149
3438 3409 3819
3486 3366 3797
3504 3999 3030
3891 3730 3051
3868 3568 3374
3774 3828 3225
3303 4010 3192
3970 3533 3106
3978 3531 3095
3987 3468 3207
3782 3356 3619
3368 3649 3719
3455 4006 3251
3290 3818 3619
3610 3973 3134
3331 4008 3239
3655 3588 3628
3431 3890 3511
3944 3475 3363
3889 3548 3480
3561 3438 3746
3497 3896 3461
3486 3380 3784
3312 3845 3578
3543 3996 3039
3419 4010 3113
3910 3683 3075
3652 3950 3046
3762 3397 3625
3722 3312 3655
3769 3592 3557
3640 3787 3487
3333 3785 3610
3741 3373 3640
3551 3333 3767
3353 3444 3813
3387 3676 3664
3345 3810 3597
3724 3634 3519
3377 4008 3138
3456 3922 3471
3297 3950 3473
3927 3440 3403
3985 3516 3131
3301 3714 3682
3362 3670 3667
3489 3988 3208
3766 3842 3143
3556 3911 3400
3273 3688 3684
4000 3439 3216
3586 3338 3737
3541 3447 3743
3516 3984 3202
3944 3383 3407
3899 3481 3408
3379 3581 3740
3224 3662 3702
3418 3893 3531
3687 3794 3433
3932 3495 3388
3713 3358 3656
3923 3690 3049
3680 3626 3560
3266 3537 3754
3842 3665 3297
3992 3464 3281
3287 3628 3723
3279 3536 3772
3324 3986 3273
3434 3621 3696
3692 3927 3173
3489 3367 3778
3355 3776 3647
3875 3581 3358
3706 3859 3261
3463 3456 3804
3758 3854 3187
3773 3372 3621
3691 3814 3369
3351 3935 3464
3836 3717 3285
3959 3509 3289
3917 3606 3244
3664 3836 3397
3857 3491 3481
3594 3969 3142
3910 3499 3393
3757 3639 3504
3657 3871 3341
3954 3624 3146
3690 3791 3396
3787 3538 3523
3831 3433 3534
3482 3954 3336
3465 3866 3506
3585 3455 3714
3994 3422 3255
3881 3617 3269
3264 3511 3784
3878 3578 3370
3419 3906 3482
3576 3983 3062
3793 3806 3239
3772 3897 3120
3401 3755 3630
3781 3449 3587
3568 3343 3752
3660 3899 3283
3791 3712 3374
3400 3945 3442
3715 3888 3254
3770 3507 3601
3508 3479 3763
3506 3986 3219
3718 3919 3155
3392 3849 3543
3684 3882 3278
3813 3405 3582
3666 3633 3591
3616 3784 3513
3854 3617 3354
3918 3572 3292
3678 3577 3604
3785 3845 3128
3416 3511 3758
3500 3944 3437
3828 3672 3357
3745 3754 3388
3271 3586 3740
3864 3571 3406
3569 3486 3733
3578 3975 3167
3607 3707 3574
3974 3415 3362
3800 3560 3491
3396 3661 3675
3476 3650 3685
3748 3776 3351
3318 3824 3577
3410 3967 3377
3415 3656 3702
3318 3725 3669
3459 3845 3553
3259 4029 3124
3323 3741 3651
3556 3962 3316
3581 3763 3546
3330 3717 3680
3979 3510 3265
3665 3930 3151
3532 3782 3568
3544 3760 3558
3832 3596 3428
3809 3833 3186
3628 3939 3214
3664 3428 3710
3960 3603 3168
3859 3760 3157
3961 3525 3178
3532 3937 3364
3736 3674 3501
3835 3751 3209
3505 3884 3474
3538 3886 3455
3743 3875 3125
3936 3555 3265
3478 3727 3617
3522 3553 3704
3617 3700 3585
3525 3708 3606
3424 3497 3760
3463 3651 3692
3621 3966 3164
3703 3899 3172
3897 3717 3065
3536 3916 3397
3424 3684 3662
3371 3692 3645
3534 3457 3736
3610 3599 3639
3938 3453 3366
3855 3561 3430
3614 3909 3376
3907 3697 3123
3491 3539 3730
3810 3743 3304
3601 3576 3658
3951 3551 3247
3661 3460 3710
3405 3615 3711
3698 3489 3653
3957 3513 3249
3440 3735 3634
3726 3658 3503
3668 3867 3337
3754 3608 3564
3935 3631 3146
3907 3522 3390
3421 3706 3642
3941 3426 3379
3572 3856 3451
3462 3951 3339
3479 3510 3750
3911 3643 3151
3451 3869 3539
3472 3619 3688
3750 3676 3466
3949 3554 3279
3646 3903 3279
3925 3362 3413
3543 3802 3541
3647 3933 3276
3763 3720 3410
3960 3471 3294
3558 3878 3420
3766 3825 3271
3778 3583 3508
3588 3948 3346
3859 3765 3075
3728 3485 3632
3625 3797 3459
3520 3778 3572
3763 3418 3611
3916 3501 3383
3493 3275 3807
3626 3948 3189
3719 3424 3644
3420 3978 3327
3729 3737 3441
3409 3952 3398
3708 3721 3476
3603 3831 3447
3765 3694 3421
3780 3769 3323
3624 3905 3326
3352 3821 3579
3926 3597 3256
3539 3764 3550
3524 3811 3555
3702 3824 3323
3849 3739 3211
3896 3575 3307
3809 3517 3486
3558 3965 3186
3553 3817 3504
3590 3452 3728
3860 3732 3276
3407 3918 3507
3695 3584 3594
3649 3772 3472
3717 3647 3552
3370 3702 3663
3731 3835 3274
3710 3514 3622
3545 3563 3694
3759 3748 3344
3940 3573 3259
3592 3687 3613
3673 3669 3547
3516 3569 3701
3373 3613 3734
3659 3549 3687
3895 3723 3060
3426 3570 3740
3686 3519 3677
3653 3738 3515
3672 3618 3566
3796 3518 3526
3528 3970 3193
3807 3541 3516
3565 3879 3384
3675 3696 3477
3518 3916 3418
3374 3523 3775
3376 3469 3768
3236 3999 3335
3683 3682 3516
3753 3801 3335
3442 3767 3611
3508 3869 3467
3900 3471 3446
3821 3465 3540
3893 3648 3215
3513 3723 3615
3637 3551 3647
3438 3559 3748
3619 3559 3649
3803 3467 3545
3613 3508 3699
3468 3843 3568
3920 3417 3490
3448 3777 3578
3852 3598 3366
3931 3530 3314
3283 3726 3669
3544 3920 3349
3652 3941 3180
3743 3774 3429
3628 3478 3712
3544 3421 3753
3890 3715 3259
3728 3459 3635
3692 3746 3470
3793 3660 3402
3576 3745 3561
3556 3498 3725
3832 3742 3309
3805 3499 3528
3838 3341 3553
3706 3601 3593
3676 3680 3542
3393 3847 3561
3915 3557 3332
3767 3678 3416
3744 3729 3435
3533 3622 3666
3557 3873 3434
3650 3788 3460
3704 3830 3317
3715 3820 3331
3833 3610 3359
3806 3276 3583
3597 3532 3689
3876 3430 3499
3993 3488 3195
3858 3807 3177
3598 3855 3494
3529 3521 3727
3693 3799 3382
3477 3636 3672
3502 3564 3706
3958 3531 3175
3445 3677 3661
3795 3687 3386
3734 3528 3578
3623 3880 3359
3633 3786 3493
3526 3765 3593
3761 3689 3453
3446 3768 3598
3530 3535 3713
3430 3466 3789
3596 3605 3665
3711 3743 3454
3630 3614 3632
3567 3405 3748
3783 3452 3564
3484 3611 3679
3849 3576 3426
3549 3749 3589
3403 3440 3806
3394 3606 3721
3575 3869 3445
3953 3523 3267
3453 3653 3675
3914 3565 3336
3840 3644 3329
3547 3875 3452
3845 3426 3524
3269 3975 3449
3493 3893 3489
3890 3504 3439
3864 3642 3312
3501 3503 3729
3782 3663 3425
3471 3971 3311
3877 3550 3423
3897 3540 3356
3765 3849 3130
3790 3771 3295
3863 3636 3332
3730 3698 3459
3708 3505 3645
3798 3566 3493
3540 3857 3461
3564 3695 3613
3537 3704 3630
3778 3534 3537
3589 3859 3417
3519 3909 3424
3950 3575 3249
3573 3529 3723
3402 3979 3333
3827 3762 3197
3792 3761 3334
3937 3604 3179
3837 3425 3525
3408 3808 3596
3798 3612 3412
3677 3874 3302
3815 3705 3377
3738 3357 3650
3804 3666 3390
3550 3542 3706
3815 3606 3457
3768 3739 3380
3636 3791 3468
3651 3823 3432
3924 3620 3218
3627 3749 3536
3485 3520 3738
3599 3620 3626
3488 3654 3669
3587 3542 3698
3555 3725 3599
3834 3778 3190
3490 3417 3766
3736 3531 3570
3879 3629 3315
3817 3430 3568
3701 3823 3329
3428 3771 3615
3733 3825 3302
3281 3971 3458
3389 3665 3680
3812 3631 3411
3825 3677 3315
3847 3643 3316
3818 3467 3543
3670 3497 3689
3838 3445 3502
3741 3790 3350
3471 3812 3553
3838 3645 3338
3617 3667 3588
3523 3701 3641
3826 3413 3567
3563 3904 3415
3506 3607 3676
3701 3657 3551
3350 3984 3414
3488 3438 3774
3805 3707 3361
3925 3520 3342
3665 3704 3498
3588 3564 3672
3786 3432 3578
3647 3734 3564
3577 3731 3578
3632 3654 3595
3503 3652 3653
3694 3822 3338
3606 3809 3490
3741 3414 3625
3593 3740 3547
3629 3611 3637
3563 3662 3633
3604 3741 3538
3705 3508 3624
3771 3621 3449
3605 3554 3654
3621 3897 3344
3985 3456 3312
3738 3417 3623
3777 3806 3315
