104 5.56057
2786 3843 2605 2810
3506 3080 2689 2797
2689 2695 3488 2654
3067 3340 2326 3041
3217 2535 2944 3035
2269 3323 3045 3154
2720 3196 3274 2455
2508 2854 2771 3581
2996 3698 2497 2505
2451 2884 2695 3557
2580 2606 3444 2823
2897 2665 3160 3135
2615 2890 3004 3516
3473 2993 2703 2594
2659 2560 3449 2865
2719 3815 2707 2791
3111 3259 3094 2537
3392 3127 2899 2637
2808 3164 3313 2548
2457 2845 3461 2972
2336 2991 3415 2911
3381 3158 2407 2839
2326 3598 2890 2968
2360 3317 3254 2755
3442 2914 2820 2585
2297 3508 2978 3064
2978 3538 2346 3039
2969 3675 2415 2563
2686 3023 2925 3504
2731 3790 2466 2860
3075 3174 3058 2605
2636 3651 2365 3231
2372 2673 3229 3354
2303 3216 3162 3186
3024 3312 2372 3178
2997 2753 3279 2962
2738 2589 3137 3249
3016 2783 3216 2697
2821 3762 2683 2946
2792 2788 2776 3461
2610 2727 3429 2768
2569 3777 2543 2933
2816 3353 2468 3214
2903 3518 2444 3148
2734 2741 2960 3426
3422 2891 2889 2814
2414 3215 3118 3270
3240 3515 2679 2757
2904 3723 2428 2738
2743 3473 2337 3351
3139 3461 2765 2741
3007 3374 2511 3191
2387 2856 3043 3456
2481 2781 3016 3474
2761 3292 3210 2906
3301 3350 2530 2881
2921 3698 2484 3101
3054 2799 2598 3300
2499 2887 3428 2670
2954 3660 2500 2897
2932 2950 3334 2878
3107 3509 2458 3032
3280 3255 2650 2985
3402 2829 2770 2874
2927 3668 2396 2849
3232 3034 3107 2681
2520 3136 3345 2927
2907 3603 2557 3027
2787 3517 2384 3206
2649 3612 2610 3144
2568 3592 2932 3150
2514 3525 2734 3212
2981 2774 3374 2940
3313 3093 2956 2927
2748 2979 2793 3484
2435 3037 3364 2995
3149 3375 2799 2847
2959 3440 2428 3247
3415 2740 2762 2877
3352 3011 2951 2654
3292 3215 2673 2954
3366 2908 2984 2915
3281 3056 2996 2686
2667 3684 2633 3020
2663 3704 2520 3131
3081 3359 2831 2992
2302 2959 3436 2920
2754 3425 3094 2749
2503 2703 3312 3257
3462 3248 2775 2820
3051 3016 3193 2662
2489 3023 2990 3488
2973 3635 2737 2936
3158 3404 2862 2626
2555 2766 3445 3008
2620 3733 2657 3118
2599 3074 3325 3099
3320 3255 2668 2571
2675 3788 2602 2894
3170 2813 3187 3005
2398 3230 2880 3382
2877 3508 2607 3162
2684 3568 2545 3193
2468 2858 3250 3310
3441 2930 2840 2869
2556 3657 2762 3087
3013 3013 3205 2647
2695 2981 3159 3363
3035 3186 3109 2783
2511 3063 3408 2799
2685 3108 2974 3492
2390 3498 2712 3268
2376 3127 2962 3406
3456 2892 2780 2770
2985 3421 2974 2619
3100 3530 2619 2997
2462 3203 2884 3359
3451 2815 2739 2861
2976 3007 2624 3338
2983 3336 3049 2613
2528 3188 3238 3171
2598 3625 2537 3165
3330 2681 2854 2926
3090 3338 2808 2979
2533 3026 3401 2721
3358 2933 2645 2860
3092 3031 2731 3274
2486 3458 2915 3262
2596 3090 3390 2802
2506 3145 2742 3468
2737 2590 3422 2715
3177 3248 2908 2869
2649 3023 3134 3401
2656 3411 2941 3063
3058 3597 2330 2947
2623 2713 3425 2960
2940 3192 3007 3177
2702 3579 2394 3250
2512 3743 2718 2734
3165 3223 2569 3154
3059 3295 2861 3068
2815 3050 2595 3421
2450 2902 3197 3422
2801 3725 2563 2967
3031 3190 3117 2625
2777 3170 3021 3279
2592 3052 3309 3143
3009 3162 3206 2751
3067 2987 2895 3195
2727 3659 2700 3099
2780 2603 2962 3365
2791 3445 2517 3208
2530 3755 2563 3002
3153 2923 2773 3121
2362 3131 2820 3469
2739 3679 2417 3167
2887 3720 2554 2815
2697 3100 2887 3316
2474 2954 3452 3061
3086 3491 2744 2777
2811 3334 2367 3292
2870 3740 2519 2591
3263 3109 2705 3079
2787 3279 2577 3373
2534 3060 3382 2870
2407 3437 2688 3387
2999 3173 2593 3265
2782 3478 2583 3333
2924 3314 2920 3163
2883 3473 2636 3066
3268 3368 2901 2950
2587 3307 2693 3393
3150 3270 2869 3074
2546 3143 3372 2862
2631 3561 3050 2724
3186 3211 2907 2854
2614 3501 2897 3228
3285 2821 2784 3041
2881 3345 3086 2852
3132 3115 2555 3164
3225 3217 2642 2995
2403 3282 3120 3094
2952 3179 3071 3057
3141 3577 2646 2787
3327 3098 2945 2660
2943 2685 3053 3271
2495 3144 3264 3159
3048 2712 3300 2785
3227 3334 2904 2907
3231 3588 2535 2888
2757 2982 3114 3334
3145 3350 3014 2717
2711 2896 3140 3331
2500 3467 2677 3312
3052 3358 2996 2568
2797 2832 3424 2711
2934 3541 2654 3045
2753 3637 2489 3108
2676 3391 3203 3093
2767 3394 2788 3197
2472 3243 3148 3176
2722 2994 3246 3263
3284 2803 3029 2713
2889 2848 3228 3182
2960 3086 2542 3318
3263 3033 3099 2728
3082 3519 2665 2726
2471 3386 2965 3201
3042 3007 3180 2766
3191 3040 3068 2893
3341 2919 2759 2958
2623 3722 2591 2983
2459 2982 3434 2795
2502 3351 2859 3396
2816 2872 2827 3381
2669 2993 3398 2787
2491 3187 3302 2785
2794 3070 3245 3070
2658 3247 3152 3116
2817 3276 2865 3344
2508 3149 3123 3297
3205 3327 2494 3048
2616 2965 3202 3302
2666 3122 3290 2791
3120 2991 2849 3292
2936 3308 2749 3189
2773 2929 3332 3199
2671 3620 2772 3054
2847 2841 3416 2885
2804 3484 2672 3097
2872 2944 3364 2999
2864 3227 3105 3102
2411 2927 3388 3192
3253 2853 3068 2827
2798 2963 3410 3152
3115 3266 3038 2903
3246 3260 2740 2976
3210 3393 2802 2648
2536 3000 3226 3413
3128 2774 2972 3102
2577 2930 3015 3454
2991 3231 2627 3177
3038 3609 2852 3025
2627 3714 2787 2913
3074 3399 2779 2922
2690 3381 2974 3356
2554 3434 3196 2889
3178 3123 3046 2856
2950 3064 3079 3049
2498 2851 3346 3226
2835 3407 2839 3139
3342 3251 2566 2700
2938 3414 2721 3107
3321 3190 2761 3022
3026 2977 3139 2860
2944 2875 3262 3124
2740 3486 2681 3209
2702 3208 3127 3108
2785 3711 2451 3117
3339 3056 2986 2826
2946 3052 2844 3222
2730 3753 2551 3000
2436 3436 2694 3391
2552 2768 3441 3063
3408 3037 2779 2807
2732 3559 2540 3188
2443 3414 2671 3344
2700 3555 2414 3212
2595 2835 3171 3443
2869 2880 3047 3214
2906 2805 3015 3303
2604 3003 3283 3207
3273 2956 3015 2881
2906 3234 2449 3241
2652 3570 3049 2818
3242 2969 2741 3067
2560 3080 3004 3445
3145 2864 3177 2996
2629 3237 3027 3315
2477 3751 2704 2979
2612 3116 2766 3384
2903 2940 3242 2939
3319 3257 2847 2900
2609 3229 2833 3375
2478 3196 3085 3234
2570 2979 3093 3431
2640 3001 3167 3252
3113 3670 2696 2700
2856 3020 3236 3047
2548 2856 3430 3141
2917 3638 2529 2810
2809 3451 2815 3191
2704 3210 3272 3040
2739 3709 2410 3130
3374 3043 2639 2897
2472 3319 3038 3345
3162 2855 3091 2946
2596 3480 3039 2865
2831 3018 3125 3152
2907 3667 2856 2728
2539 3082 3385 2850
3103 3447 2641 2879
3155 3071 3061 2928
2560 3681 2661 3052
2779 3365 2630 3321
3183 3300 2627 3153
2827 3029 3355 2733
2662 2812 3176 3323
2794 3619 2620 3134
3020 3095 2987 2966
3235 2985 3000 2872
2921 3417 2795 3078
2668 3108 3256 3106
2556 2871 3429 2866
2829 2865 3101 3259
2965 3298 3150 2968
2806 3138 3257 2961
2784 3587 2867 3182
2601 2883 3136 3435
2714 3178 2753 3368
2976 3029 3063 2975
2915 3465 3137 2705
2755 2817 3035 3409
2979 3256 2980 2954
2568 3177 2877 3439
2967 2955 2999 3184
3252 2947 3209 2733
2620 2682 3427 2832
3045 2930 2970 3138
2711 2997 3327 3254
2444 2829 3301 3288
2895 2888 2736 3406
3098 3025 3145 2808
3202 2932 2922 3044
3003 3036 2686 3262
3125 2918 3067 2966
2567 3015 3024 3432
3101 2944 2872 3154
2855 3180 3077 3126
3215 3050 2926 2979
2483 3543 3019 3001
3016 3551 2902 2969
2793 3077 3173 3248
2835 2919 3270 3195
3405 3117 2777 2711
2901 2876 3371 2805
2914 3670 2841 2810
2536 3653 2791 3122
2779 3275 3031 3187
2643 3066 3101 3350
2629 3702 2587 2996
2861 3341 3167 2808
2655 2938 3218 3354
2457 3328 2977 3233
3346 3197 2779 2894
2581 3533 3150 2959
2682 3545 2727 3191
3234 3393 2578 2881
3313 3397 2658 2704
2401 3640 2802 2999
2679 3591 2788 3115
2531 3209 3284 3060
3033 3032 3096 2904
3196 3002 3123 2828
2912 3117 3268 2917
2837 2846 2797 3369
2585 3499 2486 3309
2698 3059 3112 3287
3335 3144 2709 3061
2476 3397 2823 3284
2574 2976 3220 3324
3211 3046 2877 3036
3097 3458 2728 2948
2849 3394 2942 3129
3351 2940 2868 2875
3110 3423 2586 2999
2610 3154 3282 2972
2711 3301 3268 2906
3084 3492 2950 2833
2677 3737 2868 2816
3144 3371 2634 3001
3250 3456 2794 2787
2783 3229 3035 3014
2743 3166 3222 2944
3216 3163 2715 3103
2534 2834 3297 3350
3019 2915 3181 3011
3317 3313 2460 2617
3058 3464 2461 3050
2633 3210 3075 3238
2918 2915 3352 2812
2971 3647 2569 2792
2412 2881 3359 3236
2698 3742 2744 2838
3317 3065 2995 2787
2847 2889 3366 2928
3197 3002 3122 2719
3209 3019 2850 3037
2720 3047 3311 3203
2552 2949 3296 3272
3041 3035 2668 3285
2879 3339 2963 3059
2655 3453 2729 3245
2782 3679 2551 3029
2786 3195 2626 3440
2774 3098 3002 3413
2554 3049 3371 2949
3211 2818 2388 3135
3004 3647 2621 2727
2899 3127 3223 2848
3051 3234 2968 3017
2843 3544 3088 2720
2714 2894 3280 3223
3378 2834 2789 2871
2651 3449 3102 3052
2936 3183 2496 3260
2447 3152 3171 3228
2525 3092 3312 3128
3055 3253 3054 2821
2551 3649 3147 2917
3315 3085 2857 2720
3166 3537 2643 2715
3369 2916 2730 2889
2689 3646 2770 2992
2638 3111 3279 3270
2849 2973 2853 3324
2845 3303 3254 2902
2677 3209 3281 2773
2585 3163 3327 3110
2577 3408 2885 3283
2481 3333 2801 3471
2477 3181 3206 3218
2820 2881 3001 3360
3327 3067 2725 2998
3374 3032 2948 2854
2916 3081 2690 3239
2633 2858 3416 3158
3038 3452 2864 2933
2523 3497 3022 3006
2781 3125 3077 3168
2583 2820 3186 3390
2974 2947 3232 2823
2703 2967 3184 3320
2462 3152 3258 3131
3281 3281 2634 2788
2760 3623 2386 3157
3419 2884 2739 2915
3150 3366 2983 2926
2608 3124 3180 3221
2948 3408 3003 2946
2840 2999 3352 2873
3203 3326 2729 2977
2650 3225 3249 2947
2690 3496 2922 3076
3287 2988 2818 3002
3127 3167 3027 2618
2777 2954 3357 3164
2555 3550 2678 3233
2481 3612 2819 2995
2735 3204 3161 3221
2636 2930 3204 3377
2717 3440 2706 3307
2889 2851 3293 2929
3286 3217 2751 2931
2849 3075 2663 3328
2594 2989 3182 3366
3336 3019 2819 2923
2858 3462 3033 2797
2837 2989 3349 2926
2955 2888 2789 3299
2626 3257 2830 3369
2529 2882 3421 3153
2563 3647 2717 3017
3168 2896 3052 2914
2450 3623 2855 3077
3367 3234 2644 2902
2862 3150 3185 2890
3087 3067 2967 3109
3123 3463 2640 2914
2896 3245 2943 3149
3414 2932 2672 3075
2542 3008 3331 3152
2555 3264 2555 3423
2714 3134 3057 3315
2659 3120 3358 3021
2631 3488 2902 3142
2841 3331 2908 3135
2700 3660 2603 3136
2662 2990 3146 3326
3345 3130 2577 2963
2615 3590 2822 3157
2858 3020 3354 2770
2601 2981 3331 3075
3158 3187 2726 3123
3100 2684 3023 3031
3231 3008 3054 2891
2748 3375 3093 2921
2552 2842 3209 3394
2404 3265 3221 3101
2568 3323 3232 2892
