4744 224.132
2946 4022 3385
3636 3068 3764
3083 4129 3000
3362 4090 2899
4041 3305 3160
3165 3218 3941
3297 4105 2921
3370 4085 2951
2958 3913 3564
2982 3907 3559
3014 3766 3682
2994 3731 3712
3381 4088 2914
3028 3823 3646
3652 3140 3759
3556 3123 3802
3471 3074 3854
3987 3536 3155
3436 3085 3869
3018 3710 3727
3043 3868 3619
3032 3803 3679
3524 4039 2992
3350 4100 3012
3188 3272 3921
3681 3818 3398
3140 3959 3495
3172 4124 2959
3337 3093 3908
3244 3576 3816
3592 4023 3004
3494 4038 3105
3459 4066 2968
3933 3215 3492
3214 3311 3915
3828 3103 3619
3925 3542 3391
3062 3758 3695
3408 3432 3822
3191 3159 3938
3829 3784 3205
3808 3851 3053
3860 3236 3573
3755 3876 3141
3849 3458 3548
3942 3449 3436
3237 4111 3048
3148 3696 3736
3219 3754 3672
3614 3181 3767
3358 3757 3641
3363 4085 2976
3554 3151 3812
3431 3113 3875
3210 3171 3934
3970 3555 3017
3762 3468 3611
3515 3581 3724
3920 3655 3165
4031 3359 3177
3534 3185 3826
3713 3117 3704
3982 3396 3361
3879 3435 3514
3281 3200 3919
3099 4014 3415
3798 3427 3598
3047 3862 3608
3661 3827 3402
3287 3613 3778
3279 3176 3927
3322 3165 3910
3779 3339 3651
3294 3648 3744
3690 3602 3598
3248 3808 3634
3429 3177 3886
3633 3985 3175
3054 4077 3298
3844 3715 3258
3911 3561 3357
3659 3145 3747
3413 3774 3623
4024 3353 3288
3784 3552 3511
3813 3702 3363
4014 3323 3293
3966 3286 3463
3646 3941 3227
3184 3920 3552
4034 3299 3271
3079 4000 3458
3068 3900 3579
3226 4001 3419
3904 3685 3113
3651 3988 3062
3691 3898 3241
3491 3350 3805
3602 3894 3372
3574 4020 3066
3400 4081 3086
3667 3777 3474
3508 3502 3754
3340 3241 3900
3481 4052 2984
3605 3855 3426
3589 3276 3784
3657 3945 3152
3171 3936 3550
3811 3196 3620
3343 3749 3666
3631 3948 3209
3261 4028 3379
3820 3789 3235
3366 3297 3873
3101 4115 3143
3287 3337 3889
3938 3653 3102
3974 3293 3435
3745 3908 3091
3950 3351 3411
4020 3362 3269
3618 3399 3729
3452 3333 3846
4004 3261 3324
3540 3203 3802
3823 3549 3531
3285 3281 3903
3134 3926 3555
3805 3403 3627
3325 3316 3884
3169 4127 3092
3153 3695 3731
3195 3962 3485
3907 3657 3230
3158 3424 3864
2986 3992 3470
4028 3392 3200
3759 3761 3406
3119 3981 3496
3424 4074 2985
3596 3953 3267
3763 3865 3138
3278 4108 3040
3975 3545 3218
3787 3314 3637
3588 3890 3420
3891 3578 3382
3295 3604 3757
3868 3608 3407
3666 3687 3516
3521 4034 3057
4005 3243 3334
3517 4051 3078
3979 3309 3417
3576 3624 3656
3870 3733 3159
3927 3661 3133
3997 3344 3313
3332 3248 3895
3715 3110 3709
3335 3574 3768
3269 3764 3671
3425 4068 2965
3960 3589 3035
3626 3690 3570
3723 3258 3699
3131 4110 3097
3993 3483 3276
3567 3871 3442
3384 3090 3904
3897 3269 3539
4000 3253 3343
3151 3321 3906
3736 3528 3625
3233 3682 3709
3319 4070 3129
3411 3963 3447
3914 3319 3502
3161 3723 3707
3468 3843 3568
3570 3957 3295
3960 3332 3390
3312 4080 3095
3704 3916 3184
3316 3899 3564
3180 3486 3844
3074 3635 3772
3051 3889 3592
3088 3508 3856
3512 3444 3763
3700 3206 3712
3857 3440 3507
3885 3632 3335
3230 3586 3799
3126 3997 3459
3608 3142 3770
3947 3621 3166
3113 4031 3376
3056 4087 3278
3103 3591 3793
2990 4054 3337
3356 3983 3478
3109 4070 3215
3266 3256 3929
3720 3698 3487
3919 3618 3301
3896 3675 3245
3989 3446 3308
3834 3735 3290
3531 3192 3809
3375 3271 3879
3560 4006 3123
3548 4006 3128
3978 3513 3172
3268 4016 3388
3521 3441 3781
3565 3547 3691
3602 3190 3751
3655 3106 3752
3597 3705 3614
3574 3386 3774
3530 3290 3829
3953 3531 3346
3092 4096 3202
3112 3795 3673
3387 4026 3273
3742 3910 3100
3300 3993 3369
3601 3637 3616
3734 3473 3628
3653 3972 3120
3569 3121 3811
3492 4044 3119
3206 3374 3881
3208 4063 3242
3967 3525 3317
3173 3738 3684
3929 3659 3117
3234 4119 3080
3487 3385 3796
3917 3377 3477
3826 3326 3602
3995 3356 3306
3165 3692 3715
3819 3230 3609
3587 3278 3779
4022 3420 3194
3770 3666 3500
3749 3492 3606
3547 3874 3472
3496 3919 3451
4010 3240 3342
3441 3416 3835
3852 3744 3196
3679 3567 3648
3456 3922 3471
4017 3382 3257
3402 3967 3440
3584 3154 3797
3728 3644 3560
3177 4047 3279
3203 4097 3169
3094 3711 3718
3543 3438 3770
3816 3650 3394
3752 3594 3546
3795 3849 3146
3122 3962 3534
3955 3329 3455
4038 3326 3183
3273 3410 3871
3198 3378 3890
3267 4111 2999
3904 3630 3235
3729 3866 3284
3475 4029 3186
3932 3401 3467
3773 3830 3207
3719 3812 3353
3582 3799 3524
3716 3880 3279
3537 3969 3311
3693 3842 3339
3604 4003 3049
3253 3486 3832
3474 4055 3059
3789 3798 3231
3399 3162 3891
3507 3232 3840
3706 3931 3122
3664 3388 3714
3764 3720 3453
3323 3840 3630
3378 3168 3893
3525 3879 3465
3931 3488 3438
3254 3264 3918
3599 4009 3084
3628 3727 3509
3464 3221 3860
3552 4024 3071
3090 4098 3212
3542 3155 3793
3791 3564 3504
3263 4121 2962
3472 3584 3721
3668 3087 3738
3396 3254 3858
3896 3373 3520
3394 3464 3826
3776 3227 3666
3447 4036 3262
3359 4084 3094
3639 3182 3740
3191 3672 3747
3767 3490 3586
3990 3371 3296
3624 3747 3554
3802 3455 3578
3741 3597 3560
3476 3934 3449
3643 3697 3565
3307 3777 3660
3708 3209 3705
3801 3342 3630
3780 3685 3396
3874 3763 3043
3251 4094 3145
3480 3369 3818
3888 3592 3431
3433 3589 3742
3417 3599 3693
3832 3730 3325
3710 3365 3700
3310 3678 3701
3842 3671 3376
3881 3619 3366
3216 4103 3146
3686 3498 3679
3484 3979 3355
3531 3991 3252
3296 4111 2978
3559 3741 3593
3490 3811 3576
3301 4099 3023
3720 3926 3149
3376 3806 3605
3471 3265 3842
3430 4066 3034
3256 4108 3046
3330 4091 3030
3331 3282 3896
3721 3346 3687
3204 4001 3425
3706 3481 3664
3771 3629 3482
3502 3975 3413
3988 3414 3348
3730 3904 3134
3793 3765 3331
3377 3516 3786
3865 3742 3226
3579 3610 3657
3461 3932 3461
3488 3905 3481
3462 3976 3359
3334 3901 3537
3607 3978 3263
3890 3725 3082
3423 4072 3069
3698 3801 3386
3386 3887 3535
3999 3495 3043
3398 4011 3350
3732 3521 3635
3578 3717 3584
3918 3569 3326
3509 3141 3836
3518 4040 3020
3291 3635 3749
3971 3507 3303
4009 3415 3247
3649 3496 3687
3981 3406 3375
3562 3224 3791
3725 3835 3326
3372 3626 3733
3305 3476 3862
3670 3364 3717
3505 3208 3848
3367 3328 3867
3550 3951 3364
3593 3529 3680
3672 3943 3168
3718 3462 3650
3775 3845 3183
3676 3386 3696
3694 3668 3530
3211 3816 3661
3900 3509 3478
3276 4010 3367
3129 4059 3329
3499 3596 3719
3697 3532 3608
3258 3739 3683
3838 3523 3498
3937 3358 3440
3527 3745 3614
3421 3641 3692
3137 4041 3374
3072 4068 3320
3530 4003 3190
3547 4036 3026
3792 3796 3222
3792 3513 3543
3418 4075 3013
3373 3825 3589
3776 3479 3558
3408 3408 3839
3662 3859 3316
3559 3884 3433
3721 3787 3430
3902 3620 3256
3954 3434 3405
3874 3670 3322
3581 3213 3787
3554 3883 3456
3619 3995 3075
3655 3379 3722
3407 3288 3849
3266 4117 3019
3362 3452 3851
3596 3299 3762
3501 3786 3600
3440 3465 3819
3581 3505 3737
3867 3622 3392
3976 3453 3328
3392 4041 3216
3912 3393 3501
3859 3411 3569
3536 3238 3791
3834 3510 3529
3445 3483 3800
3404 3598 3702
3674 3785 3443
3622 3610 3617
3641 3838 3445
3786 3752 3355
3748 3418 3650
3872 3457 3505
3176 3990 3445
3390 4062 3198
3347 4057 3271
3450 3880 3526
3337 4066 3181
3620 3998 3029
3537 3566 3677
3662 3888 3249
3376 3193 3883
3868 3368 3541
3733 3903 3193
3256 3166 3934
3349 4058 3223
3503 3769 3582
3691 3250 3706
3445 3222 3853
3788 3477 3581
3373 3451 3830
3640 3793 3455
3391 3284 3871
3503 3852 3506
3303 4035 3305
3382 3352 3866
3291 3524 3789
3811 3771 3258
3160 3950 3546
3406 3651 3694
4016 3474 3147
3629 3719 3498
3264 4093 3148
3339 3641 3741
3766 3858 3278
4006 3419 3198
3329 3934 3528
3686 3519 3677
3344 3518 3788
3892 3633 3263
3531 3833 3520
3507 4025 3115
3919 3663 3074
3378 3678 3662
3771 3832 3214
3902 3686 2962
3490 4002 3228
3725 3558 3588
3562 3912 3395
3844 3775 3200
3418 3981 3337
