1070 48.0485
8187 8842 7775 6975
8071 6992 8359 8195
7784 7307 9140 7644
7733 7028 8485 8348
9038 8043 8125 6941
8019 8661 7369 7509
8601 8576 8090 6463
7490 8085 7970 8039
7559 7300 8683 8162
7521 7176 8901 8050
8519 8745 7766 6494
8103 8606 7385 7524
7850 7051 8424 8325
8711 8534 8129 6606
7516 7802 7929 8168
7569 8241 8103 7788
8492 8763 7687 6547
8038 8651 7415 7508
8878 8334 8082 6724
8751 8532 7936 6627
8597 8726 7681 6529
8286 8803 7909 7104
8305 7712 8849 7478
8072 8507 7473 7684
7595 8163 8161 8033
8058 8318 7568 7876
8070 8640 7438 7498
7748 7015 8619 8276
8800 8428 8092 6577
7990 8567 7462 7605
7924 8625 7554 7675
8468 8706 7841 6989
8017 7075 8396 8211
7657 7045 8693 8155
8158 8580 7504 7530
8639 8629 7923 6699
7942 8625 7669 7567
9004 8113 8208 7020
8479 8615 8090 6691
8911 8175 8202 6933
8561 8695 7854 6637
7679 7241 8847 8119
8037 7080 8459 8189
7692 7228 8746 8143
7643 7271 8557 8297
8048 8647 7490 7328
9026 7992 8212 7047
8431 8752 7804 7039
7609 7915 8064 8140
8576 8681 7873 6614
7995 8311 7678 7870
8855 7952 8450 7147
8842 8394 8115 6797
8687 8539 8004 6506
7989 7104 8497 8266
7974 7394 9084 7782
7632 7910 8021 8092
8935 7837 8049 7171
8042 8466 7650 7805
8456 8779 7997 7034
7952 8630 7525 7626
8946 7998 8247 7159
7706 7290 8792 8130
8326 8815 7779 6941
7762 7336 8890 7993
8746 8353 8303 6946
7880 6996 8320 8307
8612 8493 8234 6966
8025 7444 8462 8109
8882 8093 8351 7214
8971 8233 8140 6847
8397 8766 7895 7081
8373 8593 7828 7256
8805 8477 7991 6744
8387 8782 7895 7096
8528 8719 7844 6905
8995 8048 8175 7053
7930 8577 7581 7664
8033 7248 8759 7981
8867 8362 8096 6659
8762 8522 7953 6557
7782 7315 8362 8280
7728 7116 8405 8339
8046 8584 7525 7570
8229 7654 8972 7584
7621 7426 9106 7851
8265 8828 7759 6980
8348 8103 7737 7758
8895 8213 8280 6761
8053 7641 8769 7973
7757 7325 8741 8150
8438 7872 8549 7557
8635 7821 8635 7466
8262 8835 7713 6959
9015 8038 8266 6896
8117 7404 8680 8102
8695 8563 7996 6770
8916 8321 8095 6680
7858 7200 8593 8216
7816 7264 8355 8287
7655 7848 7768 8135
8924 8076 8391 7140
8833 8439 7973 6571
7773 8697 7588 7494
7903 7428 9117 7306
7685 7861 7877 8118
7711 7022 8626 8270
8538 8722 7838 6643
7913 7600 8730 7984
8975 8051 8249 7003
8580 7947 8576 7350
8029 7340 8100 8282
7648 7971 7974 8079
8963 8157 8192 7055
8098 8621 8010 7394
7709 7171 8385 8311
8168 8434 7699 7695
7696 7233 8910 7998
8107 8329 7691 7698
7801 8268 8265 7687
7937 7502 8785 8016
7666 7147 8504 8316
8509 7962 8564 7445
8181 7571 8703 8021
8320 7895 8720 7425
7745 8416 7793 7723
7628 7116 8626 8202
7833 7433 8290 8262
8836 8372 8242 6752
8862 8422 8108 6711
8890 8218 8145 6953
7700 7216 8897 8076
8692 8022 8120 7401
8891 8348 8230 6654
8741 8438 8054 6826
7946 7127 8699 8132
8504 8007 8709 7441
8819 8367 8301 6834
8899 8306 8255 6870
7939 7380 8211 8255
8662 8406 8322 6886
8795 8521 8185 6809
8100 7611 8987 7855
8163 8459 7731 7512
7946 7425 8860 7988
8546 7884 8584 7416
8006 8667 7422 7538
7828 7505 8873 8051
8424 7917 8662 7549
7725 7329 8681 8165
8368 7774 8672 7710
8571 8528 8088 6923
8778 8498 8187 6821
8015 8562 7560 7673
8433 8190 8539 7446
8793 8251 8298 7041
8311 8635 7958 7216
8157 7602 9021 7767
8498 8583 7821 7108
8063 7674 8941 7719
8870 8237 8273 6985
8300 7818 8748 7634
7860 7541 9079 7659
7750 7401 9029 7922
8422 7722 8348 7737
7808 7510 9065 7668
8416 8587 8197 6865
8784 8140 8327 7123
8129 7689 9040 7663
8085 7836 8979 7554
8767 8295 8311 7075
8814 8057 8411 7165
7852 7251 8334 8305
8299 8806 7800 7121
7895 7525 8906 7943
7790 7518 9050 7770
7718 8130 8137 8019
8701 8146 7951 7184
8642 8558 8045 6671
8446 7925 8527 7539
8717 8548 7960 6505
7805 7155 8383 8340
8627 7889 8512 7390
7758 7279 9137 7768
8757 8204 8339 7136
8986 8052 8275 6914
8615 8596 8089 6738
8754 8551 7868 6518
8473 7931 8521 7489
7979 7580 8959 7896
8457 8358 8410 7232
8185 8428 7899 7408
8809 8010 8280 7221
8631 8670 8056 6801
8010 7523 8869 7884
7673 7264 8476 8219
7838 7491 8909 7949
8462 8732 7624 6983
8772 7925 8518 7284
8827 8341 8053 6817
7922 7258 8750 8067
9006 7986 8308 6927
7966 7183 8606 8296
7770 8136 8084 7831
7855 7480 8786 8096
8369 8065 8530 7457
8197 7666 8773 7893
8254 7843 8737 7614
8931 8262 8250 6813
8409 8450 8373 7301
8607 8166 8453 7245
8557 8074 8506 7357
7938 8400 7862 7825
8193 8017 8014 7840
8862 8336 8150 6706
7870 7397 8831 8116
8801 7764 8324 7239
8140 7684 8819 7865
8176 7829 8800 7717
7797 7396 9073 7861
8587 7867 8609 7412
8547 8608 8093 6516
8534 8498 8246 7114
8163 8558 7593 7495
8139 7620 7986 8043
8707 8444 8293 6778
8145 7608 9087 7318
8309 8792 7961 7006
7881 7369 8877 7959
8294 7790 8824 7776
7607 8240 7966 7945
8680 8386 8316 7043
8021 8649 7629 7333
7987 7594 8624 8071
7814 7281 9130 7659
8035 7207 8403 8199
8630 8537 8217 6854
8208 7809 8811 7200
8624 8483 8368 7071
8044 7449 8816 7930
7983 7565 8996 7889
8118 8228 7794 7604
8007 8364 8136 7485
7742 8467 7637 7757
7842 8332 7946 7623
7674 7311 9005 8042
8327 7978 8106 7627
8902 7939 8348 7155
8549 8676 7892 6678
7796 7408 9009 7880
8983 8216 8177 6789
8667 7909 8520 7388
8235 7534 8649 7964
8565 8546 8228 6993
8282 7939 8025 7775
8212 8690 7761 7319
7901 7401 9128 7733
8126 7585 9025 7743
7943 7456 8839 8004
8540 8027 8536 7463
8315 7559 8963 7527
8646 8343 8337 7065
8195 8195 7784 7646
7739 7157 8378 8316
7819 7132 8456 8323
8153 7880 8800 7617
8125 8514 7815 7374
8026 7648 9100 7625
7897 7193 8385 8248
7899 7437 8713 8036
8333 8676 7871 7206
7968 7553 8905 7919
8360 8074 8602 7524
8095 7413 8636 8159
7864 8325 7891 7642
8464 8385 8428 7208
8231 7905 8479 7828
8086 8420 7949 7574
7959 7356 8426 8225
8949 8239 8162 6877
7599 8217 8170 7808
8391 7700 8891 7440
8839 8327 8239 6786
8377 8476 8181 7291
8708 8062 8468 7345
8727 7986 8414 7442
8209 7655 9001 7632
8488 8041 8587 7268
8364 7736 8842 7740
8207 7581 9015 7537
7893 7514 8057 8229
7887 7216 8787 8089
8054 8149 7705 7850
8203 7627 8754 7932
8202 7708 8946 7714
8067 7900 8033 7914
7959 7534 9048 7745
8247 7758 8060 7909
8956 8136 8235 6874
8295 7672 8883 7563
8452 8734 7765 7091
7886 7459 8930 7902
7966 7695 8286 8207
8323 8121 8222 7626
8005 7744 8447 8004
8245 7875 7925 7934
8858 8271 8332 7014
8602 8256 8256 7330
8110 7420 8323 8181
8601 8516 7834 7057
8529 8689 8076 6907
7907 7968 8277 7845
8830 8295 8147 6994
8402 7651 8794 7425
8079 7159 8337 8168
8141 8569 8038 7364
8395 8544 7698 7305
7886 7349 8717 8098
7928 8649 7724 7519
8454 8407 8157 7250
8222 8291 8203 7592
9011 7966 8242 7072
7872 7739 8500 8006
8022 8382 7740 7732
7964 7483 9111 7752
8586 7960 8568 7401
7923 7285 8443 8174
8450 8639 7980 7136
8685 7944 8558 7315
8418 8732 8017 7197
8732 8470 8106 6846
7978 8596 7432 7659
7969 7948 8221 8002
8801 8298 8386 6841
8721 8302 8326 7027
8543 8570 7835 6892
8050 7418 9093 7677
8062 8342 7795 7730
8319 8301 8589 7338
8516 7796 8633 7501
7921 7319 8415 8235
8248 7924 8169 7816
8184 7635 8642 7925
7965 8513 8074 7605
8366 8791 7881 7169
8339 8142 8551 7398
8659 7990 8525 7306
7976 7107 8485 8256
8947 8016 8117 7129
7823 7186 8467 8257
8413 8072 8532 7449
8055 8601 7712 7431
8954 8009 8245 7118
8251 7481 8599 7928
8258 7703 8476 8030
7792 7938 8251 7957
8473 7826 8647 7644
8382 8058 8490 7453
7703 7367 8657 8169
8483 7769 8654 7501
8148 8375 8056 7517
8599 8024 8570 7252
8407 7686 8240 7819
8023 7626 8954 7791
8134 7839 8682 7695
7916 7360 8876 7963
7693 7798 8261 8141
7949 8101 8229 7762
8347 7779 8806 7847
8053 7494 9055 7714
8429 8683 7879 7050
7860 7365 9037 7840
8822 8045 8416 7192
8290 7515 8922 7649
8617 8243 8374 7088
8675 8220 8380 7267
7767 7946 8216 8022
8426 7136 8173 7651
8705 8125 8455 7295
8591 8287 8268 7226
8027 7144 8372 8243
8276 8386 8423 7418
7866 7567 8651 8081
8082 7751 8928 7677
8179 8262 7611 7617
8274 8523 8193 7276
8737 8177 8369 7150
8343 8107 8559 7264
7877 8359 7642 7892
8649 8515 8163 6913
7954 7783 8511 7879
8672 8282 8292 7179
7957 7319 8742 8062
8309 7904 8668 7857
8076 8082 8343 7639
8555 8573 7811 6938
8012 7433 8628 8172
8436 8390 8428 7222
8381 8575 7850 7293
8270 7614 8893 7505
7698 7377 8880 7989
8894 8185 8182 6938
8110 8403 7728 7595
8760 8396 8333 6859
8026 8532 7604 7663
8051 7464 9107 7621
8028 8591 7616 7542
8427 8486 8105 7155
7843 7749 8345 8047
8047 8244 7755 7794
8268 7857 8687 7610
7910 7635 8478 8058
8618 8059 8559 7434
8147 7468 8880 7850
8712 8441 8285 6905
8220 8333 7979 7557
8216 8158 8034 7748
7985 8291 7884 7705
8580 8397 8457 7132
8158 7550 9038 7796
8345 8483 8032 7248
7645 7190 8439 8268
8159 8168 8402 7597
8763 8276 8346 7079
7982 7545 9061 7639
7866 7596 8972 7906
8315 7787 8686 7666
7992 7204 8419 8190
7998 7149 8442 8257
8520 8425 8305 7202
7695 7320 8638 8192
7940 7725 8875 7857
7701 7349 8422 8246
7773 7296 8498 8218
8043 7264 8436 8186
8559 8250 8337 7280
7963 7733 8139 8047
8654 8347 8426 6978
8456 8480 7790 7148
8044 7560 8967 7860
8000 8551 7586 7668
8241 7564 8758 7898
7900 7981 8138 7811
8554 7659 8180 7600
8522 8297 8494 7366
7990 7618 8927 7837
8574 8279 8394 7140
8651 8280 8329 7192
7961 7484 8692 8064
8554 8130 8437 7326
8537 8256 8398 7167
8335 8287 8294 7428
8734 8431 8274 6790
8481 8274 8401 7490
8379 7805 8781 7657
7951 8625 7646 7369
7916 7403 8612 8205
8588 8183 8406 7189
8297 8180 7880 7703
7983 8097 7717 8028
7989 8345 7746 7624
7975 8110 7867 7853
7909 7308 8797 8087
8055 7790 8369 7935
8343 8447 8212 7343
8083 8465 7962 7620
8515 7782 8737 7345
8268 8089 7969 7662
7974 8369 7751 7815
7890 7548 8781 7983
8068 7243 8326 8242
8925 8287 8274 6919
7875 8546 7620 7640
7821 8506 7607 7785
8393 8129 7824 7652
8611 8525 8196 6957
8176 7658 8949 7719
8040 7590 9065 7546
8720 7955 8537 7316
7927 7545 8853 7955
8643 8417 8196 6908
7661 8195 8089 7757
8337 8003 8557 7593
8214 7409 8617 8027
7945 8504 7753 7650
8199 8033 8111 7791
8090 8321 8116 7544
8274 8030 8043 7653
8146 8457 8037 7545
7873 7416 8938 7898
8295 8658 7819 7252
7873 8153 7822 8010
8295 8301 7907 7379
8425 8282 8457 7379
8722 8037 8381 7201
8100 7804 8316 7971
7870 8098 8156 7957
8272 7581 8924 7598
8669 8290 8169 7124
8087 7589 8828 7924
